x	y	z	Cristae formation
183.039773122643	289.659001437601	35.0807824929564	1
132	221	20	1
142	221	20	2
123	222	20	1
132	222	20	2
142	222	20	1
138	223	20	1
148	223	20	1
115	224	20	2
133	224	20	1
144	224	20	1
156	224	20	1
172	224	20	2
175	224	20	3
153	225	20	2
157	225	20	1
176	225	20	1
115	226	20	1
158	226	20	1
155	227	20	1
160	227	20	1
178	227	20	1
189	227	20	1
119	228	20	1
130	228	20	1
132	228	20	1
157	228	20	2
112	229	20	1
160	229	20	1
129	230	20	1
173	230	20	2
190	230	20	1
204	230	20	2
121	231	20	1
132	231	20	1
149	231	20	1
160	231	20	1
161	231	20	2
177	231	20	1
146	232	20	3
197	232	20	2
130	233	20	1
136	233	20	2
143	233	20	1
147	233	20	1
152	233	20	1
169	233	20	1
170	233	20	1
214	233	20	1
114	234	20	2
132	234	20	1
135	234	20	1
138	234	20	2
204	234	20	1
126	235	20	2
135	235	20	1
136	235	20	1
137	235	20	1
143	235	20	2
145	235	20	1
158	235	20	2
206	235	20	1
218	235	20	1
220	235	20	1
222	235	20	1
139	236	20	1
159	236	20	2
133	237	20	2
135	237	20	4
137	237	20	1
140	237	20	1
148	237	20	1
154	237	20	1
168	237	20	2
169	237	20	1
202	237	20	1
204	237	20	1
220	237	20	1
232	237	20	1
127	238	20	2
143	238	20	3
213	238	20	2
128	239	20	2
139	239	20	2
141	239	20	1
142	239	20	1
165	239	20	3
183	239	20	2
230	239	20	1
118	240	20	2
131	240	20	1
132	240	20	1
147	240	20	1
152	240	20	1
231	240	20	1
239	240	20	1
108	241	20	1
122	241	20	1
126	241	20	2
127	241	20	2
129	241	20	3
138	241	20	1
141	241	20	3
145	241	20	1
146	241	20	2
237	241	20	2
120	242	20	1
121	242	20	1
128	242	20	2
132	242	20	1
137	242	20	1
150	242	20	1
183	242	20	2
130	243	20	1
181	243	20	2
123	244	20	2
126	244	20	1
134	244	20	1
154	244	20	1
207	244	20	1
213	244	20	1
214	244	20	3
220	244	20	1
242	244	20	1
108	245	20	1
111	245	20	1
121	245	20	1
160	245	20	2
169	245	20	1
176	245	20	1
183	245	20	2
241	245	20	1
117	246	20	2
126	246	20	1
130	246	20	1
149	246	20	1
159	246	20	2
177	246	20	1
221	246	20	1
237	246	20	1
240	246	20	3
252	246	20	1
102	247	20	2
133	247	20	1
139	247	20	1
140	247	20	2
235	247	20	1
248	247	20	2
114	248	20	2
141	248	20	2
158	248	20	2
166	248	20	3
190	248	20	1
222	248	20	1
138	249	20	1
145	249	20	1
151	249	20	2
169	249	20	1
194	249	20	1
218	249	20	2
101	250	20	1
131	250	20	2
227	250	20	1
207	251	20	1
220	251	20	1
223	251	20	1
118	252	20	1
161	252	20	4
173	252	20	1
207	252	20	3
226	252	20	4
120	253	20	1
122	253	20	1
140	253	20	1
154	253	20	2
161	253	20	2
175	253	20	1
194	253	20	1
222	253	20	2
111	254	20	1
124	254	20	1
127	254	20	1
154	254	20	1
161	254	20	1
180	254	20	3
226	254	20	1
228	254	20	1
243	254	20	1
244	254	20	1
248	254	20	1
121	255	20	1
149	255	20	2
197	255	20	1
207	255	20	2
246	255	20	1
251	255	20	1
110	256	20	2
128	256	20	1
131	256	20	2
145	256	20	1
158	256	20	1
161	256	20	1
172	256	20	2
204	256	20	1
205	256	20	2
227	256	20	1
234	256	20	1
262	256	20	1
134	257	20	2
146	257	20	2
159	257	20	1
162	257	20	1
164	257	20	1
170	257	20	1
171	257	20	1
177	257	20	1
198	257	20	1
229	257	20	1
230	257	20	2
232	257	20	1
258	257	20	2
265	257	20	1
162	258	20	1
172	258	20	3
198	258	20	1
215	258	20	1
220	258	20	1
232	258	20	1
233	258	20	1
107	259	20	2
144	259	20	1
167	259	20	2
232	259	20	2
265	259	20	1
108	260	20	1
134	260	20	2
142	260	20	1
157	260	20	2
158	260	20	2
184	260	20	1
200	260	20	1
102	261	20	1
112	261	20	2
130	261	20	1
140	261	20	2
226	261	20	2
228	261	20	1
231	261	20	1
124	262	20	1
156	262	20	2
170	262	20	1
225	262	20	1
254	262	20	1
166	263	20	1
191	263	20	1
210	263	20	2
229	263	20	3
246	263	20	1
265	263	20	1
126	264	20	1
146	264	20	2
160	264	20	1
220	264	20	1
249	264	20	1
250	264	20	4
124	265	20	3
134	265	20	1
137	265	20	1
166	265	20	1
190	265	20	1
232	265	20	2
117	266	20	1
118	266	20	1
120	266	20	1
136	266	20	1
158	266	20	1
172	266	20	1
179	266	20	1
211	266	20	1
225	266	20	1
118	267	20	2
132	267	20	1
168	267	20	2
239	267	20	1
262	267	20	1
113	268	20	1
141	268	20	1
146	268	20	1
151	268	20	1
154	268	20	1
167	268	20	1
212	268	20	3
213	268	20	1
216	268	20	1
255	268	20	2
107	269	20	2
112	269	20	1
130	269	20	1
147	269	20	1
151	269	20	2
155	269	20	1
173	269	20	1
184	269	20	1
212	269	20	1
257	269	20	2
113	270	20	1
117	270	20	1
118	270	20	1
125	270	20	1
147	270	20	1
155	270	20	1
156	270	20	1
166	270	20	1
177	270	20	1
227	270	20	2
118	271	20	2
152	271	20	1
159	271	20	1
163	271	20	1
167	271	20	1
173	271	20	1
201	271	20	1
222	271	20	1
225	271	20	1
266	271	20	1
268	271	20	1
116	272	20	3
119	272	20	3
121	272	20	1
154	272	20	1
158	272	20	1
162	272	20	1
166	272	20	1
168	272	20	1
170	272	20	1
174	272	20	1
175	272	20	2
225	272	20	1
226	272	20	1
264	272	20	1
101	273	20	1
117	273	20	2
119	273	20	1
152	273	20	1
167	273	20	1
178	273	20	1
201	273	20	1
206	273	20	1
211	273	20	4
217	273	20	1
220	273	20	1
223	273	20	1
159	274	20	1
167	274	20	1
169	274	20	2
226	274	20	1
227	274	20	1
229	274	20	1
131	275	20	1
134	275	20	3
147	275	20	1
154	275	20	1
169	275	20	1
172	275	20	2
176	275	20	2
200	275	20	1
204	275	20	1
205	275	20	4
221	275	20	2
226	275	20	1
236	275	20	1
268	275	20	1
110	276	20	3
130	276	20	1
137	276	20	1
155	276	20	2
158	276	20	1
180	276	20	1
182	276	20	1
221	276	20	2
246	276	20	1
258	276	20	1
111	277	20	1
130	277	20	1
177	277	20	1
220	277	20	1
227	277	20	2
249	277	20	1
260	277	20	1
129	278	20	1
137	278	20	2
164	278	20	1
168	278	20	3
183	278	20	1
208	278	20	1
256	278	20	1
270	278	20	2
163	279	20	1
171	279	20	1
178	279	20	2
204	279	20	1
225	279	20	1
228	279	20	2
232	279	20	1
109	280	20	2
133	280	20	1
162	280	20	1
163	280	20	2
166	280	20	1
172	280	20	1
173	280	20	1
174	280	20	1
193	280	20	3
197	280	20	2
199	280	20	1
134	281	20	1
142	281	20	2
168	281	20	1
172	281	20	1
218	281	20	1
222	281	20	1
226	281	20	1
261	281	20	2
149	282	20	2
158	282	20	1
172	282	20	1
203	282	20	1
269	282	20	2
165	283	20	1
170	283	20	1
171	283	20	1
176	283	20	2
179	283	20	1
189	283	20	1
203	283	20	1
266	283	20	2
186	284	20	1
213	284	20	2
223	284	20	1
228	284	20	1
267	284	20	1
109	285	20	2
119	285	20	1
141	285	20	1
145	285	20	1
157	285	20	1
208	285	20	1
230	285	20	2
272	285	20	2
101	286	20	1
129	286	20	1
151	286	20	2
164	286	20	1
218	286	20	1
225	286	20	1
271	286	20	1
112	287	20	1
124	287	20	1
198	287	20	1
224	287	20	1
226	287	20	1
261	287	20	2
269	287	20	2
121	288	20	1
126	288	20	1
196	288	20	1
215	288	20	1
224	288	20	1
238	288	20	1
125	289	20	4
143	289	20	1
147	289	20	1
149	289	20	2
164	289	20	2
201	289	20	1
217	289	20	1
224	289	20	1
252	289	20	2
271	289	20	1
189	290	20	1
195	290	20	3
214	290	20	2
224	290	20	1
250	290	20	2
271	290	20	1
106	291	20	3
149	291	20	2
163	291	20	1
192	291	20	1
262	291	20	1
129	292	20	2
131	292	20	1
157	292	20	1
173	292	20	4
189	292	20	1
195	292	20	1
199	292	20	3
205	292	20	1
207	292	20	1
217	292	20	3
244	292	20	1
268	292	20	1
117	293	20	1
134	293	20	1
148	293	20	1
161	293	20	1
222	293	20	1
225	293	20	3
261	293	20	3
136	294	20	1
141	294	20	2
161	294	20	2
177	294	20	1
180	294	20	1
199	294	20	2
214	294	20	1
220	294	20	1
222	294	20	1
269	294	20	1
116	295	20	1
151	295	20	2
173	295	20	1
196	295	20	1
218	295	20	2
220	295	20	1
266	295	20	1
271	295	20	1
116	296	20	3
120	296	20	2
131	296	20	1
136	296	20	1
145	296	20	1
162	296	20	1
170	296	20	2
180	296	20	1
194	296	20	1
196	296	20	1
212	296	20	1
217	296	20	1
228	296	20	1
133	297	20	1
137	297	20	2
161	297	20	1
172	297	20	3
238	297	20	1
256	297	20	2
257	297	20	1
110	298	20	1
147	298	20	1
189	298	20	2
203	298	20	1
237	298	20	1
269	298	20	1
161	299	20	1
179	299	20	2
207	299	20	1
219	299	20	1
139	300	20	1
174	300	20	1
232	300	20	1
266	300	20	2
114	301	20	1
118	301	20	1
161	301	20	2
186	301	20	1
250	301	20	2
268	301	20	2
134	302	20	1
206	302	20	1
257	302	20	1
264	302	20	2
101	303	20	1
127	303	20	2
156	303	20	1
187	303	20	1
222	303	20	1
96	304	20	1
149	304	20	1
158	304	20	1
166	304	20	1
185	304	20	1
203	304	20	1
210	304	20	1
234	304	20	1
236	304	20	1
237	304	20	2
238	304	20	1
239	304	20	1
124	305	20	1
130	305	20	1
177	305	20	1
236	305	20	1
249	305	20	1
258	305	20	1
127	306	20	1
136	306	20	1
146	306	20	1
200	306	20	1
209	306	20	2
236	306	20	1
241	306	20	1
246	306	20	1
259	306	20	2
100	307	20	2
118	307	20	1
182	307	20	1
211	307	20	2
229	307	20	1
241	307	20	1
103	308	20	1
171	308	20	1
186	308	20	1
197	308	20	2
201	308	20	2
227	308	20	2
229	308	20	1
232	308	20	1
235	308	20	2
249	308	20	1
260	308	20	1
175	309	20	1
201	309	20	3
202	309	20	1
205	309	20	1
224	309	20	2
238	309	20	1
239	309	20	1
242	309	20	2
262	309	20	1
267	309	20	1
268	309	20	1
118	310	20	1
121	310	20	3
185	310	20	1
241	310	20	1
245	310	20	1
263	310	20	1
107	311	20	1
143	311	20	1
201	311	20	1
210	311	20	2
230	311	20	2
238	311	20	1
246	311	20	1
93	312	20	1
148	312	20	2
168	312	20	1
173	312	20	3
202	312	20	1
247	312	20	1
258	312	20	1
260	312	20	1
107	313	20	3
115	313	20	1
164	313	20	1
181	313	20	1
182	313	20	1
197	313	20	1
201	313	20	1
212	313	20	1
217	313	20	3
227	313	20	1
229	313	20	2
241	313	20	2
250	313	20	2
262	313	20	1
100	314	20	3
152	314	20	2
180	314	20	3
210	314	20	2
237	314	20	2
110	315	20	1
133	315	20	1
148	315	20	1
156	315	20	2
159	315	20	1
169	315	20	1
215	315	20	1
243	315	20	3
250	315	20	2
256	315	20	2
259	315	20	1
98	316	20	2
126	316	20	1
131	316	20	5
177	316	20	1
178	316	20	1
179	316	20	1
182	316	20	1
198	316	20	1
202	316	20	1
204	316	20	1
228	316	20	1
234	316	20	1
235	316	20	1
257	316	20	2
110	317	20	1
115	317	20	2
163	317	20	3
177	317	20	1
202	317	20	1
212	317	20	2
251	317	20	1
98	318	20	1
113	318	20	1
117	318	20	1
121	318	20	2
187	318	20	1
198	318	20	1
237	318	20	2
247	318	20	2
256	318	20	1
257	318	20	2
263	318	20	2
171	319	20	1
218	319	20	1
120	320	20	1
182	320	20	1
187	320	20	1
195	320	20	1
200	320	20	3
204	320	20	3
241	320	20	2
244	320	20	1
250	320	20	2
112	321	20	1
140	321	20	1
195	321	20	1
210	321	20	2
237	321	20	3
254	321	20	1
97	322	20	1
157	322	20	1
178	322	20	2
180	322	20	3
183	322	20	1
185	322	20	1
187	322	20	1
190	322	20	1
198	322	20	2
200	322	20	2
226	322	20	1
257	322	20	2
258	322	20	1
99	323	20	2
106	323	20	1
111	323	20	1
153	323	20	1
164	323	20	2
177	323	20	1
178	323	20	1
193	323	20	2
233	323	20	1
237	323	20	1
135	324	20	1
173	324	20	2
188	324	20	1
193	324	20	1
194	324	20	1
196	324	20	1
198	324	20	1
200	324	20	1
203	324	20	2
224	324	20	2
101	325	20	1
139	325	20	1
181	325	20	2
185	325	20	1
187	325	20	1
190	325	20	2
196	325	20	1
216	325	20	1
228	325	20	2
259	325	20	1
177	326	20	1
188	326	20	1
191	326	20	1
201	326	20	1
219	326	20	1
261	326	20	1
102	327	20	1
106	327	20	1
153	327	20	1
179	327	20	1
188	327	20	1
189	327	20	1
190	327	20	1
228	327	20	3
233	327	20	1
256	327	20	1
261	327	20	1
135	328	20	2
167	328	20	1
181	328	20	2
183	328	20	1
198	328	20	1
212	328	20	1
260	328	20	2
98	329	20	1
106	329	20	1
120	329	20	2
147	329	20	2
180	329	20	3
187	329	20	1
199	329	20	1
210	329	20	1
97	330	20	1
129	330	20	1
150	330	20	2
157	330	20	2
179	330	20	2
195	330	20	1
259	330	20	1
260	330	20	1
100	331	20	1
145	331	20	1
200	331	20	1
201	331	20	1
205	331	20	1
240	331	20	1
249	331	20	1
255	331	20	1
106	332	20	2
114	332	20	1
140	332	20	1
172	332	20	2
179	332	20	1
180	332	20	1
191	332	20	2
198	332	20	1
199	332	20	1
209	332	20	1
218	332	20	3
232	332	20	1
260	332	20	1
117	333	20	2
161	333	20	1
174	333	20	1
179	333	20	1
204	333	20	4
210	333	20	1
235	333	20	2
244	333	20	1
131	334	20	3
151	334	20	2
160	334	20	1
186	334	20	1
207	334	20	1
210	334	20	3
224	334	20	1
256	334	20	1
179	335	20	2
182	335	20	2
239	335	20	1
246	335	20	3
137	336	20	2
144	336	20	2
188	336	20	1
199	336	20	1
200	336	20	1
224	336	20	1
230	336	20	3
144	337	20	2
173	337	20	1
194	337	20	1
205	337	20	1
217	337	20	4
233	337	20	1
169	338	20	1
173	338	20	1
190	338	20	1
198	338	20	1
246	339	20	2
201	340	20	1
225	340	20	2
233	340	20	2
248	340	20	1
157	341	20	2
167	341	20	1
173	341	20	2
214	341	20	1
230	341	20	2
242	341	20	2
246	341	20	2
185	342	20	1
217	342	20	1
210	343	20	2
161	344	20	1
178	344	20	1
181	344	20	1
216	344	20	1
183	345	20	2
209	345	20	3
240	345	20	1
241	345	20	1
243	345	20	1
190	347	20	3
198	347	20	1
201	347	20	1
202	347	20	1
161	348	20	1
173	348	20	3
192	348	20	1
232	348	20	1
179	349	20	1
186	349	20	1
190	349	20	2
192	349	20	1
195	349	20	2
212	349	20	1
229	349	20	1
221	350	20	1
237	350	20	2
178	352	20	1
183	352	20	1
186	352	20	1
231	352	20	2
173	353	20	1
178	353	20	2
184	353	20	1
212	353	20	1
224	353	20	1
231	353	20	1
208	354	20	1
218	355	20	1
198	357	20	1
207	357	20	1
215	357	20	1
220	357	20	3
169	358	20	1
178	358	20	1
171	359	20	2
173	359	20	2
175	359	20	1
176	359	20	1
218	359	20	1
180	360	20	1
186	360	20	2
206	360	20	1
185	361	20	2
199	361	20	2
205	361	20	2
193	364	20	2
197	365	20	1
142	224	21	4
159	225	21	2
175	225	21	2
180	225	21	1
183	226	21	2
139	228	21	2
146	228	21	2
154	229	21	1
156	229	21	1
154	230	21	1
188	230	21	1
140	235	21	1
141	235	21	1
215	235	21	2
132	236	21	1
140	236	21	1
141	236	21	1
146	236	21	1
147	236	21	1
131	237	21	2
138	237	21	1
154	237	21	1
172	237	21	1
178	237	21	1
128	238	21	1
131	238	21	1
137	238	21	1
151	238	21	1
135	239	21	2
128	240	21	2
130	240	21	2
137	240	21	1
138	240	21	1
146	240	21	1
150	240	21	1
151	240	21	1
171	240	21	1
190	240	21	1
212	240	21	1
214	240	21	1
126	241	21	1
132	241	21	1
133	241	21	2
137	241	21	1
147	241	21	1
214	241	21	1
215	241	21	1
126	242	21	1
140	242	21	1
215	242	21	1
116	243	21	1
129	243	21	1
136	243	21	1
141	243	21	1
142	243	21	1
143	243	21	4
146	243	21	2
152	243	21	1
213	243	21	3
135	244	21	3
141	244	21	1
139	245	21	1
215	245	21	1
245	245	21	1
135	246	21	1
137	246	21	2
132	247	21	1
201	247	21	1
173	248	21	2
216	249	21	1
218	249	21	1
217	251	21	3
232	251	21	2
148	252	21	2
201	252	21	2
225	253	21	1
228	253	21	1
223	254	21	2
228	254	21	1
169	255	21	1
223	255	21	1
225	255	21	2
227	256	21	2
231	256	21	1
107	257	21	3
200	257	21	2
232	257	21	2
124	258	21	3
252	258	21	2
231	260	21	1
130	261	21	2
137	262	21	1
189	262	21	1
219	263	21	1
135	265	21	1
158	265	21	2
161	265	21	1
161	266	21	1
221	266	21	1
183	268	21	1
114	269	21	2
124	269	21	1
177	269	21	3
178	269	21	1
120	270	21	1
164	270	21	1
235	270	21	1
115	271	21	1
119	271	21	1
174	271	21	1
176	271	21	1
117	272	21	1
124	272	21	1
129	272	21	1
159	272	21	2
163	272	21	3
164	272	21	2
165	272	21	2
173	272	21	1
120	273	21	1
133	273	21	1
164	273	21	1
177	273	21	2
224	273	21	1
134	274	21	1
167	274	21	1
176	274	21	1
224	274	21	1
227	274	21	1
165	275	21	2
175	275	21	1
176	275	21	1
179	275	21	1
219	275	21	1
116	276	21	1
117	276	21	1
136	276	21	2
173	276	21	2
221	276	21	1
223	276	21	1
267	276	21	2
119	277	21	1
172	277	21	1
174	277	21	2
124	278	21	1
157	278	21	2
169	279	21	1
170	279	21	1
177	279	21	1
178	279	21	1
186	279	21	1
216	279	21	2
225	279	21	2
168	280	21	1
172	280	21	1
174	280	21	1
204	280	21	1
169	281	21	1
175	281	21	2
219	281	21	1
226	281	21	1
170	282	21	1
224	282	21	1
271	282	21	1
173	283	21	2
216	283	21	2
217	283	21	1
206	284	21	1
215	284	21	2
224	284	21	1
230	284	21	2
125	285	21	1
180	285	21	2
223	285	21	4
101	286	21	2
152	287	21	1
134	288	21	1
205	288	21	1
220	288	21	1
224	288	21	1
225	289	21	1
220	290	21	4
222	290	21	1
218	291	21	1
244	292	21	1
268	292	21	4
196	293	21	3
216	293	21	2
194	294	21	2
218	294	21	3
269	294	21	1
218	295	21	1
245	295	21	1
271	295	21	1
150	297	21	1
214	297	21	2
262	297	21	2
177	298	21	1
230	298	21	1
214	300	21	1
267	300	21	1
230	301	21	1
264	302	21	1
146	303	21	1
186	303	21	1
211	303	21	2
239	303	21	2
240	303	21	2
187	304	21	1
190	304	21	1
240	304	21	2
266	304	21	2
96	305	21	1
241	305	21	1
208	306	21	1
209	306	21	1
231	306	21	2
258	306	21	1
203	307	21	1
207	307	21	1
236	307	21	1
238	307	21	1
243	307	21	1
180	308	21	1
205	308	21	1
231	308	21	1
232	308	21	1
240	308	21	1
259	308	21	1
264	308	21	1
129	309	21	2
209	309	21	2
264	309	21	1
265	309	21	2
112	310	21	1
114	310	21	2
162	310	21	1
176	310	21	1
230	310	21	1
231	310	21	2
252	310	21	1
257	310	21	2
204	311	21	1
212	311	21	1
260	311	21	1
179	312	21	1
203	312	21	1
256	312	21	2
257	312	21	2
258	312	21	1
116	313	21	2
200	313	21	1
241	313	21	2
258	313	21	2
260	313	21	1
261	313	21	2
262	313	21	1
203	314	21	1
204	314	21	1
230	314	21	1
115	315	21	1
163	315	21	2
256	315	21	2
257	315	21	1
258	315	21	1
256	316	21	1
166	317	21	1
200	317	21	1
232	317	21	1
170	318	21	1
177	318	21	1
240	318	21	1
264	318	21	2
266	318	21	1
152	319	21	1
184	319	21	2
247	319	21	1
261	319	21	2
257	320	21	1
258	320	21	2
183	321	21	1
258	321	21	1
260	321	21	1
182	322	21	2
258	322	21	2
98	323	21	1
126	323	21	1
181	323	21	1
192	323	21	1
201	323	21	2
227	323	21	1
261	323	21	1
141	324	21	2
162	324	21	2
178	324	21	2
180	324	21	1
186	324	21	2
187	324	21	1
196	324	21	1
177	325	21	1
181	325	21	1
186	325	21	2
187	325	21	3
190	325	21	1
195	325	21	1
202	325	21	1
96	326	21	3
181	326	21	1
189	326	21	2
94	327	21	1
173	328	21	1
202	328	21	1
98	330	21	1
105	331	21	1
141	331	21	1
153	331	21	1
230	331	21	2
260	331	21	1
261	332	21	2
220	333	21	1
259	333	21	1
255	334	21	2
259	334	21	2
237	335	21	2
259	335	21	2
142	336	21	1
173	336	21	1
177	336	21	1
183	336	21	1
260	336	21	2
175	337	21	1
177	337	21	1
145	338	21	3
189	339	21	1
242	339	21	1
237	340	21	1
244	341	21	1
231	342	21	2
241	344	21	3
241	345	21	3
180	346	21	6
236	348	21	1
173	349	21	1
190	351	21	1
221	354	21	1
175	356	21	1
179	360	21	1
195	361	21	1
126	226	22	2
154	228	22	1
134	234	22	1
139	234	22	1
140	234	22	3
143	235	22	1
139	236	22	4
140	236	22	1
130	237	22	2
143	237	22	1
129	238	22	1
134	238	22	3
141	239	22	1
149	239	22	2
213	239	22	2
129	240	22	3
154	240	22	1
216	240	22	1
132	241	22	1
136	241	22	1
139	241	22	1
140	241	22	1
150	241	22	1
153	241	22	1
215	241	22	1
117	242	22	2
129	242	22	2
131	242	22	1
132	242	22	2
144	242	22	1
215	242	22	1
139	243	22	1
152	243	22	1
133	245	22	1
136	245	22	1
216	249	22	1
217	250	22	2
216	251	22	1
219	251	22	1
223	252	22	1
221	254	22	1
227	254	22	1
229	255	22	2
150	256	22	1
163	256	22	4
196	256	22	1
228	256	22	1
163	257	22	2
160	258	22	1
163	258	22	1
197	258	22	2
162	260	22	3
197	260	22	3
163	261	22	1
161	263	22	1
121	267	22	2
122	267	22	1
122	268	22	1
158	268	22	1
162	268	22	1
165	268	22	3
121	270	22	2
122	270	22	1
125	270	22	1
127	270	22	2
155	270	22	2
179	270	22	1
119	271	22	1
165	271	22	3
116	272	22	1
168	272	22	2
165	273	22	4
174	273	22	1
177	273	22	1
226	273	22	2
154	274	22	1
156	274	22	1
165	274	22	1
164	275	22	1
177	275	22	1
178	275	22	1
227	275	22	3
177	276	22	1
176	277	22	1
190	278	22	2
169	279	22	2
230	279	22	1
167	280	22	1
168	280	22	1
174	280	22	1
224	280	22	3
227	280	22	1
172	281	22	1
170	282	22	2
175	282	22	2
226	282	22	1
224	285	22	1
226	285	22	2
224	288	22	1
198	290	22	1
217	290	22	1
219	292	22	1
222	292	22	1
218	293	22	3
266	294	22	1
269	296	22	1
220	297	22	3
268	297	22	1
216	299	22	1
189	301	22	1
210	301	22	1
212	303	22	3
266	303	22	2
185	304	22	1
186	304	22	1
210	304	22	2
263	304	22	2
236	305	22	1
258	305	22	2
232	306	22	1
238	306	22	3
182	307	22	1
205	307	22	1
234	307	22	1
238	307	22	1
262	307	22	1
203	308	22	1
207	308	22	1
238	308	22	2
260	308	22	3
208	309	22	1
231	311	22	2
258	312	22	2
233	313	22	1
261	313	22	1
200	314	22	2
236	314	22	2
179	315	22	1
226	315	22	1
257	315	22	1
261	315	22	1
176	318	22	1
258	318	22	1
260	318	22	1
180	319	22	2
182	321	22	1
191	321	22	1
257	321	22	2
258	322	22	1
259	322	22	2
185	323	22	1
187	323	22	1
194	323	22	1
197	323	22	1
258	323	22	1
261	323	22	2
180	324	22	1
181	324	22	1
182	324	22	1
184	324	22	2
196	324	22	2
182	325	22	1
215	325	22	1
259	326	22	1
260	326	22	4
98	328	22	1
184	328	22	1
199	328	22	2
99	329	22	1
181	331	22	2
100	332	22	2
178	334	22	1
180	334	22	1
259	334	22	1
179	339	22	1
235	340	22	2
242	343	22	1
243	343	22	1
156	225	23	1
180	225	23	1
158	226	23	1
155	228	23	1
157	228	23	1
157	229	23	2
152	231	23	1
134	234	23	1
140	234	23	1
145	235	23	1
146	235	23	1
148	235	23	1
133	236	23	1
146	236	23	1
150	236	23	1
214	237	23	2
133	238	23	1
138	238	23	2
145	238	23	1
217	238	23	3
148	239	23	2
142	240	23	6
138	241	23	2
132	242	23	3
138	242	23	3
149	242	23	1
213	242	23	2
215	242	23	1
130	243	23	1
140	243	23	1
134	244	23	1
139	244	23	1
142	244	23	2
145	244	23	2
134	246	23	1
215	246	23	1
227	249	23	1
192	253	23	4
223	253	23	1
163	256	23	1
198	256	23	1
193	257	23	1
228	257	23	1
178	258	23	2
197	259	23	1
119	263	23	1
124	266	23	1
119	267	23	1
121	267	23	3
127	268	23	1
120	270	23	1
183	270	23	2
168	271	23	1
167	272	23	1
177	272	23	2
164	273	23	1
166	273	23	2
179	274	23	1
167	275	23	1
173	275	23	2
224	275	23	1
140	276	23	1
179	276	23	1
166	277	23	1
176	277	23	2
168	278	23	1
178	278	23	1
170	279	23	1
169	281	23	1
174	281	23	1
173	282	23	1
172	284	23	1
202	285	23	2
271	285	23	2
271	286	23	1
220	291	23	1
222	291	23	2
269	291	23	1
268	292	23	1
271	293	23	2
269	294	23	1
215	296	23	1
218	296	23	1
266	298	23	1
268	298	23	1
190	299	23	3
264	299	23	1
235	301	23	1
268	301	23	1
236	302	23	1
266	302	23	1
212	304	23	2
208	305	23	1
264	305	23	1
265	305	23	1
206	306	23	2
239	306	23	3
181	307	23	1
185	307	23	1
205	307	23	2
207	307	23	1
235	307	23	1
240	307	23	1
241	307	23	1
259	307	23	3
262	307	23	1
261	308	23	3
262	308	23	1
179	309	23	2
181	309	23	1
182	309	23	1
203	309	23	1
176	310	23	3
257	310	23	2
234	311	23	2
257	311	23	2
173	312	23	1
176	312	23	1
203	312	23	1
260	312	23	2
261	312	23	1
263	312	23	1
258	313	23	1
176	314	23	2
204	314	23	1
203	315	23	2
245	315	23	1
257	315	23	3
260	315	23	1
265	315	23	1
172	316	23	1
261	316	23	2
264	316	23	3
179	317	23	1
182	318	23	1
258	318	23	2
259	318	23	1
262	318	23	1
166	319	23	1
182	319	23	2
241	319	23	2
261	319	23	1
183	321	23	1
256	321	23	3
260	321	23	1
236	322	23	1
256	322	23	1
259	322	23	2
182	323	23	1
185	323	23	1
182	325	23	2
186	325	23	1
183	326	23	1
259	326	23	1
99	327	23	1
259	327	23	1
203	328	23	4
96	329	23	1
183	329	23	2
180	330	23	1
257	330	23	1
259	330	23	1
102	331	23	2
180	332	23	1
259	333	23	1
146	335	23	1
240	342	23	1
243	343	23	1
244	344	23	1
240	345	23	1
242	345	23	3
176	358	23	1
179	222	24	1
178	223	24	3
180	223	24	1
182	223	24	1
178	224	24	1
160	225	24	1
176	225	24	2
156	226	24	2
174	226	24	2
178	226	24	1
157	227	24	1
157	228	24	1
154	229	24	1
156	229	24	1
158	229	24	1
151	231	24	1
162	231	24	1
135	234	24	2
138	234	24	1
136	235	24	2
137	236	24	1
146	236	24	1
145	237	24	1
132	238	24	1
148	238	24	1
149	238	24	1
133	239	24	1
145	239	24	2
148	239	24	1
108	240	24	2
142	240	24	2
145	240	24	2
146	240	24	1
142	241	24	3
144	241	24	2
140	242	24	1
226	242	24	2
132	243	24	2
141	243	24	1
139	244	24	1
141	244	24	1
147	244	24	2
137	245	24	1
139	247	24	1
140	247	24	1
138	249	24	1
139	249	24	1
140	249	24	1
216	249	24	1
230	249	24	1
222	251	24	1
131	252	24	1
134	252	24	1
225	252	24	1
141	253	24	2
220	253	24	2
222	253	24	2
140	255	24	2
143	255	24	1
194	257	24	1
197	257	24	2
118	260	24	1
225	260	24	2
196	261	24	2
198	261	24	1
117	262	24	1
118	262	24	1
124	262	24	2
222	262	24	2
117	263	24	1
120	263	24	2
121	263	24	3
118	264	24	2
117	265	24	2
124	265	24	1
216	265	24	1
119	266	24	1
123	267	24	1
165	267	24	1
127	268	24	1
162	269	24	1
165	269	24	2
163	270	24	2
184	270	24	1
166	272	24	1
182	273	24	1
179	274	24	1
167	275	24	1
171	276	24	1
181	276	24	1
169	277	24	1
170	277	24	1
168	278	24	2
171	278	24	1
175	278	24	1
179	278	24	3
168	279	24	2
173	279	24	1
179	279	24	2
180	279	24	1
168	280	24	1
169	280	24	2
170	280	24	1
174	280	24	1
168	281	24	2
174	281	24	2
173	283	24	1
276	286	24	1
201	289	24	1
276	289	24	1
270	290	24	2
274	290	24	1
197	291	24	1
222	291	24	1
275	291	24	1
197	293	24	1
271	293	24	2
266	295	24	1
271	295	24	2
219	296	24	1
266	298	24	1
268	298	24	1
213	299	24	2
236	299	24	1
265	299	24	1
235	300	24	1
238	300	24	1
263	300	24	1
235	301	24	1
238	301	24	1
265	301	24	1
267	301	24	1
240	302	24	1
242	302	24	4
263	302	24	1
266	302	24	1
186	304	24	1
188	304	24	2
237	304	24	1
241	304	24	2
263	304	24	1
263	305	24	2
239	306	24	1
242	306	24	1
262	306	24	1
263	306	24	1
259	307	24	1
260	307	24	1
265	307	24	1
202	308	24	1
206	308	24	1
260	308	24	1
263	308	24	1
264	308	24	2
237	309	24	2
257	309	24	3
260	309	24	1
261	309	24	1
178	310	24	1
204	310	24	1
231	311	24	2
234	311	24	1
257	311	24	1
266	311	24	1
239	312	24	1
240	312	24	1
209	313	24	1
264	313	24	1
175	314	24	1
234	314	24	1
237	314	24	1
263	314	24	1
171	315	24	1
177	315	24	3
213	316	24	1
258	316	24	1
169	317	24	3
167	318	24	1
169	318	24	1
179	318	24	1
258	318	24	1
259	318	24	1
260	318	24	1
253	319	24	1
257	319	24	1
258	319	24	1
261	319	24	1
263	319	24	1
166	320	24	1
185	320	24	1
181	321	24	1
186	321	24	2
238	321	24	2
259	321	24	1
260	321	24	2
187	323	24	2
259	324	24	1
185	325	24	1
188	325	24	3
185	326	24	1
258	326	24	1
261	326	24	1
157	327	24	1
184	327	24	2
99	329	24	2
154	329	24	1
183	329	24	1
97	330	24	2
101	330	24	1
105	330	24	2
132	330	24	2
153	331	24	1
261	331	24	1
260	332	24	1
258	333	24	2
257	334	24	1
259	334	24	1
146	335	24	1
259	336	24	2
179	222	25	1
181	223	25	1
157	226	25	2
155	228	25	1
161	228	25	1
155	229	25	1
152	230	25	3
159	230	25	1
155	231	25	1
158	231	25	1
150	233	25	1
163	233	25	1
135	235	25	1
136	235	25	1
140	235	25	2
143	235	25	1
135	236	25	1
133	237	25	1
139	237	25	1
141	237	25	2
247	237	25	3
249	237	25	2
140	238	25	1
133	239	25	1
135	239	25	1
136	239	25	1
138	239	25	2
228	240	25	1
134	241	25	1
136	241	25	1
226	241	25	1
237	241	25	1
134	242	25	1
227	243	25	1
133	244	25	2
133	246	25	1
140	247	25	1
229	249	25	1
138	250	25	2
229	250	25	1
136	251	25	1
230	251	25	2
140	253	25	1
121	258	25	1
121	259	25	1
122	261	25	1
199	261	25	1
121	262	25	2
120	264	25	1
215	264	25	1
123	266	25	2
128	266	25	4
261	266	25	1
178	276	25	2
165	277	25	1
164	278	25	2
165	278	25	1
170	278	25	3
173	278	25	1
176	278	25	1
165	279	25	1
177	279	25	1
273	279	25	1
274	280	25	1
276	280	25	1
169	281	25	1
176	281	25	2
165	282	25	2
172	282	25	2
275	285	25	2
277	287	25	1
277	288	25	2
271	290	25	1
277	290	25	1
271	291	25	1
270	293	25	1
266	295	25	1
266	296	25	1
269	296	25	1
266	297	25	1
268	297	25	2
268	298	25	2
268	299	25	1
237	300	25	1
266	300	25	1
240	301	25	1
264	301	25	1
265	301	25	1
237	302	25	3
238	302	25	1
236	305	25	1
236	307	25	2
264	307	25	1
258	309	25	1
262	309	25	1
208	310	25	1
260	310	25	1
206	311	25	1
230	311	25	2
258	311	25	1
262	311	25	1
208	312	25	1
259	312	25	2
260	312	25	1
262	314	25	1
176	315	25	1
210	316	25	1
256	316	25	1
262	316	25	2
257	317	25	2
259	318	25	1
256	319	25	1
258	319	25	1
240	320	25	1
241	320	25	2
238	321	25	1
241	321	25	4
258	321	25	1
260	322	25	1
237	324	25	1
258	325	25	1
183	329	25	1
259	331	25	1
144	337	25	1
180	221	26	2
183	222	26	1
180	223	26	3
181	223	26	1
178	225	26	1
157	229	26	1
160	230	26	3
157	231	26	1
142	233	26	1
142	234	26	2
144	234	26	1
152	234	26	1
136	235	26	2
139	235	26	1
145	235	26	1
246	235	26	1
145	236	26	1
248	236	26	1
135	237	26	3
140	237	26	1
142	237	26	2
249	237	26	2
144	238	26	3
246	238	26	1
248	238	26	1
240	239	26	1
242	239	26	3
134	240	26	2
135	240	26	1
110	241	26	1
226	241	26	1
101	242	26	1
132	242	26	1
132	243	26	1
136	243	26	2
235	243	26	1
134	245	26	3
137	245	26	1
226	246	26	1
228	247	26	2
230	248	26	1
229	251	26	1
121	257	26	1
121	258	26	1
120	259	26	1
123	259	26	1
123	267	26	1
127	268	26	1
211	268	26	1
119	269	26	1
122	269	26	1
123	269	26	1
171	276	26	2
172	276	26	1
169	278	26	2
177	278	26	2
172	279	26	2
176	279	26	2
165	280	26	1
173	280	26	2
174	280	26	1
169	281	26	1
172	281	26	1
177	282	26	1
176	283	26	1
181	287	26	1
272	293	26	1
235	298	26	2
267	298	26	1
237	306	26	1
235	308	26	2
231	309	26	2
230	310	26	1
260	311	26	1
209	312	26	1
243	312	26	2
257	312	26	1
257	313	26	2
258	313	26	2
259	313	26	1
211	314	26	1
258	315	26	1
261	315	26	1
210	316	26	1
211	316	26	2
260	316	26	1
263	316	26	1
256	317	26	1
258	317	26	1
262	317	26	2
237	319	26	2
241	320	26	1
259	331	26	3
183	222	27	1
180	223	27	1
179	226	27	1
160	229	27	1
155	231	27	3
161	231	27	1
164	231	27	1
162	232	27	3
166	232	27	1
155	233	27	2
164	233	27	2
144	234	27	1
146	234	27	1
145	235	27	1
146	235	27	1
249	236	27	1
250	236	27	1
135	237	27	1
137	237	27	1
241	237	27	1
243	237	27	2
139	238	27	1
146	238	27	1
244	238	27	1
246	238	27	2
182	239	27	1
234	239	27	3
133	241	27	1
226	241	27	1
134	243	27	1
246	245	27	2
250	245	27	1
228	246	27	1
228	249	27	4
227	251	27	2
229	251	27	1
226	252	27	1
225	253	27	1
125	255	27	1
122	256	27	1
125	257	27	2
126	257	27	2
122	258	27	1
125	267	27	1
126	267	27	1
121	268	27	2
123	270	27	1
128	270	27	1
127	271	27	1
173	277	27	2
175	277	27	1
167	279	27	3
172	279	27	1
175	279	27	1
176	279	27	1
175	280	27	1
274	280	27	1
170	281	27	1
174	281	27	2
175	281	27	1
177	281	27	1
165	282	27	1
178	282	27	1
275	282	27	1
177	283	27	1
170	284	27	3
168	285	27	2
178	286	27	2
271	291	27	1
191	294	27	1
195	294	27	1
270	294	27	2
199	299	27	1
264	302	27	1
236	306	27	1
233	309	27	3
237	309	27	1
257	309	27	2
261	309	27	1
230	310	27	1
202	311	27	2
259	312	27	3
213	313	27	1
202	314	27	1
209	315	27	1
210	315	27	2
261	317	27	1
239	319	27	2
256	319	27	1
259	319	27	2
240	320	27	1
236	324	27	2
233	326	27	2
96	328	27	1
259	330	27	1
186	360	27	1
183	361	27	1
165	231	28	4
162	232	28	1
152	233	28	2
166	234	28	1
243	235	28	1
244	235	28	1
136	236	28	2
138	236	28	1
143	236	28	1
248	236	28	2
250	236	28	2
139	238	28	1
147	238	28	1
232	239	28	1
246	239	28	3
134	240	28	1
140	240	28	1
179	241	28	1
186	241	28	3
114	243	28	1
227	243	28	1
235	243	28	1
249	243	28	1
189	244	28	2
230	245	28	1
231	245	28	1
194	247	28	1
229	250	28	2
126	251	28	2
123	252	28	1
124	254	28	1
124	255	28	2
125	255	28	2
126	257	28	1
134	257	28	1
124	267	28	2
127	267	28	1
262	268	28	1
121	270	28	1
123	271	28	1
127	271	28	1
129	275	28	1
134	276	28	1
129	277	28	1
171	277	28	1
175	277	28	1
128	278	28	1
171	279	28	1
172	279	28	1
172	280	28	3
177	280	28	1
275	280	28	1
276	281	28	1
172	282	28	1
177	282	28	1
178	282	28	1
275	282	28	1
165	283	28	1
171	283	28	1
174	283	28	1
168	284	28	1
176	284	28	1
274	284	28	1
275	284	28	1
164	285	28	1
178	285	28	1
179	285	28	1
275	285	28	1
166	287	28	1
179	296	28	2
236	305	28	1
230	306	28	1
228	307	28	1
234	307	28	1
225	308	28	2
222	310	28	1
211	313	28	1
259	313	28	1
261	313	28	1
208	314	28	1
260	314	28	1
210	315	28	2
211	315	28	1
259	315	28	1
259	316	28	1
240	317	28	1
259	317	28	2
261	317	28	1
262	317	28	2
262	318	28	1
239	319	28	3
240	319	28	1
240	321	28	1
235	323	28	3
96	332	28	2
185	357	28	1
112	226	29	3
171	231	29	1
162	232	29	1
160	233	29	2
252	236	29	2
249	237	29	3
140	238	29	1
179	238	29	4
183	239	29	1
186	239	29	1
179	240	29	2
181	240	29	2
186	240	29	2
185	241	29	1
237	242	29	3
190	243	29	3
236	243	29	1
186	244	29	1
189	244	29	2
235	244	29	1
191	245	29	1
236	246	29	3
193	247	29	1
189	249	29	1
226	250	29	1
127	253	29	1
132	254	29	1
125	257	29	2
132	259	29	1
135	263	29	1
259	266	29	3
259	267	29	1
257	268	29	1
261	268	29	1
124	271	29	1
121	272	29	1
125	272	29	1
132	272	29	1
135	272	29	5
136	272	29	1
137	272	29	2
137	273	29	2
166	273	29	1
168	273	29	3
170	273	29	1
168	275	29	1
171	275	29	2
174	277	29	2
167	278	29	1
168	278	29	1
170	278	29	1
164	280	29	4
172	280	29	1
167	282	29	1
175	282	29	2
275	282	29	3
276	282	29	2
165	283	29	2
174	283	29	2
275	283	29	2
276	283	29	2
161	284	29	1
164	284	29	2
166	284	29	2
168	284	29	1
274	284	29	1
275	284	29	2
276	284	29	2
176	285	29	1
177	285	29	1
275	285	29	1
276	285	29	2
176	295	29	3
177	296	29	1
183	297	29	1
181	299	29	1
204	307	29	1
235	307	29	1
203	309	29	2
227	309	29	2
229	309	29	1
111	310	29	1
249	311	29	1
208	312	29	1
205	313	29	2
209	313	29	1
221	313	29	2
258	313	29	1
207	314	29	1
212	315	29	1
241	316	29	1
255	316	29	2
259	317	29	1
243	319	29	1
239	321	29	1
126	324	29	1
126	325	29	2
93	327	29	1
127	327	29	1
98	329	29	1
130	329	29	2
93	330	29	1
94	332	29	2
95	332	29	1
143	332	29	1
191	346	29	1
185	360	29	1
114	226	30	1
112	227	30	2
192	234	30	1
197	235	30	1
175	238	30	1
179	238	30	1
183	238	30	1
117	239	30	3
172	239	30	1
181	239	30	1
184	239	30	2
177	240	30	1
178	240	30	1
179	241	30	1
189	241	30	1
172	242	30	2
182	242	30	1
189	242	30	2
186	243	30	2
190	244	30	1
193	244	30	3
191	245	30	2
129	256	30	2
126	258	30	1
133	259	30	1
128	265	30	1
259	266	30	2
258	268	30	1
260	268	30	2
126	269	30	1
259	269	30	3
123	270	30	1
165	270	30	1
168	270	30	1
124	271	30	2
138	271	30	2
139	271	30	1
166	271	30	1
123	272	30	3
125	272	30	2
129	272	30	2
135	272	30	3
123	273	30	1
138	273	30	2
167	273	30	1
168	273	30	3
142	274	30	1
167	274	30	1
142	277	30	2
168	278	30	1
159	279	30	1
169	279	30	3
164	280	30	1
276	280	30	3
159	281	30	1
165	281	30	1
276	281	30	1
175	282	30	1
275	282	30	1
276	282	30	1
160	283	30	2
164	283	30	1
165	283	30	1
163	284	30	1
275	284	30	1
276	285	30	1
163	286	30	1
165	287	30	3
170	287	30	1
177	296	30	1
180	299	30	2
194	306	30	1
198	307	30	2
189	308	30	1
210	309	30	1
204	310	30	3
247	311	30	2
207	312	30	1
208	312	30	1
206	313	30	1
225	313	30	1
213	322	30	1
128	325	30	1
99	327	30	1
99	329	30	1
98	330	30	2
97	331	30	1
141	331	30	1
95	333	30	2
186	349	30	2
220	362	30	1
220	363	30	1
139	239	31	1
174	239	31	1
178	240	31	2
179	240	31	1
240	240	31	1
183	241	31	2
188	241	31	1
176	242	31	1
179	242	31	1
172	243	31	1
176	243	31	1
185	243	31	1
186	243	31	2
189	243	31	1
190	244	31	1
173	245	31	1
185	245	31	1
187	245	31	1
190	245	31	1
123	256	31	1
126	256	31	1
127	256	31	1
123	257	31	2
147	257	31	1
124	259	31	3
255	259	31	1
256	262	31	1
259	265	31	4
261	265	31	3
257	266	31	3
259	266	31	1
262	266	31	1
264	266	31	1
258	267	31	2
260	267	31	2
261	267	31	1
261	268	31	1
127	269	31	3
123	270	31	1
134	270	31	2
125	271	31	2
136	271	31	2
127	272	31	3
132	272	31	1
143	274	31	1
165	275	31	2
166	275	31	2
146	276	31	1
168	277	31	2
259	280	31	1
159	281	31	1
261	281	31	1
159	282	31	1
259	282	31	1
261	282	31	1
262	282	31	1
276	282	31	1
165	283	31	1
167	283	31	1
275	283	31	1
164	284	31	2
166	284	31	2
167	284	31	3
274	284	31	2
275	284	31	1
276	284	31	1
162	285	31	1
165	285	31	1
166	285	31	2
166	286	31	2
166	288	31	2
170	292	31	1
174	293	31	2
182	298	31	1
181	301	31	3
198	306	31	2
193	307	31	1
197	307	31	1
187	308	31	1
188	308	31	1
190	309	31	1
187	310	31	1
197	310	31	3
204	310	31	1
205	310	31	1
203	311	31	1
210	312	31	1
225	312	31	2
220	315	31	1
211	317	31	1
212	319	31	2
242	321	31	1
242	322	31	1
128	325	31	4
98	327	31	3
94	329	31	1
98	329	31	1
132	329	31	2
93	331	31	1
95	331	31	2
96	332	31	1
98	332	31	1
96	333	31	3
97	333	31	1
96	334	31	2
97	334	31	3
183	348	31	2
182	349	31	2
186	349	31	1
188	349	31	1
184	350	31	2
114	225	32	1
181	240	32	1
172	244	32	2
173	244	32	1
178	244	32	1
181	244	32	1
182	244	32	4
189	244	32	2
190	244	32	1
181	245	32	2
186	245	32	2
190	245	32	1
193	246	32	1
175	247	32	2
186	247	32	2
134	257	32	1
147	257	32	1
165	258	32	1
133	259	32	1
256	259	32	1
168	260	32	1
256	261	32	2
261	263	32	1
126	264	32	2
128	265	32	1
258	265	32	1
259	265	32	1
262	265	32	1
124	267	32	1
259	267	32	2
263	267	32	1
126	268	32	2
126	269	32	2
127	269	32	2
129	269	32	2
124	271	32	2
165	272	32	1
166	273	32	3
167	273	32	1
141	275	32	1
157	277	32	2
260	277	32	1
159	279	32	1
167	280	32	2
262	282	32	2
276	282	32	2
163	283	32	1
164	284	32	1
163	285	32	3
162	286	32	1
163	286	32	3
162	287	32	3
163	287	32	1
165	295	32	1
118	303	32	1
116	304	32	2
114	307	32	1
195	308	32	2
196	308	32	1
199	308	32	1
186	309	32	2
188	309	32	1
113	310	32	2
202	310	32	1
111	311	32	2
113	311	32	1
196	311	32	1
203	311	32	1
210	311	32	1
225	311	32	1
244	311	32	2
112	312	32	1
193	312	32	1
200	312	32	1
203	312	32	1
207	312	32	2
246	312	32	1
247	312	32	1
225	313	32	1
223	315	32	2
245	315	32	2
243	316	32	1
246	316	32	2
243	317	32	1
207	319	32	1
210	319	32	2
245	320	32	1
242	321	32	3
238	323	32	1
99	327	32	2
97	328	32	2
92	330	32	3
95	330	32	1
93	331	32	1
94	331	32	1
99	333	32	2
188	346	32	1
186	347	32	2
187	348	32	1
186	354	32	1
175	359	32	1
177	359	32	2
113	225	33	1
114	227	33	1
173	241	33	1
176	242	33	2
175	243	33	2
181	244	33	1
188	244	33	1
183	245	33	2
208	246	33	1
210	246	33	2
134	253	33	2
135	254	33	1
136	254	33	1
133	257	33	1
147	257	33	2
138	258	33	2
252	258	33	1
254	258	33	1
257	258	33	1
129	259	33	2
252	259	33	1
258	259	33	1
131	260	33	2
132	260	33	1
256	260	33	1
129	261	33	1
130	262	33	1
158	262	33	1
126	264	33	1
260	264	33	2
257	265	33	1
126	266	33	1
261	267	33	1
263	267	33	1
264	267	33	3
266	267	33	3
157	268	33	1
263	268	33	1
127	269	33	1
128	269	33	1
264	269	33	2
125	270	33	1
263	270	33	1
127	271	33	1
261	272	33	1
157	273	33	1
262	273	33	1
162	275	33	1
164	275	33	3
263	275	33	1
159	276	33	1
164	277	33	2
146	278	33	2
262	278	33	1
149	279	33	1
157	279	33	1
163	281	33	1
261	281	33	1
162	282	33	1
163	283	33	1
165	283	33	1
124	285	33	1
160	286	33	1
162	286	33	2
161	291	33	3
118	298	33	1
117	301	33	2
118	301	33	1
119	301	33	1
121	301	33	1
172	301	33	2
195	306	33	2
183	307	33	3
195	307	33	1
115	308	33	1
116	308	33	1
184	308	33	2
186	308	33	2
189	308	33	1
199	308	33	5
115	309	33	2
185	309	33	1
186	309	33	1
190	309	33	1
197	309	33	1
248	309	33	1
191	310	33	1
197	310	33	3
114	311	33	2
115	311	33	1
186	311	33	1
191	311	33	1
190	312	33	1
192	312	33	2
196	312	33	2
199	312	33	1
111	313	33	1
248	313	33	1
209	314	33	1
245	314	33	1
246	314	33	1
121	316	33	1
249	316	33	1
120	318	33	1
198	318	33	2
246	318	33	1
201	321	33	2
210	321	33	2
236	321	33	1
238	321	33	1
243	322	33	1
239	323	33	1
93	327	33	1
100	329	33	1
205	333	33	1
193	341	33	2
212	344	33	1
199	346	33	1
208	346	33	1
182	348	33	1
187	348	33	1
188	348	33	1
189	348	33	1
190	348	33	2
197	348	33	1
210	348	33	1
180	349	33	1
183	349	33	2
186	349	33	2
192	349	33	1
209	349	33	1
184	351	33	1
177	352	33	1
179	352	33	1
177	353	33	2
178	354	33	1
177	355	33	1
179	357	33	1
178	360	33	1
116	225	34	1
114	226	34	1
115	226	34	1
113	228	34	1
139	234	34	1
137	237	34	1
139	239	34	1
140	240	34	1
176	243	34	1
176	244	34	1
197	244	34	1
175	245	34	1
193	246	34	1
212	247	34	1
135	252	34	1
138	254	34	1
131	256	34	1
133	256	34	2
151	256	34	1
147	257	34	1
252	257	34	1
136	258	34	1
137	258	34	1
148	258	34	2
250	258	34	1
252	258	34	1
133	259	34	1
147	259	34	2
151	259	34	1
131	261	34	1
133	261	34	2
134	261	34	1
167	261	34	1
134	262	34	1
127	263	34	2
129	263	34	1
126	265	34	1
129	265	34	1
265	265	34	1
130	266	34	1
130	267	34	1
154	267	34	1
262	267	34	1
266	267	34	1
128	268	34	2
164	268	34	1
266	268	34	1
264	269	34	2
126	270	34	1
127	270	34	1
154	270	34	1
157	270	34	1
262	270	34	1
157	271	34	1
166	271	34	1
157	272	34	2
158	272	34	1
163	272	34	1
166	272	34	1
139	274	34	1
157	274	34	1
165	274	34	2
260	274	34	1
261	274	34	1
144	275	34	1
166	275	34	1
164	277	34	1
163	278	34	1
151	279	34	1
158	279	34	1
163	279	34	1
262	279	34	3
261	281	34	2
259	282	34	2
157	283	34	1
262	283	34	1
159	284	34	1
125	289	34	2
159	290	34	1
161	290	34	1
166	294	34	1
120	296	34	1
253	296	34	4
120	297	34	1
121	297	34	1
118	298	34	1
122	298	34	1
170	298	34	1
118	301	34	2
248	302	34	1
119	304	34	3
114	305	34	2
116	305	34	1
116	306	34	2
140	306	34	1
188	308	34	1
190	308	34	2
191	308	34	1
192	308	34	2
112	309	34	1
116	309	34	1
195	309	34	2
197	309	34	2
244	309	34	1
191	310	34	1
192	310	34	3
112	311	34	1
113	311	34	2
114	311	34	2
115	311	34	1
192	311	34	1
199	311	34	1
252	311	34	1
110	312	34	1
116	312	34	2
197	312	34	1
198	312	34	1
247	312	34	1
109	313	34	1
198	313	34	1
111	314	34	2
114	314	34	2
112	316	34	1
113	316	34	2
242	316	34	2
124	317	34	1
242	317	34	2
244	317	34	1
200	318	34	1
241	318	34	1
202	320	34	1
201	321	34	1
131	322	34	1
199	322	34	2
239	323	34	1
239	324	34	1
242	324	34	1
235	325	34	1
94	327	34	1
188	328	34	1
100	330	34	1
96	331	34	1
100	332	34	1
98	333	34	2
194	333	34	1
201	333	34	1
197	334	34	1
202	334	34	1
192	335	34	2
193	335	34	1
194	336	34	1
192	337	34	1
194	337	34	1
190	340	34	2
195	341	34	2
213	341	34	1
211	342	34	2
192	344	34	1
200	344	34	1
199	345	34	1
205	346	34	1
214	346	34	2
191	347	34	1
195	347	34	3
198	347	34	3
213	347	34	1
214	347	34	1
186	348	34	3
197	348	34	2
212	348	34	1
215	348	34	1
208	349	34	1
194	350	34	2
196	350	34	1
180	351	34	1
185	351	34	2
181	352	34	1
187	352	34	1
198	352	34	2
200	352	34	2
204	352	34	2
207	352	34	2
206	354	34	2
180	355	34	1
182	355	34	1
180	360	34	1
113	225	35	1
117	226	35	2
113	227	35	1
116	228	35	4
114	229	35	1
125	235	35	1
117	236	35	1
129	236	35	5
129	238	35	1
138	238	35	1
139	239	35	1
143	240	35	1
138	241	35	1
139	241	35	1
140	241	35	2
172	244	35	2
207	244	35	2
176	245	35	1
175	246	35	2
213	247	35	1
133	252	35	1
137	254	35	4
128	255	35	2
130	255	35	1
138	255	35	1
254	256	35	2
130	257	35	1
130	258	35	1
133	258	35	1
138	258	35	1
136	259	35	2
255	259	35	1
127	260	35	1
131	261	35	1
140	261	35	1
156	261	35	1
256	261	35	2
160	262	35	3
131	263	35	2
132	263	35	1
127	264	35	1
130	264	35	3
265	264	35	1
264	265	35	1
126	266	35	2
266	266	35	2
156	271	35	2
160	272	35	2
255	272	35	1
143	273	35	2
140	274	35	2
146	274	35	2
159	274	35	1
161	274	35	1
162	274	35	1
166	274	35	2
258	274	35	2
157	275	35	1
162	276	35	3
163	276	35	1
145	277	35	1
149	278	35	1
163	279	35	1
164	280	35	2
158	282	35	1
262	282	35	2
126	283	35	1
161	283	35	1
162	283	35	1
159	284	35	1
123	285	35	1
160	285	35	1
123	286	35	1
252	292	35	1
162	294	35	1
120	295	35	2
255	295	35	1
252	296	35	3
167	297	35	1
118	298	35	1
121	298	35	2
247	299	35	2
169	300	35	2
173	300	35	1
174	300	35	2
249	301	35	1
118	302	35	2
119	304	35	2
174	304	35	1
119	305	35	3
117	306	35	2
120	306	35	1
246	306	35	2
116	307	35	2
176	307	35	1
182	307	35	1
181	308	35	1
186	308	35	1
187	308	35	1
188	308	35	1
112	309	35	1
114	309	35	1
133	309	35	1
136	309	35	3
186	309	35	2
188	309	35	1
245	309	35	2
116	310	35	2
190	310	35	1
193	310	35	1
184	311	35	1
190	311	35	1
195	311	35	2
196	311	35	1
197	311	35	1
250	311	35	1
116	312	35	2
248	312	35	1
110	314	35	1
112	314	35	1
113	315	35	2
245	315	35	1
108	316	35	1
244	316	35	2
109	317	35	1
110	317	35	1
121	317	35	1
125	317	35	1
244	317	35	2
122	319	35	1
242	319	35	1
132	321	35	1
201	321	35	1
239	321	35	2
242	321	35	2
127	322	35	2
238	323	35	1
200	324	35	2
236	324	35	2
98	325	35	1
131	325	35	2
134	325	35	1
242	325	35	1
95	329	35	1
96	329	35	1
200	331	35	1
192	334	35	1
188	336	35	1
191	336	35	2
194	336	35	1
195	336	35	1
200	338	35	1
213	339	35	1
214	339	35	1
216	339	35	2
189	341	35	1
210	342	35	1
212	342	35	2
193	343	35	3
189	346	35	1
206	346	35	2
211	347	35	1
186	348	35	1
195	348	35	2
192	349	35	1
193	349	35	1
213	349	35	2
212	350	35	1
187	351	35	1
188	351	35	1
212	351	35	1
180	352	35	1
191	352	35	2
208	352	35	3
209	352	35	2
211	352	35	2
181	353	35	1
183	353	35	2
194	353	35	1
199	353	35	2
194	354	35	2
202	354	35	2
205	354	35	1
209	354	35	1
204	355	35	1
179	356	35	1
204	356	35	1
206	356	35	1
122	231	36	2
139	237	36	1
140	238	36	1
165	239	36	1
138	240	36	1
142	240	36	1
169	241	36	2
136	242	36	1
175	242	36	2
171	244	36	3
171	245	36	1
132	250	36	1
134	250	36	2
133	251	36	2
136	253	36	1
137	253	36	2
135	254	36	2
137	254	36	1
138	254	36	1
140	254	36	2
141	254	36	1
140	255	36	1
130	256	36	1
132	257	36	2
135	257	36	1
130	258	36	1
131	258	36	1
132	258	36	1
134	259	36	2
252	259	36	2
255	259	36	1
128	261	36	1
131	261	36	1
134	261	36	2
127	263	36	1
132	263	36	1
143	263	36	1
265	263	36	1
155	265	36	2
262	265	36	1
140	266	36	1
153	266	36	2
154	266	36	3
264	266	36	1
129	270	36	1
157	270	36	2
136	271	36	2
157	271	36	1
160	273	36	2
163	273	36	1
146	274	36	2
159	274	36	2
161	274	36	2
162	274	36	2
139	275	36	1
162	275	36	1
162	276	36	1
163	276	36	1
162	277	36	1
126	280	36	3
261	281	36	2
262	281	36	1
127	283	36	2
258	283	36	2
161	284	36	1
123	286	36	2
124	286	36	1
124	288	36	2
154	288	36	2
124	289	36	1
121	292	36	1
122	292	36	1
126	292	36	1
159	292	36	1
124	295	36	1
121	297	36	1
120	298	36	1
171	298	36	1
172	298	36	1
259	298	36	1
171	299	36	3
171	300	36	1
175	300	36	1
121	301	36	1
172	301	36	1
174	301	36	2
175	301	36	4
176	302	36	1
175	303	36	1
179	303	36	1
182	303	36	1
114	304	36	2
115	304	36	1
179	304	36	1
118	305	36	2
115	306	36	1
116	306	36	2
113	307	36	2
183	308	36	1
185	308	36	1
188	308	36	1
113	309	36	1
115	309	36	1
186	309	36	1
185	310	36	1
110	311	36	1
191	311	36	1
196	311	36	2
110	312	36	2
190	312	36	1
191	312	36	4
108	315	36	3
112	315	36	2
122	315	36	2
126	316	36	1
259	317	36	1
151	318	36	1
130	320	36	2
228	320	36	1
137	321	36	2
239	321	36	1
129	322	36	1
130	322	36	1
238	322	36	1
236	324	36	1
234	325	36	2
235	325	36	1
97	326	36	2
126	326	36	1
233	326	36	2
98	327	36	1
233	327	36	1
97	328	36	1
183	332	36	2
151	333	36	1
182	333	36	2
185	333	36	3
203	333	36	1
186	335	36	1
201	335	36	1
148	337	36	2
194	337	36	1
211	339	36	1
209	340	36	1
210	340	36	2
212	340	36	1
213	340	36	1
212	341	36	1
200	344	36	1
189	346	36	1
191	347	36	1
213	348	36	2
209	349	36	3
217	349	36	2
184	350	36	1
188	350	36	1
214	350	36	2
214	351	36	1
185	352	36	1
212	352	36	1
207	353	36	2
211	353	36	2
213	353	36	1
204	355	36	2
207	355	36	3
179	356	36	3
182	356	36	2
179	357	36	1
177	359	36	1
203	361	36	1
123	225	37	2
126	226	37	1
122	229	37	2
175	229	37	1
124	230	37	2
125	230	37	1
123	233	37	2
138	233	37	1
124	234	37	2
125	234	37	1
130	234	37	1
119	235	37	2
134	235	37	1
137	236	37	1
118	237	37	1
138	238	37	1
140	238	37	1
143	239	37	2
167	239	37	1
166	240	37	3
167	241	37	4
169	241	37	2
173	241	37	1
125	242	37	3
143	242	37	1
124	243	37	1
169	243	37	2
173	243	37	1
126	244	37	1
169	244	37	1
171	244	37	1
172	244	37	1
173	245	37	1
175	245	37	1
136	249	37	1
139	253	37	1
141	253	37	1
144	253	37	1
145	253	37	2
148	253	37	2
133	254	37	1
134	254	37	1
144	254	37	2
141	255	37	1
134	256	37	2
207	256	37	1
129	258	37	1
208	258	37	1
209	260	37	1
159	262	37	1
261	262	37	1
131	263	37	1
133	263	37	1
140	263	37	1
145	263	37	1
148	263	37	2
131	264	37	1
142	264	37	1
128	265	37	1
144	265	37	1
155	265	37	1
262	265	37	3
147	266	37	1
145	269	37	1
158	271	37	1
146	272	37	1
249	272	37	2
254	272	37	1
161	273	37	1
132	274	37	1
160	274	37	1
164	274	37	2
165	274	37	2
163	275	37	1
136	276	37	1
258	276	37	1
163	277	37	2
142	278	37	2
146	278	37	1
162	279	37	1
162	280	37	1
258	280	37	1
258	281	37	1
161	282	37	1
259	282	37	4
125	283	37	1
124	284	37	1
128	284	37	1
161	284	37	1
125	285	37	1
126	286	37	1
126	287	37	1
152	288	37	1
153	288	37	2
148	289	37	1
256	292	37	1
262	292	37	1
121	293	37	1
260	293	37	1
254	294	37	1
259	294	37	1
260	297	37	1
175	299	37	2
172	300	37	1
173	300	37	1
174	300	37	1
176	301	37	2
177	301	37	1
250	301	37	1
172	302	37	1
176	302	37	2
250	302	37	1
117	304	37	1
113	306	37	1
114	308	37	1
188	309	37	1
112	310	37	2
115	310	37	1
132	311	37	4
188	311	37	4
196	313	37	2
111	314	37	1
119	314	37	2
121	314	37	3
149	315	37	1
118	316	37	1
256	316	37	1
117	317	37	1
121	317	37	2
135	317	37	1
153	317	37	2
117	318	37	1
119	318	37	3
140	318	37	1
152	318	37	2
153	318	37	1
115	319	37	2
116	319	37	1
146	319	37	1
116	320	37	1
131	320	37	1
138	320	37	1
131	322	37	1
139	322	37	1
134	325	37	2
148	331	37	2
180	332	37	2
181	332	37	2
211	337	37	2
214	337	37	1
209	338	37	1
191	343	37	1
199	345	37	1
189	346	37	1
213	347	37	2
214	347	37	2
209	348	37	1
186	349	37	3
188	349	37	1
212	349	37	1
215	349	37	1
210	350	37	2
214	350	37	1
211	352	37	1
215	352	37	1
186	353	37	2
209	353	37	2
213	353	37	1
182	354	37	2
183	354	37	1
207	356	37	1
180	358	37	1
206	358	37	2
114	218	38	1
113	220	38	1
125	223	38	1
126	227	38	2
174	230	38	1
137	231	38	1
173	232	38	1
127	233	38	1
138	233	38	1
129	234	38	2
134	234	38	2
135	234	38	1
170	234	38	1
137	235	38	1
119	236	38	1
143	237	38	3
144	238	38	1
197	238	38	1
144	239	38	1
166	239	38	1
168	239	38	2
162	240	38	1
166	240	38	1
169	240	38	2
197	240	38	2
128	241	38	1
143	241	38	1
165	241	38	1
126	242	38	2
167	242	38	1
171	242	38	1
197	242	38	1
124	243	38	1
136	243	38	1
138	243	38	1
140	243	38	1
121	244	38	2
123	244	38	2
135	244	38	1
140	244	38	1
124	245	38	1
167	245	38	1
168	245	38	2
171	245	38	2
173	245	38	1
175	245	38	2
123	246	38	2
174	246	38	1
175	246	38	1
169	248	38	1
140	249	38	2
137	250	38	1
131	252	38	1
137	252	38	1
142	252	38	1
152	252	38	1
236	252	38	2
132	253	38	1
134	253	38	1
135	253	38	1
151	253	38	1
143	254	38	1
132	255	38	1
134	255	38	2
143	255	38	1
144	255	38	4
150	255	38	2
151	255	38	1
132	256	38	1
136	256	38	1
151	256	38	2
158	256	38	1
132	257	38	1
207	258	38	2
146	259	38	2
148	259	38	1
206	259	38	1
142	260	38	1
144	260	38	1
168	260	38	1
263	260	38	1
131	261	38	1
146	261	38	2
264	261	38	1
140	262	38	1
142	262	38	1
143	262	38	1
149	262	38	1
151	262	38	1
128	263	38	1
144	263	38	1
147	263	38	2
150	263	38	1
154	263	38	1
158	263	38	2
167	263	38	1
260	263	38	1
130	264	38	2
131	264	38	1
143	264	38	1
147	264	38	1
151	264	38	1
163	264	38	2
146	265	38	1
154	265	38	1
165	265	38	2
154	266	38	2
262	267	38	1
143	268	38	1
136	269	38	2
140	271	38	1
247	271	38	1
132	272	38	3
141	272	38	2
147	272	38	1
253	272	38	1
136	273	38	1
144	273	38	1
134	274	38	1
250	274	38	2
251	274	38	1
252	274	38	1
129	275	38	1
129	276	38	1
134	276	38	2
147	276	38	1
163	276	38	1
256	276	38	2
140	277	38	1
143	277	38	1
152	277	38	2
164	277	38	1
160	278	38	1
129	280	38	1
128	281	38	3
129	281	38	1
161	281	38	1
127	282	38	1
129	282	38	1
135	282	38	1
125	283	38	3
160	283	38	1
126	284	38	2
140	284	38	1
125	285	38	2
127	285	38	2
129	285	38	1
149	285	38	1
134	286	38	1
125	288	38	1
126	288	38	1
156	288	38	1
257	291	38	1
154	292	38	1
253	293	38	2
155	294	38	1
255	294	38	2
259	294	38	1
259	295	38	4
157	296	38	2
260	296	38	2
121	297	38	1
260	297	38	1
170	298	38	1
259	298	38	2
121	300	38	1
173	300	38	1
177	300	38	1
170	301	38	3
172	302	38	1
126	303	38	2
260	303	38	1
174	304	38	1
176	304	38	1
177	304	38	1
115	306	38	1
257	306	38	2
254	309	38	3
259	310	38	1
122	314	38	2
122	315	38	1
137	315	38	1
118	316	38	1
119	316	38	1
140	316	38	1
146	316	38	1
114	317	38	1
120	318	38	1
121	318	38	1
151	318	38	1
116	319	38	1
144	319	38	2
116	320	38	1
138	320	38	1
146	320	38	2
147	320	38	1
113	321	38	1
177	321	38	1
143	322	38	1
144	322	38	1
126	323	38	1
239	324	38	1
241	324	38	2
242	324	38	2
133	325	38	1
235	325	38	3
237	325	38	3
242	325	38	2
242	326	38	2
238	327	38	1
240	328	38	1
148	330	38	1
219	331	38	1
152	332	38	1
191	332	38	1
150	333	38	2
152	333	38	3
181	333	38	1
185	333	38	2
188	333	38	2
179	334	38	2
186	334	38	1
189	334	38	1
148	335	38	1
210	339	38	1
209	340	38	1
214	340	38	1
191	343	38	1
199	344	38	1
209	344	38	2
189	346	38	2
190	346	38	2
247	346	38	1
248	346	38	2
189	347	38	1
215	347	38	1
248	347	38	2
247	348	38	3
211	349	38	1
211	350	38	1
210	351	38	1
215	353	38	1
180	354	38	1
184	354	38	1
182	355	38	1
211	355	38	2
174	357	38	3
181	357	38	2
206	358	38	3
208	358	38	1
204	359	38	1
193	361	38	1
207	361	38	1
196	363	38	1
193	364	38	1
115	218	39	2
113	219	39	1
112	220	39	1
113	220	39	1
119	223	39	1
122	223	39	1
118	224	39	2
126	226	39	1
136	226	39	3
146	226	39	1
124	227	39	1
138	228	39	2
149	228	39	1
136	229	39	1
145	230	39	1
121	231	39	1
135	232	39	1
140	233	39	1
201	233	39	1
119	235	39	1
137	235	39	1
168	235	39	1
136	236	39	1
137	236	39	1
142	236	39	1
144	236	39	1
199	236	39	1
138	237	39	2
140	237	39	2
138	238	39	1
145	238	39	1
201	238	39	1
162	239	39	1
164	239	39	3
139	240	39	2
166	240	39	1
125	241	39	2
137	241	39	2
127	242	39	1
165	242	39	1
171	242	39	1
125	243	39	1
129	243	39	1
125	244	39	1
126	244	39	1
136	244	39	1
139	244	39	1
140	244	39	1
143	244	39	1
169	244	39	1
167	245	39	2
175	245	39	1
127	246	39	2
173	246	39	1
178	247	39	2
134	249	39	1
135	249	39	1
140	249	39	1
140	250	39	1
136	251	39	1
137	251	39	2
136	252	39	1
143	252	39	1
237	252	39	1
126	253	39	1
127	253	39	1
132	253	39	2
136	253	39	2
247	253	39	2
124	254	39	1
134	254	39	1
142	254	39	2
151	254	39	1
154	254	39	1
168	254	39	1
236	254	39	3
141	255	39	1
143	255	39	1
152	255	39	2
153	255	39	2
155	256	39	1
136	257	39	2
254	257	39	1
155	258	39	2
168	258	39	1
132	259	39	1
134	259	39	1
137	259	39	1
138	259	39	1
147	259	39	2
149	259	39	1
170	259	39	1
211	259	39	1
251	259	39	2
252	259	39	1
255	259	39	1
133	260	39	1
138	260	39	2
149	260	39	1
150	260	39	1
168	260	39	1
169	260	39	1
256	260	39	1
130	261	39	1
141	261	39	1
142	261	39	1
151	261	39	1
166	261	39	2
205	261	39	1
252	261	39	2
143	262	39	1
146	262	39	2
262	262	39	1
129	263	39	1
131	263	39	1
139	263	39	1
150	263	39	2
152	263	39	2
153	263	39	1
157	263	39	1
167	263	39	2
262	263	39	1
131	264	39	1
142	264	39	1
144	264	39	1
145	264	39	2
154	264	39	2
165	264	39	1
166	264	39	1
129	265	39	1
146	265	39	1
167	265	39	1
258	265	39	1
130	266	39	2
153	266	39	1
163	266	39	1
142	267	39	1
156	267	39	2
147	268	39	1
259	268	39	1
132	269	39	2
143	269	39	2
144	269	39	1
151	269	39	2
134	270	39	2
142	270	39	1
146	270	39	2
167	270	39	1
141	271	39	1
144	271	39	1
145	271	39	1
134	272	39	1
141	272	39	1
227	272	39	1
251	272	39	1
252	272	39	2
134	273	39	2
142	273	39	1
146	273	39	1
151	273	39	1
141	274	39	2
142	274	39	2
143	274	39	1
144	274	39	2
146	274	39	1
129	275	39	3
131	275	39	1
133	275	39	1
134	275	39	1
141	275	39	1
144	275	39	1
133	276	39	1
138	276	39	1
142	276	39	3
148	276	39	1
164	276	39	1
130	277	39	2
131	277	39	1
133	277	39	3
140	277	39	1
145	277	39	1
147	277	39	1
149	277	39	1
129	278	39	1
147	278	39	1
148	278	39	1
141	279	39	2
142	279	39	2
145	279	39	1
149	279	39	1
152	279	39	2
154	279	39	1
163	279	39	3
162	280	39	1
138	281	39	1
127	282	39	1
128	282	39	2
133	282	39	2
138	282	39	1
160	282	39	2
125	283	39	1
127	283	39	1
130	283	39	1
133	283	39	2
136	283	39	1
133	284	39	1
134	284	39	1
136	284	39	1
138	284	39	1
142	284	39	3
134	285	39	1
137	285	39	1
141	285	39	2
158	286	39	2
173	286	39	1
134	287	39	2
154	287	39	1
157	288	39	1
135	289	39	5
155	290	39	1
158	290	39	2
154	291	39	1
252	292	39	1
134	293	39	1
139	293	39	1
159	293	39	1
248	293	39	1
159	294	39	1
170	294	39	1
258	294	39	1
249	296	39	1
121	297	39	1
171	297	39	1
123	298	39	1
165	298	39	1
171	298	39	1
261	298	39	2
123	299	39	2
171	299	39	1
249	299	39	2
165	300	39	2
176	300	39	2
261	300	39	1
121	301	39	2
172	301	39	1
176	301	39	1
131	302	39	2
178	302	39	1
180	302	39	3
259	302	39	2
177	303	39	1
171	304	39	2
172	304	39	1
175	304	39	2
178	304	39	1
180	304	39	1
259	305	39	1
179	306	39	1
115	307	39	2
126	307	39	1
124	311	39	1
138	314	39	1
147	314	39	1
120	316	39	1
146	316	39	1
115	317	39	2
139	317	39	1
116	318	39	1
137	318	39	1
139	318	39	3
144	318	39	1
136	319	39	2
139	320	39	1
146	320	39	1
179	321	39	1
140	322	39	1
179	322	39	2
242	323	39	2
239	327	39	1
240	328	39	1
242	328	39	1
157	329	39	2
238	329	39	2
153	330	39	1
220	330	39	1
149	331	39	1
168	331	39	1
218	331	39	2
219	331	39	2
221	331	39	1
153	332	39	2
157	332	39	1
179	332	39	1
161	333	39	3
183	333	39	2
219	333	39	1
154	334	39	1
160	334	39	2
189	334	39	1
156	335	39	2
153	336	39	2
154	336	39	1
242	336	39	1
157	337	39	1
195	337	39	2
212	337	39	3
152	338	39	1
213	338	39	1
217	338	39	2
214	339	39	2
215	340	39	1
214	341	39	1
201	342	39	2
209	344	39	2
201	345	39	1
208	346	39	1
247	346	39	1
190	347	39	1
191	347	39	1
192	347	39	1
211	347	39	1
247	347	39	2
248	347	39	3
191	348	39	1
211	348	39	1
212	348	39	3
213	348	39	1
190	349	39	1
208	349	39	1
210	349	39	1
209	352	39	1
215	353	39	1
211	354	39	1
214	354	39	1
214	355	39	1
207	356	39	2
205	357	39	1
212	358	39	1
192	359	39	1
191	361	39	1
192	362	39	1
205	362	39	1
191	363	39	1
195	363	39	3
192	364	39	1
113	219	40	2
113	220	40	1
111	221	40	1
121	222	40	1
120	224	40	3
144	225	40	1
141	228	40	2
138	229	40	2
141	229	40	1
142	229	40	2
150	229	40	3
141	231	40	1
203	231	40	2
141	234	40	1
201	234	40	2
118	235	40	1
139	235	40	1
140	235	40	1
195	235	40	2
202	235	40	1
115	236	40	1
120	236	40	2
146	236	40	1
140	237	40	1
162	237	40	1
197	237	40	1
203	237	40	1
154	238	40	1
159	238	40	1
162	238	40	1
195	238	40	1
197	238	40	2
203	238	40	2
204	238	40	1
136	239	40	1
160	239	40	1
136	240	40	2
142	240	40	1
125	241	40	1
136	241	40	1
161	241	40	1
164	241	40	1
125	242	40	2
126	242	40	2
133	242	40	1
167	242	40	1
170	242	40	1
128	243	40	1
165	243	40	1
175	243	40	1
124	244	40	1
132	244	40	1
176	244	40	2
126	245	40	1
127	245	40	1
163	245	40	2
125	246	40	1
178	246	40	2
171	247	40	1
121	248	40	1
126	248	40	1
137	248	40	2
133	250	40	1
135	250	40	1
137	250	40	1
139	250	40	1
231	250	40	2
232	251	40	1
134	252	40	1
139	252	40	1
231	252	40	2
132	253	40	2
223	253	40	1
138	254	40	2
152	254	40	1
134	255	40	1
137	255	40	1
137	256	40	1
136	257	40	3
154	257	40	1
134	258	40	2
151	258	40	1
145	259	40	1
147	259	40	2
176	259	40	2
254	259	40	1
132	260	40	2
158	260	40	2
164	260	40	1
172	260	40	2
136	261	40	2
140	261	40	1
149	261	40	1
151	261	40	1
161	261	40	1
167	261	40	1
210	261	40	2
249	261	40	2
250	261	40	1
251	261	40	1
252	261	40	1
130	262	40	2
136	262	40	1
139	262	40	1
140	262	40	1
146	262	40	1
147	262	40	1
154	262	40	1
167	262	40	2
168	262	40	1
222	262	40	1
249	262	40	1
140	263	40	2
143	263	40	1
153	263	40	1
157	263	40	1
159	263	40	1
234	263	40	2
157	264	40	1
163	264	40	1
168	264	40	1
144	265	40	2
155	265	40	1
164	265	40	1
222	265	40	1
142	266	40	1
146	266	40	2
151	266	40	2
154	266	40	2
157	266	40	1
256	266	40	1
142	267	40	1
168	267	40	1
166	268	40	1
139	269	40	1
152	269	40	1
153	269	40	1
165	269	40	3
167	269	40	1
244	269	40	1
252	269	40	4
134	270	40	2
136	270	40	1
142	270	40	1
144	270	40	1
145	270	40	2
146	270	40	2
150	270	40	1
164	270	40	1
249	270	40	1
251	270	40	1
137	271	40	1
138	271	40	1
144	271	40	1
146	271	40	2
150	271	40	1
144	272	40	1
151	272	40	1
251	272	40	2
131	273	40	3
166	273	40	1
144	274	40	2
145	274	40	1
148	274	40	1
154	274	40	2
137	275	40	1
138	275	40	1
141	275	40	2
147	275	40	1
133	276	40	2
136	276	40	1
137	276	40	1
142	276	40	1
147	276	40	1
148	276	40	2
163	276	40	1
136	277	40	1
129	278	40	1
142	278	40	1
151	278	40	2
157	278	40	1
163	278	40	3
164	278	40	1
131	279	40	1
141	279	40	1
148	279	40	1
149	279	40	2
253	279	40	3
139	280	40	1
140	280	40	1
161	280	40	3
135	281	40	1
142	281	40	2
142	282	40	1
150	282	40	1
159	282	40	1
139	283	40	2
132	286	40	1
133	286	40	1
137	286	40	1
158	286	40	1
160	286	40	1
137	287	40	1
156	287	40	1
154	288	40	1
258	288	40	1
250	289	40	1
257	291	40	2
138	292	40	2
156	292	40	1
133	293	40	1
126	295	40	2
252	295	40	2
123	296	40	2
131	296	40	1
134	296	40	2
149	297	40	1
257	297	40	1
162	298	40	1
169	299	40	2
123	300	40	1
260	300	40	3
133	301	40	1
140	301	40	2
168	301	40	1
169	301	40	1
172	301	40	2
250	301	40	1
133	303	40	1
182	303	40	1
259	303	40	2
130	304	40	1
144	304	40	2
171	304	40	3
180	304	40	1
127	305	40	2
140	305	40	1
172	306	40	1
181	306	40	1
183	307	40	2
262	307	40	1
124	308	40	1
124	309	40	1
126	310	40	1
119	312	40	3
121	312	40	1
140	313	40	1
118	315	40	2
147	315	40	2
150	315	40	2
115	316	40	3
116	316	40	1
119	316	40	2
145	316	40	1
139	317	40	1
117	318	40	1
138	318	40	1
115	319	40	1
149	320	40	1
174	326	40	2
249	326	40	1
186	327	40	1
241	327	40	1
242	327	40	1
244	329	40	1
151	330	40	1
178	330	40	1
186	330	40	1
243	330	40	2
148	331	40	1
154	331	40	2
189	331	40	1
149	332	40	1
174	332	40	1
177	332	40	1
181	332	40	1
188	332	40	1
192	332	40	1
217	332	40	1
218	332	40	1
220	332	40	1
150	333	40	2
158	333	40	1
184	333	40	1
219	333	40	1
240	333	40	1
151	334	40	2
153	334	40	2
154	334	40	1
156	334	40	1
244	334	40	2
151	335	40	1
165	335	40	1
244	335	40	2
247	335	40	1
151	336	40	1
153	336	40	2
216	338	40	1
223	339	40	1
212	340	40	2
208	341	40	1
213	341	40	1
217	341	40	2
221	341	40	4
210	342	40	1
215	342	40	1
196	343	40	1
197	343	40	2
222	343	40	2
232	343	40	1
195	344	40	1
204	344	40	2
209	344	40	2
210	344	40	2
193	345	40	1
196	345	40	1
203	345	40	1
209	345	40	2
211	345	40	1
211	347	40	1
193	349	40	1
220	349	40	2
235	350	40	1
182	351	40	2
215	351	40	1
235	351	40	2
211	352	40	1
212	353	40	1
209	355	40	1
174	357	40	1
207	357	40	2
208	357	40	1
172	358	40	1
173	358	40	1
204	359	40	2
173	360	40	1
206	361	40	1
113	220	41	1
111	221	41	1
110	222	41	1
111	222	41	1
141	226	41	1
137	227	41	3
140	227	41	2
141	227	41	2
134	229	41	1
137	229	41	1
136	230	41	1
138	231	41	2
143	232	41	1
140	233	41	1
141	233	41	1
198	233	41	1
136	234	41	1
140	234	41	3
142	234	41	2
199	234	41	1
201	235	41	1
138	236	41	1
141	236	41	2
151	236	41	1
161	236	41	2
167	236	41	1
201	236	41	4
142	237	41	1
158	237	41	1
163	237	41	2
164	237	41	1
165	237	41	1
202	237	41	2
134	238	41	1
138	238	41	1
141	238	41	1
164	238	41	1
144	239	41	2
161	239	41	1
200	239	41	1
139	240	41	1
162	240	41	2
165	240	41	1
198	240	41	1
127	241	41	1
129	241	41	1
140	241	41	1
143	241	41	1
164	241	41	1
166	241	41	1
167	241	41	1
168	241	41	1
169	241	41	1
128	242	41	1
132	242	41	1
134	242	41	1
137	242	41	1
139	243	41	1
140	243	41	1
169	243	41	1
124	244	41	2
125	244	41	1
166	244	41	1
167	244	41	1
128	245	41	1
126	246	41	1
128	246	41	1
179	247	41	1
122	248	41	1
231	250	41	1
230	251	41	2
141	252	41	1
175	252	41	1
234	252	41	1
121	253	41	1
142	253	41	1
227	253	41	1
228	253	41	1
232	253	41	2
141	254	41	3
243	254	41	1
119	255	41	2
152	255	41	2
214	255	41	2
142	256	41	1
143	256	41	2
152	256	41	3
210	256	41	2
141	257	41	1
143	257	41	1
155	257	41	1
178	257	41	1
214	257	41	2
254	257	41	1
138	258	41	1
147	258	41	5
153	258	41	1
154	258	41	2
211	258	41	1
139	259	41	2
208	259	41	2
212	259	41	2
148	260	41	1
150	260	41	1
154	260	41	1
157	260	41	2
170	260	41	1
176	260	41	1
210	260	41	1
130	261	41	2
144	261	41	1
146	261	41	1
148	261	41	1
149	261	41	1
153	261	41	2
160	261	41	2
250	261	41	2
119	262	41	2
142	262	41	1
143	262	41	1
159	262	41	1
167	262	41	1
173	262	41	1
175	262	41	1
207	262	41	1
249	262	41	1
251	262	41	2
151	263	41	2
153	263	41	1
162	263	41	1
234	263	41	2
147	264	41	1
148	264	41	1
151	264	41	1
209	264	41	2
210	264	41	1
249	264	41	1
144	265	41	3
145	265	41	1
119	266	41	1
120	266	41	1
143	266	41	3
145	266	41	1
149	266	41	2
150	266	41	1
153	266	41	1
167	266	41	1
168	266	41	2
135	267	41	1
148	267	41	1
161	267	41	3
167	267	41	1
253	267	41	2
258	267	41	1
145	268	41	1
146	268	41	2
153	268	41	2
164	268	41	1
248	268	41	1
247	269	41	2
251	269	41	1
254	269	41	1
137	270	41	1
140	270	41	1
142	270	41	1
151	270	41	1
152	270	41	2
247	270	41	3
135	271	41	1
144	271	41	2
146	271	41	2
151	271	41	1
153	271	41	1
154	271	41	1
157	271	41	1
218	271	41	1
247	271	41	2
149	272	41	2
154	272	41	2
165	272	41	1
219	272	41	1
144	273	41	1
146	273	41	2
147	273	41	1
150	273	41	1
157	273	41	2
136	274	41	1
147	274	41	1
148	274	41	2
151	274	41	2
157	274	41	1
164	274	41	1
136	275	41	1
137	275	41	1
147	275	41	1
153	275	41	1
136	276	41	2
211	276	41	1
246	276	41	1
129	277	41	1
133	277	41	2
139	277	41	4
151	277	41	2
131	278	41	1
135	278	41	2
136	278	41	2
142	278	41	1
247	278	41	1
133	279	41	1
138	279	41	1
141	280	41	1
142	280	41	2
148	280	41	1
150	280	41	1
152	280	41	1
153	280	41	1
154	280	41	1
130	281	41	1
142	281	41	2
137	282	41	1
154	282	41	2
162	282	41	1
136	283	41	1
151	283	41	1
160	283	41	1
218	283	41	1
134	284	41	1
142	284	41	1
155	284	41	1
215	284	41	1
155	285	41	1
135	286	41	1
158	286	41	1
159	286	41	1
136	287	41	1
139	287	41	1
141	287	41	2
137	288	41	2
139	288	41	1
157	288	41	1
135	289	41	3
139	289	41	2
141	289	41	2
154	291	41	2
130	292	41	2
134	292	41	2
155	292	41	2
157	292	41	1
142	294	41	2
154	294	41	1
160	294	41	2
131	295	41	1
135	295	41	1
143	296	41	2
150	296	41	4
252	296	41	1
129	297	41	1
137	297	41	2
162	297	41	3
165	297	41	1
252	297	41	1
259	297	41	1
130	298	41	2
131	298	41	1
149	298	41	2
256	298	41	2
93	299	41	1
129	299	41	1
169	299	41	1
260	299	41	1
130	300	41	2
164	300	41	1
172	300	41	1
123	301	41	1
125	302	41	3
127	302	41	1
128	302	41	1
132	302	41	1
167	302	41	1
168	302	41	1
171	302	41	1
123	303	41	1
124	303	41	1
138	303	41	1
139	303	41	1
144	303	41	1
176	303	41	2
259	303	41	1
122	304	41	1
125	304	41	1
129	304	41	1
133	304	41	1
141	304	41	2
181	304	41	1
172	305	41	1
259	305	41	1
123	306	41	1
130	306	41	1
132	306	41	1
171	306	41	1
122	307	41	1
125	307	41	1
130	307	41	1
142	307	41	2
127	308	41	1
123	309	41	1
124	309	41	1
140	309	41	2
162	309	41	2
122	310	41	1
143	310	41	2
122	311	41	1
119	314	41	1
116	315	41	2
119	315	41	2
114	316	41	1
139	317	41	3
141	317	41	1
142	317	41	1
139	319	41	1
150	321	41	1
179	322	41	3
181	322	41	1
111	323	41	1
176	323	41	1
136	325	41	2
147	325	41	1
149	325	41	1
181	325	41	1
133	326	41	1
134	326	41	1
149	326	41	2
181	326	41	1
249	326	41	1
252	326	41	1
138	327	41	1
181	327	41	1
244	327	41	1
167	328	41	2
239	328	41	1
242	328	41	1
252	328	41	1
179	329	41	1
182	329	41	1
186	329	41	1
245	329	41	1
147	330	41	3
155	330	41	3
175	330	41	2
182	330	41	2
184	330	41	2
185	330	41	1
240	330	41	3
242	330	41	3
243	330	41	1
251	330	41	1
154	331	41	2
155	331	41	3
158	331	41	1
173	331	41	2
174	331	41	5
238	331	41	1
240	331	41	2
174	332	41	1
176	332	41	2
180	332	41	1
189	332	41	1
192	332	41	3
218	332	41	1
221	332	41	1
240	332	41	1
134	333	41	2
152	333	41	1
187	333	41	1
189	333	41	1
216	334	41	2
218	334	41	2
242	334	41	1
243	334	41	3
153	335	41	1
154	335	41	1
242	335	41	1
246	335	41	2
152	336	41	1
157	336	41	1
215	336	41	1
218	336	41	1
246	336	41	1
127	337	41	1
156	337	41	1
248	337	41	1
251	337	41	1
156	338	41	1
166	338	41	1
195	339	41	1
247	339	41	3
194	340	41	1
214	340	41	1
213	341	41	2
210	342	41	1
215	342	41	1
218	342	41	1
208	343	41	1
210	343	41	1
216	343	41	2
221	343	41	2
194	344	41	2
195	344	41	2
207	344	41	2
196	345	41	1
210	346	41	1
231	347	41	1
233	347	41	1
248	347	41	1
220	350	41	1
237	350	41	2
211	351	41	1
233	351	41	1
237	351	41	1
210	353	41	1
207	355	41	1
202	361	41	1
199	363	41	1
138	227	42	1
136	228	42	2
136	229	42	2
134	230	42	3
138	230	42	1
139	231	42	1
135	232	42	1
136	232	42	2
136	233	42	1
202	234	42	1
140	235	42	3
156	235	42	3
163	235	42	1
165	235	42	1
199	235	42	1
201	235	42	2
202	235	42	1
203	235	42	1
144	236	42	2
156	236	42	1
165	236	42	1
158	237	42	1
161	237	42	1
161	238	42	2
167	238	42	1
204	238	42	1
167	239	42	2
204	239	42	1
143	240	42	1
137	242	42	1
139	242	42	1
170	242	42	1
164	243	42	1
174	243	42	1
178	244	42	1
179	244	42	2
182	244	42	1
184	244	42	1
122	252	42	1
177	252	42	1
178	252	42	1
140	254	42	1
144	254	42	3
176	254	42	1
144	256	42	1
141	257	42	2
149	257	42	1
151	257	42	2
173	257	42	1
150	258	42	1
151	258	42	1
158	258	42	1
175	258	42	2
210	258	42	3
212	258	42	1
213	258	42	1
139	259	42	2
145	259	42	1
148	259	42	3
154	259	42	1
158	259	42	3
160	259	42	1
173	259	42	3
211	259	42	1
153	260	42	1
169	260	42	1
172	260	42	1
176	260	42	1
213	260	42	1
157	261	42	4
167	261	42	1
169	261	42	2
173	261	42	1
174	261	42	1
177	261	42	1
149	262	42	1
155	262	42	1
166	262	42	1
175	262	42	2
209	262	42	2
146	263	42	2
149	263	42	1
153	263	42	3
165	263	42	2
249	263	42	1
250	263	42	1
120	264	42	2
121	264	42	1
143	264	42	1
152	264	42	1
155	264	42	3
156	264	42	1
157	264	42	1
168	264	42	1
252	264	42	1
144	265	42	2
145	265	42	2
152	265	42	1
124	266	42	1
145	266	42	2
147	266	42	2
154	266	42	2
149	267	42	2
254	267	42	2
151	268	42	1
141	269	42	1
144	269	42	1
250	269	42	1
132	270	42	1
142	270	42	1
152	270	42	1
155	270	42	2
146	271	42	1
141	272	42	1
145	272	42	3
213	272	42	1
142	273	42	1
147	273	42	2
154	274	42	2
143	275	42	1
144	275	42	1
153	275	42	2
155	275	42	1
165	275	42	2
249	275	42	1
134	276	42	3
143	276	42	1
146	276	42	3
156	276	42	1
138	277	42	2
163	277	42	2
131	278	42	1
144	278	42	1
155	278	42	1
137	279	42	2
143	279	42	2
151	279	42	1
154	279	42	1
141	280	42	1
210	280	42	1
140	281	42	1
143	281	42	1
148	282	42	1
151	282	42	1
154	282	42	1
141	283	42	2
149	283	42	1
152	283	42	2
159	283	42	1
138	284	42	1
152	285	42	2
153	285	42	1
141	286	42	1
136	287	42	1
141	287	42	3
174	287	42	1
134	288	42	1
136	288	42	2
135	289	42	4
137	289	42	1
133	291	42	1
140	291	42	1
133	292	42	2
134	292	42	3
153	292	42	1
130	293	42	2
137	293	42	2
138	293	42	1
131	294	42	3
135	294	42	1
138	294	42	1
139	294	42	1
154	294	42	1
135	295	42	1
256	295	42	1
161	296	42	1
136	297	42	1
139	297	42	1
140	297	42	2
136	298	42	1
151	298	42	1
94	299	42	1
126	299	42	1
259	299	42	2
129	300	42	1
131	300	42	1
136	300	42	1
139	300	42	1
153	300	42	3
249	300	42	1
130	301	42	1
136	301	42	1
137	301	42	2
142	301	42	1
144	301	42	1
138	302	42	2
143	302	42	3
165	302	42	1
139	303	42	2
140	303	42	2
150	303	42	3
168	303	42	3
170	303	42	1
125	304	42	2
171	304	42	2
181	304	42	1
125	305	42	2
126	305	42	1
134	305	42	1
171	305	42	3
128	306	42	2
140	306	42	2
125	307	42	1
129	308	42	2
125	309	42	1
140	309	42	1
143	310	42	2
141	311	42	2
137	315	42	2
142	317	42	2
139	318	42	1
140	319	42	1
183	323	42	1
253	323	42	1
141	324	42	1
181	324	42	1
132	325	42	1
134	325	42	3
137	325	42	1
134	326	42	4
249	326	42	2
251	326	42	2
154	328	42	1
186	328	42	1
250	328	42	1
161	330	42	2
179	330	42	2
187	330	42	1
188	330	42	1
134	331	42	1
154	331	42	1
180	331	42	1
187	331	42	1
242	331	42	3
150	332	42	1
160	332	42	1
161	332	42	4
164	332	42	1
176	332	42	2
180	332	42	1
187	332	42	1
189	332	42	1
242	332	42	1
126	333	42	1
153	333	42	1
176	333	42	1
178	333	42	1
183	333	42	1
222	333	42	1
178	334	42	1
218	334	42	1
245	334	42	1
247	334	42	2
134	335	42	2
151	335	42	1
128	336	42	2
126	337	42	1
156	337	42	1
247	337	42	1
195	340	42	1
152	341	42	2
215	341	42	3
211	342	42	1
212	344	42	1
196	345	42	1
230	346	42	1
210	347	42	1
234	350	42	3
235	353	42	1
207	355	42	2
206	356	42	1
208	356	42	1
208	357	42	1
204	360	42	1
183	361	42	2
205	361	42	1
200	364	42	1
206	364	42	1
137	227	43	1
137	229	43	1
139	229	43	1
138	230	43	1
157	230	43	1
136	231	43	1
139	231	43	1
140	231	43	1
137	232	43	1
138	232	43	2
139	233	43	1
163	235	43	1
164	236	43	1
136	237	43	2
143	237	43	1
154	237	43	1
140	238	43	1
143	239	43	1
165	240	43	1
166	240	43	1
140	242	43	1
178	245	43	1
178	247	43	1
119	256	43	1
139	256	43	1
210	256	43	1
155	257	43	3
174	257	43	1
176	257	43	1
177	257	43	2
215	257	43	3
146	258	43	1
149	258	43	2
175	258	43	1
215	258	43	1
179	259	43	3
143	260	43	2
149	260	43	1
154	260	43	1
160	260	43	1
170	260	43	2
171	260	43	1
172	260	43	1
175	260	43	1
145	261	43	1
146	261	43	2
178	261	43	1
209	261	43	1
153	262	43	1
158	262	43	1
160	262	43	1
164	262	43	1
167	262	43	1
206	262	43	3
146	263	43	2
148	263	43	2
154	263	43	1
144	265	43	1
153	265	43	1
149	266	43	1
147	267	43	1
148	267	43	1
143	268	43	1
146	269	43	1
134	271	43	1
143	271	43	1
148	271	43	2
149	272	43	1
147	273	43	2
148	273	43	1
211	273	43	2
141	274	43	2
153	274	43	2
129	275	43	2
131	275	43	1
132	275	43	3
142	275	43	1
144	275	43	1
145	275	43	1
148	275	43	1
152	275	43	1
155	275	43	1
182	275	43	2
144	276	43	1
148	276	43	2
151	276	43	1
164	276	43	2
165	276	43	1
143	277	43	2
145	277	43	1
148	277	43	1
131	278	43	1
132	278	43	1
147	278	43	1
149	278	43	3
162	278	43	3
148	279	43	1
150	279	43	1
152	279	43	1
154	279	43	1
150	280	43	1
152	280	43	1
155	280	43	1
210	280	43	2
148	281	43	2
158	281	43	1
161	281	43	1
140	282	43	1
141	282	43	1
143	282	43	2
154	282	43	1
143	283	43	1
250	283	43	1
139	284	43	2
148	284	43	2
149	284	43	1
150	284	43	1
160	284	43	1
141	285	43	1
215	285	43	2
137	286	43	3
140	286	43	2
143	286	43	1
154	286	43	1
216	287	43	1
137	288	43	1
140	288	43	2
133	289	43	2
134	289	43	2
134	291	43	1
143	292	43	1
139	293	43	1
141	294	43	2
140	295	43	2
131	296	43	2
136	296	43	1
137	296	43	1
137	297	43	2
149	297	43	2
140	298	43	1
209	298	43	1
141	299	43	1
143	299	43	2
129	300	43	2
138	300	43	1
141	300	43	1
140	301	43	1
142	301	43	1
133	302	43	1
137	302	43	1
140	302	43	2
130	303	43	1
135	303	43	1
136	303	43	1
138	303	43	1
126	304	43	1
146	304	43	1
135	305	43	2
141	305	43	1
143	305	43	2
125	306	43	1
129	306	43	1
132	306	43	2
170	306	43	3
128	308	43	1
143	308	43	1
144	312	43	1
140	313	43	1
142	313	43	1
140	314	43	3
143	314	43	1
137	319	43	1
114	321	43	1
174	325	43	1
132	326	43	1
136	326	43	1
249	326	43	1
176	327	43	1
186	327	43	1
156	328	43	1
132	331	43	1
153	331	43	2
189	331	43	1
131	332	43	3
191	332	43	3
192	332	43	1
218	332	43	1
133	333	43	1
187	333	43	3
216	333	43	1
151	334	43	1
181	334	43	2
189	334	43	6
222	335	43	2
131	336	43	2
153	336	43	2
218	336	43	3
220	336	43	2
244	336	43	1
245	336	43	1
127	337	43	3
155	338	43	2
195	340	43	1
195	341	43	2
213	343	43	1
211	344	43	1
211	346	43	2
212	346	43	3
233	346	43	1
211	347	43	1
233	347	43	1
209	349	43	1
210	349	43	1
200	350	43	1
231	352	43	3
208	354	43	1
207	359	43	2
186	360	43	2
209	361	43	1
138	228	44	1
140	228	44	1
135	230	44	1
140	234	44	3
180	245	44	1
181	245	44	2
179	249	44	1
175	257	44	1
177	258	44	2
178	258	44	1
178	259	44	2
158	260	44	2
155	261	44	2
174	261	44	1
175	261	44	1
211	261	44	1
154	262	44	1
160	262	44	1
147	263	44	2
149	265	44	1
156	265	44	1
149	266	44	1
146	267	44	1
149	267	44	1
147	268	44	1
143	269	44	3
148	269	44	2
213	269	44	2
144	271	44	1
203	271	44	1
144	272	44	1
151	272	44	1
142	273	44	2
156	273	44	1
145	274	44	2
181	274	44	1
211	274	44	1
143	275	44	1
146	275	44	1
166	275	44	2
152	276	44	3
154	276	44	1
145	277	44	1
148	277	44	3
150	277	44	1
156	277	44	1
149	278	44	2
151	278	44	3
154	278	44	1
160	278	44	1
144	279	44	2
146	279	44	2
154	279	44	2
155	279	44	1
147	280	44	1
150	280	44	2
155	280	44	1
154	281	44	1
156	281	44	1
143	282	44	1
150	282	44	1
151	282	44	1
158	282	44	1
148	283	44	2
219	283	44	1
149	284	44	1
155	284	44	1
212	285	44	1
218	286	44	1
217	289	44	1
121	290	44	2
136	291	44	1
139	291	44	1
144	291	44	1
252	292	44	2
145	293	44	1
223	293	44	1
143	294	44	1
144	294	44	2
137	299	44	1
128	300	44	2
133	302	44	1
165	302	44	2
127	303	44	1
144	303	44	1
130	304	44	1
130	306	44	2
173	306	44	1
140	308	44	1
171	309	44	3
143	310	44	2
141	315	44	2
141	317	44	1
113	322	44	1
182	323	44	1
182	325	44	1
133	326	44	3
136	326	44	1
187	329	44	2
179	330	44	1
185	330	44	1
133	331	44	1
182	332	44	1
131	333	44	1
136	334	44	2
128	335	44	2
215	335	44	1
213	336	44	1
214	336	44	2
219	336	44	1
220	336	44	1
216	337	44	1
217	337	44	1
213	338	44	1
216	344	44	2
234	347	44	1
212	348	44	2
211	349	44	2
208	354	44	1
192	361	44	1
195	361	44	1
140	231	45	3
175	257	45	2
176	258	45	1
174	259	45	2
173	260	45	3
158	262	45	2
159	263	45	1
149	265	45	1
148	269	45	2
145	270	45	2
146	271	45	1
144	272	45	1
151	272	45	1
158	272	45	1
141	275	45	1
146	275	45	2
164	277	45	1
147	279	45	1
149	279	45	2
150	279	45	1
152	281	45	1
161	281	45	1
152	282	45	1
145	283	45	1
150	283	45	1
251	283	45	1
142	284	45	1
151	284	45	2
146	285	45	1
217	285	45	2
206	286	45	2
218	286	45	1
145	292	45	1
142	297	45	3
128	299	45	1
138	299	45	3
127	302	45	1
133	302	45	1
137	302	45	1
143	302	45	3
244	302	45	1
131	303	45	1
132	304	45	1
139	304	45	1
140	304	45	1
143	308	45	2
141	315	45	2
180	318	45	1
182	321	45	1
185	322	45	1
252	324	45	1
167	326	45	1
186	326	45	2
187	329	45	1
189	331	45	3
214	339	45	1
215	343	45	2
217	344	45	1
211	345	45	2
217	345	45	1
209	347	45	3
227	349	45	1
233	349	45	1
175	352	45	1
202	352	45	2
134	229	46	2
155	233	46	1
132	236	46	1
173	255	46	2
159	263	46	2
157	265	46	2
147	266	46	2
145	269	46	1
145	270	46	1
146	272	46	2
139	273	46	1
151	273	46	1
146	275	46	1
161	277	46	1
145	279	46	2
150	279	46	1
149	280	46	1
215	280	46	3
146	282	46	1
148	282	46	1
154	282	46	1
159	282	46	1
140	284	46	1
149	284	46	1
157	284	46	1
120	285	46	1
208	286	46	2
143	290	46	1
145	291	46	1
144	292	46	1
144	293	46	3
148	293	46	2
146	294	46	2
139	295	46	1
207	296	46	1
140	298	46	1
144	299	46	1
132	300	46	1
228	300	46	2
135	301	46	1
136	301	46	2
137	301	46	1
224	301	46	1
130	302	46	2
131	302	46	1
244	302	46	1
136	303	46	1
139	303	46	1
137	304	46	1
184	320	46	1
188	320	46	2
191	322	46	1
176	323	46	1
189	323	46	3
174	327	46	1
178	327	46	2
188	328	46	1
217	334	46	2
232	343	46	1
209	351	46	1
173	353	46	2
230	356	46	2
141	227	47	1
138	229	47	1
212	261	47	2
149	265	47	2
155	279	47	1
152	280	47	1
162	282	47	1
120	283	47	1
147	285	47	2
140	293	47	1
146	293	47	1
144	294	47	2
202	295	47	1
139	298	47	1
136	299	47	1
229	302	47	1
179	322	47	1
185	323	47	1
175	324	47	1
186	329	47	1
218	341	47	1
207	351	47	1
227	353	47	2
203	356	47	1
154	274	48	1
146	275	48	3
154	276	48	1
143	279	48	1
159	279	48	1
140	285	48	1
142	290	48	2
137	297	48	1
124	319	48	1
179	323	48	3
217	344	48	1
136	222	49	2
140	224	49	1
170	228	49	2
127	235	49	1
126	245	49	1
154	248	49	2
151	252	49	2
171	260	49	2
139	263	49	1
127	268	49	1
167	269	49	1
144	271	49	1
154	274	49	1
156	274	49	1
157	279	49	1
134	280	49	2
214	282	49	1
144	284	49	1
169	284	49	2
132	285	49	1
132	287	49	3
147	287	49	1
140	293	49	1
136	298	49	2
147	298	49	1
139	299	49	1
144	299	49	1
225	300	49	2
139	304	49	1
152	304	49	3
126	305	49	1
169	308	49	2
213	311	49	2
149	313	49	1
145	316	49	2
268	317	49	1
183	319	49	1
170	325	49	1
235	326	49	1
152	338	49	1
239	344	49	2
199	346	49	1
211	346	49	1
160	348	49	1
204	348	49	2
184	352	49	1
186	354	49	1
203	355	49	2
131	229	50	2
127	235	50	1
155	263	50	2
134	267	50	3
134	275	50	1
160	275	50	1
249	286	50	1
146	289	50	1
143	291	50	1
140	294	50	3
148	296	50	1
174	298	50	3
140	302	50	1
151	302	50	1
193	307	50	1
157	313	50	1
240	317	50	3
212	318	50	2
179	329	50	1
206	340	50	1
