x	y	z	Interleukin-1 signaling
244	284	21	1
239	272	24	1
235	278	24	2
237	278	24	1
241	279	24	1
248	286	24	1
243	288	24	2
245	288	24	1
246	289	24	1
249	289	24	1
244	291	24	1
231	268	25	1
230	272	25	1
233	272	25	1
235	273	25	1
238	273	25	1
238	274	25	2
233	276	25	1
237	276	25	1
231	277	25	1
233	277	25	1
237	277	25	1
238	278	25	1
234	279	25	1
237	279	25	1
238	279	25	1
247	279	25	1
249	279	25	1
234	280	25	1
236	280	25	1
241	280	25	1
240	281	25	1
245	281	25	1
231	283	25	1
232	283	25	1
238	283	25	1
243	283	25	1
233	284	25	1
237	284	25	1
249	284	25	2
232	285	25	1
234	285	25	2
237	285	25	1
239	285	25	2
240	285	25	1
241	285	25	1
248	285	25	1
252	285	25	2
232	286	25	1
233	286	25	1
236	286	25	1
242	286	25	1
245	286	25	1
250	286	25	1
252	286	25	1
245	287	25	1
251	287	25	2
250	288	25	1
235	289	25	1
236	289	25	2
241	289	25	1
242	289	25	1
235	290	25	2
243	290	25	1
244	290	25	2
249	290	25	2
237	291	25	1
239	291	25	1
241	291	25	1
238	292	25	1
242	292	25	1
243	292	25	2
244	293	25	1
241	294	25	1
242	294	25	2
243	294	25	1
234	295	25	1
237	295	25	1
245	295	25	1
246	296	25	2
247	296	25	1
239	297	25	1
227	300	25	1
239	300	25	1
239	302	25	1
182	260	26	1
229	262	26	2
232	263	26	1
230	264	26	1
234	267	26	1
235	267	26	2
236	268	26	2
241	268	26	1
237	269	26	2
228	270	26	2
236	270	26	1
250	270	26	1
235	271	26	2
236	272	26	2
236	273	26	1
239	273	26	1
236	274	26	1
232	275	26	1
233	275	26	1
236	275	26	1
237	275	26	1
249	275	26	1
232	276	26	1
239	276	26	1
207	277	26	1
209	277	26	2
213	277	26	1
237	277	26	2
240	277	26	1
247	277	26	1
232	278	26	1
234	278	26	1
252	278	26	2
231	279	26	1
237	279	26	2
241	279	26	1
246	279	26	1
208	280	26	1
236	280	26	1
238	280	26	1
242	280	26	1
249	280	26	1
231	281	26	1
232	281	26	1
234	281	26	4
235	281	26	1
239	281	26	1
247	281	26	2
249	281	26	1
250	281	26	1
208	282	26	1
212	282	26	2
215	282	26	2
229	282	26	1
231	282	26	2
238	282	26	2
242	282	26	1
245	282	26	2
250	282	26	1
254	282	26	1
209	283	26	1
227	283	26	1
231	283	26	1
233	283	26	1
239	283	26	1
246	283	26	1
248	283	26	1
251	283	26	1
212	284	26	1
232	284	26	1
246	284	26	1
211	285	26	2
214	285	26	1
232	285	26	1
235	285	26	1
236	285	26	1
237	285	26	2
240	285	26	2
244	285	26	1
250	285	26	1
254	285	26	2
216	286	26	1
232	286	26	1
233	286	26	1
234	286	26	1
235	286	26	1
237	286	26	1
238	286	26	1
240	286	26	1
247	286	26	1
248	286	26	2
250	286	26	1
253	286	26	1
224	287	26	1
228	287	26	1
234	287	26	1
243	287	26	1
247	287	26	2
248	287	26	2
252	287	26	2
253	287	26	1
240	288	26	3
250	288	26	1
223	289	26	1
234	289	26	1
235	289	26	1
251	289	26	1
233	290	26	1
236	290	26	1
239	290	26	2
222	291	26	1
237	291	26	1
239	291	26	1
249	291	26	2
250	291	26	1
237	292	26	1
242	292	26	1
247	292	26	1
234	293	26	2
239	293	26	2
245	293	26	2
253	293	26	1
235	294	26	1
237	294	26	1
239	294	26	1
243	294	26	1
246	294	26	1
221	295	26	1
234	295	26	2
237	295	26	1
240	295	26	1
242	295	26	2
244	295	26	1
245	295	26	1
235	296	26	1
236	297	26	1
237	297	26	2
242	297	26	2
245	297	26	1
239	298	26	1
239	299	26	1
243	299	26	1
225	300	26	1
241	300	26	1
182	255	27	1
181	257	27	1
183	257	27	3
186	257	27	1
184	258	27	1
232	258	27	1
180	259	27	1
184	259	27	1
229	259	27	1
231	259	27	1
181	260	27	2
184	260	27	1
227	260	27	1
228	260	27	1
234	260	27	1
235	260	27	1
240	260	27	1
181	261	27	2
182	261	27	1
186	261	27	1
187	261	27	1
229	261	27	2
230	261	27	1
235	261	27	1
237	261	27	1
184	262	27	1
186	262	27	1
229	262	27	1
232	262	27	2
233	262	27	1
239	262	27	1
179	263	27	2
181	263	27	1
182	263	27	1
185	263	27	1
210	263	27	1
220	263	27	3
230	263	27	1
235	263	27	1
236	263	27	1
209	264	27	1
219	264	27	2
222	264	27	1
228	264	27	2
229	264	27	2
232	264	27	2
240	264	27	1
181	265	27	1
212	265	27	1
221	265	27	1
226	265	27	1
231	265	27	1
232	265	27	1
233	265	27	2
234	265	27	1
240	265	27	1
179	266	27	2
180	266	27	1
201	266	27	1
217	266	27	2
221	266	27	2
226	266	27	1
227	266	27	3
228	266	27	1
230	266	27	1
231	266	27	1
234	266	27	1
239	266	27	1
214	267	27	1
215	267	27	1
229	267	27	1
233	267	27	2
239	267	27	1
249	267	27	5
179	268	27	1
197	268	27	1
213	268	27	1
217	268	27	1
224	268	27	1
225	268	27	1
231	268	27	1
234	268	27	1
236	268	27	1
213	269	27	1
214	269	27	1
231	269	27	1
233	269	27	1
234	269	27	3
235	269	27	1
237	269	27	1
240	269	27	1
243	269	27	1
207	270	27	1
215	270	27	1
216	270	27	3
221	270	27	1
226	270	27	1
230	270	27	1
233	270	27	1
234	270	27	1
236	270	27	1
243	270	27	1
177	271	27	1
181	271	27	1
209	271	27	2
216	271	27	2
233	271	27	3
236	271	27	1
239	271	27	1
242	271	27	2
247	271	27	1
250	271	27	1
251	271	27	1
179	272	27	1
181	272	27	1
203	272	27	1
204	272	27	1
205	272	27	1
206	272	27	1
207	272	27	1
214	272	27	2
216	272	27	1
217	272	27	1
228	272	27	1
229	272	27	1
234	272	27	1
236	272	27	2
237	272	27	1
238	272	27	1
239	272	27	1
241	272	27	1
247	272	27	2
249	272	27	2
207	273	27	2
211	273	27	2
217	273	27	1
223	273	27	1
235	273	27	1
237	273	27	1
238	273	27	3
249	273	27	1
177	274	27	1
203	274	27	1
204	274	27	1
211	274	27	1
212	274	27	1
221	274	27	1
231	274	27	1
239	274	27	1
240	274	27	1
241	274	27	1
206	275	27	1
208	275	27	1
211	275	27	1
216	275	27	2
222	275	27	1
224	275	27	2
230	275	27	1
235	275	27	2
236	275	27	1
237	275	27	1
239	275	27	2
240	275	27	1
247	275	27	1
254	275	27	2
177	276	27	1
204	276	27	1
205	276	27	1
208	276	27	1
210	276	27	1
215	276	27	1
232	276	27	1
238	276	27	1
240	276	27	1
244	276	27	1
245	276	27	1
246	276	27	1
250	276	27	1
252	276	27	1
208	277	27	3
213	277	27	1
220	277	27	1
224	277	27	1
232	277	27	2
235	277	27	1
246	277	27	3
250	277	27	1
252	277	27	1
203	278	27	1
209	278	27	1
211	278	27	1
213	278	27	3
214	278	27	2
219	278	27	1
227	278	27	1
233	278	27	1
234	278	27	1
251	278	27	1
252	278	27	1
201	279	27	1
208	279	27	1
230	279	27	1
234	279	27	1
235	279	27	2
240	279	27	1
243	279	27	1
247	279	27	1
250	279	27	1
251	279	27	1
252	279	27	1
204	280	27	2
206	280	27	1
208	280	27	1
210	280	27	1
236	280	27	1
238	280	27	1
241	280	27	1
243	280	27	1
244	280	27	1
246	280	27	1
250	280	27	1
209	281	27	1
214	281	27	2
228	281	27	2
230	281	27	2
231	281	27	2
233	281	27	1
236	281	27	2
239	281	27	1
241	281	27	1
245	281	27	1
246	281	27	1
206	282	27	1
210	282	27	1
212	282	27	1
217	282	27	1
235	282	27	1
237	282	27	2
240	282	27	1
241	282	27	1
243	282	27	1
244	282	27	3
245	282	27	1
250	282	27	1
253	282	27	1
201	283	27	1
207	283	27	1
210	283	27	1
221	283	27	1
227	283	27	1
228	283	27	1
232	283	27	1
235	283	27	1
238	283	27	2
239	283	27	1
241	283	27	1
248	283	27	2
249	283	27	2
255	283	27	1
205	284	27	1
206	284	27	1
241	284	27	1
251	284	27	1
255	284	27	1
256	284	27	1
200	285	27	2
208	285	27	1
210	285	27	1
211	285	27	1
219	285	27	1
220	285	27	1
223	285	27	1
224	285	27	1
228	285	27	2
234	285	27	1
236	285	27	2
240	285	27	1
241	285	27	1
245	285	27	1
249	285	27	1
253	285	27	1
254	285	27	1
255	285	27	1
256	285	27	2
206	286	27	1
207	286	27	1
209	286	27	1
212	286	27	1
219	286	27	1
220	286	27	2
225	286	27	2
232	286	27	1
236	286	27	1
244	286	27	1
245	286	27	2
254	286	27	1
256	286	27	1
258	286	27	1
214	287	27	1
219	287	27	1
222	287	27	1
227	287	27	1
230	287	27	2
232	287	27	1
234	287	27	1
251	287	27	1
253	287	27	1
211	288	27	1
214	288	27	1
222	288	27	1
224	288	27	1
225	288	27	1
228	288	27	1
229	288	27	1
235	288	27	1
237	288	27	1
240	288	27	1
242	288	27	1
243	288	27	1
244	288	27	2
249	288	27	1
250	288	27	1
255	288	27	3
203	289	27	1
209	289	27	1
210	289	27	1
222	289	27	1
224	289	27	1
226	289	27	1
231	289	27	1
233	289	27	1
235	289	27	1
239	289	27	2
243	289	27	2
246	289	27	1
252	289	27	2
254	289	27	1
256	289	27	2
225	290	27	1
226	290	27	1
227	290	27	1
228	290	27	1
232	290	27	1
235	290	27	2
236	290	27	2
243	290	27	1
244	290	27	2
246	290	27	2
249	290	27	3
211	291	27	2
221	291	27	1
222	291	27	2
224	291	27	1
225	291	27	1
227	291	27	2
228	291	27	1
234	291	27	1
238	291	27	2
241	291	27	1
243	291	27	1
246	291	27	1
249	291	27	1
250	291	27	1
251	291	27	1
212	292	27	2
220	292	27	2
222	292	27	1
224	292	27	1
228	292	27	2
229	292	27	1
235	292	27	2
244	292	27	1
249	292	27	1
250	292	27	1
251	292	27	1
211	293	27	2
219	293	27	1
220	293	27	1
221	293	27	1
224	293	27	1
225	293	27	1
226	293	27	1
227	293	27	1
229	293	27	1
234	293	27	1
237	293	27	1
238	293	27	1
239	293	27	1
242	293	27	1
245	293	27	2
254	293	27	1
213	294	27	1
217	294	27	2
220	294	27	1
238	294	27	1
249	294	27	1
251	294	27	1
211	295	27	1
219	295	27	2
220	295	27	2
223	295	27	1
241	295	27	1
244	295	27	1
248	295	27	1
251	295	27	1
236	296	27	2
237	296	27	1
238	296	27	1
241	296	27	1
246	296	27	1
220	297	27	1
236	297	27	1
240	297	27	1
244	297	27	2
246	297	27	1
224	298	27	3
238	298	27	1
241	298	27	2
244	298	27	1
215	299	27	1
230	299	27	1
236	299	27	1
243	299	27	1
248	299	27	1
252	299	27	1
226	300	27	1
227	300	27	1
231	300	27	2
236	300	27	2
241	300	27	1
244	300	27	1
248	300	27	1
224	301	27	1
227	301	27	1
234	301	27	2
235	301	27	1
236	301	27	2
238	301	27	1
250	301	27	1
234	302	27	1
235	302	27	2
236	302	27	2
237	302	27	1
245	302	27	1
238	304	27	2
244	304	27	1
237	305	27	1
232	264	28	1
234	265	28	1
234	267	28	1
237	268	28	1
236	269	28	1
237	269	28	1
237	271	28	1
206	272	28	1
236	272	28	1
211	273	28	2
233	276	28	1
234	276	28	1
235	277	28	1
236	277	28	1
236	278	28	2
239	280	28	1
241	280	28	1
208	281	28	1
210	281	28	1
235	281	28	1
250	281	28	1
252	281	28	1
247	283	28	1
254	283	28	1
246	284	28	1
254	284	28	1
238	285	28	2
239	285	28	1
240	285	28	1
248	285	28	2
232	286	28	1
235	286	28	2
247	286	28	1
248	286	28	1
245	287	28	2
248	287	28	1
227	289	28	1
231	289	28	1
245	289	28	1
247	289	28	1
244	290	28	2
226	291	28	1
237	291	28	2
240	291	28	2
247	291	28	3
222	292	28	1
239	292	28	2
240	292	28	2
247	292	28	1
248	292	28	1
243	293	28	1
249	293	28	2
250	293	28	3
241	294	28	2
242	294	28	1
245	294	28	2
241	295	28	1
245	295	28	1
240	298	28	1
236	300	28	1
229	255	29	2
235	256	29	1
182	257	29	1
190	258	29	1
233	258	29	2
235	258	29	2
182	259	29	1
182	260	29	1
234	260	29	2
230	261	29	2
220	262	29	1
222	263	29	1
234	263	29	1
248	263	29	1
178	264	29	2
215	264	29	1
226	264	29	1
230	264	29	1
232	264	29	1
237	264	29	2
238	264	29	1
235	265	29	1
239	265	29	1
195	266	29	1
228	266	29	1
229	266	29	1
230	266	29	1
237	266	29	1
192	267	29	1
194	267	29	1
196	267	29	1
226	267	29	1
230	267	29	1
231	267	29	1
232	267	29	1
234	267	29	2
235	267	29	4
201	268	29	2
217	268	29	1
231	268	29	1
237	268	29	1
238	268	29	1
193	269	29	1
196	269	29	1
204	269	29	1
232	269	29	1
234	269	29	2
196	270	29	2
198	270	29	1
200	270	29	1
215	270	29	3
230	270	29	1
234	270	29	1
238	270	29	3
239	270	29	1
173	271	29	1
203	271	29	1
214	271	29	1
215	271	29	2
235	271	29	2
238	271	29	2
241	271	29	1
249	271	29	2
251	271	29	1
215	272	29	1
234	272	29	1
238	272	29	2
249	272	29	2
249	273	29	1
250	273	29	1
206	274	29	1
234	274	29	1
238	274	29	2
239	274	29	1
184	275	29	1
231	275	29	2
232	275	29	1
235	275	29	1
236	275	29	1
241	275	29	1
242	275	29	1
206	276	29	1
233	276	29	2
234	276	29	2
238	276	29	1
249	276	29	2
252	276	29	2
232	277	29	1
234	277	29	1
236	277	29	1
237	277	29	1
208	278	29	2
235	278	29	1
245	278	29	1
238	279	29	1
245	279	29	1
246	279	29	1
249	279	29	1
256	279	29	1
236	280	29	2
241	280	29	1
247	280	29	2
251	280	29	1
238	281	29	2
245	281	29	2
246	281	29	1
248	281	29	1
249	281	29	1
206	282	29	1
235	282	29	1
242	282	29	1
245	282	29	1
249	282	29	1
215	283	29	2
232	283	29	1
233	283	29	1
236	283	29	1
249	283	29	1
250	283	29	1
220	284	29	1
222	284	29	1
233	284	29	1
238	284	29	1
241	284	29	1
246	284	29	3
248	284	29	1
252	284	29	1
256	284	29	1
227	285	29	1
233	285	29	1
234	285	29	1
239	285	29	1
243	285	29	2
244	285	29	1
248	285	29	1
250	285	29	1
232	286	29	1
233	287	29	1
234	287	29	2
245	287	29	2
247	287	29	1
224	288	29	1
225	288	29	2
242	288	29	1
244	288	29	1
245	288	29	1
246	288	29	1
228	289	29	1
235	289	29	2
243	289	29	1
245	289	29	1
225	290	29	1
228	290	29	2
237	290	29	2
239	290	29	1
240	290	29	1
247	290	29	2
222	291	29	1
225	291	29	1
238	291	29	1
240	291	29	2
248	291	29	1
249	291	29	2
222	292	29	1
225	292	29	2
237	292	29	1
241	292	29	1
242	292	29	1
245	292	29	1
247	292	29	2
257	292	29	1
222	293	29	3
223	293	29	2
225	293	29	2
227	293	29	1
239	293	29	1
246	293	29	2
247	293	29	1
252	293	29	1
224	294	29	1
238	294	29	1
241	294	29	1
242	294	29	1
243	294	29	1
245	294	29	1
248	294	29	1
221	295	29	1
223	295	29	1
241	295	29	1
243	295	29	1
244	295	29	1
245	295	29	1
223	296	29	1
252	296	29	1
253	296	29	1
239	297	29	1
243	297	29	1
248	297	29	1
226	298	29	2
239	298	29	2
226	299	29	2
227	299	29	2
239	299	29	1
221	300	29	1
227	300	29	1
239	300	29	1
240	300	29	2
227	301	29	1
240	303	29	1
225	251	30	1
228	251	30	1
215	252	30	1
232	253	30	1
215	254	30	2
230	254	30	2
231	254	30	1
232	254	30	1
236	254	30	1
227	255	30	1
229	256	30	2
231	256	30	1
232	256	30	1
233	256	30	1
204	257	30	1
209	257	30	1
240	257	30	1
181	258	30	1
186	258	30	1
215	258	30	1
229	258	30	1
231	258	30	1
195	259	30	1
205	259	30	1
206	259	30	1
219	259	30	1
226	259	30	1
229	259	30	1
231	259	30	1
232	259	30	1
239	259	30	1
196	260	30	1
219	260	30	1
223	260	30	1
225	260	30	3
232	260	30	1
235	260	30	1
240	260	30	1
245	260	30	1
184	261	30	1
187	261	30	2
198	261	30	1
199	261	30	1
209	261	30	1
216	261	30	1
218	261	30	1
219	261	30	2
225	261	30	1
230	261	30	1
232	261	30	1
178	262	30	1
179	262	30	1
194	262	30	2
206	262	30	1
209	262	30	1
220	262	30	1
221	262	30	1
222	262	30	1
225	262	30	2
242	262	30	1
245	262	30	2
247	262	30	1
179	263	30	1
186	263	30	1
197	263	30	1
211	263	30	2
215	263	30	2
218	263	30	1
219	263	30	1
226	263	30	1
228	263	30	1
233	263	30	2
234	263	30	1
246	263	30	1
186	264	30	2
194	264	30	1
211	264	30	1
227	264	30	1
232	264	30	1
236	264	30	1
238	264	30	1
239	264	30	2
241	264	30	1
245	264	30	2
246	264	30	2
249	264	30	1
183	265	30	1
216	265	30	1
219	265	30	1
224	265	30	1
228	265	30	1
232	265	30	1
238	265	30	2
239	265	30	1
242	265	30	2
244	265	30	1
246	265	30	1
187	266	30	1
189	266	30	1
194	266	30	2
195	266	30	2
213	266	30	1
215	266	30	1
226	266	30	1
228	266	30	1
229	266	30	1
230	266	30	1
233	266	30	1
238	266	30	1
241	266	30	1
243	266	30	2
182	267	30	1
196	267	30	1
198	267	30	2
229	267	30	2
231	267	30	1
232	267	30	2
236	267	30	1
239	267	30	2
240	267	30	1
248	267	30	1
250	267	30	1
189	268	30	1
190	268	30	1
194	268	30	1
196	268	30	1
213	268	30	2
228	268	30	1
230	268	30	2
231	268	30	1
237	268	30	1
240	268	30	1
244	268	30	1
246	268	30	1
248	268	30	1
249	268	30	1
172	269	30	2
180	269	30	1
182	269	30	1
193	269	30	1
197	269	30	1
198	269	30	1
204	269	30	1
222	269	30	1
235	269	30	2
240	269	30	1
242	269	30	1
243	269	30	2
245	269	30	1
247	269	30	1
178	270	30	2
181	270	30	2
184	270	30	1
201	270	30	1
214	270	30	1
216	270	30	1
223	270	30	1
232	270	30	3
233	270	30	1
235	270	30	1
244	270	30	2
250	270	30	1
181	271	30	2
187	271	30	1
188	271	30	1
204	271	30	2
215	271	30	1
232	271	30	1
234	271	30	2
239	271	30	2
249	271	30	1
179	272	30	2
181	272	30	1
184	272	30	1
185	272	30	1
242	272	30	2
250	272	30	1
182	273	30	2
204	273	30	1
208	273	30	2
211	273	30	1
213	273	30	1
232	273	30	1
234	273	30	1
235	273	30	1
246	273	30	2
181	274	30	1
182	274	30	1
183	274	30	1
185	274	30	2
203	274	30	1
209	274	30	1
211	274	30	1
241	274	30	1
251	274	30	1
175	275	30	2
185	275	30	1
203	275	30	1
212	275	30	1
235	275	30	1
242	275	30	2
244	275	30	1
249	275	30	1
250	275	30	1
251	275	30	1
186	276	30	1
205	276	30	1
232	276	30	2
236	276	30	1
238	276	30	2
240	276	30	2
241	276	30	1
243	276	30	2
246	276	30	1
248	276	30	1
253	276	30	1
174	277	30	1
245	277	30	1
190	278	30	1
201	278	30	1
205	278	30	1
206	278	30	1
226	278	30	1
236	278	30	1
238	278	30	1
239	278	30	1
243	278	30	1
246	278	30	1
206	279	30	1
207	279	30	1
237	279	30	1
239	279	30	3
240	279	30	1
247	279	30	2
248	279	30	1
254	279	30	2
178	280	30	3
183	280	30	1
232	280	30	1
233	280	30	1
237	280	30	1
241	280	30	1
242	280	30	1
244	280	30	1
245	280	30	1
248	280	30	1
249	280	30	2
251	280	30	1
254	280	30	2
179	281	30	1
224	281	30	1
237	281	30	1
241	281	30	1
243	281	30	1
245	281	30	2
247	281	30	1
249	281	30	1
254	281	30	1
172	282	30	1
182	282	30	1
187	282	30	1
215	282	30	1
222	282	30	1
232	282	30	1
234	282	30	2
237	282	30	1
245	282	30	1
247	282	30	1
248	282	30	2
252	282	30	1
253	282	30	1
256	282	30	1
179	283	30	1
202	283	30	1
205	283	30	1
209	283	30	4
221	283	30	1
234	283	30	1
238	283	30	1
242	283	30	2
246	283	30	1
248	283	30	1
249	283	30	1
250	283	30	1
252	283	30	1
257	283	30	2
177	284	30	1
220	284	30	1
221	284	30	1
233	284	30	1
238	284	30	2
240	284	30	1
251	284	30	2
254	284	30	1
211	285	30	2
220	285	30	1
224	285	30	1
227	285	30	1
229	285	30	1
245	285.666666666667	31	1
246	285	30	2
248	285	30	1
251	285	30	1
252	285	30	2
256	285	30	1
206	286	30	1
222	286	30	1
224	286	30	1
227	286	30	1
228	286	30	1
230	286	30	1
234	286	30	1
235	286	30	1
239	286	30	1
245	286	30	2
249	286	30	1
250	286	30	1
252	286	30	2
256	286	30	1
231	287	30	1
246	287	30	1
251	287	30	1
223	288	30	1
226	288	30	1
231	288	30	1
233	288	30	1
246	288	30	1
248	288	30	1
249	288	30	1
200	289	30	1
221	289	30	1
232	289	30	3
233	289	30	1
238	289	30	1
240	289	30	1
243	289	30	1
245	289	30	2
252	289	30	2
256	289	30	1
220	290	30	2
227	290	30	1
239	290	30	1
248	290	30	1
253	290	30	1
257	290	30	1
223	291	30	1
226	291	30	1
229	291	30	1
232	291	30	1
238	291	30	3
239	291	30	1
247	291	30	1
248	291	30	1
250	291	30	1
255	291	30	3
194	292	30	1
199	292	30	1
213	292	30	2
220	292	30	3
224	292	30	1
226	292	30	2
228	292	30	1
229	292	30	1
237	292	30	1
241	292	30	1
247	292	30	1
201	293	30	1
222	293	30	1
224	293	30	1
225	293	30	1
231	293	30	1
232	293	30	1
233	293	30	1
234	293	30	1
241	293	30	1
246	293	30	1
249	293	30	2
250	293	30	1
253	293	30	1
210	294	30	1
221	294	30	2
225	294	30	1
226	294	30	1
230	294	30	2
232	294	30	1
244	294	30	1
245	294	30	1
246	294	30	1
249	294	30	1
254	294	30	1
218	295	30	1
224	295	30	1
226	295	30	1
227	295	30	1
241	295	30	1
253	295	30	1
255	295	30	1
257	295	30	1
186	296	30	1
222	296	30	3
237	296	30	1
243	296	30	2
246	296	30	1
253	296	30	2
241	297	30	1
244	297	30	1
246	297	30	1
250	297	30	2
215	298	30	1
220	298	30	1
222	298	30	1
224	298	30	1
225	298	30	1
230	298	30	1
232	298	30	1
241	298	30	1
245	298	30	1
246	298	30	1
250	298	30	1
251	298	30	1
229	299	30	1
231	299	30	1
241	299	30	2
242	299	30	1
223	300	30	2
227	300	30	2
228	300	30	1
231	300	30	1
233	300	30	1
236	300	30	1
244	300	30	1
248	300	30	2
249	300	30	1
223	301	30	1
224	301	30	1
226	301	30	1
235	301	30	1
239	301	30	1
241	301	30	2
242	301	30	1
243	301	30	1
248	301	30	1
221	302	30	2
229	302	30	1
237	302	30	1
240	302	30	1
217	303	30	2
237	303	30	2
244	303	30	1
233	304	30	2
236	304	30	2
240	304	30	1
242	304	30	1
233	305	30	1
236	306	30	1
238	306	30	1
227	250	31	1
226	252	31	1
235	252	31	1
225	253	31	1
227	253	31	1
228	253	31	1
232	253	31	1
237	253	31	1
193	254	31	1
232	254	31	1
235	254	31	1
238	254	31	1
195	255	31	1
215	255	31	2
233	255	31	2
236	255	31	1
238	255	31	1
233	256	31	1
239	256	31	1
177	257	31	2
214	257	31	1
230	257	31	1
233	257	31	1
236	257	31	1
238	257	31	1
239	257	31	4
240	257	31	1
205	258	31	2
215	258	31	1
229	258	31	1
239	258	31	1
240	258	31	1
226	259	31	2
231	259	31	1
187	260	31	2
190	260	31	3
195	260	31	1
212	260	31	1
220	260	31	1
221	260	31	2
227	260	31	1
237	260	31	2
242	260	31	3
184	261	31	1
187	261	31	3
195	261	31	1
208	261	31	1
210	261	31	1
216	261	31	1
225	261	31	1
226	261	31	1
228	261	31	1
229	261	31	1
231	261	31	1
239	261	31	1
243	261	31	1
193	262	31	1
195	262	31	1
207	262	31	1
217	262	31	1
219	262	31	1
220	262	31	1
221	262	31	2
226	262	31	2
229	262	31	1
230	262	31	1
235	262	31	1
238	262	31	2
240	262	31	1
246	262	31	1
248	262	31	1
249	262	31	1
194	263	31	2
211	263	31	1
216	263	31	1
219	263	31	1
220	263	31	1
223	263	31	2
226	263	31	1
227	263	31	1
228	263	31	1
234	263	31	1
235	263	31	1
236	263	31	1
240	263	31	1
249	263	31	1
184	264	31	1
185	264	31	2
187	264	31	1
194	264	31	1
195	264	31	1
197	264	31	1
209	264	31	1
214	264	31	1
218	264	31	1
221	264	31	1
224	264	31	1
226	264	31	1
227	264	31	1
238	264	31	1
244	264	31	1
248	264	31	1
186	265	31	1
196	265	31	1
200	265	31	2
213	265	31	2
216	265	31	1
233	265	31	3
235	265	31	1
239	265	31	1
240	265	31	1
243	265	31	1
246	265	31	1
248	265	31	1
186	266	31	3
189	266	31	1
193	266	31	1
194	266	31	1
198	266	31	1
221	266	31	1
228	266	31	1
233	266	31	4
246	266	31	1
251	266	31	1
182	267	31	1
186	267	31	1
192	267	31	1
222	267	31	1
232	267	31	1
237	267	31	1
238	267	31	1
242	267	31	1
246	267	31	1
184	268	31	1
188	268	31	1
193	268	31	1
210	268	31	1
213	268	31	1
215	268	31	1
222	268	31	1
231	268	31	2
240	268	31	1
244	268	31	1
184	269	31	1
191	269	31	1
193	269	31	1
209	269	31	1
210	269	31	1
215	269	31	1
232	269	31	1
239	269	31	1
247	269	31	1
248	269	31	1
173	270	31	2
178	270	31	1
185	270	31	1
196	270	31	1
198	270	31	1
199	270	31	2
201	270	31	1
216	270	31	1
231	270	31	1
234	270	31	3
171	271	31	1
172	271	31	1
176	271	31	1
200	271	31	1
203	271	31	1
204	271	31	1
215	271	31	2
216	271	31	1
217	271	31	1
238	271	31	1
239	271	31	1
241	271	31	2
245	271	31	2
247	271	31	1
251	271	31	1
199	272	31	2
203	272	31	1
206	272	31	1
210	272	31	1
212	272	31	1
214	272	31	1
216	272	31	1
230	272	31	1
234	272	31	2
238	272	31	1
240	272	31	1
241	272	31	4
251	272	31	1
184	273	31	1
210	273	31	1
212	273	31	1
214	273	31	1
229	273	31	1
235	273	31	1
236	273	31	1
242	273	31	1
246	273	31	1
180	274	31	1
185	274	31	1
204	274	31	1
211	274	31	1
216	274	31	1
230	274	31	1
232	274	31	1
233	274	31	1
248	274	31	2
252	274	31	1
182	275	31	1
184	275	31	1
205	275	31	1
211	275	31	1
235	275	31	1
238	275	31	1
239	275	31	1
176	276	31	2
181	276	31	2
233	276	31	1
239	276	31	2
246	276	31	1
205	277	31	1
209	277	31	1
233	277	31	1
237	277	31	1
238	277	31	1
239	277	31	1
178	278	31	1
203	278	31	2
206	278	31	1
207	278	31	1
208	278	31	1
237	278	31	1
243	278	31	1
244	278	31	1
249	278	31	1
180	279	31	2
205	279	31	1
206	279	31	1
208	279	31	2
237	279	31	1
238	279	31	1
243	279	31	2
244	279	31	1
246	279	31	1
175	280	31	1
176	280	31	1
208	280	31	1
217	280	31	1
219	280	31	1
220	280	31	1
232	280	31	2
237	280	31	1
241	280	31	1
246	280	31	1
247	280	31	2
249	280	31	1
251	280	31	1
206	281	31	1
223	281	31	1
228	281	31	2
231	281	31	1
233	281	31	1
236	281	31	1
239	281	31	2
240	281	31	2
245	281	31	1
254	281	31	1
181	282	31	1
206	282	31	1
219	282	31	1
220	282	31	1
225	282	31	1
231	282	31	1
232	282	31	1
233	282	31	1
240	282	31	1
246	282	31	2
247	282	31	1
248	282	31	1
254	282	31	2
179	283	31	1
184	283	31	2
208	283	31	1
209	283	31	2
219	283	31	2
235	283	31	1
239	283	31	2
241	283	31	2
244	283	31	1
251	283	31	1
252	283	31	1
175	284	31	2
181	284	31	3
237	284	31	2
244	284	31	1
257	284	31	1
179	285	31	2
206	285	31	2
220	285	31	2
222	285	31	1
224	285	31	1
235	285	31	1
243	285	31	1
244	285	31	1
245	285	31	2
247	285	31	1
252	285	31	1
255	285	31	1
218	286	31	1
222	286	31	1
224	286	31	2
237	286	31	1
239	286	31	1
246	286	31	1
249	286	31	1
187	287	31	1
219	287	31	1
220	287	31	2
223	287	31	1
228	287	31	1
229	287	31	2
230	287	31	1
236	287	31	1
239	287	31	1
240	287	31	1
246	287	31	1
252	287	31	1
255	287	31	1
256	287	31	2
187	288	31	1
225	288	31	2
230	288	31	2
234	288	31	2
236	288	31	2
241	288	31	1
242	288	31	1
244	288	31	1
247	288	31	1
251	288	31	1
200	289	31	1
205	289	31	1
222	289	31	1
225	289	31	2
226	289	31	1
227	289	31	1
228	289	31	1
231	289	31	1
245	289	31	1
247	289	31	1
250	289	31	1
221	290	31	1
225	290	31	2
227	290	31	1
231	290	31	1
241	290	31	1
242	290	31	1
246	290	31	1
197	291	31	2
231	291	31	1
237	291	31	1
238	291	31	2
240	291	31	1
245	291	31	1
248	291	31	1
249	291	31	1
254	291	31	1
198	292	31	2
201	292	31	2
221	292	31	1
222	292	31	1
227	292	31	2
231	292	31	1
238	292	31	1
242	292	31	1
243	292	31	3
250	292	31	1
221	293	31	2
222	293	31	1
223	293	31	1
228	293	31	1
232	293	31	1
234	293	31	2
238	293	31	2
243	293	31	2
246	293	31	3
253	293	31	1
198	294	31	1
202	294	31	2
220	294	31	2
221	294	31	1
224	294	31	2
227	294	31	1
230	294	31	1
232	294	31	2
233	294	31	1
250	294	31	1
253	294	31	1
198	295	31	2
202	295	31	1
220	295	31	1
226	295	31	1
235	295	31	2
243	295	31	1
215	296	31	1
222	296	31	1
228	296	31	1
234	296	31	1
236	296	31	1
240	296	31	1
242	296	31	1
248	296	31	1
221	297	31	1
223	297	31	2
230	297	31	1
234	297	31	1
235	297	31	1
239	297	31	2
241	297	31	1
242	297	31	2
243	297	31	2
248	297	31	1
252	297	31	1
255	297	31	1
205	298	31	1
226	298	31	1
228	298	31	1
232	298	31	1
237	298	31	1
242	298	31	2
245	298	31	2
250	298	31	2
221	299	31	2
232	299	31	2
237	299	31	1
243	299	31	1
246	299	31	1
247	299	31	1
218	300	31	1
225	300	31	1
227	300	31	1
230	300	31	2
231	300	31	2
232	300	31	2
235	300	31	1
236	300	31	1
238	300	31	1
244	300	31	2
224	301	31	1
226	301	31	1
228	301	31	1
229	301	31	1
234	301	31	1
236	301	31	1
241	301	31	1
242	301	31	1
243	301	31	1
245	301	31	2
248	301	31	1
249	301	31	1
220	302	31	4
223	302	31	1
232	302	31	1
239	302	31	1
243	302	31	1
245	302	31	1
246	302	31	1
224	303	31	2
231	303	31	2
234	303	31	1
237	303	31	1
239	303	31	1
244	303	31	1
246	303	31	1
232	304	31	1
237	304	31	3
243	304	31	1
223	305	31	3
224	305	31	1
225	305	31	2
235	305	31	1
236	305	31	2
238	305	31	1
242	305	31	1
223	306	31	1
236	306	31	1
223	307	31	1
224	307	31	2
215	251	32	1
228	251	32	3
229	251	32	1
227	252	32	2
214	253	32	1
216	253	32	1
217	253	32	2
218	253	32	2
221	253	32	2
225	253	32	2
228	254	32	1
230	254	32	2
236	254	32	1
238	254	32	1
239	254	32	1
234	255	32	1
235	255	32	1
236	255	32	3
238	255	32	1
219	256	32	1
227	256	32	1
232	256	32	1
209	257	32	2
218	257	32	1
229	257	32	1
230	257	32	1
232	257	32	2
182	258	32	1
190	258	32	2
192	258	32	1
214	258	32	1
215	258	32	1
219	258	32	1
230	258	32	1
232	258	32	2
235	258	32	1
239	258	32	1
240	258	32	2
241	258	32	1
207	259	32	2
209	259	32	3
211	259	32	1
213	259	32	1
215	259	32	2
219	259	32	1
220	259	32	1
227	259	32	1
231	259	32	1
240	259	32	2
243	259	32	1
182	260	32	1
211	260	32	2
214	260	32	1
216	260	32	1
220	260	32	1
228	260	32	1
230	260	32	1
236	260	32	1
237	260	32	2
240	260	32	2
242	260	32	1
248	260	32	1
186	261	32	1
211	261	32	1
215	261	32	1
216	261	32	1
218	261	32	1
222	261	32	2
224	261	32	1
225	261	32	1
226	261	32	1
228	261	32	1
229	261	32	1
245	261	32	1
246	261	32	1
189	262	32	1
194	262	32	1
198	262	32	2
207	262	32	2
216	262	32	1
217	262	32	1
219	262	32	2
221	262.666666666667	33	1
228	262	32	1
233	262	32	1
240	262	32	2
243	262	32	1
247	262	32	1
249	262	32	1
200	263	32	1
213	263	32	1
216	263	32	1
218	263	32	1
221	263	32	2
226	263	32	1
231	263	32	1
232	263	32	1
233	263	32	1
236	263	32	1
237	263	32	1
242	263	32	1
246	263	32	1
186	264	32	1
188	264	32	1
210	264	32	1
215	264	32	1
216	264	32	1
231	264	32	1
238	264	32	1
247	264	32	1
248	264	32	2
250	264	32	2
186	265	32	2
189	265	32	1
191	265	32	4
194	265	32	1
212	265	32	1
215	265	32	1
217	265	32	1
226	265	32	1
231	265	32	1
243	265	32	1
248	265	32	1
178	266	32	1
184	266	32	1
195	266	32	1
196	266	32	1
203	266	32	1
216	266	32	1
218	266	32	1
229	266	32	1
230	266	32	1
234	266	32	1
236	266	32	2
238	266	32	1
243	266	32	2
248	266	32	1
249	266	32	1
182	267	32	1
184	267	32	3
191	267	32	3
196	267	32	1
211	267	32	2
214	267	32	2
221	267	32	1
228	267	32	1
230	267	32	1
239	267	32	1
242	267	32	1
248	267	32	2
183	268	32	1
193	268	32	1
195	268	32	3
206	268	32	1
207	268	32	1
211	268	32	1
213	268	32	1
214	268	32	1
216	268	32	1
219	268	32	1
225	268	32	1
233	268	32	1
245	268	32	2
248	268	32	1
253	268	32	1
182	269	32	1
204	269	32	1
209	269	32	1
211	269	32	2
214	269	32	2
222	269	32	1
228	269	32	1
233	269	32	1
241	269	32	1
245	269	32	1
246	269	32	1
251	269	32	2
172	270	32	2
173	270	32	1
184	270	32	2
185	270	32	1
187	270	32	1
197	270	32	1
207	270	32	2
210	270	32	1
216	270	32	2
224	270	32	2
231	270	32	2
233	270	32	2
234	270	32	1
241	270	32	2
243	270	32	1
244	270	32	1
245	270	32	1
247	270	32	1
249	270	32	1
250	270	32	2
175	271	32	2
180	271	32	2
182	271	32	1
184	271	32	2
202	271	32	1
207	271	32	1
209	271	32	1
210	271	32	3
211	271	32	1
215	271	32	1
231	271	32	1
234	271	32	1
238	271	32	2
239	271	32	1
240	271	32	1
244	271	32	1
246	271	32	1
250	271	32	1
251	271	32	1
175	272	32	1
176	272	32	1
177	272	32	1
181	272	32	1
183	272	32	1
186	272	32	1
200	272	32	1
201	272	32	1
205	272	32	2
207	272	32	1
208	272	32	1
210	272	32	2
212	272	32	1
214	272	32	1
216	272	32	1
226	272	32	1
238	272	32	1
240	272	32	2
244	272	32	2
245	272	32	2
246	272	32	1
251	272	32	2
174	273	32	1
182	273	32	1
186	273	32	1
201	273	32	1
207	273	32	1
208	273	32	2
212	273	32	1
213	273	32	1
214	273	32	2
229	273	32	1
234	273	32	2
240	273	32	1
245	273	32	1
249	273	32	1
250	273	32	1
172	274	32	1
179	274	32	1
183	274	32	1
184	274	32	1
202	274	32	1
205	274	32	2
207	274	32	1
211	274	32	1
234	274	32	1
235	274	32	1
246	274	32	2
250	274	32	1
181	275	32	1
183	275	32	1
214	275	32	1
216	275	32	1
249	275	32	1
174	276	32	1
204	276	32	2
206	276	32	1
233	276	32	1
234	276	32	1
235	276	32	1
236	276	32	1
239	276	32	1
174	277	32	2
204	277	32	1
215	277	32	1
232	277	32	1
236	277	32	1
241	277	32	1
204	278	32	1
206	278	32	1
224	278	32	1
235	278	32	1
237	278	32	1
241	278	32	1
243	278	32	1
246	278	32	1
248	278	32	1
250	278	32	1
175	279	32	1
177	279	32	2
181	279	32	1
241	279	32	2
243	279	32	1
244	279	32	1
250	279	32	2
173	280	32	1
177	280	32	1
180	280	32	1
208	280	32	1
219	280	32	1
221	280	32	1
222	280	32	1
237	280	32	1
238	280	32	1
249	280	32	1
186	281	32	1
210	281	32	1
211	281	32	1
219	281	32	1
223	281	32	1
237	281	32	1
239	281	32	1
173	282	32	2
174	282	32	1
187	282	32	1
204	282	32	1
218	282	32	1
221	282	32	1
222	282	32	2
227	282	32	1
229	282	32	1
231	282	32	2
233	282	32	1
246	282	32	1
249	282	32	1
251	282	32	1
256	282	32	1
173	283	32	1
175	283	32	1
178	283	32	1
179	283	32	1
181	283	32	1
183	283	32	1
222	283	32	1
224	283	32	1
226	283	32	1
238	283	32	1
242	283	32	1
245	283	32	1
246	283	32	1
248	283	32	1
253	283	32	1
176	284	32	1
206	284	32	1
208	284	32	1
210	284	32	1
219	284	32	1
220	284	32	1
222	284	32	1
229	284	32	1
233	284	32	3
244	284	32	1
248	284	32	1
251	284	32	1
254	284	32	1
257	284	32	1
177	285	32	2
179	285	32	1
182	285	32	1
218	285	32	2
220	285	32	1
223	285	32	1
235	285	32	3
246	285	32	1
249	285	32	1
250	285	32	1
206	286	32	1
222	286	32	1
223	286	32	1
226	286	32	2
228	286	32	1
237	286	32	1
239	286	32	1
240	286	32	1
242	286	32	1
246	286	32	1
176	287	32	2
187	287	32	2
208	287	32	1
221	287	32	1
225	287	32	1
226	287	32	1
228	287	32	1
236.5	287.5	32.5	1
238	287	32	1
240	287	32	1
248	287	32	1
250	287	32	1
203	288	32	1
220	288	32	1
222	288	32	2
231	288	32	1
232	288	32	1
234	288	32	1
235	288	32	1
237	288	32	1
243	288	32	1
244	288	32	1
245	288	32	2
249	288	32	1
258	288	32	1
201	289	32	1
226	289	32	2
227	289	32	1
233	289	32	2
234	289	32	1
235	289	32	1
248	289	32	1
185	290	32	1
200	290	32	3
220	290	32	1
221	290	32	1
226	290	32	1
232	290	32	1
234	290	32	1
241	290	32	3
243	290	32	1
247	290	32	1
186	291	32	3
222	291	32	1
223	291	32	2
229	291	32	1
233.333333333333	291.333333333333	33	1
235	291	32	1
244	291	32	1
245	291	32	1
246	291	32	2
198	292	32	1
201	292	32	2
203	292	32	1
204	292	32	3
218	292	32	1
221	292	32	1
223	292	32	1
224	292	32	3
233	292	32	1
236.75	292.75	33	1
242	292	32	1
250	292	32	1
252	292	32	1
255	292	32	1
256	292	32	1
216	293	32	1
218	293	32	3
220	293	32	1
222	293	32	1
224	293	32	2
225	293	32	1
227	293	32	2
228	293	32	1
230	293	32	1
232	293	32	1
233	293	32	1
234	293	32	1
236	293	32	3
253	293	32	2
197	294	32	2
204	294	32	1
223	294	32	1
224	294	32	1
228	294	32	1
230	294	32	1
233	294	32	1
236	294	32	2
242	294	32	2
244	294	32	1
247	294	32	1
252	294	32	1
256	294	32	1
181	295	32	1
192	295	32	3
217	295	32	1
220	295	32	1
223	295	32	1
224	295	32	1
225	295	32	1
229	295	32	1
230	295	32	1
231	295	32	1
232	295	32	1
240	295	32	1
243	295	32	2
247	295	32	1
251	295	32	1
197	296	32	1
198	296	32	2
200	296	32	2
218	296	32	1
223	296	32	1
225	296	32	1
231	296	32	1
242	296	32	1
244	296	32	1
251	296	32	1
252	296	32	1
255	296	32	2
183	297	32	1
221	297	32	1
225	297	32	1
229	297	32	1
230	297	32	1
242	297	32	1
246	297	32	1
247	297	32	1
248	297	32	1
250	297	32	1
252	297	32	1
255	297	32	1
219	298	32	1
228	298	32	1
232	298	32	2
233	298	32	1
237	298	32	2
239	298	32	1
244	298	32	1
249	298	32	1
251	298	32	1
253	298	32	1
196	299	32	1
197	299	32	1
228	299	32	1
231	299	32	1
235	299	32	3
236	299	32	1
247	299	32	1
249	299	32	1
185	300	32	2
196	300	32	1
197	300	32	1
235	300	32	1
237	300	32	1
240	300	32	1
244	300	32	1
245	300	32	1
246	300	32	1
248	300	32	1
198	301	32	1
221	301	32	1
224	301	32	1
225	301	32	1
229	301	32	1
235	301	32	1
236	301	32	1
237	301	32	1
239	301	32	1
241	301	32	2
243	301	32	1
244	301	32	1
223	302	32	2
236	302	32	1
238	302	32	1
239	302	32	1
240	302	32	2
242	302	32	1
247	302	32	1
223	303	32	1
225	303	32	2
232	303	32	1
239	303	32	1
241	303	32	1
245	303	32	1
217	304	32	1
233	304	32	2
234	304	32	1
235	304	32	1
236	304	32	1
237	304	32	2
244	304	32	1
245	304	32	1
235	305	32	1
237	305	32	2
242	305	32	1
230	306	32	1
234	306	32	1
206	307	32	1
221	307	32	1
226	307	32	1
234	307	32	1
236	307	32	2
220	308	32	1
225	308	32	3
227	308	32	1
236	308	32	2
226	309	32	2
228	309	32	1
229	310	32	1
231	310	32	1
233	310	32	1
232	312	32	1
235	313	32	1
232	249	33	1
228	250	33	2
230	251	33	1
217	253	33	1
218	253	33	1
221	253	33	1
224	253	33	1
225	253	33	1
228	253	33	1
232	253	33	1
193	254	33	1
225	254	33	2
230	254	33	1
232	254	33	1
239	254	33	1
240	254	33	1
241	254	33	1
218	255	33	1
221	255	33	1
223	255	33	1
231	255	33	2
237	255	33	1
215	256	33	1
222	256	33	1
223	256	33	1
225	256	33	1
228	256	33	1
237	256	33	1
238	256	33	1
214	257	33	1
215	257	33	2
218	257	33	1
220	257	33	2
221	257	33	1
224	257	33	1
237	257	33	1
239	257	33	1
218	258	33	1
220	258	33	2
226	258	33	1
232	258	33	2
233	258	33	1
244	258	33	1
189	259	33	1
201	259	33	1
211	259	33	1
213	259	33	1
223	259	33	1
226	259	33	1
228	259	33	1
233	259	33	1
237	259	33	1
242	259	33	1
243	259	33	1
246	259	33	2
213	260	33	2
223	260	33	1
231	260	33	1
243	260	33	1
246	260	33	2
188	261	33	1
205	261	33	1
208	261	33	1
218	261	33	1
222	261	33	1
229	261	33	1
234	261	33	2
235	261	33	1
237	261	33	1
238	261	33	2
241	261	33	1
242	261	33	2
247	261	33	1
203	262	33	1
209	262	33	1
211	262	33	2
219	262	33	1
224	262	33	1
230	262	33	2
231	262	33	1
238	262	33	1
242	262	33	1
243	262	33	1
188	263	33	1
190	263	33	1
191	263	33	1
203	263	33	1
218	263	33	1
223	263	33	1
224	263	33	1
225	263	33	2
227	263	33	1
233	263	33	1
236	263	33	1
243	263	33	2
245	263	33	1
247	263	33	1
248	263	33	2
249	263	33	1
187	264	33	1
188	264	33	1
190	264	33	1
191	264	33	1
192	264	33	1
199	264	33	1
214	264	33	1
216	264	33	2
217	264	33	1
220	264	33	2
233	264	33	1
192	265	33	1
195	265	33	1
207	265	33	2
214	265	33	2
219	265	33	1
233	265	33	2
237	265	33	1
239	265	33	1
242	265	33	1
243	265	33	2
245	265	33	1
248	265	33	1
252	265	33	2
184	266	33	2
194	266	33	1
195	266	33	1
215	266	33	1
217	266	33	1
218	266	33	1
219	266	33	1
237	266	33	1
240	266	33	1
246	266	33	1
182	267	33	1
183	267	33	3
184	267	33	2
186	267	33	1
188	267	33	1
196	267	33	1
209	267	33	1
216	267	33	2
226	267	33	1
228	267	33	1
229	267	33	1
240	267	33	1
245	267	33	2
253	267	33	1
189	268	33	1
193	268	33	1
211	268	33	2
217	268	33	1
220	268	33	1
231	268	33	2
235	268	33	4
249	268	33	1
250	268	33	1
185	269	33	2
187	269	33	1
191	269	33	1
194	269	33	2
196	269	33	1
208	269	33	2
217	269	33	1
219	269	33	1
232	269	33	1
233	269	33	2
234	269	33	1
239	269	33	1
244	269	33	1
179	270	33	2
186	270	33	1
198	270	33	1
206	270	33	1
207	270	33	1
209	270	33	1
214	270	33	1
215	270	33	1
223	270	33	1
233	270	33	1
243	270	33	1
244	270	33	1
247	270	33	1
248	270	33	1
252	270	33	1
185	271	33	1
204	271	33	1
208	271	33	1
214	271	33	1
215	271	33	1
233	271	33	1
238	271	33	1
239	271	33	1
241	271	33	2
245	271	33	1
176	272	33	1
177	272	33	1
180	272	33	1
204	272	33	1
216	272	33	1
225	272	33	1
232	272	33	1
237	272	33	1
239	272	33	1
240	272	33	4
241	272	33	1
242	272	33	1
245	272	33	2
246	272	33	1
247	272	33	1
251	272	33	2
171	273	33	1
173	273	33	1
174	273	33	1
182	273	33	2
185	273	33	1
189	273	33	2
196	273	33	1
202	273	33	1
205	273	33	1
210	273	33	1
211	273	33	1
214	273	33	1
216	273	33	1
226	273	33	1
240	273	33	1
241	273	33	2
243	273	33	2
253	273	33	1
176	274	33	1
182	274	33	2
185	274	33	1
203	274	33	1
208	274	33	1
209	274	33	1
210	274	33	1
227	274	33	1
232	274	33	1
237	274	33	1
239	274	33	1
243	274	33	1
245	274	33	1
250	274	33	1
183	275	33	1
186	275	33	1
188	275	33	2
200	275	33	1
213	275	33	1
214	275	33	1
227	275	33	1
237	275	33	1
239	275	33	1
240	275	33	1
246	275	33	1
250	275	33	1
251	275	33	1
176	276	33	2
177	276	33	1
201	276	33	1
206	276	33	1
215	276	33	1
232	276	33	1
236	276	33	1
239	276	33	1
241	276	33	1
242	276	33	1
243	276	33	1
173	277	33	1
205	277	33	1
206	277	33	1
210	277	33	1
211	277	33	1
216	277	33	1
238	277	33	1
242	277	33	1
243	277	33	1
244	277	33	1
245	277	33	1
247	277	33	1
178	278	33	3
204	278	33	1
205	278	33	2
237	278	33	1
240	278	33	2
245	278	33	1
168	279	33	1
175	279	33	1
176	279	33	1
220	279	33	2
234	279	33	1
175	280	33	1
206	280	33	1
208	280	33	1
209	280	33	1
210	280	33	1
220	280	33	2
239	280	33	1
241	280	33	1
246	280	33	2
248	280	33	1
176	281	33	1
178	281	33	2
179	281	33	1
204	281	33	1
207	281	33	1
208	281	33	2
217	281	33	1
219	281	33	1
224	281	33	1
233	281	33	1
239	281	33	1
241	281	33	1
243	281	33	1
244	281	33	3
247	281	33	2
248	281	33	1
249	281	33	1
250	281	33	1
175	282	33	1
177	282	33	3
178	282	33	1
207	282	33	1
209	282	33	1
210	282	33	1
211	282	33	1
212	282	33	1
213	282	33	2
218	282	33	1
225	282	33	1
229	282	33	1
230	282	33	1
231	282	33	1
234	282	33	1
235	282	33	1
241	282	33	1
245	282	33	1
247	282	33	1
251	282	33	1
252	282	33	1
174	283	33	1
183	283	33	1
185	283	33	2
204	283	33	1
211	283	33	1
218	283	33	1
221	283	33	1
227	283	33	1
229	283	33	1
246	283	33	2
253	283	33	1
175	284	33	1
187	284	33	1
219	284	33	1
222	284	33	1
225	284	33	1
230	284	33	1
234	284	33	1
236	284	33	1
243	284	33	2
252	284	33	1
175	285	33	1
178	285	33	1
204	285	33	3
208	285	33	2
220	285	33	1
221	285	33	1
224	285	33	1
225	285	33	1
226	285	33	2
227	285	33	1
228	285	33	1
232	285	33	1
233	285	33	2
241	285	33	1
243	285	33	1
246	285	33	2
247	285	33	2
188	286	33	1
204	286	33	1
206	286	33	1
207	286	33	1
221	286	33	2
223	286	33	1
228	286	33	2
241.5	286.5	33.5	1
244	286	33	2
246	286	33	1
252	286	33	1
255	286	33	1
205	287	33	1
219	287	33	1
221	287	33	1
223	287	33	2
224	287	33	1
225	287	33	3
226	287	33	1
228	287	33	1
233	287	33	1
234	287	33	1
235	287	33	1
244	287	33	1
245	287	33	1
246	287	33	1
247	287	33	1
253	287	33	1
184	288	33	1
196	288	33	1
226	288	33	2
233	288	33	1
239	288	33	2
244	288	33	1
245	288	33	1
249	288	33	1
184	289	33	1
201	289	33	1
224	289	33	1
237	289	33	1
241.5	289.5	33.5	1
246	289	33	2
187	290	33	1
199	290	33	1
223	290	33	1
225	290	33	2
231	290	33	2
233	290	33	1
234	290	33	1
239	290	33	2
241	290	33	1
248	290	33	1
250	290	33	1
185	291	33	1
197	291	33	2
199	291	33	3
200	291	33	2
201	291	33	1
203	291	33	2
223	291	33	1
229	291	33	1
232	291	33	1
233	291	33	1
236	291	33	1
241	291	33	1
245	291	33	1
246	291	33	1
249	291	33	1
200	292	33	1
221	292	33	1
223	292	33	1
225	292	33	2
235	292	33	1
236	292	33	1
248	292	33	1
177	293	33	1
199	293	33	1
220	293	33	1
229	293	33	1
235	293	33	1
237	293	33	1
239	293	33	1
240	293	33	1
244	293	33	1
247	293	33	1
252	293	33	2
254	293	33	1
180	294	33	1
195	294	33	1
199	294	33	1
202	294	33	1
213	294	33	1
227	294	33	2
229	294	33	1
231	294	33	1
237	294	33	3
239	294	33	1
244	294	33	1
251	294	33	1
256	294	33	1
197	295	33	1
229	295	33	1
232	295	33	1
235	295	33	1
247	295	33	1
250	295	33	1
180	296	33	1
194	296	33	1
195	296	33	1
199	296	33	2
200	296	33	1
222	296	33	1
226	296	33	1
228	296	33	1
241	296	33	1
243	296	33	1
255	296	33	1
197	297	33	2
202	297	33	1
224	297	33	1
227	297	33	1
228	297	33	1
231	297	33	1
234	297	33	1
246	297	33	1
182	298	33	1
200	298	33	1
228	298	33	2
231	298	33	1
238	298	33	2
240	298	33	1
242	298	33	1
248	298	33	2
197	299	33	2
222	299	33	1
229	299	33	1
230	299	33	1
232	299	33	3
234	299	33	1
237	299	33	1
239	299	33	1
240	299	33	1
241	299	33	1
245	299	33	1
246	299	33	1
247	299	33	1
225	300	33	1
227	300	33	2
236	300	33	1
238	300	33	2
196	301	33	2
227	301	33	1
234	301	33	1
236	301	33	1
239	301	33	1
242	301	33	2
245	301	33	2
209	302	33	1
223	302	33	2
226	302	33	1
227	302	33	1
228	302	33	1
230	302	33	1
236	302	33	1
243	302	33	2
246	302	33	1
222	303	33	2
234	303	33	1
235	303	33	2
242	303	33	2
206	304	33	1
220	304	33	1
229	304	33	1
231	304	33	1
232	304	33	1
233	304	33	1
208	305	33	2
225	305	33	1
230	305	33	1
233	305	33	1
235	305	33	1
230	306	33	1
231	306	33	1
232	306	33	1
238	306	33	1
206	307	33	1
225	307	33	1
241	307	33	1
217	308	33	2
223	308	33	1
229	308	33	2
235	308	33	2
240	308	33	1
242	308	33	1
221	309	33	1
224	309	33	1
229	309	33	2
233	309	33	1
237	309	33	3
223	310	33	2
224	310	33	2
233	310	33	1
234	310	33	1
224	311	33	1
236	311	33	2
226	312	33	1
231	312	33	1
223	313	33	2
228	313	33	1
229	313	33	1
230	313	33	1
235	314	33	1
236	314	33	3
228	251	34	1
229	251	34	2
227	252	34	1
230	252	34	1
225	253	34	1
226	254	34	2
231	254	34	1
239	254	34	1
218	255	34	1
224	255	34	2
225	255	34	1
223	256	34	1
227	256	34	1
237	256	34	2
217	257	34	1
218	257	34	1
221	257	34	1
225	257	34	1
227	257	34	1
235	257	34	1
242	257	34	1
243	257	34	1
216	258	34	3
217	258	34	2
218	258	34	1
222	258	34	2
223	258	34	1
224	258	34	1
225	258	34	2
226	258	34	1
227	258	34	1
237	258	34	1
239	258	34	2
244	258	34	2
189	259	34	1
211	259	34	1
218	259	34	1
219	259	34	1
226	259	34	1
234	259	34	1
235	259	34	1
242	259	34	1
192	260	34	1
218	260	34	1
219	260	34	1
225	260	34	1
226	260	34	1
230	260	34	1
235	260	34	1
188	261	34	1
195	261	34	1
208	261	34	1
214	261	34	2
215	261	34	3
221	261	34	1
226	261	34	1
227	261	34	1
230	261	34	1
246	261	34	1
190	262	34	1
192	262	34	2
217	262	34	1
219	262	34	1
228	262	34	1
230	262	34	2
238	262	34	1
242	262	34	1
244	262	34	2
246	262	34	2
247	262	34	1
189	263	34	1
193	263	34	1
207	263	34	1
211	263	34	1
216	263	34	1
218	263	34	1
222	263	34	1
224	263	34	1
229	263	34	1
231	263	34	1
235	263	34	1
237	263	34	1
239	263	34	1
244	263	34	1
248	263	34	1
250	263	34	1
251	263	34	1
186	264	34	1
187	264	34	2
189	264	34	1
192	264	34	1
194	264	34	1
201	264	34	1
202	264	34	1
203	264	34	1
209	264	34	1
213	264	34	2
214	264	34	1
217	264	34	1
224	264	34	2
226	264	34	1
229	264	34	1
236	264	34	2
240	264	34	1
242	264	34	1
245	264	34	1
249	264	34	1
191	265	34	1
192	265	34	1
194	265	34	1
203	265	34	1
205	265	34	3
209	265	34	2
220	265	34	1
221	265	34	2
232	265	34	1
243	265	34	2
244	265	34	1
251	265	34	1
178	266	34	1
184	266	34	1
186	266	34	1
193	266	34	1
194	266	34	1
204	266	34	1
209	266	34	1
210	266	34	1
214	266	34	2
217	266	34	1
227	266	34	1
228	266	34	1
229	266	34	1
235	266	34	1
241	266	34	1
242	266	34	2
244	266	34	1
246	266	34	1
249	266	34	1
250	266	34	1
252	266	34	2
182	267	34	2
183	267	34	1
186	267	34	1
188	267	34	2
191	267	34	1
193	267	34	1
195	267	34	1
197	267	34	1
209	267	34	1
210	267	34	1
211	267	34	1
220	267	34	2
221	267	34	1
223	267	34	1
228	267	34	1
231	267	34	2
232	267	34	1
235	267	34	1
240	267	34	1
246	267	34	1
248	267	34	1
189	268	34	1
194	268	34	1
214	268	34	1
217	268	34	2
231	268	34	2
245	268	34	1
247	268	34	1
250	268	34	2
251	268	34	1
252	268	34	1
175	269	34	1
182	269	34	1
185	269	34	1
193	269	34	1
196	269	34	2
215	269	34	1
216	269	34	1
219	269	34	1
233	269	34	2
239	269	34	2
243	269	34	1
245	269	34	2
249	269	34	1
179	270	34	2
183	270	34	1
185	270	34	1
188	270	34	2
189	270	34	1
192	270	34	1
195	270	34	1
199	270	34	1
203	270	34	1
205	270	34	2
206	270	34	1
209	270	34	1
214	270	34	1
215	270	34	1
216	270	34	1
223	270	34	1
231	270	34	1
233	270	34	1
243	270	34	1
244	270	34	1
252	270	34	1
175	271	34	3
177	271	34	1
178	271	34	1
185	271	34	2
186	271	34	1
201	271	34	1
214	271	34	1
218	271	34	1
221	271	34	2
231	271	34	1
234	271	34	1
239	271	34	1
240	271	34	1
242	271	34	1
243	271	34	1
245	271	34	1
249	271	34	1
176	272	34	1
179	272	34	1
190	272	34	1
198	272	34	2
205	272	34	2
213	272	34	1
214	272	34	2
227	272	34	1
232	272	34	2
235	272	34	1
239	272	34	1
247	272	34	1
170	273	34	1
188	273	34	1
201	273	34	2
204	273	34	1
208	273	34	1
209	273	34	1
210	273	34	1
213	273	34	2
215	273	34	2
216	273	34	1
219	273	34	1
231	273	34	1
236	273	34	1
248	273	34	3
170	274	34	1
178	274	34	2
179	274	34	1
183	274	34	1
185	274	34	1
187	274	34	1
197	274	34	1
204	274	34	1
207	274	34	2
211	274	34	1
215	274	34	1
216	274	34	1
231	274	34	1
232	274	34	1
235	274	34	1
237	274	34	1
240	274	34	1
179	275	34	3
189	275	34	1
207	275	34	2
215	275	34	2
231	275	34	1
235	275	34	2
238	275	34	1
240	275	34	2
246	275	34	1
174	276	34	1
177	276	34	1
206	276	34	1
208	276	34	1
210	276	34	1
211	276	34	1
235	276	34	1
237	276	34	2
240	276	34	1
243	276	34	1
244	276	34	2
175	277	34	1
182	277	34	1
184	277	34	1
186	277	34	1
189	277	34	1
202	277	34	1
203	277	34	3
209	277	34	3
211	277	34	2
212	277	34	1
229	277	34	1
237	277	34	1
238	277	34	1
178	278	34	1
193	278	34	1
204	278	34	1
208	278	34	2
210	278	34	1
211	278	34	1
212	278	34	1
214	278	34	1
244	278	34	1
175	279	34	3
179	279	34	1
181	279	34	1
192	279	34	1
208	279	34	1
209	279	34	1
210	279	34	1
215	279	34	1
217	279	34	1
227	279	34	3
231	279	34	1
232	279	34	1
237	279	34	1
238	279	34	1
243	279	34	1
248	279	34	1
174	280	34	1
175	280	34	2
176	280	34	1
178	280	34	1
187	280	34	1
188	280	34	1
192	280	34	2
193	280	34	1
205	280	34	1
207	280	34	1
208	280	34	1
234	280	34	1
245	280	34	1
173	281	34	1
175	281	34	1
177	281	34	1
180	281	34	1
191	281	34	1
207	281	34	1
208	281	34	1
209	281	34	1
210	281	34	1
221	281	34	1
223	281	34	1
227	281	34	1
237	281	34	1
241	281	34	1
244	281	34	1
187	282	34	2
206	282	34	1
208	282	34	1
218	282	34	1
223	282	34	1
232	282	34	1
240	282	34	1
247	282	34	1
251	282	34	2
175	283	34	2
181	283	34	1
187	283	34	1
210	283	34	1
218	283	34	1
222	283	34	1
231	283	34	2
232	283	34	1
234	283	34	1
237	283	34	1
240	283	34	1
247	283	34	1
253	283	34	2
176	284	34	1
184	284	34	1
212	284	34	1
214	284	34	1
220	284	34	2
222	284	34	1
223	284	34	1
224	284	34	1
229	284	34	1
234	284	34	2
237	284	34	1
246	284	34	1
248	284	34	1
254	284	34	1
179	285	34	2
181	285	34	1
188	285	34	2
206	285	34	1
209	285	34	1
211	285	34	1
218	285	34	1
220	285	34	2
221	285	34	1
222	285	34	3
224	285	34	1
226	285	34	2
238	285	34	1
242	285	34	1
243	285	34	1
199	286	34	1
207	286	34	2
218	286	34	1
220	286	34	1
222	286	34	1
223	286	34	1
226	286	34	1
234	286	34	2
246	286	34	2
254	286	34	1
184	287	34	2
187	287	34	1
188	287	34	1
190	287	34	2
199	287	34	2
220	287	34	1
222	287	34	1
224	287	34	1
225	287	34	1
226	287	34	1
233	287	34	1
234	287	34	1
238	287	34	1
239	287	34	1
243	287	34	1
186	288	34	1
190	288	34	1
201	288	34	1
202	288	34	1
205	288	34	1
206	288	34	1
209	288	34	1
220	288	34	1
221	288	34	1
224	288	34	1
226	288	34	1
230	288	34	1
231	288	34	1
235	288	34	2
237	288	34	1
238	288	34	1
240	288	34	3
253	288	34	2
255	288	34	1
175	289	34	1
202	289	34	1
228	289	34	2
238	289	34	1
241	289	34	1
242	289	34	1
257	289	34	1
176	290	34	2
187	290	34	2
220	290	34	1
229	290	34	2
233	290	34	1
240	290	34	3
243	290	34	1
247	290	34	1
182	291	34	1
185	291	34	1
199	291	34	2
200	291	34	1
223	291	34	1
225	291	34	1
232	291	34	1
235	291	34	1
241	291	34	2
247	291	34	1
248	291	34	1
249	291	34	1
250	291	34	2
255	291	34	1
202	292	34	1
204	292	34	3
222	292	34	1
223	292	34	3
225	292	34	1
234	292	34	1
241	292	34	1
242	292	34	1
247	292	34	1
252	292	34	1
190	293	34	1
196	293	34	1
223	293	34	2
224	293	34	1
225	293	34	1
231	293	34	2
232	293	34	1
241	293	34	1
247	293	34	1
182	294	34	1
199	294	34	1
225	294	34	1
235	294	34	1
242	294	34	1
243	294	34	2
246	294	34	1
192	295	34	1
196	295	34	1
203	295	34	2
218	295	34	1
224	295	34	1
228	295	34	1
230	295	34	1
231	295	34	2
184	296	34	1
191	296	34	1
194	296	34	1
202	296	34	1
205	296	34	1
228	296	34	1
236	296	34	1
245	296	34	1
179	297	34	1
194	297	34	1
203	297	34	1
204	297	34	2
221	297	34	1
223	297	34	1
224	297	34	1
231	297	34	3
232	297	34	1
233	297	34	2
235	297	34	1
243	297	34	1
247	297	34	2
182	298	34	1
196	298	34	1
203	298	34	1
220	298	34	2
233	298	34	1
234	298	34	1
236	298	34	3
242	298	34	1
180	299	34	1
196	299	34	1
197	299	34	1
198	299	34	1
203	299	34	1
207	299	34	1
227	299	34	1
229	299	34	2
232	299	34	1
236	299	34	1
239	299	34	1
241	299	34	1
242	299	34	1
245	299	34	2
225	300	34	1
228	300	34	1
230	300	34	1
233	300	34	1
239	300	34	1
197	301	34	1
224	301	34	2
229	301	34	1
233	301	34	1
240	301	34	2
241	301	34	1
244	301	34	2
246	301	34	1
228	302	34	1
230	302	34	1
232	302	34	1
235	302	34	1
237	302	34	1
243	302	34	1
227	303	34	1
229	303	34	1
231	303	34	1
236	303	34	1
239	303	34	1
240	303	34	2
241	303	34	1
226	304	34	1
227	304	34	1
231	304	34	1
232	304	34	1
235	304	34	1
237	304	34	2
240	304	34	4
222	305	34	1
223	305	34	1
225	305	34	2
235	305	34	1
237	305	34	1
198	306	34	1
226	306	34	1
228	306	34	2
233	306	34	1
236	306	34	1
206	307	34	1
221	307	34	1
223	307	34	1
226	307	34	1
241	307	34	1
243	307	34	1
224	308	34	1
225	308	34	1
227	308	34	1
233	308	34	1
241	308	34	1
243	308	34	1
223	309	34	2
224	309	34	1
225	309	34	1
229	309	34	3
232	309	34	1
233	309	34	1
237	309	34	1
216	310	34	1
222	310	34	2
229	310	34	1
231	310	34	2
234	310	34	1
236	310	34	4
237	310	34	2
238	310	34	1
239	310	34	1
240	310	34	1
241	310	34	1
218	311	34	1
224	311	34	1
228	311	34	2
230	311	34	1
231	311	34	1
236	311	34	1
231	313	34	1
232	313	34	1
226	314	34	2
229	314	34	1
227	315	34	2
228	315	34	1
229	315	34	1
230	315	34	1
230	316	34	2
232	316	34	1
234	316	34	1
230	248	35	1
229	250	35	1
224	251	35	1
227	251	35	1
228	251	35	1
223	252	35	1
219	253	35	1
232	253	35	1
219	254	35	1
221	254	35	2
223	254	35	1
224	254	35	2
225	254	35	1
209	255	35	1
218	255	35	2
222	255	35	1
225	255	35	1
227	255	35	1
230	255	35	1
231	255	35	1
215	256	35	1
216	256	35	2
218	256	35	1
223	256	35	1
225	256	35	1
226	256	35	1
230	256	35	1
241	256	35	1
209	257	35	1
223	257	35	1
224	257	35	2
241	257	35	1
243	257	35	1
203	258	35	1
217	258	35	1
218	258	35	1
227	258	35	1
229	258	35	3
230	258	35	3
237	258	35	1
239	258	35	1
240	258	35	1
215	259	35	2
217	259	35	1
218	259	35	1
221	259	35	2
223	259	35	4
227	259	35	1
229	259	35	1
233	259	35	1
234	259	35	1
242	259	35	2
214	260	35	2
215	260	35	1
224	260	35	1
227	260	35	1
228	260	35	2
234	260	35	1
235	260	35	1
240	260	35	1
242	260	35	1
243	260	35	1
247	260	35	2
189	261	35	1
191	261	35	2
193	261	35	1
210	261	35	1
216	261	35	1
217	261	35	1
218	261	35	1
220	261	35	1
221	261	35	1
222	261	35	1
223	261	35	1
226	261	35	1
234	261	35	1
235	261	35	1
242	261	35	1
245	261	35	1
189	262	35	1
203	262	35	1
207	262	35	1
208	262	35	1
211	262	35	2
213	262	35	1
215	262	35	1
231	262	35	1
237	262	35	1
248	262	35	1
189	263	35	1
208	263	35	1
209	263	35	1
217	263	35	1
218	263	35	1
219	263	35	1
225	263	35	1
227	263	35	1
230	263	35	1
231	263	35	1
243	263	35	1
247	263	35	1
249	263	35	1
188	264	35	1
190	264	35	1
213	264	35	1
214	264	35	1
218	264	35	1
220	264	35	1
225	264	35	1
230	264	35	2
231	264	35	1
232	264	35	1
234	264	35	2
239	264	35	1
243	264	35	1
250	264	35	2
178	265	35	1
184	265	35	5
187	265	35	2
190	265	35	1
193	265	35	1
194	265	35	1
200	265	35	1
204	265	35	1
205	265	35	2
214	265	35	1
217	265	35	1
220	265	35	1
221	265	35	1
222	265	35	1
232	265	35	1
233	265	35	1
234	265	35	1
245	265	35	2
184	266	35	2
186	266	35	1
188	266	35	1
194	266	35	1
196	266	35	1
204	266	35	1
208	266	35	1
209	266	35	1
219	266	35	2
224	266	35	1
226	266	35	1
228	266	35	1
230	266	35	2
236	266	35	1
238	266	35	3
247	266	35	1
250	266	35	1
185	267	35	1
186	267	35	1
187	267	35	1
189	267	35	1
191	267	35	1
194	267	35	1
195	267	35	1
196	267	35	1
206	267	35	1
210	267	35	1
216	267	35	2
218	267	35	1
220	267	35	1
226	267	35	1
229	267	35	1
235	267	35	3
242	267	35	1
243	267	35	1
246	267	35	1
247	267	35	1
248	267	35	1
177	268	35	1
183	268	35	1
185	268	35	2
188	268	35	1
189	268	35	1
194	268	35	1
195	268	35	1
196	268	35	1
202	268	35	2
205	268	35	2
208	268	35	1
209	268	35	1
223	268	35	1
225	268	35	2
242	268	35	1
245	268	35	3
246	268	35	1
249	268	35	1
172	269	35	1
176	269	35	1
180	269	35	1
185	269	35	1
186	269	35	2
196	269	35	1
201	269	35	2
202	269	35	1
210	269	35	1
212	269	35	1
216	269	35	1
222	269	35	1
232	269	35	1
234	269	35	1
238	269	35	1
240	269	35	1
247	269	35	1
189	270	35	3
193	270	35	1
195	270	35	2
202	270	35	1
211	270	35	1
216	270	35	4
217	270	35	2
220	270	35	1
221	270	35	1
227	270	35	1
235	270	35	1
238	270	35	1
247	270	35	1
248	270	35	1
171	271	35	1
190	271	35	1
198	271	35	1
199	271	35	2
205	271	35	1
210	271	35	2
218	271	35	3
219	271	35	1
220	271	35	1
231	271	35	4
240	271	35	1
250	271	35	1
173	272	35	1
174	272	35	1
179	272	35	1
185	272	35	1
190	272	35	1
192	272	35	1
197	272	35	1
202	272	35	1
203	272	35	1
206	272	35	1
207	272	35	1
209	272	35	1
210	272	35	1
215	272	35	1
217	272	35	1
218	272	35	1
219	272	35	2
231	272	35	1
234	272	35	1
238	272	35	1
246	272	35	2
181	273	35	3
182	273	35	1
184	273	35	1
206	273	35	1
208	273	35	1
212	273	35	1
227	273	35	2
228	273	35	1
230	273	35	1
232	273	35	2
234	273	35	2
235	273	35	1
239	273	35	1
241	273	35	1
170	274	35	1
176	274	35	2
183	274	35	1
211	274	35	1
215	274	35	2
218	274	35	1
223	274	35	1
231	274	35	1
232	274	35	1
233	274	35	1
234	274	35	1
235	274	35	1
238	274	35	1
244	274	35	1
245	274	35	2
176	275	35	2
178	275	35	1
184	275	35	1
189	275	35	1
191	275	35	1
200	275	35	1
205	275	35	1
207	275	35	1
210	275	35	1
212	275	35	1
220	275	35	2
237	275	35	1
240	275	35	1
245	275	35	1
177	276	35	1
186	276	35	3
203	276	35	1
206	276	35	1
209	276	35	2
217	276	35	1
218	276	35	1
219	276	35	1
220	276	35	1
221	276	35	1
222	276	35	1
230	276	35	1
232	276	35	1
237	276	35	1
239	276	35	2
242	276	35	2
248	276	35	2
182	277	35	1
183	277	35	1
202	277	35	1
208	277	35	1
210	277	35	1
213	277	35	2
215	277	35	1
218	277	35	2
224	277	35	2
230	277	35	2
232	277	35	1
178	278	35	1
179	278	35	1
187	278	35	2
198	278	35	1
202	278	35	2
204	278	35	1
210	278	35	2
213	278	35	2
216	278	35	1
222	278	35	2
225	278	35	1
229	278	35	1
231	278	35	1
234	278	35	1
235	278	35	1
236	278	35	1
238	278	35	2
243	278	35	1
247	278	35	1
172	279	35	1
179	279	35	1
184	279	35	1
190	279	35	1
206	279	35	1
207	279	35	3
210	279	35	1
211	279	35	1
227	279	35	1
234	279	35	1
241	279	35	1
246	279	35	1
174	280	35	1
180	280	35	2
190	280	35	1
199	280	35	1
206	280	35	1
207	280	35	1
210	280	35	1
212	280	35	1
217	280	35	1
219	280	35	2
220	280	35	2
223	280	35	1
226	280	35	1
232	280	35	1
233	280	35	1
246	280	35	1
205	281	35	1
212	281	35	1
216	281	35	1
217	281	35	3
222	281	35	1
224	281	35	2
226	281	35	1
228	281	35	1
230	281	35	1
232	281	35	1
173	282	35	1
179	282	35	1
202	282	35	1
205	282	35	1
208	282	35	1
223	282	35	2
226	282	35	1
227	282	35	1
229	282	35	1
245	282	35	1
175	283	35	1
188	283	35	1
190	283	35	1
202	283	35	1
208	283	35	1
209	283	35	1
214	283	35	1
221	283	35	1
222	283	35	1
223	283	35	2
229	283	35	1
232	283	35	1
240	283	35	2
243	283	35	1
244	283	35	1
245	283	35	2
250	283	35	2
176	284	35	1
180	284	35	1
186	284	35	3
188	284	35	1
189	284	35	1
204	284	35	2
208	284	35	1
212	284	35	1
215	284	35	2
218	284	35	1
219	284	35	1
222	284	35	1
229	284	35	1
234	284	35	1
235	284	35	1
237	284	35	1
247	284	35	1
248	284	35	1
178	285	35	1
182	285	35	1
185	285	35	3
187	285	35	1
189	285	35	1
200	285	35	1
224	285	35	2
226	285	35	2
229	285	35	1
230	285	35	1
231	285	35	1
236	285	35	1
241	285	35	1
242	285	35	1
245	285	35	1
248	285	35	1
181	286	35	1
185	286	35	1
186	286	35	1
187	286	35	1
191	286	35	1
199	286	35	1
200	286	35	2
209	286	35	1
215	286	35	2
216	286	35	2
224	286	35	1
225	286	35	1
228	286	35	1
234	286	35	1
238	286	35	1
243	286	35	1
244	286	35	2
247	286	35	1
249	286	35	4
185	287	35	1
187	287	35	1
200	287	35	1
202	287	35	2
204	287	35	1
205	287	35	1
220	287	35	1
221	287	35	1
223	287	35	1
228	287	35	1
233	287	35	1
236	287	35	1
237	287	35	1
242	287	35	1
247	287	35	1
176	288	35	1
192	288	35	1
194	288	35	1
199	288	35	1
205	288	35	1
221	288	35	1
224	288	35	1
236	288	35	1
237	288	35	1
239	288	35	1
174	289	35	2
177	289	35	2
188	289	35	1
190	289	35	1
195	289	35	1
207	289	35	1
239	289	35	1
244	289	35	2
246	289	35	1
248	289	35	1
190	290	35	1
197	290	35	1
198	290	35	1
201	290	35	1
203	290	35	3
204	290	35	1
222	290	35	1
223	290	35	1
227	290	35	1
231	290	35	2
238	290	35	1
247	290	35	1
185	291	35	2
187	291	35	1
194	291	35	1
204	291	35	1
216	291	35	2
222	291	35	1
223	291	35	1
225	291	35	1
230	291	35	2
236	291	35	2
237	291	35	1
174	292	35	2
182	292	35	1
183	292	35	1
186	292	35	2
198	292	35	1
200	292	35	1
201	292	35	1
205	292	35	2
221	292	35	1
222	292	35	2
223	292	35	1
225	292	35	2
226	292	35	1
228	292	35	1
231	292	35	1
233	292	35	1
238	292	35	1
245	292	35	1
248	292	35	1
250	292	35	1
181	293	35	1
203	293	35	1
206	293	35	1
225	293	35	1
227	293	35	1
228	293	35	2
232	293	35	2
242	293	35	1
187	294	35	2
195	294	35	2
219	294	35	1
220	294	35	1
221	294	35	1
222	294	35	1
236	294	35	1
237	294	35	1
203	295	35	1
223	295	35	1
230	295	35	1
238	295	35	1
241	295	35	2
242	295	35	1
244	295	35	1
247	295	35	1
181	296	35	1
193	296	35	1
195	296	35	2
196	296	35	1
197	296	35	1
199	296	35	1
200	296	35	1
201	296	35	1
202	296	35	1
217	296	35	1
220	296	35	1
221	296	35	1
241	296	35	1
242	296	35	2
243	296	35	1
198	297	35	3
199	297	35	2
222	297	35	1
225	297	35	1
227	297	35	1
229	297	35	1
230	297	35	1
233	297	35	1
237	297	35	1
238	297	35	2
239	297	35	1
244	297	35	1
181	298	35	1
198	298	35	2
219	298	35	2
220	298	35	1
222	298	35	1
229	298	35	1
239	298	35	1
244	298	35	1
202	299	35	1
227	299	35	1
228	299	35	1
238	299	35	2
239	299	35	2
242	299	35	1
245	299	35	1
195	300	35	1
197	300	35	1
208	300	35	1
224	300	35	1
227	300	35	1
233	300	35	1
239	300	35	1
241	300	35	1
198	301	35	2
228	301	35	2
231	301	35	1
235	301	35	2
237	301	35	1
238	301	35	1
243	301	35	1
244	301	35	1
199	302	35	1
225	302	35	1
229	302	35	1
231	302	35	2
233	302	35	1
234	302	35	1
236	302	35	1
239	302	35	1
240	302	35	2
225	303	35	1
226	303	35	1
227	303	35	1
230	303	35	2
231	303	35	1
232	303	35	2
233	303	35	1
234	303	35	2
238	303	35	2
242	303	35	1
191	304	35	1
207	304	35	1
221	304	35	1
223	304	35	1
226	304	35	1
227	304	35	1
232	304	35	1
235	304	35	1
243	304	35	1
225	305	35	1
234	305	35	2
235	305	35	1
236	305	35	1
241	305	35	1
199	306	35	1
204	306	35	1
220	306	35	2
223	306	35	1
228	306	35	1
239	306	35	2
242	306	35	1
195	307	35	1
198	307	35	2
222	307	35	1
223	307	35	1
234	307	35	1
235	307	35	1
237	307	35	1
239	307	35	1
243	307	35	1
226	308	35	1
237	308	35	1
241	308	35	2
222	309	35	1
228	309	35	1
235	309	35	3
240	309	35	1
223	310	35	1
227	310	35	1
229	310	35	1
231	310	35	1
232	310	35	1
235	310	35	1
236	310	35	1
213	311	35	1
215	311	35	1
221	311	35	1
224	311	35	1
228	311	35	1
230	311	35	1
232	311	35	1
234	311	35	1
237	311	35	1
241	311	35	1
213	312	35	1
214	312	35	1
225	312	35	1
229	312	35	2
237	312	35	1
217	313	35	2
226	313	35	1
235	313	35	1
238	313	35	1
221	314	35	1
234	314	35	1
226	315	35	1
230	315	35	1
232	316	35	1
236	316	35	1
238	316	35	1
227	317	35	1
233	317	35	1
237	317	35	1
238	317	35	1
233	318	35	2
237	318	35	2
232	319	35	2
222	253	36	1
228	253	36	1
219	256	36	1
227	257	36	1
220	258	36	1
221	258	36	1
223	258	36	1
224	258	36	1
228	258	36	1
218	259	36	1
222	259	36	1
224	259	36	1
228	259	36	2
230	259	36	1
237	259	36	1
228	260	36	1
229	260	36	2
235	260	36	1
237	260	36	1
238	260	36	2
240	260	36	1
219	261	36	1
222	261	36	1
223	261	36	2
224	261	36	1
230	261	36	1
237	261	36	1
243	261	36	1
246	261	36	1
212	262	36	1
217	262	36	1
219	262	36	1
221	262	36	1
226	262	36	2
229	262	36	1
231	262	36	1
238	262	36	1
240	262	36	2
245	262	36	1
189	263	36	1
191	263	36	1
210	263	36	1
222	263	36	1
225	263	36	1
226	263	36	1
229	263	36	3
235	263	36	1
237	263	36	2
240	263	36	2
244	263	36	1
245	263	36	3
186	264	36	1
188	264	36	1
191	264	36	2
209	264	36	1
223	264	36	1
226	264	36	1
230	264	36	1
233	264	36	1
234	264	36	3
250	264	36	1
215	265	36	1
222	265	36	1
226	265	36	1
231	265	36	1
235	265	36	2
237	265	36	1
245	265	36	1
246	265	36	2
188	266	36	1
189	266	36	1
196	266	36	3
215	266	36	1
216	266	36	1
217	266	36	1
219	266	36	1
222	266	36	1
223	266	36	2
229	266	36	1
244	266	36	2
248	266	36	1
186	267	36	1
192	267	36	2
196	267	36	1
209	267	36	2
210	267	36	1
211	267	36	1
212	267	36	1
217	267	36	2
218	267	36	1
233	267	36	1
240	267	36	1
188	268	36	1
189	268	36	1
194	268	36	1
196	268	36	1
206	268	36	1
209	268	36	2
213	268	36	1
214	268	36	1
215	268	36	1
232	268	36	1
233	268	36	1
234	268	36	1
235	268	36	1
236	268	36	1
239	268	36	1
245	268	36	1
210	269	36	1
211	269	36	2
214	269	36	1
215	269	36	1
216	269	36	1
217	269	36	1
219	269	36	1
225	269	36	1
229	269	36	2
240	269	36	1
248	269	36	1
249	269	36	1
172	270	36	1
185	270	36	1
187	270	36	1
189	270	36	1
191	270	36	1
192	270	36	1
193	270	36	1
194	270	36	1
203	270	36	1
206	270	36	1
212	270	36	1
213	270	36	1
221	270	36	2
230	270	36	1
237	270	36	1
239	270	36	2
240	270	36	1
188	271	36	1
191	271	36	1
198	271	36	1
208	271	36	1
211	271	36	1
214	271	36	1
215	271	36	1
216	271	36	1
223	271	36	1
177	272	36	1
178	272	36	1
185	272	36	1
193	272	36	1
197	272	36	1
203	272	36	1
213	272	36	2
215	272	36	1
217	272	36	1
231	272	36	1
240	272	36	1
190	273	36	2
208	273	36	1
209	273	36	2
210	273	36	1
212	273	36	1
232	273	36	1
236	273	36	1
238	273	36	1
185	274	36	3
201	274	36	1
205	274	36	1
208	274	36	3
212	274	36	1
213	274	36	1
216	274	36	2
217	274	36	3
218	274	36	2
236	274	36	1
240	274	36	1
207	275	36	1
209	275	36	1
210	275	36	3
211	275	36	2
214	275	36	1
216	275	36	1
217	275	36	1
218	275	36	2
220	275	36	1
231	275	36	1
243	275	36	1
181	276	36	1
186	276	36	1
203	276	36	1
207	276	36	2
219	276	36	1
220	276	36	2
228	276	36	3
241	276	36	1
204	277	36	1
208	277	36	1
210	277	36	1
215	277	36	1
226	277	36	1
232	277	36	2
234	277	36	2
207	278	36	1
208	278	36	1
211	278	36	1
213	278	36	2
223	278	36	1
224	278	36	1
239	278	36	2
173	279	36	1
179	279	36	1
192	279	36	1
206	279	36	1
209	279	36	1
212	279	36	2
214	279	36	1
231	279	36	1
174	280	36	1
180	280	36	1
191	280	36	1
204	280	36	1
205	280	36	1
206	280	36	2
211	280	36	1
213	280	36	1
224	280	36	1
232	280	36	2
173	281	36	1
190	281	36	1
192	281	36	1
200	281	36	1
204	281	36	1
208	281	36	2
209	281	36	1
212	281	36	2
214	281	36	1
224	281	36	1
230	281	36	1
243	281	36	1
181	282	36	2
189	282	36	1
190	282	36	1
231	282	36	1
181	283	36	1
187	283	36	1
189	283	36	1
202	283	36	1
205	283	36	1
209	283	36	2
212	283	36	1
222	283	36	1
225	283	36	1
226	283	36	1
233	283	36	1
188	284	36	2
196	284	36	3
201	284	36	1
202	284	36	1
208	284	36	1
211	284	36	2
214	284	36	1
219	284	36	1
224	284	36	2
231	284	36	2
233	284	36	1
239	284	36	1
242	284	36	1
199	285	36	3
201	285	36	1
202	285	36	1
204	285	36	1
223	285	36	2
231	285	36	1
237	285	36	1
242	285	36	1
243	285	36	2
244	285	36	1
245	285	36	2
247	285	36	1
187	286	36	1
188	286	36	1
198	286	36	1
202	286	36	1
204	286	36	1
208	286	36	1
211	286	36	1
222	286	36	1
225	286	36	1
234	286	36	1
235	286	36	1
237	286	36	1
238	286	36	1
241	286	36	1
243	286	36	2
202	287	36	1
204	287	36	2
207	287	36	1
208	287	36	1
214	287	36	1
220	287	36	1
222	287	36	1
224	287	36	1
229	287	36	3
231	287	36	2
233	287	36	1
236	287	36	1
238	287	36	1
239	287	36	1
240	287	36	1
243	287	36	1
244	287	36	1
245	287	36	1
248	287	36	1
184	288	36	1
185	288	36	1
186	288	36	1
187	288	36	2
188	288	36	1
192	288	36	1
199	288	36	1
202	288	36	1
203	288	36	1
204	288	36	1
219	288	36	1
220	288	36	2
233	288	36	1
237	288	36	1
243	288	36	2
245	288	36	3
185	289	36	2
193	289	36	2
196	289	36	1
201	289	36	1
219	289	36	1
232	289	36	1
234	289	36	1
240	289	36	1
242	289	36	1
244	289	36	1
197	290	36	1
200	290	36	3
202	290	36	1
206	290	36	1
222	290	36	1
223	290	36	1
225	290	36	1
232	290	36	1
233	290	36	1
234	290	36	1
238	290	36	1
239	290	36	1
240	290	36	1
243	290	36	1
186	291	36	1
201	291	36	1
203	291	36	1
204	291	36	1
221	291	36	1
238	291	36	1
239	291	36	1
242	291	36	2
187	292	36	1
200	292	36	1
203	292	36	1
206	292	36	1
220	292	36	1
221	292	36	1
225	292	36	1
226	292	36	2
229	292	36	1
238	292	36	1
239	292	36	1
242	292	36	1
244	292	36	2
245	292	36	1
188	293	36	2
195	293	36	1
196	293	36	1
202	293	36	1
225	293	36	1
226	293	36	1
227	293	36	1
236	293	36	2
237	293	36	2
239	293	36	2
240	293	36	1
241	293	36	1
242	293	36	2
182	294	36	1
199	294	36	1
202	294	36	1
223	294	36	2
225	294	36	1
227	294	36	1
229	294	36	2
230	294	36	1
232	294	36	1
197	295	36	1
201	295	36	1
204	295	36	1
220	295	36	1
225	295	36	2
230	295	36	1
239	295	36	1
240	295	36	1
241	295	36	1
196	296	36	1
201	296	36	1
227	296	36	1
229	296	36	1
230	296	36	1
235	296	36	2
238	296	36	1
243	296	36	1
198	297	36	1
201	297	36	1
204	297	36	2
217	297	36	1
219	297	36	1
228	297	36	1
233	297	36	1
234	297	36	1
235	297	36	1
238	297	36	1
239	297	36	1
241	297	36	1
242	297	36	1
201	298	36	2
203	298	36	1
236	298	36	1
243	298	36	1
244	298	36	1
245	298	36	2
196	299	36	1
199	299	36	1
204	299	36	1
232	299	36	1
236	299	36	1
242	299	36	1
244	299	36	1
245	299	36	1
229	300	36	1
240	300	36	1
242	300	36	1
244	300	36	1
228	301	36	1
230	301	36	2
234	301	36	1
236	301	36	1
244	301	36	1
223	302	36	2
225	302	36	1
226	302	36	1
232	302	36	1
233	302	36	1
243	302	36	1
244	302	36	2
226	303	36	1
231	303	36	1
232	303	36	2
233	303	36	1
235	303	36	1
236	303	36	1
242	303	36	2
223	304	36	1
230	304	36	1
232	304	36	1
233	304	36	1
235	304	36	1
199	305	36	1
234	305	36	1
222	306	36	1
223	306	36	1
235	306	36	1
244	306	36	1
194	307	36	3
222	307	36	3
224	307	36	2
227	307	36	1
234	307	36	1
235	307	36	1
240	307	36	1
242	307	36	1
225	308	36	2
237	308	36	1
242	308	36	1
225	309	36	1
227	309	36	2
228	309	36	2
230	309	36	2
232	309	36	2
236	309	36	1
242	309	36	2
224	310	36	1
226	310	36	1
227	310	36	1
229	310	36	1
240	310	36	1
223	311	36	1
226	311	36	1
230	311	36	2
232	311	36	1
233	311	36	1
234	311	36	1
238	311	36	1
242	311	36	2
216	312	36	1
217	312	36	1
218	312	36	1
221	312	36	1
230	312	36	1
231	312	36	1
232	312	36	3
235	312	36	1
217	313	36	1
225	313	36	1
226	313	36	2
227	313	36	1
230	313	36	1
234	313	36	1
236	313	36	2
235	314	36	1
238	314	36	1
241	314	36	1
242	314	36	1
214	315	36	1
220	315	36	2
228	315	36	1
230	315	36	1
233	315	36	1
236	315	36	1
238	315	36	3
242	315	36	4
234	316	36	1
237	316	36	1
240	316	36	3
235	317	36	1
236	317	36	1
237	317	36	2
236	318	36	2
240	318	36	2
231	319	36	2
228	257	37	1
227	258	37	1
228	258	37	1
226	259	37	2
228	259	37	1
227	260	37	2
234	260	37	1
242	260	37	3
227	261	37	3
228	261	37	2
230	261	37	1
230	262	37	1
231	262	37	1
222	263	37	1
224	264	37	2
229	264	37	2
231	264	37	2
236	264	37	1
238	264	37	1
245	264	37	1
228	265	37	2
246	265	37	1
194	266	37	1
212	266	37	1
230	266	37	1
183	267	37	1
188	267	37	1
193	267	37	1
236	267	37	1
241	267	37	1
220	268	37	1
236	268	37	2
241	268	37	1
210	269	37	1
216	269	37	1
218	269	37	1
219	269	37	1
239	269	37	1
188	270	37	1
190	270	37	2
196	270	37	1
197	270	37	1
215	270	37	1
216	270	37	1
217	270	37	2
220	270	37	1
232	270	37	1
238	270	37	1
192	271	37	1
196	271	37	1
214	271	37	1
218	271	37	1
221	271	37	1
213	272	37	1
215	272	37	1
208	273	37	1
213	273	37	1
214	273	37	1
216	273	37	1
219	273	37	1
211	274	37	1
212	274	37	1
213	274	37	2
231	274	37	3
206	275	37	1
207	275	37	1
219	275	37	1
209	276	37	1
217	276	37	1
217	277	37	1
215	278	37	1
195	279	37	2
214	279	37	2
216	279	37	1
231	279	37	2
209	280	37	1
212	280	37	1
175	281	37	1
189	281	37	1
212	281	37	1
189	282	37	1
212	282	37	1
223	282	37	1
189	283	37	1
201	283	37	1
207	283	37	1
227	283	37	2
228	283	37	1
195	284	37	1
212	284	37	1
187	285	37	1
197	285	37	2
202	285	37	2
204	285	37	1
226	285	37	2
237	285	37	1
187	286	37	1
203	286	37	1
204	286	37	1
207	286	37	1
211	286	37	1
215	286	37	1
220	286	37	1
207	287	37	1
219	287	37	1
220	287	37	1
221	287	37	1
234	287	37	1
236	287	37	1
237	287	37	1
238	287	37	1
240	287	37	1
194	288	37	1
196	288	37	1
203	288	37	1
205	288	37	1
210	288	37	1
232	288	37	1
237	288	37	1
241	288	37	1
191	289	37	1
200	289	37	1
201	289	37	1
203	289	37	1
219	289	37	1
232	289	37	2
235	289	37	2
236	289	37	2
237	289	37	1
197	290	37	2
199	290	37	1
230	290	37	1
237	290	37	1
232	291	37	2
233	291	37	2
235	291	37	1
238	291	37	2
239	291	37	1
200	292	37	1
203	292	37	2
231	292	37	1
232	292	37	1
233	292	37	2
234	292	37	1
238	292	37	1
190	293	37	1
206	293	37	1
230	293	37	2
239	293	37	1
190	294	37	1
205	294	37	1
224	294	37	1
228	294	37	1
232	294	37	1
234	294	37	1
203	295	37	1
225	295	37	2
231	295	37	1
234	295	37	4
237	295	37	2
240	295	37	1
198	296	37	1
199	296	37	1
200	296	37	2
201	296	37	1
202	296	37	3
203	296	37	1
204	296	37	1
215	296	37	1
217	296	37	1
229	296	37	1
234	296	37	1
235	296	37	2
240	296	37	1
242	296	37	1
245	296	37	1
194	297	37	1
198	297	37	1
218	297	37	2
220	297	37	1
229	297	37	2
232	297	37	1
239	297	37	2
241	297	37	2
243	297	37	1
202	298	37	1
229	298	37	1
231	298	37	1
232	299	37	1
244	299	37	2
227	300	37	1
232	300	37	2
239	300	37	1
240	300	37	2
241	300	37	1
230	301	37	2
241	301	37	1
242	301	37	1
232	302	37	1
236	302	37	1
244	302	37	2
232	303	37	1
228	304	37	1
227	305	37	1
228	305	37	1
236	305	37	2
224	306	37	1
240	306	37	1
225	307	37	1
241	308	37	1
221	309	37	1
229	309	37	1
228	310	37	1
228	311	37	1
234	311	37	1
218	312	37	2
221	312	37	1
227	312	37	1
230	312	37	2
236	312	37	1
212	313	37	1
216	313	37	1
229	313	37	1
221	314	37	2
228	314	37	1
236	314	37	2
238	314	37	1
211	315	37	1
229	315	37	1
239	315	37	1
236	316	37	1
237	316	37	1
211	317	37	1
230	317	37	1
232	318	37	2
235	318	37	2
238	318	37	1
240	318	37	1
237	319	37	1
238	319	37	1
231	322	37	1
233	322	37	2
226	259	38	1
225	262	38	1
229	263	38	1
232	263	38	1
219	264	38	1
231	264	38	1
238	264	38	1
189	266	38	1
211	266	38	2
214	266	38	2
217	266	38	1
193	267	38	1
219	267	38	2
211	268	38	1
217	269	38	1
219	269	38	1
193	270	38	1
188	271	38	1
211	271	38	1
217	271	38	1
218	271	38	1
217	272	38	1
236	272	38	1
201	273	38	1
208	273	38	1
210	273	38	1
213	273	38	1
213	274	38	1
218	274	38	3
240	274	38	1
189	275	38	1
206	275	38	1
216	275	38	1
217	275	38	2
210	276	38	1
213	276	38	3
214	276	38	1
205	277	38	1
206	277	38	2
207	277	38	1
210	277	38	1
219	277	38	1
203	278	38	1
209	278	38	1
214	278	38	1
215	278	38	3
218	278	38	2
221	278	38	1
177	279	38	1
194	279	38	1
206	279	38	1
208	279	38	1
212	279	38	1
217	279	38	3
209	280	38	1
210	280	38	1
211	280	38	1
190	281	38	1
191	281	38	1
193	281	38	1
210	281	38	1
211	281	38	1
215	281	38	2
193	282	38	1
208	282	38	2
211	282	38	1
222	282	38	1
223	282	38	1
203	283	38	2
210	283	38	1
191	284	38	1
195	284	38	1
196	284	38	1
199	284	38	1
215	284	38	1
190	285	38	3
191	285	38	1
193	285	38	3
195	285	38	1
204	285	38	1
205	285	38	2
208	285	38	1
216	285	38	1
217	285	38	2
188	286	38	1
208	286	38	1
232	286	38	2
233	286	38	1
237	286	38	1
204	287	38	2
215	287	38	1
220	287	38	1
222	287	38	1
192	288	38	2
197	288	38	1
202	288	38	1
206	288	38	1
220	288	38	1
224	288	38	1
185	289	38	1
189	289	38	2
200	289	38	1
203	289	38	1
215	289	38	1
217	289	38	1
219	289	38	1
231	289	38	1
234	289	38	2
192	290	38	1
193	290	38	1
203	290	38	1
207	290	38	1
209	290	38	2
220	290	38	1
192	291	38	1
200	291	38	2
206	291	38	1
214	291	38	1
222	291	38	1
223	291	38	1
234	291	38	1
189	292	38	2
194	292	38	1
196	292	38	1
207	292	38	1
208	292	38	1
211	292	38	1
221	292	38	1
232	292	38	1
237	292	38	1
239	292	38	2
198	293	38	1
199	293	38	1
204	293	38	1
206	293	38	1
217	293	38	1
220	293	38	1
226	293	38	1
237	293	38	1
238	293	38	1
239	293	38	2
240	293	38	1
202	294	38	2
204	294	38	2
213	294	38	1
228	294	38	1
234	294	38	1
235	294	38	1
239	294	38	1
240	294	38	1
197	295	38	2
216	295	38	1
227	295	38	1
233	295	38	1
235	295	38	1
237	295	38	2
197	296	38	1
198	296	38	1
200	296	38	1
201	296	38	1
202	296	38	1
204	296	38	2
206	296	38	1
217	296	38	1
228	296	38	1
233	296	38	1
235	296	38	1
240	296	38	1
242	296	38	1
195	297	38	1
199	297	38	1
203	297	38	2
219	297	38	3
220	297	38	1
223	297	38	1
226	297	38	1
231	297	38	1
241	297	38	2
242	297	38	1
224	298	38	1
228	298	38	2
231	298	38	1
233	298	38	1
240	298	38	1
243	298	38	1
193	299	38	2
204	299	38	1
214	299	38	2
227	299	38	1
228	299	38	1
236	299	38	1
237	299	38	1
239	299	38	1
241	299	38	1
233	300	38	1
234	300	38	1
239	300	38	2
241	300	38	1
242	300	38	1
230	301	38	2
235	301	38	1
226	302	38	1
232	302	38	1
233	302	38	2
235	302	38	1
231	303	38	1
227	304	38	1
228	304	38	1
230	304	38	1
232	304	38	1
234	304	38	1
236	304	38	1
237	304	38	1
240	304	38	3
244	304	38	1
226	305	38	1
232	305	38	1
233	305	38	2
241	305	38	1
232	306	38	2
242	306	38	2
193	307	38	2
224	307	38	2
225	307	38	1
226	307	38	1
227	307	38	1
237	307	38	1
243	307	38	1
229	308	38	1
242	308	38	1
195	309	38	2
222	309	38	2
227	309	38	2
228	309	38	1
233	309	38	1
219	310	38	1
220	310	38	1
221	310	38	1
222	310	38	1
223	310	38	1
225	310	38	1
228	310	38	1
229	310	38	1
232	310	38	1
233	310	38	1
236	310	38	1
222	311	38	1
225	311	38	1
226	311	38	2
231	311	38	1
235	311	38	2
244	311	38	1
218	312	38	1
219	312	38	1
220	312	38	1
222	312	38	1
227	312	38	1
231	312	38	1
240	312	38	1
242	312	38	1
220	313	38	1
229	313	38	1
235	313	38	1
236	313	38	2
242	313	38	1
244	313	38	1
245	313	38	1
200	314	38	1
230	314	38	1
240	314	38	1
220	315	38	1
221	315	38	1
226	315	38	1
235	315	38	1
237	315	38	1
238	315	38	2
241	315	38	1
244	315	38	1
225	316	38	4
211	317	38	2
214	317	38	2
219	317	38	1
230	317	38	2
236	317	38	1
237	317	38	1
238	317	38	2
239	317	38	1
242	317	38	1
243	317	38	1
212	318	38	1
220	318	38	1
230	318	38	1
231	318	38	2
232	318	38	1
233	318	38	2
240	318	38	2
241	318	38	1
243	318	38	2
234	319	38	1
241	319	38	1
231	320	38	1
232	320	38	1
233	320	38	2
212	321	38	1
219	323	38	2
232	323	38	1
215	265	39	1
237	265	39	2
188	269	39	2
219	269	39	1
192	270	39	1
216	270	39	1
217	270	39	1
218	271	39	2
189	273	39	1
212	275	39	1
213	275	39	1
212	277	39	2
213	277	39	1
214	277	39	1
216	278	39	1
212	279	39	1
215	280	39	1
218	280	39	1
221	280	39	1
212	282	39	1
215	282	39	3
226	282	39	1
215	283	39	3
205	284	39	2
206	284	39	1
207	284	39	2
191	285	39	1
193	286	39	1
205	286	39	1
221	286	39	1
196	287	39	1
219	287	39	3
239	287	39	1
193	288	39	1
195	288	39	2
224	288	39	1
189	289	39	1
190	289	39	1
195	289	39	1
217	289	39	1
239	289	39	1
186	290	39	1
195	290	39	1
207	290	39	2
211	290	39	1
193	291	39	1
199	291	39	1
207	291	39	1
213	291	39	2
214	291	39	1
235	291	39	1
238	291	39	1
188	292	39	1
221	292	39	1
225	292	39	2
226	292	39	1
230	292	39	1
197	293	39	1
200	293	39	1
207	293	39	1
209	293	39	1
222	293	39	1
234	293	39	1
200	294	39	1
201	294	39	1
221	294	39	1
225	294	39	1
233	294	39	2
237	294	39	1
242	294	39	1
197	295	39	1
207	295	39	1
220	295	39	2
224	295	39	1
226	295	39	1
227	295	39	1
236	295	39	1
238	295	39	1
240	295	39	1
241	295	39	1
200	296	39	1
205	296	39	1
213	296	39	1
219	296	39	1
226	296	39	1
228	296	39	1
237	296	39	1
239	296	39	1
197	297	39	1
198	297	39	1
199	297	39	1
215	297	39	1
220	297	39	1
223	297	39	1
224	297	39	1
231	297	39	1
234	297	39	1
240	297	39	2
241	297	39	1
243	297	39	1
201	298	39	2
202	298	39	1
203	298	39	1
213	298	39	1
214	298	39	1
229	298	39	1
232	298	39	2
239	298	39	1
240	298	39	1
225	299	39	1
226	299	39	1
230	299	39	1
233	299	39	2
236	299	39	1
243	299	39	1
227	300	39	1
232	300	39	1
233	300	39	2
224	301	39	1
227	301	39	1
226	302	39	1
240	302	39	1
228	303	39	2
225	304	39	1
234	304	39	2
243	304	39	1
212	305	39	1
223	305	39	1
226	305	39	1
229	305	39	1
236	305	39	2
241	305	39	2
242	305	39	1
223	306	39	1
224	306	39	1
230	306	39	1
235	306	39	1
240	306	39	1
241	306	39	1
226	307	39	3
229	307	39	3
232	307	39	1
235	307	39	2
241	307	39	1
194	308	39	1
220	308	39	1
222	308	39	1
223	308	39	1
225	308	39	1
218	309	39	1
220	309	39	1
221	309	39	2
223	309	39	1
226	309	39	2
227	309	39	1
234	309	39	1
195	310	39	1
196	310	39	1
198	310	39	1
222	310	39	1
226	310	39	1
228	310	39	1
221	311	39	1
222	311	39	1
224	311	39	1
226	311	39	2
229	311	39	2
231	311	39	1
196	312	39	2
211	312	39	1
218	312	39	1
220	312	39	1
229	312	39	1
230	312	39	1
238	312	39	1
241	312	39	1
242	312	39	1
220	313	39	1
225	313	39	1
230	313	39	2
236	313	39	1
238	313	39	2
218	314	39	1
219	314	39	1
228	314	39	1
229	314	39	1
240	314	39	1
241	314	39	2
239	315	39	1
245	315	39	1
241	316	39	1
244	316	39	1
211	317	39	1
235	317	39	2
231	318	39	2
237	318	39	2
223	319	39	1
228	319	39	1
217	320	39	1
226	320	39	1
241	320	39	1
219	321	39	1
232	321	39	1
230	322	39	1
220	324	39	1
212	325	39	2
208	327	39	1
214	274	40	1
193	281	40	1
190	283	40	2
192	283	40	1
197	283	40	1
191	285	40	1
204	285	40	2
196	286	40	1
198	286	40	2
204	287	40	1
202	288	40	2
192	289	40	1
211	290	40	1
218	290	40	1
189	292	40	2
206	292	40	1
209	292	40	1
221	292	40	2
227	292	40	1
235	292	40	1
242	292	40	3
214	293	40	1
229	293	40	1
234	293	40	1
209	294	40	1
217	294	40	1
221	294	40	1
227	294	40	1
239	294	40	1
234	295	40	2
198	296	40	2
211	296	40	1
215	296	40	1
217	296	40	2
235	296	40	1
236	296	40	1
236	297	40	1
216	298	40	1
226	298	40	1
229	298	40	1
199	299	40	1
214	299	40	1
224	299	40	2
229	299	40	1
236	299	40	3
242	299	40	1
225	300	40	2
229	300	40	1
236	300	40	1
230	301	40	2
237	302	40	1
243	302	40	1
241	303	40	1
229	304	40	1
243	304	40	1
245	304	40	1
214	305	40	1
232	305	40	1
210	306	40	2
225	306	40	1
229	306	40	1
230	306	40	1
242	306	40	1
192	307	40	1
227	307	40	2
234	307	40	1
241	307	40	2
242	307	40	1
239	308	40	1
215	309	40	1
218	309	40	3
222	309	40	1
223	309	40	1
226	309	40	3
233	309	40	1
217	310	40	1
219	310	40	1
226	310	40	1
229	310	40	1
239	310	40	1
217	311	40	1
234	311	40	2
217	312	40	2
218	312	40	2
229	312	40	2
232	312	40	2
242	312	40	1
243	312	40	1
215	313	40	1
218	313	40	1
223	313	40	1
238	313	40	2
240	313	40	1
241	313	40	1
239	314	40	1
242	314	40	1
217	315	40	1
220	315	40	1
229	315	40	1
230	315	40	1
239	315	40	1
240	315	40	1
241	315	40	1
217	316	40	1
236	316	40	1
238	316	40	1
243	316	40	1
207	317	40	1
218	317	40	1
226	317	40	2
227	317	40	1
235	317	40	2
242	317	40	2
215	319	40	1
230	319	40	1
242	319	40	1
217	320	40	3
230	320	40	1
240	320	40	1
230	321	40	2
240	321	40	1
229	322	40	1
230	322	40	1
233	322	40	1
212	324	40	1
213	329	40	1
197	282	41	1
193	293	41	1
225	293	41	1
195	294	41	1
217	294	41	1
225	294	41	1
199	296	41	1
224	297	41	1
214	298	41	1
226	298	41	1
235	301	41	1
232	304	41	1
217	306	41	1
222	306	41	2
230	306	41	1
219	307	41	1
220	308	41	2
225	308	41	1
226	308	41	1
229	308	41	1
239	308	41	1
223	309	41	1
239	309	41	2
211	310	41	1
221	310	41	1
222	310	41	1
223	311	41	1
236	311	41	1
216	312	41	1
217	312	41	1
235	312	41	1
240	312	41	1
242	312	41	1
219	313	41	1
221	313	41	2
222	313	41	1
238	313	41	2
244	313	41	1
221	314	41	1
228	314	41	3
242	314	41	2
243	314	41	1
230	315	41	1
238	315	41	1
243	315	41	1
216	316	41	1
220	316	41	1
221	317	41	1
235	317	41	1
242	317	41	1
245	317	41	1
230	318	41	1
243	318	41	1
231	320	41	1
240	320	41	1
241	320	41	1
229	321	41	1
214	326	41	1
215	297	42	1
213	302	42	1
222	303	42	1
220	304	42	1
212	305	42	1
214	305	42	2
227	305	42	1
220	306	42	3
231	306	42	1
239	306	42	1
221	307	42	1
226	307	42	1
220	308	42	1
223	308	42	2
239	308	42	1
240	308	42	1
224	309	42	1
226	309	42	1
236	309	42	1
222	310	42	1
238	310	42	1
239	310	42	1
222	311	42	2
223	311	42	1
239	311	42	1
242	311	42	1
220	312	42	1
241	312	42	2
221	313	42	1
223	313	42	1
226	313	42	1
234	313	42	1
244	313	42	1
219	315	42	2
220	315	42	1
221	315	42	1
222	315	42	1
230	315	42	1
218	316	42	2
225	316	42	1
231	316	42	1
238	316	42	1
239	316	42	1
241	316	42	2
223	317	42	2
224	317	42	2
232	317	42	1
217	318	42	1
218	318	42	1
229	318	42	1
245	318	42	1
246	318	42	1
247	318	42	1
226	319	42	2
227	319	42	1
230	319	42	1
226	320	42	1
229	320	42	1
241	320	42	1
224	321	42	1
229	321	42	1
231	322	42	1
225	303	43	2
220	304	43	3
228	305	43	1
222	307	43	1
222	308	43	1
223	308	43	1
219	310	43	3
222	310	43	2
236	311	43	1
239	311	43	1
219	312	43	1
220	312	43	2
238	313	43	1
240	313	43	1
237	314	43	1
223	315	43	2
238	315	43	1
241	316	43	1
238	317	43	2
228	318	43	1
217	319	43	1
244	319	43	2
226	322	43	1
220	306	44	1
220	308	44	1
223	308	44	2
220	309	44	1
223	309	44	1
211	310	44	1
219	310	44	2
224	310	44	1
234	310	44	3
243	312	44	4
230	315	44	1
238	315	44	2
225	317	44	1
223	318	44	1
243	318	44	1
206	319	44	2
226	320	44	1
231	320	44	1
229	321	44	1
242	321	44	1
