x	y	z	Mitochondrial translation
123	222	20	2
134	222	20	1
138	223	20	2
175	223	20	2
115	224	20	1
133	224	20	1
144	224	20	1
167	224	20	5
172	224	20	1
135	225	20	1
141	225	20	2
157	225	20	1
159	225	20	2
162	225	20	1
176	225	20	1
115	226	20	2
119	226	20	1
126	226	20	1
139	226	20	2
156	226	20	1
155	227	20	1
178	227	20	2
189	227	20	1
130	228	20	2
132	228	20	2
155	228	20	1
157	228	20	1
174	228	20	2
197	228	20	2
112	229	20	3
115	229	20	2
118	229	20	1
153	229	20	1
158	229	20	1
129	230	20	1
169	230	20	1
173	230	20	1
190	230	20	3
204	230	20	1
113	231	20	2
121	231	20	1
160	231	20	2
161	231	20	2
199	231	20	2
137	232	20	1
146	232	20	2
197	232	20	1
147	233	20	2
165	233	20	2
215	233	20	1
130	234	20	4
138	234	20	1
154	234	20	1
204	234	20	1
126	235	20	2
129	235	20	2
135	235	20	1
136	235	20	1
137	235	20	1
151	235	20	1
220	235	20	2
222	235	20	2
127	236	20	1
134	236	20	1
139	236	20	2
141	236	20	1
146	236	20	2
154	236	20	1
133	237	20	3
140	237	20	2
145	237	20	1
147	237	20	1
148	237	20	2
151	237	20	1
165	237	20	1
169	237	20	2
204	237	20	2
222	237	20	1
248	237	20	2
127	238	20	1
139	238	20	1
141	238	20	2
143	238	20	1
145	238	20	2
152	238	20	2
158	238	20	1
168	238	20	2
192	238	20	1
213	238	20	1
128	239	20	1
139	239	20	3
144	239	20	2
165	239	20	1
215	239	20	1
126	240	20	1
160	240	20	2
191	240	20	1
214	240	20	1
216	240	20	1
231	240	20	1
111	241	20	1
126	241	20	1
129	241	20	2
131	241	20	3
135	241	20	1
139	241	20	1
146	241	20	1
149	241	20	1
157	241	20	4
120	242	20	1
121	242	20	2
123	242	20	3
132	242	20	1
136	242	20	1
150	242	20	1
163	242	20	1
183	242	20	2
185	242	20	2
125	243	20	2
140	243	20	1
141	243	20	1
213	243	20	1
118	244	20	1
126	244	20	1
135	244	20	1
145	244	20	3
154	244	20	1
155	244	20	1
162	244	20	2
183	244	20	1
188	244	20	1
207	244	20	1
213	244	20	2
242	244	20	3
111	245	20	2
137	245	20	1
160	245	20	1
169	245	20	1
183	245	20	3
214	245	20	1
226	245	20	1
159	246	20	1
177	246	20	5
221	246	20	1
237	246	20	3
252	246	20	1
122	247	20	3
137	247	20	1
163	247	20	2
235	247	20	1
109	248	20	1
163	248	20	2
175	248	20	1
190	248	20	1
210	248	20	2
222	248	20	1
102	249	20	2
138	249	20	1
143	249	20	1
151	249	20	2
194	249	20	1
131	250	20	1
172	250	20	1
227	250	20	3
260	250	20	1
223	251	20	1
251	251	20	1
122	252	20	1
161	252	20	1
175	252	20	2
207	252	20	2
226	252	20	1
234	252	20	1
120	253	20	1
140	253	20	1
231	253	20	3
111	254	20	1
127	254	20	3
148	254	20	3
161	254	20	1
183	254	20	2
197	254	20	2
228	254	20	1
243	254	20	2
248	254	20	1
121	255	20	1
143	255	20	1
197	255	20	1
200	255	20	1
207	255	20	1
214	255	20	1
232	255	20	1
233	255	20	4
251	255	20	2
113	256	20	1
128	256	20	1
131	256	20	1
145	256	20	2
157	256	20	1
158	256	20	2
172	256	20	3
196	256	20	1
204	256	20	1
205	256	20	1
241	256	20	1
262	256	20	2
124	257	20	2
134	257	20	1
159	257	20	1
162	257	20	1
170	257	20	2
175	257	20	1
197	257	20	3
198	257	20	1
232	257	20	1
243	257	20	1
251	257	20	1
265	257	20	1
163	258	20	1
176	258	20	1
220	258	20	2
231	258	20	2
232	258	20	1
233	258	20	2
107	259	20	1
136	259	20	1
144	259	20	2
145	259	20	2
197	259	20	1
201	259	20	1
231	259	20	2
232	259	20	1
250	259	20	2
108	260	20	1
127	260	20	3
130	260	20	1
147	260	20	1
157	260	20	2
224	260	20	1
245	260	20	1
102	261	20	2
112	261	20	1
130	261	20	1
140	261	20	1
142	261	20	1
147	261	20	3
156	261	20	1
199	261	20	1
207	261	20	1
228	261	20	1
118	262	20	2
150	262	20	1
156	262	20	2
170	262	20	1
254	262	20	1
133	263	20	3
166	263	20	1
191	263	20	1
229	263	20	1
126	264	20	1
136	264	20	1
160	264	20	1
168	264	20	3
220	264	20	1
221	264	20	2
249	264	20	1
250	264	20	1
124	265	20	1
134	265	20	1
147	265	20	1
166	265	20	2
190	265	20	1
218	265	20	1
236	265	20	1
113	266	20	1
117	266	20	4
118	266	20	1
132	266	20	1
136	266	20	1
155	266	20	1
172	266	20	2
179	266	20	2
184	266	20	1
197	266	20	2
231	266	20	1
251	266	20	2
116	267	20	2
154	267	20	3
239	267	20	2
262	267	20	3
266	267	20	1
113	268	20	4
121	268	20	1
141	268	20	1
145	268	20	1
146	268	20	1
156	268	20	1
157	268	20	1
167	268	20	3
209	268	20	1
216	268	20	2
255	268	20	1
130	269	20	1
132	269	20	1
140	269	20	1
151	269	20	1
159	269	20	1
167	269	20	2
173	269	20	1
184	269	20	1
212	269	20	2
246	269	20	1
257	269	20	1
114	270	20	1
115	270	20	2
118	270	20	1
155	270	20	1
162	270	20	2
165	270	20	2
177	270	20	3
217	270	20	1
224	270	20	1
227	270	20	2
250	270	20	1
133	271	20	1
152	271	20	2
164	271	20	1
167	271	20	1
171	271	20	1
201	271	20	1
225	271	20	1
107	272	20	1
113	272	20	3
120	272	20	1
144	272	20	1
156	272	20	1
158	272	20	1
168	272	20	1
169	272	20	1
174	272	20	1
176	272	20	3
181	272	20	1
218	272	20	1
225	272	20	1
226	272	20	1
260	272	20	1
264	272	20	1
101	273	20	2
117	273	20	1
132	273	20	1
165	273	20	2
167	273	20	2
170	273	20	1
206	273	20	1
207	273	20	2
211	273	20	1
220	273	20	1
122	274	20	1
159	274	20	1
167	274	20	1
169	274	20	2
226	274	20	2
227	274	20	1
229	274	20	1
148	275	20	2
169	275	20	2
172	275	20	1
174	275	20	1
176	275	20	1
221	275	20	1
268	275	20	1
122	276	20	1
130	276	20	1
136	276	20	1
137	276	20	4
155	276	20	2
158	276	20	1
167	276	20	2
180	276	20	1
182	276	20	2
221	276	20	1
222	276	20	3
231	276	20	2
266	276	20	1
154	277	20	1
189	277	20	1
211	277	20	1
217	277	20	1
226	277	20	1
227	277	20	1
260	277	20	2
137	278	20	1
152	278	20	2
160	278	20	1
180	278	20	2
256	278	20	1
270	278	20	1
120	279	20	2
150	279	20	1
175	279	20	1
204	279	20	1
222	279	20	3
224	279	20	2
225	279	20	1
228	279	20	1
232	279	20	1
234	279	20	3
108	280	20	2
109	280	20	2
125	280	20	1
133	280	20	1
162	280	20	1
163	280	20	1
166	280	20	1
173	280	20	1
176	280	20	1
217	280	20	1
134	281	20	2
142	281	20	1
168	281	20	2
172	281	20	1
214	281	20	1
216	281	20	1
218	281	20	1
222	281	20	1
226	281	20	3
227	281	20	2
261	281	20	1
106	282	20	4
152	282	20	3
158	282	20	1
181	282	20	1
219	282	20	1
269	282	20	1
276	282	20	1
165	283	20	1
170	283	20	1
173	283	20	2
179	283	20	1
214	283	20	1
216	283	20	1
217	283	20	2
266	283	20	1
149	284	20	1
153	284	20	1
163	284	20	1
213	284	20	1
224	284	20	1
228	284	20	1
267	284	20	1
109	285	20	1
137	285	20	1
141	285	20	2
157	285	20	2
171	285	20	2
205	285	20	3
208	285	20	1
223	285	20	2
230	285	20	1
272	285	20	2
129	286	20	3
133	286	20	1
151	286	20	2
213	286	20	3
218	286	20	1
112	287	20	2
124	287	20	1
198	287	20	3
199	287	20	1
205	287	20	1
226	287	20	1
261	287	20	2
269	287	20	2
113	288	20	1
126	288	20	1
136	288	20	1
162	288	20	1
167	288	20	2
169	288	20	1
170	288	20	1
215	288	20	1
223	288	20	1
224	288	20	1
230	288	20	1
125	289	20	1
143	289	20	2
152	289	20	1
181	289	20	1
221	289	20	2
271	289	20	3
142	290	20	1
143	290	20	1
173	290	20	2
195	290	20	2
214	290	20	2
250	290	20	1
271	290	20	1
106	291	20	4
108	291	20	2
117	291	20	1
163	291	20	1
192	291	20	2
227	291	20	1
104	292	20	1
112	292	20	1
129	292	20	2
131	292	20	2
192	292	20	1
199	292	20	1
213	292	20	1
217	292	20	2
236	292	20	1
237	292	20	1
242	292	20	2
249	292	20	1
106	293	20	1
134	293	20	3
165	293	20	2
219	293	20	1
226	293	20	1
258	293	20	2
261	293	20	1
118	294	20	1
136	294	20	1
161	294	20	1
177	294	20	1
180	294	20	2
194	294	20	1
199	294	20	4
209	294	20	1
211	294	20	3
220	294	20	1
136	295	20	2
151	295	20	2
196	295	20	1
218	295	20	2
220	295	20	1
266	295	20	2
116	296	20	2
120	296	20	1
131	296	20	1
136	296	20	1
143	296	20	2
162	296	20	1
163	296	20	2
170	296	20	1
187	296	20	2
193	296	20	1
194	296	20	1
196	296	20	1
216	296	20	1
217	296	20	1
228	296	20	1
133	297	20	1
151	297	20	2
161	297	20	1
172	297	20	1
201	297	20	1
257	297	20	1
270	297	20	1
147	298	20	2
159	298	20	1
177	298	20	1
189	298	20	1
192	298	20	1
203	298	20	1
230	298	20	1
129	299	20	1
156	299	20	1
179	299	20	1
219	299	20	1
235	299	20	1
270	299	20	1
120	300	20	3
139	300	20	1
174	300	20	1
191	300	20	1
266	300	20	2
114	301	20	1
133	301	20	2
149	301	20	2
159	301	20	2
216	301	20	1
233	301	20	2
240	301	20	1
114	302	20	1
126	302	20	1
134	302	20	1
206	302	20	3
213	302	20	1
223	302	20	1
252	302	20	2
261	302	20	1
264	302	20	2
127	303	20	1
150	303	20	1
194	303	20	1
149	304	20	1
174	304	20	1
193	304	20	3
203	304	20	1
210	304	20	1
236	304	20	1
238	304	20	1
239	304	20	1
243	304	20	2
256	304	20	2
262	304	20	1
124	305	20	1
177	305	20	1
208	305	20	1
236	305	20	1
237	305	20	1
258	305	20	1
127	306	20	4
172	306	20	1
177	306	20	2
191	306	20	1
200	306	20	2
246	306	20	1
258	306	20	2
259	306	20	1
118	307	20	1
124	307	20	1
128	307	20	2
158	307	20	1
182	307	20	2
213	307	20	2
239	307	20	1
241	307	20	1
171	308	20	1
186	308	20	1
197	308	20	4
205	308	20	1
208	308	20	2
235	308	20	2
257	308	20	1
124	309	20	1
130	309	20	3
134	309	20	1
202	309	20	1
203	309	20	2
238	309	20	2
242	309	20	1
246	309	20	2
262	309	20	1
267	309	20	1
268	309	20	2
269	309	20	1
118	310	20	1
178	310	20	1
185	310	20	2
198	310	20	1
263	310	20	1
143	311	20	1
200	311	20	1
230	311	20	1
238	311	20	1
264	311	20	1
266	311	20	3
93	312	20	1
100	312	20	1
115	312	20	1
168	312	20	3
173	312	20	1
211	312	20	2
233	312	20	1
247	312	20	1
256	312	20	1
260	312	20	1
263	312	20	2
94	313	20	1
107	313	20	1
139	313	20	1
176	313	20	2
181	313	20	1
182	313	20	1
201	313	20	2
212	313	20	2
227	313	20	1
229	313	20	1
100	314	20	1
142	314	20	2
152	314	20	1
180	314	20	1
210	314	20	1
237	314	20	1
268	314	20	1
133	315	20	1
156	315	20	2
175	315	20	1
194	315	20	1
243	315	20	1
250	315	20	2
256	315	20	1
259	315	20	1
265	315	20	1
98	316	20	2
119	316	20	1
131	316	20	1
178	316	20	1
179	316	20	2
182	316	20	1
204	316	20	1
228	316	20	1
234	316	20	1
235	316	20	3
256	316	20	1
103	317	20	1
110	317	20	3
145	317	20	1
152	317	20	1
162	317	20	1
163	317	20	1
172	317	20	4
177	317	20	2
212	317	20	2
232	317	20	1
117	318	20	1
129	318	20	1
133	318	20	1
185	318	20	1
187	318	20	2
247	318	20	1
256	318	20	1
257	318	20	3
258	318	20	1
261	318	20	1
98	319	20	1
100	319	20	1
140	319	20	1
190	319	20	1
193	319	20	2
218	319	20	4
237	319	20	1
120	320	20	1
141	320	20	1
168	320	20	2
179	320	20	1
180	320	20	1
182	320	20	2
187	320	20	2
201	320	20	2
204	320	20	1
241	320	20	1
243	320	20	1
244	320	20	1
259	320	20	1
112	321	20	1
140	321	20	1
183	321	20	1
197	321	20	1
210	321	20	2
237	321	20	4
254	321	20	2
264	321	20	1
92	322	20	2
97	322	20	1
178	322	20	1
180	322	20	1
183	322	20	2
185	322	20	1
187	322	20	1
190	322	20	1
193	322	20	2
198	322	20	1
200	322	20	1
226	322	20	1
258	322	20	2
108	323	20	1
111	323	20	2
153	323	20	3
178	323	20	2
193	323	20	2
194	323	20	1
198	323	20	1
214	323	20	1
222	323	20	1
234	323	20	2
264	323	20	2
161	324	20	1
165	324	20	2
169	324	20	3
173	324	20	1
177	324	20	3
193	324	20	1
194	324	20	1
196	324	20	1
198	324	20	2
200	324	20	1
224	324	20	1
126	325	20	1
180	325	20	1
181	325	20	1
188	325	20	1
189	325	20	1
190	325	20	2
258	325	20	1
259	325	20	1
188	326	20	1
191	326	20	1
196	326	20	2
212	326	20	2
214	326	20	2
240	326	20	1
261	326	20	2
106	327	20	1
139	327	20	3
145	327	20	1
153	327	20	1
179	327	20	1
188	327	20	1
189	327	20	1
212	327	20	1
258	327	20	2
167	328	20	2
173	328	20	1
179	328	20	2
183	328	20	1
198	328	20	1
212	328	20	2
214	328	20	2
257	328	20	1
260	328	20	1
261	328	20	2
98	329	20	3
117	329	20	3
137	329	20	1
147	329	20	1
158	329	20	1
165	329	20	1
169	329	20	1
179	329	20	1
187	329	20	2
221	329	20	2
253	329	20	2
97	330	20	1
124	330	20	1
129	330	20	1
131	330	20	2
157	330	20	1
179	330	20	1
213	330	20	2
260	330	20	2
262	330	20	2
136	331	20	2
145	331	20	2
180	331	20	2
200	331	20	1
240	331	20	1
249	331	20	3
255	331	20	1
104	332	20	2
106	332	20	2
140	332	20	2
176	332	20	1
179	332	20	2
180	332	20	1
192	332	20	1
198	332	20	1
209	332	20	1
218	332	20	3
260	332	20	1
96	333	20	1
132	333	20	1
157	333	20	2
161	333	20	1
174	333	20	1
179	333	20	1
193	333	20	1
210	333	20	2
227	333	20	1
250	333	20	1
261	333	20	2
131	334	20	1
153	334	20	1
158	334	20	2
160	334	20	3
177	334	20	1
207	334	20	2
210	334	20	2
224	334	20	2
244	334	20	1
179	335	20	1
182	335	20	3
210	335	20	2
134	336	20	2
137	336	20	1
144	336	20	2
163	336	20	1
169	336	20	1
175	336	20	2
188	336	20	2
194	336	20	1
199	336	20	3
200	336	20	2
205	336	20	1
144	337	20	1
205	337	20	2
220	337	20	1
236	337	20	1
246	337	20	2
183	338	20	1
190	338	20	3
226	338	20	1
173	339	20	1
186	339	20	2
242	339	20	1
249	339	20	1
201	340	20	1
225	340	20	1
233	340	20	1
248	340	20	4
167	341	20	2
213	341	20	1
237	341	20	1
238	341	20	1
242	341	20	1
246	341	20	1
173	342	20	4
185	342	20	1
231	342	20	2
219	343	20	1
223	343	20	1
229	343	20	1
240	343	20	2
245	343	20	1
178	344	20	1
181	344	20	1
216	344	20	2
242	344	20	1
209	345	20	1
240	345	20	1
241	345	20	1
162	346	20	1
187	346	20	2
217	346	20	2
243	346	20	1
198	347	20	2
202	347	20	3
173	348	20	1
232	348	20	1
178	349	20	1
179	349	20	1
190	349	20	1
229	349	20	2
169	350	20	1
184	350	20	1
207	350	20	1
231	350	20	1
206	351	20	1
183	352	20	2
186	352	20	2
216	352	20	1
231	352	20	1
165	353	20	1
184	353	20	1
212	353	20	1
231	353	20	1
178	354	20	1
208	354	20	2
210	354	20	2
230	354	20	1
200	355	20	2
218	355	20	2
229	356	20	1
182	357	20	1
215	357	20	1
220	357	20	1
211	358	20	2
222	358	20	1
171	359	20	1
173	359	20	1
175	359	20	1
176	359	20	1
191	359	20	1
200	359	20	1
179	360	20	2
180	360	20	2
206	360	20	2
219	360	20	1
176	361	20	1
185	361	20	3
203	361	20	1
129	222	21	2
142	224	21	1
159	225	21	1
175	225	21	2
180	225	21	1
139	228	21	1
146	228	21	2
147	228	21	2
154	229	21	2
156	229	21	1
173	230	21	1
129	231	21	1
136	233	21	2
144	233	21	1
129	234	21	2
217	235	21	1
132	236	21	3
146	236	21	1
214	236	21	1
127	237	21	2
132	237	21	1
137	237	21	1
138	237	21	1
146	237	21	4
172	237	21	1
178	237	21	1
191	237	21	2
131	238	21	1
132	238	21	1
148	238	21	2
135	239	21	1
147	239	21	2
178	239	21	2
126	240	21	1
128	240	21	1
132	240	21	1
137	240	21	2
138	240	21	1
141	240	21	1
171	240	21	1
190	240	21	1
241	240	21	1
126	241	21	1
129	241	21	3
130	241	21	1
134	241	21	1
135	241	21	1
137	241	21	1
147	241	21	3
152	241	21	3
174	241	21	1
215	241	21	1
126	242	21	2
128	242	21	1
143	242	21	1
116	243	21	5
129	243	21	1
142	243	21	1
143	243	21	1
146	243	21	1
152	243	21	1
141	244	21	1
145	244	21	2
102	245	21	2
116	245	21	1
139	245	21	1
215	245	21	1
245	245	21	1
135	246	21	1
197	247	21	1
201	247	21	2
232	247	21	1
173	248	21	1
212	248	21	1
218	249	21	1
126	250	21	3
131	250	21	1
217	251	21	1
232	251	21	1
158	252	21	2
201	252	21	1
220	252	21	2
225	253	21	2
228	253	21	1
199	254	21	1
225	254	21	3
228	254	21	2
161	255	21	1
223	255	21	1
230	255	21	1
122	256	21	1
227	256	21	2
107	257	21	1
140	258	21	1
252	258	21	1
160	259	21	1
163	259	21	2
181	260	21	1
196	260	21	1
231	260	21	1
201	261	21	1
137	262	21	1
163	262	21	1
189	262	21	1
161	264	21	1
162	264	21	1
163	264	21	1
175	264	21	2
181	264	21	1
158	265	21	2
162	265	21	1
215	265	21	2
222	265	21	1
161	266	21	1
221	266	21	2
162	267	21	1
155	268	21	2
160	268	21	1
114	269	21	2
124	269	21	1
154	269	21	2
160	269	21	2
178	269	21	3
117	270	21	2
120	270	21	3
126	270	21	1
115	271	21	3
119	271	21	1
174	271	21	1
176	271	21	2
117	272	21	2
129	272	21	2
149	272	21	1
163	272	21	3
164	272	21	1
165	272	21	1
166	272	21	1
182	272	21	1
122	273	21	1
133	273	21	1
157	273	21	2
166	273	21	1
177	273	21	2
224	273	21	2
134	274	21	2
236	274	21	1
265	274	21	1
175	275	21	1
176	275	21	3
179	275	21	3
219	275	21	1
117	276	21	2
165	276	21	4
169	276	21	1
173	276	21	1
219	276	21	1
223	276	21	1
174	277	21	1
219	277	21	3
117	278	21	2
221	278	21	2
169	279	21	2
186	279	21	1
218	279	21	2
225	279	21	1
147	280	21	1
172	280	21	2
174	280	21	1
204	280	21	1
218	280	21	1
219	280	21	1
227	280	21	1
169	281	21	1
175	281	21	1
225	281	21	2
226	281	21	1
140	282	21	2
215	282	21	2
217	282	21	1
220	282	21	2
224	282	21	2
173	283	21	2
216	283	21	1
222	284	21	2
123	285	21	1
180	285	21	1
223	285	21	2
237	285	21	1
101	286	21	1
217	286	21	2
223	286	21	3
220	287	21	1
221	287	21	2
223	287	21	2
134	288	21	2
186	288	21	1
217	288	21	2
224	288	21	2
271	288	21	1
217	289	21	1
219	290	21	2
221	290	21	1
244	292	21	1
268	292	21	1
271	292	21	4
196	293	21	3
217	293	21	1
142	294	21	1
187	294	21	1
193	294	21	1
235	294	21	1
269	294	21	1
140	295	21	3
217	295	21	1
218	295	21	2
245	295	21	1
126	296	21	2
218	296	21	1
150	297	21	1
194	297	21	1
214	297	21	1
217	297	21	1
250	297	21	2
162	298	21	1
230	298	21	1
192	299	21	2
239	300	21	2
267	300	21	3
210	301	21	1
252	301	21	1
270	301	21	1
264	302	21	2
105	303	21	1
207	303	21	1
240	303	21	1
187	304	21	1
208	304	21	1
235	304	21	1
267	304	21	1
96	305	21	1
204	305	21	3
209	305	21	1
223	305	21	2
181	306	21	4
203	306	21	1
208	306	21	4
231	306	21	1
238	306	21	2
203	307	21	3
204	307	21	1
207	307	21	1
236	307	21	2
231	308	21	1
232	308	21	2
256	308	21	2
100	309	21	1
170	309	21	1
242	309	21	1
264	309	21	1
112	310	21	2
114	310	21	1
132	310	21	1
162	310	21	1
166	310	21	1
186	310	21	1
230	310	21	2
231	310	21	1
257	310	21	2
93	311	21	1
199	311	21	1
204	311	21	1
212	311	21	3
260	311	21	3
167	312	21	1
201	312	21	2
203	312	21	2
227	312	21	2
230	312	21	2
116	313	21	1
200	313	21	2
241	313	21	2
258	313	21	2
260	313	21	1
261	313	21	2
262	313	21	2
172	314	21	1
182	314	21	1
203	314	21	4
205	314	21	1
237	314	21	1
163	315	21	3
257	315	21	1
237	316	21	2
260	316	21	3
166	317	21	1
232	317	21	1
257	317	21	1
146	318	21	1
233	318	21	2
240	318	21	2
260	318	21	2
264	318	21	1
166	319	21	1
184	319	21	1
258	319	21	3
261	319	21	1
257	320	21	1
262	320	21	1
118	321	21	1
167	321	21	1
185	321	21	2
249	321	21	1
260	321	21	1
178	322	21	1
182	322	21	3
258	322	21	1
259	322	21	1
126	323	21	1
179	323	21	2
181	323	21	2
185	323	21	1
200	323	21	1
201	323	21	1
243	323	21	2
261	323	21	2
141	324	21	1
162	324	21	1
178	324	21	1
184	324	21	1
187	324	21	2
188	324	21	2
195	324	21	1
196	324	21	2
190	325	21	2
195	325	21	2
199	325	21	1
202	325	21	1
189	326	21	1
94	327	21	2
156	327	21	1
180	327	21	2
173	328	21	2
202	328	21	3
260	328	21	1
100	329	21	1
131	330	21	2
257	331	21	1
260	331	21	1
138	332	21	1
259	333	21	1
223	334	21	2
255	334	21	1
134	335	21	1
170	335	21	2
237	335	21	1
259	335	21	1
142	336	21	1
177	336	21	2
183	336	21	2
211	336	21	2
259	336	21	3
260	336	21	2
145	338	21	1
240	338	21	1
148	339	21	1
173	339	21	2
177	340	21	4
237	340	21	1
225	341	21	2
240	344	21	1
244	344	21	1
243	345	21	1
180	346	21	1
173	349	21	1
198	349	21	1
212	349	21	2
190	351	21	1
221	354	21	1
181	355	21	3
179	360	21	1
181	362	21	3
154	228	22	1
154	230	22	2
162	230	22	2
131	234	22	1
139	234	22	2
147	234	22	2
136	235	22	1
143	235	22	2
145	235	22	1
136	236	22	1
140	236	22	1
133	237	22	2
135	237	22	1
143	237	22	1
129	238	22	1
134	238	22	1
139	238	22	2
146	238	22	2
132	239	22	3
141	239	22	1
213	239	22	3
216	239	22	3
139	240	22	2
141	240	22	1
154	240	22	1
216	240	22	1
132	241	22	1
133	241	22	1
139	241	22	2
146	241	22	1
148	241	22	2
150	241	22	2
153	241	22	4
215	241	22	1
131	242	22	1
134	242	22	1
144	242	22	2
139	243	22	3
136	244	22	1
133	245	22	1
136	245	22	1
135	247	22	1
216	249	22	3
216	251	22	1
221	254	22	1
226	254	22	2
227	254	22	1
196	256	22	1
228	256	22	1
161	257	22	1
163	257	22	2
199	257	22	2
160	258	22	1
162	259	22	1
162	260	22	2
197	260	22	1
163	261	22	4
160	264	22	1
119	267	22	4
120	267	22	1
121	267	22	2
132	267	22	2
157	268	22	1
162	268	22	1
165	268	22	2
195	268	22	1
122	269	22	3
121	270	22	1
122	270	22	1
127	270	22	1
155	270	22	2
179	270	22	1
164	271	22	1
176	271	22	2
181	271	22	1
116	272	22	2
155	272	22	1
177	272	22	1
118	273	22	1
170	273	22	3
177	273	22	1
179	273	22	1
154	274	22	2
156	274	22	3
165	274	22	2
168	274	22	3
174	274	22	1
165	275	22	1
177	275	22	3
227	275	22	2
170	277	22	1
176	277	22	1
169	278	22	1
176	278	22	2
190	278	22	2
227	278	22	1
169	279	22	1
171	279	22	1
217	279	22	1
226	279	22	1
167	280	22	1
168	280	22	1
170	280	22	3
174	280	22	1
224	280	22	1
170	281	22	1
170	282	22	2
226	282	22	1
226	285	22	1
271	287	22	1
219	288	22	2
224	288	22	4
271	289	22	1
217	290	22	1
219	292	22	1
222	292	22	3
241	293	22	1
269	294	22	1
215	296	22	1
269	296	22	1
217	297	22	1
268	297	22	1
216	299	22	1
214	300	22	1
189	301	22	1
210	301	22	1
238	302	22	4
238	303	22	1
263	304	22	1
185	305	22	2
240	305	22	2
232	306	22	4
207	307	22	1
234	307	22	1
238	307	22	1
238	308	22	2
206	309	22	1
208	309	22	1
204	310	22	2
207	310	22	1
250	310	22	1
264	311	22	2
175	313	22	3
233	313	22	1
260	313	22	2
261	313	22	1
257	314	22	2
179	315	22	1
226	315	22	2
261	315	22	3
263	315	22	1
179	317	22	1
236	317	22	1
176	318	22	2
240	318	22	2
261	320	22	1
256	321	22	3
185	322	22	1
185	323	22	2
191	323	22	1
194	323	22	1
258	323	22	1
179	324	22	1
182	324	22	2
194	324	22	3
196	324	22	1
200	324	22	1
182	325	22	1
188	325	22	1
199	325	22	1
215	325	22	1
202	326	22	1
259	326	22	1
260	326	22	1
184	328	22	1
199	328	22	1
200	328	22	1
99	329	22	1
201	329	22	2
103	330	22	1
94	331	22	3
259	331	22	2
260	331	22	2
100	332	22	1
178	334	22	3
180	334	22	1
259	334	22	1
179	337	22	1
242	343	22	1
242	344	22	1
182	351	22	2
157	225	23	1
180	225	23	2
158	226	23	1
154	228	23	1
155	228	23	3
157	228	23	1
157	229	23	1
152	231	23	1
157	231	23	1
134	234	23	1
138	234	23	2
140	234	23	1
146	234	23	5
141	235	23	1
144	235	23	1
148	235	23	2
144	236	23	3
146	236	23	1
150	236	23	1
133	237	23	1
142	237	23	1
214	237	23	1
138	238	23	1
145	238	23	3
150	238	23	1
217	238	23	1
131	239	23	2
130	240	23	1
142	240	23	1
130	241	23	1
132	241	23	1
136	241	23	2
138	241	23	1
140	241	23	1
141	241	23	2
142	241	23	1
145	241	23	2
149	241	23	1
146	242	23	1
149	242	23	1
215	242	23	2
132	243	23	2
134	243	23	3
140	243	23	1
227	243	23	1
142	244	23	1
145	244	23	1
134	246	23	1
215	246	23	1
227	249	23	1
218	250	23	1
219	251	23	1
222	252	23	1
192	253	23	1
224	253	23	1
223	254	23	1
162	255	23	1
197	255	23	2
226	255	23	2
193	257	23	2
224	257	23	2
228	257	23	1
197	259	23	1
119	263	23	1
122	264	23	1
124	266	23	1
121	267	23	2
124	267	23	1
162	267	23	1
127	268	23	1
163	268	23	1
117	269	23	3
156	270	23	1
166	271	23	1
168	271	23	2
154	272	23	1
167	272	23	1
158	273	23	1
165	273	23	3
166	273	23	3
168	273	23	2
177	273	23	1
169	274	23	1
176	274	23	1
226	274	23	1
167	275	23	2
173	275	23	1
224	275	23	1
172	276	23	3
179	276	23	1
166	277	23	1
168	278	23	1
169	278	23	2
176	278	23	1
178	278	23	1
170	279	23	1
179	279	23	1
176	280	23	2
168	281	23	1
170	281	23	1
210	281	23	1
176	282	23	1
206	282	23	1
172	284	23	2
226	284	23	2
203	287	23	1
220	291	23	1
222	291	23	2
269	291	23	1
220	293	23	3
267	293	23	1
271	293	23	1
219	294	23	1
269	294	23	1
218	296	23	1
269	297	23	1
269	298	23	1
190	299	23	1
264	299	23	1
207	301	23	2
235	301	23	2
236	301	23	1
268	301	23	1
236	302	23	2
239	302	23	1
136	303	23	3
264	303	23	1
208	305	23	1
264	305	23	1
265	305	23	1
241	306	23	1
267	306	23	1
181	307	23	1
205	307	23	1
236	307	23	1
240	307	23	1
241	307	23	1
262	307	23	1
241	308	23	2
179	309	23	2
181	309	23	1
182	309	23	1
204	309	23	2
257	309	23	1
230	311	23	2
234	311	23	1
260	311	23	1
173	312	23	1
261	312	23	1
239	313	23	1
176	314	23	4
204	314	23	1
232	314	23	3
257	314	23	1
179	315	23	1
238	315	23	1
257	315	23	3
258	315	23	1
259	315	23	2
262	315	23	2
182	318	23	1
254	318	23	5
259	318	23	2
262	318	23	2
256	319	23	3
258	319	23	2
259	319	23	1
262	319	23	1
187	321	23	1
256	321	23	5
260	321	23	1
236	322	23	1
256	322	23	1
184	323	23	1
185	323	23	1
162	324	23	1
178	324	23	2
186	325	23	2
259	326	23	3
99	327	23	1
184	327	23	1
259	327	23	1
94	328	23	1
97	328	23	1
199	328	23	1
96	329	23	2
183	329	23	1
259	329	23	1
94	330	23	1
180	330	23	2
201	331	23	1
260	331	23	1
192	334	23	1
240	342	23	2
242	342	23	1
243	343	23	1
244	344	23	1
240	345	23	1
178	223	24	2
182	223	24	1
178	224	24	1
160	225	24	1
176	225	24	1
174	226	24	1
157	227	24	1
158	229	24	1
151	231	24	1
162	231	24	3
135	234	24	1
143	234	24	1
146	234	24	1
151	234	24	1
141	236	24	1
144	236	24	2
151	236	24	1
138	237	24	1
150	237	24	1
132	238	24	1
137	238	24	2
146	238	24	1
132	239	24	1
148	239	24	1
108	240	24	1
137	240	24	1
142	240	24	1
132	241	24	1
140	241	24	1
144	241	24	1
140	242	24	3
226	242	24	1
132	243	24	1
134	243	24	1
141	243	24	1
149	243	24	1
137	244	24	1
141	244	24	2
147	244	24	3
137	245	24	1
227	246	24	1
228	247	24	2
224	248	24	1
139	249	24	2
140	249	24	1
216	249	24	2
222	251	24	1
134	252	24	1
141	253	24	2
227	254	24	2
140	255	24	2
142	256	24	2
163	256	24	1
199	258	24	1
118	260	24	3
225	260	24	1
196	261	24	1
199	261	24	1
116	262	24	1
117	262	24	2
119	262	24	2
223	262	24	1
115	263	24	1
117	263	24	1
120	263	24	2
121	263	24	1
217	263	24	2
221	263	24	1
119	264	24	1
122	264	24	1
163	264	24	1
117	265	24	2
120	265	24	2
216	265	24	1
215	266	24	2
127	268	24	1
156	269	24	1
162	269	24	1
165	269	24	1
163	270	24	2
131	271	24	1
166	272	24	1
165	273	24	2
177	273	24	2
182	273	24	1
166	274	24	1
179	274	24	2
167	275	24	1
170	276	24	2
171	276	24	1
168	277	24	1
176	277	24	2
180	277	24	1
168	278	24	2
171	278	24	1
175	278	24	1
178	278	24	1
179	278	24	2
168	279	24	1
170	279	24	1
179	279	24	1
180	279	24	2
170	280	24	1
174	280	24	1
171	281	24	2
204	283	24	1
176	284	24	1
177	284	24	1
204	285	24	2
276	286	24	2
201	289	24	2
275	289	24	2
276	289	24	2
225	290	24	2
275	290	24	2
198	291	24	3
222	291	24	1
269	292	24	1
197	293	24	2
266	295	24	1
236	297	24	3
269	297	24	1
266	298	24	2
268	298	24	3
236	299	24	2
237	299	24	4
238	300	24	1
263	300	24	2
267	301	24	4
242	302	24	1
207	303	24	1
237	303	24	2
188	304	24	1
236	304	24	1
238	304	24	1
240	305	24	1
263	305	24	1
206	306	24	1
239	306	24	2
241	306	24	2
259	307	24	2
260	307	24	1
263	307	24	1
265	307	24	1
206	308	24	2
235	308	24	2
263	308	24	2
264	308	24	1
181	309	24	4
232	309	24	3
257	309	24	1
260	309	24	1
263	309	24	1
204	310	24	2
260	310	24	2
206	311	24	1
234	311	24	1
235	311	24	1
257	311	24	2
260	311	24	1
266	311	24	1
239	312	24	1
240	312	24	3
257	312	24	1
177	313	24	1
199	313	24	1
238	313	24	1
261	313	24	1
264	313	24	1
175	314	24	2
237	314	24	1
257	314	24	2
263	314	24	1
171	315	24	2
173	315	24	1
211	315	24	2
172	316	24	1
213	316	24	1
169	317	24	1
185	317	24	2
262	317	24	1
167	318	24	1
168	318	24	1
169	318	24	1
179	318	24	1
257	319	24	1
261	319	24	1
262	319	24	1
166	320	24	2
239	320	24	1
186	321	24	1
185	322	24	1
237	322	24	1
179	323	24	1
187	323	24	2
236	323	24	3
186	324	24	2
259	324	24	4
182	325	24	1
185	325	24	1
188	325	24	1
183	326	24	1
258	326	24	1
184	327	24	2
99	329	24	1
154	329	24	1
183	329	24	1
185	329	24	1
261	329	24	1
180	331	24	1
181	331	24	1
260	331	24	1
261	331	24	1
97	332	24	1
102	332	24	1
258	333	24	1
178	334	24	1
259	334	24	1
181	335	24	1
257	335	24	3
259	335	24	2
181	336	24	1
186	360	24	1
179	222	25	2
180	222	25	2
179	223	25	3
181	223	25	1
157	226	25	1
155	228	25	1
157	228	25	1
161	228	25	1
152	230	25	2
155	231	25	1
158	231	25	1
161	232	25	1
163	233	25	3
137	234	25	1
134	235	25	2
140	235	25	2
142	235	25	1
144	235	25	2
133	236	25	2
135	236	25	1
133	237	25	1
139	237	25	3
145	237	25	1
247	237	25	2
140	238	25	1
246	238	25	1
133	239	25	1
134	239	25	2
135	239	25	1
138	239	25	3
228	240	25	2
134	241	25	1
226	241	25	1
237	241	25	1
135	242	25	1
131	243	25	3
227	243	25	1
134	245	25	2
139	246	25	3
140	247	25	4
230	248	25	1
229	250	25	1
230	251	25	2
136	253	25	1
140	253	25	1
225	253	25	1
224	257	25	3
225	258	25	1
121	259	25	1
223	260	25	1
118	261	25	2
119	261	25	2
121	261	25	2
120	264	25	1
122	266	25	1
123	266	25	1
128	266	25	1
261	266	25	2
178	276	25	1
165	278	25	2
170	278	25	3
170	279	25	1
273	279	25	1
274	280	25	3
276	280	25	1
169	281	25	3
176	281	25	3
177	281	25	2
165	282	25	1
169	282	25	1
172	282	25	1
174	282	25	5
275	285	25	1
277	287	25	1
277	288	25	1
199	289	25	1
277	290	25	1
271	291	25	2
270	293	25	1
266	295	25	1
266	296	25	2
269	296	25	1
266	297	25	2
268	297	25	1
238	299	25	1
237	300	25	2
266	300	25	1
265	301	25	3
238	302	25	2
235	305	25	1
236	307	25	1
230	309	25	1
258	309	25	1
262	309	25	2
260	310	25	1
206	311	25	1
233	311	25	1
258	311	25	1
260	311	25	1
259	312	25	1
260	313	25	2
209	314	25	2
232	314	25	1
262	314	25	2
210	316	25	1
256	316	25	1
262	316	25	1
258	319	25	4
240	320	25	1
257	320	25	2
241	321	25	1
188	327	25	1
258	327	25	1
144	337	25	1
178	225	26	1
178	226	26	1
157	228	26	2
157	229	26	1
157	230	26	1
168	230	26	1
142	233	26	2
144	233	26	1
142	234	26	1
152	234	26	1
139	235	26	2
140	235	26	1
145	235	26	1
246	235	26	1
249	235	26	1
250	235	26	1
248	236	26	1
250	236	26	1
134	237	26	1
135	237	26	1
140	237	26	1
142	237	26	1
143	237	26	1
248	237	26	1
143	238	26	2
240	239	26	1
134	240	26	1
135	240	26	1
136	240	26	1
110	241	26	2
226	241	26	1
132	242	26	1
226	243	26	2
134	245	26	2
137	245	26	1
226	246	26	1
228	247	26	2
223	248	26	1
230	248	26	2
224	249	26	1
227	250	26	1
125	251	26	3
124	252	26	1
123	253	26	1
122	257	26	2
121	258	26	1
120	259	26	1
120	268	26	1
211	268	26	1
119	269	26	1
122	269	26	1
176	275	26	1
171	276	26	1
177	276	26	1
178	277	26	1
163	279	26	1
173	280	26	1
174	280	26	4
274	280	26	2
169	281	26	2
274	282	26	1
175	283	26	2
268	293	26	1
272	293	26	2
266	297	26	1
267	298	26	2
231	307	26	3
229	308	26	1
231	309	26	1
262	311	26	2
209	312	26	2
243	312	26	2
257	312	26	2
208	313	26	1
209	313	26	1
257	313	26	3
258	313	26	1
259	313	26	2
262	314	26	2
258	315	26	1
260	316	26	2
263	316	26	2
256	317	26	2
262	317	26	1
258	318	26	1
259	319	26	1
261	319	26	2
241	321	26	2
242	321	26	1
242	322	26	1
259	331	26	1
186	359	26	1
180	223	27	2
179	226	27	2
155	231	27	1
161	231	27	1
162	231	27	1
161	232	27	1
162	232	27	2
163	232	27	1
164	232	27	2
166	232	27	3
155	233	27	1
164	233	27	1
146	234	27	1
152	234	27	1
154	234	27	1
245	234	27	1
146	235	27	2
250	235	27	1
137	236	27	2
245	236	27	2
249	236	27	2
135	237	27	2
136	237	27	1
137	237	27	2
241	237	27	1
244	238	27	2
246	238	27	1
248	238	27	1
132	239	27	1
135	239	27	1
182	239	27	1
241	239	27	1
242	239	27	1
139	240	27	2
133	241	27	1
135	241	27	1
246	245	27	2
226	252	27	1
225	253	27	1
120	256	27	1
121	257	27	1
122	257	27	1
122	258	27	1
126	267	27	2
259	267	27	1
119	268	27	2
124	268	27	1
126	268	27	1
122	270	27	3
123	270	27	1
126	270	27	3
127	270	27	1
128	270	27	2
127	271	27	1
173	277	27	1
175	278	27	4
178	278	27	1
174	279	27	1
176	279	27	2
173	281	27	1
175	281	27	2
177	281	27	1
274	281	27	1
275	281	27	3
173	282	27	1
178	282	27	2
272	283	27	3
273	285	27	1
178	286	27	1
269	293	27	1
177	294	27	1
191	294	27	1
195	294	27	1
192	295	27	1
199	299	27	2
232	302	27	3
233	303	27	1
236	306	27	2
235	308	27	1
201	309	27	1
203	309	27	4
233	309	27	1
257	309	27	2
230	310	27	1
202	311	27	1
209	311	27	1
213	313	27	1
202	314	27	2
208	314	27	1
210	315	27	1
259	316	27	1
239	319	27	2
256	319	27	1
261	324	27	2
233	326	27	4
260	328	27	1
186	357	27	2
183	361	27	1
163	231	28	1
162	232	28	2
156	233	28	1
166	234	28	1
243	235	28	1
244	235	28	2
250	235	28	2
136	236	28	1
138	236	28	1
143	236	28	1
249	236	28	2
136	237	28	1
137	237	28	1
242	237	28	1
140	238	28	1
141	238	28	2
244	238	28	2
246	238	28	1
250	238	28	1
137	239	28	1
144	239	28	2
244	239	28	3
139	240	28	2
139	241	28	1
179	241	28	1
185	241	28	1
114	243	28	1
248	244	28	2
230	245	28	2
231	245	28	1
193	246	28	2
234	249	28	3
229	250	28	1
235	250	28	1
125	251	28	1
126	251	28	1
234	251	28	1
124	252	28	1
126	252	28	1
124	254	28	1
125	255	28	1
127	256	28	1
128	256	28	1
134	257	28	1
121	264	28	1
257	264	28	1
259	266	28	2
124	267	28	3
127	267	28	1
122	268	28	1
262	268	28	2
124	269	28	1
121	270	28	2
123	271	28	2
134	274	28	1
134	276	28	2
129	277	28	2
171	277	28	1
173	277	28	2
175	277	28	3
128	278	28	2
171	279	28	1
172	279	28	1
176	279	28	2
172	280	28	1
174	280	28	1
177	280	28	2
178	280	28	2
275	280	28	1
276	280	28	3
172	281	28	1
174	281	28	3
274	281	28	2
275	281	28	2
165	282	28	1
176	282	28	1
177	282	28	2
274	282	28	2
165	283	28	1
170	283	28	1
171	283	28	2
173	283	28	1
174	283	28	1
175	284	28	2
275	284	28	1
167	285	28	3
168	285	28	3
170	285	28	4
179	285	28	2
166	287	28	1
168	288	28	2
271	289	28	1
270	290	28	3
192	292	28	1
193	294	28	1
197	295	28	1
179	296	28	1
232	304	28	1
236	305	28	1
230	306	28	1
232	306	28	1
227	307	28	2
228	307	28	3
207	308	28	2
225	308	28	1
230	310	28	1
204	313	28	2
211	313	28	1
261	313	28	1
260	314	28	2
259	315	28	4
210	316	28	2
259	316	28	2
242	317	28	2
262	317	28	1
262	318	28	2
239	319	28	1
240	319	28	2
239	321	28	2
242	322	28	1
96	327	28	1
133	328	28	2
96	331	28	1
96	332	28	1
185	357	28	1
116	223	29	2
112	228	29	1
160	233	29	1
252	236	29	3
142	237	29	1
249	237	29	2
140	238	29	2
179	238	29	1
183	239	29	1
186	239	29	1
179	240	29	1
186	240	29	2
190	240	29	1
185	241	29	1
134	242	29	1
237	242	29	1
193	243	29	1
189	244	29	1
192	244	29	1
235	244	29	2
236	246	29	1
193	247	29	1
189	249	29	2
226	250	29	2
127	253	29	1
128	254	29	1
134	255	29	1
125	268	29	2
123	270	29	1
124	271	29	1
129	271	29	1
124	272	29	1
127	272	29	1
137	272	29	2
137	273	29	1
167	273	29	1
128	274	29	1
138	274	29	1
137	275	29	1
168	275	29	1
170	275	29	1
171	275	29	2
174	277	29	1
167	278	29	1
169	278	29	3
170	279	29	1
175	279	29	2
172	280	29	1
175	281	29	1
276	281	29	1
161	282	29	1
162	282	29	3
174	282	29	1
274	282	29	2
276	282	29	3
166	283	29	1
174	283	29	1
275	283	29	1
166	284	29	1
167	284	29	2
177	284	29	2
274	284	29	2
277	284	29	1
176	285	29	1
177	285	29	1
168	286	29	1
167	287	29	1
169	287	29	1
270	294	29	1
183	297	29	1
204	307	29	1
235	307	29	1
236	307	29	2
199	308	29	1
204	308	29	1
211	308	29	2
225	308	29	1
233	308	29	1
227	309	29	1
111	310	29	1
206	311	29	2
209	311	29	1
249	311	29	1
204	312	29	1
208	312	29	1
205	313	29	2
209	313	29	2
221	313	29	2
207	314	29	2
211	314	29	1
212	315	29	2
241	316	29	4
241	318	29	2
243	319	29	2
243	320	29	1
239	321	29	1
123	325	29	1
126	325	29	1
121	326	29	2
93	327	29	1
125	327	29	1
127	327	29	2
95	328	29	1
96	328	29	2
134	329	29	1
95	330	29	1
95	331	29	4
97	331	29	1
95	332	29	1
143	332	29	2
95	333	29	1
96	333	29	2
191	346	29	1
185	360	29	2
192	234	30	2
197	235	30	1
176	237	30	1
181	238	30	2
183	238	30	1
172	239	30	1
177	240	30	1
178	240	30	2
181	240	30	2
184	240	30	2
178	241	30	3
183	241	30	1
189	241	30	2
172	242	30	1
189	242	30	1
183	243	30	3
190	245	30	1
125	255	30	2
250	255	30	1
127	256	30	1
129	256	30	2
125	257	30	1
126	258	30	2
250	258	30	3
133	259	30	2
131	260	30	1
136	263	30	1
259	266	30	1
262	267	30	2
126	269	30	1
259	269	30	1
125	270	30	2
126	270	30	1
137	270	30	1
168	270	30	1
138	271	30	1
165	271	30	1
166	271	30	1
123	272	30	4
124	272	30	1
125	272	30	2
129	272	30	1
135	272	30	1
124	273	30	1
140	273	30	1
167	273	30	2
139	274	30	1
142	274	30	2
167	274	30	1
143	275	30	3
168	278	30	1
159	279	30	3
163	279	30	1
169	279	30	1
159	281	30	1
165	281	30	1
276	281	30	1
175	282	30	1
275	282	30	1
276	282	30	1
160	283	30	2
164	283	30	1
162	284	30	1
164	284	30	1
274	284	30	1
275	284	30	1
165	285	30	1
276	285	30	1
163	286	30	1
165	287	30	1
177	296	30	2
180	299	30	1
194	305	30	1
194	306	30	2
198	307	30	1
210	309	30	2
204	310	30	1
212	310	30	2
207	311	30	1
207	312	30	2
206	313	30	1
210	316	30	1
246	316	30	1
245	317	30	1
246	317	30	1
243	320	30	1
213	322	30	1
124	323	30	1
128	324	30	1
128	325	30	1
96	327	30	1
99	329	30	1
98	330	30	1
93	331	30	1
97	331	30	1
141	331	30	1
95	332	30	1
97	333	30	1
186	349	30	1
218	359	30	1
220	363	30	2
139	239	31	1
174	239	31	1
185	240	31	1
183	241	31	1
187	241	31	1
188	241	31	2
174	242	31	1
176	242	31	2
174	243	31	1
184	243	31	1
186	243	31	1
190	244	31	1
173	245	31	2
188	245	31	1
190	245	31	4
123	256	31	1
126	256	31	3
129	256	31	1
123	257	31	2
129	259	31	2
148	259	31	1
256	263	31	4
261	264	31	1
258	265	31	2
261	265	31	3
259	266	31	1
262	266	31	1
127	267	31	1
260	267	31	1
125	268	31	1
126	268	31	1
261	268	31	3
123	270	31	1
125	270	31	2
134	270	31	1
163	271	31	1
260	271	31	1
127	272	31	1
132	272	31	1
142	273	31	1
163	273	31	1
140	274	31	1
143	274	31	1
162	274	31	1
141	275	31	1
166	275	31	1
166	277	31	1
262	279	31	1
159	281	31	1
159	282	31	2
259	282	31	1
275	282	31	1
165	283	31	1
167	283	31	1
276	283	31	1
162	284	31	2
276	284	31	1
162	285	31	2
163	285	31	3
165	285	31	1
166	285	31	2
166	286	31	2
163	287	31	1
167	287	31	2
166	288	31	1
166	290	31	1
170	292	31	2
172	292	31	2
174	293	31	2
181	301	31	1
198	306	31	2
193	307	31	1
197	307	31	1
206	307	31	1
188	308	31	3
193	308	31	5
205	308	31	3
191	309	31	2
205	310	31	1
189	311	31	2
210	311	31	1
205	312	31	1
200	315	31	1
246	318	31	2
206	319	31	1
242	321	31	1
98	327	31	1
94	329	31	2
98	329	31	2
94	330	31	3
94	332	31	1
96	332	31	1
98	332	31	1
174	339	31	3
184	347	31	2
183	348	31	1
182	349	31	1
186	349	31	2
188	349	31	2
184	350	31	1
223	361	31	1
113	225	32	1
114	225	32	3
112	226	32	1
113	226	32	1
114	226	32	1
181	242	32	2
185	242	32	1
186	242	32	3
187	242	32	1
188	242	32	2
183	243	32	1
194	243	32	1
172	244	32	1
173	244	32	4
181	244	32	1
182	244	32	1
189	244	32	3
188	245	32	1
190	245	32	1
175	247	32	3
134	254	32	2
132	257	32	1
254	257	32	1
165	258	32	1
134	259	32	2
157	259	32	2
128	260	32	1
168	260	32	3
256	261	32	1
130	263	32	1
261	263	32	1
258	265	32	2
261	265	32	1
259	267	32	2
263	267	32	4
126	268	32	1
165	268	32	1
260	268	32	2
124	269	32	1
126	269	32	1
130	269	32	1
259	269	32	1
263	270	32	2
124	271	32	2
139	271	32	1
165	272	32	2
166	272	32	3
166	273	32	1
167	274	32	2
141	275	32	1
260	277	32	1
158	279	32	1
159	279	32	1
161	279	32	4
261	280	32	1
262	282	32	1
276	282	32	2
161	284	32	2
163	285	32	2
162	286	32	1
167	289	32	1
165	295	32	1
116	304	32	2
114	307	32	1
187	307	32	1
188	308	32	1
194	308	32	1
186	309	32	1
188	309	32	1
113	310	32	2
195	310	32	3
111	311	32	2
195	311	32	1
196	311	32	3
198	311	32	3
203	311	32	1
207	311	32	1
210	311	32	1
244	311	32	2
246	311	32	2
112	312	32	1
200	312	32	1
203	312	32	1
207	312	32	3
211	312	32	1
246	312	32	1
200	313	32	1
212	313	32	1
197	314	32	1
223	315	32	2
245	315	32	1
197	316	32	1
243	316	32	1
243	317	32	1
245	318	32	2
207	319	32	4
210	319	32	2
201	320	32	2
209	321	32	1
242	321	32	1
236	322	32	1
238	323	32	1
97	330	32	1
94	331	32	1
97	333	32	2
204	333	32	1
96	334	32	2
184	336	32	1
188	346	32	2
186	347	32	1
187	348	32	1
188	348	32	2
180	352	32	2
186	354	32	1
177	359	32	1
179	360	32	2
115	224	33	1
114	227	33	1
112	228	33	1
114	228	33	1
188	244	33	3
194	244	33	2
178	245	33	1
185	245	33	1
190	245	33	2
200	246	33	2
208	246	33	1
135	254	33	1
136	254	33	1
134	255	33	3
133	257	33	1
138	258	33	3
252	258	33	1
254	258	33	1
257	258	33	2
129	259	33	1
252	259	33	2
131	260	33	1
149	260	33	2
255	260	33	2
256	260	33	1
257	260	33	2
128	261	33	1
129	261	33	1
256	261	33	2
130	262	33	1
158	262	33	1
164	262	33	1
128	263	33	1
129	263	33	1
130	263	33	1
127	264	33	1
130	264	33	2
260	264	33	2
126	266	33	1
129	266	33	2
266	266	33	1
124	267	33	2
261	267	33	1
128	268	33	3
263	268	33	1
124	269	33	1
128	269	33	1
130	269	33	1
263	269	33	2
264	269	33	1
127	270	33	2
263	270	33	1
266	270	33	1
129	271	33	1
263	271	33	1
157	273	33	1
262	273	33	2
261	274	33	1
155	275	33	2
164	275	33	1
263	275	33	2
158	276	33	3
164	277	33	1
146	278	33	1
262	278	33	1
157	279	33	1
163	281	33	1
261	281	33	2
163	283	33	1
165	283	33	1
161	284	33	1
124	285	33	1
164	285	33	2
161	286	33	2
161	291	33	1
125	292	33	1
121	293	33	3
118	298	33	1
117	301	33	1
121	301	33	1
172	301	33	1
119	303	33	1
195	306	33	2
115	307	33	1
183	307	33	1
197	307	33	1
115	308	33	1
116	308	33	4
186	308	33	1
189	308	33	1
190	308	33	2
198	308	33	1
199	308	33	1
115	309	33	1
190	309	33	2
191	309	33	4
195	309	33	2
197	309	33	2
198	309	33	1
248	309	33	1
112	310	33	1
191	310	33	2
197	310	33	2
114	311	33	1
115	311	33	1
186	311	33	2
196	311	33	2
199	311	33	1
196	312	33	1
199	312	33	2
205	312	33	2
112	313	33	1
248	313	33	1
245	314	33	1
246	314	33	1
247	315	33	2
121	316	33	1
246	316	33	2
119	318	33	3
246	318	33	2
206	319	33	1
210	321	33	2
236	321	33	1
238	321	33	2
243	322	33	2
126	323	33	2
95	329	33	1
98	329	33	1
196	331	33	1
199	332	33	2
203	333	33	1
205	333	33	3
205	334	33	2
193	341	33	1
214	341	33	1
215	341	33	1
206	345	33	1
199	346	33	2
208	346	33	1
182	348	33	1
183	348	33	1
187	348	33	1
190	348	33	2
210	348	33	1
183	349	33	1
192	349	33	1
207	349	33	1
208	349	33	1
210	349	33	1
180	350	33	1
184	351	33	1
177	352	33	1
179	352	33	3
211	352	33	1
177	353	33	1
178	354	33	1
179	357	33	1
177	360	33	1
114	226	34	1
113	228	34	2
139	234	34	1
136	237	34	1
139	239	34	3
140	240	34	2
174	240	34	1
139	242	34	1
138	243	34	1
175	245	34	3
179	245	34	1
212	247	34	1
134	250	34	1
136	254	34	1
133	256	34	1
138	256	34	1
131	257	34	4
252	257	34	2
137	258	34	1
250	258	34	3
132	259	34	1
133	259	34	4
134	259	34	1
147	259	34	2
130	260	34	2
131	261	34	1
156	261	34	2
167	261	34	1
131	262	34	1
134	262	34	1
159	262	34	1
129	263	34	2
261	264	34	2
154	265	34	3
265	265	34	1
129	266	34	1
130	266	34	2
130	267	34	1
154	267	34	2
158	267	34	2
262	267	34	2
264	267	34	2
128	268	34	1
260	268	34	3
263	268	34	1
129	269	34	2
157	269	34	1
264	269	34	1
126	270	34	2
127	270	34	2
154	270	34	1
265	270	34	1
266	270	34	1
157	271	34	1
158	272	34	2
162	272	34	2
166	272	34	1
260	272	34	2
165	274	34	1
260	274	34	1
261	274	34	1
158	276	34	1
261	276	34	1
164	277	34	1
165	277	34	1
146	278	34	1
163	278	34	1
263	278	34	1
144	279	34	1
158	279	34	1
161	279	34	1
262	279	34	2
158	280	34	1
261	281	34	1
262	281	34	1
259	282	34	2
162	283	34	1
262	283	34	1
159	284	34	3
122	290	34	3
120	294	34	1
165	294	34	2
166	294	34	1
253	296	34	1
120	297	34	1
165	297	34	3
118	301	34	1
119	301	34	1
173	301	34	1
117	302	34	1
121	302	34	1
248	302	34	1
116	303	34	4
114	305	34	2
177	305	34	1
116	306	34	1
140	306	34	1
182	306	34	1
186	308	34	1
189	308	34	1
192	308	34	1
187	309	34	1
193	309	34	1
195	309	34	5
248	309	34	3
112	310	34	2
190	310	34	1
191	310	34	1
252	310	34	1
112	311	34	1
113	311	34	2
114	311	34	3
115	311	34	2
195	311	34	1
249	311	34	2
252	311	34	1
110	312	34	1
198	312	34	2
247	312	34	2
198	313	34	1
114	314	34	2
113	316	34	1
242	316	34	1
244	316	34	2
124	317	34	2
242	317	34	1
244	317	34	1
200	318	34	1
241	318	34	2
245	318	34	1
202	320	34	1
198	321	34	2
201	321	34	2
200	322	34	2
201	322	34	2
242	322	34	2
238	323	34	1
239	323	34	1
234	324	34	1
235	325	34	2
94	328	34	2
98	328	34	1
188	328	34	1
96	329	34	1
96	331	34	1
186	331	34	2
189	331	34	1
101	332	34	2
126	333	34	1
194	333	34	2
195	333	34	3
199	333	34	2
201	333	34	1
189	334	34	1
191	334	34	1
197	334	34	1
201	334	34	1
202	334	34	1
194	335	34	1
217	336	34	1
192	337	34	1
191	340	34	1
212	341	34	1
213	341	34	2
211	342	34	3
190	345	34	1
213	345	34	1
191	347	34	2
192	347	34	1
185	348	34	1
207	348	34	1
213	348	34	3
198	349	34	2
208	349	34	1
196	350	34	2
180	351	34	1
185	351	34	2
179	352	34	2
181	352	34	1
198	352	34	1
200	352	34	2
205	352	34	1
213	352	34	1
205	353	34	1
207	353	34	3
206	354	34	1
181	355	34	1
181	358	34	1
218	362	34	2
113	227	35	1
116	228	35	2
117	230	35	2
123	232	35	2
125	235	35	1
139	237	35	2
129	238	35	2
138	238	35	1
139	239	35	1
143	240	35	1
138	241	35	1
140	242	35	2
139	243	35	1
175	246	35	2
210	246	35	1
213	247	35	2
134	251	35	1
130	252	35	1
134	252	35	2
133	253	35	2
135	253	35	1
137	254	35	1
130	255	35	2
131	255	35	1
135	255	35	5
129	257	35	1
130	257	35	1
130	258	35	1
133	258	35	1
138	258	35	1
136	259	35	1
258	259	35	2
127	260	35	2
143	260	35	2
149	260	35	1
131	261	35	1
126	262	35	3
160	262	35	2
128	263	35	2
156	263	35	1
127	264	35	1
130	264	35	1
146	264	35	1
157	264	35	1
265	264	35	2
262	265	35	2
126	266	35	2
266	266	35	1
263	267	35	1
130	269	35	2
135	271	35	1
264	271	35	2
141	272	35	2
160	272	35	2
255	272	35	2
142	273	35	2
143	273	35	2
162	274	35	1
166	274	35	1
258	274	35	1
157	275	35	1
160	275	35	1
161	275	35	3
162	276	35	1
163	276	35	2
166	276	35	1
260	276	35	1
145	277	35	1
160	277	35	2
159	279	35	1
161	279	35	1
125	280	35	1
164	280	35	1
259	282	35	2
261	282	35	2
262	282	35	1
162	283	35	2
159	284	35	1
146	285	35	1
160	285	35	2
125	286	35	1
123	287	35	2
122	288	35	1
252	292	35	1
160	294	35	1
122	295	35	1
167	297	35	2
118	298	35	2
120	298	35	1
170	298	35	1
247	299	35	1
118	300	35	1
120	300	35	1
169	300	35	1
249	301	35	1
118	304	35	1
174	304	35	1
175	304	35	2
121	305	35	2
120	306	35	1
246	306	35	1
120	307	35	1
118	308	35	1
181	308	35	2
186	308	35	2
188	308	35	1
189	308	35	1
133	309	35	1
186	309	35	1
196	309	35	1
245	309	35	1
193	310	35	2
184	311	35	3
192	311	35	1
196	311	35	1
197	311	35	1
198	311	35	1
114	312	35	3
199	312	35	1
248	312	35	3
111	313	35	3
195	313	35	1
246	313	35	1
110	314	35	2
109	317	35	2
110	317	35	2
121	317	35	2
125	317	35	1
244	317	35	1
122	319	35	2
241	320	35	1
133	321	35	1
240	321	35	2
127	322	35	3
237	322	35	2
238	323	35	1
200	324	35	2
240	324	35	2
98	325	35	1
131	325	35	1
132	325	35	1
234	325	35	2
236	325	35	1
242	325	35	1
236	326	35	1
237	329	35	1
183	333	35	2
189	336	35	1
191	336	35	1
194	336	35	1
195	336	35	1
198	336	35	1
200	338	35	2
213	339	35	1
214	339	35	1
216	339	35	1
210	342	35	1
189	346	35	1
206	346	35	1
211	346	35	3
187	347	35	2
211	347	35	3
186	348	35	1
195	348	35	3
192	349	35	1
213	349	35	1
215	349	35	1
188	351	35	1
207	351	35	2
208	351	35	1
213	351	35	1
180	352	35	1
191	352	35	1
208	352	35	1
209	352	35	1
181	353	35	2
183	353	35	1
194	353	35	3
198	353	35	1
207	353	35	1
210	353	35	2
178	354	35	1
202	354	35	1
205	354	35	1
208	354	35	2
209	354	35	1
181	355	35	1
207	355	35	1
172	356	35	2
179	356	35	1
176	357	35	1
179	357	35	1
113	227	36	2
125	235	36	1
136	236	36	1
139	237	36	1
140	238	36	1
138	239	36	1
139	239	36	2
165	239	36	2
136	240	36	1
141	240	36	1
141	241	36	1
136	242	36	1
140	242	36	2
175	242	36	1
171	244	36	1
174	244	36	1
137	252	36	1
140	253	36	3
135	254	36	2
137	254	36	1
140	254	36	1
144	254	36	1
136	255	36	1
144	255	36	2
129	257	36	1
132	257	36	1
135	257	36	1
132	258	36	1
253	258	36	4
256	258	36	1
259	258	36	1
134	259	36	1
252	259	36	2
128	260	36	2
127	261	36	1
128	261	36	2
131	261	36	2
134	261	36	3
265	261	36	1
129	263	36	1
132	263	36	1
143	263	36	1
265	263	36	1
126	264	36	1
146	264	36	1
155	264	36	1
129	265	36	2
262	265	36	2
264	265	36	1
265	265	36	2
140	266	36	1
153	266	36	1
154	266	36	2
264	266	36	1
160	269	36	1
129	270	36	1
157	270	36	2
136	271	36	1
157	271	36	1
161	274	36	1
139	275	36	1
162	275	36	1
166	275	36	2
175	276	36	3
158	277	36	1
163	277	36	1
164	278	36	4
163	279	36	1
262	279	36	1
259	280	36	1
261	281	36	1
262	281	36	1
126	282	36	1
262	282	36	1
258	283	36	2
161	284	36	1
124	285	36	2
158	286	36	2
160	286	36	1
124	288	36	1
154	288	36	2
121	292	36	1
120	295	36	2
124	295	36	1
257	295	36	1
165	297	36	1
172	298	36	1
166	299	36	1
171	299	36	1
249	299	36	1
119	300	36	1
167	300	36	1
247	300	36	1
121	301	36	2
172	301	36	1
175	301	36	2
176	301	36	1
117	302	36	1
176	302	36	1
248	302	36	1
120	303	36	1
175	303	36	2
179	303	36	2
182	303	36	2
114	304	36	1
115	304	36	3
118	305	36	2
249	305	36	2
116	306	36	1
118	306	36	1
113	307	36	1
112	308	36	4
185	308	36	1
187	308	36	2
188	308	36	2
115	309	36	3
189	309	36	2
115	310	36	1
184	310	36	1
185	310	36	1
189	310	36	1
190	310	36	2
191	311	36	1
194	311	36	1
196	311	36	1
249	311	36	1
252	311	36	2
110	312	36	1
191	312	36	1
109	313	36	1
112	315	36	2
259	317	36	1
130	320	36	1
228	320	36	1
137	321	36	1
239	321	36	1
129	322	36	1
238	322	36	1
236	324	36	1
235	325	36	1
237	325	36	1
126	326	36	1
94	327	36	1
96	327	36	1
98	327	36	1
233	327	36	3
127	328	36	1
183	332	36	1
184	332	36	3
151	333	36	2
185	333	36	1
203	333	36	1
186	334	36	2
186	335	36	1
204	336	36	4
194	337	36	1
198	337	36	1
198	339	36	1
210	340	36	1
213	340	36	2
212	341	36	1
200	344	36	2
189	346	36	1
191	347	36	1
197	348	36	1
213	348	36	1
214	348	36	1
209	349	36	1
187	350	36	1
211	350	36	2
214	350	36	1
214	351	36	1
185	352	36	2
212	352	36	1
185	353	36	1
207	353	36	2
211	353	36	2
182	354	36	1
185	354	36	1
203	355	36	1
210	355	36	1
182	356	36	2
183	356	36	1
179	357	36	2
206	358	36	2
123	225	37	1
114	226	37	1
116	228	37	1
119	228	37	2
125	230	37	1
116	232	37	1
124	232	37	1
127	233	37	2
128	233	37	1
129	233	37	2
125	234	37	1
126	234	37	1
130	234	37	1
134	235	37	1
129	236	37	1
137	236	37	1
140	238	37	1
144	238	37	1
139	239	37	2
143	239	37	2
166	240	37	1
169	240	37	2
137	241	37	1
141	241	37	1
169	241	37	2
143	242	37	1
124	243	37	1
137	243	37	1
138	243	37	1
139	243	37	1
141	243	37	2
144	243	37	1
169	243	37	1
137	244	37	1
170	244	37	3
171	244	37	2
172	244	37	1
173	245	37	1
175	245	37	2
174	247	37	3
136	249	37	1
137	252	37	1
139	253	37	1
141	253	37	1
144	253	37	1
133	254	37	1
134	254	37	1
136	254	37	1
144	254	37	3
146	255	37	1
145	256	37	1
130	260	37	1
132	260	37	1
133	260	37	2
244	260	37	2
129	261	37	1
261	262	37	1
128	263	37	1
133	263	37	1
142	263	37	1
145	263	37	2
148	263	37	2
263	263	37	1
131	264	37	1
143	264	37	2
128	265	37	1
144	265	37	2
262	265	37	1
263	265	37	1
147	266	37	1
154	268	37	1
145	269	37	1
150	270	37	2
146	272	37	2
249	272	37	1
251	272	37	2
254	272	37	2
161	273	37	1
132	274	37	1
143	274	37	3
160	274	37	1
145	275	37	1
162	276	37	1
142	278	37	2
163	278	37	1
162	280	37	1
258	280	37	1
129	281	37	1
161	281	37	1
258	281	37	3
161	282	37	1
259	282	37	1
125	283	37	1
128	283	37	4
161	283	37	1
128	284	37	1
125	285	37	1
126	286	37	2
146	286	37	1
160	286	37	1
152	288	37	1
256	292	37	1
262	292	37	1
256	293	37	1
254	294	37	1
259	294	37	2
259	295	37	1
260	297	37	1
168	299	37	1
173	299	37	2
174	299	37	1
175	299	37	1
172	300	37	1
175	300	37	1
173	301	37	2
176	301	37	1
177	301	37	1
247	301	37	1
250	301	37	1
172	302	37	1
180	302	37	2
181	303	37	1
115	304	37	1
117	304	37	1
121	304	37	1
261	304	37	1
116	306	37	2
114	308	37	2
116	308	37	2
181	309	37	1
188	309	37	1
252	309	37	2
112	313	37	2
119	314	37	1
148	315	37	1
150	315	37	1
121	316	37	3
256	316	37	1
117	317	37	1
135	317	37	1
153	317	37	1
140	318	37	1
152	318	37	1
115	319	37	1
116	319	37	3
116	320	37	1
131	322	37	1
139	322	37	1
238	324	37	2
134	325	37	1
188	327	37	1
148	331	37	2
180	332	37	3
181	332	37	3
185	332	37	1
185	333	37	1
185	334	37	1
148	335	37	1
195	335	37	2
211	340	37	1
208	341	37	2
209	342	37	1
192	344	37	1
208	344	37	1
199	345	37	1
203	346	37	1
191	347	37	1
209	348	37	1
186	349	37	2
210	349	37	1
210	350	37	1
214	350	37	1
211	352	37	2
209	353	37	1
213	353	37	1
203	355	37	1
212	355	37	2
208	356	37	1
208	357	37	2
180	358	37	1
125	223	38	1
126	227	38	2
126	230	38	1
173	230	38	2
122	231	38	2
137	231	38	2
140	231	38	1
138	232	38	4
127	233	38	1
129	233	38	2
136	233	38	2
138	233	38	1
169	233	38	1
114	234	38	1
134	234	38	1
135	234	38	1
117	235	38	1
137	235	38	1
139	235	38	2
119	236	38	1
138	236	38	1
143	237	38	1
166	237	38	2
141	238	38	2
143	238	38	1
144	238	38	1
137	239	38	1
168	239	38	1
136	240	38	2
138	240	38	2
162	240	38	1
163	240	38	1
164	240	38	2
166	240	38	1
169	240	38	1
197	240	38	2
138	241	38	2
143	241	38	2
199	241	38	1
144	242	38	1
167	242	38	2
124	243	38	2
140	243	38	1
143	243	38	2
121	244	38	2
123	244	38	2
141	244	38	1
124	245	38	2
125	245	38	1
171	245	38	1
172	245	38	1
175	245	38	1
123	246	38	1
169	246	38	3
174	246	38	1
140	248	38	1
167	249	38	2
132	251	38	1
137	252	38	1
142	252	38	2
152	252	38	1
170	252	38	1
132	253	38	1
134	253	38	1
152	253	38	1
132	254	38	2
134	254	38	1
141	254	38	2
136	255	38	1
138	255	38	1
139	255	38	1
134	256	38	1
142	256	38	2
151	256	38	1
158	256	38	2
135	258	38	2
146	258	38	2
166	258	38	1
207	258	38	1
146	259	38	1
206	259	38	1
207	259	38	1
130	260	38	2
168	260	38	1
263	260	38	1
131	261	38	1
146	261	38	1
149	261	38	2
170	261	38	1
137	262	38	1
140	262	38	1
143	262	38	1
151	262	38	1
152	262	38	1
128	263	38	2
150	263	38	1
153	263	38	3
154	263	38	1
260	263	38	1
130	264	38	1
131	264	38	1
143	264	38	1
147	264	38	1
156	265	38	2
165	265	38	2
151	266	38	1
152	266	38	2
154	266	38	2
143	267	38	2
143	268	38	1
152	268	38	1
136	269	38	1
142	270	38	2
141	271	38	1
247	271	38	1
132	272	38	2
133	272	38	1
137	272	38	2
140	272	38	1
141	272	38	1
142	272	38	1
147	272	38	3
253	272	38	1
254	272	38	1
139	273	38	1
144	273	38	2
145	273	38	1
129	276	38	2
147	276	38	1
163	276	38	2
131	277	38	1
140	277	38	1
143	277	38	1
152	277	38	2
161	277	38	2
164	278	38	1
128	280	38	2
140	280	38	1
164	280	38	1
128	281	38	3
129	281	38	1
139	281	38	2
127	282	38	1
132	282	38	1
135	282	38	2
139	282	38	1
125	283	38	1
160	283	38	2
126	284	38	1
140	284	38	1
127	285	38	1
129	285	38	1
134	286	38	2
153	286	38	2
126	287	38	1
125	288	38	1
126	288	38	1
154	288	38	1
156	289	38	1
154	292	38	2
155	294	38	1
255	294	38	1
259	294	38	3
155	295	38	1
254	295	38	2
260	296	38	1
121	297	38	1
251	297	38	1
260	297	38	1
170	298	38	1
172	298	38	1
259	298	38	1
173	300	38	1
179	300	38	2
178	302	38	1
125	303	38	3
260	303	38	2
174	304	38	1
176	304	38	1
177	304	38	1
261	304	38	3
259	305	38	1
115	306	38	2
114	307	38	1
116	308	38	2
254	309	38	1
260	310	38	1
122	314	38	2
119	315	38	1
148	315	38	2
118	316	38	2
145	316	38	1
146	316	38	2
152	316	38	4
117	317	38	2
119	317	38	2
153	317	38	1
116	318	38	1
120	318	38	2
143	318	38	1
151	318	38	1
116	319	38	2
113	320	38	1
138	320	38	1
140	320	38	1
146	320	38	1
147	320	38	3
143	322	38	3
144	322	38	2
181	324	38	1
239	324	38	2
237	325	38	3
242	325	38	1
238	327	38	2
157	329	38	1
237	329	38	3
148	330	38	3
191	332	38	1
147	333	38	2
177	333	38	1
185	333	38	1
188	333	38	2
183	334	38	4
186	334	38	2
189	334	38	1
148	335	38	1
181	335	38	1
209	340	38	3
211	341	38	2
197	343	38	2
209	344	38	1
197	345	38	2
212	345	38	2
247	346	38	3
248	346	38	1
189	347	38	2
214	347	38	2
215	347	38	1
248	347	38	1
247	348	38	1
215	353	38	1
180	354	38	1
184	354	38	2
212	354	38	1
176	355	38	1
208	355	38	1
177	356	38	1
180	356	38	3
174	357	38	2
176	357	38	2
181	357	38	1
171	358	38	2
208	358	38	1
204	359	38	1
191	361	38	4
193	361	38	2
195	361	38	1
201	361	38	2
191	362	38	1
196	363	38	2
111	221	39	1
119	223	39	2
122	223	39	2
124	223	39	1
126	226	39	1
136	226	39	3
146	226	39	2
134	228	39	2
138	228	39	2
149	228	39	3
175	228	39	1
144	229	39	3
145	230	39	2
121	231	39	2
135	232	39	1
174	232	39	1
128	233	39	1
140	233	39	1
198	233	39	1
137	234	39	1
195	234	39	1
119	235	39	2
140	235	39	3
154	235	39	1
168	235	39	2
142	236	39	1
144	236	39	1
167	236	39	1
195	236	39	2
198	236	39	1
118	237	39	1
136	237	39	2
137	237	39	1
138	237	39	3
144	237	39	2
168	237	39	1
199	237	39	1
116	238	39	1
138	238	39	1
143	238	39	1
199	238	39	1
201	238	39	2
139	239	39	1
161	239	39	2
162	239	39	3
127	240	39	4
139	240	39	1
163	240	39	2
166	240	39	1
196	240	39	1
197	240	39	1
125	241	39	3
128	241	39	2
133	241	39	1
142	241	39	1
169	241	39	2
127	242	39	1
165	242	39	1
171	242	39	2
172	242	39	1
125	243	39	2
128	243	39	1
129	243	39	3
134	243	39	1
166	243	39	1
171	243	39	1
174	243	39	1
125	244	39	3
136	244	39	2
139	244	39	1
167	244	39	1
169	244	39	1
139	245	39	1
167	245	39	1
168	245	39	1
177	245	39	1
178	245	39	2
172	246	39	1
173	246	39	2
127	247	39	2
168	247	39	3
174	247	39	2
123	248	39	1
129	248	39	2
133	249	39	1
134	249	39	1
136	249	39	1
140	249	39	1
140	250	39	4
134	252	39	2
237	252	39	1
126	253	39	2
168	253	39	3
169	253	39	2
235	253	39	2
132	254	39	2
134	254	39	1
151	254	39	4
153	254	39	1
154	254	39	1
136	255	39	2
153	255	39	1
153	256	39	1
155	256	39	1
133	257	39	2
138	257	39	1
139	257	39	1
141	257	39	2
254	257	39	1
151	258	39	1
155	258	39	1
168	258	39	2
132	259	39	4
134	259	39	1
136	259	39	1
147	259	39	1
170	259	39	1
255	259	39	1
145	260	39	1
149	260	39	1
153	260	39	1
159	260	39	1
168	260	39	1
169	260	39	1
255	260	39	1
142	261	39	3
151	261	39	3
167	261	39	1
205	261	39	1
252	261	39	4
131	262	39	1
132	262	39	2
143	262	39	2
146	262	39	2
250	262	39	2
261	262	39	1
262	262	39	1
129	263	39	2
153	263	39	1
157	263	39	1
158	263	39	1
168	263	39	2
262	263	39	1
131	264	39	1
144	264	39	2
152	264	39	2
153	264	39	1
129	265	39	1
146	265	39	1
147	265	39	2
153	265	39	2
155	265	39	1
145	266	39	1
153	266	39	1
163	266	39	2
165	266	39	1
156	267	39	1
256	267	39	3
259	267	39	1
134	268	39	2
147	268	39	2
259	268	39	2
136	269	39	1
143	269	39	2
151	269	39	1
132	270	39	1
134	270	39	1
145	270	39	1
146	270	39	1
167	270	39	4
244	270	39	1
141	271	39	2
143	271	39	3
144	271	39	1
145	271	39	2
247	271	39	1
135	272	39	1
147	272	39	2
227	272	39	1
251	272	39	1
134	273	39	2
142	273	39	1
146	273	39	3
132	274	39	1
139	274	39	2
141	274	39	2
148	274	39	2
162	274	39	1
254	274	39	1
129	275	39	2
130	275	39	2
131	275	39	2
133	275	39	2
136	275	39	1
146	275	39	3
129	276	39	1
133	276	39	2
138	276	39	1
142	276	39	1
148	276	39	1
149	276	39	3
164	276	39	2
233	276	39	1
130	277	39	1
140	277	39	1
143	277	39	2
145	277	39	2
149	277	39	1
129	278	39	2
138	278	39	1
148	278	39	1
164	278	39	2
128	279	39	3
130	279	39	1
143	279	39	2
145	279	39	1
147	279	39	1
149	279	39	1
152	279	39	3
154	279	39	2
163	279	39	2
135	280	39	1
137	280	39	2
145	280	39	2
162	280	39	2
138	281	39	1
141	281	39	1
127	282	39	2
128	282	39	1
133	282	39	1
138	282	39	2
127	283	39	1
130	283	39	1
133	283	39	1
136	283	39	1
142	283	39	1
133	284	39	1
136	284	39	1
138	284	39	1
157	284	39	1
134	285	39	1
141	285	39	1
158	286	39	1
173	286	39	1
154	287	39	1
134	288	39	1
136	288	39	2
157	288	39	4
135	289	39	1
155	290	39	1
158	290	39	3
252	292	39	2
134	293	39	1
139	293	39	2
248	293	39	2
253	293	39	1
258	294	39	2
159	295	39	1
161	295	39	1
170	295	39	2
249	296	39	2
121	297	39	2
166	297	39	1
171	297	39	1
248	297	39	1
250	297	39	1
171	298	39	1
261	298	39	1
123	299	39	1
171	299	39	3
174	299	39	2
168	300	39	2
174	300	39	2
176	300	39	2
121	301	39	1
172	301	39	1
176	301	39	1
131	302	39	1
172	302	39	2
173	302	39	1
175	302	39	1
178	302	39	3
259	302	39	1
124	303	39	1
174	303	39	1
177	303	39	1
178	303	39	1
172	304	39	1
178	304	39	1
259	304	39	1
174	305	39	1
177	305	39	2
182	305	39	1
260	305	39	1
126	306	39	1
128	306	39	1
179	306	39	2
126	307	39	2
181	307	39	2
125	308	39	1
120	316	39	2
149	316	39	2
115	317	39	1
139	317	39	2
147	317	39	1
148	317	39	2
113	318	39	1
115	318	39	1
139	318	39	1
141	318	39	1
144	318	39	1
146	318	39	1
150	318	39	1
139	319	39	1
139	320	39	1
140	320	39	4
146	320	39	1
149	321	39	1
177	322	39	3
179	322	39	1
241	324	39	2
239	327	39	2
240	328	39	3
242	328	39	1
157	329	39	2
238	329	39	2
152	330	39	1
153	330	39	1
220	330	39	1
168	331	39	3
181	331	39	1
218	331	39	1
219	331	39	1
179	332	39	1
180	332	39	1
187	332	39	3
191	332	39	2
219	332	39	1
221	332	39	1
161	333	39	1
178	333	39	2
151	334	39	1
160	334	39	1
156	335	39	2
153	336	39	4
154	336	39	1
156	336	39	1
157	337	39	1
195	337	39	1
212	337	39	2
152	338	39	1
211	341	39	1
214	341	39	1
208	343	39	1
208	344	39	1
192	345	39	3
201	345	39	1
208	346	39	1
209	346	39	3
248	346	39	1
191	347	39	1
192	347	39	3
211	347	39	2
247	347	39	2
248	347	39	1
211	348	39	2
213	348	39	1
190	349	39	1
208	349	39	3
209	349	39	1
217	349	39	1
212	352	39	2
206	354	39	1
211	354	39	1
207	355	39	1
214	355	39	1
207	356	39	1
176	357	39	2
177	357	39	1
205	357	39	1
212	358	39	2
192	359	39	2
192	361	39	1
195	361	39	1
201	362	39	1
195	363	39	1
192	364	39	2
113	219	40	1
111	221	40	1
121	222	40	1
122	224	40	1
138	227	40	2
141	229	40	1
138	230	40	3
137	231	40	1
141	231	40	2
136	232	40	1
203	232	40	1
196	233	40	2
201	233	40	1
118	234	40	2
141	234	40	1
201	234	40	3
118	235	40	1
140	235	40	3
142	235	40	1
144	235	40	2
195	235	40	1
202	235	40	2
203	235	40	2
120	236	40	1
168	236	40	1
201	236	40	1
202	236	40	2
136	237	40	2
140	237	40	3
163	237	40	1
197	237	40	2
198	237	40	1
203	237	40	1
142	238	40	2
143	238	40	2
146	238	40	1
154	238	40	2
159	238	40	2
162	238	40	1
195	238	40	1
126	239	40	1
139	239	40	1
160	239	40	1
126	240	40	1
136	240	40	1
143	240	40	1
162	240	40	2
165	240	40	1
196	240	40	2
125	241	40	1
168	241	40	2
126	242	40	1
133	242	40	2
134	242	40	2
168	242	40	1
169	242	40	1
170	242	40	2
128	243	40	1
140	243	40	1
165	243	40	4
176	243	40	1
124	244	40	1
171	244	40	2
125	245	40	3
128	245	40	1
140	245	40	1
125	246	40	1
126	246	40	1
139	246	40	1
178	246	40	1
171	247	40	1
174	247	40	1
121	248	40	1
124	248	40	1
125	248	40	2
137	248	40	2
232	249	40	1
135	250	40	2
137	250	40	2
231	250	40	1
225	251	40	2
232	251	40	1
134	252	40	1
136	252	40	1
139	252	40	1
231	252	40	1
132	253	40	1
139	253	40	1
223	253	40	1
138	254	40	1
139	254	40	1
152	254	40	2
134	255	40	3
138	255	40	2
127	256	40	1
137	256	40	2
143	256	40	2
152	256	40	1
212	256	40	1
146	257	40	2
147	257	40	1
154	257	40	2
156	257	40	2
134	258	40	1
142	258	40	1
151	258	40	2
136	259	40	3
147	259	40	4
160	259	40	2
162	259	40	1
254	259	40	2
132	260	40	2
142	260	40	3
144	260	40	1
147	260	40	3
154	260	40	1
157	260	40	1
158	260	40	1
165	260	40	1
140	261	40	2
149	261	40	1
151	261	40	1
152	261	40	2
161	261	40	1
167	261	40	1
250	261	40	1
251	261	40	1
130	262	40	3
136	262	40	1
139	262	40	2
140	262	40	1
144	262	40	1
146	262	40	2
147	262	40	1
151	262	40	1
168	262	40	2
222	262	40	3
248	262	40	1
140	263	40	1
142	263	40	2
150	263	40	1
153	263	40	1
159	263	40	2
166	263	40	3
167	263	40	1
157	264	40	1
158	264	40	1
163	264	40	1
168	264	40	1
144	265	40	1
151	265	40	1
156	265	40	1
159	265	40	1
165	265	40	1
222	265	40	1
142	266	40	1
150	266	40	1
151	266	40	1
157	266	40	1
219	266	40	1
168	267	40	1
154	268	40	1
166	268	40	2
151	269	40	2
152	269	40	1
153	269	40	2
165	269	40	2
244	269	40	5
132	270	40	1
135	270	40	1
142	270	40	1
145	270	40	1
146	270	40	2
147	270	40	1
164	270	40	1
249	270	40	2
146	271	40	2
148	271	40	1
150	271	40	1
135	272	40	1
136	272	40	1
144	272	40	1
147	272	40	2
151	272	40	2
223	272	40	1
245	272	40	2
247	272	40	2
248	272	40	2
142	273	40	1
156	273	40	3
164	273	40	1
166	273	40	2
144	274	40	1
145	274	40	1
147	274	40	2
247	274	40	2
132	275	40	2
139	275	40	1
147	275	40	2
150	275	40	1
162	275	40	1
129	276	40	2
131	276	40	1
133	276	40	2
136	276	40	2
137	276	40	2
144	276	40	3
147	276	40	1
148	276	40	3
155	276	40	1
163	276	40	1
134	278	40	1
138	278	40	1
139	278	40	1
142	278	40	2
147.5	278	40.5	2
151	278	40	1
161	278	40	4
163	278	40	1
143	279	40	2
149	279	40	1
152	279	40	1
253	279	40	2
138	280	40	1
139	280	40	2
152	280	40	1
161	280	40	1
162	280	40	1
135	281	40	2
150	282	40	1
133	283	40	2
157	283	40	1
140	284	40	1
158	284	40	1
135	285	40	1
132	286	40	3
139	286	40	1
154	286	40	3
137	287	40	3
156	287	40	3
134	288	40	1
135	288	40	1
154	288	40	4
258	288	40	1
257	291	40	1
133	292	40	1
138	292	40	2
125	293	40	2
133	293	40	1
140	293	40	3
163	294	40	1
126	295	40	2
131	295	40	3
130	296	40	1
131	296	40	3
160	296	40	2
121	297	40	1
133	297	40	1
172	297	40	2
162	298	40	1
169	298	40	2
260	298	40	2
131	300	40	1
249	300	40	1
260	300	40	4
133	301	40	2
142	301	40	1
168	301	40	4
169	301	40	1
177	301	40	2
250	301	40	1
130	302	40	1
172	302	40	1
129	303	40	1
133	303	40	1
139	303	40	1
124	304	40	2
130	304	40	1
139	304	40	1
144	304	40	1
169	304	40	1
171	304	40	1
180	304	40	2
127	305	40	1
140	305	40	3
183	307	40	1
124	308	40	1
124	309	40	2
123	310	40	1
125	310	40	2
119	312	40	1
121	312	40	1
118	315	40	1
119	315	40	1
148	315	40	1
150	315	40	1
116	316	40	1
139	317	40	1
143	317	40	1
116	318	40	1
138	318	40	2
146	318	40	1
148	318	40	2
115	319	40	1
116	319	40	1
152	320	40	2
174	326	40	2
176	326	40	1
249	326	40	1
241	327	40	1
242	327	40	3
239	328	40	1
242	328	40	2
149	329	40	2
244	329	40	1
175	330	40	1
186	330	40	2
189	330	40	2
148	331	40	1
221	331	40	1
151	332	40	1
157	332	40	1
174	332	40	1
181	332	40	2
183	332	40	2
216	332	40	2
217	332	40	1
218	332	40	1
220	332	40	3
146	333	40	1
150	333	40	2
158	333	40	1
153	334	40	1
156	334	40	2
191	334	40	3
151	335	40	1
156	335	40	1
165	335	40	1
244	335	40	1
150	336	40	1
158	337	40	1
156	339	40	1
223	339	40	1
213	340	40	2
216	341	40	1
217	341	40	1
211	342	40	1
215	342	40	2
197	343	40	1
210	343	40	1
220	343	40	2
222	343	40	1
204	344	40	1
209	344	40	1
203	345	40	1
202	346	40	1
208	348	40	2
193	349	40	1
195	349	40	1
220	349	40	2
236	349	40	1
215	351	40	1
235	351	40	1
212	353	40	2
214	353	40	1
207	357	40	1
208	357	40	1
171	358	40	1
172	358	40	2
204	359	40	1
207	359	40	1
173	360	40	1
112	220	41	1
113	220	41	1
110	222	41	2
111	222	41	1
144	225	41	1
134	226	41	1
135	227	41	4
137	227	41	1
140	227	41	1
136	229	41	1
138	231	41	1
143	232	41	1
142	233	41	1
198	233	41	2
199	235	41	2
201	235	41	1
142	236	41	2
151	236	41	1
161	236	41	1
165	236	41	1
167	236	41	1
201	236	41	1
158	237	41	1
160	237	41	1
163	237	41	1
165	237	41	2
202	237	41	4
141	238	41	1
146	238	41	1
158	238	41	1
166	238	41	1
138	239	41	1
141	239	41	1
144	239	41	1
161	239	41	1
200	239	41	1
201	239	41	2
129	240	41	1
139	240	41	1
162	240	41	1
165	240	41	2
198	240	41	1
127	241	41	1
143	241	41	1
167	241	41	1
168	241	41	1
169	241	41	2
132	242	41	1
134	242	41	3
140	242	41	1
141	242	41	1
170	242	41	1
138	243	41	2
139	243	41	2
140	243	41	1
164	243	41	4
169	243	41	1
124	244	41	1
127	244	41	1
166	244	41	1
167	244	41	1
168	244	41	3
170	244	41	2
173	244	41	1
176	244	41	1
128	246	41	2
166	246	41	1
178	247	41	2
122	248	41	1
173	248	41	1
130	249	41	2
231	250	41	1
232	250	41	1
230	251	41	4
141	252	41	1
175	252	41	2
229	252	41	2
234	252	41	1
119	253	41	1
142	253	41	1
143	253	41	1
228	253	41	1
232	253	41	2
141	254	41	2
144	254	41	1
243	254	41	1
119	255	41	2
141	255	41	3
152	255	41	1
120	256	41	1
141	256	41	1
137	257	41	1
141	257	41	1
143	257	41	1
155	257	41	1
178	257	41	2
210	257	41	2
213	257	41	1
254	257	41	1
138	258	41	1
147	258	41	1
153	258	41	1
155	258	41	1
139	259	41	2
140	259	41	1
146	259	41	1
148	259	41	1
205	259	41	2
208	259	41	3
213	259	41	1
140	260	41	1
146	260	41	2
150	260	41	1
154	260	41	1
158	260	41	1
176	260	41	1
250	260	41	2
130	261	41	3
143	261	41	1
148	261	41	1
149	261	41	2
151	261	41	2
160	261	41	1
250	261	41	1
253	261	41	1
119	262	41	1
146	262	41	1
148	262	41	3
151	262	41	1
159	262	41	1
163	262	41	1
172	262	41	1
173	262	41	1
175	262	41	1
207	262	41	1
248	262	41	1
251	262	41	1
153	263	41	1
201	263	41	1
204	263	41	1
232	263	41	1
255	263	41	1
143	264	41	2
147	264	41	2
148	264	41	1
149	264	41	2
158	264	41	1
209	264	41	1
124	265	41	2
144	265	41	1
152	265	41	1
256	265	41	3
120	266	41	1
143	266	41	2
149	266	41	1
153	266	41	2
167	266	41	1
148	267	41	1
253	267	41	2
145	268	41	3
146	268	41	1
147	268	41	3
203	269	41	1
248	269	41	1
254	269	41	1
132	270	41	3
137	270	41	1
139	270	41	3
151	270	41	1
152	270	41	2
135	271	41	1
142	271	41	3
146	271	41	3
148	271	41	1
153	271	41	3
154	271	41	1
247	271	41	1
140	272	41	1
149	272	41	1
152	272	41	2
163	272	41	1
165	272	41	2
220	272	41	1
228	272	41	3
147	273	41	1
150	273	41	1
155	273	41	2
157	273	41	1
136	274	41	2
147	274	41	2
148	274	41	1
151	274	41	2
156	274	41	3
157	274	41	1
246	274	41	1
247	274	41	1
132	275	41	1
137	275	41	1
141	275	41	1
151	275	41	1
157	275	41	2
130	276	41	3
136	276	41	2
147	276	41	2
155	276	41	1
156	276	41	1
211	276	41	1
246	276	41	1
131	277	41	1
132	277	41	1
133	277	41	2
138	277	41	1
139	277	41	2
142	277	41	1
131	278	41	1
135	278	41	2
142	278	41	1
149	278	41	1
150	278	41	1
152	278	41	2
153	278	41	1
155	278	41	2
164	278	41	2
247	278	41	1
133	279	41	1
210	279	41	1
141	280	41	1
142	280	41	1
144	280	41	2
148	280	41	2
130	281	41	2
154	282	41	2
139	283	41	2
151	283	41	2
160	283	41	1
218	283	41	2
138	284	41	1
141	284	41	2
142	284	41	1
155	284	41	1
156	284	41	1
215	284	41	1
219	285	41	1
135	286	41	1
158	286	41	2
159	286	41	2
219	286	41	2
135	287	41	1
136	287	41	1
139	287	41	1
137	288	41	1
139	288	41	1
157	288	41	1
139	289	41	1
154	290	41	2
130	292	41	1
134	292	41	1
155	292	41	2
257	292	41	3
132	293	41	1
134	293	41	3
139	293	41	1
132	294	41	1
154	294	41	1
159	294	41	1
128	295	41	2
131	295	41	1
140	295	41	1
150	295	41	2
164	295	41	1
254	295	41	1
143	296	41	1
148	296	41	2
162	297	41	1
165	297	41	1
171	297	41	1
252	297	41	1
130	298	41	1
131	298	41	2
138	298	41	2
252	298	41	2
93	299	41	3
128	299	41	1
149	299	41	2
166	299	41	1
168	299	41	2
260	299	41	1
130	300	41	1
168	300	41	1
172	300	41	3
127	301	41	1
172	301	41	3
250	301	41	2
97	302	41	1
168	302	41	2
171	302	41	2
123	303	41	1
124	303	41	3
130	303	41	1
134	303	41	1
138	303	41	1
139	303	41	2
144	303	41	2
170	303	41	1
179	303	41	1
181	303	41	1
259	303	41	1
261	303	41	1
122	304	41	3
125	304	41	1
128	304	41	1
132	304	41	1
133	304	41	2
141	304	41	2
170	304	41	3
181	304	41	1
131	305	41	3
172	305	41	1
176	305	41	1
182	305	41	4
122	307	41	2
125	307	41	1
129	307	41	2
127	308	41	1
128	308	41	2
123	309	41	1
124	309	41	1
140	309	41	1
162	309	41	2
165	309	41	1
122	310	41	1
122	311	41	2
119	314	41	1
116	315	41	2
142	315	41	1
140	316	41	1
139	317	41	1
141	317	41	1
113	318	41	3
139	319	41	2
143	319	41	2
141	321	41	2
149	321	41	1
150	321	41	2
179	322	41	1
111	323	41	2
176	323	41	1
133	324	41	1
179	324	41	2
133	326	41	1
149	326	41	1
179	326	41	2
252	326	41	1
138	327	41	2
148	327	41	1
181	327	41	1
156	328	41	1
167	328	41	1
239	328	41	1
167	329	41	1
249	329	41	1
126	330	41	1
133	330	41	2
147	330	41	3
184	330	41	1
240	330	41	1
242	330	41	2
243	330	41	2
154	331	41	1
155	331	41	2
170	331	41	1
173	331	41	2
175	331	41	1
130	332	41	3
133	332	41	3
165	332	41	3
168	332	41	3
174	332	41	3
185	332	41	1
218	332	41	1
221	332	41	1
134	333	41	1
151	333	41	1
152	333	41	1
154	333	41	2
157	333	41	1
179	333	41	1
181	333	41	2
189	333	41	1
216	333	41	3
217	333	41	1
220	333	41	3
153	334	41	3
189	334	41	2
216	334	41	1
218	334	41	3
244	334	41	2
133	335	41	1
153	335	41	1
238	335	41	2
246	335	41	1
157	336	41	1
218	336	41	1
127	337	41	2
156	337	41	1
248	337	41	2
251	337	41	1
151	338	41	2
152	338	41	2
166	338	41	2
222	338	41	1
250	338	41	1
158	339	41	2
195	339	41	2
194	340	41	3
214	340	41	1
216	340	41	1
218	341	41	1
220	341	41	1
210	342	41	2
215	342	41	1
218	342	41	4
216	343	41	1
221	343	41	1
194	344	41	3
195	344	41	1
207	344	41	3
210	344	41	1
211	344	41	1
196	345	41	2
212	345	41	1
249	345	41	2
210	346	41	1
221	347	41	2
232	347	41	2
233	347	41	1
248	347	41	3
195	349	41	2
233	349	41	1
193	350	41	1
220	350	41	1
237	350	41	1
233	351	41	1
237	351	41	1
235	352	41	1
210	353	41	1
207	355	41	1
207	358	41	1
171	359	41	1
206	359	41	1
207	360	41	1
199	363	41	1
138	227	42	2
134	228	42	3
136	228	42	2
138	228	42	1
136	229	42	2
138	230	42	1
139	231	42	1
137	233	42	1
140	235	42	1
141	235	42	1
165	235	42	1
201	235	42	2
202	235	42	1
203	235	42	1
144	236	42	1
161	236	42	1
164	236	42	2
165	236	42	1
166	236	42	2
139	237	42	1
159	237	42	2
161	237	42	1
165	237	42	2
141	238	42	1
161	238	42	1
162	238	42	1
164	238	42	2
166	238	42	1
167	238	42	1
204	238	42	1
137	239	42	1
143	240	42	1
166	240	42	1
142	241	42	1
139	242	42	1
169	242	42	2
129	243	42	1
164	243	42	2
174	243	42	1
139	244	42	2
178	244	42	2
182	244	42	1
184	244	42	1
126	245	42	1
122	252	42	3
178	252	42	1
140	254	42	1
120	256	42	3
144	256	42	1
151	256	42	1
158	256	42	2
147	257	42	2
149	257	42	1
151	257	42	1
156	257	42	1
157	257	42	1
173	257	42	1
174	257	42	1
175	257	42	3
177	257	42	2
212	257	42	1
150	258	42	2
158	258	42	1
172	258	42	3
173	258	42	2
175	258	42	1
210	258	42	1
139	259	42	2
148	259	42	2
158	259	42	1
160	259	42	1
252	259	42	1
157	260	42	1
169	260	42	1
171	260	42	2
172	260	42	4
174	260	42	1
176	260	42	1
253	260	42	1
150	261	42	1
153	261	42	1
154	261	42	1
155	261	42	2
157	261	42	1
167	261	42	1
169	261	42	1
174	261	42	2
175	261	42	1
177	261	42	1
149	262	42	2
171	262	42	3
175	262	42	2
157	263	42	1
163	263	42	1
249	263	42	1
250	263	42	2
120	264	42	1
121	264	42	1
143	264	42	2
147	264	42	1
151	264	42	3
155	264	42	1
158	264	42	1
168	264	42	1
252	264	42	1
144	265	42	2
145	265	42	1
152	265	42	1
124	266	42	2
145	266	42	1
149	266	42	1
154	266	42	2
155	266	42	3
143	267	42	1
147	267	42	1
254	267	42	1
141	268	42	1
146	268	42	3
144	269	42	1
250	269	42	1
142	270	42	1
151	270	42	1
155	270	42	1
143	271	42	1
145	271	42	1
156	271	42	1
132	272	42	2
143	272	42	1
144	272	42	3
145	272	42	2
213	272	42	1
131	273	42	1
142	273	42	1
147	273	42	3
154	273	42	1
157	273	42	2
142	274	42	1
144	274	42	2
148	274	42	2
154	274	42	3
250	274	42	2
134	275	42	1
143	275	42	1
144	275	42	2
155	275	42	1
162	275	42	1
250	275	42	1
143	276	42	1
151	276	42	1
156	276	42	2
157	276	42	1
138	277	42	1
140	277	42	1
141	277	42	1
163	277	42	2
131	278	42	1
132	278	42	2
144	278	42	1
137	279	42	1
143	279	42	2
144	279	42	1
151	279	42	1
152	279	42	2
164	279	42	1
141	280	42	2
145	280	42	1
151	280	42	2
140	281	42	2
143	281	42	2
139	282	42	3
148	282	42	3
151	282	42	1
154	282	42	1
158	282	42	1
209	282	42	2
137	283	42	2
152	283	42	1
253	283	42	2
137	284	42	1
138	284	42	3
152	285	42	1
141	286	42	2
140	287	42	1
141	287	42	1
134	288	42	1
133	289	42	2
136	289	42	1
153	289	42	2
153	292	42	1
130	293	42	1
129	294	42	2
131	294	42	1
138	294	42	2
139	294	42	1
141	294	42	2
154	294	42	1
134	295	42	1
135	295	42	2
161	296	42	1
139	297	42	1
140	297	42	1
141	298	42	1
151	298	42	1
128	299	42	1
133	299	42	1
125	300	42	1
129	300	42	2
136	300	42	1
139	300	42	2
153	300	42	2
249	300	42	1
124	301	42	1
130	301	42	1
142	301	42	1
144	301	42	2
248	301	42	1
138	302	42	1
143	302	42	1
126	303	42	1
140	303	42	2
150	303	42	2
168	303	42	1
125	304	42	2
168	304	42	1
171	304	42	1
181	304	42	2
131	305	42	4
134	305	42	2
170	305	42	3
170	307	42	1
129	308	42	2
130	308	42	1
169	308	42	1
162	310	42	1
137	315	42	1
140	319	42	1
150	321	42	1
179	323	42	1
183	323	42	2
253	323	42	1
133	324	42	2
137	324	42	1
132	325	42	1
134	325	42	1
183	325	42	1
133	326	42	1
134	326	42	1
251	326	42	2
176	327	42	1
252	327	42	1
130	328	42	2
154	328	42	1
176	328	42	1
186	328	42	1
250	328	42	1
149	329	42	1
187	329	42	1
150	330	42	2
160	330	42	1
161	330	42	1
179	330	42	1
187	330	42	1
188	330	42	3
134	331	42	3
154	331	42	1
180	331	42	2
187	331	42	3
127	332	42	1
150	332	42	1
160	332	42	1
161	332	42	1
164	332	42	1
176	332	42	1
186	332	42	1
242	332	42	2
153	333	42	2
177	333	42	4
178	333	42	1
181	333	42	2
133	334	42	1
189	334	42	1
218	334	42	2
219	334	42	3
247	334	42	1
134	335	42	1
218	335	42	2
151	336	42	2
194	336	42	1
220	336	42	1
246	336	42	1
248	336	42	1
126	337	42	3
127	337	42	2
152	337	42	1
156	337	42	1
192	337	42	1
154	339	42	3
159	340	42	1
195	340	42	2
221	340	42	1
195	341	42	2
215	341	42	2
211	342	42	1
207	344	42	1
211	344	42	1
212	344	42	1
196	345	42	1
213	345	42	1
230	346	42	1
210	347	42	1
212	348	42	1
231	349	42	2
206	350	42	1
234	350	42	1
235	353	42	1
205	355	42	2
207	355	42	1
204	360	42	2
183	361	42	1
205	361	42	1
200	364	42	1
139	229	43	2
157	230	43	1
139	231	43	1
162	231	43	1
137	232	43	3
141	232	43	1
137	233	43	1
141	235	43	1
163	235	43	1
136	236	43	2
157	236	43	2
164	236	43	2
138	237	43	2
143	237	43	1
154	237	43	2
166	238	43	3
143	240	43	1
166	240	43	1
169	245	43	3
179	246	43	1
179	254	43	1
119	256	43	2
210	256	43	1
155	257	43	1
174	257	43	1
175	257	43	1
215	257	43	1
149	258	43	2
175	258	43	1
215	258	43	1
216	258	43	1
144	259	43	1
179	259	43	1
143	260	43	1
159	260	43	1
161	260	43	2
175	260	43	1
146	261	43	1
209	261	43	1
152	262	43	1
158	262	43	2
167	262	43	1
177	262	43	1
206	262	43	1
208	262	43	2
146	263	43	1
147	263	43	1
148	263	43	1
154	263	43	2
205	263	43	1
144	264	43	3
257	264	43	1
124	265	43	1
144	265	43	1
151	265	43	1
153	265	43	2
145	266	43	2
149	266	43	1
151	266	43	1
158	266	43	1
148	267	43	1
143	268	43	2
142	270	43	1
150	270	43	1
151	270	43	2
148	272	43	1
214	272	43	2
143	273	43	1
146	273	43	3
148	273	43	2
211	273	43	1
153	274	43	2
156	274	43	1
214	274	43	2
129	275	43	2
131	275	43	1
132	275	43	1
142	275	43	1
144	275	43	3
152	275	43	2
155	275	43	1
144	276	43	2
148	276	43	2
152	276	43	1
164	276	43	1
165	276	43	1
131	277	43	1
143	277	43	1
148	277	43	2
164	277	43	1
131	278	43	1
147	278	43	1
155	278	43	1
142	279	43	1
151	279	43	1
150	280	43	2
152	280	43	1
155	280	43	1
140	282	43	2
143	282	43	4
158	282	43	2
214	282	43	1
143	283	43	1
152	283	43	1
153	283	43	2
250	283	43	1
139	284	43	2
141	284	43	1
150	284	43	1
152	284	43	1
160	284	43	1
152	285	43	1
160	285	43	2
137	286	43	2
139	286	43	1
140	286	43	1
216	287	43	1
136	288	43	2
137	288	43	1
138	288	43	2
140	288	43	1
134	289	43	1
152	292	43	1
139	293	43	4
146	293	43	1
255	293	43	2
256	293	43	1
132	294	43	3
141	294	43	2
134	295	43	1
140	295	43	1
151	295	43	1
136	296	43	1
137	296	43	1
137	297	43	1
149	297	43	1
140	298	43	1
209	298	43	1
143	299	43	1
129	300	43	1
135	300	43	1
152	300	43	1
129	301	43	2
142	301	43	2
149	301	43	1
131	302	43	1
133	302	43	1
135	302	43	2
137	302	43	3
140	302	43	1
170	302	43	1
130	303	43	2
135	303	43	1
136	303	43	2
138	303	43	2
126	304	43	1
140	304	43	1
131	305	43	1
135	305	43	1
141	305	43	1
143	305	43	3
131	306	43	3
146	306	43	1
126	307	43	3
128	308	43	1
143	308	43	1
167	309	43	1
144	312	43	1
140	314	43	1
140	317	43	2
140	318	43	1
114	321	43	1
138	321	43	2
135	324	43	2
150	324	43	1
140	325	43	1
133	326	43	1
177	326	43	3
249	326	43	2
176	327	43	3
186	327	43	4
156	328	43	4
177	329	43	2
179	329	43	3
188	329	43	1
153	331	43	1
189	331	43	1
131	332	43	3
218	332	43	3
240	332	43	2
188	333	43	1
222	334	43	2
156	335	43	1
222	335	43	1
131	336	43	2
153	336	43	2
156	336	43	2
218	336	43	2
244	336	43	1
245	336	43	1
246	336	43	1
127	337	43	1
249	337	43	1
132	338	43	3
155	338	43	1
247	338	43	1
249	338	43	1
195	340	43	2
195	341	43	1
209	342	43	1
213	343	43	1
222	343	43	2
210	344	43	3
232	345	43	2
211	346	43	2
212	346	43	1
233	346	43	1
211	347	43	3
233	347	43	1
209	349	43	1
210	349	43	1
232	349	43	1
206	350	43	2
205	352	43	1
231	352	43	1
206	354	43	1
206	358	43	2
207	358	43	1
186	360	43	1
204	360	43	2
206	361	43	3
209	361	43	2
140	228	44	2
136	232	44	3
137	233	44	2
140	234	44	1
159	236	44	2
143	237	44	1
164	237	44	2
141	239	44	1
177	243	44	2
180	245	44	1
179	249	44	1
175	257	44	2
176	258	44	1
158	259	44	3
150	260	44	1
158	260	44	2
176	260	44	1
147	261	44	3
156	261	44	1
174	261	44	2
154	262	44	1
159	262	44	2
147	263	44	1
159	263	44	1
146	264	44	2
152	264	44	1
156	265	44	2
147	266	44	1
150	266	44	2
146	267	44	3
149	267	44	1
143	269	44	2
146	269	44	1
148	269	44	1
152	269	44	1
146	270	44	1
147	271	44	1
151	272	44	2
148	273	44	3
145	274	44	1
146	274	44	1
181	274	44	1
146	275	44	1
152	276	44	1
153	276	44	1
147	278	44	1
149	278	44	4
151	278	44	1
152	278	44	1
160	278	44	1
154	279	44	2
155	279	44	2
164	279	44	1
147	280	44	1
155	280	44	1
140	281	44	2
154	281	44	1
204	281	44	1
143	282	44	1
150	282	44	1
151	282	44	2
154	282	44	1
158	283	44	1
219	283	44	2
149	284	44	1
155	284	44	1
142	285	44	1
143	285	44	1
212	285	44	1
217	285	44	2
137	287	44	5
217	289	44	1
121	290	44	2
136	291	44	1
139	291	44	1
142	291	44	2
144	291	44	3
139	293	44	2
145	293	44	1
223	293	44	1
142	294	44	2
225	295	44	2
140	296	44	1
223	296	44	2
139	297	44	1
141	297	44	1
136	298	44	1
130	299	44	1
135	299	44	1
139	299	44	1
128	300	44	1
142	300	44	1
168	300	44	2
137	301	44	1
145	301	44	2
127	302	44	2
133	302	44	1
165	302	44	1
127	303	44	1
140	303	44	1
130	304	44	1
128	305	44	1
140	308	44	1
171	309	44	1
174	309	44	1
143	310	44	1
141	317	44	1
141	318	44	2
182	323	44	1
183	323	44	1
182	325	44	1
133	326	44	1
136	326	44	1
131	328	44	2
183	329	44	1
179	330	44	3
185	330	44	1
182	332	44	2
131	333	44	1
136	334	44	3
218	334	44	3
242	335	44	1
219	336	44	1
215	337	44	3
216	337	44	2
217	337	44	2
213	338	44	2
215	338	44	1
216	344	44	1
211	346	44	2
231	346	44	1
228	347	44	1
211	348	44	1
212	348	44	2
211	349	44	1
209	351	44	1
208	354	44	1
179	360	44	1
140	231	45	1
163	233	45	3
175	257	45	1
174	259	45	1
176	259	45	1
175	262	45	1
156	263	45	1
153	265	45	1
143	270	45	1
146	270	45	2
146	271	45	1
144	272	45	2
158	272	45	1
179	274	45	1
141	275	45	1
164	277	45	1
152	278	45	2
149	279	45	1
150	279	45	2
152	281	45	1
161	281	45	1
144	282	45	2
149	282	45	1
152	282	45	1
142	283	45	1
145	283	45	2
251	283	45	1
151	284	45	1
140	285	45	1
141	286	45	2
218	286	45	1
214	287	45	1
145	292	45	1
143	293	45	1
140	294	45	1
144	294	45	2
143	295	45	1
140	296	45	1
143	296	45	1
136	297	45	1
138	301	45	1
133	302	45	1
137	302	45	3
127	303	45	1
133	303	45	1
139	304	45	1
182	321	45	2
252	324	45	3
167	326	45	1
186	326	45	1
185	330	45	1
189	331	45	1
214	339	45	1
245	340	45	1
211	345	45	1
217	345	45	1
229	346	45	2
210	347	45	1
227	349	45	1
233	349	45	1
206	351	45	1
175	352	45	2
155	233	46	1
157	259	46	1
158	260	46	1
154	262	46	1
159	263	46	2
157	265	46	1
147	266	46	2
145	269	46	1
145	270	46	1
154	270	46	2
144	272	46	1
146	272	46	1
151	273	46	1
163	275	46	1
148	278	46	1
145	279	46	1
158	280	46	1
152	282	46	1
159	282	46	1
151	283	46	1
154	283	46	1
140	284	46	1
142	284	46	1
157	284	46	1
120	285	46	2
140	285	46	1
248	285	46	2
120	286	46	1
201	292	46	1
204	292	46	1
144	293	46	1
148	293	46	1
146	294	46	1
139	295	46	1
136	298	46	1
139	298	46	3
140	298	46	1
142	299	46	3
144	299	46	1
132	300	46	1
143	300	46	2
132	301	46	1
136	301	46	1
137	301	46	2
130	302	46	2
143	302	46	1
146	302	46	1
136	303	46	1
137	304	46	1
240	304	46	2
139	305	46	1
192	306	46	1
194	315	46	1
195	315	46	1
184	319	46	1
188	319	46	2
188	320	46	1
179	322	46	1
191	322	46	1
176	323	46	4
177	323	46	2
179	323	46	1
174	325	46	1
172	326	46	2
183	326	46	1
191	327	46	1
131	330	46	2
238	331	46	1
217	334	46	1
217	335	46	2
221	340	46	2
217	342	46	1
222	342	46	1
222	343	46	1
232	343	46	1
173	353	46	1
182	353	46	1
138	229	47	1
149	265	47	1
151	269	47	3
146	270	47	4
146	277	47	2
155	279	47	2
152	280	47	1
146	282	47	1
149	284	47	1
147	285	47	2
146	289	47	1
140	292	47	1
144	294	47	1
139	298	47	1
140	298	47	1
179	324	47	1
218	341	47	1
206	348	47	1
207	351	47	1
207	355	47	1
231	356	47	1
186	257	48	1
154	274	48	1
146	275	48	1
154	276	48	1
143	279	48	2
147	281	48	2
140	295	48	3
216	342	48	1
217	344	48	2
207	351	48	1
136	222	49	1
135	230	49	1
127	235	49	1
172	237	49	1
149	243	49	2
147	245	49	2
151	248	49	1
151	252	49	1
139	268	49	1
146	276	49	1
150	278	49	1
145	279	49	2
207	279	49	1
113	284	49	2
144	284	49	3
132	285	49	1
147	287	49	1
146	288	49	1
140	293	49	2
133	295	49	1
140	297	49	1
136	298	49	1
144	299	49	1
131	300	49	1
133	303	49	1
126	305	49	2
128	307	49	1
213	311	49	1
139	326	49	1
197	342	49	2
199	346	49	2
211	346	49	1
204	348	49	3
179	349	49	1
184	352	49	2
206	353	49	1
186	354	49	1
131	229	50	1
173	232	50	4
121	234	50	2
234	246	50	3
162	253	50	1
154	270	50	1
151	272	50	1
155	273	50	1
249	286	50	1
143	291	50	2
140	294	50	3
148	296	50	1
174	298	50	1
244	301	50	1
151	302	50	1
132	304	50	2
193	307	50	1
129	312	50	3
157	313	50	1
240	317	50	1
179	329	50	1
198	337	50	1
