x	y	z	Cristae formation
132	221	20	2
123	222	20	2
127	222	20	2
134	222	20	1
176	222	20	2
178	222	20	1
138	223	20	3
175	223	20	1
134	224	20	2
144	224	20	2
172	224	20	2
176	224	20	5
141	225	20	1
153	225	20	1
115	226	20	1
158	226	20	2
172	226	20	2
155	227	20	1
189	227	20	1
112	228	20	2
119	228	20	3
130	228	20	2
132	228	20	1
151	228	20	2
155	228	20	1
174	228	20	2
179	228	20	2
197	228	20	1
112	229	20	1
115	229	20	2
118	229	20	1
126	229	20	1
158	229	20	3
159	229	20	1
160	229	20	1
129	230	20	1
157	230	20	1
173	230	20	1
186	230	20	1
204	230	20	3
121	231	20	1
154	231	20	1
160	231	20	2
170	231	20	2
177	231	20	1
115	232	20	2
135	232	20	1
137	232	20	2
142	232	20	1
146	232	20	1
190	232	20	2
136	233	20	3
143	233	20	1
144	233	20	1
147	233	20	1
152	233	20	1
169	233	20	1
206	233	20	2
214	233	20	1
215	233	20	1
135	234	20	1
138	234	20	1
154	234	20	5
204	234	20	1
213	234	20	1
215	234	20	2
129	235	20	1
137	235	20	3
151	235	20	1
206	235	20	1
216	235	20	1
222	235	20	1
134	236	20	2
139	236	20	1
141	236	20	1
146	236	20	3
154	236	20	2
159	236	20	1
215	236	20	4
129	237	20	3
133	237	20	1
135	237	20	1
137	237	20	1
148	237	20	1
154	237	20	1
165	237	20	1
168	237	20	2
173	237	20	2
204	237	20	2
220	237	20	4
222	237	20	1
248	237	20	1
117	238	20	1
126	238	20	1
139	238	20	2
140	238	20	1
141	238	20	1
143	238	20	3
150	238	20	1
152	238	20	1
158	238	20	2
168	238	20	1
192	238	20	2
139	239	20	2
141	239	20	2
144	239	20	1
151	239	20	1
160	239	20	3
165	239	20	3
215	239	20	1
230	239	20	2
118	240	20	1
126	240	20	2
149	240	20	1
152	240	20	2
160	240	20	1
191	240	20	2
214	240	20	1
216	240	20	1
239	240	20	2
108	241	20	1
111	241	20	2
127	241	20	1
129	241	20	3
131	241	20	1
139	241	20	1
149	241	20	2
167	241	20	2
237	241	20	2
121	242	20	1
123	242	20	3
130	242	20	1
136	242	20	1
137	242	20	3
141	242	20	1
148	242	20	3
150	242	20	1
183	242	20	1
214	242	20	3
237	242	20	1
116	243	20	1
130	243	20	3
132	243	20	1
141	243	20	1
181	243	20	1
201	243	20	1
213	243	20	1
240	243	20	3
247	243	20	1
126	244	20	1
145	244	20	1
155	244	20	2
162	244	20	1
210	244	20	1
213	244	20	1
214	244	20	1
242	244	20	1
108	245	20	2
111	245	20	1
121	245	20	4
137	245	20	4
160	245	20	2
169	245	20	1
183	245	20	1
214	245	20	2
122	246	20	2
126	246	20	1
130	246	20	2
149	246	20	1
215	246	20	3
221	246	20	2
237	246	20	1
240	246	20	1
252	246	20	1
102	247	20	2
133	247	20	1
137	247	20	1
139	247	20	1
140	247	20	2
163	247	20	1
218	247	20	4
109	248	20	2
114	248	20	1
141	248	20	1
166	248	20	1
190	248	20	1
215	248	20	2
222	248	20	1
230	248	20	2
233	248	20	1
102	249	20	2
138	249	20	1
143	249	20	1
145	249	20	1
151	249	20	1
167	249	20	1
169	249	20	1
194	249	20	3
218	249	20	1
119	250	20	1
121	250	20	1
131	250	20	1
155	250	20	1
172	250	20	1
175	250	20	3
260	250	20	1
133	251	20	1
216	251	20	1
220	251	20	3
251	251	20	1
122	252	20	1
218	252	20	1
226	252	20	2
234	252	20	1
120	253	20	1
122	253	20	2
140	253	20	1
154	253	20	2
175	253	20	1
194	253	20	1
231	253	20	5
124	254	20	1
127	254	20	1
148	254	20	1
180	254	20	1
223	254	20	1
226	254	20	1
228	254	20	3
238	254	20	1
244	254	20	1
255	254	20	1
143	255	20	1
149	255	20	1
197	255	20	1
198	255	20	1
207	255	20	1
214	255	20	3
232	255	20	1
246	255	20	2
251	255	20	3
110	256	20	1
113	256	20	1
128	256	20	1
131	256	20	1
145	256	20	2
196	256	20	1
198	256	20	1
204	256	20	1
205	256	20	1
227	256	20	1
234	256	20	2
241	256	20	2
262	256	20	2
134	257	20	1
143	257	20	4
146	257	20	1
159	257	20	1
162	257	20	1
170	257	20	2
175	257	20	2
197	257	20	2
228	257	20	3
229	257	20	3
230	257	20	1
232	257	20	3
234	257	20	3
255	257	20	2
128	258	20	1
172	258	20	1
176	258	20	1
198	258	20	1
220	258	20	4
231	258	20	1
233	258	20	3
107	259	20	2
136	259	20	2
145	259	20	2
193	259	20	1
195	259	20	1
201	259	20	1
229	259	20	1
231	259	20	2
232	259	20	2
252	259	20	5
265	259	20	1
127	260	20	1
130	260	20	2
134	260	20	2
142	260	20	2
147	260	20	5
158	260	20	2
184	260	20	2
245	260	20	1
102	261	20	1
130	261	20	1
140	261	20	2
142	261	20	1
147	261	20	1
156	261	20	1
163	261	20	3
165	261	20	1
191	261	20	1
199	261	20	4
207	261	20	1
231	261	20	1
118	262	20	1
150	262	20	2
152	262	20	2
156	262	20	3
223	262	20	1
225	262	20	1
133	263	20	2
142	263	20	1
207	263	20	1
210	263	20	3
229	263	20	1
246	263	20	3
265	263	20	2
126	264	20	2
146	264	20	3
160	264	20	1
163	264	20	1
168	264	20	1
187	264	20	1
220	264	20	1
221	264	20	3
249	264	20	1
162	265	20	2
163	265	20	1
179	265	20	2
218	265	20	1
232	265	20	1
113	266	20	2
117	266	20	1
129	266	20	1
136	266	20	3
155	266	20	2
170	266	20	2
172	266	20	1
197	266	20	3
211	266	20	1
231	266	20	2
251	266	20	1
116	267	20	1
117	267	20	1
154	267	20	4
160	267	20	3
168	267	20	2
109	268	20	1
113	268	20	1
141	268	20	1
145	268	20	1
151	268	20	2
154	268	20	1
156	268	20	1
162	268	20	1
212	268	20	3
216	268	20	1
255	268	20	2
107	269	20	1
118	269	20	1
130	269	20	1
132	269	20	1
159	269	20	1
165	269	20	1
173	269	20	2
184	269	20	1
197	269	20	2
212	269	20	1
214	269	20	1
246	269	20	1
113	270	20	1
115	270	20	1
117	270	20	2
118	270	20	1
147	270	20	1
155	270	20	1
156	270	20	2
162	270	20	1
165	270	20	1
166	270	20	1
210	270	20	1
224	270	20	1
226	270	20	3
227	270	20	3
261	270	20	1
128	271	20	1
133	271	20	2
145	271	20	1
152	271	20	1
159	271	20	1
162	271	20	1
163	271	20	1
164	271	20	1
165	271	20	1
167	271	20	2
173	271	20	2
266	271	20	1
116	272	20	1
117	272	20	1
119	272	20	1
120	272	20	1
121	272	20	1
125	272	20	1
135	272	20	1
144	272	20	1
156	272	20	1
158	272	20	2
162	272	20	2
166	272	20	1
168	272	20	1
174	272	20	1
175	272	20	1
218	272	20	2
226	272	20	1
255	272	20	1
264	272	20	1
101	273	20	2
123	273	20	1
132	273	20	1
149	273	20	1
176	273	20	2
207	273	20	2
211	273	20	2
217	273	20	2
220	273	20	3
223	273	20	1
122	274	20	3
139	274	20	1
165	274	20	3
167	274	20	1
170	274	20	1
174	274	20	1
197	274	20	1
226	274	20	2
227	274	20	1
229	274	20	1
131	275	20	4
147	275	20	2
154	275	20	1
169	275	20	1
172	275	20	2
177	275	20	1
204	275	20	1
205	275	20	1
208	275	20	1
226	275	20	3
235	275	20	1
110	276	20	2
122	276	20	1
136	276	20	2
137	276	20	3
142	276	20	3
158	276	20	2
162	276	20	4
163	276	20	1
167	276	20	3
170	276	20	1
180	276	20	1
231	276	20	1
246	276	20	1
258	276	20	2
177	277	20	1
189	277	20	1
211	277	20	1
217	277	20	2
219	277	20	1
226	277	20	1
227	277	20	2
249	277	20	3
262	277	20	1
129	278	20	4
168	278	20	1
170	278	20	3
176	278	20	1
183	278	20	1
227	278	20	1
256	278	20	4
269	278	20	4
270	278	20	2
120	279	20	1
156	279	20	1
171	279	20	2
175	279	20	1
177	279	20	4
178	279	20	1
200	279	20	1
204	279	20	1
217	279	20	2
225	279	20	1
228	279	20	2
232	279	20	1
234	279	20	2
241	279	20	3
269	279	20	1
108	280	20	2
109	280	20	1
125	280	20	2
133	280	20	1
162	280	20	1
172	280	20	1
173	280	20	1
175	280	20	3
176	280	20	1
197	280	20	2
199	280	20	2
217	280	20	1
131	281	20	2
134	281	20	1
142	281	20	2
166	281	20	2
168	281	20	1
169	281	20	1
172	281	20	1
214	281	20	1
218	281	20	1
222	281	20	2
226	281	20	3
227	281	20	1
106	282	20	1
149	282	20	1
158	282	20	2
162	282	20	3
172	282	20	1
203	282	20	2
219	282	20	1
269	282	20	1
130	283	20	4
161	283	20	1
167	283	20	1
170	283	20	3
171	283	20	2
173	283	20	1
176	283	20	1
189	283	20	1
190	283	20	1
203	283	20	1
214	283	20	2
216	283	20	1
217	283	20	1
219	283	20	2
266	283	20	2
271	283	20	2
272	283	20	1
153	284	20	1
163	284	20	1
186	284	20	1
213	284	20	1
214	284	20	1
224	284	20	1
228	284	20	2
267	284	20	2
109	285	20	2
137	285	20	1
141	285	20	1
202	285	20	1
208	285	20	2
210	285	20	1
223	285	20	1
230	285	20	1
272	285	20	1
101	286	20	1
133	286	20	3
151	286	20	1
164	286	20	2
213	286	20	2
225	286	20	1
236	286	20	1
271	286	20	1
112	287	20	2
198	287	20	1
199	287	20	1
221	287	20	1
224	287	20	2
226	287	20	1
261	287	20	4
268	287	20	1
113	288	20	2
121	288	20	1
136	288	20	1
162	288	20	3
167	288	20	1
170	288	20	1
196	288	20	1
223	288	20	1
224	288	20	1
230	288	20	1
124	289	20	1
125	289	20	1
143	289	20	1
147	289	20	2
149	289	20	2
152	289	20	2
164	289	20	1
179	289	20	1
201	289	20	1
217	289	20	1
221	289	20	1
222	289	20	1
252	289	20	1
271	289	20	1
140	290	20	3
142	290	20	4
161	290	20	1
173	290	20	1
189	290	20	1
195	290	20	1
224	290	20	1
226	290	20	2
250	290	20	1
271	290	20	2
192	291	20	1
227	291	20	1
262	291	20	1
104	292	20	1
112	292	20	1
129	292	20	1
146	292	20	1
189	292	20	2
192	292	20	2
195	292	20	1
199	292	20	1
205	292	20	2
207	292	20	2
219	292	20	1
237	292	20	2
268	292	20	2
106	293	20	1
133	293	20	3
134	293	20	1
142	293	20	2
161	293	20	1
165	293	20	1
204	293	20	1
219	293	20	1
222	293	20	1
225	293	20	1
226	293	20	1
261	293	20	2
118	294	20	3
126	294	20	1
136	294	20	1
141	294	20	1
161	294	20	1
177	294	20	1
209	294	20	2
211	294	20	2
216	294	20	2
220	294	20	1
222	294	20	1
264	294	20	2
116	295	20	1
136	295	20	2
151	295	20	2
173	295	20	1
189	295	20	1
196	295	20	1
198	295	20	4
218	295	20	2
271	295	20	1
116	296	20	2
120	296	20	1
136	296	20	1
143	296	20	3
145	296	20	1
157	296	20	2
162	296	20	2
178	296	20	3
187	296	20	2
202	296	20	3
217	296	20	1
228	296	20	1
270	296	20	1
133	297	20	1
137	297	20	1
238	297	20	3
249	297	20	1
256	297	20	2
270	297	20	4
123	298	20	2
147	298	20	1
153	298	20	2
159	298	20	2
165	298	20	1
192	298	20	1
193	298	20	1
265	298	20	2
134	299	20	2
156	299	20	1
194	299	20	1
207	299	20	1
219	299	20	1
270	299	20	2
120	300	20	1
139	300	20	1
191	300	20	2
266	300	20	1
114	301	20	1
133	301	20	1
155	301	20	3
161	301	20	1
166	301	20	1
186	301	20	1
216	301	20	1
233	301	20	3
250	301	20	2
114	302	20	2
116	302	20	1
167	302	20	1
206	302	20	1
213	302	20	2
219	302	20	2
223	302	20	1
252	302	20	1
257	302	20	2
264	302	20	3
101	303	20	2
127	303	20	1
141	303	20	1
150	303	20	2
156	303	20	2
194	303	20	1
222	303	20	3
234	303	20	2
96	304	20	1
157	304	20	1
158	304	20	2
166	304	20	2
185	304	20	2
193	304	20	1
203	304	20	2
209	304	20	2
210	304	20	2
236	304	20	1
237	304	20	1
238	304	20	1
262	304	20	1
124	305	20	1
130	305	20	2
206	305	20	2
208	305	20	1
234	305	20	1
236	305	20	2
237	305	20	1
258	305	20	1
127	306	20	1
132	306	20	1
136	306	20	1
146	306	20	1
172	306	20	2
177	306	20	2
191	306	20	3
240	306	20	1
241	306	20	1
249	306	20	1
258	306	20	3
259	306	20	1
261	306	20	1
118	307	20	1
124	307	20	1
128	307	20	1
158	307	20	2
166	307	20	1
177	307	20	1
182	307	20	3
211	307	20	2
227	307	20	1
234	307	20	1
238	307	20	2
239	307	20	2
241	307	20	4
103	308	20	1
171	308	20	1
184	308	20	2
197	308	20	1
200	308	20	2
201	308	20	1
205	308	20	1
208	308	20	1
220	308	20	3
227	308	20	1
229	308	20	4
233	308	20	2
249	308	20	2
257	308	20	2
260	308	20	2
124	309	20	1
130	309	20	1
134	309	20	1
203	309	20	2
224	309	20	2
238	309	20	1
242	309	20	2
246	309	20	3
262	309	20	1
268	309	20	2
118	310	20	1
121	310	20	1
144	310	20	1
182	310	20	2
198	310	20	3
241	310	20	2
245	310	20	1
143	311	20	2
200	311	20	2
210	311	20	1
238	311	20	1
246	311	20	1
264	311	20	2
93	312	20	1
100	312	20	2
115	312	20	1
148	312	20	1
168	312	20	1
202	312	20	2
205	312	20	1
209	312	20	1
211	312	20	1
247	312	20	1
94	313	20	2
107	313	20	2
139	313	20	1
158	313	20	1
164	313	20	1
174	313	20	4
197	313	20	1
201	313	20	3
217	313	20	2
229	313	20	1
262	313	20	1
100	314	20	1
201	314	20	3
202	314	20	1
207	314	20	1
110	315	20	2
124	315	20	2
133	315	20	2
156	315	20	3
159	315	20	2
175	315	20	1
180	315	20	1
194	315	20	2
198	315	20	1
215	315	20	2
240	315	20	2
243	315	20	2
262	315	20	2
263	315	20	2
265	315	20	1
266	315	20	2
126	316	20	2
146	316	20	1
177	316	20	1
178	316	20	3
179	316	20	2
182	316	20	1
185	316	20	4
198	316	20	1
232	316	20	1
235	316	20	2
256	316	20	1
257	316	20	2
259	316	20	2
95	317	20	2
103	317	20	2
110	317	20	3
115	317	20	1
145	317	20	4
152	317	20	1
162	317	20	1
172	317	20	4
177	317	20	3
212	317	20	2
232	317	20	1
233	317	20	1
242	317	20	1
251	317	20	1
98	318	20	1
126	318	20	1
133	318	20	1
185	318	20	1
237	318	20	1
256	318	20	2
260	318	20	3
98	319	20	1
100	319	20	2
140	319	20	3
153	319	20	1
190	319	20	1
193	319	20	1
218	319	20	2
233	319	20	2
141	320	20	1
179	320	20	2
180	320	20	1
187	320	20	1
195	320	20	1
201	320	20	2
204	320	20	2
241	320	20	1
244	320	20	1
94	321	20	4
183	321	20	1
195	321	20	1
196	321	20	1
197	321	20	1
210	321	20	3
213	321	20	1
237	321	20	3
254	321	20	2
257	321	20	1
264	321	20	1
97	322	20	1
127	322	20	2
157	322	20	2
183	322	20	1
185	322	20	1
187	322	20	2
190	322	20	1
198	322	20	1
200	322	20	1
226	322	20	1
257	322	20	2
99	323	20	1
106	323	20	1
108	323	20	1
111	323	20	1
153	323	20	2
177	323	20	1
180	323	20	2
194	323	20	1
214	323	20	1
233	323	20	1
234	323	20	1
236	323	20	2
237	323	20	1
165	324	20	1
185	324	20	2
196	324	20	2
198	324	20	2
200	324	20	1
139	325	20	3
179	325	20	1
180	325	20	1
183	325	20	2
185	325	20	1
187	325	20	1
188	325	20	1
190	325	20	1
195	325	20	1
196	325	20	2
207	325	20	1
228	325	20	5
258	325	20	1
259	325	20	1
122	326	20	3
128	326	20	2
130	326	20	1
188	326	20	2
194	326	20	1
196	326	20	2
199	326	20	1
203	326	20	3
211	326	20	1
217	326	20	1
219	326	20	1
261	326	20	1
102	327	20	1
106	327	20	1
139	327	20	1
153	327	20	1
161	327	20	1
179	327	20	1
188	327	20	2
189	327	20	2
190	327	20	1
212	327	20	2
244	327	20	3
256	327	20	3
261	327	20	1
135	328	20	4
144	328	20	1
167	328	20	5
173	328	20	1
179	328	20	1
198	328	20	1
200	328	20	1
212	328	20	1
257	328	20	1
260	328	20	1
98	329	20	2
158	329	20	3
169	329	20	1
199	329	20	1
210	329	20	1
221	329	20	1
97	330	20	2
122	330	20	2
124	330	20	1
181	330	20	1
195	330	20	1
213	330	20	2
260	330	20	1
262	330	20	1
100	331	20	1
136	331	20	1
145	331	20	2
177	331	20	2
179	331	20	1
180	331	20	2
200	331	20	1
201	331	20	1
205	331	20	1
240	331	20	2
249	331	20	1
255	331	20	2
104	332	20	2
106	332	20	3
140	332	20	2
150	332	20	1
176	332	20	3
179	332	20	4
191	332	20	1
199	332	20	2
209	332	20	4
226	332	20	1
232	332	20	2
260	332	20	3
96	333	20	2
117	333	20	1
132	333	20	2
137	333	20	3
157	333	20	1
161	333	20	1
174	333	20	2
175	333	20	1
193	333	20	2
204	333	20	1
210	333	20	1
227	333	20	1
235	333	20	3
244	333	20	2
250	333	20	3
261	333	20	1
143	334	20	1
153	334	20	1
177	334	20	2
183	334	20	4
186	334	20	1
205	334	20	1
207	334	20	2
224	334	20	3
244	334	20	1
253	334	20	3
256	334	20	1
227	335	20	3
239	335	20	1
134	336	20	1
137	336	20	1
175	336	20	4
188	336	20	1
194	336	20	1
199	336	20	3
200	336	20	3
205	336	20	1
207	336	20	1
222	336	20	1
224	336	20	3
217	337	20	1
220	337	20	1
233	337	20	1
236	337	20	1
246	337	20	1
169	338	20	1
173	338	20	3
226	338	20	2
173	339	20	1
201	340	20	1
225	340	20	1
242	340	20	1
157	341	20	1
167	341	20	2
173	341	20	1
214	341	20	1
230	341	20	1
234	341	20	1
237	341	20	2
246	341	20	1
173	342	20	1
185	342	20	1
217	342	20	1
227	342	20	2
231	342	20	1
210	343	20	2
219	343	20	2
223	343	20	2
229	343	20	2
243	343	20	2
245	343	20	1
161	344	20	1
216	344	20	1
242	344	20	1
209	345	20	1
223	345	20	2
241	345	20	1
187	346	20	1
217	346	20	4
190	347	20	2
198	347	20	2
201	347	20	1
202	347	20	1
173	348	20	1
192	348	20	3
178	349	20	2
192	349	20	1
195	349	20	1
212	349	20	3
229	349	20	2
235	349	20	1
165	350	20	3
169	350	20	1
207	350	20	2
231	350	20	3
237	350	20	1
203	351	20	1
183	352	20	2
216	352	20	1
173	353	20	5
184	353	20	1
212	353	20	1
224	353	20	1
231	353	20	1
170	354	20	1
210	354	20	1
200	355	20	1
210	355	20	2
229	356	20	1
182	357	20	1
169	358	20	2
220	358	20	3
175	359	20	1
178	359	20	1
179	360	20	2
180	360	20	1
186	360	20	3
206	360	20	1
185	361	20	1
205	361	20	2
182	362	20	1
193	364	20	1
197	365	20	2
129	222	21	1
142	224	21	2
172	224	21	2
159	225	21	1
175	225	21	1
155	226	21	1
139	228	21	1
146	228	21	4
161	228	21	1
182	228	21	2
154	229	21	2
188	230	21	1
110	231	21	2
129	231	21	1
137	231	21	2
162	232	21	1
136	233	21	3
144	233	21	1
129	234	21	1
141	235	21	3
131	236	21	1
132	236	21	3
140	236	21	1
141	236	21	1
214	236	21	1
132	237	21	4
136	237	21	4
137	237	21	2
144	237	21	1
146	237	21	1
178	237	21	1
191	237	21	2
131	238	21	1
132	238	21	1
137	238	21	1
148	238	21	1
149	238	21	1
151	238	21	1
129	239	21	1
131	239	21	1
139	239	21	3
147	239	21	1
178	239	21	2
195	239	21	1
126	240	21	1
128	240	21	1
132	240	21	2
137	240	21	2
138	240	21	1
141	240	21	1
146	240	21	1
151	240	21	1
171	240	21	2
126	241	21	1
130	241	21	3
132	241	21	2
133	241	21	1
134	241	21	1
135	241	21	1
137	241	21	1
147	241	21	1
152	241	21	1
174	241	21	1
214	241	21	2
215	241	21	1
126	242	21	1
128	242	21	2
136	242	21	1
137	242	21	3
140	242	21	2
143	242	21	1
215	242	21	1
116	243	21	1
128	243	21	1
129	243	21	2
138	243	21	1
143	243	21	1
152	243	21	1
132	244	21	2
135	244	21	1
141	244	21	2
145	244	21	1
116	245	21	1
139	245	21	1
149	245	21	1
194	245	21	2
214	245	21	1
215	245	21	1
217	245	21	3
132	247	21	1
149	247	21	3
197	247	21	2
232	247	21	1
134	249	21	3
218	249	21	2
131	250	21	1
217	251	21	1
220	251	21	2
232	251	21	1
148	252	21	1
158	252	21	1
201	252	21	2
220	252	21	3
154	253	21	1
225	253	21	1
228	253	21	3
199	254	21	1
223	254	21	1
228	254	21	1
161	255	21	1
169	255	21	1
223	255	21	1
226	255	21	2
231	255	21	1
122	256	21	1
200	257	21	1
232	257	21	1
140	258	21	1
252	258	21	2
163	259	21	2
181	260	21	1
196	260	21	2
231	260	21	1
137	262	21	2
163	262	21	1
133	263	21	2
219	263	21	2
161	264	21	1
162	264	21	1
163	264	21	1
181	264	21	3
158	265	21	2
162	265	21	2
222	265	21	2
139	266	21	1
161	266	21	1
164	267	21	1
155	268	21	1
160	268	21	1
183	268	21	1
114	269	21	1
154	269	21	1
160	269	21	2
177	269	21	2
178	269	21	1
120	270	21	2
156	270	21	1
164	270	21	1
235	270	21	4
159	271	21	1
174	271	21	1
176	271	21	1
117	272	21	3
158	272	21	1
163	272	21	1
164	272	21	3
165	272	21	1
166	272	21	1
167	272	21	1
173	272	21	2
182	272	21	1
122	273	21	2
133	273	21	2
151	273	21	1
157	273	21	3
164	273	21	3
166	273	21	3
178	273	21	2
224	273	21	4
225	273	21	1
113	274	21	1
134	274	21	1
176	274	21	2
224	274	21	1
165	275	21	1
175	275	21	1
176	275	21	2
179	275	21	2
219	275	21	1
116	276	21	3
165	276	21	2
169	276	21	2
173	276	21	1
175	276	21	2
221	276	21	2
223	276	21	2
267	276	21	2
119	277	21	2
169	277	21	3
172	277	21	1
174	277	21	3
219	277	21	3
124	278	21	3
157	278	21	1
171	278	21	1
218	278	21	1
221	278	21	1
170	279	21	2
177	279	21	2
178	279	21	3
220	279	21	2
266	279	21	1
125	280	21	1
147	280	21	2
168	280	21	1
177	280	21	1
204	280	21	2
205	280	21	3
219	280	21	1
227	280	21	1
169	281	21	1
175	281	21	1
219	281	21	2
170	282	21	1
173	282	21	1
215	282	21	2
217	282	21	2
220	282	21	2
224	282	21	4
270	282	21	1
271	282	21	1
173	283	21	1
216	283	21	2
217	283	21	3
206	284	21	1
215	284	21	1
222	284	21	1
230	284	21	1
123	285	21	1
125	285	21	2
223	285	21	2
101	286	21	1
217	286	21	2
220	286	21	1
223	286	21	1
152	287	21	1
221	287	21	4
134	288	21	2
186	288	21	2
217	288	21	2
223	289	21	1
219	290	21	1
221	290	21	2
222	290	21	1
218	291	21	2
219	291	21	1
244	292	21	1
268	292	21	1
271	292	21	2
187	294	21	2
193	294	21	3
194	294	21	2
269	294	21	1
215	295	21	2
217	295	21	1
218	295	21	1
271	295	21	1
156	296	21	2
218	296	21	2
150	297	21	2
217	297	21	2
262	297	21	2
162	298	21	1
177	298	21	1
230	298	21	2
232	298	21	2
192	299	21	2
153	300	21	1
211	300	21	2
239	300	21	1
210	301	21	2
230	301	21	2
252	301	21	1
269	301	21	1
270	301	21	1
264	302	21	2
146	303	21	4
186	303	21	3
211	303	21	1
235	304	21	1
96	305	21	1
209	305	21	2
210	305	21	2
242	305	21	1
181	306	21	1
203	306	21	2
208	306	21	2
209	306	21	1
231	306	21	2
234	306	21	1
235	306	21	5
238	306	21	2
204	307	21	2
207	307	21	2
210	307	21	3
236	307	21	2
238	307	21	2
180	308	21	1
201	308	21	1
205	308	21	1
232	308	21	1
256	308	21	1
259	308	21	1
260	308	21	6
261	308	21	1
264	308	21	1
209	309	21	1
264	309	21	1
265	309	21	1
112	310	21	1
132	310	21	1
149	310	21	1
162	310	21	1
176	310	21	2
186	310	21	1
230	310	21	2
231	310	21	1
252	310	21	1
257	310	21	1
261	310	21	1
212	311	21	4
260	311	21	2
148	312	21	1
167	312	21	2
199	312	21	2
201	312	21	1
230	312	21	1
257	312	21	1
258	312	21	2
116	313	21	2
241	313	21	1
261	313	21	3
262	313	21	1
172	314	21	1
182	314	21	1
203	314	21	2
230	314	21	1
256	314	21	1
260	314	21	1
115	315	21	2
179	315	21	2
211	315	21	2
256	315	21	1
257	315	21	1
258	315	21	2
181	316	21	1
203	316	21	4
256	316	21	2
166	317	21	1
180	317	21	2
200	317	21	3
232	317	21	3
257	317	21	1
146	318	21	2
170	318	21	1
177	318	21	2
182	318	21	1
152	319	21	2
166	319	21	2
184	319	21	2
247	319	21	1
261	319	21	3
257	320	21	1
258	320	21	1
262	320	21	2
118	321	21	1
167	321	21	1
183	321	21	1
185	321	21	2
187	321	21	1
249	321	21	1
260	321	21	1
178	322	21	1
182	322	21	1
187	322	21	1
199	322	21	1
258	322	21	1
126	323	21	2
185	323	21	2
192	323	21	2
201	323	21	1
227	323	21	2
243	323	21	2
149	324	21	1
162	324	21	1
180	324	21	1
184	324	21	2
187	324	21	3
196	324	21	3
177	325	21	2
186	325	21	1
187	325	21	2
190	325	21	1
199	325	21	1
189	326	21	2
147	328	21	1
260	328	21	1
99	329	21	1
100	329	21	1
131	330	21	2
228	330	21	2
105	331	21	1
153	331	21	1
183	331	21	1
230	331	21	2
257	331	21	1
181	332	21	1
261	332	21	2
210	333	21	1
220	333	21	1
259	333	21	3
121	334	21	1
259	334	21	1
260	334	21	1
134	335	21	1
181	335	21	1
173	336	21	2
177	336	21	2
178	336	21	2
211	336	21	1
260	336	21	1
175	337	21	2
177	337	21	1
145	338	21	2
176	338	21	1
180	338	21	2
240	338	21	2
148	339	21	2
173	339	21	2
242	339	21	1
175	340	21	2
177	340	21	1
231	340	21	5
237	340	21	2
215	341	21	4
225	341	21	1
244	341	21	2
169	342	21	1
241	344	21	3
244	344	21	1
243	345	21	2
236	348	21	1
173	349	21	1
221	354	21	1
179	355	21	1
181	355	21	1
169	356	21	1
179	360	21	1
181	362	21	1
126	226	22	2
154	228	22	1
154	229	22	2
162	230	22	2
134	234	22	1
139	234	22	1
140	234	22	2
147	234	22	1
132	235	22	1
142	235	22	1
143	235	22	2
148	235	22	1
132	236	22	2
133	236	22	3
136	236	22	2
139	236	22	1
140	236	22	2
129	237	22	1
135	237	22	1
143	237	22	2
129	238	22	1
134	238	22	1
139	238	22	1
146	238	22	1
132	239	22	2
141	239	22	2
144	239	22	1
149	239	22	1
213	239	22	1
216	239	22	1
129	240	22	3
141	240	22	1
146	240	22	1
152	240	22	3
216	240	22	1
133	241	22	1
136	241	22	1
137	241	22	2
146	241	22	3
148	241	22	1
153	241	22	1
214	241	22	1
215	241	22	3
117	242	22	1
135	242	22	1
215	242	22	2
136	243	22	2
149	243	22	1
152	243	22	1
136	244	22	2
145	244	22	2
136	245	22	2
132	246	22	1
135	247	22	1
216	251	22	2
218	252	22	3
226	254	22	1
161	255	22	3
150	256	22	1
196	256	22	1
228	256	22	2
161	257	22	1
163	257	22	1
199	257	22	1
160	258	22	1
163	258	22	1
162	259	22	3
161	260	22	2
162	260	22	1
161	263	22	1
160	264	22	1
121	267	22	1
132	267	22	2
160	267	22	1
121	268	22	3
122	268	22	1
157	268	22	1
158	268	22	1
165	268	22	1
195	268	22	1
122	269	22	2
155	269	22	2
159	269	22	1
121	270	22	1
122	270	22	1
155	270	22	2
158	270	22	2
179	270	22	1
156	271	22	1
165	271	22	1
176	271	22	1
116	272	22	2
120	272	22	1
168	272	22	1
118	273	22	2
165	273	22	1
170	273	22	1
174	273	22	1
226	273	22	1
156	274	22	1
165	274	22	1
169	274	22	1
174	274	22	1
165	275	22	1
177	275	22	2
176	276	22	1
177	276	22	1
176	277	22	1
170	278	22	4
169	279	22	2
171	279	22	2
178	279	22	1
167	280	22	1
168	280	22	2
170	280	22	1
178	280	22	1
224	280	22	2
170	281	22	2
172	281	22	2
167	282	22	2
202	284	22	1
224	285	22	2
271	287	22	1
219	288	22	1
224	288	22	1
271	289	22	2
198	290	22	1
222	292	22	2
241	293	22	2
266	294	22	2
269	294	22	2
217	295	22	1
215	296	22	1
217	297	22	2
219	297	22	2
220	297	22	2
268	297	22	1
216	299	22	3
214	300	22	1
267	300	22	3
210	301	22	2
211	301	22	1
238	302	22	2
238	303	22	3
266	303	22	4
210	304	22	1
263	304	22	2
185	305	22	1
236	305	22	1
240	305	22	1
232	306	22	3
238	306	22	1
264	306	22	2
182	307	22	3
205	307	22	2
207	307	22	2
234	307	22	2
238	307	22	1
262	307	22	2
203	308	22	1
207	308	22	1
235	308	22	3
201	309	22	2
206	309	22	2
208	309	22	4
231	309	22	2
204	310	22	1
206	311	22	1
264	311	22	1
258	312	22	1
233	313	22	1
200	314	22	2
236	314	22	1
261	314	22	2
179	315	22	2
257	315	22	1
261	315	22	2
263	315	22	3
262	316	22	2
179	317	22	1
176	318	22	1
240	318	22	1
258	318	22	2
260	318	22	3
180	319	22	1
260	320	22	2
182	321	22	2
191	321	22	1
256	321	22	3
257	321	22	2
181	322	22	1
185	322	22	1
258	322	22	2
191	323	22	1
194	323	22	2
259	323	22	1
179	324	22	2
182	324	22	1
184	324	22	1
196	324	22	1
200	324	22	3
188	325	22	2
199	325	22	1
215	325	22	1
202	326	22	1
199	328	22	4
200	328	22	2
201	329	22	1
103	330	22	2
182	330	22	1
184	330	22	2
181	331	22	1
260	331	22	1
100	332	22	1
178	334	22	1
180	334	22	1
179	337	22	1
177	338	22	1
179	339	22	1
240	343	22	2
243	343	22	1
245	343	22	1
244	344	22	1
180	360	22	1
156	225	23	1
180	225	23	1
158	226	23	1
157	228	23	1
156	230	23	1
157	230	23	1
152	231	23	1
157	231	23	1
158	231	23	2
144	233	23	1
134	234	23	1
138	234	23	2
143	234	23	3
141	235	23	1
143	235	23	1
145	235	23	2
146	235	23	2
148	235	23	1
133	236	23	1
150	236	23	3
133	237	23	1
142	237	23	1
139	238	23	3
140	238	23	1
217	238	23	3
130	241	23	2
132	241	23	1
135	241	23	3
136	241	23	1
138	241	23	1
140	241	23	2
141	241	23	1
142	241	23	1
143	241	23	1
138	242	23	1
149	242	23	3
213	242	23	3
130	243	23	1
132	243	23	1
134	243	23	2
214	243	23	1
134	244	23	1
142	244	23	2
145	244	23	2
215	246	23	1
218	250	23	1
222	252	23	1
192	253	23	1
224	253	23	1
196	254	23	1
197	255	23	2
226	255	23	2
231	255	23	4
163	256	23	3
218	263	23	1
122	264	23	4
119	267	23	3
121	267	23	2
124	267	23	1
162	267	23	2
163	268	23	1
122	269	23	1
120	270	23	1
165	270	23	2
183	270	23	3
166	271	23	1
168	271	23	1
167	272	23	2
177	272	23	1
158	273	23	2
164	273	23	2
166	273	23	1
168	273	23	2
176	274	23	1
179	274	23	2
226	274	23	1
167	275	23	1
173	275	23	2
224	275	23	1
140	276	23	2
172	276	23	1
179	276	23	2
166	277	23	1
174	277	23	1
176	277	23	1
168	278	23	1
169	278	23	1
176	278	23	2
177	278	23	1
178	278	23	1
175	279	23	1
179	279	23	2
219	279	23	2
176	280	23	1
168	281	23	2
169	281	23	3
170	281	23	1
177	281	23	1
173	282	23	1
174	282	23	3
174	283	23	3
173	284	23	3
176	284	23	3
226	284	23	1
202	285	23	1
271	285	23	1
271	286	23	3
220	291	23	1
269	291	23	3
271	292	23	1
267	293	23	1
269	293	23	1
271	293	23	1
217	294	23	2
266	294	23	1
215	296	23	1
266	298	23	1
267	298	23	2
215	299	23	4
267	299	23	1
211	302	23	3
236	302	23	1
239	302	23	2
266	302	23	3
136	303	23	1
237	304	23	1
208	305	23	1
234	305	23	1
264	305	23	1
183	306	23	2
239	306	23	1
241	306	23	1
267	306	23	4
181	307	23	1
185	307	23	1
205	307	23	1
207	307	23	3
236	307	23	5
240	307	23	6
259	307	23	1
262	307	23	1
241	308	23	2
262	308	23	1
181	309	23	1
182	309	23	2
257	309	23	1
261	309	23	3
257	310	23	3
260	310	23	1
230	311	23	3
234	311	23	1
257	311	23	3
173	312	23	1
175	312	23	1
176	312	23	1
237	312	23	1
261	312	23	2
263	312	23	2
176	313	23	4
203	313	23	2
239	313	23	2
262	313	23	2
204	314	23	1
232	314	23	1
257	314	23	1
263	314	23	1
179	315	23	1
238	315	23	2
258	315	23	2
259	315	23	1
260	315	23	3
262	315	23	1
172	316	23	1
258	316	23	2
261	316	23	1
264	316	23	1
179	317	23	2
181	317	23	1
256	317	23	2
257	317	23	1
258	317	23	1
265	317	23	3
254	318	23	3
257	318	23	2
258	318	23	2
261	318	23	2
262	318	23	1
166	319	23	2
182	319	23	2
241	319	23	2
256	319	23	2
259	319	23	1
256	321	23	1
260	321	23	1
236	322	23	2
259	322	23	2
182	323	23	1
184	323	23	1
185	323	23	2
178	324	23	1
260	324	23	1
182	325	23	3
183	326	23	2
192	326	23	1
194	326	23	1
259	326	23	2
184	327	23	3
199	328	23	1
203	328	23	2
96	329	23	1
259	329	23	1
94	330	23	2
201	331	23	1
260	331	23	3
180	332	23	1
260	332	23	4
182	333	23	1
259	333	23	1
146	335	23	1
175	336	23	3
260	336	23	2
235	340	23	1
242	342	23	1
244	344	23	2
176	358	23	2
182	221	24	1
181	222	24	2
182	223	24	2
178	224	24	2
179	224	24	1
160	225	24	1
156	226	24	1
157	226	24	1
178	226	24	1
157	227	24	1
157	228	24	3
154	229	24	2
156	229	24	1
162	231	24	1
149	232	24	2
153	232	24	3
157	233	24	1
143	234	24	1
151	234	24	1
136	235	24	1
151	235	24	1
137	236	24	4
139	236	24	2
144	236	24	1
137	237	24	1
150	237	24	4
132	238	24	3
146	238	24	1
148	238	24	1
149	238	24	2
150	238	24	1
132	239	24	1
133	239	24	1
145	239	24	1
108	240	24	2
132	240	24	1
137	240	24	1
142	240	24	1
146	240	24	1
140	241	24	3
142	241	24	1
144	241	24	1
140	242	24	1
143	242	24	2
132	243	24	1
134	243	24	1
139	243	24	1
141	243	24	4
149	243	24	1
131	244	24	1
137	244	24	2
137	245	24	2
141	246	24	1
142	246	24	1
227	246	24	1
140	247	24	2
228	247	24	1
140	249	24	2
216	249	24	1
230	249	24	1
222	251	24	1
134	252	24	1
225	252	24	1
141	253	24	2
220	253	24	1
222	253	24	2
227	254	24	1
140	255	24	3
163	256	24	1
194	257	24	1
196	258	24	2
199	258	24	2
118	260	24	1
225	260	24	1
120	261	24	1
198	261	24	2
199	261	24	1
116	262	24	1
119	262	24	3
124	262	24	4
219	262	24	2
115	263	24	3
117	263	24	2
217	263	24	1
117	264	24	1
118	264	24	1
122	264	24	1
163	264	24	1
117	265	24	1
118	265	24	1
119	265	24	1
124	265	24	1
127	265	24	1
216	265	24	1
119	266	24	2
215	266	24	1
123	267	24	1
166	268	24	1
210	268	24	3
130	269	24	2
162	269	24	4
165	269	24	2
163	270	24	1
184	270	24	1
128	272	24	1
166	272	24	2
165	273	24	1
177	273	24	1
182	273	24	3
169	274	24	1
179	274	24	2
166	275	24	2
178	275	24	2
170	276	24	1
171	276	24	1
181	276	24	1
169	277	24	1
170	277	24	2
176	277	24	1
177	277	24	3
180	277	24	1
220	277	24	1
168	278	24	1
171	278	24	1
175	278	24	1
178	278	24	2
168	279	24	1
170	279	24	1
171	279	24	2
179	279	24	2
169	280	24	2
170	280	24	3
172	280	24	1
174	280	24	1
168	281	24	4
171	281	24	1
174	281	24	1
179	281	24	2
176	282	24	1
173	283	24	1
204	283	24	2
177	284	24	1
206	284	24	2
204	285	24	3
276	287	24	1
277	288	24	2
275	289	24	2
225	290	24	2
275	290	24	1
197	291	24	2
198	291	24	1
222	291	24	1
275	291	24	2
269	292	24	3
197	293	24	2
271	293	24	2
194	294	24	1
219	296	24	1
266	298	24	1
236	299	24	1
237	299	24	1
264	299	24	1
265	299	24	1
189	300	24	3
235	300	24	1
238	300	24	1
263	300	24	3
238	301	24	2
267	301	24	1
235	302	24	2
240	302	24	1
242	302	24	2
266	302	24	1
186	304	24	2
235	304	24	2
236	304	24	2
237	304	24	1
238	304	24	1
241	304	24	1
263	304	24	1
262	305	24	2
206	306	24	2
239	306	24	1
241	306	24	4
260	307	24	2
263	307	24	1
265	307	24	1
202	308	24	2
206	308	24	2
235	308	24	1
263	308	24	1
264	308	24	1
181	309	24	2
232	309	24	2
237	309	24	2
257	309	24	2
259	309	24	3
261	309	24	1
263	309	24	1
202	310	24	4
204	310	24	1
240	310	24	2
260	310	24	1
231	311	24	1
235	311	24	2
257	311	24	1
266	311	24	1
255	312	24	1
257	312	24	2
263	312	24	2
177	313	24	1
209	313	24	3
238	313	24	1
261	313	24	2
264	313	24	1
175	314	24	1
176	314	24	1
203	314	24	3
211	314	24	3
234	314	24	3
237	314	24	2
257	314	24	1
259	314	24	1
260	314	24	1
263	314	24	1
173	315	24	3
175	315	24	1
177	315	24	1
260	315	24	2
172	316	24	1
258	316	24	2
167	317	24	2
185	317	24	1
259	317	24	2
262	317	24	2
167	318	24	1
168	318	24	1
179	318	24	1
253	318	24	1
259	318	24	2
260	318	24	1
253	319	24	1
257	319	24	2
263	319	24	1
166	320	24	2
182	320	24	2
185	320	24	1
187	320	24	1
181	321	24	1
186	321	24	2
238	321	24	1
259	321	24	1
260	321	24	1
185	322	24	1
237	322	24	1
242	322	24	1
195	323	24	2
161	324	24	2
186	324	24	2
259	324	24	2
182	325	24	2
188	325	24	1
185	326	24	1
258	326	24	1
261	326	24	2
184	327	24	1
154	329	24	2
157	329	24	2
185	329	24	2
97	330	24	1
103	330	24	1
105	330	24	2
132	330	24	1
104	331	24	1
153	331	24	1
180	331	24	1
260	331	24	1
97	332	24	1
260	332	24	2
258	333	24	3
259	333	24	1
178	334	24	3
258	334	24	1
259	334	24	1
146	335	24	2
181	335	24	2
257	335	24	1
181	336	24	1
258	336	24	1
186	360	24	4
179	222	25	1
180	222	25	2
181	223	25	1
179	224	25	3
157	226	25	1
155	228	25	2
157	228	25	2
158	228	25	2
161	228	25	2
155	229	25	1
152	230	25	1
158	231	25	2
163	233	25	1
140	234	25	1
136	235	25	1
140	235	25	1
142	235	25	2
144	235	25	1
150	235	25	1
133	236	25	2
135	236	25	1
134	237	25	3
139	237	25	2
141	237	25	1
247	237	25	2
140	238	25	1
246	238	25	2
131	239	25	1
133	239	25	1
134	239	25	1
135	239	25	1
138	239	25	1
134	240	25	1
134	241	25	1
226	241	25	2
237	241	25	1
134	242	25	1
131	243	25	2
134	243	25	2
133	244	25	1
135	244	25	1
134	245	25	1
133	246	25	1
135	246	25	1
144	246	25	1
140	247	25	2
229	250	25	1
136	251	25	1
230	251	25	2
136	253	25	1
140	253	25	3
121	258	25	1
225	258	25	1
223	260	25	2
118	261	25	3
119	261	25	1
121	261	25	1
199	261	25	3
123	262	25	1
119	263	25	2
120	264	25	2
215	264	25	6
126	265	25	2
122	266	25	1
123	266	25	1
128	266	25	1
261	266	25	1
181	271	25	1
175	276	25	1
177	276	25	1
178	276	25	3
164	278	25	2
165	278	25	1
170	278	25	1
176	278	25	2
177	278	25	1
178	278	25	2
165	279	25	3
177	279	25	1
273	279	25	2
276	280	25	1
169	281	25	1
169	282	25	1
172	282	25	1
174	282	25	2
277	287	25	1
277	288	25	2
277	290	25	1
271	291	25	2
266	292	25	1
268	292	25	1
270	293	25	1
269	294	25	2
269	296	25	2
238	297	25	1
266	297	25	1
268	299	25	1
266	300	25	2
240	301	25	4
238	302	25	2
234	305	25	1
236	305	25	1
233	306	25	1
236	307	25	1
232	308	25	1
243	308	25	1
258	309	25	1
262	309	25	1
260	310	25	2
258	311	25	1
262	311	25	1
259	312	25	2
260	312	25	1
260	313	25	1
209	314	25	2
232	314	25	2
257	314	25	1
176	315	25	2
210	316	25	1
256	316	25	2
260	317	25	1
258	318	25	1
259	318	25	1
261	318	25	2
256	319	25	1
241	320	25	2
257	320	25	1
241	321	25	3
258	321	25	2
260	322	25	2
237	324	25	3
259	324	25	2
188	327	25	3
258	327	25	1
183	329	25	3
107	331	25	2
259	331	25	1
144	337	25	2
180	221	26	1
180	222	26	1
183	222	26	2
174	226	26	1
157	228	26	2
157	229	26	2
157	230	26	1
160	230	26	2
168	230	26	1
159	231	26	1
144	233	26	2
246	234	26	1
140	235	26	2
145	235	26	2
246	235	26	1
250	235	26	2
145	236	26	1
250	236	26	1
134	237	26	1
135	237	26	2
142	237	26	4
143	237	26	1
246	237	26	1
133	238	26	1
137	238	26	2
143	238	26	2
144	238	26	1
246	238	26	2
248	238	26	2
134	239	26	2
240	239	26	1
242	239	26	2
134	240	26	2
136	240	26	2
131	241	26	2
226	241	26	1
101	242	26	1
132	242	26	1
132	243	26	1
235	243	26	1
134	245	26	4
137	245	26	1
223	248	26	1
226	248	26	1
227	250	26	1
125	251	26	2
229	251	26	5
124	252	26	1
226	252	26	1
123	253	26	1
227	253	26	1
124	255	26	1
121	257	26	1
121	258	26	2
125	267	26	2
120	268	26	1
126	268	26	3
119	269	26	2
121	269	26	1
123	269	26	1
126	269	26	1
122	270	26	1
124	271	26	2
171	276	26	1
172	276	26	3
177	276	26	4
169	278	26	1
175	278	26	1
163	279	26	1
171	279	26	1
172	279	26	2
165	280	26	2
173	280	26	1
174	280	26	2
176	280	26	1
274	280	26	1
169	281	26	3
172	281	26	1
273	281	26	2
167	282	26	2
177	282	26	2
175	283	26	1
274	284	26	1
181	287	26	2
183	288	26	2
272	293	26	1
268	295	26	1
266	297	26	1
267	298	26	1
237	306	26	1
229	308	26	2
235	308	26	1
231	309	26	1
230	310	26	1
209	311	26	1
259	311	26	2
260	311	26	1
243	312	26	2
257	312	26	3
209	313	26	2
258	313	26	1
211	314	26	1
262	314	26	1
211	315	26	3
261	315	26	1
210	316	26	1
211	316	26	1
256	317	26	3
258	317	26	2
262	317	26	2
258	318	26	3
259	319	26	4
239	320	26	1
241	320	26	1
241	321	26	3
242	321	26	1
240	322	26	1
242	322	26	1
238	323	26	3
259	331	26	1
186	359	26	1
186	360	26	3
180	223	27	3
179	226	27	1
160	229	27	1
164	231	27	1
161	232	27	2
163	232	27	1
166	232	27	1
155	233	27	2
164	233	27	4
146	234	27	2
152	234	27	1
154	234	27	2
245	234	27	2
250	235	27	1
136	236	27	1
137	236	27	2
249	236	27	1
250	236	27	2
135	237	27	1
137	237	27	1
138	237	27	3
176	237	27	2
241	237	27	1
243	237	27	2
146	238	27	1
241	238	27	1
248	238	27	1
249	238	27	2
182	239	27	1
236	239	27	2
243	239	27	2
139	240	27	1
242	240	27	3
133	241	27	1
134	243	27	1
226	244	27	2
233	245	27	1
246	245	27	1
250	245	27	1
194	247	27	3
227	251	27	2
229	251	27	1
125	255	27	1
125	257	27	2
124	258	27	1
125	267	27	2
126	267	27	2
259	267	27	1
119	268	27	1
124	268	27	1
126	268	27	1
123	270	27	2
126	270	27	1
127	270	27	1
127	271	27	2
174	276	27	3
173	277	27	1
175	278	27	3
178	278	27	2
167	279	27	3
172	279	27	2
174	279	27	1
175	280	27	1
173	281	27	4
174	281	27	3
175	281	27	2
274	281	27	1
275	281	27	1
165	282	27	1
173	282	27	2
175	282	27	2
178	283	27	1
271	283	27	2
272	283	27	2
273	283	27	3
170	284	27	2
173	284	27	1
274	284	27	1
168	285	27	1
178	286	27	2
270	290	27	1
269	293	27	2
191	294	27	1
195	294	27	1
270	294	27	1
232	302	27	1
233	303	27	1
266	303	27	3
237	304	27	1
236	306	27	3
235	308	27	1
240	308	27	2
201	309	27	1
233	309	27	1
202	311	27	2
209	311	27	1
258	312	27	2
259	312	27	4
206	313	27	1
213	313	27	2
208	314	27	1
212	314	27	2
209	315	27	1
210	315	27	2
258	316	27	1
261	317	27	3
239	318	27	2
256	319	27	1
259	319	27	1
240	320	27	1
236	324	27	2
261	324	27	3
259	330	27	2
186	357	27	1
186	360	27	2
183	361	27	1
115	228	28	1
163	231	28	2
165	231	28	1
162	232	28	1
165	232	28	1
152	233	28	1
166	234	28	1
145	235	28	1
146	235	28	1
153	235	28	2
243	235	28	1
244	235	28	3
246	235	28	1
250	235	28	3
136	236	28	1
138	236	28	1
143	236	28	1
249	236	28	1
251	236	28	1
138	237	28	2
247	237	28	1
248	237	28	2
249	237	28	2
139	238	28	1
140	238	28	2
146	238	28	1
185	238	28	2
244	238	28	1
246	238	28	2
137	239	28	1
144	239	28	2
244	239	28	1
134	240	28	2
139	240	28	2
140	240	28	1
184	240	28	1
139	241	28	1
179	241	28	2
185	241	28	1
186	241	28	1
137	242	28	1
227	243	28	2
233	243	28	2
235	243	28	1
249	243	28	2
189	244	28	1
230	245	28	2
234	249	28	3
226	250	28	4
235	250	28	1
125	251	28	1
234	251	28	3
123	252	28	2
126	252	28	1
127	252	28	1
124	254	28	2
124	255	28	2
125	255	28	1
127	256	28	1
128	256	28	4
126	257	28	1
121	264	28	3
257	264	28	1
259	266	28	2
124	267	28	1
121	268	28	1
122	268	28	2
262	268	28	2
124	269	28	1
121	270	28	1
126	270	28	1
127	271	28	3
170	271	28	1
134	274	28	1
129	277	28	2
171	277	28	2
128	278	28	1
171	279	28	1
176	279	28	1
174	280	28	1
178	280	28	1
276	280	28	1
174	281	28	2
274	281	28	1
276	281	28	3
165	282	28	2
172	282	28	2
177	282	28	1
274	282	28	2
275	282	28	1
170	283	28	3
171	283	28	1
173	283	28	1
176	284	28	1
274	284	28	1
164	285	28	1
167	285	28	2
168	285	28	1
170	285	28	1
178	285	28	3
275	285	28	2
166	287	28	1
271	289	28	2
192	292	28	1
193	294	28	2
197	295	28	2
179	296	28	1
179	299	28	1
232	304	28	3
236	305	28	1
230	306	28	2
227	307	28	1
228	307	28	1
234	307	28	2
207	308	28	2
225	308	28	1
208	310	28	2
222	310	28	1
247	311	28	1
257	312	28	1
204	313	28	1
206	313	28	2
211	313	28	3
261	313	28	1
260	314	28	1
211	315	28	1
210	316	28	1
259	316	28	1
259	317	28	1
261	317	28	1
262	318	28	2
239	319	28	1
240	319	28	2
239	321	28	2
240	321	28	2
242	322	28	1
235	323	28	2
96	327	28	1
133	328	28	2
96	331	28	2
96	332	28	1
185	357	28	1
112	226	29	1
112	228	29	2
160	233	29	1
164	233	29	2
250	235	29	1
191	236	29	1
250	236	29	1
183	237	29	1
250	237	29	1
250	238	29	1
251	238	29	1
186	239	29	1
115	240	29	1
179	240	29	2
183	240	29	1
180	241	29	1
190	243	29	2
193	243	29	1
234	243	29	2
186	244	29	1
190	245	29	2
191	245	29	3
236	246	29	1
193	247	29	2
226	250	29	1
128	254	29	2
125	257	29	1
131	257	29	2
133	257	29	1
134	259	29	1
135	263	29	1
259	266	29	1
125	268	29	1
257	268	29	1
162	269	29	1
123	270	29	1
168	270	29	3
129	271	29	1
167	271	29	1
125	272	29	1
127	272	29	1
137	272	29	3
166	273	29	2
167	273	29	1
168	273	29	1
170	273	29	1
128	274	29	1
138	274	29	4
168	274	29	1
137	275	29	1
168	275	29	2
170	275	29	1
171	275	29	3
174	277	29	1
168	278	29	2
170	278	29	1
170	279	29	2
175	279	29	1
172	280	29	1
175	281	29	1
276	281	29	2
162	282	29	2
174	282	29	1
276	282	29	1
165	283	29	2
166	283	29	3
168	283	29	4
275	283	29	2
276	283	29	1
161	284	29	1
166	284	29	1
167	284	29	2
168	284	29	1
177	284	29	2
274	284	29	1
275	284	29	1
277	284	29	2
177	285	29	1
275	285	29	2
169	287	29	1
270	294	29	2
175	295	29	1
176	295	29	4
177	296	29	1
183	300	29	1
235	304	29	1
204	308	29	1
211	308	29	1
225	308	29	1
233	308	29	2
203	309	29	2
204	309	29	1
229	309	29	2
111	310	29	1
202	311	29	2
209	311	29	1
211	311	29	3
249	311	29	1
204	312	29	3
208	312	29	1
211	312	29	1
212	312	29	1
205	313	29	1
258	313	29	3
207	314	29	1
212	315	29	2
241	316	29	1
255	316	29	2
241	318	29	2
243	319	29	1
243	320	29	1
239	321	29	2
126	325	29	2
121	326	29	1
94	327	29	3
127	327	29	1
227	327	29	1
95	328	29	2
96	328	29	1
98	329	29	1
134	329	29	3
93	330	29	2
95	330	29	1
95	331	29	3
97	331	29	3
94	332	29	1
95	332	29	5
95	333	29	3
96	333	29	2
185	360	29	3
220	360	29	2
112	227	30	2
176	237	30	1
175	238	30	2
179	238	30	1
181	238	30	2
183	238	30	1
117	239	30	5
172	239	30	1
181	239	30	2
182	239	30	2
184	239	30	6
186	239	30	2
178	240	30	1
181	240	30	2
184	240	30	2
179	241	30	2
183	241	30	1
172	242	30	1
182	242	30	2
182	243	30	2
183	243	30	1
189	243	30	3
190	245	30	2
191	245	30	1
250	255	30	1
126	256	30	1
127	256	30	2
129	256	30	2
123	257	30	1
125	257	30	1
250	257	30	1
126	258	30	1
129	259	30	3
133	259	30	2
136	263	30	1
259	266	30	1
126	269	30	2
126	270	30	3
134	270	30	2
168	270	30	1
122	271	30	1
124	271	30	1
138	271	30	1
139	271	30	1
123	272	30	4
124	272	30	2
125	272	30	2
129	272	30	2
135	272	30	1
165	272	30	1
124	273	30	2
138	273	30	2
140	273	30	1
167	273	30	1
168	273	30	1
139	274	30	1
142	274	30	1
143	275	30	1
159	279	30	1
163	279	30	1
164	280	30	1
159	281	30	1
165	281	30	2
276	281	30	2
175	282	30	1
275	282	30	1
163	283	30	1
165	283	30	1
162	284	30	2
163	284	30	1
275	284	30	1
276	284	30	1
165	285	30	1
170	287	30	1
178	294	30	3
180	299	30	1
194	305	30	2
198	307	30	1
189	308	30	2
205	308	30	2
210	309	30	1
204	310	30	2
208	310	30	2
212	310	30	2
249	310	30	1
211	311	30	2
247	311	30	2
207	312	30	2
208	312	30	2
225	312	30	3
225	313	30	1
210	316	30	1
242	318	30	3
213	322	30	1
124	323	30	2
129	324	30	1
128	325	30	1
96	327	30	1
99	327	30	2
98	330	30	1
98	331	30	2
95	333	30	2
96	333	30	2
97	333	30	1
96	334	30	2
186	349	30	4
218	359	30	2
220	363	30	1
190	232	31	1
139	239	31	1
174	239	31	1
178	240	31	1
185	240	31	1
240	240	31	1
178	241	31	2
183	241	31	1
188	241	31	1
176	242	31	1
179	242	31	1
175	243	31	2
184	243	31	2
186	243	31	4
188	243	31	1
189	243	31	1
190	244	31	1
173	245	31	2
186	245	31	1
187	245	31	1
188	245	31	2
190	245	31	1
123	256	31	1
124	256	31	1
126	256	31	2
127	256	31	1
129	256	31	4
123	257	31	1
133	258	31	1
129	259	31	4
255	259	31	2
131	260	31	1
256	262	31	2
256	263	31	1
257	263	31	1
127	264	31	1
261	264	31	1
259	265	31	1
261	265	31	2
259	266	31	2
127	267	31	2
258	267	31	3
260	267	31	1
261	267	31	2
125	268	31	1
126	268	31	1
260	268	31	1
127	269	31	1
123	270	31	2
125	270	31	1
132	270	31	1
134	270	31	2
137	271	31	1
164	271	31	3
260	271	31	1
127	272	31	1
142	273	31	4
163	273	31	1
140	274	31	2
162	274	31	1
141	275	31	1
165	275	31	1
166	275	31	1
146	276	31	3
166	277	31	1
168	277	31	1
260	278	31	2
262	279	31	1
259	280	31	2
261	281	31	1
162	282	31	2
261	282	31	1
275	282	31	1
276	282	31	1
165	283	31	1
275	283	31	1
162	284	31	1
164	284	31	1
167	284	31	2
274	284	31	4
275	284	31	1
276	284	31	1
163	285	31	1
165	285	31	2
276	285	31	1
163	287	31	2
167	287	31	1
164	288	31	3
166	288	31	2
168	288	31	1
169	288	31	1
172	292	31	1
174	293	31	1
182	298	31	2
181	301	31	1
193	307	31	1
206	307	31	1
187	308	31	1
188	308	31	1
205	308	31	2
191	309	31	2
192	309	31	2
206	309	31	3
187	310	31	2
197	310	31	1
204	310	31	1
205	310	31	1
245	311	31	1
205	312	31	1
222	312	31	2
225	312	31	1
190	313	31	3
200	315	31	2
211	315	31	1
246	318	31	1
242	321	31	1
236	323	31	1
98	326	31	3
92	327	31	1
96	328	31	1
94	329	31	3
98	329	31	1
132	329	31	2
94	330	31	2
95	330	31	1
93	331	31	4
95	331	31	1
96	331	31	1
94	332	31	2
96	332	31	1
98	332	31	2
96	333	31	2
97	333	31	1
96	334	31	1
97	334	31	2
174	339	31	1
184	347	31	1
186	349	31	1
184	350	31	1
219	363	31	2
114	225	32	1
112	226	32	1
114	226	32	1
180	241	32	3
185	241	32	2
181	242	32	2
183	242	32	1
187	242	32	1
188	242	32	1
176	243	32	3
194	243	32	1
173	244	32	1
176	244	32	3
178	244	32	1
182	244	32	1
189	244	32	4
180	245	32	1
181	245	32	3
186	245	32	1
188	245	32	3
190	245	32	1
193	246	32	2
175	247	32	1
149	251	32	2
250	255	32	1
132	257	32	2
134	257	32	2
147	257	32	2
149	257	32	1
254	257	32	2
132	258	32	2
165	258	32	2
253	258	32	3
133	259	32	3
134	259	32	1
157	259	32	2
168	260	32	1
256	261	32	1
261	263	32	1
126	264	32	3
258	265	32	1
259	265	32	1
261	265	32	1
262	265	32	3
129	267	32	1
259	267	32	1
260	267	32	1
165	268	32	2
124	269	32	2
126	269	32	1
127	269	32	1
129	269	32	1
130	269	32	1
259	269	32	1
262	269	32	2
263	270	32	2
124	271	32	2
125	271	32	3
260	271	32	3
165	272	32	1
166	272	32	1
140	273	32	1
166	273	32	1
167	273	32	1
165	274	32	4
167	274	32	1
141	275	32	1
164	276	32	2
260	277	32	1
262	277	32	3
158	279	32	2
159	279	32	1
261	280	32	1
275	281	32	1
276	281	32	1
262	282	32	3
163	283	32	1
165	283	32	1
161	284	32	1
164	284	32	1
163	285	32	1
162	286	32	1
163	286	32	1
163	287	32	1
167	287	32	3
166	289	32	4
165	295	32	2
177	298	32	1
118	303	32	3
116	304	32	2
114	307	32	1
187	307	32	1
114	308	32	1
194	308	32	1
195	308	32	1
199	308	32	1
205	308	32	1
186	309	32	1
188	309	32	1
210	309	32	1
113	310	32	3
195	310	32	1
196	310	32	1
202	310	32	2
111	311	32	1
190	311	32	1
195	311	32	1
203	311	32	1
210	311	32	1
244	311	32	2
246	311	32	3
112	312	32	2
203	312	32	3
211	312	32	2
247	312	32	1
212	313	32	2
225	313	32	1
197	314	32	3
197	316	32	1
243	316	32	1
243	317	32	1
207	319	32	2
210	319	32	1
211	320	32	1
212	320	32	1
240	320	32	2
246	320	32	2
209	321	32	2
238	323	32	2
97	328	32	1
92	330	32	1
95	330	32	1
94	332	32	1
97	333	32	1
99	333	32	2
96	334	32	1
187	345	32	1
186	347	32	1
188	348	32	2
180	352	32	1
175	359	32	1
177	359	32	1
179	360	32	1
220	363	32	1
115	224	33	1
113	225	33	1
114	227	33	2
112	228	33	1
114	228	33	2
181	244	33	1
188	244	33	1
194	244	33	1
183	245	33	2
184	245	33	3
200	246	33	2
210	246	33	1
134	253	33	2
134	255	33	1
149	255	33	2
131	257	33	1
138	258	33	3
257	258	33	2
129	259	33	4
258	259	33	3
149	260	33	1
255	260	33	2
256	260	33	1
257	260	33	2
258	260	33	1
128	261	33	1
129	261	33	1
158	261	33	1
256	261	33	2
164	262	33	3
128	263	33	1
129	263	33	1
130	263	33	2
132	263	33	3
169	263	33	3
126	264	33	1
130	264	33	1
157	264	33	2
260	264	33	1
266	266	33	1
124	267	33	3
128	267	33	1
263	267	33	2
264	267	33	1
266	267	33	1
125	268	33	1
128	268	33	2
124	269	33	1
128	269	33	3
129	269	33	1
130	269	33	1
263	269	33	1
264	269	33	1
125	270	33	2
263	270	33	2
266	270	33	2
127	271	33	2
261	272	33	1
262	272	33	1
157	273	33	1
262	273	33	1
162	275	33	1
164	275	33	1
158	276	33	1
164	277	33	1
262	279	33	2
261	281	33	2
162	282	33	1
160	283	33	1
161	283	33	3
162	283	33	1
163	283	33	1
165	283	33	1
161	284	33	3
164	284	33	3
165	284	33	1
124	285	33	3
161	286	33	1
162	286	33	3
162	287	33	1
166	287	33	4
125	292	33	1
118	298	33	1
121	300	33	2
118	301	33	1
119	301	33	1
120	301	33	2
121	301	33	2
118	303	33	1
119	303	33	2
194	304	33	2
118	305	33	1
195	306	33	3
115	307	33	2
183	307	33	2
195	307	33	2
197	307	33	1
184	308	33	1
186	308	33	1
198	308	33	3
199	308	33	1
185	309	33	2
186	309	33	2
191	309	33	1
195	309	33	1
197	309	33	1
198	309	33	1
248	309	33	1
191	310	33	1
193	310	33	2
197	310	33	3
208	310	33	1
114	311	33	1
115	311	33	1
186	311	33	1
191	311	33	2
194	311	33	3
197	311	33	2
199	311	33	1
206	311	33	1
192	312	33	1
196	312	33	2
198	312	33	2
199	312	33	1
112	313	33	2
113	313	33	3
111	314	33	1
246	314	33	1
246	316	33	1
119	318	33	1
120	318	33	2
198	318	33	1
243	318	33	1
246	318	33	1
125	319	33	1
203	319	33	1
238	321	33	1
243	322	33	1
126	323	33	1
239	323	33	1
93	327	33	2
98	329	33	1
100	329	33	3
92	330	33	1
196	331	33	2
199	332	33	2
98	333	33	2
193	333	33	2
198	333	33	2
203	333	33	1
204	333	33	1
205	333	33	3
205	334	33	1
215	341	33	2
206	345	33	2
208	346	33	1
183	348	33	1
188	348	33	2
189	348	33	1
210	348	33	1
183	349	33	3
208	349	33	1
180	350	33	1
184	351	33	2
177	352	33	2
179	352	33	2
211	352	33	1
177	353	33	5
178	354	33	2
177	355	33	1
178	360	33	1
115	226	34	1
114	227	34	1
113	228	34	4
115	229	34	3
139	234	34	1
136	237	34	2
137	237	34	1
139	239	34	2
139	242	34	1
138	243	34	1
174	243	34	1
175	245	34	2
199	245	34	1
193	246	34	1
208	247	34	1
134	250	34	2
130	252	34	3
135	252	34	1
134	253	34	1
131	254	34	2
138	254	34	1
131	255	34	1
133	255	34	1
140	255	34	3
133	256	34	1
139	256	34	1
143	256	34	2
133	257	34	1
130	258	34	2
131	258	34	1
136	258	34	2
137	258	34	2
252	258	34	2
147	259	34	1
151	259	34	1
130	260	34	2
131	261	34	1
133	261	34	2
134	261	34	1
156	261	34	2
127	262	34	2
131	262	34	1
159	262	34	1
127	263	34	1
130	263	34	2
261	264	34	1
129	265	34	1
154	265	34	1
265	265	34	2
129	266	34	2
130	266	34	2
130	267	34	1
154	267	34	1
158	267	34	1
266	267	34	2
263	268	34	3
129	269	34	3
157	269	34	2
264	269	34	1
127	270	34	2
154	270	34	1
262	270	34	1
162	271	34	2
166	271	34	1
158	272	34	2
162	272	34	3
163	272	34	2
161	273	34	1
157	274	34	1
261	274	34	3
162	275	34	1
262	276	34	1
165	277	34	1
146	278	34	1
163	278	34	1
263	278	34	1
144	279	34	1
151	279	34	2
158	279	34	1
161	279	34	2
262	279	34	1
158	280	34	2
259	282	34	1
157	283	34	2
162	283	34	1
262	283	34	1
159	284	34	3
124	287	34	3
122	290	34	1
159	290	34	2
120	294	34	1
164	294	34	1
166	294	34	2
120	296	34	1
121	296	34	1
253	296	34	1
121	297	34	1
165	297	34	1
118	298	34	1
122	298	34	3
172	300	34	1
118	301	34	2
119	301	34	1
173	301	34	3
117	302	34	1
118	302	34	2
119	304	34	2
114	305	34	1
116	305	34	1
177	305	34	1
140	306	34	2
183	308	34	4
188	308	34	1
190	308	34	1
191	308	34	1
192	308	34	2
186	309	34	1
187	309	34	3
193	309	34	2
197	309	34	2
248	309	34	1
112	310	34	1
185	310	34	1
190	310	34	3
191	310	34	1
192	310	34	2
197	310	34	3
200	310	34	1
112	311	34	1
113	311	34	3
115	311	34	1
199	311	34	4
110	312	34	1
197	312	34	1
109	313	34	1
198	313	34	1
205	313	34	2
244	316	34	2
124	317	34	1
242	317	34	1
244	317	34	1
241	318	34	4
245	318	34	1
202	320	34	1
243	320	34	2
198	321	34	3
127	322	34	1
131	322	34	3
200	322	34	1
201	322	34	1
234	323	34	1
238	323	34	1
239	323	34	2
236	324	34	1
239	324	34	2
242	324	34	1
94	327	34	2
94	328	34	2
96	328	34	2
98	328	34	2
188	328	34	3
96	329	34	2
100	329	34	1
186	331	34	1
189	331	34	1
98	332	34	2
100	332	34	1
101	332	34	2
195	333	34	1
199	333	34	2
189	334	34	1
191	334	34	1
201	334	34	2
202	334	34	1
193	335	34	2
194	335	34	2
192	336	34	1
192	337	34	1
191	340	34	1
211	340	34	2
213	341	34	1
200	344	34	1
201	344	34	1
205	345	34	1
213	345	34	1
211	346	34	2
191	347	34	2
192	347	34	1
196	347	34	1
198	347	34	1
186	348	34	1
197	348	34	1
207	348	34	1
212	348	34	2
213	348	34	1
215	348	34	1
188	349	34	2
205	349	34	1
208	349	34	1
194	350	34	1
179	352	34	1
181	352	34	1
187	352	34	3
198	352	34	2
204	352	34	1
205	352	34	3
207	352	34	2
213	352	34	2
205	353	34	2
207	353	34	1
206	354	34	1
180	355	34	1
181	355	34	2
177	357	34	2
181	358	34	3
218	362	34	2
113	225	35	1
113	226	35	2
113	227	35	1
112	228	35	3
116	228	35	4
114	229	35	2
117	230	35	1
123	232	35	1
121	234	35	1
129	236	35	1
139	237	35	1
129	238	35	1
138	238	35	1
139	238	35	1
139	239	35	2
138	241	35	2
140	241	35	2
139	243	35	3
172	244	35	3
207	244	35	1
176	245	35	4
210	246	35	1
130	252	35	2
133	252	35	2
133	253	35	2
135	253	35	2
149	253	35	1
137	254	35	2
130	255	35	1
131	255	35	3
135	255	35	2
138	255	35	3
134	256	35	2
129	257	35	1
134	257	35	1
136	257	35	1
137	257	35	1
138	257	35	2
138	258	35	1
136	259	35	1
255	259	35	2
258	259	35	4
131	261	35	2
132	261	35	2
140	261	35	2
256	261	35	1
126	262	35	2
160	262	35	2
128	263	35	2
131	263	35	2
156	263	35	2
128	264	35	2
130	264	35	2
146	264	35	1
157	264	35	1
265	264	35	3
157	265	35	1
262	265	35	1
264	265	35	1
126	266	35	1
263	266	35	1
266	266	35	1
127	267	35	1
153	267	35	1
263	267	35	1
130	268	35	1
130	269	35	1
135	271	35	1
156	271	35	2
264	271	35	1
141	272	35	1
160	272	35	1
163	272	35	1
255	272	35	1
142	273	35	3
143	273	35	2
159	273	35	2
164	273	35	2
146	274	35	2
159	274	35	2
161	274	35	1
166	274	35	1
258	274	35	4
160	275	35	1
161	275	35	1
163	276	35	2
166	276	35	1
260	276	35	1
145	277	35	2
261	277	35	1
149	278	35	1
161	278	35	2
162	278	35	2
159	279	35	1
161	279	35	1
163	279	35	1
260	279	35	2
125	280	35	2
125	282	35	2
158	282	35	2
259	282	35	3
261	282	35	1
126	283	35	1
161	283	35	3
162	283	35	2
159	284	35	2
123	285	35	2
146	285	35	1
125	286	35	3
123	287	35	2
124	290	35	3
252	292	35	2
121	294	35	1
160	294	35	2
162	294	35	1
120	295	35	1
124	295	35	2
255	295	35	1
122	297	35	1
122	298	35	2
121	299	35	1
171	299	35	2
247	299	35	1
118	300	35	1
120	300	35	2
169	300	35	1
174	300	35	2
118	302	35	2
118	304	35	1
119	304	35	2
174	304	35	5
175	304	35	2
176	304	35	2
119	305	35	1
121	305	35	1
117	306	35	1
120	306	35	2
114	307	35	1
116	307	35	1
120	307	35	2
176	307	35	1
182	307	35	1
114	308	35	2
115	308	35	2
181	308	35	1
186	308	35	1
114	309	35	1
133	309	35	2
136	309	35	1
188	309	35	1
193	309	35	1
116	310	35	2
190	310	35	1
114	311	35	2
190	311	35	1
191	311	35	1
192	311	35	2
196	311	35	2
197	311	35	2
198	311	35	1
250	311	35	1
114	312	35	2
199	312	35	3
111	313	35	2
114	313	35	3
246	313	35	5
110	314	35	2
112	314	35	3
245	314	35	1
113	315	35	2
108	316	35	1
110	317	35	1
121	317	35	2
126	317	35	2
122	319	35	4
202	319	35	2
124	320	35	2
241	320	35	1
132	321	35	1
133	321	35	1
201	321	35	1
240	321	35	1
242	321	35	2
236	324	35	3
98	325	35	2
132	325	35	2
134	325	35	2
234	325	35	1
236	325	35	2
239	325	35	1
242	325	35	3
236	326	35	1
95	327	35	1
95	329	35	2
200	331	35	2
183	333	35	1
198	333	35	1
192	334	35	1
196	335	35	1
188	336	35	1
189	336	35	2
191	336	35	1
194	336	35	1
195	336	35	1
192	337	35	1
213	339	35	1
214	339	35	2
216	339	35	1
189	341	35	1
212	341	35	2
212	342	35	1
211	346	35	2
186	348	35	1
190	348	35	1
195	348	35	2
192	349	35	1
193	349	35	2
213	349	35	2
188	351	35	1
193	351	35	1
208	351	35	1
210	351	35	4
211	351	35	1
180	352	35	1
191	352	35	1
207	352	35	2
208	352	35	2
209	352	35	1
211	352	35	1
194	353	35	1
199	353	35	3
207	353	35	1
210	353	35	3
212	353	35	1
178	354	35	1
182	354	35	1
205	354	35	1
209	354	35	1
178	355	35	1
181	355	35	3
204	355	35	2
205	355	35	3
172	356	35	3
179	356	35	1
204	356	35	2
176	357	35	2
179	357	35	2
113	227	36	1
122	231	36	1
119	234	36	1
125	235	36	1
136	235	36	1
136	236	36	3
138	239	36	2
139	239	36	1
165	239	36	2
136	240	36	1
141	240	36	2
169	241	36	1
140	242	36	1
170	242	36	1
173	244	36	1
171	245	36	1
133	251	36	1
136	253	36	1
135	254	36	1
137	254	36	1
138	254	36	1
141	254	36	2
144	254	36	1
132	255	36	2
136	255	36	2
140	255	36	1
144	255	36	1
130	256	36	3
129	257	36	2
135	257	36	4
130	258	36	1
131	258	36	1
132	258	36	1
256	258	36	2
259	258	36	1
134	259	36	1
252	259	36	1
127	261	36	2
134	261	36	2
128	263	36	2
129	263	36	1
262	263	36	1
126	264	36	1
130	264	36	2
155	264	36	1
263	264	36	2
129	265	36	1
155	265	36	3
262	265	36	1
265	265	36	1
153	266	36	2
154	266	36	2
146	267	36	1
127	268	36	2
160	269	36	1
129	270	36	1
157	270	36	2
143	273	36	2
160	273	36	1
260	273	36	1
146	274	36	2
159	274	36	1
138	275	36	1
139	275	36	1
162	275	36	1
166	275	36	1
162	276	36	1
158	277	36	2
163	277	36	2
259	280	36	2
262	281	36	2
125	283	36	2
127	283	36	1
258	283	36	1
124	285	36	2
126	285	36	1
123	286	36	1
124	286	36	1
127	286	36	2
159	286	36	3
160	286	36	3
124	288	36	1
124	290	36	3
147	290	36	1
159	292	36	2
124	295	36	2
172	298	36	1
166	299	36	1
171	299	36	2
167	300	36	3
174	300	36	4
175	300	36	1
174	301	36	1
117	302	36	1
176	302	36	1
177	302	36	2
175	303	36	2
179	303	36	1
182	303	36	1
114	304	36	1
115	304	36	1
249	305	36	1
115	306	36	2
116	306	36	3
121	306	36	1
112	308	36	1
113	308	36	1
117	308	36	1
183	308	36	1
185	308	36	1
187	308	36	1
188	308	36	1
113	309	36	1
115	309	36	1
186	309	36	1
189	309	36	3
114	310	36	2
115	310	36	1
184	310	36	2
185	310	36	1
189	310	36	3
190	310	36	2
110	311	36	3
191	311	36	2
196	311	36	1
249	311	36	1
191	312	36	1
109	313	36	1
108	315	36	2
112	315	36	2
122	315	36	1
126	316	36	1
114	319	36	2
228	320	36	1
137	321	36	1
240	321	36	1
129	322	36	3
130	322	36	2
196	324	36	1
236	324	36	1
240	324	36	3
237	325	36	1
126	326	36	1
233	326	36	2
94	327	36	2
96	327	36	1
98	327	36	1
233	327	36	1
97	328	36	1
127	328	36	1
183	332	36	1
184	332	36	2
185	333	36	1
186	333	36	1
186	334	36	1
186	335	36	1
201	335	36	1
204	336	36	2
194	337	36	1
198	337	36	3
199	337	36	2
150	338	36	2
211	339	36	1
209	340	36	5
213	340	36	3
212	341	36	1
200	344	36	2
189	346	36	1
197	348	36	3
214	348	36	1
209	349	36	2
217	349	36	1
184	350	36	1
188	350	36	1
214	351	36	2
212	352	36	1
185	353	36	1
207	353	36	1
211	353	36	1
182	354	36	1
185	354	36	3
208	355	36	1
210	355	36	2
179	356	36	1
181	356	36	1
182	356	36	1
183	356	36	1
176	357	36	2
177	357	36	3
179	357	36	2
207	357	36	1
177	359	36	4
126	226	37	1
116	228	37	1
119	228	37	2
175	229	37	1
124	230	37	1
125	230	37	1
124	232	37	1
172	232	37	1
128	233	37	1
129	233	37	1
124	234	37	1
125	234	37	1
126	234	37	1
130	234	37	1
119	235	37	1
127	235	37	2
134	235	37	2
129	236	37	1
134	236	37	1
135	239	37	1
143	239	37	1
167	239	37	3
166	240	37	1
167	240	37	1
137	241	37	1
173	241	37	1
136	242	37	1
143	242	37	1
165	242	37	2
137	243	37	1
138	243	37	1
141	243	37	1
144	243	37	1
126	244	37	2
169	244	37	4
170	244	37	1
171	244	37	1
172	244	37	1
175	245	37	2
174	247	37	2
136	249	37	1
137	252	37	1
133	253	37	2
140	253	37	2
144	253	37	1
145	253	37	1
148	253	37	1
132	254	37	1
133	254	37	1
144	254	37	1
141	255	37	3
131	256	37	1
132	256	37	1
145	256	37	1
132	257	37	2
129	258	37	1
208	258	37	1
133	260	37	2
134	260	37	1
209	260	37	2
244	260	37	1
129	261	37	1
133	261	37	1
129	262	37	2
133	262	37	3
159	262	37	2
261	262	37	2
128	263	37	2
131	263	37	1
133	263	37	2
145	263	37	1
148	263	37	2
154	263	37	1
156	263	37	2
142	264	37	2
143	264	37	1
144	264	37	2
155	265	37	1
262	265	37	3
147	266	37	2
154	268	37	1
145	269	37	1
158	271	37	2
146	272	37	1
162	272	37	1
249	272	37	1
251	272	37	1
254	272	37	1
132	274	37	2
143	274	37	1
160	274	37	2
164	274	37	1
165	274	37	2
145	275	37	1
163	275	37	2
136	276	37	3
162	276	37	1
142	278	37	2
126	279	37	1
162	279	37	1
127	281	37	1
129	281	37	1
161	281	37	1
161	282	37	1
128	283	37	2
161	283	37	1
124	284	37	2
127	284	37	1
161	284	37	3
125	285	37	2
126	286	37	1
146	286	37	2
160	286	37	1
126	288	37	1
152	288	37	1
153	288	37	1
155	288	37	1
126	289	37	3
160	292	37	3
256	292	37	3
262	292	37	2
121	293	37	1
159	293	37	1
259	293	37	1
260	293	37	1
254	294	37	2
259	295	37	1
168	299	37	1
174	299	37	1
175	299	37	3
173	300	37	1
175	300	37	1
173	301	37	4
175	301	37	2
176	301	37	4
177	301	37	1
172	302	37	1
176	302	37	2
250	302	37	1
174	303	37	3
176	303	37	3
181	303	37	1
114	304	37	2
115	304	37	1
117	304	37	1
121	304	37	2
113	306	37	3
116	306	37	1
116	308	37	1
183	308	37	2
181	309	37	3
252	309	37	2
114	310	37	2
132	311	37	1
189	311	37	4
195	311	37	1
194	312	37	1
112	313	37	1
196	313	37	4
111	314	37	1
121	314	37	1
196	314	37	2
148	315	37	2
150	315	37	3
152	316	37	1
256	316	37	4
117	317	37	1
121	317	37	2
135	317	37	2
153	317	37	2
119	318	37	1
153	318	37	1
115	319	37	2
131	320	37	1
138	320	37	1
143	321	37	3
137	322	37	1
139	322	37	2
240	323	37	1
238	324	37	1
239	324	37	2
242	324	37	1
134	325	37	2
241	326	37	1
188	327	37	2
221	331	37	1
180	332	37	2
181	332	37	2
185	332	37	1
185	333	37	2
148	335	37	1
211	337	37	2
214	337	37	2
213	341	37	2
210	342	37	2
197	343	37	1
192	344	37	1
200	344	37	2
208	344	37	1
203	346	37	3
213	347	37	1
209	348	37	1
212	348	37	2
186	349	37	3
212	349	37	3
211	350	37	2
214	350	37	2
186	352	37	1
211	352	37	2
215	352	37	1
186	353	37	2
209	353	37	1
182	354	37	1
183	354	37	3
205	354	37	5
206	355	37	2
212	355	37	1
207	356	37	2
208	356	37	3
205	357	37	2
206	357	37	1
208	357	37	1
180	358	37	1
206	358	37	2
113	219	38	1
113	220	38	4
125	223	38	2
123	225	38	1
126	225	38	1
126	227	38	1
126	230	38	1
122	231	38	4
137	231	38	1
140	231	38	4
173	232	38	2
127	233	38	1
129	233	38	2
136	233	38	2
169	233	38	1
130	234	38	1
134	234	38	1
117	235	38	3
137	235	38	2
197	235	38	2
119	236	38	1
134	236	38	2
138	236	38	2
166	237	38	1
136	238	38	2
141	238	38	2
143	238	38	3
144	238	38	2
197	238	38	1
126	239	38	1
144	239	38	1
166	239	38	3
167	239	38	1
168	239	38	2
163	240	38	2
164	240	38	2
169	240	38	1
197	240	38	1
128	241	38	1
138	241	38	1
143	241	38	1
199	241	38	1
126	242	38	1
167	242	38	3
171	242	38	3
127	243	38	1
136	243	38	1
138	243	38	1
143	243	38	1
168	243	38	1
174	243	38	1
123	244	38	1
135	244	38	1
140	244	38	1
141	244	38	1
172	244	38	1
173	244	38	4
124	245	38	1
125	245	38	1
167	245	38	2
168	245	38	1
169	245	38	1
171	245	38	1
175	245	38	2
123	246	38	1
169	246	38	1
170	246	38	3
173	246	38	1
174	246	38	3
168	247	38	2
140	248	38	2
140	249	38	1
137	250	38	2
131	252	38	1
137	252	38	2
152	252	38	2
170	252	38	3
132	253	38	1
134	253	38	1
135	253	38	1
139	253	38	1
151	253	38	4
152	253	38	1
135	254	38	1
141	254	38	2
143	254	38	1
152	254	38	1
132	255	38	1
134	255	38	1
136	255	38	1
143	255	38	2
144	255	38	1
151	255	38	1
169	255	38	1
132	256	38	1
151	256	38	1
135	258	38	2
207	258	38	3
250	258	38	2
148	259	38	1
206	259	38	1
207	259	38	1
252	259	38	1
130	260	38	2
134	260	38	3
144	260	38	3
168	260	38	3
130	261	38	1
131	261	38	1
139	261	38	1
146	261	38	3
170	261	38	2
137	262	38	3
142	262	38	2
149	262	38	1
128	263	38	3
144	263	38	2
150	263	38	1
154	263	38	2
167	263	38	3
263	263	38	1
129	264	38	1
130	264	38	1
131	264	38	2
153	264	38	2
163	264	38	2
166	264	38	1
143	265	38	1
146	265	38	3
156	265	38	1
165	265	38	4
143	267	38	2
143	268	38	1
146	268	38	1
137	271	38	2
140	271	38	1
141	271	38	1
247	271	38	1
132	272	38	1
140	272	38	1
142	272	38	1
145	272	38	1
147	272	38	1
253	272	38	2
144	273	38	2
145	273	38	1
134	274	38	2
138	274	38	3
143	274	38	2
250	274	38	4
251	274	38	1
252	274	38	1
129	276	38	1
134	276	38	2
256	276	38	2
131	277	38	1
143	277	38	1
152	277	38	1
161	277	38	2
164	277	38	1
160	278	38	4
164	278	38	3
128	280	38	4
134	280	38	1
164	280	38	1
128	281	38	3
137	281	38	1
139	281	38	1
141	281	38	2
127	282	38	1
129	282	38	1
135	282	38	2
135	283	38	1
125	284	38	4
126	284	38	1
136	284	38	1
140	284	38	2
159	284	38	3
125	285	38	1
127	285	38	1
129	285	38	2
149	285	38	3
153	286	38	1
126	288	38	1
155	288	38	2
156	288	38	1
156	289	38	1
157	290	38	3
257	291	38	1
154	292	38	1
156	292	38	1
253	293	38	1
155	294	38	2
255	294	38	2
258	294	38	2
120	295	38	1
155	295	38	3
156	295	38	1
254	295	38	2
259	295	38	5
157	296	38	1
260	296	38	1
121	297	38	2
172	298	38	2
121	300	38	1
170	300	38	2
173	300	38	3
177	300	38	2
179	300	38	1
172	302	38	2
175	302	38	1
178	302	38	1
125	303	38	1
126	303	38	1
125	304	38	1
174	304	38	1
176	304	38	2
177	304	38	2
182	304	38	1
261	304	38	1
259	305	38	2
180	306	38	2
116	308	38	2
254	309	38	1
259	310	38	1
122	314	38	2
119	315	38	1
122	315	38	3
137	315	38	1
148	315	38	1
116	316	38	1
145	316	38	1
152	316	38	2
116	318	38	2
120	318	38	3
143	318	38	1
136	319	38	1
142	319	38	1
113	320	38	1
138	320	38	1
140	320	38	2
113	321	38	2
143	322	38	3
144	322	38	1
126	323	38	3
137	323	38	1
140	323	38	1
239	324	38	3
242	324	38	1
133	325	38	1
235	325	38	1
237	325	38	4
242	325	38	1
242	326	38	1
157	329	38	2
237	329	38	2
219	331	38	1
152	332	38	1
155	332	38	2
177	333	38	2
181	333	38	2
185	333	38	1
188	333	38	1
155	334	38	2
179	334	38	1
148	335	38	1
181	335	38	1
210	339	38	2
211	339	38	4
215	339	38	2
209	340	38	3
214	340	38	3
211	341	38	1
191	343	38	1
199	344	38	1
197	345	38	2
212	345	38	1
188	346	38	1
189	346	38	1
247	346	38	1
189	347	38	1
211	347	38	1
214	347	38	3
248	347	38	2
187	348	38	1
247	348	38	1
211	349	38	1
210	351	38	2
211	352	38	1
212	354	38	2
176	355	38	2
182	355	38	2
208	355	38	1
211	355	38	1
176	356	38	1
177	356	38	2
207	356	38	3
208	356	38	1
178	357	38	1
171	358	38	1
206	358	38	2
207	358	38	1
208	358	38	2
204	359	38	1
192	361	38	2
195	361	38	3
201	361	38	1
207	361	38	1
191	362	38	1
193	364	38	1
115	218	39	4
114	219	39	1
112	220	39	1
113	220	39	1
111	221	39	1
119	223	39	1
124	223	39	1
125	223	39	1
120	224	39	1
126	226	39	4
136	226	39	2
124	227	39	1
134	228	39	1
175	228	39	1
136	229	39	1
144	229	39	1
123	230	39	1
138	230	39	2
121	231	39	2
174	232	39	1
128	233	39	1
140	233	39	2
194	233	39	2
198	233	39	2
199	233	39	1
130	234	39	2
137	234	39	4
195	234	39	2
119	235	39	1
137	235	39	1
140	235	39	1
154	235	39	1
168	235	39	1
142	236	39	1
167	236	39	3
195	236	39	1
198	236	39	2
199	236	39	1
118	237	39	2
136	237	39	2
137	237	39	1
138	237	39	2
139	237	39	1
161	237	39	2
168	237	39	1
198	237	39	2
199	237	39	1
200	237	39	1
138	238	39	1
140	238	39	2
142	238	39	1
167	238	39	2
201	238	39	2
161	239	39	1
164	239	39	1
127	240	39	2
135	240	39	1
139	240	39	1
144	240	39	2
163	240	39	1
197	240	39	1
125	241	39	2
128	241	39	2
133	241	39	2
145	241	39	2
169	241	39	2
168	242	39	2
171	242	39	1
125	243	39	5
128	243	39	1
131	243	39	2
133	243	39	1
166	243	39	1
171	243	39	2
174	243	39	1
124	244	39	3
125	244	39	1
126	244	39	2
139	244	39	2
140	244	39	1
141	244	39	3
142	244	39	2
167	244	39	2
176	244	39	1
139	245	39	2
167	245	39	1
168	245	39	1
175	245	39	3
177	245	39	1
141	246	39	1
172	246	39	2
173	246	39	1
174	247	39	1
178	247	39	1
123	248	39	2
129	248	39	1
133	249	39	1
134	249	39	1
135	249	39	1
136	249	39	1
122	250	39	2
140	250	39	3
136	251	39	1
123	252	39	1
136	252	39	1
143	252	39	2
237	252	39	1
126	253	39	1
132	253	39	1
136	253	39	1
141	253	39	2
169	253	39	1
235	253	39	2
247	253	39	3
124	254	39	1
132	254	39	4
134	254	39	1
140	254	39	1
144	254	39	2
153	254	39	1
168	254	39	1
236	254	39	1
141	255	39	1
152	255	39	1
153	255	39	1
155	255	39	2
156	256	39	1
133	257	39	1
138	257	39	1
141	257	39	1
254	257	39	1
147	258	39	1
151	258	39	2
154	258	39	2
168	258	39	1
134	259	39	2
137	259	39	2
138	259	39	1
144	259	39	1
149	259	39	1
170	259	39	2
251	259	39	2
252	259	39	1
255	259	39	1
130	260	39	1
133	260	39	1
138	260	39	1
145	260	39	2
149	260	39	1
159	260	39	3
168	260	39	1
255	260	39	1
256	260	39	2
141	261	39	2
142	261	39	3
151	261	39	3
166	261	39	1
252	261	39	2
254	261	39	1
131	262	39	1
143	262	39	2
146	262	39	1
148	262	39	1
156	262	39	1
250	262	39	1
262	262	39	1
129	263	39	1
132	263	39	1
146	263	39	1
150	263	39	2
152	263	39	2
153	263	39	2
154	263	39	1
167	263	39	2
168	263	39	2
263	263	39	2
131	264	39	1
142	264	39	2
144	264	39	2
145	264	39	2
151	264	39	1
153	264	39	2
155	264	39	1
165	264	39	1
263	264	39	1
129	265	39	4
146	265	39	1
147	265	39	1
153	265	39	1
155	265	39	2
167	265	39	1
258	265	39	1
145	266	39	1
147	266	39	1
163	266	39	2
165	266	39	1
261	266	39	1
131	268	39	2
147	268	39	2
167	268	39	5
259	268	39	1
132	269	39	2
144	269	39	2
151	269	39	1
132	270	39	1
142	270	39	2
145	270	39	1
146	270	39	2
154	270	39	1
167	270	39	2
244	270	39	2
141	271	39	1
144	271	39	2
247	271	39	1
143	272	39	3
147	272	39	1
227	272	39	1
142	273	39	1
151	273	39	2
139	274	39	1
141	274	39	1
143	274	39	1
148	274	39	2
254	274	39	1
130	275	39	2
131	275	39	1
135	275	39	1
136	275	39	4
141	275	39	3
144	275	39	1
146	275	39	5
132	276	39	3
145	276	39	1
148	276	39	1
164	276	39	3
233	276	39	2
133	277	39	1
140	277	39	3
143	277	39	2
144	277	39	1
147	277	39	4
149	277	39	1
129	278	39	1
138	278	39	2
144	278	39	1
147	278	39	1
164	278	39	1
130	279	39	1
136	279	39	4
141	279	39	2
142	279	39	1
143	279	39	1
145	279	39	1
147	279	39	2
149	279	39	2
152	279	39	1
154	279	39	1
135	280	39	1
137	280	39	2
142	280	39	1
162	280	39	2
141	281	39	1
151	281	39	2
127	282	39	1
128	282	39	2
133	282	39	1
138	282	39	1
160	282	39	2
125	283	39	2
127	283	39	1
130	283	39	1
133	283	39	4
136	283	39	2
142	283	39	2
133	284	39	3
138	284	39	3
134	285	39	1
137	285	39	1
139	285	39	1
141	285	39	1
169	285	39	2
172	286	39	1
132	287	39	2
134	287	39	1
154	287	39	1
134	288	39	1
135	289	39	1
158	290	39	1
257	290	39	2
154	291	39	3
252	292	39	3
253	293	39	1
159	294	39	2
170	294	39	1
159	295	39	1
170	295	39	2
249	295	39	1
131	296	39	2
121	297	39	1
133	297	39	1
166	297	39	2
247	297	39	1
248	297	39	1
123	298	39	1
134	298	39	4
165	298	39	2
171	298	39	1
253	298	39	1
123	299	39	1
167	299	39	1
171	299	39	1
174	299	39	1
168	300	39	3
176	300	39	2
261	300	39	2
120	301	39	1
121	301	39	2
172	301	39	1
176	301	39	2
177	301	39	1
131	302	39	1
172	302	39	4
173	302	39	1
175	302	39	2
178	302	39	1
180	302	39	1
124	303	39	1
177	303	39	3
178	303	39	1
126	304	39	1
172	304	39	1
177	304	39	2
178	304	39	1
180	304	39	3
259	304	39	1
174	305	39	3
176	305	39	1
177	305	39	1
259	305	39	1
260	305	39	2
126	306	39	1
179	306	39	1
115	307	39	1
260	310	39	4
124	311	39	1
138	314	39	1
145	314	39	1
147	314	39	1
120	316	39	2
149	316	39	2
135	317	39	3
147	317	39	2
148	317	39	1
116	318	39	1
117	318	39	1
137	318	39	1
139	318	39	2
141	318	39	4
144	318	39	1
150	318	39	2
136	319	39	1
150	319	39	1
117	320	39	1
139	320	39	1
144	320	39	1
181	320	39	1
149	321	39	1
180	321	39	2
177	322	39	2
179	322	39	1
241	324	39	1
240	328	39	1
241	328	39	1
242	328	39	2
238	329	39	1
152	330	39	2
153	330	39	1
189	330	39	1
220	330	39	2
149	331	39	1
153	331	39	1
181	331	39	3
186	331	39	1
221	331	39	2
153	332	39	1
179	332	39	2
187	332	39	1
219	332	39	2
221	332	39	2
154	333	39	1
161	333	39	1
178	333	39	2
183	333	39	1
193	333	39	1
160	334	39	2
183	334	39	2
156	335	39	1
195	335	39	1
153	336	39	1
156	336	39	1
157	337	39	2
195	337	39	2
212	337	39	1
152	338	39	1
155	338	39	3
213	338	39	2
217	338	39	1
215	340	39	1
211	341	39	1
201	342	39	2
207	343	39	3
208	343	39	1
209	344	39	1
211	344	39	1
191	345	39	2
192	345	39	1
202	345	39	1
191	346	39	2
208	346	39	2
209	346	39	3
247	346	39	2
248	346	39	1
190	347	39	1
191	347	39	1
211	347	39	2
247	347	39	1
191	348	39	1
211	348	39	1
213	348	39	1
190	349	39	2
208	349	39	1
209	349	39	2
237	351	39	1
213	352	39	2
215	353	39	1
211	354	39	3
214	354	39	1
177	355	39	1
214	355	39	1
176	357	39	4
177	357	39	1
205	357	39	2
192	359	39	2
192	361	39	3
195	361	39	2
192	362	39	1
201	362	39	2
205	362	39	1
191	363	39	2
195	363	39	1
192	364	39	2
114	218	40	3
113	219	40	1
112	220	40	2
113	220	40	1
111	221	40	1
136	226	40	1
138	227	40	2
137	229	40	2
138	229	40	2
141	229	40	2
142	229	40	3
150	229	40	1
137	230	40	1
138	230	40	2
137	231	40	1
199	231	40	2
203	231	40	2
136	232	40	1
203	232	40	3
196	233	40	2
198	233	40	1
118	234	40	3
141	234	40	1
118	235	40	3
142	235	40	4
144	235	40	1
199	235	40	1
203	235	40	1
115	236	40	2
146	236	40	1
168	236	40	1
202	236	40	3
136	237	40	2
140	237	40	1
163	237	40	1
197	237	40	2
198	237	40	2
203	237	40	2
142	238	40	1
160	238	40	1
162	238	40	1
166	238	40	2
195	238	40	1
203	238	40	2
136	239	40	1
139	239	40	1
126	240	40	2
136	240	40	5
143	240	40	1
162	240	40	1
136	241	40	1
161	241	40	1
162	241	40	4
164	241	40	1
168	241	40	1
125	242	40	2
126	242	40	2
133	242	40	2
134	242	40	1
143	242	40	1
168	242	40	1
170	242	40	1
127	243	40	2
128	243	40	1
141	243	40	1
165	243	40	1
176	243	40	2
124	244	40	2
132	244	40	1
176	244	40	1
125	245	40	1
126	245	40	2
127	245	40	1
128	245	40	1
170	245	40	1
173	245	40	1
125	246	40	1
126	246	40	2
139	246	40	1
178	246	40	3
171	247	40	2
174	247	40	2
121	248	40	3
124	248	40	1
125	248	40	1
137	248	40	1
174	248	40	1
125	249	40	1
133	250	40	1
139	250	40	2
230	251	40	1
134	252	40	1
136	252	40	1
139	252	40	2
231	252	40	1
240	252	40	2
132	253	40	1
139	253	40	2
223	253	40	1
235	253	40	2
139	254	40	2
154	254	40	1
134	255	40	1
137	255	40	1
138	255	40	1
127	256	40	1
137	256	40	1
152	256	40	1
212	256	40	1
134	257	40	1
136	257	40	1
139	257	40	2
146	257	40	1
147	257	40	1
154	257	40	1
156	257	40	1
142	258	40	1
149	258	40	1
151	258	40	3
174	258	40	1
136	259	40	2
147	259	40	2
156	259	40	2
160	259	40	2
176	259	40	2
204	259	40	3
142	260	40	1
144	260	40	1
147	260	40	1
148	260	40	1
149	260	40	3
157	260	40	1
164	260	40	1
172	260	40	1
140	261	40	1
149	261	40	1
151	261	40	1
210	261	40	2
249	261	40	1
250	261	40	3
252	261	40	2
257	261	40	1
130	262	40	2
139	262	40	1
140	262	40	1
146	262	40	2
159	262	40	3
167	262	40	1
168	262	40	1
248	262	40	2
249	262	40	1
140	263	40	3
142	263	40	1
143	263	40	1
153	263	40	1
166	263	40	2
234	263	40	2
130	264	40	1
157	264	40	1
158	264	40	1
168	264	40	1
144	265	40	1
151	265	40	3
155	265	40	1
159	265	40	2
222	265	40	1
146	266	40	1
150	266	40	2
151	266	40	3
153	266	40	3
154	266	40	3
157	266	40	1
158	266	40	1
219	266	40	2
256	266	40	3
147	268	40	1
150	268	40	1
246	268	40	2
152	269	40	2
153	269	40	1
165	269	40	1
167	269	40	2
244	269	40	1
250	269	40	2
252	269	40	1
132	270	40	1
134	270	40	1
135	270	40	1
136	270	40	1
137	270	40	2
144	270	40	1
145	270	40	2
146	270	40	1
147	270	40	4
164	270	40	1
251	270	40	2
137	271	40	3
146	271	40	1
148	271	40	1
150	271	40	1
135	272	40	1
143	272	40	1
147	272	40	1
223	272	40	2
231	272	40	1
247	272	40	2
248	272	40	1
131	273	40	1
156	273	40	2
164	273	40	2
166	273	40	1
167	273	40	1
143	274	40	1
144	274	40	2
145	274	40	1
148	274	40	1
154	274	40	1
247	274	40	1
132	275	40	2
137	275	40	1
138	275	40	2
139	275	40	1
141	275	40	1
147	275	40	4
150	275	40	1
129	276	40	1
130	276	40	2
131	276	40	2
133	276	40	3
136	276	40	1
137	276	40	1
142	276	40	1
144	276	40	2
154	276	40	2
163	276	40	2
130	277	40	2
129	278	40	3
134	278	40	2
138	278	40	1
141	278	40	2
142	278	40	1
145	278	40	3
147.5	278	40.5	2
151	278	40	1
157	278	40	1
163	278	40	1
164	278	40	1
131	279	40	1
141	279	40	1
149	279	40	1
134	280	40	1
138	280	40	2
139	280	40	1
140	280	40	2
142	280	40	2
162	280	40	2
135	281	40	2
142	281	40	2
142	282	40	4
133	283	40	1
139	283	40	1
157	283	40	1
140	284	40	4
142	284	40	1
158	284	40	1
135	285	40	1
133	286	40	1
139	286	40	2
158	286	40	3
133	287	40	1
137	287	40	1
134	288	40	1
250	289	40	1
135	291	40	2
139	291	40	2
133	292	40	1
156	292	40	2
133	293	40	1
140	293	40	2
254	294	40	2
121	295	40	1
126	295	40	1
252	295	40	3
130	296	40	3
131	296	40	4
134	296	40	3
160	296	40	1
133	297	40	1
149	297	40	1
172	297	40	1
257	297	40	1
134	298	40	1
136	298	40	1
162	298	40	2
260	298	40	2
169	299	40	1
123	300	40	3
249	300	40	2
133	301	40	3
140	301	40	1
142	301	40	2
168	301	40	1
169	301	40	3
172	301	40	2
143	302	40	1
171	302	40	1
261	302	40	1
128	303	40	1
129	303	40	1
133	303	40	2
139	303	40	1
175	303	40	2
182	303	40	1
259	303	40	1
130	304	40	1
132	304	40	2
139	304	40	2
144	304	40	2
180	304	40	2
125	305	40	3
126	305	40	2
127	305	40	2
140	305	40	2
181	306	40	2
182	307	40	1
183	307	40	1
124	308	40	1
139	308	40	3
124	309	40	3
126	310	40	1
123	312	40	2
118	315	40	2
119	315	40	1
141	315	40	1
148	315	40	2
150	315	40	2
115	316	40	1
116	316	40	2
119	316	40	1
145	316	40	1
116	318	40	1
117	318	40	2
138	318	40	2
148	318	40	5
117	319	40	1
177	323	40	2
174	326	40	1
176	326	40	3
249	326	40	1
241	327	40	1
242	327	40	1
151	328	40	1
239	328	40	1
242	328	40	1
240	329	40	1
244	329	40	2
175	330	40	2
178	330	40	2
186	330	40	3
189	330	40	1
243	330	40	1
148	331	40	3
154	331	40	2
189	331	40	2
221	331	40	1
241	331	40	1
156	332	40	1
157	332	40	3
174	332	40	2
177	332	40	1
180	332	40	1
183	332	40	1
188	332	40	2
192	332	40	2
217	332	40	2
221	332	40	1
154	333	40	5
158	333	40	1
176	333	40	1
184	333	40	1
219	333	40	1
154	334	40	1
151	335	40	2
156	335	40	2
186	335	40	1
219	335	40	1
247	335	40	2
150	336	40	1
153	336	40	3
153	338	40	1
156	339	40	1
223	339	40	1
212	340	40	2
213	340	40	1
216	341	40	1
211	342	40	1
215	342	40	2
222	342	40	1
196	343	40	1
197	343	40	1
208	343	40	1
195	344	40	1
204	345	40	1
209	345	40	1
211	345	40	2
202	346	40	2
203	347	40	1
211	347	40	2
193	349	40	1
195	349	40	1
210	349	40	1
235	350	40	2
215	351	40	1
211	352	40	1
212	352	40	2
214	353	40	4
209	355	40	1
173	356	40	2
177	356	40	3
174	357	40	3
207	357	40	2
208	357	40	2
171	358	40	1
172	358	40	1
173	358	40	2
204	359	40	3
207	359	40	2
206	361	40	1
112	220	41	2
111	221	41	1
111	222	41	1
121	222	41	1
144	225	41	2
141	226	41	2
135	227	41	2
137	227	41	3
140	227	41	1
134	229	41	1
136	229	41	1
137	229	41	1
136	230	41	3
141	231	41	2
143	232	41	3
136	233	41	3
141	233	41	2
142	233	41	1
140	234	41	1
142	234	41	2
199	234	41	1
201	235	41	1
138	236	41	3
142	236	41	3
161	236	41	1
170	236	41	1
201	236	41	1
141	237	41	2
142	237	41	1
160	237	41	1
164	237	41	1
138	238	41	1
141	238	41	1
164	238	41	1
166	238	41	2
167	238	41	2
144	239	41	1
200	239	41	1
139	240	41	3
162	240	41	3
129	241	41	2
164	241	41	1
167	241	41	2
128	242	41	2
132	242	41	2
135	242	41	1
170	242	41	1
140	243	41	1
164	243	41	1
169	243	41	2
124	244	41	1
127	244	41	4
165	244	41	1
168	244	41	1
176	244	41	1
177	245	41	1
126	246	41	1
128	246	41	2
166	246	41	1
179	247	41	1
181	247	41	1
173	248	41	2
130	249	41	1
123	252	41	1
141	252	41	1
143	252	41	1
175	252	41	1
229	252	41	3
119	253	41	1
121	253	41	2
228	253	41	1
141	254	41	1
144	254	41	2
119	255	41	1
152	255	41	4
120	256	41	1
140	256	41	1
141	256	41	2
143	256	41	1
141	257	41	3
143	257	41	2
174	257	41	1
177	257	41	1
210	257	41	1
214	257	41	1
254	257	41	1
153	258	41	1
154	258	41	1
155	258	41	1
172	258	41	1
177	258	41	2
211	258	41	1
215	258	41	1
140	259	41	1
146	259	41	1
148	259	41	2
176	259	41	2
205	259	41	1
212	259	41	1
140	260	41	1
148	260	41	1
150	260	41	3
154	260	41	3
158	260	41	1
170	260	41	3
210	260	41	3
250	260	41	1
130	261	41	1
144	261	41	2
146	261	41	2
149	261	41	1
151	261	41	1
167	261	41	1
174	261	41	2
253	261	41	2
254	261	41	1
119	262	41	2
139	262	41	1
142	262	41	2
143	262	41	1
148	262	41	1
151	262	41	1
159	262	41	1
163	262	41	1
167	262	41	5
168	262	41	2
172	262	41	1
207	262	41	1
249	262	41	1
251	262	41	2
143	263	41	1
151	263	41	1
153	263	41	1
168	263	41	3
201	263	41	1
204	263	41	2
232	263	41	1
234	263	41	1
143	264	41	1
147	264	41	1
148	264	41	2
151	264	41	2
158	264	41	1
171	264	41	1
143	265	41	2
145	265	41	1
152	265	41	1
153	265	41	1
256	265	41	2
142	266	41	4
153	266	41	1
167	266	41	2
168	266	41	2
132	267	41	1
135	267	41	3
148	267	41	3
161	267	41	1
253	267	41	1
258	267	41	1
146	268	41	1
147	268	41	1
206	268	41	3
247	269	41	1
248	269	41	3
251	269	41	3
258	269	41	3
132	270	41	2
135	270	41	1
139	270	41	1
140	270	41	2
142	270	41	1
247	270	41	1
132	271	41	2
135	271	41	1
142	271	41	1
144	271	41	4
151	271	41	1
153	271	41	1
154	271	41	1
218	271	41	2
136	272	41	2
145	272	41	2
147	272	41	1
151	272	41	3
152	272	41	2
154	272	41	1
163	272	41	1
165	272	41	1
219	272	41	1
220	272	41	1
228	272	41	1
144	273	41	2
151	273	41	2
157	273	41	1
136	274	41	2
143	274	41	1
146	274	41	1
147	274	41	1
148	274	41	1
156	274	41	1
164	274	41	1
247	274	41	3
130	275	41	1
132	275	41	2
141	275	41	2
153	275	41	1
157	275	41	3
130	276	41	1
136	276	41	2
139	276	41	4
145	276	41	1
147	276	41	1
155	276	41	2
162	276	41	1
211	276	41	2
246	276	41	1
247	276	41	1
129	277	41	2
132	277	41	2
133	277	41	1
138	277	41	2
142	277	41	3
161	277	41	1
135	278	41	2
142	278	41	3
149	278	41	1
150	278	41	1
152	278	41	2
153	278	41	1
155	278	41	2
164	278	41	2
247	278	41	3
129	279	41	3
133	279	41	1
138	279	41	2
139	279	41	2
210	279	41	3
133	280	41	1
142	280	41	1
144	280	41	1
150	280	41	1
152	280	41	2
153	280	41	2
154	280	41	2
130	281	41	1
142	281	41	2
130	282	41	2
137	282	41	1
162	282	41	1
134	283	41	1
136	283	41	1
151	283	41	3
141	284	41	1
142	284	41	2
155	284	41	1
156	284	41	1
155	285	41	1
218	285	41	2
219	285	41	1
135	286	41	1
159	286	41	1
219	286	41	1
135	287	41	2
156	287	41	1
157	288	41	3
139	289	41	2
155	289	41	1
134	290	41	1
154	290	41	1
134	292	41	2
155	292	41	1
257	292	41	2
132	293	41	1
139	293	41	1
132	294	41	1
142	294	41	1
152	294	41	3
159	294	41	2
128	295	41	2
131	295	41	1
140	295	41	1
150	295	41	3
164	295	41	2
254	295	41	2
153	296	41	2
160	296	41	1
252	296	41	1
129	297	41	2
137	297	41	1
162	297	41	2
165	297	41	3
252	297	41	2
259	297	41	1
131	298	41	1
149	298	41	1
252	298	41	4
256	298	41	3
93	299	41	1
128	299	41	1
129	299	41	1
149	299	41	2
166	299	41	1
168	299	41	2
164	300	41	1
172	300	41	1
249	300	41	1
260	300	41	1
167	301	41	4
172	301	41	1
97	302	41	2
131	302	41	1
167	302	41	2
171	302	41	1
123	303	41	2
130	303	41	2
134	303	41	2
144	303	41	2
170	303	41	1
176	303	41	2
259	303	41	1
122	304	41	1
125	304	41	2
126	304	41	4
128	304	41	3
132	304	41	1
133	304	41	1
141	304	41	1
170	304	41	2
127	305	41	2
131	305	41	2
140	305	41	2
172	305	41	2
176	305	41	2
182	305	41	2
259	305	41	2
123	306	41	1
130	306	41	1
132	306	41	1
171	306	41	1
122	307	41	1
142	307	41	1
126	308	41	2
128	308	41	2
129	308	41	1
123	309	41	1
124	309	41	1
140	309	41	1
141	309	41	2
165	309	41	2
122	310	41	2
143	310	41	2
122	311	41	1
119	314	41	1
121	314	41	1
142	315	41	1
114	316	41	2
140	316	41	2
141	317	41	1
139	319	41	2
138	320	41	1
150	320	41	1
149	321	41	2
150	321	41	1
137	322	41	3
181	322	41	1
249	322	41	2
179	324	41	2
136	325	41	2
149	325	41	2
247	325	41	1
249	326	41	1
252	326	41	2
138	327	41	2
148	327	41	2
181	327	41	2
244	327	41	1
131	328	41	1
156	328	41	1
167	328	41	2
239	328	41	1
130	329	41	3
148	329	41	2
179	329	41	1
186	329	41	2
249	329	41	2
147	330	41	2
155	330	41	1
181	330	41	3
182	330	41	2
184	330	41	1
240	330	41	1
242	330	41	1
155	331	41	2
158	331	41	1
170	331	41	2
173	331	41	2
174	331	41	3
175	331	41	2
187	331	41	1
238	331	41	2
240	331	41	2
130	332	41	2
133	332	41	1
176	332	41	1
180	332	41	2
185	332	41	4
189	332	41	1
192	332	41	1
221	332	41	3
241	332	41	1
134	333	41	1
151	333	41	1
152	333	41	2
154	333	41	1
157	333	41	2
181	333	41	1
187	333	41	2
189	333	41	2
217	333	41	2
240	333	41	1
153	334	41	1
154	334	41	1
189	334	41	3
244	334	41	3
151	335	41	1
238	335	41	1
242	335	41	2
246	335	41	1
246	336	41	1
126	337	41	3
128	337	41	1
129	337	41	1
151	337	41	1
156	337	41	1
248	337	41	1
151	338	41	1
152	338	41	2
166	338	41	1
222	338	41	2
250	338	41	1
158	339	41	1
214	339	41	1
247	339	41	1
152	340	41	1
214	340	41	1
219	340	41	1
213	341	41	2
210	342	41	1
214	342	41	2
218	342	41	1
222	342	41	3
210	343	41	3
216	343	41	2
194	344	41	2
195	344	41	2
196	345	41	1
212	345	41	3
205	346	41	2
210	346	41	2
221	347	41	1
231	347	41	1
232	347	41	1
233	347	41	1
195	349	41	2
233	349	41	4
220	350	41	2
235	351	41	2
209	352	41	2
210	353	41	2
207	355	41	2
207	358	41	2
169	359	41	2
206	359	41	1
207	360	41	1
208	360	41	1
138	227	42	1
136	228	42	1
139	228	42	1
140	228	42	4
136	229	42	1
138	230	42	3
139	231	42	2
138	232	42	2
137	233	42	2
140	233	42	3
147	234	42	1
202	234	42	1
163	235	42	1
165	235	42	1
199	235	42	3
201	235	42	1
202	235	42	2
203	235	42	2
143	236	42	1
156	236	42	2
161	236	42	1
164	236	42	1
165	236	42	2
166	236	42	1
199	236	42	2
159	237	42	1
161	237	42	1
165	237	42	2
204	237	42	3
141	238	42	1
161	238	42	1
162	238	42	4
164	238	42	2
204	238	42	2
138	239	42	1
167	239	42	2
204	239	42	2
141	240	42	3
143	240	42	1
166	240	42	1
142	241	42	2
137	242	42	1
169	242	42	1
129	243	42	2
139	244	42	1
176	244	42	1
182	244	42	2
184	244	42	1
126	245	42	2
181	245	42	1
126	247	42	2
178	252	42	1
140	253	42	1
138	254	42	1
139	254	42	1
140	254	42	2
144	254	42	1
176	254	42	4
120	256	42	1
151	256	42	1
212	256	42	3
147	257	42	1
149	257	42	4
156	257	42	2
157	257	42	2
174	257	42	2
212	257	42	2
150	258	42	2
158	258	42	2
172	258	42	1
173	258	42	1
175	258	42	1
208	258	42	2
210	258	42	1
212	258	42	1
139	259	42	1
145	259	42	1
148	259	42	3
158	259	42	1
160	259	42	2
173	259	42	1
211	259	42	1
248	259	42	1
252	259	42	1
153	260	42	1
169	260	42	1
172	260	42	1
174	260	42	1
176	260	42	1
213	260	42	1
253	260	42	1
153	261	42	1
154	261	42	1
155	261	42	3
167	261	42	1
169	261	42	1
176	261	42	1
149	262	42	1
155	262	42	2
166	262	42	3
171	262	42	1
149	263	42	2
151	263	42	2
153	263	42	1
157	263	42	2
165	263	42	1
250	263	42	1
120	264	42	2
121	264	42	1
143	264	42	3
147	264	42	1
151	264	42	2
152	264	42	1
155	264	42	1
156	264	42	1
157	264	42	2
158	264	42	3
252	264	42	1
145	265	42	2
152	265	42	2
124	266	42	1
145	266	42	1
155	266	42	1
143	267	42	1
147	267	42	2
149	267	42	1
141	268	42	1
132	270	42	1
150	270	42	1
151	270	42	1
152	270	42	2
155	270	42	1
143	271	42	3
145	271	42	2
146	271	42	1
132	272	42	2
141	272	42	2
143	272	42	3
144	272	42	1
145	272	42	1
131	273	42	1
142	273	42	2
154	273	42	1
142	274	42	1
144	274	42	3
148	274	42	1
154	274	42	1
134	275	42	2
144	275	42	1
153	275	42	1
155	275	42	2
165	275	42	2
249	275	42	3
250	275	42	1
134	276	42	1
143	276	42	1
146	276	42	1
151	276	42	1
153	276	42	2
154	276	42	1
156	276	42	1
157	276	42	1
138	277	42	2
140	277	42	2
142	277	42	2
143	277	42	1
163	277	42	1
131	278	42	2
132	278	42	2
148	278	42	2
155	278	42	1
137	279	42	1
144	279	42	1
147	279	42	2
149	279	42	1
151	279	42	3
152	279	42	1
154	279	42	1
164	279	42	1
145	280	42	1
154	280	42	1
210	280	42	1
140	281	42	1
148	282	42	1
151	282	42	1
158	282	42	1
162	282	42	1
137	283	42	1
141	283	42	1
152	283	42	2
159	283	42	2
137	284	42	1
149	284	42	2
151	284	42	1
152	285	42	2
153	285	42	1
154	285	42	1
157	285	42	1
155	286	42	1
136	287	42	2
134	288	42	1
137	288	42	1
135	289	42	1
136	289	42	1
153	289	42	1
134	290	42	2
133	291	42	1
135	291	42	3
140	291	42	1
133	292	42	1
153	292	42	2
130	293	42	1
138	293	42	1
142	293	42	2
129	294	42	2
131	294	42	1
135	294	42	4
138	294	42	2
139	294	42	1
154	294	42	3
135	295	42	1
142	295	42	2
256	295	42	2
136	296	42	1
161	296	42	1
130	297	42	1
136	297	42	1
136	298	42	1
166	298	42	1
215	298	42	2
94	299	42	1
128	299	42	2
150	299	42	1
169	299	42	4
259	299	42	1
125	300	42	3
131	300	42	3
139	300	42	2
249	300	42	1
126	301	42	1
128	301	42	1
142	301	42	1
144	301	42	1
138	302	42	2
139	303	42	1
140	303	42	1
142	303	42	2
168	303	42	1
171	303	42	1
125	304	42	1
171	304	42	3
181	304	42	2
125	305	42	1
126	305	42	1
131	305	42	2
133	305	42	2
134	305	42	2
128	306	42	1
170	306	42	1
125	307	42	2
170	307	42	2
129	308	42	3
130	308	42	1
125	309	42	1
140	309	42	1
143	310	42	4
162	310	42	2
140	314	42	1
137	315	42	2
141	316	42	1
139	318	42	1
148	318	42	3
140	319	42	1
139	320	42	1
138	321	42	1
179	323	42	2
253	323	42	2
133	324	42	1
137	324	42	1
141	324	42	2
183	325	42	3
133	326	42	1
134	326	42	2
135	326	42	2
249	326	42	2
251	326	42	1
176	327	42	3
252	327	42	2
130	328	42	1
154	328	42	3
150	329	42	2
187	329	42	1
131	330	42	1
161	330	42	1
187	330	42	3
188	330	42	2
154	331	42	1
127	332	42	1
133	332	42	1
150	332	42	1
166	332	42	1
176	332	42	1
177	332	42	2
180	332	42	2
186	332	42	1
187	332	42	2
189	332	42	1
242	332	42	1
153	333	42	2
176	333	42	4
178	333	42	2
181	333	42	1
183	333	42	1
189	333	42	1
222	333	42	3
133	334	42	1
158	334	42	1
189	334	42	1
222	334	42	2
245	334	42	1
151	336	42	1
190	336	42	1
194	336	42	1
220	336	42	1
246	336	42	1
248	336	42	1
152	337	42	1
156	337	42	1
216	337	42	1
247	337	42	3
194	338	42	1
154	339	42	5
159	340	42	1
193	340	42	1
195	340	42	1
221	340	42	1
195	341	42	3
215	341	42	1
207	344	42	1
211	344	42	3
213	345	42	2
230	346	42	1
210	347	42	2
231	349	42	2
235	353	42	1
205	355	42	1
206	356	42	1
208	356	42	1
208	357	42	3
207	358	42	1
183	361	42	2
205	361	42	1
206	364	42	1
139	228	43	2
137	229	43	1
139	229	43	1
138	230	43	1
136	231	43	1
140	231	43	1
162	231	43	1
141	232	43	2
137	233	43	3
139	233	43	1
203	234	43	1
141	235	43	2
163	235	43	1
136	236	43	2
157	236	43	2
143	237	43	2
154	237	43	2
143	239	43	2
165	240	43	1
166	240	43	2
169	245	43	2
178	245	43	2
179	246	43	3
119	256	43	2
143	257	43	3
155	257	43	1
174	257	43	1
175	257	43	1
176	257	43	2
177	257	43	3
146	258	43	2
149	258	43	1
215	258	43	1
216	258	43	1
144	259	43	1
179	259	43	1
143	260	43	1
151	260	43	1
154	260	43	1
159	260	43	2
161	260	43	1
172	260	43	2
178	260	43	1
145	261	43	1
178	261	43	1
209	261	43	2
158	262	43	1
163	262	43	1
167	262	43	2
208	262	43	2
148	263	43	3
154	263	43	1
205	263	43	3
144	264	43	1
147	264	43	1
149	264	43	1
151	264	43	1
155	264	43	1
124	265	43	1
144	265	43	2
147	265	43	1
151	265	43	1
155	265	43	1
145	266	43	1
149	266	43	1
158	266	43	2
143	267	43	1
147	268	43	2
149	268	43	1
150	270	43	2
134	271	43	2
143	271	43	1
146	271	43	2
148	271	43	2
143	272	43	5
148	272	43	4
149	272	43	1
143	273	43	1
146	273	43	1
147	273	43	3
148	273	43	2
211	273	43	1
141	274	43	3
156	274	43	4
214	274	43	1
255	274	43	1
131	275	43	1
132	275	43	1
144	275	43	1
148	275	43	1
155	275	43	3
160	275	43	1
182	275	43	1
151	276	43	1
152	276	43	1
165	276	43	1
131	277	43	2
143	277	43	1
148	277	43	3
156	277	43	3
164	277	43	2
131	278	43	1
132	278	43	3
147	278	43	3
149	278	43	1
155	278	43	1
162	278	43	1
148	279	43	1
158	279	43	1
147	280	43	1
148	280	43	3
150	280	43	1
152	280	43	1
155	280	43	3
210	280	43	1
148	281	43	1
152	281	43	2
161	281	43	1
140	282	43	1
141	282	43	3
154	282	43	1
143	283	43	2
150	283	43	1
153	283	43	3
139	284	43	1
141	284	43	1
148	284	43	1
149	284	43	1
160	284	43	1
141	285	43	3
151	285	43	2
152	285	43	1
155	285	43	1
160	285	43	2
139	286	43	1
154	286	43	1
216	286	43	3
216	287	43	2
136	288	43	1
173	288	43	2
133	289	43	1
134	289	43	3
256	289	43	1
143	292	43	3
139	293	43	1
146	293	43	1
256	293	43	2
132	294	43	1
254	295	43	1
136	296	43	1
137	297	43	1
149	297	43	2
209	298	43	1
141	299	43	1
143	299	43	2
165	299	43	1
129	300	43	3
152	300	43	2
167	300	43	2
129	301	43	1
140	301	43	2
142	301	43	2
133	302	43	1
135	302	43	2
140	302	43	1
143	302	43	2
169	302	43	2
170	302	43	1
172	302	43	2
130	303	43	2
135	303	43	3
136	303	43	2
138	303	43	1
167	303	43	1
170	303	43	1
126	304	43	1
135	304	43	3
146	304	43	2
131	305	43	1
134	305	43	2
135	305	43	1
168	305	43	1
127	306	43	1
129	306	43	2
131	306	43	2
132	306	43	2
146	306	43	1
148	306	43	1
168	306	43	2
170	306	43	1
126	307	43	1
129	307	43	2
128	308	43	2
129	308	43	1
167	309	43	1
144	312	43	2
140	313	43	1
142	313	43	1
143	314	43	2
140	317	43	1
179	323	43	1
174	325	43	2
132	326	43	1
133	326	43	2
136	326	43	2
177	326	43	1
136	327	43	1
176	327	43	2
156	328	43	2
184	328	43	1
251	328	43	1
177	329	43	2
188	329	43	3
189	331	43	1
131	332	43	2
133	332	43	2
133	333	43	1
188	333	43	1
216	333	43	1
151	334	43	1
222	334	43	1
128	335	43	1
131	335	43	1
222	335	43	1
131	336	43	2
217	336	43	1
218	336	43	2
220	336	43	1
244	336	43	2
127	337	43	2
249	337	43	2
132	338	43	1
155	338	43	1
195	341	43	1
210	344	43	1
211	344	43	1
231	344	43	1
232	345	43	2
211	346	43	2
212	346	43	2
233	346	43	1
211	347	43	2
233	347	43	1
210	349	43	1
236	349	43	1
238	349	43	1
206	350	43	1
227	350	43	1
233	350	43	1
231	352	43	1
207	353	43	1
204	354	43	1
206	354	43	1
206	358	43	1
207	358	43	2
206	359	43	1
186	360	43	1
188	360	43	1
204	360	43	2
205	361	43	1
204	362	43	2
137	228	44	1
135	230	44	3
137	231	44	1
136	232	44	1
164	232	44	2
137	233	44	2
140	234	44	1
159	236	44	1
143	237	44	2
164	237	44	3
139	238	44	3
177	243	44	2
178	245	44	2
180	245	44	1
181	245	44	1
179	249	44	2
175	257	44	1
176	258	44	1
150	260	44	2
158	260	44	1
176	260	44	1
177	260	44	1
147	261	44	1
155	261	44	1
161	261	44	1
154	262	44	2
156	262	44	1
147	263	44	1
149	263	44	3
210	263	44	2
146	264	44	1
149	265	44	1
156	265	44	2
146	266	44	2
147	266	44	1
150	266	44	1
146	267	44	1
146	269	44	1
148	269	44	2
152	269	44	1
213	269	44	2
144	271	44	1
147	271	44	2
203	271	44	1
148	272	44	1
142	273	44	1
143	273	44	3
148	273	44	1
146	274	44	3
181	274	44	1
211	274	44	1
144	275	44	2
146	275	44	1
166	275	44	1
152	276	44	2
153	276	44	2
156	276	44	1
167	276	44	1
252	276	44	1
145	277	44	1
146	277	44	1
148	277	44	1
156	277	44	1
158	277	44	1
147	278	44	2
149	278	44	1
151	278	44	1
152	278	44	2
154	278	44	1
160	278	44	2
144	279	44	1
154	279	44	1
150	280	44	1
155	280	44	2
210	280	44	1
148	281	44	2
150	281	44	2
154	281	44	2
156	281	44	3
159	281	44	1
204	281	44	1
143	282	44	3
150	282	44	3
151	282	44	3
152	282	44	2
142	283	44	1
158	283	44	1
217	283	44	1
219	283	44	2
149	284	44	3
143	285	44	1
217	285	44	1
218	286	44	1
137	287	44	1
121	290	44	2
136	291	44	3
142	291	44	1
144	292	44	1
252	292	44	1
145	293	44	1
223	293	44	1
132	294	44	3
143	294	44	2
144	294	44	2
223	296	44	1
139	297	44	2
141	297	44	3
136	298	44	2
130	299	44	1
137	299	44	2
139	299	44	2
128	300	44	1
140	300	44	1
142	300	44	1
143	300	44	2
168	300	44	2
136	301	44	1
137	301	44	1
127	302	44	2
133	302	44	2
142	302	44	2
130	304	44	1
128	305	44	1
130	306	44	2
131	306	44	1
173	306	44	2
170	309	44	2
143	310	44	1
170	310	44	2
141	317	44	1
141	318	44	3
113	322	44	2
182	323	44	2
133	326	44	1
136	326	44	2
131	328	44	2
133	328	44	1
133	329	44	1
183	329	44	1
185	330	44	1
133	331	44	1
131	333	44	3
180	333	44	3
132	334	44	1
128	335	44	3
215	335	44	1
242	335	44	1
214	336	44	3
219	336	44	2
216	337	44	2
217	337	44	2
213	338	44	1
215	338	44	1
228	346	44	2
231	346	44	1
228	347	44	1
234	347	44	2
211	348	44	2
209	351	44	1
179	360	44	2
192	361	44	2
140	231	45	1
143	237	45	1
175	257	45	3
176	259	45	1
173	260	45	1
158	262	45	1
159	263	45	1
149	265	45	1
155	267	45	1
145	270	45	3
136	271	45	1
146	271	45	1
144	272	45	1
151	272	45	1
158	272	45	1
179	274	45	1
141	275	45	1
164	277	45	1
147	279	45	1
149	279	45	1
150	279	45	1
162	279	45	1
149	280	45	2
150	280	45	2
148	281	45	3
152	281	45	2
161	281	45	2
144	282	45	4
149	282	45	3
152	282	45	1
142	283	45	3
145	283	45	1
150	283	45	1
251	283	45	2
142	284	45	1
146	285	45	3
141	286	45	1
206	286	45	3
218	286	45	1
144	291	45	1
143	293	45	2
140	294	45	1
145	294	45	4
143	295	45	1
140	296	45	1
135	299	45	2
140	299	45	2
134	301	45	1
138	301	45	1
133	302	45	3
143	302	45	1
131	303	45	1
130	304	45	2
132	304	45	2
137	304	45	1
140	304	45	1
143	308	45	3
185	322	45	3
252	324	45	2
167	326	45	1
186	326	45	1
187	329	45	1
185	330	45	3
189	331	45	1
193	333	45	2
217	334	45	1
214	339	45	2
245	340	45	1
211	345	45	1
217	345	45	3
231	346	45	2
209	347	45	2
210	347	45	2
227	349	45	3
175	352	45	2
202	352	45	1
230	354	45	1
132	236	46	1
173	255	46	1
157	259	46	1
158	260	46	3
154	262	46	2
147	266	46	1
145	270	46	1
154	270	46	4
144	272	46	1
146	272	46	1
151	273	46	1
146	275	46	3
163	275	46	2
161	277	46	1
148	278	46	2
150	279	46	2
152	280	46	1
158	280	46	1
215	280	46	2
144	281	46	1
146	281	46	2
144	282	46	1
146	282	46	1
154	282	46	2
159	282	46	1
151	283	46	3
154	283	46	4
250	283	46	2
140	284	46	1
142	284	46	2
149	284	46	2
248	285	46	1
120	286	46	3
208	286	46	2
143	290	46	3
145	291	46	4
144	293	46	1
148	293	46	1
146	294	46	2
207	296	46	1
136	298	46	1
139	298	46	1
140	298	46	2
143	299	46	1
144	299	46	1
132	300	46	2
228	300	46	3
132	301	46	2
135	301	46	2
136	301	46	2
224	301	46	1
131	302	46	2
143	302	46	1
146	302	46	3
129	303	46	2
136	303	46	2
139	303	46	2
143	303	46	1
139	305	46	1
192	306	46	2
194	315	46	4
195	315	46	1
188	320	46	2
179	322	46	1
179	323	46	3
183	323	46	1
189	323	46	3
173	325	46	2
174	325	46	1
172	326	46	1
182	326	46	2
183	326	46	1
174	327	46	1
191	327	46	1
183	328	46	2
188	328	46	2
217	334	46	1
217	335	46	1
215	336	46	1
216	341	46	1
222	342	46	1
222	343	46	2
232	343	46	1
205	346	46	4
209	351	46	1
173	353	46	3
230	356	46	1
141	227	47	1
138	229	47	1
212	261	47	1
146	270	47	2
146	277	47	1
155	279	47	3
152	280	47	1
164	281	47	1
162	282	47	1
140	292	47	1
140	293	47	1
146	293	47	1
144	294	47	2
202	295	47	3
139	298	47	2
140	298	47	2
136	299	47	1
138	300	47	2
178	320	47	1
179	322	47	3
190	323	47	1
175	324	47	1
179	324	47	1
186	329	47	2
218	341	47	2
212	344	47	1
207	351	47	1
227	353	47	2
207	355	47	1
203	356	47	1
231	356	47	1
144	225	48	2
186	257	48	2
146	275	48	1
154	276	48	2
159	279	48	2
140	285	48	1
142	290	48	1
142	300	48	2
124	319	48	2
169	324	48	2
157	325	48	1
217	344	48	1
207	351	48	2
140	224	49	1
116	230	49	1
135	230	49	1
127	235	49	1
172	237	49	1
126	245	49	2
147	245	49	2
151	248	49	3
154	248	49	2
145	262	49	1
146	264	49	2
191	267	49	1
127	268	49	1
139	268	49	2
167	269	49	2
154	274	49	2
146	276	49	1
150	278	49	1
145	279	49	1
157	279	49	3
207	279	49	1
134	280	49	2
145	280	49	1
143	282	49	3
214	282	49	2
113	284	49	4
169	284	49	1
132	287	49	1
146	288	49	1
147	292	49	2
144	294	49	1
133	295	49	1
147	298	49	2
139	299	49	1
131	300	49	1
225	300	49	2
135	302	49	1
133	303	49	1
152	304	49	1
128	307	49	2
213	311	49	1
149	313	49	2
145	316	49	1
268	317	49	2
183	319	49	1
170	325	49	2
152	338	49	1
197	342	49	2
239	344	49	1
199	346	49	4
211	346	49	2
160	348	49	2
197	348	49	2
204	348	49	1
179	349	49	3
186	349	49	2
184	352	49	2
186	354	49	1
134	227	50	4
131	229	50	1
136	230	50	1
173	232	50	2
234	246	50	1
162	253	50	1
139	263	50	1
149	263	50	2
155	263	50	2
134	267	50	1
154	270	50	2
155	273	50	2
134	275	50	1
220	277	50	2
249	286	50	1
146	289	50	2
139	294	50	1
174	298	50	1
237	300	50	1
244	301	50	2
151	302	50	1
132	304	50	2
129	312	50	1
157	313	50	1
212	318	50	1
195	325	50	2
206	340	50	1
