x	y	z	Mitochondrial translation termination
183.039773122643	289.659001437601	35.0807824929564	3
132	221	20	1
179	221	20	1
123	222	20	3
127	222	20	1
132	222	20	2
142	222	20	3
176	222	20	1
178	222	20	1
138	223	20	2
148	223	20	2
175	223	20	2
133	224	20	2
134	224	20	4
144	224	20	1
155	224	20	1
167	224	20	1
176	224	20	2
135	225	20	1
153	225	20	1
157	225	20	1
159	225	20	1
162	225	20	2
176	225	20	2
126	226	20	2
139	226	20	1
156	226	20	1
158	226	20	1
160	227	20	1
178	227	20	4
112	228	20	2
119	228	20	1
130	228	20	1
151	228	20	4
157	228	20	1
179	228	20	2
196	228	20	4
197	228	20	2
115	229	20	2
126	229	20	1
153	229	20	2
158	229	20	1
159	229	20	3
127	230	20	1
129	230	20	1
157	230	20	2
186	230	20	1
190	230	20	1
113	231	20	1
116	231	20	2
121	231	20	1
132	231	20	1
149	231	20	1
154	231	20	2
161	231	20	2
170	231	20	5
177	231	20	2
199	231	20	1
135	232	20	1
197	232	20	1
130	233	20	2
144	233	20	1
152	233	20	2
165	233	20	1
169	233	20	1
170	233	20	1
206	233	20	2
214	233	20	2
114	234	20	3
132	234	20	2
138	234	20	3
204	234	20	1
215	234	20	2
129	235	20	2
136	235	20	2
141	235	20	1
143	235	20	1
151	235	20	2
206	235	20	1
220	235	20	4
127	236	20	1
139	236	20	1
141	236	20	2
146	236	20	2
154	236	20	1
159	236	20	1
163	236	20	1
215	236	20	2
129	237	20	2
133	237	20	1
140	237	20	1
145	237	20	1
146	237	20	1
148	237	20	1
151	237	20	1
154	237	20	2
165	237	20	2
168	237	20	2
169	237	20	2
173	237	20	1
202	237	20	2
204	237	20	1
220	237	20	2
248	237	20	1
117	238	20	1
126	238	20	4
139	238	20	1
140	238	20	4
141	238	20	2
145	238	20	1
150	238	20	1
152	238	20	2
158	238	20	1
168	238	20	1
192	238	20	3
213	238	20	2
128	239	20	2
139	239	20	3
142	239	20	2
144	239	20	1
160	239	20	1
215	239	20	3
230	239	20	3
102	240	20	1
118	240	20	1
126	240	20	1
131	240	20	4
147	240	20	2
149	240	20	1
191	240	20	2
231	240	20	2
239	240	20	1
111	241	20	2
122	241	20	4
126	241	20	1
127	241	20	1
129	241	20	2
131	241	20	1
135	241	20	2
138	241	20	1
139	241	20	2
141	241	20	1
145	241	20	1
146	241	20	1
149	241	20	2
157	241	20	2
167	241	20	3
237	241	20	2
120	242	20	2
121	242	20	1
123	242	20	2
128	242	20	1
130	242	20	3
137	242	20	1
163	242	20	1
183	242	20	1
185	242	20	2
207	242	20	1
214	242	20	2
237	242	20	1
116	243	20	1
124	243	20	1
125	243	20	1
130	243	20	2
132	243	20	2
141	243	20	2
201	243	20	1
213	243	20	1
240	243	20	1
247	243	20	1
123	244	20	2
134	244	20	5
145	244	20	1
154	244	20	3
188	244	20	1
207	244	20	2
210	244	20	4
213	244	20	4
214	244	20	2
220	244	20	1
242	244	20	4
108	245	20	3
111	245	20	2
121	245	20	1
160	245	20	2
169	245	20	1
182	245	20	1
214	245	20	2
226	245	20	1
241	245	20	1
117	246	20	4
122	246	20	1
126	246	20	3
149	246	20	1
159	246	20	1
221	246	20	4
240	246	20	2
246	246	20	1
252	246	20	1
102	247	20	1
122	247	20	1
133	247	20	1
137	247	20	1
140	247	20	2
163	247	20	1
248	247	20	1
114	248	20	1
141	248	20	2
158	248	20	1
175	248	20	1
190	248	20	1
215	248	20	3
233	248	20	1
102	249	20	1
143	249	20	3
145	249	20	3
167	249	20	1
169	249	20	1
194	249	20	3
215	249	20	1
218	249	20	1
119	250	20	1
121	250	20	2
131	250	20	2
155	250	20	1
157	250	20	2
162	250	20	1
172	250	20	1
175	250	20	1
225	250	20	1
260	250	20	3
101	251	20	2
133	251	20	2
175	251	20	2
207	251	20	1
216	251	20	1
218	251	20	2
220	251	20	1
223	251	20	3
251	251	20	1
118	252	20	2
161	252	20	2
207	252	20	2
212	252	20	2
218	252	20	1
226	252	20	1
234	252	20	1
120	253	20	1
122	253	20	2
139	253	20	1
140	253	20	4
175	253	20	1
194	253	20	1
111	254	20	3
124	254	20	1
127	254	20	1
148	254	20	1
154	254	20	2
161	254	20	3
183	254	20	1
197	254	20	1
217	254	20	1
223	254	20	1
228	254	20	2
243	254	20	1
244	254	20	2
248	254	20	2
121	255	20	1
143	255	20	2
149	255	20	1
197	255	20	2
200	255	20	2
207	255	20	1
214	255	20	2
246	255	20	2
251	255	20	1
110	256	20	4
113	256	20	3
145	256	20	2
161	256	20	2
204	256	20	2
205	256	20	1
234	256	20	3
241	256	20	2
146	257	20	2
159	257	20	1
162	257	20	1
170	257	20	2
175	257	20	1
177	257	20	1
197	257	20	2
198	257	20	2
228	257	20	1
229	257	20	2
230	257	20	1
234	257	20	1
243	257	20	1
258	257	20	3
265	257	20	1
132	258	20	1
162	258	20	2
175	258	20	3
176	258	20	1
198	258	20	1
215	258	20	1
231	258	20	2
107	259	20	1
144	259	20	1
166	259	20	1
193	259	20	1
229	259	20	1
232	259	20	3
252	259	20	3
108	260	20	3
127	260	20	1
134	260	20	2
147	260	20	2
157	260	20	1
158	260	20	4
200	260	20	2
224	260	20	1
102	261	20	3
112	261	20	2
130	261	20	2
140	261	20	1
141	261	20	2
142	261	20	2
147	261	20	2
156	261	20	3
163	261	20	2
165	261	20	1
199	261	20	1
207	261	20	4
226	261	20	2
228	261	20	1
231	261	20	1
118	262	20	3
124	262	20	2
150	262	20	3
152	262	20	1
170	262	20	1
133	263	20	1
163	263	20	1
166	263	20	1
207	263	20	2
246	263	20	3
265	263	20	1
105	264	20	2
126	264	20	1
146	264	20	1
163	264	20	2
168	264	20	1
220	264	20	2
221	264	20	3
249	264	20	2
254	264	20	1
124	265	20	1
134	265	20	2
137	265	20	1
147	265	20	2
162	265	20	2
163	265	20	1
166	265	20	1
176	265	20	1
179	265	20	1
190	265	20	1
218	265	20	2
113	266	20	1
117	266	20	1
120	266	20	1
129	266	20	1
132	266	20	2
158	266	20	3
170	266	20	2
179	266	20	2
184	266	20	4
211	266	20	1
225	266	20	1
251	266	20	2
116	267	20	1
118	267	20	1
132	267	20	2
154	267	20	1
168	267	20	1
239	267	20	2
266	267	20	1
121	268	20	1
141	268	20	1
146	268	20	2
151	268	20	1
154	268	20	1
156	268	20	1
162	268	20	2
167	268	20	3
209	268	20	4
212	268	20	1
216	268	20	1
255	268	20	4
107	269	20	2
118	269	20	1
119	269	20	2
130	269	20	2
132	269	20	2
140	269	20	1
149	269	20	2
151	269	20	1
159	269	20	2
165	269	20	1
184	269	20	2
197	269	20	1
212	269	20	1
214	269	20	2
257	269	20	1
117	270	20	2
118	270	20	1
147	270	20	1
155	270	20	1
162	270	20	2
165	270	20	1
166	270	20	2
177	270	20	1
217	270	20	1
224	270	20	1
227	270	20	2
261	270	20	1
118	271	20	1
128	271	20	1
145	271	20	2
159	271	20	1
162	271	20	2
163	271	20	2
165	271	20	1
167	271	20	2
171	271	20	1
225	271	20	1
266	271	20	2
116	272	20	3
117	272	20	3
119	272	20	4
120	272	20	2
135	272	20	3
144	272	20	1
162	272	20	2
166	272	20	2
168	272	20	1
170	272	20	1
174	272	20	1
175	272	20	3
181	272	20	2
218	272	20	1
225	272	20	1
255	272	20	3
101	273	20	2
123	273	20	2
149	273	20	1
152	273	20	1
165	273	20	2
167	273	20	2
170	273	20	1
176	273	20	1
178	273	20	1
201	273	20	1
206	273	20	1
211	273	20	1
217	273	20	1
220	273	20	1
223	273	20	1
122	274	20	1
169	274	20	1
197	274	20	1
214	274	20	3
226	274	20	3
227	274	20	1
229	274	20	3
230	274	20	1
131	275	20	3
134	275	20	2
147	275	20	2
148	275	20	2
172	275	20	1
177	275	20	2
200	275	20	2
204	275	20	1
208	275	20	1
221	275	20	1
226	275	20	2
235	275	20	1
236	275	20	1
268	275	20	2
126	276	20	1
136	276	20	1
137	276	20	1
157	276	20	2
163	276	20	3
180	276	20	2
182	276	20	2
221	276	20	2
222	276	20	1
231	276	20	1
258	276	20	1
266	276	20	2
140	277	20	1
154	277	20	1
171	277	20	1
217	277	20	1
219	277	20	2
220	277	20	2
226	277	20	1
227	277	20	1
260	277	20	1
262	277	20	1
129	278	20	1
137	278	20	1
168	278	20	1
170	278	20	2
176	278	20	2
180	278	20	3
183	278	20	1
227	278	20	2
256	278	20	3
120	279	20	2
150	279	20	1
156	279	20	1
175	279	20	1
177	279	20	2
178	279	20	2
200	279	20	1
204	279	20	2
217	279	20	1
222	279	20	1
225	279	20	2
228	279	20	2
241	279	20	1
269	279	20	1
108	280	20	1
109	280	20	1
133	280	20	1
162	280	20	2
166	280	20	1
172	280	20	2
173	280	20	1
174	280	20	1
175	280	20	1
176	280	20	2
197	280	20	3
199	280	20	1
217	280	20	1
269	280	20	2
131	281	20	1
134	281	20	1
142	281	20	2
147	281	20	1
166	281	20	1
168	281	20	2
172	281	20	2
214	281	20	2
216	281	20	1
222	281	20	1
226	281	20	3
149	282	20	1
152	282	20	1
162	282	20	2
181	282	20	1
203	282	20	1
219	282	20	1
269	282	20	1
276	282	20	3
165	283	20	2
167	283	20	2
170	283	20	1
173	283	20	2
176	283	20	1
179	283	20	1
190	283	20	1
203	283	20	3
214	283	20	1
217	283	20	2
226	283	20	1
232	283	20	1
266	283	20	3
271	283	20	2
272	283	20	1
149	284	20	1
153	284	20	1
213	284	20	3
224	284	20	2
228	284	20	1
267	284	20	1
109	285	20	3
119	285	20	1
139	285	20	1
145	285	20	2
157	285	20	1
171	285	20	2
205	285	20	1
208	285	20	2
210	285	20	5
218	285	20	1
223	285	20	1
230	285	20	1
231	285	20	2
250	285	20	1
272	285	20	1
101	286	20	2
129	286	20	3
133	286	20	1
151	286	20	3
164	286	20	1
218	286	20	3
225	286	20	1
271	286	20	1
112	287	20	2
124	287	20	2
155	287	20	3
198	287	20	1
199	287	20	3
205	287	20	1
220	287	20	1
224	287	20	2
226	287	20	3
261	287	20	2
268	287	20	3
269	287	20	1
113	288	20	2
121	288	20	2
136	288	20	1
169	288	20	2
196	288	20	1
218	288	20	2
223	288	20	4
224	288	20	1
230	288	20	1
238	288	20	2
124	289	20	1
143	289	20	4
147	289	20	1
149	289	20	1
152	289	20	1
164	289	20	2
181	289	20	2
217	289	20	3
221	289	20	2
271	289	20	2
142	290	20	3
143	290	20	1
173	290	20	1
189	290	20	1
195	290	20	1
214	290	20	1
224	290	20	1
226	290	20	2
250	290	20	2
259	290	20	1
106	291	20	1
117	291	20	4
151	291	20	2
192	291	20	3
262	291	20	3
112	292	20	3
129	292	20	2
131	292	20	2
157	292	20	2
189	292	20	2
192	292	20	1
205	292	20	1
207	292	20	2
213	292	20	3
219	292	20	1
236	292	20	3
237	292	20	1
242	292	20	4
264	292	20	1
133	293	20	2
134	293	20	1
142	293	20	1
148	293	20	1
161	293	20	3
165	293	20	2
219	293	20	2
222	293	20	1
226	293	20	1
261	293	20	1
118	294	20	2
136	294	20	2
141	294	20	1
161	294	20	1
180	294	20	1
194	294	20	1
199	294	20	1
209	294	20	1
214	294	20	2
216	294	20	1
219	294	20	2
222	294	20	1
264	294	20	1
269	294	20	1
116	295	20	1
136	295	20	1
151	295	20	1
173	295	20	1
189	295	20	1
196	295	20	1
198	295	20	1
218	295	20	2
220	295	20	2
266	295	20	1
271	295	20	2
116	296	20	2
120	296	20	1
143	296	20	2
145	296	20	2
157	296	20	2
162	296	20	3
163	296	20	1
170	296	20	1
180	296	20	2
193	296	20	2
194	296	20	3
196	296	20	1
202	296	20	1
212	296	20	2
216	296	20	1
228	296	20	2
133	297	20	1
151	297	20	1
161	297	20	1
249	297	20	1
256	297	20	2
257	297	20	2
268	297	20	1
270	297	20	1
110	298	20	1
123	298	20	1
153	298	20	1
159	298	20	3
165	298	20	2
177	298	20	1
189	298	20	2
192	298	20	1
193	298	20	1
203	298	20	3
230	298	20	2
265	298	20	5
269	298	20	1
129	299	20	2
156	299	20	2
161	299	20	1
194	299	20	1
207	299	20	1
243	299	20	1
257	299	20	1
139	300	20	1
191	300	20	3
232	300	20	2
253	300	20	2
266	300	20	3
114	301	20	2
118	301	20	2
133	301	20	2
155	301	20	1
159	301	20	1
166	301	20	3
216	301	20	1
240	301	20	4
250	301	20	1
268	301	20	1
114	302	20	1
134	302	20	3
167	302	20	1
204	302	20	1
206	302	20	1
219	302	20	2
252	302	20	1
261	302	20	4
101	303	20	4
141	303	20	2
150	303	20	1
156	303	20	4
187	303	20	1
222	303	20	1
266	303	20	1
96	304	20	3
157	304	20	2
158	304	20	2
166	304	20	2
174	304	20	1
185	304	20	1
193	304	20	2
203	304	20	2
234	304	20	1
239	304	20	2
243	304	20	1
262	304	20	1
124	305	20	1
130	305	20	2
177	305	20	1
234	305	20	1
236	305	20	2
252	305	20	3
127	306	20	3
132	306	20	1
136	306	20	1
146	306	20	3
182	306	20	1
191	306	20	2
209	306	20	2
240	306	20	1
241	306	20	1
246	306	20	4
249	306	20	1
261	306	20	1
100	307	20	2
118	307	20	1
124	307	20	1
128	307	20	3
142	307	20	1
158	307	20	2
177	307	20	1
211	307	20	3
213	307	20	1
229	307	20	2
238	307	20	2
241	307	20	2
103	308	20	1
171	308	20	1
184	308	20	1
186	308	20	1
200	308	20	2
205	308	20	2
208	308	20	2
219	308	20	2
220	308	20	1
229	308	20	3
232	308	20	2
235	308	20	1
257	308	20	1
260	308	20	2
130	309	20	1
134	309	20	3
175	309	20	1
201	309	20	1
202	309	20	1
203	309	20	1
205	309	20	2
238	309	20	2
239	309	20	1
246	309	20	1
260	309	20	1
263	309	20	1
267	309	20	2
268	309	20	5
269	309	20	3
118	310	20	1
121	310	20	1
144	310	20	2
178	310	20	1
182	310	20	1
185	310	20	2
198	310	20	1
241	310	20	2
255	310	20	1
107	311	20	1
152	311	20	1
200	311	20	2
201	311	20	1
230	311	20	3
246	311	20	2
264	311	20	1
100	312	20	1
168	312	20	1
173	312	20	1
211	312	20	2
233	312	20	2
247	312	20	2
256	312	20	1
258	312	20	1
94	313	20	1
115	313	20	3
158	313	20	1
164	313	20	1
174	313	20	1
176	313	20	1
182	313	20	1
201	313	20	2
217	313	20	1
227	313	20	1
241	313	20	1
250	313	20	1
142	314	20	2
152	314	20	1
180	314	20	1
201	314	20	1
202	314	20	2
210	314	20	3
237	314	20	1
259	314	20	3
124	315	20	1
133	315	20	4
148	315	20	1
150	315	20	3
156	315	20	1
159	315	20	2
180	315	20	1
194	315	20	2
240	315	20	1
243	315	20	1
250	315	20	1
259	315	20	2
260	315	20	1
262	315	20	3
263	315	20	1
266	315	20	1
131	316	20	2
146	316	20	1
177	316	20	2
178	316	20	3
182	316	20	1
185	316	20	1
198	316	20	1
203	316	20	1
228	316	20	2
232	316	20	1
234	316	20	1
235	316	20	2
256	316	20	2
257	316	20	1
259	316	20	2
103	317	20	5
110	317	20	2
113	317	20	1
115	317	20	1
162	317	20	3
163	317	20	1
177	317	20	5
202	317	20	1
232	317	20	2
233	317	20	4
251	317	20	4
98	318	20	2
113	318	20	2
117	318	20	1
121	318	20	2
129	318	20	1
133	318	20	1
185	318	20	3
187	318	20	2
198	318	20	1
256	318	20	2
263	318	20	1
168	319	20	2
171	319	20	4
190	319	20	2
193	319	20	2
233	319	20	1
237	319	20	2
258	319	20	2
120	320	20	3
141	320	20	2
168	320	20	2
180	320	20	1
187	320	20	2
200	320	20	1
201	320	20	3
241	320	20	1
244	320	20	1
94	321	20	1
112	321	20	1
140	321	20	1
196	321	20	5
197	321	20	3
210	321	20	1
231	321	20	1
237	321	20	1
254	321	20	1
257	321	20	1
97	322	20	1
127	322	20	3
157	322	20	2
180	322	20	2
183	322	20	2
190	322	20	1
226	322	20	1
257	322	20	1
258	322	20	3
99	323	20	2
106	323	20	1
178	323	20	3
193	323	20	2
222	323	20	2
233	323	20	1
161	324	20	2
165	324	20	1
169	324	20	2
173	324	20	3
185	324	20	3
188	324	20	3
193	324	20	1
196	324	20	3
198	324	20	1
200	324	20	2
224	324	20	1
101	325	20	2
111	325	20	3
139	325	20	1
179	325	20	1
181	325	20	2
183	325	20	2
187	325	20	1
188	325	20	2
189	325	20	1
190	325	20	2
195	325	20	1
196	325	20	2
207	325	20	1
216	325	20	3
228	325	20	1
258	325	20	1
122	326	20	2
128	326	20	1
130	326	20	3
177	326	20	1
188	326	20	1
191	326	20	1
194	326	20	2
203	326	20	2
211	326	20	1
212	326	20	1
219	326	20	3
240	326	20	1
261	326	20	1
106	327	20	1
139	327	20	2
145	327	20	3
153	327	20	1
161	327	20	2
188	327	20	3
190	327	20	3
212	327	20	1
228	327	20	1
256	327	20	2
258	327	20	4
261	327	20	1
120	328	20	1
144	328	20	3
156	328	20	1
167	328	20	2
173	328	20	2
183	328	20	2
198	328	20	2
200	328	20	1
212	328	20	1
257	328	20	1
261	328	20	2
98	329	20	1
106	329	20	2
117	329	20	1
120	329	20	1
137	329	20	1
147	329	20	4
158	329	20	3
165	329	20	3
169	329	20	1
180	329	20	2
187	329	20	2
199	329	20	1
210	329	20	2
221	329	20	1
253	329	20	1
122	330	20	1
131	330	20	1
150	330	20	2
157	330	20	1
179	330	20	3
181	330	20	1
195	330	20	1
213	330	20	2
258	330	20	1
259	330	20	2
260	330	20	1
100	331	20	1
118	331	20	1
145	331	20	1
177	331	20	2
180	331	20	1
200	331	20	2
205	331	20	1
249	331	20	3
104	332	20	2
114	332	20	3
150	332	20	2
176	332	20	1
179	332	20	3
180	332	20	1
192	332	20	1
198	332	20	1
209	332	20	1
260	332	20	2
96	333	20	1
117	333	20	1
132	333	20	1
161	333	20	2
174	333	20	1
175	333	20	2
179	333	20	1
193	333	20	1
204	333	20	1
210	333	20	1
227	333	20	2
235	333	20	2
244	333	20	2
250	333	20	3
131	334	20	2
143	334	20	1
151	334	20	2
153	334	20	2
158	334	20	2
160	334	20	1
177	334	20	5
183	334	20	1
186	334	20	2
205	334	20	3
207	334	20	2
210	334	20	2
244	334	20	1
253	334	20	2
256	334	20	1
179	335	20	1
182	335	20	2
239	335	20	1
134	336	20	1
137	336	20	1
144	336	20	1
169	336	20	1
175	336	20	2
188	336	20	1
199	336	20	2
205	336	20	2
207	336	20	1
222	336	20	1
224	336	20	1
230	336	20	1
248	336	20	2
260	336	20	3
173	337	20	1
194	337	20	2
220	337	20	3
233	337	20	1
236	337	20	4
169	338	20	1
190	338	20	2
226	338	20	1
173	339	20	2
242	339	20	2
246	339	20	1
249	339	20	1
177	340	20	1
201	340	20	1
233	340	20	2
248	340	20	1
157	341	20	2
167	341	20	1
173	341	20	2
214	341	20	1
234	341	20	1
238	341	20	1
242	341	20	1
246	341	20	2
173	342	20	2
185	342	20	1
217	342	20	2
227	342	20	1
194	343	20	1
219	343	20	1
243	343	20	1
161	344	20	1
178	344	20	2
216	344	20	1
242	344	20	2
183	345	20	2
209	345	20	4
223	345	20	1
240	345	20	1
187	346	20	1
213	346	20	4
217	346	20	1
190	347	20	1
198	347	20	1
201	347	20	2
202	347	20	2
173	348	20	2
192	348	20	1
232	348	20	1
236	348	20	1
178	349	20	1
179	349	20	2
186	349	20	1
190	349	20	1
212	349	20	1
229	349	20	1
235	349	20	2
165	350	20	2
169	350	20	1
184	350	20	1
207	350	20	1
221	350	20	1
237	350	20	1
206	351	20	1
178	352	20	1
197	352	20	3
216	352	20	1
231	352	20	1
173	353	20	3
178	353	20	2
212	353	20	1
178	354	20	1
208	354	20	2
210	354	20	1
230	354	20	2
200	355	20	2
218	355	20	2
229	356	20	1
182	357	20	2
198	357	20	1
199	357	20	3
207	357	20	2
215	357	20	4
169	358	20	3
178	358	20	1
211	358	20	1
220	358	20	1
222	358	20	1
171	359	20	1
173	359	20	1
175	359	20	1
176	359	20	3
191	359	20	2
200	359	20	2
218	359	20	1
176	360	20	2
186	360	20	1
206	360	20	1
219	360	20	1
176	361	20	2
185	361	20	1
199	361	20	1
203	361	20	3
205	361	20	2
182	362	20	1
192	362	20	1
204	363	20	2
193	364	20	3
197	365	20	1
129	222	21	1
142	224	21	1
172	224	21	2
159	225	21	4
175	225	21	1
177	225	21	1
180	225	21	1
183	226	21	1
139	228	21	2
146	228	21	1
147	228	21	1
182	228	21	1
154	229	21	1
156	229	21	1
173	230	21	2
188	230	21	2
162	232	21	3
136	233	21	2
144	233	21	1
141	235	21	1
217	235	21	2
131	236	21	2
133	236	21	2
140	236	21	1
141	236	21	1
146	236	21	1
147	236	21	3
127	237	21	2
132	237	21	1
136	237	21	3
138	237	21	1
144	237	21	2
146	237	21	1
154	237	21	1
164	237	21	1
172	237	21	1
132	238	21	1
137	238	21	4
148	238	21	1
149	238	21	4
151	238	21	2
200	238	21	1
129	239	21	2
135	239	21	1
136	239	21	2
139	239	21	4
147	239	21	2
195	239	21	1
126	240	21	1
127	240	21	2
128	240	21	2
130	240	21	1
137	240	21	2
138	240	21	2
146	240	21	1
150	240	21	1
151	240	21	1
190	240	21	1
214	240	21	1
241	240	21	1
126	241	21	3
132	241	21	1
133	241	21	2
147	241	21	1
215	241	21	2
126	242	21	2
128	242	21	1
136	242	21	2
137	242	21	3
140	242	21	2
143	242	21	2
144	242	21	2
215	242	21	3
109	243	21	3
128	243	21	2
129	243	21	1
136	243	21	2
138	243	21	1
143	243	21	1
213	243	21	1
135	244	21	1
141	244	21	2
145	244	21	4
102	245	21	1
116	245	21	3
194	245	21	1
215	245	21	1
217	245	21	1
245	245	21	1
135	246	21	2
137	246	21	1
132	247	21	3
197	247	21	2
232	247	21	1
173	248	21	1
212	248	21	3
218	249	21	1
117	251	21	1
217	251	21	2
220	251	21	1
148	252	21	1
201	252	21	3
219	252	21	1
197	253	21	1
225	253	21	1
228	253	21	2
199	254	21	1
223	254	21	2
228	254	21	1
161	255	21	1
169	255	21	2
225	255	21	2
226	255	21	1
230	255	21	1
231	255	21	1
227	256	21	1
107	257	21	1
161	257	21	1
197	257	21	1
232	257	21	1
124	258	21	4
140	258	21	2
252	258	21	1
163	259	21	1
160	260	21	3
196	260	21	1
130	261	21	2
201	261	21	3
163	262	21	1
189	262	21	1
133	263	21	2
219	263	21	1
162	264	21	2
175	264	21	1
181	264	21	2
158	265	21	1
161	265	21	1
215	265	21	1
222	265	21	2
139	266	21	1
161	266	21	3
162	267	21	2
164	267	21	2
155	268	21	1
114	269	21	1
117	269	21	2
124	269	21	2
154	269	21	1
160	269	21	2
177	269	21	1
208	269	21	3
117	270	21	1
120	270	21	2
164	270	21	3
235	270	21	1
115	271	21	3
119	271	21	1
176	271	21	1
117	272	21	3
124	272	21	1
149	272	21	1
158	272	21	1
163	272	21	4
165	272	21	2
166	272	21	1
167	272	21	1
173	272	21	1
175	272	21	1
120	273	21	1
122	273	21	1
133	273	21	1
151	273	21	1
157	273	21	2
177	273	21	3
178	273	21	2
224	273	21	2
225	273	21	2
113	274	21	2
134	274	21	2
149	274	21	1
154	274	21	1
167	274	21	3
176	274	21	4
224	274	21	2
236	274	21	1
265	274	21	2
165	275	21	1
176	275	21	1
177	275	21	1
219	275	21	1
116	276	21	3
136	276	21	1
165	276	21	3
175	276	21	3
219	276	21	1
267	276	21	1
119	277	21	3
169	277	21	2
174	277	21	2
218	277	21	2
124	278	21	1
157	278	21	6
171	278	21	5
218	278	21	1
221	278	21	2
169	279	21	2
170	279	21	1
176	279	21	1
177	279	21	1
178	279	21	1
186	279	21	1
218	279	21	1
220	279	21	1
225	279	21	1
266	279	21	2
147	280	21	1
167	280	21	1
172	280	21	1
174	280	21	2
204	280	21	1
205	280	21	4
218	280	21	1
227	280	21	1
175	281	21	1
219	281	21	2
225	281	21	1
140	282	21	3
173	282	21	3
220	282	21	3
270	282	21	1
150	283	21	1
173	283	21	1
217	283	21	1
206	284	21	1
230	284	21	1
123	285	21	1
180	285	21	1
223	285	21	2
237	285	21	1
101	286	21	1
217	286	21	1
220	286	21	1
223	286	21	3
219	287	21	1
221	287	21	1
223	287	21	2
134	288	21	1
205	288	21	1
220	288	21	2
224	288	21	1
271	288	21	1
217	289	21	2
225	289	21	1
219	290	21	1
221	290	21	2
178	291	21	2
219	291	21	1
244	292	21	1
271	292	21	1
196	293	21	1
217	293	21	2
142	294	21	1
187	294	21	1
218	294	21	2
235	294	21	1
269	294	21	1
140	295	21	2
215	295	21	1
218	295	21	2
245	295	21	1
126	296	21	1
193	296	21	2
218	296	21	2
154	297	21	2
194	297	21	2
214	297	21	1
217	297	21	1
250	297	21	2
262	297	21	1
162	298	21	2
192	299	21	1
131	300	21	2
153	300	21	4
211	300	21	1
214	300	21	2
239	300	21	3
267	300	21	1
230	301	21	1
252	301	21	1
270	301	21	3
236	302	21	1
105	303	21	2
146	303	21	3
186	303	21	1
207	303	21	1
211	303	21	1
239	303	21	1
190	304	21	5
240	304	21	1
267	304	21	2
204	305	21	1
209	305	21	2
210	305	21	1
223	305	21	3
242	305	21	4
181	306	21	3
208	306	21	2
209	306	21	2
234	306	21	1
235	306	21	2
203	307	21	1
204	307	21	1
236	307	21	2
260	307	21	2
180	308	21	2
201	308	21	1
205	308	21	4
256	308	21	1
260	308	21	1
100	309	21	2
129	309	21	2
170	309	21	1
200	309	21	3
209	309	21	1
242	309	21	2
261	309	21	1
265	309	21	1
114	310	21	1
149	310	21	2
162	310	21	1
166	310	21	2
176	310	21	1
230	310	21	1
177	311	21	3
199	311	21	2
204	311	21	3
212	311	21	2
260	311	21	2
179	312	21	3
201	312	21	1
203	312	21	1
227	312	21	1
257	312	21	3
258	312	21	1
200	313	21	1
241	313	21	1
258	313	21	1
260	313	21	2
261	313	21	1
262	313	21	2
175	314	21	2
203	314	21	1
204	314	21	3
230	314	21	1
237	314	21	1
256	314	21	1
260	314	21	1
115	315	21	2
163	315	21	2
211	315	21	2
214	315	21	2
256	315	21	2
265	315	21	2
181	316	21	1
203	316	21	1
208	316	21	2
237	316	21	2
256	316	21	1
260	316	21	1
178	317	21	1
232	317	21	1
257	317	21	2
146	318	21	2
182	318	21	1
233	318	21	2
260	318	21	2
264	318	21	3
266	318	21	1
152	319	21	2
166	319	21	1
184	319	21	1
241	319	21	2
247	319	21	1
92	320	21	1
257	320	21	1
118	321	21	1
167	321	21	1
183	321	21	2
249	321	21	1
256	321	21	1
260	321	21	1
264	321	21	1
178	322	21	1
182	322	21	1
258	322	21	2
179	323	21	2
181	323	21	2
185	323	21	2
200	323	21	1
201	323	21	1
243	323	21	2
178	324	21	1
180	324	21	2
184	324	21	6
186	324	21	1
188	324	21	2
196	324	21	1
177	325	21	1
181	325	21	2
186	325	21	1
190	325	21	2
195	325	21	1
96	326	21	2
189	326	21	1
94	327	21	1
156	327	21	1
180	327	21	2
147	328	21	1
173	328	21	3
202	328	21	2
260	328	21	3
100	329	21	1
131	330	21	1
228	330	21	1
105	331	21	1
141	331	21	2
183	331	21	1
230	331	21	3
257	331	21	2
260	331	21	3
138	332	21	1
181	332	21	1
260	332	21	1
261	332	21	1
181	333	21	2
210	333	21	1
259	333	21	1
223	334	21	1
255	334	21	1
259	334	21	1
260	334	21	2
134	335	21	1
170	335	21	1
181	335	21	1
237	335	21	2
259	335	21	1
173	336	21	1
178	336	21	1
183	336	21	1
260	336	21	1
175	337	21	2
177	337	21	1
145	338	21	2
180	338	21	1
240	338	21	1
173	339	21	2
175	339	21	1
242	339	21	1
163	340	21	1
175	340	21	2
237	340	21	2
215	341	21	3
225	341	21	2
169	342	21	1
239	342	21	2
240	344	21	1
244	344	21	1
241	345	21	1
243	345	21	3
180	346	21	1
236	348	21	1
173	349	21	1
198	349	21	2
212	349	21	1
231	350	21	1
190	351	21	1
179	355	21	2
181	355	21	2
169	356	21	1
195	361	21	2
197	363	21	7
154	228	22	1
154	229	22	1
162	230	22	5
131	234	22	2
134	234	22	1
139	234	22	1
132	235	22	3
142	235	22	3
143	235	22	1
145	235	22	1
148	235	22	1
132	236	22	3
136	236	22	2
139	236	22	1
129	237	22	1
133	237	22	1
135	237	22	1
143	237	22	3
139	238	22	1
146	238	22	3
132	239	22	2
141	239	22	4
144	239	22	1
149	239	22	1
216	239	22	1
129	240	22	2
139	240	22	1
141	240	22	1
154	240	22	1
216	240	22	3
133	241	22	2
137	241	22	1
140	241	22	2
146	241	22	1
150	241	22	2
153	241	22	1
132	242	22	2
134	242	22	2
135	242	22	2
136	243	22	1
149	243	22	1
136	244	22	3
145	244	22	2
133	245	22	3
132	246	22	3
217	250	22	1
216	251	22	1
218	252	22	1
223	252	22	3
224	253	22	1
221	254	22	2
226	254	22	1
227	254	22	1
161	255	22	1
229	255	22	3
150	256	22	1
163	256	22	2
196	256	22	2
163	257	22	1
237	257	22	1
163	258	22	1
197	258	22	1
162	260	22	2
163	261	22	4
163	264	22	1
119	267	22	2
120	267	22	1
122	267	22	4
132	267	22	1
160	267	22	1
121	268	22	2
122	268	22	2
157	268	22	2
195	268	22	1
122	269	22	1
159	269	22	1
121	270	22	3
122	270	22	3
125	270	22	1
155	270	22	1
158	270	22	2
179	270	22	1
119	271	22	1
156	271	22	1
164	271	22	2
165	271	22	4
176	271	22	1
181	271	22	1
116	272	22	2
120	272	22	1
155	272	22	2
168	272	22	2
118	273	22	1
165	273	22	2
170	273	22	2
174	273	22	1
179	273	22	1
226	273	22	1
154	274	22	1
156	274	22	1
169	274	22	1
177	274	22	1
164	275	22	2
165	275	22	1
177	275	22	1
178	275	22	2
177	276	22	1
170	277	22	2
176	277	22	2
176	278	22	2
190	278	22	2
227	278	22	2
169	279	22	1
217	279	22	1
226	279	22	1
230	279	22	1
167	280	22	2
168	280	22	1
170	280	22	2
173	280	22	1
224	280	22	1
172	281	22	3
170	282	22	3
172	282	22	1
175	282	22	1
226	282	22	1
271	284	22	1
224	285	22	4
226	285	22	4
221	287	22	1
219	288	22	1
224	288	22	1
198	290	22	1
219	292	22	1
222	292	22	1
218	293	22	1
241	293	22	3
266	294	22	2
269	294	22	2
217	295	22	2
215	296	22	2
269	296	22	1
217	297	22	1
220	297	22	2
268	297	22	3
214	300	22	1
267	300	22	1
189	301	22	1
210	301	22	2
211	301	22	2
264	302	22	3
212	303	22	2
238	303	22	2
266	303	22	2
268	303	22	1
210	304	22	2
236	304	22	3
263	304	22	1
185	305	22	1
258	305	22	1
232	306	22	2
182	307	22	1
204	307	22	1
207	307	22	1
234	307	22	1
262	307	22	2
235	308	22	2
238	308	22	3
260	308	22	2
206	309	22	1
204	310	22	3
209	310	22	1
250	310	22	2
264	311	22	1
258	312	22	1
233	313	22	1
261	313	22	1
200	314	22	1
236	314	22	2
261	314	22	1
179	315	22	1
226	315	22	1
257	315	22	1
261	315	22	3
263	315	22	2
262	316	22	2
179	317	22	1
256	317	22	1
176	318	22	1
240	318	22	1
258	318	22	1
260	318	22	1
262	318	22	1
180	319	22	2
184	320	22	3
182	321	22	1
191	321	22	2
256	321	22	1
257	321	22	1
181	322	22	1
259	322	22	2
185	323	22	1
187	323	22	1
191	323	22	1
194	323	22	1
197	323	22	1
259	323	22	1
261	323	22	2
180	324	22	3
181	324	22	2
182	324	22	1
184	324	22	1
194	324	22	3
196	324	22	2
146	325	22	3
181	325	22	1
182	325	22	1
199	325	22	1
215	325	22	1
202	326	22	1
259	326	22	1
260	326	22	3
98	328	22	1
200	328	22	1
99	329	22	1
201	329	22	3
103	330	22	1
182	330	22	1
184	330	22	1
94	331	22	1
259	331	22	1
260	331	22	2
100	332	22	2
180	334	22	1
259	334	22	1
176	335	22	1
179	337	22	1
179	339	22	1
235	340	22	3
240	343	22	1
242	343	22	2
243	343	22	1
245	343	22	2
244	344	22	2
180	360	22	1
156	225	23	1
157	225	23	1
180	225	23	2
158	226	23	1
155	228	23	4
157	229	23	1
156	230	23	2
152	231	23	1
157	231	23	2
134	234	23	1
140	234	23	2
146	234	23	2
140	235	23	3
141	235	23	1
144	235	23	3
145	235	23	2
146	235	23	1
148	235	23	2
146	236	23	4
150	236	23	2
133	237	23	2
142	237	23	1
130	238	23	1
133	238	23	1
139	238	23	1
140	238	23	1
145	238	23	1
150	238	23	1
217	238	23	1
131	239	23	1
138	239	23	2
148	239	23	2
130	240	23	1
142	240	23	2
130	241	23	1
132	241	23	2
135	241	23	1
138	241	23	2
141	241	23	1
142	241	23	5
143	241	23	1
145	241	23	1
149	241	23	4
150	241	23	1
146	242	23	1
149	242	23	1
213	242	23	2
215	242	23	1
130	243	23	1
132	243	23	3
134	243	23	1
140	243	23	3
227	243	23	3
139	244	23	2
142	244	23	1
134	246	23	1
215	248	23	1
227	249	23	3
218	250	23	2
219	251	23	2
222	252	23	4
192	253	23	2
222	253	23	1
223	253	23	1
224	253	23	1
196	254	23	1
223	254	23	1
162	255	23	2
197	255	23	2
226	255	23	1
231	255	23	1
193	257	23	1
224	257	23	1
178	258	23	2
197	259	23	1
220	262	23	2
119	263	23	3
218	263	23	1
124	266	23	1
119	267	23	1
121	267	23	1
124	267	23	1
117	269	23	1
240	269	23	1
120	270	23	1
156	270	23	1
166	271	23	1
154	272	23	2
167	272	23	1
177	272	23	2
158	273	23	1
164	273	23	1
165	273	23	2
166	273	23	2
168	273	23	1
177	273	23	1
169	274	23	1
176	274	23	2
226	274	23	2
167	275	23	2
173	275	23	2
224	275	23	1
172	276	23	2
179	276	23	1
166	277	23	1
174	277	23	2
176	277	23	1
169	278	23	2
170	279	23	3
175	279	23	1
179	279	23	3
219	279	23	2
176	280	23	1
168	281	23	1
169	281	23	2
174	281	23	1
177	281	23	1
210	281	23	1
176	282	23	1
174	283	23	1
172	284	23	2
173	284	23	1
176	284	23	1
226	284	23	1
202	285	23	1
203	287	23	1
222	291	23	3
268	292	23	1
271	292	23	1
220	293	23	1
266	293	23	1
267	293	23	2
271	293	23	2
217	294	23	1
219	294	23	1
266	294	23	1
269	294	23	2
266	295	23	1
215	296	23	2
218	296	23	1
269	297	23	1
269	298	23	1
215	299	23	1
267	299	23	1
207	301	23	1
235	301	23	1
236	301	23	2
264	301	23	1
268	301	23	3
236	302	23	3
136	303	23	1
212	304	23	1
237	304	23	3
208	305	23	3
234	305	23	2
264	305	23	2
265	305	23	2
183	306	23	1
241	306	23	1
267	306	23	1
185	307	23	2
205	307	23	1
235	307	23	2
236	307	23	1
240	307	23	2
259	307	23	1
262	308	23	1
266	308	23	4
181	309	23	4
203	309	23	1
257	309	23	1
261	309	23	2
176	310	23	1
260	310	23	1
234	311	23	1
257	311	23	1
173	312	23	2
176	312	23	2
176	313	23	4
239	313	23	3
258	313	23	2
262	313	23	1
176	314	23	3
232	314	23	2
263	314	23	1
179	315	23	2
245	315	23	1
257	315	23	1
258	315	23	2
259	315	23	2
260	315	23	1
262	315	23	2
265	315	23	3
172	316	23	2
261	316	23	1
264	316	23	1
179	317	23	1
181	317	23	1
256	317	23	1
257	317	23	2
265	317	23	1
182	318	23	1
184	318	23	2
254	318	23	2
258	318	23	1
259	318	23	3
261	318	23	1
262	318	23	1
166	319	23	1
182	319	23	2
256	319	23	2
258	319	23	1
259	319	23	2
261	319	23	1
262	319	23	1
183	321	23	2
187	321	23	1
256	321	23	1
260	321	23	1
256	322	23	1
259	322	23	1
182	323	23	1
184	323	23	2
185	323	23	1
186	325	23	1
188	325	23	1
183	326	23	1
192	326	23	1
194	326	23	4
259	326	23	2
99	327	23	2
94	328	23	2
97	328	23	1
199	328	23	3
186	329	23	2
259	329	23	2
94	330	23	1
180	330	23	2
184	330	23	2
259	330	23	1
102	331	23	2
201	331	23	2
260	331	23	1
182	333	23	1
192	334	23	1
175	336	23	2
260	336	23	4
235	340	23	2
240	342	23	1
242	342	23	3
243	343	23	1
244	344	23	3
179	222	24	2
181	222	24	1
180	223	24	1
181	223	24	1
182	223	24	3
179	224	24	1
156	226	24	1
157	226	24	2
174	226	24	2
157	227	24	1
156	229	24	2
157	229	24	2
158	229	24	2
151	231	24	2
162	231	24	1
149	232	24	2
153	232	24	2
135	234	24	1
138	234	24	1
143	234	24	3
151	234	24	2
135	235	24	1
136	235	24	1
145	235	24	1
151	235	24	2
137	236	24	1
140	236	24	3
141	236	24	1
144	236	24	3
146	236	24	1
138	237	24	2
145	237	24	1
137	238	24	1
146	238	24	2
149	238	24	1
150	238	24	2
132	239	24	1
133	239	24	1
108	240	24	1
142	240	24	2
140	241	24	2
142	241	24	1
144	241	24	2
140	242	24	1
132	243	24	2
134	243	24	1
131	244	24	1
137	244	24	2
141	244	24	1
146	244	24	2
135	245	24	1
137	245	24	1
141	246	24	1
227	246	24	2
228	247	24	1
224	248	24	1
138	249	24	1
216	249	24	3
230	249	24	1
222	251	24	2
131	252	24	2
134	252	24	2
141	253	24	1
220	253	24	2
222	253	24	3
140	254	24	1
227	254	24	3
143	255	24	2
197	257	24	2
196	258	24	1
199	258	24	1
120	261	24	1
196	261	24	2
198	261	24	1
116	262	24	2
119	262	24	3
124	262	24	2
223	262	24	2
117	263	24	3
120	263	24	2
121	263	24	2
217	263	24	1
221	263	24	3
118	264	24	2
119	264	24	1
163	264	24	2
117	265	24	2
118	265	24	1
119	265	24	2
120	265	24	2
127	265	24	2
216	265	24	1
117	266	24	1
119	266	24	1
126	266	24	1
215	266	24	2
165	267	24	2
127	268	24	3
210	268	24	1
156	269	24	1
165	269	24	1
127	270	24	2
131	271	24	1
128	272	24	1
166	272	24	1
165	273	24	1
166	274	24	1
169	274	24	1
179	274	24	2
166	275	24	4
167	275	24	2
170	276	24	1
171	276	24	1
181	276	24	2
168	277	24	1
169	277	24	2
177	277	24	1
180	277	24	1
220	277	24	1
168	279	24	1
170	279	24	1
171	279	24	1
173	279	24	1
180	279	24	1
168	280	24	1
169	280	24	1
170	280	24	1
172	280	24	2
174	280	24	3
168	281	24	2
171	281	24	1
179	281	24	1
176	282	24	1
204	283	24	1
176	284	24	1
177	284	24	2
206	284	24	3
204	285	24	1
276	286	24	2
276	287	24	1
201	289	24	1
275	289	24	2
225	290	24	1
274	290	24	1
197	291	24	1
198	291	24	1
275	291	24	2
269	292	24	2
194	294	24	1
237	294	24	1
266	295	24	1
191	296	24	1
236	297	24	1
269	297	24	1
266	298	24	2
213	299	24	1
236	299	24	2
237	299	24	1
264	299	24	1
265	299	24	2
189	300	24	4
235	300	24	1
238	300	24	3
235	301	24	2
238	301	24	1
267	301	24	2
235	302	24	2
240	302	24	2
242	302	24	3
263	302	24	3
207	303	24	2
234	303	24	1
237	303	24	1
186	304	24	1
188	304	24	3
238	304	24	1
263	304	24	1
240	305	24	1
241	305	24	3
259	305	24	1
262	305	24	2
264	305	24	1
206	306	24	2
241	306	24	1
259	307	24	3
260	307	24	2
265	307	24	2
202	308	24	3
206	308	24	2
209	308	24	1
263	308	24	1
264	308	24	2
232	309	24	1
237	309	24	1
260	309	24	2
263	309	24	1
178	310	24	1
202	310	24	1
204	310	24	1
238	310	24	2
240	310	24	2
260	310	24	2
231	311	24	1
234	311	24	4
235	311	24	1
260	311	24	2
266	311	24	1
200	312	24	1
239	312	24	2
240	312	24	2
255	312	24	3
257	312	24	1
263	312	24	1
199	313	24	1
238	313	24	2
261	313	24	1
175	314	24	1
203	314	24	1
234	314	24	2
259	314	24	1
260	314	24	1
263	314	24	1
173	315	24	1
175	315	24	1
177	315	24	3
211	315	24	3
258	315	24	2
260	315	24	2
172	316	24	3
169	317	24	4
262	317	24	1
167	318	24	1
168	318	24	3
169	318	24	2
258	318	24	1
260	318	24	3
253	319	24	2
261	319	24	1
263	319	24	1
185	320	24	1
165	321	24	1
181	321	24	2
260	321	24	1
185	322	24	2
241	322	24	1
242	322	24	4
179	323	24	3
187	323	24	4
195	323	24	1
236	323	24	2
186	324	24	1
259	324	24	2
182	325	24	4
185	325	24	1
188	325	24	1
183	326	24	1
185	326	24	1
157	327	24	2
183	327	24	1
201	327	24	1
259	328	24	2
99	329	24	2
154	329	24	2
157	329	24	1
186	329	24	2
97	330	24	2
101	330	24	2
105	330	24	2
132	330	24	1
104	331	24	1
153	331	24	4
181	331	24	2
260	331	24	3
261	331	24	2
102	332	24	2
257	332	24	1
258	333	24	2
178	334	24	3
257	334	24	1
258	334	24	2
181	335	24	1
245	335	24	1
259	335	24	1
181	336	24	2
258	336	24	1
181	359	24	1
186	360	24	2
179	222	25	2
179	223	25	2
179	224	25	1
157	226	25	2
155	228	25	3
161	228	25	1
155	229	25	1
152	230	25	2
158	231	25	1
161	232	25	1
163	233	25	1
137	234	25	2
152	234	25	1
134	235	25	2
136	235	25	1
140	235	25	2
143	235	25	1
144	235	25	3
150	235	25	1
133	236	25	2
133	237	25	1
134	237	25	2
139	237	25	1
141	237	25	2
145	237	25	1
249	237	25	1
140	238	25	4
246	238	25	1
131	239	25	5
134	239	25	1
135	239	25	1
136	239	25	3
132	240	25	2
134	240	25	2
228	240	25	3
134	241	25	1
136	241	25	2
226	241	25	1
134	242	25	2
131	243	25	2
134	243	25	2
227	243	25	1
134	245	25	1
135	246	25	1
139	246	25	2
144	246	25	1
140	247	25	2
195	249	25	1
138	250	25	3
229	250	25	1
230	251	25	4
225	253	25	1
121	259	25	1
198	259	25	2
223	260	25	1
118	261	25	2
122	261	25	2
199	261	25	2
119	263	25	3
219	263	25	4
126	265	25	1
123	266	25	1
128	266	25	1
181	271	25	3
180	274	25	2
175	276	25	1
177	276	25	1
164	278	25	1
165	278	25	1
170	278	25	2
173	278	25	1
176	278	25	2
177	278	25	3
178	278	25	1
165	279	25	2
170	279	25	2
177	279	25	1
273	279	25	2
274	280	25	1
169	281	25	1
176	281	25	2
177	281	25	2
165	282	25	2
169	282	25	2
174	282	25	2
275	285	25	1
277	287	25	1
199	289	25	1
270	290	25	1
271	290	25	2
277	290	25	3
271	291	25	1
266	292	25	1
268	292	25	2
270	293	25	1
269	294	25	1
266	295	25	1
269	296	25	1
238	297	25	5
268	297	25	3
268	298	25	1
238	299	25	1
266	300	25	1
240	301	25	1
262	301	25	2
264	301	25	2
265	301	25	1
237	302	25	1
238	302	25	1
234	305	25	1
233	306	25	2
236	307	25	2
264	307	25	1
232	308	25	1
243	308	25	2
230	309	25	2
258	309	25	1
208	310	25	2
260	310	25	1
206	311	25	1
230	311	25	2
233	311	25	2
258	311	25	3
260	311	25	2
262	311	25	3
263	312	25	1
260	313	25	1
232	314	25	1
256	314	25	1
257	314	25	1
258	314	25	4
262	314	25	1
176	315	25	1
210	316	25	3
256	316	25	2
262	316	25	1
257	317	25	1
261	317	25	3
258	318	25	1
261	318	25	2
240	320	25	2
241	320	25	2
257	320	25	1
238	321	25	3
241	321	25	1
258	321	25	1
260	322	25	1
237	324	25	2
259	324	25	1
258	325	25	1
188	327	25	1
258	327	25	2
183	329	25	1
107	331	25	5
153	332	25	1
144	337	25	1
180	221	26	2
182	222	26	1
180	223	26	1
181	223	26	1
178	225	26	1
174	226	26	1
178	226	26	2
157	230	26	3
159	230	26	3
160	230	26	1
168	230	26	1
157	231	26	2
142	233	26	1
144	233	26	1
142	234	26	1
144	234	26	1
152	234	26	1
136	235	26	3
140	235	26	1
250	235	26	2
145	236	26	1
134	237	26	2
135	237	26	1
140	237	26	1
142	237	26	1
248	237	26	5
249	237	26	1
133	238	26	1
137	238	26	2
143	238	26	1
144	238	26	2
248	238	26	1
131	239	26	3
134	239	26	2
242	239	26	1
136	240	26	1
110	241	26	3
131	241	26	3
226	241	26	2
136	243	26	2
136	244	26	1
134	245	26	3
137	245	26	3
226	246	26	1
228	247	26	1
226	248	26	2
229	251	26	1
226	252	26	2
123	253	26	2
224	253	26	4
121	257	26	2
122	257	26	1
121	258	26	1
120	259	26	2
123	259	26	1
125	266	26	1
125	267	26	1
120	268	26	3
119	269	26	3
121	269	26	1
123	269	26	2
122	270	26	3
127	270	26	1
176	275	26	2
178	275	26	1
171	276	26	1
172	276	26	2
178	277	26	1
169	278	26	2
175	278	26	2
171	279	26	2
172	279	26	2
176	279	26	1
173	280	26	1
174	280	26	2
176	280	26	1
274	280	26	1
169	281	26	1
273	281	26	1
167	282	26	4
177	282	26	2
274	282	26	3
275	282	26	1
273	283	26	1
274	283	26	1
181	287	26	1
183	288	26	2
268	293	26	2
271	294	26	2
268	295	26	1
266	297	26	1
237	306	26	3
231	307	26	2
237	307	26	1
229	308	26	1
231	309	26	2
209	311	26	2
259	311	26	1
260	311	26	1
262	311	26	3
209	312	26	1
243	312	26	1
257	312	26	1
208	313	26	3
257	313	26	1
259	313	26	2
211	314	26	1
262	314	26	2
211	315	26	1
258	315	26	1
261	315	26	1
210	316	26	2
257	316	26	3
258	316	26	1
260	316	26	1
263	316	26	1
256	317	26	1
258	317	26	3
237	319	26	1
239	320	26	1
241	321	26	1
242	321	26	1
240	322	26	1
238	323	26	2
259	331	26	2
186	359	26	1
186	360	26	2
183	222	27	1
160	229	27	2
155	231	27	1
162	231	27	1
164	231	27	3
161	232	27	2
162	232	27	4
164	232	27	1
155	233	27	1
144	234	27	2
146	234	27	2
152	234	27	1
153	234	27	1
146	235	27	1
250	235	27	2
245	236	27	1
249	236	27	1
250	236	27	1
136	237	27	1
138	237	27	1
243	237	27	2
138	238	27	3
139	238	27	1
241	238	27	3
243	238	27	1
244	238	27	2
132	239	27	1
182	239	27	2
236	239	27	2
241	239	27	2
242	240	27	3
133	241	27	1
135	241	27	1
226	241	27	2
134	242	27	1
134	243	27	1
226	244	27	1
233	245	27	1
246	245	27	3
250	245	27	2
228	246	27	1
194	247	27	1
228	249	27	1
193	251	27	1
227	251	27	1
229	251	27	1
125	255	27	1
120	256	27	3
122	256	27	4
121	257	27	1
122	257	27	1
125	257	27	2
124	258	27	1
119	268	27	2
121	268	27	2
126	268	27	2
123	270	27	2
127	270	27	2
128	270	27	2
127	271	27	2
174	276	27	1
173	277	27	1
174	277	27	3
175	278	27	2
174	279	27	3
175	279	27	2
176	279	27	2
175	280	27	1
274	280	27	1
175	281	27	1
275	281	27	2
165	282	27	2
173	282	27	1
178	282	27	1
274	282	27	1
275	282	27	1
177	283	27	2
178	283	27	2
272	283	27	3
273	283	27	2
170	284	27	1
173	284	27	2
274	284	27	2
168	285	27	2
273	285	27	1
178	286	27	1
271	291	27	2
269	293	27	1
177	294	27	1
199	299	27	2
232	302	27	1
266	303	27	4
237	304	27	2
236	305	27	1
235	308	27	2
240	308	27	1
201	309	27	1
237	309	27	2
261	309	27	1
230	310	27	2
202	311	27	1
209	311	27	2
258	312	27	2
259	312	27	3
213	313	27	1
259	313	27	6
202	314	27	2
208	314	27	1
209	315	27	1
210	315	27	1
239	319	27	1
240	320	27	2
260	320	27	1
238	322	27	2
236	324	27	2
261	324	27	2
233	326	27	2
260	328	27	2
183	361	27	1
115	228	28	3
162	231	28	1
163	231	28	1
164	231	28	2
166	231	28	2
167	231	28	3
162	232	28	1
164	232	28	1
156	233	28	3
166	234	28	2
244	235	28	2
246	235	28	1
250	235	28	3
136	236	28	1
138	236	28	3
143	236	28	2
144	236	28	3
248	236	28	2
250	236	28	1
137	237	28	1
242	237	28	1
243	237	28	1
247	237	28	2
249	237	28	1
136	238	28	3
140	238	28	1
141	238	28	1
146	238	28	1
244	238	28	1
246	238	28	1
250	238	28	1
137	239	28	3
144	239	28	1
232	239	28	1
134	240	28	3
139	240	28	1
184	240	28	3
139	241	28	1
185	241	28	1
137	242	28	2
114	243	28	1
233	243	28	1
235	243	28	4
189	244	28	1
248	244	28	3
230	245	28	2
194	247	28	2
229	250	28	2
235	250	28	1
126	251	28	1
123	252	28	1
126	252	28	1
126	254	28	1
125	255	28	1
124	256	28	3
127	256	28	3
124	267	28	2
123	271	28	1
127	271	28	4
170	271	28	2
167	272	28	1
134	274	28	2
129	275	28	1
134	276	28	2
129	277	28	2
173	277	28	1
175	277	28	1
128	278	28	1
171	279	28	2
175	279	28	2
176	279	28	4
172	280	28	5
177	280	28	3
275	280	28	1
276	280	28	1
174	281	28	4
274	281	28	2
276	281	28	1
165	282	28	1
172	282	28	2
176	282	28	3
177	282	28	1
178	282	28	2
274	282	28	2
275	282	28	1
165	283	28	3
170	283	28	3
171	283	28	2
173	283	28	1
275	283	28	1
175	284	28	1
176	284	28	1
274	284	28	3
164	285	28	1
167	285	28	2
168	285	28	2
178	285	28	1
179	285	28	3
168	288	28	1
192	292	28	1
193	294	28	1
197	295	28	4
179	299	28	1
232	304	28	1
236	305	28	1
230	306	28	1
232	306	28	1
227	307	28	1
228	307	28	1
234	307	28	1
207	308	28	2
225	308	28	1
208	310	28	1
222	310	28	1
211	311	28	2
247	311	28	2
257	312	28	2
204	313	28	2
259	313	28	3
261	313	28	1
260	314	28	3
211	315	28	1
259	315	28	1
210	316	28	2
259	316	28	2
242	317	28	2
259	317	28	1
261	317	28	1
262	317	28	3
239	319	28	1
240	319	28	1
241	319	28	2
239	321	28	3
232	325	28	2
96	327	28	1
94	328	28	2
96	331	28	3
116	223	29	1
112	226	29	2
171	231	29	3
160	233	29	2
250	235	29	1
250	236	29	2
142	237	29	3
250	237	29	2
140	238	29	4
250	238	29	2
251	238	29	3
183	239	29	2
186	239	29	1
178	240	29	2
179	240	29	1
181	240	29	1
182	240	29	1
183	240	29	1
190	240	29	1
180	241	29	1
185	241	29	3
235	242	29	1
237	242	29	1
188	243	29	3
193	243	29	1
234	243	29	2
236	243	29	2
186	244	29	2
189	244	29	2
192	244	29	3
235	244	29	1
190	245	29	1
191	245	29	1
236	246	29	2
189	249	29	2
226	250	29	1
132	254	29	1
125	257	29	4
135	263	29	1
259	266	29	2
259	267	29	4
261	267	29	1
125	268	29	1
257	268	29	2
261	268	29	1
162	269	29	2
123	270	29	1
168	270	29	1
167	271	29	3
121	272	29	3
124	272	29	2
125	272	29	1
132	272	29	2
136	272	29	2
137	272	29	1
137	273	29	1
166	273	29	1
167	273	29	1
128	274	29	1
138	274	29	1
168	274	29	3
137	275	29	6
170	275	29	2
171	275	29	1
167	278	29	1
168	278	29	1
169	278	29	1
170	279	29	1
164	280	29	1
172	280	29	1
175	280	29	5
161	282	29	1
175	282	29	1
274	282	29	4
166	283	29	2
168	283	29	2
174	283	29	1
275	283	29	1
276	283	29	1
164	284	29	1
167	284	29	4
177	284	29	4
274	284	29	2
276	284	29	1
277	284	29	2
177	285	29	1
275	285	29	2
276	285	29	2
169	286	29	2
167	287	29	1
169	287	29	1
176	295	29	3
177	296	29	1
181	299	29	1
183	300	29	1
204	307	29	1
235	307	29	1
236	307	29	4
199	308	29	3
204	308	29	1
206	308	29	2
225	308	29	1
233	308	29	1
203	309	29	2
204	309	29	1
227	309	29	2
229	309	29	1
111	310	29	1
203	310	29	1
202	311	29	1
206	311	29	2
209	311	29	1
249	311	29	1
208	312	29	1
212	312	29	1
205	313	29	2
209	313	29	2
221	313	29	4
258	313	29	2
207	314	29	2
249	314	29	1
212	315	29	2
245	315	29	2
255	316	29	4
259	317	29	1
262	317	29	5
241	318	29	4
243	320	29	3
239	321	29	1
126	324	29	1
123	325	29	2
126	325	29	4
121	326	29	1
94	327	29	1
125	327	29	2
227	327	29	1
95	328	29	3
98	329	29	2
130	329	29	1
134	329	29	2
93	330	29	2
95	330	29	1
97	330	29	1
95	332	29	1
143	332	29	4
95	333	29	2
96	333	29	1
187	360	29	1
220	360	29	3
187	361	29	1
112	227	30	1
192	234	30	1
197	235	30	1
179	238	30	1
183	238	30	1
117	239	30	1
172	239	30	1
181	239	30	1
182	239	30	2
184	239	30	2
186	239	30	1
177	240	30	1
178	240	30	2
181	240	30	1
184	240	30	2
178	241	30	1
179	241	30	1
189	241	30	1
172	242	30	2
182	242	30	1
189	242	30	1
186	243	30	2
189	243	30	3
184	244	30	1
190	244	30	1
193	244	30	3
148	253	30	1
125	255	30	1
250	255	30	1
126	256	30	2
129	256	30	1
125	257	30	1
250	258	30	2
133	259	30	3
136	263	30	1
128	265	30	2
127	267	30	1
258	268	30	2
260	268	30	1
126	269	30	1
123	270	30	3
125	270	30	3
126	270	30	2
134	270	30	1
137	270	30	2
124	271	30	1
138	271	30	1
165	271	30	2
123	272	30	3
125	272	30	2
129	272	30	5
135	272	30	1
165	272	30	1
124	273	30	2
138	273	30	1
140	273	30	2
139	274	30	1
142	274	30	1
167	274	30	1
170	274	30	1
139	275	30	2
143	275	30	1
142	277	30	2
168	278	30	1
163	279	30	2
169	279	30	2
276	280	30	2
159	281	30	2
165	281	30	4
276	281	30	1
275	282	30	1
276	282	30	1
160	283	30	2
163	283	30	1
276	283	30	2
162	284	30	1
163	284	30	1
274	284	30	2
276	284	30	1
165	285	30	1
276	285	30	3
163	286	30	2
170	287	30	1
162	288	30	1
176	292	30	1
177	296	30	1
180	299	30	1
194	305	30	1
198	307	30	1
189	308	30	1
205	308	30	1
210	309	30	1
204	310	30	1
208	310	30	1
212	310	30	1
249	310	30	1
211	311	30	4
247	311	30	1
207	312	30	1
225	312	30	1
206	313	30	1
207	314	30	2
210	316	30	2
245	317	30	4
246	317	30	2
242	318	30	2
243	320	30	2
124	323	30	2
128	324	30	2
128	325	30	1
96	327	30	1
99	329	30	1
93	331	30	1
97	331	30	4
98	331	30	3
141	331	30	3
95	332	30	2
96	333	30	1
96	334	30	1
186	349	30	1
218	359	30	5
218	361	30	1
220	362	30	1
220	363	30	1
190	232	31	1
139	239	31	2
174	239	31	4
185	240	31	2
240	240	31	1
175	241	31	1
183	241	31	1
185	241	31	1
187	241	31	1
188	241	31	2
174	242	31	2
176	242	31	2
179	242	31	1
172	243	31	1
185	243	31	4
188	243	31	3
190	244	31	1
173	245	31	1
185	245	31	2
186	245	31	2
187	245	31	1
126	256	31	3
123	257	31	2
133	258	31	2
124	259	31	1
129	259	31	1
131	260	31	4
256	262	31	1
258	262	31	2
257	263	31	1
127	264	31	1
261	264	31	1
129	265	31	2
261	265	31	1
257	266	31	2
262	266	31	1
264	266	31	2
127	267	31	1
258	267	31	1
261	267	31	3
125	268	31	1
126	268	31	2
260	268	31	2
261	268	31	4
129	269	31	1
123	270	31	3
125	270	31	1
132	270	31	1
129	271	31	1
136	271	31	1
163	271	31	1
164	271	31	1
260	271	31	2
127	272	31	2
135	272	31	1
142	273	31	2
163	273	31	2
143	274	31	2
162	274	31	1
141	275	31	3
165	275	31	1
146	276	31	2
166	277	31	2
260	278	31	1
259	280	31	2
159	281	31	1
162	282	31	3
259	282	31	2
261	282	31	1
262	282	31	1
275	282	31	1
276	282	31	1
275	283	31	3
162	284	31	2
164	284	31	3
166	284	31	2
167	284	31	1
274	284	31	1
275	284	31	3
276	284	31	3
166	285	31	4
162	286	31	1
163	286	31	2
166	286	31	1
163	287	31	2
167	287	31	2
162	288	31	1
164	288	31	1
166	288	31	1
168	288	31	4
169	288	31	1
166	290	31	1
170	292	31	1
174	293	31	1
181	301	31	2
191	307	31	1
197	307	31	1
206	307	31	1
187	308	31	2
197	308	31	1
205	308	31	2
192	309	31	2
187	310	31	1
197	310	31	1
204	310	31	1
205	310	31	2
189	311	31	3
203	311	31	1
210	311	31	1
245	311	31	1
205	312	31	2
210	312	31	2
222	312	31	2
190	313	31	1
211	315	31	1
246	318	31	1
212	319	31	1
242	321	31	1
242	322	31	1
236	323	31	1
98	326	31	1
92	327	31	3
93	327	31	1
98	327	31	1
94	329	31	1
132	329	31	1
94	330	31	1
95	330	31	2
95	331	31	4
96	331	31	1
97	331	31	1
96	333	31	3
96	334	31	2
97	334	31	3
174	339	31	1
184	347	31	1
182	349	31	1
184	350	31	2
223	361	31	2
219	363	31	1
113	225	32	3
114	225	32	2
113	226	32	3
114	226	32	1
181	240	32	1
185	241	32	1
183	242	32	3
185	242	32	2
186	242	32	2
188	242	32	1
176	243	32	1
183	243	32	1
172	244	32	1
176	244	32	1
181	244	32	1
182	244	32	1
189	244	32	1
180	245	32	2
181	245	32	3
186	245	32	1
188	245	32	2
190	245	32	1
193	246	32	2
175	247	32	2
186	247	32	2
134	254	32	1
134	257	32	1
147	257	32	1
149	257	32	2
254	257	32	2
132	258	32	2
165	258	32	1
253	258	32	1
133	259	32	1
134	259	32	4
157	259	32	2
256	261	32	1
130	263	32	1
261	263	32	1
126	264	32	2
126	265	32	3
258	265	32	1
259	265	32	3
261	265	32	1
262	265	32	2
129	267	32	1
130	267	32	1
259	267	32	2
261	267	32	2
165	268	32	1
260	268	32	1
261	268	32	1
126	269	32	3
127	269	32	1
262	269	32	1
126	270	32	2
263	270	32	1
124	271	32	3
125	271	32	1
260	271	32	1
139	272	32	1
166	272	32	1
140	273	32	1
166	273	32	1
167	273	32	1
165	274	32	1
167	274	32	1
141	275	32	3
157	277	32	2
260	277	32	2
262	277	32	2
167	280	32	3
276	281	32	1
164	282	32	2
262	282	32	1
163	283	32	3
164	283	32	2
165	283	32	1
161	284	32	2
164	284	32	3
167	284	32	1
163	285	32	4
163	286	32	1
167	287	32	2
166	289	32	1
167	289	32	1
165	295	32	1
177	298	32	1
118	303	32	1
116	304	32	1
114	307	32	1
194	308	32	3
195	308	32	1
205	308	32	2
186	309	32	2
188	309	32	1
258	309	32	1
113	310	32	1
195	310	32	2
202	310	32	1
111	311	32	2
196	311	32	2
198	311	32	1
225	311	32	1
244	311	32	1
193	312	32	1
199	312	32	1
201	312	32	1
203	312	32	1
207	312	32	1
211	312	32	1
246	312	32	2
247	312	32	1
112	313	32	3
200	313	32	1
212	313	32	1
225	313	32	2
197	314	32	2
211	315	32	1
223	315	32	1
245	315	32	3
197	316	32	1
243	316	32	1
246	316	32	1
243	317	32	1
207	319	32	1
210	319	32	2
246	319	32	2
201	320	32	2
211	320	32	1
212	320	32	2
240	320	32	3
245	320	32	2
246	320	32	3
209	321	32	1
242	321	32	1
236	322	32	2
238	323	32	2
97	328	32	1
92	330	32	2
97	330	32	2
94	331	32	1
94	332	32	1
97	333	32	1
99	333	32	1
204	333	32	1
96	334	32	1
184	336	32	2
187	345	32	1
187	348	32	1
188	348	32	2
186	354	32	2
175	359	32	3
177	359	32	1
179	360	32	1
220	363	32	1
112	228	33	1
114	228	33	2
176	242	33	1
175	243	33	2
181	244	33	1
183	245	33	1
190	245	33	2
208	246	33	2
210	246	33	3
135	254	33	1
136	254	33	1
131	257	33	1
133	257	33	2
147	257	33	1
138	258	33	1
257	258	33	4
258	259	33	1
131	260	33	2
132	260	33	4
149	260	33	2
256	260	33	4
257	260	33	4
258	260	33	4
129	261	33	1
158	261	33	3
256	261	33	1
130	262	33	2
158	262	33	1
164	262	33	1
128	263	33	3
129	263	33	2
132	263	33	1
169	263	33	2
127	264	33	1
157	264	33	1
260	264	33	1
257	265	33	3
126	266	33	1
266	266	33	3
261	267	33	1
263	267	33	1
125	268	33	1
157	268	33	1
163	268	33	3
263	268	33	2
124	269	33	3
127	269	33	1
128	269	33	3
129	269	33	1
263	269	33	2
127	270	33	1
266	270	33	1
127	271	33	2
129	271	33	1
261	272	33	2
157	273	33	1
262	273	33	1
261	274	33	1
155	275	33	2
162	275	33	3
164	275	33	2
263	275	33	1
158	276	33	3
159	276	33	1
261	276	33	1
146	278	33	1
163	278	33	1
164	278	33	3
262	278	33	1
149	279	33	2
157	279	33	1
152	280	33	1
163	281	33	2
162	282	33	3
160	283	33	2
161	283	33	1
162	283	33	2
165	283	33	1
161	284	33	1
164	284	33	2
124	285	33	3
161	286	33	1
162	286	33	2
125	292	33	1
118	298	33	2
121	300	33	2
117	301	33	1
118	301	33	1
120	301	33	1
121	301	33	2
172	301	33	2
118	305	33	3
115	307	33	2
183	307	33	1
116	308	33	1
184	308	33	1
186	308	33	1
189	308	33	2
190	308	33	1
207	308	33	1
185	309	33	1
186	309	33	2
190	309	33	1
191	309	33	1
195	309	33	1
197	309	33	1
198	309	33	1
112	310	33	1
193	310	33	1
208	310	33	1
114	311	33	2
115	311	33	1
186	311	33	1
187	311	33	1
191	311	33	2
194	311	33	1
196	311	33	1
197	311	33	3
189	312	33	2
198	312	33	3
205	312	33	2
111	313	33	4
113	313	33	1
111	314	33	2
207	314	33	2
209	314	33	3
246	314	33	1
247	315	33	1
246	316	33	1
249	316	33	3
119	318	33	3
198	318	33	1
243	318	33	1
246	318	33	2
125	319	33	1
199	319	33	1
201	319	33	2
203	319	33	2
201	321	33	1
210	321	33	1
236	321	33	2
126	323	33	1
239	323	33	2
95	329	33	1
98	329	33	1
92	330	33	2
196	331	33	2
199	332	33	1
98	333	33	1
193	333	33	2
203	333	33	1
204	333	33	1
217	339	33	1
193	341	33	2
214	341	33	1
215	341	33	1
215	343	33	1
212	344	33	2
206	345	33	2
187	346	33	2
199	346	33	2
188	348	33	1
189	348	33	1
190	348	33	1
197	348	33	2
180	349	33	3
186	349	33	1
192	349	33	2
208	349	33	1
209	349	33	2
210	349	33	1
180	350	33	2
187	350	33	1
179	352	33	1
184	352	33	1
177	353	33	1
178	354	33	2
177	355	33	2
179	357	33	1
113	225	34	2
116	225	34	3
115	226	34	1
114	227	34	1
113	228	34	1
115	229	34	2
136	237	34	1
137	237	34	2
139	239	34	1
174	240	34	1
139	242	34	2
138	243	34	2
174	243	34	1
176	243	34	3
176	244	34	1
190	244	34	2
175	245	34	2
179	245	34	1
199	245	34	3
193	246	34	1
208	247	34	2
212	247	34	1
134	250	34	1
130	252	34	1
134	253	34	2
131	254	34	1
136	254	34	1
131	255	34	3
133	255	34	2
133	256	34	1
138	256	34	1
143	256	34	2
131	257	34	1
133	257	34	2
147	257	34	1
252	257	34	2
130	258	34	1
148	258	34	2
250	258	34	1
132	259	34	1
134	259	34	1
130	260	34	3
131	261	34	1
133	261	34	2
134	261	34	1
134	262	34	1
126	263	34	1
129	263	34	1
130	263	34	2
126	265	34	2
154	265	34	1
265	265	34	2
129	266	34	1
154	267	34	1
158	267	34	2
262	267	34	2
266	267	34	1
128	268	34	1
164	268	34	1
260	268	34	2
263	268	34	1
129	269	34	1
264	269	34	1
126	270	34	1
127	270	34	3
154	270	34	1
262	270	34	2
266	270	34	3
157	271	34	1
162	271	34	1
166	271	34	1
157	272	34	1
158	272	34	3
162	272	34	1
163	272	34	1
166	272	34	3
260	272	34	1
159	273	34	1
157	274	34	1
165	274	34	1
261	274	34	1
162	275	34	2
166	275	34	4
158	276	34	1
261	276	34	2
164	277	34	2
165	277	34	3
146	278	34	3
163	278	34	2
263	278	34	3
144	279	34	4
158	279	34	2
161	279	34	2
262	279	34	2
158	280	34	2
261	281	34	4
262	281	34	1
157	283	34	1
165	283	34	2
125	284	34	4
125	289	34	3
161	290	34	1
164	294	34	1
165	294	34	4
166	294	34	1
120	296	34	1
121	296	34	1
253	296	34	1
120	297	34	1
121	297	34	1
165	297	34	1
118	298	34	3
122	298	34	3
118	301	34	2
119	301	34	1
173	301	34	2
121	302	34	2
248	302	34	1
116	303	34	1
114	305	34	3
177	305	34	1
116	306	34	3
118	308	34	1
183	308	34	1
186	308	34	2
188	308	34	3
189	308	34	3
190	308	34	3
191	308	34	1
192	308	34	1
112	309	34	2
116	309	34	3
186	309	34	3
187	309	34	3
193	309	34	1
244	309	34	2
248	309	34	2
187	310	34	1
191	310	34	1
192	310	34	2
197	310	34	1
252	310	34	2
112	311	34	1
114	311	34	4
192	311	34	1
195	311	34	1
199	311	34	1
248	311	34	3
252	311	34	1
110	312	34	2
116	312	34	2
191	312	34	1
194	312	34	1
197	312	34	1
247	312	34	1
109	313	34	2
198	313	34	1
205	313	34	2
111	314	34	1
114	314	34	1
112	316	34	2
242	316	34	1
244	316	34	1
124	317	34	1
244	317	34	1
245	317	34	2
123	318	34	3
200	318	34	1
245	318	34	2
120	319	34	2
240	319	34	1
241	319	34	2
202	320	34	2
243	320	34	2
127	322	34	2
131	322	34	2
199	322	34	1
200	322	34	2
201	322	34	2
234	323	34	3
238	323	34	1
234	324	34	1
242	324	34	3
235	325	34	2
94	327	34	2
146	327	34	2
94	328	34	2
96	328	34	1
98	328	34	1
188	328	34	1
100	329	34	1
100	330	34	3
96	331	34	2
98	332	34	2
100	332	34	2
101	332	34	2
98	333	34	2
126	333	34	4
194	333	34	1
195	333	34	2
199	333	34	3
201	333	34	1
191	334	34	2
193	334	34	1
197	334	34	2
201	334	34	1
192	335	34	3
193	335	34	1
194	335	34	1
192	336	34	1
194	336	34	2
194	337	34	3
215	337	34	2
190	340	34	1
191	340	34	1
211	340	34	1
212	341	34	1
211	342	34	1
192	344	34	1
205	346	34	2
191	347	34	2
192	347	34	1
195	347	34	1
196	347	34	1
198	347	34	1
208	347	34	2
214	347	34	1
182	348	34	2
185	348	34	2
207	348	34	3
212	348	34	4
213	348	34	4
215	348	34	1
198	349	34	1
205	349	34	2
187	350	34	1
194	350	34	2
196	350	34	1
179	352	34	4
181	352	34	3
187	352	34	1
200	352	34	1
204	352	34	2
213	352	34	3
205	353	34	1
207	353	34	3
187	354	34	1
206	354	34	1
180	355	34	2
181	355	34	2
177	357	34	2
218	362	34	1
117	226	35	2
116	228	35	3
114	229	35	1
117	230	35	1
121	234	35	2
123	235	35	2
125	235	35	1
117	236	35	1
129	236	35	2
139	237	35	1
129	238	35	1
138	238	35	1
139	238	35	1
143	240	35	1
138	241	35	1
140	241	35	3
140	242	35	2
139	243	35	1
176	245	35	1
210	246	35	2
213	247	35	2
130	252	35	2
134	252	35	1
133	253	35	2
135	253	35	3
149	253	35	1
137	254	35	1
128	255	35	2
130	255	35	1
138	255	35	1
134	256	35	1
254	256	35	3
130	257	35	2
134	257	35	1
136	257	35	1
137	257	35	2
133	258	35	2
138	258	35	1
136	259	35	1
258	259	35	1
127	260	35	2
149	260	35	1
131	261	35	2
156	261	35	1
256	261	35	1
126	262	35	2
160	262	35	1
128	263	35	3
131	263	35	1
132	263	35	2
156	263	35	1
130	264	35	3
146	264	35	2
157	264	35	1
126	266	35	1
265	266	35	1
127	267	35	3
153	267	35	1
263	267	35	2
130	268	35	2
130	269	35	1
135	271	35	1
264	271	35	1
132	272	35	3
141	272	35	3
160	272	35	1
163	272	35	1
255	272	35	2
142	273	35	2
143	273	35	3
159	273	35	1
140	274	35	1
146	274	35	1
159	274	35	1
161	274	35	2
162	274	35	1
258	274	35	1
157	275	35	3
161	275	35	2
162	276	35	2
163	276	35	2
260	276	35	3
160	277	35	1
261	277	35	1
262	277	35	3
161	278	35	1
162	278	35	2
159	279	35	1
260	279	35	1
125	282	35	2
158	282	35	1
259	282	35	1
126	283	35	1
161	283	35	1
123	285	35	1
146	285	35	1
160	285	35	1
123	286	35	2
123	287	35	1
122	288	35	1
125	289	35	2
124	290	35	1
252	292	35	1
121	294	35	2
160	294	35	2
120	295	35	1
122	295	35	1
255	295	35	2
252	296	35	1
122	297	35	3
118	298	35	1
120	298	35	1
121	298	35	1
171	299	35	1
247	299	35	3
118	300	35	1
169	300	35	2
173	300	35	1
174	300	35	1
249	301	35	2
118	302	35	1
121	303	35	6
175	303	35	3
118	304	35	1
119	304	35	2
176	304	35	4
120	306	35	4
246	306	35	4
114	307	35	1
116	307	35	3
120	307	35	2
176	307	35	1
182	307	35	1
114	308	35	1
181	308	35	1
186	308	35	2
187	308	35	1
188	308	35	1
189	308	35	3
114	309	35	2
133	309	35	1
186	309	35	2
188	309	35	1
245	309	35	1
193	310	35	1
190	311	35	2
192	311	35	1
195	311	35	1
197	311	35	1
198	311	35	2
250	311	35	2
114	312	35	1
199	312	35	2
248	312	35	3
111	313	35	1
195	313	35	1
110	314	35	1
245	314	35	1
113	315	35	3
244	316	35	1
109	317	35	1
121	317	35	2
126	317	35	3
244	317	35	1
122	319	35	2
242	319	35	1
241	320	35	3
132	321	35	1
133	321	35	1
239	321	35	2
242	321	35	1
127	322	35	1
199	322	35	1
237	322	35	1
238	323	35	4
200	324	35	2
236	324	35	1
240	324	35	2
98	325	35	1
131	325	35	2
132	325	35	2
234	325	35	3
239	325	35	1
242	325	35	1
95	327	35	1
96	328	35	1
95	329	35	1
96	329	35	1
237	329	35	1
200	331	35	2
183	333	35	1
189	333	35	1
198	333	35	1
195	334	35	2
186	335	35	1
196	335	35	1
188	336	35	2
194	336	35	2
198	336	35	1
192	337	35	1
199	337	35	1
200	338	35	1
213	339	35	1
210	342	35	3
212	342	35	3
193	343	35	1
189	345	35	1
199	345	35	1
189	346	35	2
206	346	35	2
186	347	35	1
187	347	35	1
211	347	35	1
215	347	35	1
186	348	35	1
195	348	35	2
193	349	35	2
213	349	35	1
187	351	35	3
188	351	35	1
207	351	35	1
210	351	35	2
211	351	35	2
212	351	35	1
180	352	35	1
191	352	35	2
208	352	35	3
211	352	35	1
194	353	35	1
198	353	35	1
207	353	35	1
210	353	35	1
212	353	35	1
178	354	35	1
185	354	35	1
194	354	35	1
202	354	35	1
208	354	35	1
209	354	35	2
178	355	35	2
181	355	35	2
204	355	35	1
205	355	35	2
172	356	35	1
179	356	35	1
204	356	35	1
113	227	36	1
122	231	36	1
119	234	36	1
125	234	36	1
125	235	36	1
136	235	36	2
136	236	36	1
138	239	36	4
139	239	36	1
165	239	36	1
136	240	36	3
138	240	36	1
141	240	36	2
142	240	36	3
141	241	36	2
169	241	36	2
136	242	36	2
175	242	36	1
171	244	36	1
171	245	36	2
132	250	36	2
133	251	36	1
131	253	36	2
136	253	36	2
137	253	36	1
140	253	36	1
135	254	36	1
137	254	36	1
138	254	36	1
141	254	36	2
132	255	36	1
136	255	36	1
132	256	36	7
129	257	36	1
132	257	36	1
135	257	36	2
131	258	36	1
132	258	36	2
256	258	36	1
259	258	36	1
134	259	36	2
252	259	36	1
255	259	36	1
128	260	36	1
128	261	36	2
131	261	36	3
134	261	36	1
127	263	36	4
128	263	36	2
129	263	36	2
262	263	36	1
265	263	36	1
126	264	36	1
130	264	36	1
146	264	36	3
155	264	36	1
263	264	36	4
129	265	36	2
262	265	36	1
264	265	36	3
265	265	36	2
140	266	36	1
153	266	36	1
264	266	36	2
146	267	36	2
127	268	36	2
160	269	36	1
129	270	36	1
157	270	36	2
157	271	36	1
143	273	36	1
163	273	36	1
260	273	36	3
146	274	36	2
159	274	36	2
161	274	36	1
162	274	36	2
163	274	36	3
257	274	36	2
138	275	36	2
139	275	36	1
162	275	36	2
162	276	36	4
163	276	36	1
175	276	36	2
260	276	36	1
158	277	36	2
163	277	36	3
164	278	36	1
161	279	36	1
126	280	36	2
261	281	36	2
262	281	36	3
125	283	36	3
124	285	36	1
124	286	36	2
159	286	36	1
145	288	36	1
152	288	36	1
154	288	36	1
124	289	36	1
124	290	36	3
147	290	36	3
121	292	36	1
122	292	36	1
126	292	36	1
159	292	36	2
120	295	36	1
257	295	36	2
165	297	36	1
120	298	36	1
172	298	36	3
259	298	36	1
166	299	36	1
171	299	36	1
119	300	36	1
171	300	36	1
247	300	36	2
121	301	36	2
174	301	36	1
176	301	36	2
117	302	36	1
176	302	36	2
248	302	36	2
120	303	36	1
175	303	36	2
179	303	36	1
182	303	36	4
114	304	36	2
179	304	36	1
115	306	36	1
116	306	36	2
118	306	36	3
121	306	36	1
112	308	36	1
113	308	36	1
114	308	36	3
117	308	36	1
183	308	36	2
185	308	36	2
187	308	36	1
113	309	36	2
115	309	36	3
186	309	36	2
114	310	36	1
115	310	36	1
185	310	36	4
248	310	36	1
110	311	36	2
191	311	36	2
196	311	36	1
249	311	36	2
250	311	36	4
252	311	36	1
110	312	36	2
190	312	36	1
191	312	36	2
112	315	36	3
122	315	36	1
126	316	36	1
151	318	36	2
130	320	36	1
228	320	36	1
239	321	36	1
240	321	36	1
129	322	36	2
238	322	36	6
240	324	36	2
237	325	36	3
126	326	36	1
94	327	36	1
96	327	36	1
233	327	36	1
97	328	36	2
183	332	36	3
184	332	36	1
151	333	36	1
182	333	36	1
185	333	36	1
186	333	36	1
186	335	36	2
201	335	36	3
194	337	36	2
198	339	36	1
210	340	36	3
211	340	36	1
213	340	36	1
200	344	36	1
189	346	36	1
197	348	36	2
213	348	36	1
214	348	36	1
217	349	36	2
184	350	36	2
187	350	36	1
211	350	36	3
214	351	36	1
185	352	36	1
210	352	36	1
212	352	36	1
215	352	36	3
211	353	36	1
182	355	36	3
203	355	36	2
207	355	36	1
208	355	36	2
210	355	36	2
179	356	36	1
182	356	36	3
183	356	36	2
176	357	36	2
177	357	36	1
179	357	36	2
205	357	36	1
207	357	36	1
179	358	36	1
206	358	36	1
203	361	36	2
123	225	37	1
114	226	37	1
126	226	37	1
116	228	37	1
122	229	37	1
175	229	37	1
116	232	37	1
172	232	37	1
123	233	37	3
129	233	37	2
124	234	37	2
130	234	37	1
119	235	37	2
127	235	37	3
134	236	37	1
137	236	37	1
118	237	37	1
138	237	37	1
143	237	37	1
138	238	37	3
144	238	37	2
135	239	37	1
143	239	37	4
167	239	37	1
166	240	37	5
167	240	37	1
169	240	37	3
137	241	37	1
141	241	37	2
167	241	37	3
125	242	37	3
136	242	37	1
143	242	37	3
165	242	37	1
124	243	37	1
137	243	37	2
139	243	37	1
141	243	37	5
144	243	37	2
169	243	37	2
173	243	37	1
175	243	37	1
126	244	37	1
137	244	37	3
169	244	37	2
171	244	37	1
172	244	37	1
173	245	37	1
175	245	37	1
174	247	37	4
139	253	37	1
140	253	37	1
144	253	37	2
145	253	37	3
148	253	37	3
132	254	37	3
133	254	37	1
134	254	37	1
143	254	37	1
144	254	37	1
133	255	37	1
146	255	37	2
131	256	37	2
132	256	37	2
134	256	37	2
207	256	37	1
132	257	37	2
132	260	37	1
133	260	37	1
209	260	37	1
129	261	37	1
129	262	37	1
133	262	37	3
159	262	37	1
261	262	37	2
128	263	37	2
131	263	37	1
133	263	37	2
140	263	37	3
145	263	37	1
154	263	37	2
156	263	37	1
263	263	37	1
131	264	37	2
143	264	37	1
144	264	37	3
128	265	37	1
263	265	37	1
128	268	37	2
145	269	37	1
151	269	37	1
162	269	37	2
150	270	37	1
146	272	37	5
162	272	37	3
249	272	37	3
251	272	37	1
254	272	37	3
161	273	37	2
160	274	37	2
164	274	37	2
165	274	37	1
145	275	37	1
163	275	37	1
160	276	37	2
258	276	37	5
163	277	37	1
146	278	37	1
163	278	37	1
164	279	37	1
162	280	37	3
258	280	37	2
127	281	37	2
161	281	37	1
258	281	37	1
259	282	37	1
124	284	37	1
128	284	37	2
161	284	37	2
125	285	37	1
126	286	37	2
146	286	37	5
160	286	37	4
126	288	37	1
153	288	37	1
126	289	37	1
160	292	37	1
262	292	37	1
121	293	37	1
256	293	37	3
259	293	37	1
254	294	37	5
259	294	37	3
259	295	37	2
260	297	37	2
173	299	37	3
173	300	37	2
174	300	37	2
173	301	37	1
175	301	37	3
176	301	37	3
177	301	37	4
250	301	37	2
172	302	37	3
176	302	37	4
178	302	37	3
180	302	37	3
174	303	37	3
181	303	37	2
115	304	37	2
117	304	37	1
121	304	37	2
261	304	37	1
114	308	37	1
116	308	37	1
183	308	37	1
181	309	37	3
188	309	37	1
252	309	37	3
112	310	37	3
115	310	37	2
188	311	37	1
189	311	37	1
195	311	37	2
196	314	37	1
118	316	37	2
152	316	37	1
256	316	37	1
117	317	37	1
135	317	37	1
153	317	37	3
117	318	37	1
119	318	37	2
140	318	37	1
146	318	37	2
152	318	37	3
153	318	37	3
115	319	37	2
116	319	37	1
117	319	37	1
146	319	37	1
116	320	37	2
131	320	37	1
143	321	37	3
238	324	37	3
242	324	37	5
241	326	37	3
148	331	37	2
185	332	37	2
185	334	37	2
148	335	37	4
214	337	37	2
209	338	37	1
175	339	37	2
208	341	37	2
209	342	37	3
211	342	37	3
191	343	37	3
197	343	37	2
200	344	37	2
208	344	37	1
189	346	37	2
191	347	37	1
212	348	37	1
210	349	37	1
212	349	37	2
215	349	37	1
211	350	37	2
214	350	37	1
211	352	37	2
215	352	37	1
186	353	37	1
209	353	37	1
213	353	37	5
183	354	37	2
205	354	37	1
203	355	37	1
206	355	37	4
212	355	37	3
207	356	37	1
208	356	37	1
205	357	37	2
206	357	37	1
208	357	37	3
206	358	37	1
113	219	38	1
112	220	38	2
113	220	38	2
125	223	38	2
123	225	38	2
126	225	38	1
126	227	38	1
125	230	38	1
126	230	38	2
173	230	38	1
174	230	38	1
122	231	38	3
140	231	38	1
122	232	38	2
138	232	38	2
173	232	38	1
117	233	38	1
127	233	38	1
129	233	38	2
136	233	38	1
138	233	38	3
169	233	38	2
117	235	38	2
136	235	38	2
197	235	38	1
134	236	38	2
138	236	38	3
166	237	38	1
136	238	38	1
141	238	38	1
143	238	38	1
144	238	38	1
197	238	38	2
126	239	38	1
137	239	38	1
144	239	38	2
166	239	38	1
167	239	38	1
136	240	38	1
162	240	38	2
163	240	38	3
164	240	38	2
166	240	38	2
167	240	38	2
169	240	38	2
128	241	38	3
138	241	38	1
199	241	38	1
126	242	38	4
144	242	38	1
171	242	38	2
197	242	38	1
124	243	38	1
127	243	38	5
136	243	38	1
138	243	38	3
140	243	38	2
168	243	38	1
121	244	38	2
123	244	38	1
135	244	38	2
140	244	38	1
169	244	38	1
172	244	38	3
125	245	38	1
167	245	38	1
168	245	38	1
171	245	38	2
172	245	38	1
173	245	38	1
175	245	38	1
173	246	38	2
174	246	38	1
175	246	38	2
140	248	38	1
140	249	38	2
167	249	38	1
137	250	38	1
131	252	38	1
142	252	38	1
170	252	38	1
236	252	38	1
132	253	38	2
134	253	38	4
147	253	38	1
148	253	38	1
152	253	38	1
132	254	38	1
135	254	38	1
143	254	38	4
132	255	38	1
134	255	38	1
138	255	38	1
139	255	38	1
140	255	38	1
143	255	38	1
144	255	38	1
150	255	38	1
151	255	38	2
169	255	38	1
136	256	38	1
142	256	38	2
151	256	38	1
158	256	38	4
132	257	38	1
139	258	38	2
146	258	38	1
207	258	38	1
250	258	38	1
146	259	38	2
148	259	38	3
169	259	38	2
207	259	38	2
130	260	38	2
134	260	38	1
142	260	38	1
143	260	38	1
168	260	38	1
130	261	38	2
131	261	38	2
139	261	38	2
170	261	38	1
260	261	38	1
264	261	38	1
140	262	38	1
143	262	38	2
149	262	38	3
151	262	38	1
152	262	38	1
128	263	38	1
147	263	38	1
150	263	38	1
154	263	38	1
158	263	38	1
164	263	38	5
167	263	38	1
260	263	38	1
131	264	38	1
143	264	38	1
147	264	38	1
151	264	38	2
152	264	38	3
153	264	38	1
163	264	38	1
166	264	38	3
143	265	38	1
146	265	38	1
165	265	38	1
152	266	38	2
154	266	38	1
143	267	38	1
149	267	38	2
146	268	38	1
152	268	38	3
136	269	38	2
142	270	38	1
137	271	38	1
247	271	38	1
132	272	38	2
133	272	38	1
137	272	38	2
140	272	38	1
142	272	38	1
145	272	38	2
147	272	38	3
253	272	38	1
139	273	38	1
144	273	38	1
145	273	38	1
250	274	38	1
251	274	38	1
252	274	38	2
129	275	38	3
129	276	38	2
134	276	38	2
256	276	38	1
140	277	38	1
143	277	38	2
152	277	38	1
161	277	38	2
164	277	38	2
160	278	38	2
164	278	38	2
126	280	38	1
129	280	38	2
164	280	38	1
128	281	38	1
129	281	38	1
137	281	38	2
139	281	38	1
141	281	38	2
161	281	38	1
127	282	38	2
129	282	38	1
132	282	38	1
135	282	38	1
135	283	38	1
160	283	38	3
125	284	38	3
126	284	38	2
136	284	38	1
140	284	38	1
159	284	38	1
125	285	38	1
129	285	38	1
149	285	38	1
134	286	38	1
153	286	38	1
125	288	38	1
126	288	38	1
154	288	38	2
155	288	38	1
157	290	38	3
154	292	38	1
156	292	38	1
155	294	38	2
255	294	38	1
258	294	38	2
259	294	38	1
155	295	38	2
254	295	38	4
259	295	38	1
251	297	38	1
259	297	38	1
260	297	38	1
172	298	38	4
259	298	38	1
121	300	38	2
173	300	38	1
179	300	38	3
170	301	38	1
172	302	38	3
175	302	38	2
178	302	38	3
126	303	38	2
260	303	38	1
125	304	38	3
176	304	38	2
177	304	38	4
261	304	38	1
259	305	38	3
180	306	38	1
114	307	38	1
254	309	38	4
259	310	38	1
122	314	38	1
119	315	38	2
122	315	38	1
137	315	38	2
148	315	38	1
118	316	38	1
119	316	38	1
114	317	38	1
119	317	38	1
153	317	38	2
116	318	38	1
120	318	38	1
121	318	38	1
140	318	38	1
151	318	38	1
116	319	38	3
142	319	38	2
144	319	38	1
113	320	38	3
116	320	38	1
138	320	38	2
140	320	38	2
146	320	38	1
113	321	38	1
177	321	38	1
143	322	38	1
144	322	38	3
126	323	38	1
140	323	38	2
181	324	38	3
242	324	38	1
133	325	38	1
235	325	38	1
242	325	38	2
242	326	38	3
240	328	38	1
157	329	38	2
148	330	38	1
219	331	38	1
152	332	38	1
155	332	38	1
150	333	38	1
177	333	38	1
181	333	38	2
185	333	38	2
155	334	38	1
183	334	38	2
189	334	38	2
148	335	38	2
181	335	38	4
210	339	38	1
211	339	38	1
215	339	38	3
209	340	38	3
211	341	38	2
191	343	38	1
197	343	38	1
212	345	38	1
188	346	38	3
190	346	38	3
192	346	38	1
248	346	38	2
189	347	38	1
211	347	38	1
214	347	38	1
247	347	38	1
248	347	38	1
187	348	38	1
190	348	38	2
247	348	38	1
211	349	38	1
211	350	38	2
216	351	38	1
211	352	38	1
215	353	38	1
180	354	38	1
209	354	38	2
212	354	38	1
176	355	38	1
211	355	38	2
177	356	38	1
180	356	38	2
207	356	38	1
208	356	38	2
174	357	38	1
181	357	38	1
206	358	38	2
207	358	38	2
208	358	38	1
204	359	38	4
191	361	38	2
193	361	38	2
201	361	38	1
207	361	38	2
191	362	38	4
196	363	38	2
193	364	38	3
115	218	39	2
113	219	39	5
114	219	39	1
113	220	39	1
119	223	39	2
122	223	39	1
124	223	39	3
120	224	39	2
126	226	39	3
134	228	39	2
147	228	39	2
149	228	39	1
136	229	39	2
144	229	39	1
123	230	39	2
138	230	39	1
139	230	39	2
145	230	39	2
172	230	39	3
121	231	39	1
135	232	39	1
174	232	39	1
128	233	39	2
140	233	39	1
194	233	39	2
198	233	39	1
199	233	39	2
137	234	39	1
195	234	39	2
202	234	39	1
154	235	39	2
168	235	39	2
142	236	39	2
167	236	39	3
195	236	39	1
198	236	39	1
199	236	39	2
118	237	39	1
120	237	39	3
136	237	39	2
137	237	39	2
139	237	39	2
140	237	39	3
144	237	39	2
198	237	39	1
200	237	39	1
116	238	39	2
140	238	39	2
142	238	39	4
143	238	39	3
167	238	39	2
201	238	39	2
135	239	39	2
139	239	39	2
162	239	39	1
164	239	39	2
127	240	39	1
135	240	39	2
139	240	39	1
144	240	39	1
163	240	39	1
166	240	39	1
197	240	39	1
128	241	39	1
169	241	39	1
127	242	39	2
165	242	39	1
168	242	39	1
169	242	39	2
171	242	39	1
128	243	39	3
129	243	39	2
131	243	39	2
133	243	39	2
166	243	39	1
171	243	39	1
174	243	39	1
124	244	39	1
125	244	39	3
136	244	39	1
139	244	39	5
140	244	39	1
141	244	39	3
142	244	39	2
143	244	39	1
169	244	39	3
167	245	39	1
175	245	39	1
177	245	39	2
172	246	39	2
173	246	39	2
125	247	39	2
127	247	39	1
168	247	39	1
174	247	39	2
129	248	39	1
133	249	39	2
134	249	39	2
135	249	39	2
136	249	39	3
140	249	39	1
122	250	39	1
140	250	39	2
136	251	39	2
137	251	39	2
134	252	39	1
136	252	39	1
143	252	39	1
237	252	39	2
127	253	39	1
132	253	39	1
135	253	39	1
141	253	39	2
247	253	39	4
124	254	39	1
132	254	39	1
138	254	39	1
140	254	39	1
142	254	39	2
144	254	39	1
153	254	39	1
154	254	39	3
168	254	39	1
236	254	39	2
136	255	39	4
141	255	39	1
143	255	39	3
152	255	39	1
155	255	39	3
153	256	39	1
155	256	39	3
156	256	39	2
133	257	39	1
136	257	39	1
138	257	39	1
139	257	39	1
254	257	39	2
147	258	39	1
151	258	39	1
154	258	39	2
155	258	39	1
168	258	39	1
208	258	39	1
132	259	39	2
134	259	39	1
137	259	39	1
138	259	39	1
144	259	39	2
147	259	39	1
211	259	39	3
251	259	39	3
252	259	39	1
133	260	39	3
138	260	39	2
145	260	39	1
150	260	39	2
159	260	39	2
169	260	39	1
255	260	39	2
130	261	39	2
142	261	39	1
148	261	39	1
150	261	39	2
151	261	39	1
152	261	39	3
166	261	39	2
167	261	39	1
205	261	39	5
252	261	39	1
254	261	39	3
132	262	39	1
143	262	39	1
146	262	39	4
148	262	39	1
156	262	39	1
261	262	39	2
262	262	39	1
129	263	39	2
132	263	39	2
139	263	39	1
146	263	39	1
150	263	39	2
152	263	39	2
153	263	39	2
154	263	39	1
157	263	39	2
158	263	39	1
167	263	39	3
168	263	39	1
142	264	39	1
144	264	39	2
145	264	39	1
151	264	39	1
152	264	39	2
153	264	39	2
154	264	39	1
155	264	39	1
165	264	39	2
166	264	39	3
263	264	39	1
147	265	39	4
155	265	39	1
167	265	39	1
147	266	39	1
153	266	39	2
163	266	39	1
165	266	39	2
261	266	39	1
142	267	39	1
256	267	39	1
259	267	39	3
131	268	39	1
134	268	39	1
135	268	39	2
147	268	39	1
167	268	39	2
259	268	39	2
132	269	39	1
136	269	39	2
143	269	39	5
144	269	39	2
132	270	39	1
142	270	39	1
146	270	39	4
154	270	39	1
167	270	39	2
244	270	39	1
245	270	39	1
143	271	39	1
144	271	39	2
145	271	39	3
247	271	39	1
135	272	39	2
141	272	39	2
143	272	39	1
166	272	39	1
227	272	39	2
251	272	39	3
146	273	39	1
151	273	39	2
139	274	39	1
141	274	39	1
142	274	39	1
143	274	39	1
144	274	39	2
146	274	39	2
148	274	39	1
162	274	39	1
131	275	39	1
133	275	39	1
135	275	39	2
136	275	39	2
144	275	39	1
146	275	39	1
129	276	39	1
132	276	39	1
138	276	39	1
145	276	39	2
148	276	39	1
149	276	39	2
233	276	39	1
130	277	39	3
131	277	39	1
140	277	39	1
143	277	39	1
144	277	39	2
147	277	39	3
149	277	39	1
153	277	39	3
129	278	39	1
138	278	39	2
147	278	39	2
162	278	39	3
164	278	39	2
128	279	39	1
136	279	39	2
142	279	39	1
145	279	39	1
147	279	39	2
148	279	39	1
149	279	39	1
163	279	39	1
142	280	39	1
138	281	39	2
141	281	39	2
130	282	39	1
136	282	39	2
138	282	39	2
160	282	39	2
125	283	39	1
136	283	39	1
142	283	39	3
133	284	39	1
138	284	39	2
134	285	39	2
137	285	39	1
139	285	39	3
141	285	39	2
169	285	39	2
158	286	39	2
172	286	39	2
173	286	39	1
134	287	39	2
157	288	39	1
135	289	39	1
155	290	39	2
158	290	39	1
254	290	39	2
257	290	39	1
154	291	39	1
252	292	39	1
139	293	39	1
159	293	39	1
253	293	39	1
140	294	39	1
159	294	39	1
258	294	39	2
159	295	39	3
170	295	39	2
249	295	39	4
131	296	39	2
174	296	39	1
259	296	39	6
121	297	39	2
133	297	39	1
166	297	39	1
171	297	39	1
248	297	39	1
250	297	39	1
123	298	39	2
165	298	39	4
253	298	39	1
123	299	39	1
167	299	39	1
171	299	39	2
174	299	39	1
249	299	39	1
168	300	39	1
174	300	39	2
176	300	39	1
260	300	39	5
261	300	39	1
120	301	39	2
172	301	39	2
176	301	39	2
177	301	39	1
131	302	39	1
172	302	39	3
173	302	39	1
175	302	39	1
180	302	39	1
259	302	39	2
124	303	39	3
174	303	39	1
177	303	39	2
171	304	39	1
172	304	39	1
175	304	39	1
177	304	39	1
180	304	39	1
176	305	39	1
177	305	39	1
182	305	39	2
260	305	39	1
125	306	39	1
128	306	39	1
179	306	39	1
125	308	39	1
260	310	39	1
138	314	39	2
145	314	39	1
120	316	39	2
146	316	39	1
149	316	39	6
141	317	39	2
147	317	39	1
113	318	39	2
114	318	39	2
116	318	39	1
137	318	39	2
136	319	39	2
139	319	39	1
117	320	39	1
140	320	39	2
146	320	39	2
181	320	39	1
149	321	39	1
140	322	39	2
181	324	39	1
241	324	39	1
242	325	39	1
239	327	39	1
241	328	39	1
242	328	39	2
157	329	39	1
238	329	39	1
152	330	39	3
189	330	39	1
149	331	39	2
153	331	39	2
168	331	39	3
186	331	39	2
240	331	39	1
153	332	39	1
157	332	39	1
187	332	39	1
191	332	39	1
154	333	39	2
178	333	39	1
219	333	39	2
151	334	39	3
154	334	39	2
155	334	39	1
160	334	39	2
183	334	39	2
189	334	39	2
156	335	39	1
195	335	39	1
153	336	39	3
154	336	39	1
156	336	39	4
214	336	39	1
242	336	39	1
157	337	39	3
195	337	39	1
214	339	39	1
211	341	39	1
214	341	39	1
201	342	39	1
208	343	39	2
191	344	39	3
211	344	39	3
191	345	39	3
201	345	39	1
191	346	39	1
208	346	39	1
247	346	39	1
248	346	39	1
190	347	39	2
192	347	39	1
247	347	39	1
248	347	39	2
191	348	39	1
213	348	39	1
190	349	39	1
208	349	39	2
210	349	39	2
213	352	39	3
215	353	39	1
211	354	39	1
214	354	39	2
177	355	39	2
207	356	39	1
177	357	39	1
212	357	39	2
192	359	39	4
191	361	39	3
192	361	39	2
195	361	39	3
192	362	39	2
201	362	39	1
205	362	39	2
114	219	40	1
112	220	40	3
111	221	40	2
121	222	40	2
118	224	40	1
120	224	40	1
144	225	40	2
136	226	40	1
138	227	40	2
137	229	40	2
138	229	40	1
142	229	40	1
150	229	40	3
136	230	40	1
138	230	40	1
137	231	40	1
136	232	40	1
203	232	40	1
196	233	40	1
201	233	40	2
118	234	40	2
141	234	40	2
201	234	40	2
118	235	40	1
139	235	40	3
140	235	40	1
142	235	40	1
144	235	40	2
202	235	40	1
115	236	40	2
120	236	40	1
146	236	40	1
168	236	40	1
201	236	40	2
202	236	40	2
136	237	40	2
140	237	40	1
162	237	40	4
163	237	40	2
197	237	40	2
198	237	40	1
142	238	40	1
143	238	40	1
146	238	40	1
159	238	40	1
160	238	40	1
166	238	40	1
167	238	40	1
195	238	40	1
203	238	40	2
204	238	40	2
126	239	40	1
136	239	40	2
139	239	40	2
143	239	40	5
160	239	40	2
126	240	40	1
136	240	40	1
143	240	40	1
162	240	40	5
165	240	40	1
196	240	40	2
162	241	40	2
164	241	40	3
168	241	40	2
126	242	40	2
133	242	40	1
143	242	40	1
168	242	40	5
169	242	40	3
170	242	40	1
140	243	40	1
175	243	40	3
171	244	40	1
176	244	40	1
126	245	40	1
140	245	40	2
163	245	40	2
179	245	40	1
125	246	40	2
139	246	40	2
171	247	40	2
174	247	40	1
121	248	40	1
125	248	40	3
126	248	40	2
174	248	40	2
137	250	40	2
139	250	40	2
231	250	40	1
225	251	40	1
230	251	40	1
134	252	40	1
136	252	40	1
139	252	40	2
231	252	40	1
240	252	40	1
138	254	40	1
139	254	40	3
152	254	40	2
154	254	40	1
137	255	40	2
138	255	40	3
127	256	40	3
137	256	40	1
143	256	40	2
212	256	40	2
132	257	40	3
136	257	40	1
139	257	40	1
157	257	40	3
134	258	40	1
151	258	40	2
174	258	40	1
145	259	40	2
147	259	40	1
160	259	40	1
176	259	40	2
204	259	40	2
254	259	40	2
132	260	40	3
142	260	40	1
144	260	40	2
149	260	40	1
157	260	40	1
158	260	40	2
164	260	40	2
165	260	40	2
172	260	40	1
205	260	40	1
136	261	40	1
149	261	40	1
152	261	40	1
161	261	40	1
167	261	40	1
210	261	40	2
211	261	40	1
249	261	40	2
250	261	40	3
251	261	40	3
257	261	40	1
136	262	40	1
139	262	40	2
140	262	40	1
144	262	40	2
146	262	40	2
154	262	40	3
167	262	40	1
168	262	40	1
222	262	40	2
248	262	40	1
249	262	40	1
142	263	40	2
150	263	40	1
151	263	40	1
153	263	40	1
157	263	40	1
159	263	40	3
130	264	40	1
157	264	40	2
158	264	40	3
160	264	40	1
163	264	40	1
168	264	40	2
144	265	40	1
151	265	40	1
155	265	40	3
156	265	40	1
164	265	40	1
165	265	40	1
222	265	40	3
142	266	40	1
150	266	40	2
151	266	40	1
152	266	40	2
153	266	40	1
256	266	40	2
168	267	40	1
258	267	40	1
150	268	40	1
154	268	40	1
166	268	40	1
246	268	40	1
253	268	40	2
139	269	40	1
151	269	40	1
165	269	40	1
244	269	40	1
245	269	40	3
246	269	40	2
250	269	40	1
252	269	40	2
134	270	40	1
135	270	40	2
136	270	40	3
137	270	40	1
142	270	40	3
144	270	40	1
146	270	40	1
150	270	40	1
164	270	40	2
251	270	40	4
137	271	40	1
138	271	40	1
144	271	40	4
146	271	40	1
136	272	40	1
143	272	40	2
144	272	40	1
151	272	40	1
223	272	40	2
231	272	40	1
245	272	40	1
247	272	40	1
248	272	40	1
251	272	40	1
131	273	40	1
146	273	40	2
150	273	40	2
164	273	40	1
166	273	40	2
143	274	40	2
145	274	40	1
147	274	40	1
247	274	40	1
137	275	40	1
138	275	40	2
141	275	40	2
142	275	40	2
147	275	40	1
150	275	40	1
129	276	40	1
130	276	40	3
131	276	40	1
133	276	40	2
136	276	40	2
137	276	40	1
142	276	40	1
144	276	40	1
147	276	40	2
163	276	40	2
130	277	40	1
143	277	40	1
129	278	40	1
139	278	40	1
141	278	40	1
145	278	40	1
147.5	278	40.5	1
151	278	40	1
157	278	40	1
161	278	40	1
163	278	40	1
164	278	40	2
131	279	40	1
143	279	40	2
149	279	40	1
138	280	40	1
139	280	40	3
140	280	40	3
142	280	40	1
152	280	40	1
161	280	40	1
129	281	40	1
133	281	40	2
142	281	40	2
142	282	40	1
150	282	40	1
159	282	40	1
133	283	40	2
134	283	40	1
139	283	40	1
142	284	40	1
158	284	40	1
135	285	40	1
132	286	40	1
133	286	40	1
137	286	40	1
154	286	40	2
158	286	40	1
160	286	40	1
133	287	40	2
156	287	40	1
134	288	40	1
135	288	40	1
258	288	40	1
135	291	40	1
139	291	40	1
133	292	40	1
138	292	40	1
156	292	40	1
125	293	40	2
139	294	40	4
160	294	40	2
254	294	40	1
121	295	40	2
126	295	40	1
131	295	40	3
252	295	40	2
123	296	40	1
130	296	40	1
134	296	40	2
160	296	40	2
121	297	40	3
172	297	40	1
136	298	40	1
162	298	40	2
169	298	40	1
260	298	40	2
168	299	40	1
169	299	40	2
123	300	40	2
131	300	40	1
260	300	40	1
133	301	40	1
142	301	40	2
168	301	40	1
169	301	40	1
172	301	40	2
177	301	40	2
130	302	40	1
143	302	40	2
171	302	40	1
172	302	40	2
261	302	40	2
128	303	40	1
129	303	40	1
139	303	40	2
181	303	40	2
182	303	40	1
259	303	40	2
124	304	40	1
130	304	40	1
132	304	40	1
139	304	40	1
169	304	40	1
171	304	40	2
180	304	40	1
127	305	40	1
140	305	40	1
181	306	40	2
124	308	40	1
124	309	40	1
123	310	40	1
125	310	40	1
126	310	40	1
119	312	40	3
121	312	40	1
140	313	40	1
118	315	40	1
119	315	40	2
141	315	40	1
147	315	40	2
148	315	40	1
150	315	40	2
119	316	40	2
139	317	40	1
143	317	40	2
147	317	40	3
116	318	40	1
117	318	40	1
148	318	40	1
115	319	40	4
117	319	40	1
152	320	40	2
249	326	40	1
186	327	40	3
242	327	40	2
151	328	40	2
239	328	40	1
242	328	40	1
149	329	40	2
240	329	40	3
151	330	40	1
178	330	40	1
189	330	40	1
242	330	40	2
177	331	40	1
221	331	40	3
156	332	40	2
174	332	40	2
181	332	40	1
188	332	40	1
216	332	40	1
217	332	40	2
218	332	40	2
220	332	40	1
221	332	40	2
150	333	40	1
156	333	40	1
158	333	40	2
176	333	40	1
219	333	40	2
240	333	40	1
151	334	40	1
153	334	40	2
154	334	40	1
244	334	40	1
151	335	40	2
156	335	40	1
165	335	40	3
186	335	40	4
219	335	40	1
247	335	40	1
151	336	40	1
153	336	40	1
158	337	40	1
216	338	40	1
156	339	40	1
223	339	40	1
212	340	40	1
213	340	40	1
245	340	40	1
208	341	40	1
216	341	40	1
221	341	40	1
211	342	40	1
215	342	40	1
220	342	40	3
222	342	40	3
196	343	40	1
220	343	40	2
232	343	40	4
204	344	40	1
210	344	40	2
196	345	40	2
203	345	40	2
209	345	40	1
211	345	40	2
202	346	40	1
191	347	40	1
203	347	40	1
211	347	40	1
208	348	40	1
193	349	40	1
235	350	40	1
182	351	40	1
215	351	40	3
235	351	40	3
211	352	40	2
214	353	40	1
209	355	40	1
174	357	40	2
208	357	40	2
171	358	40	3
172	358	40	1
173	358	40	3
207	359	40	1
173	360	40	4
206	361	40	1
112	220	41	2
111	221	41	1
110	222	41	1
121	222	41	1
144	225	41	1
141	226	41	1
135	227	41	2
141	227	41	2
138	228	41	1
134	229	41	2
136	229	41	2
136	230	41	2
138	231	41	2
143	232	41	2
140	233	41	1
141	233	41	1
204	233	41	1
142	234	41	1
199	234	41	4
146	235	41	1
201	235	41	2
138	236	41	1
141	236	41	3
151	236	41	1
161	236	41	3
167	236	41	2
201	236	41	2
204	236	41	1
140	237	41	2
141	237	41	1
142	237	41	1
163	237	41	1
164	237	41	2
202	237	41	1
134	238	41	1
138	238	41	1
141	238	41	1
146	238	41	1
158	238	41	2
164	238	41	1
166	238	41	3
202	238	41	1
138	239	41	1
141	239	41	1
144	239	41	1
161	239	41	1
162	239	41	3
200	239	41	3
201	239	41	1
139	240	41	1
162	240	41	1
165	240	41	1
127	241	41	2
142	241	41	2
143	241	41	2
164	241	41	3
166	241	41	2
167	241	41	1
128	242	41	1
132	242	41	1
137	242	41	1
140	242	41	2
170	242	41	2
129	243	41	1
139	243	41	1
164	243	41	1
127	244	41	1
165	244	41	4
166	244	41	2
168	244	41	3
170	244	41	1
173	244	41	1
176	244	41	1
128	245	41	1
166	246	41	3
124	247	41	1
178	247	41	3
179	247	41	3
173	248	41	2
130	249	41	2
230	250	41	1
231	250	41	4
232	250	41	1
230	251	41	1
123	252	41	3
141	252	41	1
143	252	41	1
175	252	41	1
229	252	41	1
121	253	41	1
143	253	41	1
227	253	41	2
228	253	41	2
144	254	41	1
243	254	41	2
152	255	41	1
214	255	41	1
120	256	41	1
140	256	41	3
141	256	41	2
143	256	41	1
152	256	41	2
210	256	41	3
137	257	41	1
143	257	41	2
155	257	41	1
158	257	41	1
213	257	41	2
254	257	41	2
138	258	41	1
147	258	41	3
153	258	41	1
154	258	41	2
155	258	41	3
177	258	41	3
211	258	41	2
144	259	41	2
146	259	41	2
148	259	41	1
173	259	41	1
176	259	41	3
205	259	41	1
208	259	41	1
213	259	41	1
140	260	41	1
148	260	41	1
154	260	41	1
157	260	41	3
158	260	41	1
170	260	41	2
175	260	41	1
210	260	41	1
250	260	41	1
253	260	41	2
130	261	41	1
143	261	41	4
146	261	41	4
148	261	41	3
149	261	41	1
174	261	41	1
210	261	41	1
250	261	41	1
119	262	41	2
139	262	41	1
142	262	41	4
146	262	41	1
148	262	41	2
151	262	41	1
158	262	41	3
159	262	41	1
163	262	41	3
164	262	41	3
168	262	41	1
173	262	41	3
207	262	41	2
248	262	41	1
251	262	41	1
151	263	41	1
153	263	41	1
201	263	41	1
232	263	41	2
234	263	41	2
143	264	41	1
145	264	41	1
148	264	41	1
149	264	41	1
158	264	41	3
171	264	41	1
210	264	41	1
249	264	41	2
124	265	41	2
145	265	41	2
149	265	41	3
153	265	41	3
256	265	41	2
120	266	41	1
143	266	41	1
149	266	41	4
150	266	41	3
168	266	41	2
132	267	41	1
148	267	41	5
161	267	41	1
247	267	41	2
253	267	41	1
142	268	41	2
145	268	41	1
146	268	41	1
147	268	41	1
148	268	41	3
153	268	41	2
164	268	41	1
206	268	41	1
248	268	41	1
203	269	41	1
247	269	41	3
248	269	41	1
251	269	41	1
254	269	41	2
258	269	41	2
132	270	41	1
135	270	41	1
137	270	41	1
139	270	41	1
140	270	41	1
142	270	41	2
149	270	41	1
151	270	41	1
132	271	41	2
142	271	41	1
144	271	41	1
153	271	41	2
154	271	41	1
157	271	41	2
218	271	41	1
136	272	41	3
139	272	41	1
145	272	41	2
147	272	41	1
149	272	41	1
151	272	41	2
165	272	41	1
219	272	41	1
220	272	41	2
146	273	41	1
147	273	41	1
150	273	41	2
134	274	41	1
143	274	41	2
146	274	41	2
147	274	41	2
153	274	41	2
156	274	41	1
164	274	41	1
246	274	41	1
247	274	41	2
130	275	41	1
136	275	41	1
137	275	41	2
151	275	41	1
153	275	41	1
157	275	41	1
130	276	41	1
136	276	41	1
141	276	41	2
145	276	41	2
147	276	41	2
162	276	41	1
211	276	41	3
245	276	41	3
246	276	41	1
247	276	41	4
132	277	41	2
133	277	41	1
138	277	41	2
139	277	41	1
142	277	41	2
157	277	41	1
161	277	41	4
131	278	41	1
135	278	41	1
136	278	41	1
149	278	41	1
152	278	41	2
155	278	41	2
164	278	41	1
129	279	41	2
133	279	41	1
138	279	41	3
133	280	41	1
142	280	41	1
144	280	41	2
148	280	41	1
150	280	41	1
154	280	41	5
162	280	41	1
130	281	41	1
145	281	41	1
152	281	41	1
130	282	41	2
137	282	41	1
154	282	41	2
139	283	41	1
151	283	41	1
218	283	41	3
134	284	41	2
155	284	41	2
156	284	41	1
135	286	41	1
140	286	41	3
158	286	41	2
159	286	41	1
160	286	41	1
219	286	41	1
135	287	41	1
136	287	41	2
139	287	41	1
140	287	41	2
141	287	41	3
137	288	41	2
139	288	41	1
157	288	41	1
139	289	41	1
141	289	41	1
135	291	41	2
130	292	41	2
134	292	41	4
155	292	41	3
157	292	41	1
132	293	41	1
134	293	41	3
132	294	41	1
154	294	41	1
159	294	41	1
160	294	41	1
131	295	41	1
135	295	41	2
140	295	41	1
150	295	41	2
143	296	41	1
153	296	41	2
160	296	41	1
252	296	41	2
252	297	41	3
130	298	41	2
131	298	41	3
138	298	41	3
252	298	41	1
256	298	41	3
128	299	41	3
129	299	41	2
149	299	41	1
166	299	41	3
168	299	41	1
260	299	41	1
164	300	41	1
168	300	41	1
172	300	41	1
249	300	41	2
260	300	41	2
172	301	41	2
250	301	41	1
97	302	41	1
125	302	41	1
128	302	41	1
131	302	41	2
132	302	41	1
134	302	41	2
167	302	41	1
168	302	41	3
171	302	41	1
123	303	41	1
124	303	41	1
130	303	41	1
134	303	41	2
138	303	41	3
144	303	41	2
170	303	41	3
176	303	41	1
181	303	41	1
259	303	41	2
261	303	41	2
122	304	41	1
126	304	41	1
129	304	41	1
133	304	41	2
141	304	41	2
181	304	41	2
131	305	41	1
140	305	41	1
259	305	41	1
123	306	41	2
130	306	41	1
132	306	41	1
171	306	41	1
130	307	41	1
126	308	41	1
127	308	41	2
123	309	41	1
165	309	41	2
122	310	41	2
122	311	41	1
119	314	41	1
121	314	41	1
116	315	41	1
140	315	41	1
142	315	41	3
139	317	41	2
142	317	41	2
113	318	41	2
139	319	41	3
138	320	41	3
150	320	41	1
141	321	41	2
149	321	41	1
150	321	41	1
137	322	41	1
179	322	41	1
181	322	41	1
111	323	41	6
176	323	41	2
133	324	41	1
179	324	41	1
248	324	41	1
136	325	41	2
147	325	41	2
149	325	41	2
181	325	41	4
247	325	41	1
133	326	41	1
134	326	41	1
149	326	41	1
179	326	41	1
181	326	41	2
249	326	41	1
136	327	41	3
138	327	41	2
181	327	41	3
156	328	41	2
130	329	41	2
148	329	41	1
167	329	41	1
182	329	41	1
238	329	41	1
245	329	41	1
126	330	41	1
133	330	41	1
147	330	41	1
175	330	41	1
178	330	41	1
181	330	41	1
184	330	41	2
240	330	41	2
243	330	41	2
251	330	41	2
154	331	41	1
155	331	41	1
170	331	41	3
173	331	41	1
175	331	41	2
187	331	41	1
240	331	41	1
241	331	41	1
243	331	41	1
130	332	41	1
133	332	41	2
165	332	41	2
168	332	41	2
174	332	41	3
176	332	41	2
180	332	41	2
185	332	41	1
189	332	41	1
192	332	41	2
221	332	41	1
241	332	41	1
151	333	41	4
152	333	41	2
157	333	41	2
179	333	41	1
181	333	41	2
216	333	41	1
217	333	41	1
154	334	41	1
216	334	41	2
242	334	41	2
244	334	41	1
133	335	41	2
151	335	41	2
153	335	41	1
154	335	41	1
164	335	41	2
238	335	41	1
242	335	41	1
246	335	41	2
152	336	41	2
157	336	41	2
215	336	41	2
218	336	41	1
246	336	41	2
126	337	41	5
127	337	41	1
128	337	41	1
129	337	41	1
248	337	41	2
156	338	41	1
166	338	41	1
195	339	41	4
214	339	41	1
215	339	41	1
247	339	41	1
194	340	41	1
216	340	41	2
213	341	41	1
218	341	41	2
210	342	41	1
214	342	41	1
194	344	41	2
195	344	41	1
196	345	41	2
212	345	41	1
249	345	41	1
206	346	41	3
218	346	41	1
221	347	41	1
231	347	41	1
248	347	41	2
233	349	41	2
193	350	41	1
220	350	41	1
237	350	41	1
211	351	41	2
233	351	41	1
235	351	41	1
235	352	41	1
210	353	41	1
207	355	41	1
207	358	41	3
169	359	41	2
171	359	41	1
206	359	41	1
208	360	41	1
199	363	41	1
138	227	42	1
136	228	42	1
140	228	42	1
136	229	42	2
138	230	42	1
139	231	42	2
135	232	42	2
136	232	42	2
138	232	42	1
136	233	42	2
137	233	42	2
140	233	42	1
203	233	42	1
147	234	42	3
201	234	42	1
202	234	42	1
140	235	42	1
165	235	42	4
199	235	42	3
201	235	42	1
202	235	42	1
143	236	42	1
144	236	42	2
156	236	42	4
161	236	42	1
164	236	42	1
165	236	42	1
199	236	42	3
139	237	42	1
159	237	42	1
161	237	42	3
165	237	42	1
206	237	42	1
141	238	42	2
162	238	42	2
164	238	42	1
166	238	42	3
204	238	42	4
137	239	42	1
138	239	42	1
167	239	42	4
141	240	42	3
143	240	42	2
137	242	42	1
169	242	42	1
170	242	42	2
129	243	42	1
164	243	42	3
174	243	42	1
179	244	42	2
182	244	42	3
184	244	42	2
126	245	42	2
122	252	42	2
178	252	42	1
140	253	42	1
138	254	42	2
140	254	42	1
144	254	42	1
176	254	42	1
120	256	42	1
144	256	42	2
151	256	42	1
158	256	42	1
141	257	42	1
142	257	42	2
147	257	42	3
151	257	42	2
157	257	42	1
173	257	42	5
212	257	42	2
213	257	42	1
253	257	42	2
150	258	42	2
151	258	42	1
158	258	42	2
172	258	42	1
173	258	42	1
175	258	42	1
208	258	42	1
210	258	42	1
212	258	42	1
145	259	42	1
148	259	42	2
158	259	42	2
160	259	42	1
173	259	42	1
211	259	42	3
248	259	42	1
153	260	42	1
157	260	42	4
169	260	42	1
171	260	42	2
172	260	42	2
176	260	42	2
213	260	42	2
150	261	42	3
154	261	42	4
155	261	42	2
169	261	42	1
174	261	42	1
177	261	42	1
166	262	42	2
171	262	42	3
174	262	42	1
175	262	42	3
209	262	42	1
146	263	42	1
149	263	42	3
151	263	42	2
153	263	42	1
157	263	42	3
250	263	42	1
120	264	42	2
151	264	42	4
152	264	42	2
155	264	42	2
156	264	42	1
158	264	42	2
252	264	42	2
145	265	42	1
152	265	42	1
145	266	42	1
147	266	42	1
154	266	42	1
155	266	42	1
143	267	42	1
147	267	42	3
149	267	42	2
254	267	42	2
146	268	42	2
151	268	42	3
144	269	42	1
250	269	42	2
132	270	42	2
142	270	42	1
150	270	42	3
151	270	42	1
155	270	42	1
143	271	42	1
145	271	42	1
146	271	42	1
223	271	42	2
143	272	42	1
144	272	42	1
145	272	42	3
131	273	42	3
142	273	42	1
147	273	42	1
154	273	42	1
158	273	42	1
142	274	42	1
144	274	42	1
156	274	42	2
250	274	42	2
134	275	42	1
143	275	42	1
144	275	42	3
148	275	42	4
153	275	42	2
155	275	42	2
162	275	42	2
165	275	42	1
250	275	42	1
143	276	42	1
146	276	42	2
151	276	42	1
156	276	42	1
157	276	42	1
140	277	42	1
142	277	42	1
143	277	42	1
146	277	42	1
155	277	42	1
158	277	42	1
131	278	42	2
132	278	42	1
144	278	42	2
137	279	42	2
143	279	42	1
144	279	42	1
147	279	42	1
149	279	42	1
151	279	42	1
154	279	42	2
164	279	42	3
141	280	42	1
151	280	42	2
154	280	42	1
210	280	42	2
140	281	42	3
143	281	42	1
151	281	42	1
153	281	42	1
156	281	42	2
148	282	42	1
151	282	42	1
154	282	42	1
158	282	42	1
162	282	42	1
137	283	42	1
141	283	42	1
149	283	42	2
152	283	42	1
253	283	42	1
137	284	42	2
138	284	42	4
149	284	42	1
151	284	42	2
152	285	42	2
153	285	42	3
154	285	42	1
157	285	42	1
155	286	42	2
174	287	42	1
134	288	42	1
136	288	42	3
137	288	42	2
133	289	42	2
136	289	42	1
137	289	42	1
153	289	42	1
174	289	42	1
134	290	42	2
133	292	42	2
134	292	42	2
153	292	42	1
137	293	42	1
138	293	42	1
142	293	42	2
135	294	42	2
137	294	42	1
139	294	42	2
152	294	42	1
154	294	42	1
134	295	42	1
135	295	42	2
256	295	42	2
136	296	42	1
130	297	42	3
136	297	42	2
140	297	42	2
150	297	42	2
136	298	42	2
151	298	42	1
94	299	42	2
133	299	42	2
150	299	42	4
169	299	42	1
259	299	42	1
129	300	42	4
131	300	42	2
153	300	42	1
249	300	42	1
126	301	42	1
128	301	42	1
130	301	42	2
137	301	42	1
144	301	42	2
248	301	42	2
138	302	42	2
165	302	42	1
138	303	42	2
139	303	42	1
140	303	42	3
142	303	42	1
150	303	42	2
170	303	42	1
171	303	42	1
125	304	42	1
132	304	42	1
144	304	42	1
171	304	42	1
181	304	42	1
125	305	42	1
126	305	42	2
134	305	42	1
171	305	42	1
128	306	42	1
140	306	42	1
170	306	42	3
125	307	42	1
130	307	42	3
170	307	42	2
129	308	42	2
169	308	42	3
125	309	42	1
141	311	42	1
141	316	42	1
142	317	42	2
139	318	42	2
148	318	42	2
139	320	42	1
138	321	42	2
150	321	42	2
183	323	42	4
253	323	42	4
133	324	42	1
141	324	42	2
181	324	42	1
132	325	42	3
134	325	42	2
134	326	42	3
135	326	42	1
251	326	42	1
176	327	42	1
130	328	42	1
154	328	42	2
250	328	42	1
149	329	42	1
168	329	42	1
187	329	42	1
131	330	42	3
150	330	42	1
160	330	42	1
184	330	42	3
187	330	42	3
188	330	42	1
154	331	42	3
176	331	42	1
180	331	42	1
127	332	42	1
133	332	42	1
150	332	42	1
160	332	42	3
161	332	42	6
164	332	42	1
165	332	42	2
166	332	42	1
176	332	42	1
186	332	42	1
187	332	42	1
189	332	42	1
217	332	42	4
242	332	42	1
126	333	42	1
131	333	42	1
176	333	42	1
178	333	42	1
181	333	42	2
183	333	42	2
222	333	42	2
178	334	42	4
218	334	42	4
219	334	42	1
222	334	42	1
245	334	42	1
247	334	42	1
151	335	42	1
218	335	42	1
128	336	42	1
151	336	42	1
190	336	42	1
194	336	42	3
248	336	42	2
127	337	42	2
152	337	42	1
192	337	42	2
216	337	42	1
247	337	42	1
155	338	42	2
154	339	42	4
193	340	42	3
195	340	42	1
152	341	42	1
195	341	42	1
211	342	42	1
196	345	42	2
213	345	42	2
210	347	42	1
212	348	42	2
231	349	42	1
206	350	42	1
234	350	42	1
235	353	42	1
206	356	42	2
208	357	42	1
207	358	42	1
204	360	42	1
205	361	42	1
206	364	42	3
137	227	43	1
139	228	43	2
140	231	43	1
141	232	43	1
137	233	43	1
136	236	43	2
157	236	43	3
136	237	43	2
143	237	43	1
154	237	43	1
138	238	43	1
140	238	43	2
166	238	43	3
138	239	43	3
143	239	43	2
143	240	43	1
165	240	43	3
140	242	43	2
178	245	43	2
179	246	43	1
178	247	43	2
179	254	43	1
139	256	43	1
143	257	43	2
155	257	43	1
174	257	43	2
175	257	43	3
176	257	43	1
177	257	43	2
215	257	43	1
215	258	43	2
216	258	43	2
143	260	43	2
149	260	43	2
151	260	43	2
159	260	43	1
161	260	43	1
172	260	43	1
178	260	43	4
145	261	43	1
146	261	43	1
209	261	43	1
152	262	43	2
158	262	43	3
160	262	43	1
164	262	43	2
177	262	43	1
206	262	43	1
208	262	43	2
146	263	43	1
147	263	43	1
148	263	43	1
149	264	43	1
151	264	43	2
155	264	43	2
257	264	43	1
145	265	43	2
151	265	43	1
155	265	43	1
145	266	43	2
143	267	43	3
148	267	43	1
143	268	43	1
164	268	43	2
146	269	43	1
142	270	43	1
150	270	43	2
134	271	43	1
143	271	43	1
148	271	43	4
141	272	43	2
143	272	43	1
148	272	43	1
214	272	43	1
211	273	43	1
141	274	43	1
153	274	43	2
156	274	43	1
255	274	43	5
129	275	43	1
144	275	43	3
145	275	43	1
148	275	43	2
152	275	43	2
182	275	43	1
148	276	43	3
151	276	43	2
164	276	43	1
165	276	43	2
131	277	43	1
143	277	43	1
145	277	43	1
148	277	43	2
150	277	43	2
156	277	43	1
164	277	43	1
131	278	43	1
147	278	43	1
149	278	43	1
151	278	43	2
155	278	43	1
162	278	43	1
142	279	43	2
148	279	43	2
152	279	43	1
147	280	43	1
150	280	43	3
161	280	43	1
142	281	43	1
152	281	43	2
158	281	43	1
140	282	43	2
141	282	43	1
143	282	43	1
158	282	43	1
143	283	43	1
149	283	43	1
150	283	43	1
152	283	43	2
250	283	43	2
139	284	43	1
141	284	43	1
148	284	43	1
150	284	43	3
152	284	43	1
160	284	43	2
141	285	43	1
148	285	43	1
151	285	43	2
152	285	43	1
160	285	43	1
215	285	43	1
137	286	43	1
139	286	43	1
140	286	43	2
141	286	43	2
154	286	43	1
140	287	43	1
216	287	43	2
136	288	43	1
138	288	43	4
140	288	43	1
133	289	43	1
256	289	43	2
143	292	43	3
139	293	43	1
143	293	43	1
146	293	43	1
132	294	43	1
141	294	43	1
134	295	43	1
151	295	43	1
254	295	43	1
131	296	43	1
136	296	43	1
137	296	43	4
137	297	43	3
136	298	43	3
140	298	43	1
209	298	43	1
141	299	43	1
143	299	43	3
165	299	43	1
129	300	43	2
138	300	43	3
141	300	43	2
152	300	43	1
167	300	43	2
129	301	43	1
129	302	43	1
131	302	43	1
133	302	43	2
135	302	43	3
137	302	43	3
140	302	43	2
170	302	43	1
130	303	43	2
135	303	43	2
167	303	43	2
170	303	43	1
126	304	43	1
135	304	43	1
140	304	43	1
131	305	43	1
134	305	43	1
135	305	43	2
141	305	43	1
143	305	43	2
168	305	43	1
125	306	43	2
127	306	43	1
129	306	43	1
131	306	43	1
132	306	43	4
143	306	43	1
148	306	43	2
168	306	43	2
170	306	43	1
126	307	43	1
129	307	43	1
129	308	43	1
143	308	43	2
141	309	43	2
167	309	43	1
140	313	43	2
142	313	43	1
140	314	43	2
137	319	43	1
138	321	43	1
179	323	43	3
135	324	43	2
135	325	43	1
140	325	43	1
174	325	43	2
133	326	43	1
249	326	43	2
136	327	43	1
176	327	43	3
186	327	43	1
156	328	43	1
184	328	43	1
133	329	43	4
177	329	43	1
179	330	43	2
153	331	43	1
189	331	43	1
131	332	43	1
133	332	43	2
218	332	43	1
133	333	43	1
179	333	43	1
187	333	43	1
188	333	43	2
217	333	43	3
151	334	43	1
181	334	43	1
189	334	43	1
219	334	43	1
222	334	43	1
156	335	43	1
222	335	43	3
217	336	43	3
220	336	43	2
244	336	43	3
245	336	43	3
246	336	43	2
249	337	43	2
132	338	43	1
247	338	43	1
249	338	43	1
195	340	43	1
195	341	43	1
209	342	43	2
211	343	43	1
213	343	43	5
210	344	43	1
232	345	43	1
211	346	43	2
212	346	43	1
233	346	43	1
208	347	43	1
231	347	43	2
210	349	43	4
232	349	43	2
236	349	43	1
238	349	43	1
206	350	43	1
227	350	43	1
233	350	43	1
235	351	43	1
205	352	43	1
231	352	43	1
206	353	43	1
207	353	43	1
206	354	43	1
207	358	43	1
206	359	43	1
207	359	43	1
204	360	43	2
205	361	43	2
206	361	43	1
209	361	43	1
206	363	43	1
139	228	44	3
140	228	44	1
141	229	44	1
137	231	44	2
137	233	44	2
140	234	44	1
139	236	44	1
159	236	44	1
143	237	44	1
139	238	44	2
178	245	44	2
181	245	44	1
179	249	44	1
175	257	44	1
176	258	44	2
177	258	44	1
178	258	44	3
150	260	44	1
177	260	44	1
147	261	44	1
161	261	44	1
174	261	44	1
211	261	44	1
154	262	44	3
156	262	44	1
159	262	44	2
147	263	44	2
156	263	44	2
157	263	44	2
210	263	44	1
146	264	44	2
152	264	44	4
149	265	44	1
146	266	44	3
147	266	44	3
149	266	44	1
150	266	44	2
146	267	44	2
147	268	44	2
143	269	44	1
148	269	44	1
152	269	44	1
145	270	44	1
147	271	44	3
203	271	44	2
148	272	44	2
151	272	44	2
142	273	44	2
148	273	44	4
156	273	44	3
146	274	44	2
144	275	44	3
166	275	44	2
156	276	44	2
252	276	44	1
145	277	44	2
148	277	44	2
150	277	44	2
158	277	44	2
147	278	44	3
151	278	44	1
152	278	44	2
144	279	44	1
154	279	44	2
155	279	44	1
161	279	44	4
164	279	44	1
147	280	44	2
150	280	44	1
140	281	44	2
146	281	44	4
156	281	44	3
159	281	44	2
143	282	44	3
150	282	44	2
151	282	44	2
154	282	44	1
142	283	44	1
148	283	44	1
158	283	44	1
145	284	44	1
149	284	44	1
142	285	44	1
212	285	44	1
217	285	44	1
218	286	44	2
217	289	44	1
121	290	44	1
139	291	44	2
142	291	44	1
144	291	44	2
252	292	44	2
139	293	44	2
145	293	44	1
142	294	44	4
143	294	44	2
144	294	44	3
225	295	44	1
140	296	44	4
223	296	44	1
139	297	44	3
130	299	44	1
135	299	44	4
137	299	44	2
140	300	44	3
143	300	44	1
168	300	44	1
137	301	44	4
133	302	44	2
140	302	44	2
165	302	44	1
127	303	44	2
140	303	44	3
144	303	44	1
126	304	44	1
130	304	44	2
139	304	44	1
131	306	44	2
170	309	44	2
174	309	44	2
143	310	44	1
141	315	44	2
142	316	44	2
141	318	44	1
183	323	44	2
182	325	44	3
133	326	44	1
136	326	44	3
131	328	44	2
133	328	44	1
133	329	44	1
183	329	44	2
179	330	44	1
185	330	44	1
133	331	44	1
182	332	44	2
131	333	44	1
180	333	44	1
136	334	44	1
189	334	44	2
128	335	44	3
215	335	44	1
242	335	44	1
213	336	44	1
214	336	44	1
219	336	44	1
220	336	44	1
215	337	44	1
216	337	44	2
217	337	44	2
213	338	44	1
215	338	44	4
247	339	44	2
211	346	44	3
228	346	44	1
231	346	44	1
211	347	44	1
234	347	44	1
211	349	44	3
209	351	44	1
208	354	44	2
179	360	44	2
143	237	45	3
175	257	45	1
174	259	45	2
173	260	45	1
158	262	45	3
175	262	45	2
156	263	45	2
159	263	45	1
149	265	45	1
153	265	45	1
155	267	45	2
148	269	45	1
143	270	45	1
145	270	45	2
148	270	45	2
146	271	45	1
144	272	45	1
151	272	45	1
158	272	45	1
179	274	45	1
146	275	45	1
164	277	45	1
147	279	45	3
149	279	45	1
150	279	45	1
162	279	45	1
149	280	45	3
148	281	45	2
152	281	45	1
161	281	45	2
144	282	45	4
152	282	45	3
145	283	45	1
251	283	45	1
142	284	45	4
151	284	45	4
146	285	45	1
141	286	45	1
218	286	45	2
214	287	45	3
144	291	45	2
145	292	45	2
143	293	45	1
140	294	45	1
144	294	45	1
145	294	45	2
143	295	45	2
140	296	45	1
143	296	45	2
135	299	45	2
138	299	45	2
140	299	45	2
134	301	45	1
138	301	45	2
142	301	45	1
127	302	45	1
137	302	45	1
143	302	45	2
127	303	45	1
131	303	45	2
130	304	45	1
132	304	45	1
139	304	45	1
140	304	45	1
180	318	45	2
182	321	45	1
185	322	45	2
252	324	45	2
167	326	45	1
186	326	45	1
176	327	45	1
187	329	45	4
185	330	45	2
189	331	45	1
245	340	45	2
215	343	45	1
217	344	45	1
211	345	45	1
217	345	45	1
229	346	45	1
209	347	45	1
210	347	45	1
227	349	45	1
233	349	45	3
206	351	45	2
230	354	45	1
134	229	46	4
132	236	46	2
176	258	46	3
154	262	46	2
157	265	46	2
145	269	46	1
144	272	46	1
146	272	46	1
153	277	46	2
148	278	46	2
145	279	46	1
150	279	46	3
155	279	46	2
149	280	46	1
158	280	46	1
146	281	46	1
150	281	46	2
144	282	46	1
146	282	46	2
153	282	46	1
154	282	46	1
159	282	46	1
140	284	46	4
142	284	46	1
149	284	46	2
157	284	46	3
140	285	46	1
146	285	46	1
248	285	46	3
120	286	46	1
143	290	46	1
140	292	46	1
144	292	46	2
201	292	46	3
204	292	46	1
144	293	46	2
148	293	46	1
146	294	46	1
139	295	46	2
136	298	46	1
139	298	46	1
140	298	46	1
143	299	46	1
144	299	46	1
132	300	46	1
143	300	46	2
135	301	46	1
136	301	46	1
224	301	46	1
130	302	46	1
131	302	46	2
146	302	46	2
244	302	46	2
129	303	46	1
136	303	46	2
139	303	46	1
143	303	46	1
139	305	46	1
192	306	46	1
194	315	46	1
195	315	46	2
184	319	46	1
184	320	46	1
188	320	46	2
179	322	46	2
191	322	46	3
176	323	46	1
177	323	46	3
179	323	46	2
183	323	46	1
189	323	46	3
180	324	46	1
174	327	46	2
191	327	46	1
188	328	46	2
131	330	46	2
238	331	46	1
217	334	46	2
217	335	46	1
215	336	46	2
221	340	46	1
216	341	46	1
217	341	46	1
217	342	46	2
222	342	46	1
232	343	46	2
205	346	46	2
209	351	46	2
173	353	46	1
230	356	46	2
131	223	47	1
141	227	47	1
138	229	47	2
149	265	47	1
155	279	47	1
152	280	47	2
146	282	47	1
162	282	47	1
120	283	47	1
147	285	47	1
146	289	47	1
140	292	47	1
140	293	47	2
146	293	47	2
144	294	47	1
202	295	47	1
140	297	47	1
134	298	47	1
139	298	47	2
136	299	47	2
138	300	47	1
229	302	47	1
178	320	47	1
194	321	47	2
179	322	47	4
185	323	47	2
190	323	47	1
186	329	47	1
212	344	47	2
206	348	47	2
207	351	47	2
227	353	47	1
230	353	47	2
207	355	47	1
203	356	47	1
231	356	47	2
144	225	48	1
186	257	48	3
146	275	48	2
154	276	48	4
143	279	48	1
147	281	48	2
137	297	48	1
124	319	48	2
179	323	48	2
169	324	48	1
216	342	48	1
207	351	48	2
140	224	49	1
170	228	49	1
116	230	49	1
135	230	49	3
126	245	49	2
154	248	49	2
151	252	49	1
195	252	49	1
156	256	49	1
173	256	49	3
171	260	49	1
145	262	49	2
139	263	49	1
146	264	49	2
191	267	49	1
127	268	49	1
167	269	49	4
169	270	49	2
144	271	49	1
154	274	49	1
146	276	49	1
150	278	49	1
157	279	49	4
207	279	49	3
145	280	49	2
214	282	49	2
113	284	49	2
144	284	49	2
169	284	49	1
132	287	49	1
147	287	49	2
146	288	49	1
147	292	49	3
140	293	49	1
144	294	49	1
133	295	49	3
139	299	49	1
144	299	49	1
133	303	49	1
139	304	49	1
126	305	49	2
128	307	49	1
169	308	49	1
213	311	49	1
170	312	49	3
145	316	49	1
268	317	49	2
178	322	49	2
170	325	49	1
139	326	49	1
235	326	49	1
239	344	49	1
199	346	49	1
211	346	49	3
197	348	49	1
204	348	49	1
179	349	49	1
186	349	49	2
184	352	49	2
186	354	49	1
203	355	49	1
131	229	50	1
136	230	50	2
121	234	50	2
125	234	50	1
127	235	50	1
130	265	50	1
134	267	50	4
154	270	50	2
151	272	50	3
155	273	50	2
134	275	50	2
150	276	50	3
220	277	50	2
150	283	50	1
249	286	50	2
259	286	50	1
143	291	50	1
131	294	50	2
148	296	50	1
174	298	50	2
140	302	50	1
151	302	50	3
146	307	50	1
193	307	50	2
129	312	50	1
157	313	50	4
212	318	50	4
179	329	50	1
198	337	50	1
206	340	50	1
