x	y	z	Cristae formation
183.039773122643	289.659001437601	35.0807824929564	2
132	221	20	2
123	222	20	3
127	222	20	1
148	223	20	2
133	224	20	2
144	224	20	1
156	224	20	1
172	224	20	1
175	224	20	2
176	224	20	2
141	225	20	1
153	225	20	2
176	225	20	3
115	226	20	1
126	226	20	1
156	226	20	1
158	226	20	2
155	227	20	1
160	227	20	1
178	227	20	1
119	228	20	1
128	228	20	1
130	228	20	1
151	228	20	1
155	228	20	2
196	228	20	2
118	229	20	2
153	229	20	1
159	229	20	1
160	229	20	1
127	230	20	1
190	230	20	1
116	231	20	1
132	231	20	1
154	231	20	1
160	231	20	1
161	231	20	1
170	231	20	1
177	231	20	1
199	231	20	2
137	232	20	1
190	232	20	1
197	232	20	2
136	233	20	3
143	233	20	2
144	233	20	1
152	233	20	1
165	233	20	2
169	233	20	2
170	233	20	1
206	233	20	3
214	233	20	1
114	234	20	1
132	234	20	1
135	234	20	1
138	234	20	1
154	234	20	1
204	234	20	2
213	234	20	1
215	234	20	1
126	235	20	1
129	235	20	2
136	235	20	2
145	235	20	1
158	235	20	1
218	235	20	4
220	235	20	2
127	236	20	4
134	236	20	1
139	236	20	3
146	236	20	1
163	236	20	1
215	236	20	1
135	237	20	1
140	237	20	1
145	237	20	1
147	237	20	1
151	237	20	1
165	237	20	1
168	237	20	1
202	237	20	1
204	237	20	2
232	237	20	1
248	237	20	1
127	238	20	2
139	238	20	1
140	238	20	1
145	238	20	1
168	238	20	3
139	239	20	1
141	239	20	1
142	239	20	1
151	239	20	1
160	239	20	2
172	239	20	1
215	239	20	1
230	239	20	2
102	240	20	1
118	240	20	1
126	240	20	1
131	240	20	1
132	240	20	2
152	240	20	1
191	240	20	2
214	240	20	1
216	240	20	1
231	240	20	1
239	240	20	1
108	241	20	1
111	241	20	1
122	241	20	2
126	241	20	1
127	241	20	1
129	241	20	1
131	241	20	1
139	241	20	2
141	241	20	2
149	241	20	2
157	241	20	1
237	241	20	1
121	242	20	1
123	242	20	1
128	242	20	3
130	242	20	2
132	242	20	1
136	242	20	1
137	242	20	2
148	242	20	2
163	242	20	2
183	242	20	1
214	242	20	1
125	243	20	1
130	243	20	1
132	243	20	1
141	243	20	1
201	243	20	2
118	244	20	1
126	244	20	1
154	244	20	1
155	244	20	1
183	244	20	1
207	244	20	1
210	244	20	1
213	244	20	1
214	244	20	1
111	245	20	2
121	245	20	1
160	245	20	1
169	245	20	1
176	245	20	1
183	245	20	1
214	245	20	1
177	246	20	1
221	246	20	1
237	246	20	1
252	246	20	1
137	247	20	1
140	247	20	2
235	247	20	2
109	248	20	1
141	248	20	2
166	248	20	1
190	248	20	1
215	248	20	1
230	248	20	1
102	249	20	1
143	249	20	1
151	249	20	4
167	249	20	1
169	249	20	2
194	249	20	1
218	249	20	1
119	250	20	1
121	250	20	2
155	250	20	2
162	250	20	1
175	250	20	1
227	250	20	3
260	250	20	3
133	251	20	1
118	252	20	1
122	252	20	1
161	252	20	1
173	252	20	2
207	252	20	3
212	252	20	2
218	252	20	1
226	252	20	1
122	253	20	4
194	253	20	1
222	253	20	1
231	253	20	2
252	253	20	1
124	254	20	1
127	254	20	1
154	254	20	1
161	254	20	2
223	254	20	3
228	254	20	1
255	254	20	1
198	255	20	1
200	255	20	1
207	255	20	1
214	255	20	1
232	255	20	2
246	255	20	1
251	255	20	1
110	256	20	2
128	256	20	1
131	256	20	1
157	256	20	2
166	256	20	2
172	256	20	1
196	256	20	1
198	256	20	1
204	256	20	1
234	256	20	1
241	256	20	2
134	257	20	1
146	257	20	2
159	257	20	2
164	257	20	1
170	257	20	1
175	257	20	1
177	257	20	1
197	257	20	1
198	257	20	1
229	257	20	1
230	257	20	1
234	257	20	1
132	258	20	1
172	258	20	1
215	258	20	1
220	258	20	1
232	258	20	1
233	258	20	1
107	259	20	2
136	259	20	1
144	259	20	1
167	259	20	3
203	259	20	1
229	259	20	2
231	259	20	1
232	259	20	2
250	259	20	1
265	259	20	1
108	260	20	1
127	260	20	1
130	260	20	1
158	260	20	2
184	260	20	1
200	260	20	1
245	260	20	2
102	261	20	2
112	261	20	1
140	261	20	2
141	261	20	1
147	261	20	2
163	261	20	3
191	261	20	2
215	261	20	1
231	261	20	2
118	262	20	1
144	262	20	3
150	262	20	2
152	262	20	1
170	262	20	2
223	262	20	1
230	262	20	1
254	262	20	1
133	263	20	1
142	263	20	1
166	263	20	1
191	263	20	1
207	263	20	1
210	263	20	1
229	263	20	3
105	264	20	1
126	264	20	1
146	264	20	2
160	264	20	4
163	264	20	1
187	264	20	1
220	264	20	1
249	264	20	2
250	264	20	2
264	264	20	1
124	265	20	1
137	265	20	2
147	265	20	1
166	265	20	1
176	265	20	1
218	265	20	2
232	265	20	1
113	266	20	2
117	266	20	3
118	266	20	1
132	266	20	1
158	266	20	1
170	266	20	1
231	266	20	1
118	267	20	3
132	267	20	1
154	267	20	1
160	267	20	1
168	267	20	2
239	267	20	1
262	267	20	1
113	268	20	1
141	268	20	1
146	268	20	2
154	268	20	1
213	268	20	3
255	268	20	1
107	269	20	1
112	269	20	2
118	269	20	1
130	269	20	3
140	269	20	1
147	269	20	1
149	269	20	2
151	269	20	1
159	269	20	3
165	269	20	1
167	269	20	2
173	269	20	1
212	269	20	1
214	269	20	1
113	270	20	1
115	270	20	1
118	270	20	4
156	270	20	1
162	270	20	1
166	270	20	2
177	270	20	1
210	270	20	2
227	270	20	1
261	270	20	1
118	271	20	1
119	271	20	1
128	271	20	4
145	271	20	3
159	271	20	2
162	271	20	1
163	271	20	1
164	271	20	2
171	271	20	1
201	271	20	2
266	271	20	1
268	271	20	1
115	272	20	1
116	272	20	1
121	272	20	1
156	272	20	1
169	272	20	1
170	272	20	1
174	272	20	2
175	272	20	2
176	272	20	4
181	272	20	1
218	272	20	1
225	272	20	4
255	272	20	1
119	273	20	2
123	273	20	1
149	273	20	2
165	273	20	1
167	273	20	1
176	273	20	1
201	273	20	1
206	273	20	2
207	273	20	2
211	273	20	2
220	273	20	1
139	274	20	2
159	274	20	2
165	274	20	1
169	274	20	2
170	274	20	1
185	274	20	2
214	274	20	1
226	274	20	1
227	274	20	1
229	274	20	2
134	275	20	1
148	275	20	1
154	275	20	1
174	275	20	1
176	275	20	2
177	275	20	1
204	275	20	1
226	275	20	1
235	275	20	1
236	275	20	1
268	275	20	2
110	276	20	1
130	276	20	1
136	276	20	1
137	276	20	1
142	276	20	1
155	276	20	3
157	276	20	1
158	276	20	1
167	276	20	2
180	276	20	1
182	276	20	3
221	276	20	1
222	276	20	1
246	276	20	1
130	277	20	1
171	277	20	2
189	277	20	2
220	277	20	1
249	277	20	3
262	277	20	3
129	278	20	1
137	278	20	2
152	278	20	2
160	278	20	1
170	278	20	2
176	278	20	2
183	278	20	1
208	278	20	1
270	278	20	1
120	279	20	2
150	279	20	1
156	279	20	1
171	279	20	1
175	279	20	3
177	279	20	3
178	279	20	1
186	279	20	1
217	279	20	1
228	279	20	1
234	279	20	2
241	279	20	1
269	279	20	2
108	280	20	1
109	280	20	2
125	280	20	1
132	280	20	1
133	280	20	1
163	280	20	1
174	280	20	2
175	280	20	1
217	280	20	1
224	280	20	1
269	280	20	3
131	281	20	1
134	281	20	2
142	281	20	1
166	281	20	1
176	281	20	1
216	281	20	1
218	281	20	2
226	281	20	1
227	281	20	1
261	281	20	1
106	282	20	1
162	282	20	1
181	282	20	1
219	282	20	1
130	283	20	3
165	283	20	1
167	283	20	2
171	283	20	1
176	283	20	1
189	283	20	1
203	283	20	2
216	283	20	1
219	283	20	1
226	283	20	1
232	283	20	2
266	283	20	1
271	283	20	1
272	283	20	1
149	284	20	1
153	284	20	1
163	284	20	1
186	284	20	1
223	284	20	1
228	284	20	1
265	284	20	1
109	285	20	1
137	285	20	1
141	285	20	2
145	285	20	2
171	285	20	1
205	285	20	2
208	285	20	1
210	285	20	1
218	285	20	3
223	285	20	1
250	285	20	1
268	285	20	3
272	285	20	1
101	286	20	1
151	286	20	1
213	286	20	1
218	286	20	1
225	286	20	2
124	287	20	2
129	287	20	3
146	287	20	1
199	287	20	1
220	287	20	1
261	287	20	2
268	287	20	2
113	288	20	1
126	288	20	1
136	288	20	1
162	288	20	1
167	288	20	1
170	288	20	2
218	288	20	1
223	288	20	1
238	288	20	1
124	289	20	1
147	289	20	1
149	289	20	1
164	289	20	1
217	289	20	1
224	289	20	4
140	290	20	1
142	290	20	1
143	290	20	4
173	290	20	1
189	290	20	1
195	290	20	1
214	290	20	1
224	290	20	3
250	290	20	1
108	291	20	1
151	291	20	2
227	291	20	2
104	292	20	1
112	292	20	1
129	292	20	1
146	292	20	1
157	292	20	1
173	292	20	2
192	292	20	1
205	292	20	2
207	292	20	1
236	292	20	2
265	292	20	2
268	292	20	1
106	293	20	1
117	293	20	1
133	293	20	1
134	293	20	1
148	293	20	1
161	293	20	1
165	293	20	1
204	293	20	2
222	293	20	1
226	293	20	1
258	293	20	1
126	294	20	1
174	294	20	2
177	294	20	2
180	294	20	1
194	294	20	2
199	294	20	1
214	294	20	1
264	294	20	1
116	295	20	1
151	295	20	2
173	295	20	1
196	295	20	1
218	295	20	1
220	295	20	1
271	295	20	1
116	296	20	1
131	296	20	1
163	296	20	1
170	296	20	2
178	296	20	1
180	296	20	2
187	296	20	2
193	296	20	2
194	296	20	2
212	296	20	1
217	296	20	2
228	296	20	1
270	296	20	2
137	297	20	3
172	297	20	1
238	297	20	2
249	297	20	2
256	297	20	2
257	297	20	1
268	297	20	1
270	297	20	1
159	298	20	1
165	298	20	1
189	298	20	1
193	298	20	2
203	298	20	1
230	298	20	1
237	298	20	1
246	298	20	1
265	298	20	2
134	299	20	1
161	299	20	1
179	299	20	1
194	299	20	2
235	299	20	1
243	299	20	1
264	299	20	4
270	299	20	1
120	300	20	1
139	300	20	1
174	300	20	1
232	300	20	2
266	300	20	1
114	301	20	2
133	301	20	3
149	301	20	1
155	301	20	1
159	301	20	2
161	301	20	1
240	301	20	2
268	301	20	2
114	302	20	1
126	302	20	2
167	302	20	2
206	302	20	1
252	302	20	1
261	302	20	1
264	302	20	1
127	303	20	1
141	303	20	1
194	303	20	1
234	303	20	1
266	303	20	1
96	304	20	1
149	304	20	3
158	304	20	3
236	304	20	1
237	304	20	1
177	305	20	1
206	305	20	1
223	305	20	1
236	305	20	1
249	305	20	1
258	305	20	1
191	306	20	1
200	306	20	1
236	306	20	1
249	306	20	2
258	306	20	1
118	307	20	1
124	307	20	1
128	307	20	2
158	307	20	1
182	307	20	2
211	307	20	1
213	307	20	1
238	307	20	1
239	307	20	1
241	307	20	1
171	308	20	1
184	308	20	1
197	308	20	1
200	308	20	2
205	308	20	2
208	308	20	1
219	308	20	1
220	308	20	1
227	308	20	2
232	308	20	1
233	308	20	3
249	308	20	1
134	309	20	1
175	309	20	3
201	309	20	1
202	309	20	1
203	309	20	2
205	309	20	3
224	309	20	1
239	309	20	1
242	309	20	3
260	309	20	1
263	309	20	2
185	310	20	1
198	310	20	2
245	310	20	2
255	310	20	1
143	311	20	2
152	311	20	1
200	311	20	2
201	311	20	2
210	311	20	1
238	311	20	1
246	311	20	1
264	311	20	2
266	311	20	1
100	312	20	1
115	312	20	1
173	312	20	1
202	312	20	1
209	312	20	2
247	312	20	1
256	312	20	1
260	312	20	1
263	312	20	1
94	313	20	1
181	313	20	1
182	313	20	1
197	313	20	1
201	313	20	1
250	313	20	1
262	313	20	1
180	314	20	1
201	314	20	1
266	314	20	1
268	314	20	1
133	315	20	1
150	315	20	1
156	315	20	1
159	315	20	2
169	315	20	1
194	315	20	3
198	315	20	2
256	315	20	2
260	315	20	2
262	315	20	1
263	315	20	1
265	315	20	1
98	316	20	1
126	316	20	1
177	316	20	4
178	316	20	1
179	316	20	1
185	316	20	1
198	316	20	2
202	316	20	2
204	316	20	1
228	316	20	1
256	316	20	1
103	317	20	1
152	317	20	1
172	317	20	1
202	317	20	1
232	317	20	1
233	317	20	1
251	317	20	1
267	317	20	1
117	318	20	1
121	318	20	1
129	318	20	2
133	318	20	1
172	318	20	1
185	318	20	1
187	318	20	1
198	318	20	1
237	318	20	3
247	318	20	2
257	318	20	1
260	318	20	2
98	319	20	2
100	319	20	2
140	319	20	1
153	319	20	1
168	319	20	2
171	319	20	2
190	319	20	1
218	319	20	1
233	319	20	2
258	319	20	1
168	320	20	2
179	320	20	1
182	320	20	1
187	320	20	3
195	320	20	1
204	320	20	2
234	320	20	2
241	320	20	1
94	321	20	1
140	321	20	1
183	321	20	1
195	321	20	1
197	321	20	3
210	321	20	2
231	321	20	1
254	321	20	2
256	321	20	2
264	321	20	1
127	322	20	1
157	322	20	2
178	322	20	1
180	322	20	1
183	322	20	2
185	322	20	3
187	322	20	1
193	322	20	2
198	322	20	1
226	322	20	1
257	322	20	1
258	322	20	2
108	323	20	1
164	323	20	1
177	323	20	1
180	323	20	1
186	323	20	2
193	323	20	1
194	323	20	2
237	323	20	1
135	324	20	1
161	324	20	2
177	324	20	1
185	324	20	1
193	324	20	1
194	324	20	1
196	324	20	1
200	324	20	1
111	325	20	1
139	325	20	1
183	325	20	2
187	325	20	2
188	325	20	2
189	325	20	4
216	325	20	2
228	325	20	2
259	325	20	1
122	326	20	1
128	326	20	1
194	326	20	1
196	326	20	2
217	326	20	1
219	326	20	3
102	327	20	2
106	327	20	1
145	327	20	3
153	327	20	2
188	327	20	1
189	327	20	2
212	327	20	1
228	327	20	3
244	327	20	1
144	328	20	3
156	328	20	1
167	328	20	1
173	328	20	1
181	328	20	3
198	328	20	1
200	328	20	1
214	328	20	1
221	328	20	1
260	328	20	2
261	328	20	1
98	329	20	1
106	329	20	1
120	329	20	1
137	329	20	3
147	329	20	2
169	329	20	1
179	329	20	1
180	329	20	1
187	329	20	1
210	329	20	2
221	329	20	1
122	330	20	1
124	330	20	2
131	330	20	1
150	330	20	1
179	330	20	1
258	330	20	3
259	330	20	2
260	330	20	1
262	330	20	1
100	331	20	2
145	331	20	2
177	331	20	1
186	331	20	1
200	331	20	1
201	331	20	1
205	331	20	2
255	331	20	1
104	332	20	2
106	332	20	1
140	332	20	1
150	332	20	1
176	332	20	2
191	332	20	1
199	332	20	1
216	332	20	1
218	332	20	2
232	332	20	2
96	333	20	2
132	333	20	1
174	333	20	3
175	333	20	1
176	333	20	1
227	333	20	1
235	333	20	1
250	333	20	1
131	334	20	1
143	334	20	2
160	334	20	2
183	334	20	1
205	334	20	2
207	334	20	2
224	334	20	1
253	334	20	2
256	334	20	1
179	335	20	1
182	335	20	1
239	335	20	1
246	335	20	1
137	336	20	1
144	336	20	2
163	336	20	1
175	336	20	1
199	336	20	1
205	336	20	1
207	336	20	1
173	337	20	2
194	337	20	1
217	337	20	1
246	337	20	1
183	338	20	3
198	338	20	1
186	339	20	2
242	339	20	1
246	339	20	1
249	339	20	2
177	340	20	1
201	340	20	1
225	340	20	5
233	340	20	1
157	341	20	1
167	341	20	1
173	341	20	2
213	341	20	1
214	341	20	1
230	341	20	1
238	341	20	1
242	341	20	1
185	342	20	2
227	342	20	2
231	342	20	2
194	343	20	1
210	343	20	2
219	343	20	1
243	343	20	2
161	344	20	2
181	344	20	1
216	344	20	2
242	344	20	1
209	345	20	1
240	345	20	1
241	345	20	2
187	346	20	1
217	346	20	3
243	346	20	1
202	347	20	2
179	349	20	2
186	349	20	1
195	349	20	2
212	349	20	1
229	349	20	1
235	349	20	1
169	350	20	2
207	350	20	1
221	350	20	1
203	351	20	1
206	351	20	1
178	352	20	1
216	352	20	1
231	352	20	1
165	353	20	1
173	353	20	1
178	353	20	2
184	353	20	1
212	353	20	1
224	353	20	1
231	353	20	1
178	354	20	1
230	354	20	2
200	355	20	1
210	355	20	1
218	355	20	2
198	357	20	1
207	357	20	1
215	357	20	1
220	357	20	3
211	358	20	1
222	358	20	1
171	359	20	1
173	359	20	1
175	359	20	1
176	359	20	1
200	359	20	1
173	360	20	2
176	360	20	1
179	360	20	1
180	360	20	1
186	360	20	1
219	360	20	2
176	361	20	1
185	361	20	2
199	361	20	1
205	361	20	1
192	362	20	1
204	363	20	1
197	365	20	2
129	222	21	1
159	225	21	1
180	225	21	1
183	226	21	1
139	228	21	1
146	228	21	1
147	228	21	2
182	228	21	1
154	229	21	2
154	230	21	2
129	231	21	1
162	232	21	2
144	233	21	1
129	234	21	2
141	235	21	1
215	235	21	2
132	236	21	1
140	236	21	1
146	236	21	1
147	236	21	1
127	237	21	1
131	237	21	1
132	237	21	1
136	237	21	1
137	237	21	2
144	237	21	1
164	237	21	2
172	237	21	2
128	238	21	1
131	238	21	1
137	238	21	1
149	238	21	1
200	238	21	1
131	239	21	1
139	239	21	1
126	240	21	1
128	240	21	4
138	240	21	1
141	240	21	1
146	240	21	1
171	240	21	1
126	241	21	2
130	241	21	1
132	241	21	3
133	241	21	3
135	241	21	1
137	241	21	1
174	241	21	1
214	241	21	2
215	241	21	2
126	242	21	1
137	242	21	2
140	242	21	2
215	242	21	1
109	243	21	2
138	243	21	2
152	243	21	3
213	243	21	2
132	244	21	2
135	244	21	1
141	244	21	2
139	245	21	1
214	245	21	2
215	245	21	1
137	246	21	1
132	247	21	1
197	247	21	2
201	247	21	2
232	247	21	2
173	248	21	2
218	249	21	2
117	251	21	1
158	252	21	2
201	252	21	2
225	253	21	2
223	254	21	1
225	254	21	1
169	255	21	2
225	255	21	1
226	255	21	1
230	255	21	1
227	256	21	1
107	257	21	1
161	257	21	2
252	258	21	3
160	259	21	1
163	259	21	1
181	260	21	2
130	261	21	1
219	263	21	1
161	264	21	1
135	265	21	1
215	265	21	1
222	265	21	2
139	266	21	1
221	266	21	1
162	267	21	3
160	268	21	1
183	268	21	1
117	269	21	2
124	269	21	1
154	269	21	2
178	269	21	1
115	270	21	2
120	270	21	1
115	271	21	1
117	272	21	1
124	272	21	1
149	272	21	1
159	272	21	2
163	272	21	2
164	272	21	1
173	272	21	1
175	272	21	1
182	272	21	3
122	273	21	1
151	273	21	1
157	273	21	1
164	273	21	2
177	273	21	1
178	273	21	1
113	274	21	1
134	274	21	2
149	274	21	1
176	274	21	3
236	274	21	2
165	275	21	1
175	275	21	2
176	275	21	2
179	275	21	1
116	276	21	1
175	276	21	3
221	276	21	1
223	276	21	4
169	277	21	1
172	277	21	1
174	277	21	1
219	277	21	1
117	278	21	2
157	278	21	1
171	278	21	1
169	279	21	1
170	279	21	3
186	279	21	1
218	279	21	1
225	279	21	1
147	280	21	1
204	280	21	1
218	280	21	2
219	280	21	1
227	280	21	2
169	281	21	2
175	281	21	1
140	282	21	2
217	282	21	1
220	282	21	1
271	282	21	1
173	283	21	2
216	283	21	1
217	283	21	2
215	284	21	1
224	284	21	1
230	284	21	1
123	285	21	1
125	285	21	1
237	285	21	1
101	286	21	1
223	286	21	1
152	287	21	1
220	287	21	3
223	287	21	2
251	287	21	2
205	288	21	1
217	288	21	1
224	288	21	1
217	289	21	1
223	289	21	1
225	289	21	1
221	290	21	1
222	290	21	1
178	291	21	1
219	291	21	2
244	292	21	2
271	292	21	1
196	293	21	1
216	293	21	1
217	293	21	1
187	294	21	1
194	294	21	1
218	294	21	1
235	294	21	2
269	294	21	2
140	295	21	1
215	295	21	1
245	295	21	3
126	296	21	1
193	296	21	1
150	297	21	1
214	297	21	1
217	297	21	1
250	297	21	2
262	297	21	3
177	298	21	1
230	298	21	2
131	300	21	1
153	300	21	2
211	300	21	2
214	300	21	1
210	301	21	2
252	301	21	1
269	301	21	2
270	301	21	1
189	302	21	1
236	302	21	1
264	302	21	2
105	303	21	3
207	303	21	2
211	303	21	1
239	303	21	1
208	304	21	1
235	304	21	1
96	305	21	1
204	305	21	1
209	305	21	1
210	305	21	3
241	305	21	1
231	306	21	1
234	306	21	1
238	306	21	1
258	306	21	1
203	307	21	1
207	307	21	1
238	307	21	1
243	307	21	2
260	307	21	1
201	308	21	1
205	308	21	1
231	308	21	1
232	308	21	2
256	308	21	1
260	308	21	2
261	308	21	1
264	308	21	4
100	309	21	2
129	309	21	1
170	309	21	2
239	309	21	1
261	309	21	2
264	309	21	1
114	310	21	1
166	310	21	1
231	310	21	2
252	310	21	1
93	311	21	3
204	311	21	1
212	311	21	2
148	312	21	3
167	312	21	2
199	312	21	2
201	312	21	1
203	312	21	1
227	312	21	1
230	312	21	1
257	312	21	4
116	313	21	1
238	313	21	1
241	313	21	1
175	314	21	3
182	314	21	1
203	314	21	1
204	314	21	3
256	314	21	4
260	314	21	1
179	315	21	2
211	315	21	2
214	315	21	2
256	315	21	1
257	315	21	2
181	316	21	1
203	316	21	1
260	316	21	3
166	317	21	3
200	317	21	3
257	317	21	2
264	317	21	1
146	318	21	1
170	318	21	1
233	318	21	2
260	318	21	1
264	318	21	1
266	318	21	1
152	319	21	2
166	319	21	1
184	319	21	2
241	319	21	1
247	319	21	2
258	320	21	1
118	321	21	1
132	321	21	1
167	321	21	1
185	321	21	1
187	321	21	1
249	321	21	1
256	321	21	1
260	321	21	2
178	322	21	1
187	322	21	1
258	322	21	1
126	323	21	1
185	323	21	1
192	323	21	1
227	323	21	1
141	324	21	1
149	324	21	1
162	324	21	1
180	324	21	1
184	324	21	1
187	324	21	2
188	324	21	1
195	324	21	1
196	324	21	1
177	325	21	1
181	325	21	2
195	325	21	1
199	325	21	1
180	327	21	2
188	327	21	1
202	328	21	2
99	329	21	1
100	329	21	2
98	330	21	2
131	330	21	1
105	331	21	1
183	331	21	2
230	331	21	1
138	332	21	3
181	332	21	1
260	332	21	1
261	332	21	1
181	333	21	1
220	333	21	2
259	333	21	1
121	334	21	2
223	334	21	2
259	334	21	2
134	335	21	1
170	335	21	1
181	335	21	1
237	335	21	1
259	335	21	1
142	336	21	2
178	336	21	1
211	336	21	1
259	336	21	1
175	337	21	1
145	338	21	2
148	339	21	1
189	339	21	1
242	339	21	1
160	340	21	1
175	340	21	2
177	340	21	1
231	340	21	2
215	341	21	1
231	342	21	1
239	342	21	2
240	344	21	1
241	344	21	2
180	346	21	2
173	349	21	1
231	350	21	1
190	351	21	3
181	355	21	2
168	359	21	1
179	360	21	1
195	361	21	1
181	362	21	1
197	363	21	1
191	364	21	1
126	226	22	2
154	228	22	2
131	234	22	1
134	234	22	1
147	234	22	1
136	235	22	2
142	235	22	1
133	236	22	1
136	236	22	1
129	237	22	1
133	237	22	1
135	237	22	1
143	237	22	1
134	238	22	1
141	238	22	1
141	239	22	1
216	239	22	1
139	240	22	1
152	240	22	2
154	240	22	1
216	240	22	2
133	241	22	1
137	241	22	1
139	241	22	2
140	241	22	2
148	241	22	1
150	241	22	3
153	241	22	3
214	241	22	1
129	242	22	1
132	242	22	1
134	242	22	1
135	242	22	2
215	242	22	1
139	243	22	1
149	243	22	1
136	244	22	1
145	244	22	1
133	245	22	1
136	245	22	2
217	250	22	1
223	252	22	2
224	253	22	1
227	254	22	1
161	255	22	1
229	255	22	1
150	256	22	2
163	256	22	1
196	256	22	2
199	257	22	1
237	257	22	1
160	258	22	1
163	258	22	1
197	258	22	2
162	259	22	1
161	260	22	2
163	261	22	1
163	264	22	2
120	267	22	3
121	267	22	1
122	267	22	2
132	267	22	2
160	267	22	1
121	268	22	2
122	268	22	1
158	268	22	1
121	270	22	1
122	270	22	1
125	270	22	1
127	270	22	1
155	270	22	1
158	270	22	3
119	271	22	1
176	271	22	1
118	273	22	1
165	273	22	2
174	273	22	1
177	273	22	1
154	274	22	3
156	274	22	1
177	274	22	2
164	275	22	2
165	275	22	1
176	276	22	2
177	276	22	2
176	277	22	1
190	278	22	1
227	278	22	2
171	279	22	1
178	279	22	1
226	279	22	1
168	280	22	3
170	281	22	2
167	282	22	1
172	282	22	1
202	284	22	1
271	284	22	1
224	285	22	1
226	285	22	1
271	287	22	1
224	288	22	1
222	292	22	4
218	293	22	1
266	294	22	1
269	294	22	1
217	295	22	2
215	296	22	2
217	297	22	2
219	297	22	1
268	297	22	2
216	299	22	1
212	303	22	1
238	303	22	1
268	303	22	1
185	304	22	3
186	304	22	1
210	304	22	2
185	305	22	1
240	305	22	1
204	307	22	2
207	307	22	1
234	307	22	1
238	307	22	1
262	307	22	1
203	308	22	2
260	308	22	3
206	309	22	1
208	309	22	1
231	309	22	1
204	310	22	1
207	310	22	1
250	310	22	2
260	310	22	1
264	311	22	1
176	312	22	1
233	313	22	4
260	313	22	2
200	314	22	1
257	314	22	1
261	314	22	3
257	315	22	2
263	315	22	1
179	317	22	2
258	318	22	2
262	318	22	1
180	319	22	1
260	320	22	1
182	321	22	1
256	321	22	1
181	322	22	2
258	322	22	1
259	322	22	1
185	323	22	2
187	323	22	1
191	323	22	2
194	323	22	1
197	323	22	1
258	323	22	2
261	323	22	1
179	324	22	1
180	324	22	1
182	324	22	1
183	324	22	1
184	324	22	3
194	324	22	1
196	324	22	1
146	325	22	2
182	325	22	1
188	325	22	2
199	325	22	2
215	325	22	1
199	328	22	1
200	328	22	1
99	329	22	1
201	329	22	1
184	330	22	1
260	331	22	1
178	334	22	2
259	334	22	1
179	339	22	2
242	343	22	1
243	343	22	1
242	344	22	1
244	344	22	1
182	351	22	1
180	360	22	2
157	225	23	1
157	228	23	3
156	230	23	1
152	231	23	1
158	231	23	1
144	233	23	2
134	234	23	1
140	234	23	1
146	234	23	1
144	235	23	1
145	235	23	1
146	235	23	1
144	236	23	3
146	236	23	1
133	237	23	2
142	237	23	3
138	238	23	1
140	238	23	2
131	239	23	1
138	239	23	1
148	239	23	2
142	240	23	3
135	241	23	1
136	241	23	2
140	241	23	1
145	241	23	1
149	241	23	2
150	241	23	1
213	242	23	1
214	243	23	1
134	244	23	1
139	244	23	1
134	246	23	1
227	249	23	1
222	252	23	2
192	253	23	2
222	253	23	3
223	253	23	1
224	253	23	1
196	254	23	1
223	254	23	2
162	255	23	1
231	255	23	1
198	256	23	1
224	257	23	2
178	258	23	1
119	263	23	1
119	264	23	2
124	266	23	1
119	267	23	1
127	268	23	2
163	268	23	1
117	269	23	1
122	269	23	2
240	269	23	1
183	270	23	1
166	271	23	1
167	272	23	1
177	272	23	1
158	273	23	3
164	273	23	1
168	273	23	1
177	273	23	2
176	274	23	1
178	274	23	1
179	274	23	2
226	274	23	1
167	275	23	1
224	275	23	1
166	277	23	1
169	278	23	2
176	278	23	1
178	278	23	2
170	279	23	1
175	279	23	2
179	279	23	3
176	280	23	1
168	281	23	1
170	281	23	1
174	282	23	3
172	284	23	1
173	284	23	1
176	284	23	2
271	286	23	1
222	291	23	1
271	292	23	1
266	293	23	2
269	293	23	2
271	293	23	2
217	294	23	2
266	294	23	1
266	298	23	1
267	298	23	1
268	298	23	1
269	298	23	1
190	299	23	1
264	299	23	1
207	301	23	1
235	301	23	2
236	301	23	1
264	301	23	1
268	301	23	1
211	302	23	1
236	302	23	2
136	303	23	1
264	303	23	2
212	304	23	1
237	304	23	2
234	305	23	1
265	305	23	1
183	306	23	2
206	306	23	1
185	307	23	1
205	307	23	3
236	307	23	4
240	307	23	3
259	307	23	3
241	308	23	2
262	308	23	2
266	308	23	2
182	309	23	3
204	309	23	1
257	309	23	1
261	309	23	2
176	310	23	2
234	311	23	1
240	311	23	1
257	311	23	1
260	311	23	2
175	312	23	1
203	312	23	1
237	312	23	1
260	312	23	1
203	313	23	1
262	313	23	2
232	314	23	3
257	314	23	1
179	315	23	1
203	315	23	1
238	315	23	1
262	315	23	1
172	316	23	1
258	316	23	1
261	316	23	2
264	316	23	2
179	317	23	4
256	317	23	1
184	318	23	2
257	318	23	1
258	318	23	3
259	318	23	2
261	318	23	1
182	319	23	2
241	319	23	1
258	319	23	4
262	319	23	1
187	321	23	1
236	322	23	2
256	322	23	2
162	324	23	1
182	325	23	1
188	325	23	2
183	326	23	1
259	326	23	1
99	327	23	2
184	327	23	1
94	328	23	3
97	328	23	1
96	329	23	1
259	329	23	1
257	330	23	1
102	331	23	1
260	331	23	1
260	332	23	1
182	333	23	1
259	333	23	1
192	334	23	2
175	336	23	2
240	342	23	1
244	344	23	1
240	345	23	1
176	358	23	1
182	221	24	1
179	222	24	2
181	222	24	3
180	223	24	2
182	223	24	1
179	224	24	1
176	225	24	1
157	226	24	2
174	226	24	1
178	226	24	1
157	227	24	1
157	228	24	2
154	229	24	2
162	231	24	3
149	232	24	2
153	232	24	1
157	233	24	1
146	234	24	2
151	234	24	1
135	235	24	1
136	235	24	1
145	235	24	1
151	235	24	2
137	236	24	2
140	236	24	1
141	236	24	1
146	236	24	2
137	237	24	1
145	237	24	1
132	238	24	2
137	238	24	2
148	238	24	1
151	238	24	1
132	239	24	1
142	239	24	1
132	240	24	1
137	240	24	1
145	240	24	1
146	240	24	1
132	241	24	1
142	241	24	1
140	242	24	3
226	242	24	1
132	243	24	1
134	243	24	3
141	243	24	1
149	243	24	1
139	244	24	1
141	244	24	1
147	244	24	1
142	246	24	2
139	247	24	2
228	247	24	1
215	248	24	1
224	248	24	1
138	249	24	1
139	249	24	2
225	252	24	2
220	253	24	1
222	253	24	1
140	254	24	1
227	254	24	1
163	256	24	1
194	257	24	1
196	258	24	2
199	258	24	1
118	260	24	1
198	261	24	1
116	262	24	1
117	262	24	1
118	262	24	1
119	262	24	3
124	262	24	1
219	262	24	1
222	262	24	1
117	263	24	1
221	263	24	2
117	264	24	1
163	264	24	1
117	265	24	1
124	265	24	2
127	265	24	1
216	265	24	2
117	266	24	1
126	266	24	1
210	268	24	1
130	269	24	2
156	269	24	1
162	269	24	2
127	270	24	1
163	270	24	2
184	270	24	1
128	272	24	1
166	272	24	1
182	273	24	1
179	274	24	3
167	275	24	1
178	275	24	3
171	276	24	2
169	277	24	2
170	277	24	1
220	277	24	3
171	278	24	1
170	279	24	1
173	279	24	1
180	279	24	2
168	280	24	2
169	280	24	3
170	280	24	2
172	280	24	1
168	281	24	1
171	281	24	1
176	282	24	1
204	283	24	1
176	284	24	1
177	284	24	1
206	284	24	1
204	285	24	1
276	286	24	1
276	289	24	1
225	290	24	1
270	290	24	2
274	290	24	2
275	290	24	1
198	291	24	1
275	291	24	1
269	292	24	1
271	293	24	1
194	294	24	2
271	295	24	2
236	297	24	1
269	297	24	1
213	299	24	1
236	299	24	1
237	299	24	2
264	299	24	1
265	299	24	1
238	300	24	1
265	301	24	2
235	302	24	1
240	302	24	1
263	302	24	1
266	302	24	1
188	304	24	1
235	304	24	1
236	304	24	1
263	304	24	1
240	305	24	1
259	305	24	2
262	305	24	2
264	305	24	1
206	306	24	1
238	306	24	2
241	306	24	1
266	306	24	1
265	307	24	1
260	308	24	2
263	308	24	1
181	309	24	2
232	309	24	1
259	309	24	2
261	309	24	1
263	309	24	2
178	310	24	2
202	310	24	1
238	310	24	1
240	310	24	3
235	311	24	1
266	311	24	1
200	312	24	1
240	312	24	1
263	312	24	2
177	313	24	1
199	313	24	1
209	313	24	1
261	313	24	1
264	313	24	1
203	314	24	1
234	314	24	1
237	314	24	1
259	314	24	2
171	315	24	2
173	315	24	2
172	316	24	2
213	316	24	2
258	316	24	1
169	317	24	1
185	317	24	1
167	318	24	2
169	318	24	1
259	318	24	1
184	319	24	1
257	319	24	2
258	319	24	1
261	319	24	1
262	319	24	1
187	320	24	1
239	320	24	2
164	321	24	1
165	321	24	1
259	321	24	1
260	321	24	2
185	322	24	4
241	322	24	1
179	323	24	1
187	323	24	1
195	323	24	1
236	323	24	1
161	324	24	1
186	324	24	3
182	325	24	1
185	325	24	1
188	325	24	4
183	326	24	1
185	326	24	1
258	326	24	1
261	326	24	2
201	327	24	1
259	328	24	1
99	329	24	2
157	329	24	1
185	329	24	1
261	329	24	1
96	330	24	3
97	330	24	1
103	330	24	3
104	331	24	3
153	331	24	1
180	331	24	2
181	331	24	2
260	331	24	1
261	331	24	3
257	332	24	2
260	332	24	1
258	333	24	1
178	334	24	1
257	334	24	2
258	334	24	1
146	335	24	1
181	335	24	1
181	336	24	1
259	337	24	1
179	222	25	1
179	223	25	1
181	223	25	1
155	228	25	1
157	228	25	1
161	228	25	1
159	230	25	1
158	231	25	1
161	232	25	1
150	233	25	2
163	233	25	1
137	234	25	1
134	235	25	2
135	235	25	1
142	235	25	1
144	235	25	1
150	235	25	1
133	236	25	1
134	237	25	1
139	237	25	1
145	237	25	1
247	237	25	2
249	237	25	2
246	238	25	1
131	239	25	1
133	239	25	1
135	239	25	1
136	239	25	1
134	240	25	1
228	240	25	1
134	241	25	1
135	241	25	1
136	241	25	1
135	242	25	1
131	243	25	1
227	243	25	1
133	244	25	3
134	245	25	1
135	246	25	1
139	248	25	1
195	249	25	1
229	249	25	1
138	250	25	2
229	250	25	2
230	251	25	1
136	253	25	2
225	253	25	1
121	259	25	1
118	261	25	1
121	261	25	2
121	262	25	1
119	263	25	1
120	264	25	2
215	264	25	1
128	266	25	1
181	271	25	1
180	274	25	2
177	276	25	1
165	277	25	2
164	278	25	2
165	278	25	2
170	278	25	2
173	278	25	2
176	278	25	1
177	278	25	2
178	278	25	1
177	279	25	1
276	280	25	1
169	281	25	2
165	282	25	2
275	285	25	3
277	287	25	2
271	291	25	3
266	292	25	2
269	294	25	2
266	295	25	1
238	297	25	2
266	297	25	1
268	297	25	1
268	298	25	1
237	300	25	2
266	300	25	1
240	301	25	1
262	301	25	1
264	301	25	1
265	301	25	1
237	302	25	1
234	305	25	1
236	305	25	1
233	306	25	1
232	308	25	1
262	309	25	2
208	310	25	1
206	311	25	1
208	311	25	3
230	311	25	2
208	312	25	1
230	312	25	1
260	313	25	1
232	314	25	1
262	314	25	1
176	315	25	1
258	318	25	2
259	318	25	1
256	319	25	1
258	319	25	1
240	320	25	1
241	320	25	1
238	321	25	2
241	321	25	1
260	322	25	1
239	323	25	3
237	324	25	1
259	324	25	3
258	325	25	1
258	327	25	1
107	331	25	1
259	331	25	1
144	337	25	1
180	221	26	2
181	223	26	1
179	224	26	2
178	225	26	1
174	226	26	1
178	226	26	1
157	228	26	2
159	230	26	1
160	230	26	4
168	230	26	1
156	231	26	1
157	231	26	1
144	233	26	1
142	234	26	1
246	234	26	1
139	235	26	2
140	235	26	1
145	235	26	2
248	236	26	2
134	237	26	1
142	237	26	1
143	237	26	2
246	237	26	1
248	237	26	1
133	238	26	3
136	238	26	1
137	238	26	1
144	238	26	2
246	238	26	2
248	238	26	1
131	239	26	1
134	239	26	1
240	239	26	1
242	239	26	1
110	241	26	1
226	241	26	2
101	242	26	1
136	243	26	1
137	245	26	1
226	246	26	1
226	248	26	1
227	250	26	4
125	251	26	1
229	251	26	1
123	253	26	2
124	255	26	1
122	257	26	1
121	258	26	2
120	259	26	1
123	259	26	1
125	266	26	3
123	267	26	2
120	268	26	2
126	268	26	1
127	268	26	1
211	268	26	1
122	269	26	2
123	269	26	1
126	269	26	1
122	270	26	1
124	271	26	1
172	276	26	2
178	277	26	1
169	278	26	1
175	278	26	1
165	280	26	1
173	280	26	1
174	280	26	1
274	280	26	1
274	282	26	1
175	283	26	1
176	283	26	2
274	283	26	1
274	284	26	1
181	287	26	2
183	288	26	1
272	293	26	2
268	295	26	1
235	298	26	1
237	306	26	1
229	308	26	1
235	308	26	2
231	309	26	1
262	309	26	1
260	311	26	2
262	311	26	2
257	312	26	1
208	313	26	1
262	314	26	3
258	315	26	2
211	316	26	2
260	316	26	1
258	317	26	1
262	317	26	3
237	319	26	1
241	320	26	1
242	321	26	1
240	322	26	2
242	322	26	1
238	323	26	1
186	359	26	1
186	360	26	2
183	221	27	1
183	222	27	1
160	229	27	3
161	231	27	1
162	231	27	1
161	232	27	1
162	232	27	1
166	232	27	1
155	233	27	2
164	233	27	1
144	234	27	1
153	234	27	1
250	235	27	1
137	236	27	2
249	236	27	1
135	237	27	1
136	237	27	1
137	237	27	1
138	237	27	2
176	237	27	1
241	237	27	2
139	238	27	1
243	238	27	1
246	238	27	1
248	238	27	1
132	239	27	2
135	239	27	1
236	239	27	1
241	239	27	1
243	239	27	2
242	240	27	1
226	241	27	1
134	243	27	1
233	245	27	1
250	245	27	1
228	246	27	1
227	251	27	1
229	251	27	1
226	252	27	1
225	253	27	2
120	256	27	1
122	257	27	1
122	258	27	1
124	258	27	1
125	267	27	3
259	267	27	1
119	268	27	1
124	268	27	1
126	268	27	2
123	270	27	4
127	271	27	1
178	278	27	1
167	279	27	1
172	279	27	1
176	279	27	2
170	281	27	1
174	281	27	1
177	281	27	1
274	281	27	1
173	282	27	1
178	282	27	2
271	283	27	1
273	283	27	1
168	285	27	1
273	285	27	3
270	290	27	3
271	291	27	3
177	294	27	1
270	294	27	1
199	299	27	1
232	302	27	1
264	302	27	3
266	303	27	1
237	304	27	1
236	305	27	1
240	308	27	1
203	309	27	1
237	309	27	1
209	311	27	1
258	312	27	2
206	313	27	1
202	314	27	2
208	314	27	1
258	316	27	1
259	316	27	2
256	319	27	1
236	324	27	2
261	324	27	1
233	326	27	1
260	328	27	2
259	330	27	1
186	360	27	1
183	361	27	2
115	228	28	1
164	231	28	1
165	231	28	1
156	233	28	2
166	234	28	1
145	235	28	1
146	235	28	1
153	235	28	1
244	235	28	3
246	235	28	1
136	236	28	2
138	236	28	1
144	236	28	1
248	236	28	1
249	236	28	2
251	236	28	1
136	237	28	2
137	237	28	1
243	237	28	3
247	237	28	2
248	237	28	1
139	238	28	1
140	238	28	1
141	238	28	1
246	238	28	2
250	238	28	1
137	239	28	2
244	239	28	1
139	240	28	2
139	241	28	1
179	241	28	3
185	241	28	1
114	243	28	1
227	243	28	1
233	243	28	1
235	243	28	3
189	244	28	1
230	245	28	1
231	245	28	1
193	246	28	1
234	249	28	1
226	250	28	3
125	251	28	1
126	251	28	1
234	251	28	2
123	252	28	1
126	252	28	1
124	254	28	2
128	256	28	2
134	257	28	2
121	264	28	1
257	264	28	2
259	266	28	2
124	267	28	2
127	267	28	1
121	268	28	2
122	268	28	2
121	270	28	1
126	270	28	2
121	271	28	1
123	271	28	1
134	274	28	1
129	277	28	1
171	277	28	2
173	277	28	1
175	277	28	1
128	278	28	1
171	279	28	1
172	280	28	2
177	280	28	1
172	281	28	2
275	281	28	1
276	281	28	3
177	282	28	1
178	282	28	1
275	282	28	1
171	283	28	1
173	283	28	1
168	284	28	1
275	284	28	2
164	285	28	2
169	285	28	1
178	285	28	2
168	288	28	2
192	292	28	1
193	294	28	1
197	295	28	1
179	299	28	1
236	305	28	2
230	306	28	2
227	307	28	1
228	307	28	1
207	308	28	1
204	310	28	1
211	311	28	1
247	311	28	1
211	313	28	1
261	313	28	1
260	314	28	1
209	315	28	1
210	315	28	1
210	316	28	3
259	316	28	1
240	317	28	1
259	317	28	1
261	317	28	1
262	317	28	1
239	319	28	1
240	319	28	1
241	319	28	1
239	321	28	1
242	322	28	2
235	323	28	2
96	327	28	1
94	328	28	2
96	331	28	2
96	332	28	2
116	223	29	1
112	228	29	2
171	231	29	1
160	233	29	2
164	233	29	1
191	236	29	3
250	236	29	2
252	236	29	3
249	237	29	3
140	238	29	1
251	238	29	1
183	239	29	1
115	240	29	1
178	240	29	1
179	240	29	1
181	240	29	2
185	241	29	1
190	243	29	1
236	243	29	2
189	244	29	1
192	244	29	1
235	244	29	1
190	245	29	1
236	246	29	2
226	250	29	1
132	254	29	1
134	255	29	1
133	257	29	1
132	259	29	1
259	266	29	1
259	267	29	1
125	268	29	1
257	268	29	2
162	269	29	1
124	271	29	2
167	271	29	1
125	272	29	2
132	272	29	1
135	272	29	3
136	272	29	1
137	272	29	2
137	273	29	1
167	273	29	3
138	274	29	1
137	275	29	2
168	275	29	2
170	275	29	4
168	278	29	1
169	278	29	1
170	279	29	1
164	280	29	3
172	280	29	1
175	281	29	1
276	281	29	3
167	282	29	1
275	282	29	1
166	283	29	1
276	283	29	2
161	284	29	2
166	284	29	2
167	284	29	1
177	284	29	2
274	284	29	1
176	285	29	1
276	285	29	2
168	286	29	1
167	287	29	1
270	294	29	1
175	295	29	1
177	296	29	1
183	300	29	1
204	307	29	1
199	308	29	1
204	308	29	1
206	308	29	1
211	308	29	1
225	308	29	1
233	308	29	1
203	309	29	2
227	309	29	2
229	309	29	2
111	310	29	1
203	310	29	2
206	311	29	1
209	311	29	2
204	312	29	1
208	312	29	1
211	312	29	2
212	312	29	1
205	313	29	1
249	314	29	2
212	315	29	1
255	316	29	1
259	317	29	1
241	318	29	1
243	319	29	4
239	320	29	1
126	325	29	2
227	327	29	1
98	329	29	1
97	330	29	1
95	331	29	2
94	332	29	1
95	333	29	3
191	346	29	1
187	360	29	1
220	360	29	1
187	361	29	1
114	226	30	1
112	227	30	2
197	235	30	2
181	238	30	1
183	238	30	1
172	239	30	1
181	239	30	2
177	240	30	1
178	240	30	2
181	240	30	1
184	240	30	3
172	242	30	2
182	242	30	2
189	242	30	2
184	244	30	3
190	245	30	2
148	253	30	1
125	255	30	1
126	256	30	1
129	256	30	1
132	256	30	1
123	257	30	1
126	258	30	1
129	259	30	1
133	259	30	1
131	260	30	1
257	261	30	2
128	265	30	2
259	266	30	1
127	267	30	2
262	267	30	2
258	268	30	1
260	268	30	1
259	269	30	2
123	270	30	1
125	270	30	2
126	270	30	1
165	270	30	1
168	270	30	2
124	271	30	1
127	271	30	2
139	271	30	1
166	271	30	2
123	272	30	1
129	272	30	1
165	272	30	1
123	273	30	1
124	273	30	2
140	273	30	1
167	273	30	2
168	273	30	1
167	274	30	1
170	274	30	1
139	275	30	2
143	275	30	2
168	278	30	2
159	279	30	1
164	280	30	1
276	280	30	2
165	281	30	1
275	282	30	1
276	282	30	1
160	283	30	1
163	283	30	1
164	283	30	1
275	284	30	1
276	284	30	1
276	285	30	1
170	287	30	3
162	288	30	1
177	296	30	1
194	305	30	1
194	306	30	2
198	307	30	1
189	308	30	4
210	309	30	3
207	311	30	1
211	311	30	1
247	311	30	1
207	312	30	1
210	316	30	1
246	316	30	1
246	317	30	1
213	322	30	1
128	325	30	1
98	331	30	2
141	331	30	1
95	332	30	1
96	333	30	2
186	349	30	1
218	361	30	2
220	362	30	1
190	232	31	1
139	239	31	2
179	240	31	1
175	241	31	2
178	241	31	1
185	241	31	2
188	241	31	2
174	242	31	1
176	242	31	1
172	243	31	3
185	243	31	1
186	243	31	1
189	243	31	1
190	244	31	1
173	245	31	1
186	245	31	3
187	245	31	1
190	245	31	1
174	246	31	2
123	256	31	1
127	256	31	2
128	256	31	1
123	257	31	2
124	259	31	3
131	260	31	1
256	262	31	1
258	262	31	2
256	263	31	1
127	264	31	1
261	264	31	1
129	265	31	2
258	265	31	1
259	265	31	1
262	266	31	1
264	266	31	4
258	267	31	1
260	267	31	1
126	268	31	1
260	268	31	1
261	268	31	1
127	269	31	1
129	269	31	1
134	270	31	1
125	271	31	1
136	271	31	1
163	271	31	1
260	271	31	2
127	272	31	1
163	273	31	3
143	274	31	1
162	274	31	1
165	275	31	2
166	275	31	1
260	278	31	1
262	279	31	3
259	280	31	2
159	281	31	1
261	281	31	1
162	282	31	2
259	282	31	2
261	282	31	1
262	282	31	1
276	282	31	1
165	283	31	1
167	283	31	1
166	284	31	1
274	284	31	2
275	284	31	1
166	285	31	2
162	286	31	1
163	286	31	1
166	286	31	1
167	287	31	4
164	288	31	1
169	288	31	2
166	290	31	2
174	293	31	1
182	298	31	3
181	301	31	2
198	306	31	1
191	307	31	1
197	307	31	1
187	308	31	1
188	308	31	2
193	308	31	1
197	308	31	1
190	309	31	2
191	309	31	2
192	309	31	2
187	310	31	1
198	310	31	2
204	310	31	1
203	311	31	1
205	312	31	1
222	312	31	1
211	315	31	2
206	319	31	2
212	319	31	1
242	321	31	1
128	325	31	2
98	326	31	1
92	327	31	1
93	327	31	2
98	327	31	2
132	329	31	2
94	330	31	2
95	331	31	1
96	331	31	1
97	331	31	2
96	332	31	1
98	332	31	2
96	333	31	3
174	339	31	1
187	346	31	1
183	348	31	1
186	349	31	1
188	349	31	2
223	361	31	1
113	225	32	1
114	225	32	1
112	226	32	1
113	226	32	1
180	241	32	2
185	241	32	2
183	242	32	2
185	242	32	1
188	242	32	1
174	243	32	2
194	243	32	1
172	244	32	1
176	244	32	4
182	244	32	1
190	244	32	1
186	245	32	2
193	246	32	1
186	247	32	1
148	253	32	1
147	257	32	2
132	258	32	1
134	259	32	3
157	259	32	2
128	260	32	1
130	263	32	1
261	263	32	1
126	265	32	1
258	265	32	1
261	265	32	2
129	267	32	2
259	267	32	1
261	267	32	1
263	267	32	1
126	268	32	1
260	268	32	1
261	268	32	1
124	269	32	3
126	269	32	3
127	269	32	1
129	269	32	1
130	269	32	2
262	269	32	3
126	270	32	1
263	270	32	2
165	272	32	1
140	273	32	1
167	273	32	2
165	274	32	1
167	274	32	2
141	275	32	1
164	276	32	3
157	277	32	2
260	277	32	1
159	279	32	1
167	280	32	1
261	280	32	1
276	281	32	2
164	282	32	2
164	283	32	1
161	284	32	1
167	284	32	1
163	285	32	1
162	287	32	1
163	287	32	1
167	287	32	2
118	303	32	1
118	304	32	1
114	307	32	1
114	308	32	1
187	308	32	1
188	308	32	1
194	308	32	2
186	309	32	1
188	309	32	1
210	309	32	1
258	309	32	1
113	310	32	1
202	310	32	2
111	311	32	1
190	311	32	2
195	311	32	1
196	311	32	2
210	311	32	1
244	311	32	1
246	311	32	1
112	312	32	1
193	312	32	1
199	312	32	2
200	312	32	1
246	312	32	3
247	312	32	1
112	313	32	2
223	315	32	1
197	316	32	1
243	316	32	1
246	316	32	2
243	317	32	1
207	319	32	1
212	320	32	1
240	320	32	1
245	320	32	2
246	320	32	1
242	321	32	1
97	330	32	2
94	331	32	1
94	332	32	1
97	333	32	2
96	334	32	1
184	336	32	1
187	345	32	2
186	347	32	1
189	347	32	1
187	348	32	1
188	348	32	1
177	359	32	1
179	360	32	3
115	224	33	1
114	227	33	1
112	228	33	2
175	243	33	1
188	244	33	1
184	245	33	2
190	245	33	1
200	246	33	1
136	254	33	2
149	255	33	1
133	257	33	1
147	257	33	1
252	258	33	1
257	258	33	1
252	259	33	1
257	260	33	1
258	260	33	1
128	261	33	3
129	261	33	1
158	261	33	2
130	262	33	3
158	262	33	1
164	262	33	1
128	263	33	2
130	263	33	1
169	263	33	1
126	264	33	2
260	264	33	1
257	265	33	1
126	266	33	1
129	266	33	1
266	266	33	2
124	267	33	1
128	267	33	1
261	267	33	1
262	267	33	2
266	267	33	2
125	268	33	1
157	268	33	1
163	268	33	1
263	268	33	1
127	269	33	2
128	269	33	1
130	269	33	2
125	270	33	2
263	270	33	3
266	270	33	2
263	271	33	3
262	272	33	1
262	273	33	1
261	274	33	1
162	275	33	2
263	275	33	1
164	277	33	1
164	278	33	1
149	279	33	1
152	280	33	1
163	281	33	1
160	283	33	1
161	283	33	1
162	283	33	1
163	283	33	2
165	283	33	1
161	284	33	1
164	284	33	1
124	285	33	1
161	291	33	3
125	292	33	1
121	293	33	3
118	298	33	1
121	300	33	2
118	301	33	2
121	301	33	1
119	303	33	1
194	304	33	1
118	305	33	1
183	307	33	2
195	307	33	1
197	307	33	1
116	308	33	2
198	308	33	2
199	308	33	1
115	309	33	1
185	309	33	1
186	309	33	1
190	309	33	1
191	309	33	1
197	309	33	2
197	310	33	1
114	311	33	1
115	311	33	2
186	311	33	1
191	311	33	4
196	311	33	1
197	311	33	3
199	311	33	1
206	311	33	1
189	312	33	1
190	312	33	1
196	312	33	1
248	313	33	1
111	314	33	1
246	316	33	3
249	316	33	2
243	318	33	1
125	319	33	2
199	319	33	1
201	319	33	1
206	319	33	1
201	321	33	1
210	321	33	1
238	321	33	2
196	331	33	1
199	332	33	1
98	333	33	2
193	333	33	1
198	333	33	1
203	333	33	1
205	334	33	3
214	341	33	1
215	341	33	1
215	343	33	1
206	345	33	1
187	346	33	1
182	348	33	2
183	348	33	1
187	348	33	2
189	348	33	1
190	348	33	1
210	348	33	1
183	349	33	1
186	349	33	2
209	349	33	1
180	350	33	2
181	350	33	2
181	352	33	1
184	352	33	2
211	352	33	1
177	353	33	1
178	354	33	1
178	360	33	1
113	225	34	1
114	227	34	1
136	237	34	1
174	240	34	1
139	242	34	2
138	243	34	1
199	245	34	1
193	246	34	2
208	247	34	1
212	247	34	1
130	252	34	1
131	254	34	2
138	254	34	1
131	256	34	1
139	256	34	1
151	256	34	2
131	257	34	4
136	258	34	2
148	258	34	1
134	259	34	1
147	259	34	1
151	259	34	1
130	260	34	1
131	261	34	2
133	261	34	1
156	261	34	2
131	262	34	1
134	262	34	1
159	262	34	1
127	263	34	1
129	263	34	3
130	263	34	1
129	266	34	1
130	266	34	1
154	267	34	2
264	267	34	1
266	267	34	1
128	268	34	3
164	268	34	1
264	269	34	2
265	270	34	2
266	270	34	1
163	271	34	1
163	272	34	2
166	272	34	2
260	272	34	1
159	273	34	2
165	274	34	1
260	274	34	1
144	275	34	1
261	276	34	1
262	276	34	2
146	278	34	1
263	278	34	1
151	279	34	1
161	279	34	2
163	279	34	1
262	279	34	1
261	281	34	1
262	281	34	1
259	282	34	2
162	283	34	3
125	284	34	1
159	284	34	1
124	287	34	1
125	289	34	1
159	290	34	2
120	294	34	2
165	294	34	3
166	294	34	2
253	296	34	1
121	297	34	3
118	298	34	2
122	298	34	1
172	300	34	1
119	301	34	2
118	302	34	2
248	302	34	2
177	305	34	1
116	306	34	2
140	306	34	1
182	306	34	2
186	308	34	1
188	308	34	2
191	308	34	2
192	308	34	1
112	309	34	1
116	309	34	1
186	309	34	1
187	309	34	2
197	309	34	1
244	309	34	1
248	309	34	1
112	310	34	4
185	310	34	1
187	310	34	1
190	310	34	1
191	310	34	1
200	310	34	1
252	310	34	1
115	311	34	2
192	311	34	2
199	311	34	1
248	311	34	1
110	312	34	1
115	312	34	2
116	312	34	1
191	312	34	2
194	312	34	1
197	312	34	2
247	312	34	1
109	313	34	1
198	313	34	2
205	313	34	1
111	314	34	1
114	314	34	1
112	316	34	1
244	316	34	1
242	317	34	2
123	318	34	2
200	318	34	1
120	319	34	1
240	319	34	1
241	319	34	2
202	320	34	1
243	320	34	1
201	321	34	1
127	322	34	1
200	322	34	1
201	322	34	2
242	322	34	2
238	323	34	1
239	323	34	3
234	324	34	1
236	324	34	1
235	325	34	1
94	327	34	1
96	328	34	1
98	328	34	1
188	328	34	1
96	329	34	3
96	331	34	1
100	332	34	2
194	333	34	1
195	333	34	1
189	334	34	2
197	334	34	2
201	334	34	1
192	335	34	1
193	335	34	2
194	335	34	2
194	336	34	1
194	337	34	1
190	340	34	2
191	340	34	1
190	345	34	1
199	345	34	1
205	345	34	1
205	346	34	1
211	346	34	2
192	347	34	1
196	347	34	1
198	347	34	1
214	347	34	1
185	348	34	2
186	348	34	1
197	348	34	1
207	348	34	1
212	348	34	2
188	349	34	2
198	349	34	1
205	349	34	1
208	349	34	1
187	350	34	1
196	350	34	1
185	351	34	3
181	352	34	1
198	352	34	1
200	352	34	1
205	352	34	1
207	352	34	1
205	353	34	1
181	355	34	1
182	355	34	1
177	357	34	1
180	360	34	1
113	225	35	1
113	227	35	3
112	228	35	1
116	228	35	3
123	235	35	1
125	235	35	2
129	236	35	1
139	237	35	1
129	238	35	3
139	239	35	2
138	241	35	1
139	241	35	1
140	241	35	2
140	242	35	2
176	245	35	1
175	246	35	2
213	247	35	1
134	251	35	1
130	252	35	1
134	252	35	2
133	253	35	1
135	253	35	1
149	253	35	3
137	254	35	2
134	256	35	2
254	256	35	1
129	257	35	1
130	257	35	1
136	257	35	2
137	257	35	1
138	257	35	1
130	258	35	1
133	258	35	1
136	259	35	2
255	259	35	3
143	260	35	1
140	261	35	1
156	261	35	2
126	262	35	1
156	263	35	3
157	264	35	3
265	264	35	2
262	265	35	1
264	265	35	1
263	266	35	3
127	267	35	2
153	267	35	1
130	269	35	2
156	271	35	1
264	271	35	1
141	272	35	1
158	272	35	1
163	272	35	2
255	272	35	1
143	273	35	1
164	273	35	2
146	274	35	1
159	274	35	1
157	275	35	1
160	275	35	1
161	275	35	1
163	276	35	1
145	277	35	2
160	277	35	2
262	277	35	1
161	278	35	3
161	279	35	1
163	279	35	1
260	279	35	1
125	280	35	1
125	282	35	1
158	282	35	2
262	282	35	1
126	283	35	1
161	283	35	2
162	283	35	1
159	284	35	1
123	285	35	1
146	285	35	1
160	285	35	2
123	286	35	1
125	286	35	1
123	287	35	2
125	289	35	3
124	290	35	4
162	294	35	1
120	295	35	1
122	295	35	2
124	295	35	1
255	295	35	2
252	296	35	2
119	297	35	1
167	297	35	1
118	298	35	1
120	298	35	2
121	298	35	1
121	299	35	1
118	300	35	2
120	300	35	2
169	300	35	1
249	301	35	1
118	302	35	1
175	303	35	1
175	304	35	2
176	304	35	2
121	305	35	1
117	306	35	2
120	306	35	2
246	306	35	1
114	307	35	1
116	307	35	1
120	307	35	1
176	307	35	1
114	308	35	1
115	308	35	1
181	308	35	2
187	308	35	2
112	309	35	1
133	309	35	2
136	309	35	1
245	309	35	1
116	310	35	1
193	310	35	1
184	311	35	2
190	311	35	1
195	311	35	1
196	311	35	2
198	311	35	2
116	312	35	1
114	313	35	1
110	314	35	1
245	314	35	1
245	315	35	1
124	316	35	2
121	317	35	1
125	317	35	1
244	317	35	1
202	319	35	1
242	319	35	2
124	320	35	1
241	320	35	1
132	321	35	2
133	321	35	1
201	321	35	1
239	321	35	1
242	321	35	3
127	322	35	1
237	322	35	1
238	323	35	1
200	324	35	2
236	324	35	1
240	324	35	2
98	325	35	1
131	325	35	2
132	325	35	5
234	325	35	1
236	325	35	2
239	325	35	2
242	325	35	1
236	326	35	2
95	327	35	2
235	327	35	1
96	328	35	1
95	329	35	1
189	333	35	2
192	334	35	2
195	334	35	1
186	335	35	2
196	335	35	1
188	336	35	1
189	336	35	1
191	336	35	2
195	336	35	1
199	337	35	1
200	338	35	1
193	343	35	1
199	345	35	1
189	346	35	2
211	346	35	2
187	347	35	1
211	347	35	1
215	347	35	2
195	348	35	1
192	349	35	2
213	349	35	1
215	349	35	4
188	351	35	2
210	351	35	3
211	351	35	3
213	351	35	1
191	352	35	1
208	352	35	2
209	352	35	2
194	353	35	2
199	353	35	1
207	353	35	2
210	353	35	1
212	353	35	1
178	354	35	2
182	354	35	1
194	354	35	2
205	354	35	1
204	355	35	1
205	355	35	1
207	355	35	1
179	356	35	1
204	356	35	1
206	356	35	1
179	357	35	2
113	227	36	1
122	231	36	1
125	234	36	2
136	235	36	1
139	239	36	2
165	239	36	2
138	240	36	1
141	240	36	1
142	240	36	1
141	241	36	1
136	242	36	1
173	244	36	1
136	253	36	1
140	253	36	3
135	254	36	1
137	254	36	2
138	254	36	1
140	254	36	2
144	254	36	1
132	255	36	3
136	255	36	2
132	256	36	2
129	257	36	1
131	258	36	1
132	258	36	2
259	258	36	1
134	259	36	1
252	259	36	2
255	259	36	1
128	260	36	1
127	261	36	1
128	261	36	1
265	261	36	1
127	263	36	1
129	263	36	3
132	263	36	2
126	264	36	2
155	264	36	1
129	265	36	1
262	265	36	1
265	265	36	2
154	266	36	1
264	266	36	1
146	267	36	1
127	268	36	4
136	269	36	1
160	269	36	3
163	273	36	1
161	274	36	2
162	274	36	1
138	275	36	2
139	275	36	2
166	275	36	1
261	275	36	1
260	276	36	1
158	277	36	2
162	277	36	2
161	279	36	2
163	279	36	1
259	280	36	1
261	281	36	1
149	282	36	2
261	282	36	1
125	283	36	1
127	283	36	1
126	285	36	1
127	286	36	1
158	286	36	1
159	286	36	1
160	286	36	1
124	288	36	1
145	288	36	2
152	288	36	1
124	289	36	2
121	292	36	1
120	295	36	1
124	295	36	3
257	295	36	1
121	297	36	1
165	297	36	1
120	298	36	2
172	298	36	2
259	298	36	1
166	299	36	4
119	300	36	1
174	300	36	1
247	300	36	1
121	301	36	2
174	301	36	2
175	301	36	1
176	301	36	1
177	302	36	2
248	302	36	3
120	303	36	1
175	303	36	2
114	304	36	2
115	304	36	1
179	304	36	1
116	306	36	2
118	306	36	1
121	306	36	1
112	308	36	1
114	308	36	1
117	308	36	1
185	308	36	1
187	308	36	1
188	308	36	1
113	309	36	1
186	309	36	1
189	309	36	1
184	310	36	1
189	310	36	1
110	311	36	1
191	311	36	1
194	311	36	2
196	311	36	3
249	311	36	2
250	311	36	1
110	312	36	2
190	312	36	2
191	312	36	1
108	315	36	1
126	316	36	2
259	317	36	1
151	318	36	1
130	320	36	1
137	321	36	1
239	321	36	2
240	321	36	1
196	324	36	1
240	324	36	1
235	325	36	2
233	326	36	2
94	327	36	2
96	327	36	1
97	328	36	1
127	328	36	2
183	332	36	1
184	332	36	1
151	333	36	1
182	333	36	1
186	333	36	1
203	333	36	1
186	335	36	1
148	337	36	1
198	337	36	2
198	339	36	2
209	340	36	1
210	340	36	1
211	340	36	1
212	340	36	1
189	343	36	1
214	348	36	1
209	349	36	1
184	350	36	2
188	350	36	1
211	350	36	1
214	350	36	2
214	351	36	1
210	352	36	1
213	352	36	1
211	353	36	2
182	354	36	2
182	355	36	1
208	355	36	1
179	356	36	2
179	357	36	1
205	357	36	2
207	357	36	2
179	358	36	1
177	359	36	1
123	225	37	2
116	228	37	1
125	230	37	1
124	232	37	1
172	232	37	1
123	233	37	2
127	233	37	1
138	233	37	1
125	234	37	1
126	234	37	1
130	234	37	3
119	235	37	1
134	235	37	2
134	236	37	1
137	236	37	2
143	237	37	1
140	238	37	1
135	239	37	4
139	239	37	2
143	239	37	1
167	239	37	2
166	240	37	1
167	240	37	1
137	241	37	2
173	241	37	3
139	243	37	1
141	243	37	1
144	243	37	1
169	243	37	1
173	243	37	1
175	243	37	1
137	244	37	2
169	244	37	1
172	244	37	1
173	245	37	2
175	245	37	1
174	247	37	2
136	249	37	3
137	252	37	1
133	253	37	1
140	253	37	1
141	253	37	3
144	253	37	1
145	253	37	1
132	254	37	2
133	254	37	1
143	254	37	1
144	254	37	1
133	255	37	1
146	255	37	2
132	256	37	1
148	256	37	2
207	256	37	4
129	258	37	1
208	258	37	1
130	260	37	2
132	260	37	1
133	260	37	2
134	260	37	1
244	260	37	1
129	261	37	1
133	261	37	2
133	262	37	1
261	262	37	2
128	263	37	1
131	263	37	2
133	263	37	3
140	263	37	1
142	263	37	1
145	263	37	3
143	264	37	1
128	265	37	2
144	265	37	2
262	265	37	2
263	265	37	1
154	268	37	1
145	269	37	3
162	269	37	1
150	270	37	2
158	271	37	2
162	272	37	3
254	272	37	3
132	274	37	2
143	274	37	1
160	274	37	1
164	274	37	1
165	274	37	1
145	275	37	1
136	276	37	1
160	276	37	1
163	277	37	2
146	278	37	2
163	278	37	2
126	279	37	1
164	279	37	1
162	280	37	2
127	281	37	4
129	281	37	1
258	281	37	3
125	283	37	1
128	283	37	1
127	284	37	1
128	284	37	1
161	284	37	2
125	285	37	1
126	286	37	1
126	288	37	1
152	288	37	1
153	288	37	1
155	288	37	1
126	289	37	2
160	292	37	1
262	292	37	2
121	293	37	1
256	293	37	1
259	293	37	1
260	293	37	1
260	297	37	1
168	299	37	1
173	299	37	1
174	299	37	2
172	300	37	2
173	300	37	1
174	300	37	1
173	301	37	1
175	301	37	1
177	301	37	1
247	301	37	1
250	301	37	1
178	302	37	1
250	302	37	2
174	303	37	1
176	303	37	1
181	303	37	2
114	304	37	2
121	304	37	1
261	304	37	1
113	306	37	1
116	306	37	2
116	308	37	1
181	309	37	1
252	309	37	1
115	310	37	3
132	311	37	1
188	311	37	1
194	312	37	2
112	313	37	1
196	313	37	2
111	314	37	1
119	314	37	1
121	314	37	1
196	314	37	2
148	315	37	1
118	316	37	2
121	316	37	2
121	317	37	1
140	318	37	2
146	318	37	1
152	318	37	2
146	319	37	1
131	322	37	2
240	323	37	1
239	324	37	1
134	325	37	2
241	326	37	2
188	327	37	1
148	331	37	1
180	332	37	1
181	333	37	2
185	333	37	1
214	337	37	1
175	339	37	3
213	341	37	1
209	342	37	1
210	342	37	1
211	342	37	1
191	343	37	2
197	343	37	2
192	344	37	2
203	346	37	1
213	347	37	2
214	347	37	1
209	348	37	1
212	348	37	1
186	349	37	1
215	349	37	1
214	351	37	1
186	352	37	2
211	352	37	1
215	352	37	1
186	353	37	1
209	353	37	3
207	356	37	1
205	357	37	1
206	357	37	1
113	219	38	1
123	225	38	2
125	225	38	1
124	226	38	3
126	227	38	1
126	230	38	1
173	230	38	1
137	231	38	3
122	232	38	1
117	233	38	1
135	233	38	1
169	233	38	1
114	234	38	3
129	234	38	1
134	234	38	1
136	235	38	1
137	235	38	2
139	235	38	1
138	236	38	2
143	237	38	2
166	237	38	3
143	238	38	2
144	238	38	1
126	239	38	1
137	239	38	1
167	239	38	1
162	240	38	2
164	240	38	1
166	240	38	2
167	240	38	1
169	240	38	4
197	240	38	1
200	240	38	1
128	241	38	1
138	241	38	2
165	241	38	4
126	242	38	2
144	242	38	1
167	242	38	1
171	242	38	1
124	243	38	2
127	243	38	2
140	243	38	1
174	243	38	1
121	244	38	1
123	244	38	2
139	244	38	1
169	244	38	1
124	245	38	3
168	245	38	1
169	245	38	2
171	245	38	1
172	245	38	2
175	245	38	1
123	246	38	1
170	246	38	2
173	246	38	1
174	246	38	1
175	246	38	2
140	248	38	1
169	248	38	1
167	249	38	1
137	250	38	3
233	252	38	3
134	253	38	1
148	253	38	1
132	254	38	1
141	254	38	1
143	254	38	2
139	255	38	1
143	255	38	1
151	255	38	1
134	256	38	1
136	256	38	2
146	258	38	2
207	258	38	1
250	258	38	1
146	259	38	1
207	259	38	1
252	259	38	1
142	260	38	1
168	260	38	2
263	260	38	2
130	261	38	2
146	261	38	1
260	261	38	1
149	262	38	1
151	262	38	1
152	262	38	1
144	263	38	1
147	263	38	2
154	263	38	1
164	263	38	2
167	263	38	1
263	263	38	1
130	264	38	1
147	264	38	2
151	264	38	2
152	264	38	2
153	264	38	1
163	264	38	2
166	264	38	1
146	265	38	3
154	265	38	1
156	265	38	1
165	265	38	1
151	266	38	2
143	267	38	1
149	267	38	1
262	267	38	1
152	268	38	3
137	271	38	1
140	271	38	1
141	271	38	1
247	271	38	1
141	272	38	1
142	272	38	1
147	272	38	1
253	272	38	3
136	273	38	1
144	273	38	1
145	273	38	2
143	274	38	1
252	274	38	2
129	275	38	1
163	276	38	1
256	276	38	1
126	280	38	1
129	280	38	1
140	280	38	1
164	280	38	2
128	281	38	1
137	281	38	1
141	281	38	1
161	281	38	1
127	282	38	1
129	282	38	1
132	282	38	1
125	283	38	1
136	284	38	1
140	284	38	1
125	285	38	1
149	285	38	1
153	286	38	1
156	289	38	1
157	290	38	2
257	291	38	2
154	292	38	2
156	292	38	1
253	293	38	1
155	294	38	1
258	294	38	1
259	294	38	1
120	295	38	2
156	295	38	1
254	295	38	1
259	295	38	1
260	296	38	1
251	297	38	1
260	297	38	1
172	298	38	1
259	298	38	2
121	300	38	1
173	300	38	2
177	300	38	2
170	301	38	1
172	302	38	1
178	302	38	1
126	303	38	1
260	303	38	2
125	304	38	1
174	304	38	2
176	304	38	2
177	304	38	1
261	304	38	1
259	305	38	1
115	306	38	1
257	306	38	2
257	307	38	1
254	309	38	1
260	310	38	1
122	315	38	1
148	315	38	3
116	316	38	1
119	316	38	1
140	316	38	1
146	316	38	1
152	316	38	1
114	317	38	1
115	317	38	1
119	317	38	1
153	317	38	1
119	318	38	2
121	318	38	1
140	318	38	3
151	318	38	2
117	319	38	1
113	320	38	4
116	320	38	2
146	320	38	1
147	320	38	1
150	320	38	1
113	321	38	1
143	322	38	1
144	322	38	1
137	323	38	2
140	323	38	1
239	324	38	1
242	324	38	2
133	325	38	1
242	326	38	1
238	327	38	2
237	329	38	1
152	332	38	1
159	332	38	1
191	332	38	2
150	333	38	1
152	333	38	1
177	333	38	1
181	333	38	4
185	333	38	1
186	334	38	1
189	334	38	1
210	339	38	1
211	339	38	1
209	340	38	3
214	340	38	1
211	341	38	2
212	345	38	1
188	346	38	1
189	346	38	1
190	346	38	1
214	347	38	1
215	347	38	1
247	347	38	1
248	347	38	3
187	348	38	2
211	349	38	2
211	350	38	1
210	351	38	3
212	351	38	1
216	351	38	1
211	352	38	2
215	353	38	1
184	354	38	1
176	355	38	1
208	355	38	1
177	356	38	1
180	356	38	1
207	356	38	1
174	357	38	3
181	357	38	1
171	358	38	1
205	358	38	1
206	358	38	2
208	358	38	1
204	359	38	1
191	361	38	2
192	361	38	1
193	361	38	1
195	361	38	1
191	362	38	4
196	363	38	2
193	364	38	1
115	218	39	2
113	220	39	2
111	221	39	2
119	223	39	2
125	223	39	1
120	224	39	1
134	228	39	3
147	228	39	2
138	229	39	1
123	230	39	1
139	230	39	1
145	230	39	1
172	230	39	1
135	232	39	2
128	233	39	2
140	233	39	1
194	233	39	3
198	233	39	1
201	233	39	1
130	234	39	2
195	234	39	1
154	235	39	1
168	235	39	1
137	236	39	1
167	236	39	1
118	237	39	1
137	237	39	1
138	237	39	1
139	237	39	1
144	237	39	1
161	237	39	1
168	237	39	2
199	237	39	1
116	238	39	2
138	238	39	1
140	238	39	2
142	238	39	2
143	238	39	3
167	238	39	1
201	238	39	2
135	239	39	2
161	239	39	1
127	240	39	1
139	240	39	1
144	240	39	1
163	240	39	1
196	240	39	1
197	240	39	1
128	241	39	1
133	241	39	2
137	241	39	2
145	241	39	1
168	241	39	2
126	242	39	1
127	242	39	1
165	242	39	1
168	242	39	1
169	242	39	1
172	242	39	1
131	243	39	2
166	243	39	3
171	243	39	1
121	244	39	3
124	244	39	2
125	244	39	1
136	244	39	1
140	244	39	3
142	244	39	1
167	244	39	2
169	244	39	1
176	244	39	1
139	245	39	1
167	245	39	1
168	245	39	2
175	245	39	1
178	245	39	1
127	246	39	3
141	246	39	1
172	246	39	1
173	246	39	2
129	248	39	2
135	249	39	1
122	250	39	2
135	250	39	1
140	250	39	1
136	251	39	1
123	252	39	1
136	252	39	1
143	252	39	2
126	253	39	1
132	253	39	2
136	253	39	1
141	253	39	1
168	253	39	1
169	253	39	1
235	253	39	3
124	254	39	2
144	254	39	1
151	254	39	2
154	254	39	2
168	254	39	1
236	254	39	2
136	255	39	1
152	255	39	3
153	255	39	2
155	255	39	1
153	256	39	1
133	257	39	2
138	257	39	4
139	257	39	1
147	258	39	2
168	258	39	2
208	258	39	1
134	259	39	1
136	259	39	1
138	259	39	1
147	259	39	1
148	259	39	1
149	259	39	2
255	259	39	2
130	260	39	2
145	260	39	1
149	260	39	2
150	260	39	1
168	260	39	2
255	260	39	1
256	260	39	1
130	261	39	2
140	261	39	1
151	261	39	1
252	261	39	1
132	262	39	1
143	262	39	1
231	262	39	1
250	262	39	1
261	262	39	1
131	263	39	3
132	263	39	1
139	263	39	1
146	263	39	2
158	263	39	1
167	263	39	2
168	263	39	3
262	263	39	1
263	263	39	1
131	264	39	1
142	264	39	1
145	264	39	2
152	264	39	1
154	264	39	2
155	264	39	1
146	265	39	1
147	265	39	2
153	265	39	1
155	265	39	1
167	265	39	1
258	265	39	2
147	266	39	1
153	266	39	2
163	266	39	3
165	266	39	1
142	267	39	2
156	267	39	1
256	267	39	2
134	268	39	1
135	268	39	1
167	268	39	2
259	268	39	1
136	269	39	1
143	269	39	1
152	269	39	1
134	270	39	3
142	270	39	1
167	270	39	1
244	270	39	1
245	270	39	2
143	271	39	1
144	271	39	2
145	271	39	2
143	272	39	3
147	272	39	1
252	272	39	2
142	273	39	2
139	274	39	1
143	274	39	2
146	274	39	1
162	274	39	1
130	275	39	1
131	275	39	1
134	275	39	1
135	275	39	1
141	275	39	1
144	275	39	2
146	275	39	2
129	276	39	1
142	276	39	1
148	276	39	2
149	276	39	2
130	277	39	1
133	277	39	1
147	277	39	2
149	277	39	1
129	278	39	2
138	278	39	2
147	278	39	3
128	279	39	2
141	279	39	1
142	279	39	2
147	279	39	2
149	279	39	1
152	279	39	2
135	280	39	2
162	280	39	1
128	282	39	1
136	282	39	1
160	282	39	1
125	283	39	1
127	283	39	1
130	283	39	3
133	283	39	1
134	284	39	1
157	284	39	2
139	285	39	2
172	286	39	2
173	286	39	1
134	287	39	2
154	287	39	1
155	290	39	1
158	290	39	1
254	290	39	1
154	291	39	1
252	292	39	1
139	293	39	1
248	293	39	1
140	294	39	1
159	294	39	1
170	294	39	1
258	294	39	3
159	295	39	1
161	295	39	1
131	296	39	1
174	296	39	1
249	296	39	3
259	296	39	1
166	297	39	1
171	297	39	1
248	297	39	4
250	297	39	1
134	298	39	2
165	298	39	1
167	299	39	1
174	299	39	2
249	299	39	1
168	300	39	1
174	300	39	1
172	301	39	1
180	302	39	3
259	302	39	1
174	303	39	1
126	304	39	1
171	304	39	2
172	304	39	1
177	304	39	4
178	304	39	2
259	304	39	2
174	305	39	1
176	305	39	2
182	305	39	1
259	305	39	1
260	305	39	1
126	306	39	2
128	306	39	1
177	306	39	1
115	307	39	2
125	308	39	1
260	310	39	2
124	311	39	1
147	314	39	2
146	316	39	1
149	316	39	1
115	317	39	2
119	317	39	1
139	317	39	2
148	317	39	2
137	318	39	2
139	318	39	1
141	318	39	1
146	318	39	2
150	319	39	2
117	320	39	1
140	320	39	3
146	320	39	1
179	321	39	2
180	321	39	1
140	322	39	2
181	324	39	2
241	324	39	2
242	328	39	1
238	329	39	1
152	330	39	1
153	330	39	1
220	330	39	2
153	331	39	1
168	331	39	2
186	331	39	2
218	331	39	2
221	331	39	1
153	332	39	1
157	332	39	2
179	332	39	1
180	332	39	1
154	333	39	4
161	333	39	2
183	333	39	1
219	333	39	2
160	334	39	3
183	334	39	1
195	335	39	2
153	336	39	1
156	336	39	2
214	336	39	2
242	336	39	2
213	338	39	2
215	340	39	2
201	342	39	1
207	343	39	1
191	345	39	2
201	345	39	1
202	345	39	1
209	346	39	1
247	346	39	1
190	347	39	2
191	347	39	1
192	347	39	2
211	347	39	1
247	347	39	1
248	347	39	3
194	348	39	1
211	348	39	1
210	349	39	1
209	352	39	1
212	352	39	1
215	353	39	1
206	354	39	1
211	354	39	2
177	355	39	1
207	355	39	1
207	356	39	2
205	357	39	1
212	357	39	3
191	361	39	2
195	361	39	1
192	362	39	2
201	362	39	2
191	363	39	1
195	363	39	1
114	219	40	1
112	220	40	1
111	221	40	2
121	222	40	2
144	225	40	1
136	226	40	2
141	228	40	2
137	229	40	1
138	229	40	2
140	229	40	1
136	230	40	3
199	231	40	2
136	232	40	1
141	234	40	3
203	234	40	1
118	235	40	1
139	235	40	2
140	235	40	2
144	235	40	1
199	235	40	2
203	235	40	3
120	236	40	1
168	236	40	1
136	237	40	2
162	237	40	1
163	237	40	2
198	237	40	2
143	238	40	1
159	238	40	2
160	238	40	1
162	238	40	1
166	238	40	2
195	238	40	3
203	238	40	1
204	238	40	2
136	239	40	2
143	239	40	1
136	240	40	1
143	240	40	1
145	240	40	1
196	240	40	1
161	241	40	1
164	241	40	3
168	241	40	1
125	242	40	1
126	242	40	1
134	242	40	4
143	242	40	2
170	242	40	1
127	243	40	1
128	243	40	1
165	243	40	2
175	243	40	1
171	244	40	1
126	245	40	1
128	245	40	1
140	245	40	1
163	245	40	1
173	245	40	3
179	245	40	3
178	246	40	1
171	247	40	1
174	247	40	1
121	248	40	2
125	248	40	1
126	248	40	1
125	249	40	1
232	249	40	1
135	250	40	2
137	250	40	1
139	250	40	1
231	250	40	1
232	251	40	1
134	252	40	1
139	252	40	1
240	252	40	1
132	253	40	1
223	253	40	1
138	254	40	1
152	254	40	1
154	254	40	1
134	255	40	1
138	255	40	1
137	256	40	1
212	256	40	2
136	257	40	1
139	257	40	2
147	257	40	1
154	257	40	1
156	257	40	1
142	258	40	1
145	259	40	1
157	259	40	1
176	259	40	1
132	260	40	1
144	260	40	1
148	260	40	1
149	260	40	1
154	260	40	1
157	260	40	2
158	260	40	1
164	260	40	1
165	260	40	1
205	260	40	1
140	261	40	1
151	261	40	3
167	261	40	1
168	261	40	1
210	261	40	1
211	261	40	2
250	261	40	3
251	261	40	2
257	261	40	1
130	262	40	2
139	262	40	2
146	262	40	2
167	262	40	1
168	262	40	3
222	262	40	1
248	262	40	1
249	262	40	2
151	263	40	1
153	263	40	2
157	263	40	2
166	263	40	1
167	263	40	2
234	263	40	1
130	264	40	1
157	264	40	2
163	264	40	2
168	264	40	2
144	265	40	1
164	265	40	1
165	265	40	2
222	265	40	2
142	266	40	1
146	266	40	1
150	266	40	1
151	266	40	1
157	266	40	2
158	266	40	1
219	266	40	2
256	266	40	2
142	267	40	1
258	267	40	1
147	268	40	1
150	268	40	1
154	268	40	1
246	268	40	2
253	268	40	1
139	269	40	2
165	269	40	1
167	269	40	1
244	269	40	2
245	269	40	1
250	269	40	1
132	270	40	2
134	270	40	1
135	270	40	1
147	270	40	1
164	270	40	1
137	271	40	1
138	271	40	1
144	271	40	1
146	271	40	2
148	271	40	3
151	271	40	1
135	272	40	3
136	272	40	1
143	272	40	1
147	272	40	1
165	272	40	1
223	272	40	1
245	272	40	1
247	272	40	1
248	272	40	4
251	272	40	2
142	273	40	1
146	273	40	3
150	273	40	2
164	273	40	1
166	273	40	1
167	273	40	1
143	274	40	2
148	274	40	1
156	274	40	3
137	275	40	1
138	275	40	1
139	275	40	1
142	275	40	1
129	276	40	1
133	276	40	1
136	276	40	1
137	276	40	2
144	276	40	1
147	276	40	1
154	276	40	2
155	276	40	1
130	277	40	2
143	277	40	1
134	278	40	2
142	278	40	2
157	278	40	2
131	279	40	1
141	279	40	1
148	279	40	1
152	279	40	1
138	280	40	1
139	280	40	1
152	280	40	2
161	280	40	2
162	280	40	1
129	281	40	1
142	281	40	4
142	282	40	2
159	282	40	1
133	283	40	1
134	283	40	2
157	283	40	1
158	284	40	1
135	285	40	1
133	286	40	1
137	286	40	1
139	286	40	1
158	286	40	3
133	287	40	1
258	288	40	1
140	293	40	1
160	294	40	1
163	294	40	1
254	294	40	1
162	295	40	2
123	296	40	1
130	296	40	1
131	296	40	2
160	296	40	1
121	297	40	1
133	297	40	1
149	297	40	1
172	297	40	2
253	297	40	1
257	297	40	2
136	298	40	2
162	298	40	1
259	298	40	1
260	298	40	1
168	299	40	1
123	300	40	1
131	300	40	1
249	300	40	1
257	300	40	3
133	301	40	1
142	301	40	1
168	301	40	1
169	301	40	1
250	301	40	4
130	302	40	1
143	302	40	1
171	302	40	4
128	303	40	1
129	303	40	1
133	303	40	2
139	303	40	1
171	303	40	3
175	303	40	2
181	303	40	2
182	303	40	1
139	304	40	1
170	304	40	1
171	304	40	2
180	304	40	3
125	305	40	2
126	305	40	1
127	305	40	1
172	306	40	1
183	307	40	1
262	307	40	1
124	308	40	1
125	310	40	1
119	312	40	2
123	312	40	1
140	313	40	1
147	315	40	1
148	315	40	1
115	316	40	1
119	316	40	2
139	317	40	3
147	317	40	1
117	318	40	1
138	318	40	3
146	318	40	1
115	319	40	1
116	319	40	1
117	319	40	1
149	320	40	1
152	320	40	1
176	326	40	1
249	326	40	3
186	327	40	1
241	327	40	2
151	328	40	1
239	328	40	2
242	328	40	1
151	330	40	1
189	330	40	1
243	330	40	1
148	331	40	2
154	331	40	2
189	331	40	2
149	332	40	1
151	332	40	1
157	332	40	2
180	332	40	2
181	332	40	1
192	332	40	1
216	332	40	1
217	332	40	1
220	332	40	1
221	332	40	1
154	333	40	1
156	333	40	1
158	333	40	2
176	333	40	3
179	333	40	1
184	333	40	1
219	333	40	1
240	333	40	2
153	334	40	2
154	334	40	1
191	334	40	1
244	334	40	3
156	335	40	1
165	335	40	1
244	335	40	2
247	335	40	2
150	336	40	1
153	336	40	3
223	339	40	1
212	340	40	1
208	341	40	2
213	341	40	1
217	341	40	1
221	341	40	1
210	342	40	1
211	342	40	1
215	342	40	1
222	342	40	1
197	343	40	1
208	343	40	1
210	343	40	1
220	343	40	3
222	343	40	1
232	343	40	1
195	344	40	2
204	344	40	1
209	344	40	1
193	345	40	1
196	345	40	1
203	345	40	1
204	345	40	1
191	347	40	2
203	347	40	1
211	347	40	1
220	349	40	1
236	349	40	2
235	350	40	1
212	352	40	4
212	353	40	2
207	357	40	2
208	357	40	1
207	359	40	1
172	361	40	1
206	361	40	1
113	220	41	2
111	221	41	1
110	222	41	2
111	222	41	1
121	222	41	2
134	226	41	1
141	226	41	1
135	227	41	1
137	227	41	1
138	228	41	1
136	229	41	1
136	230	41	1
139	231	41	1
141	231	41	1
143	232	41	1
136	233	41	1
140	233	41	2
142	233	41	1
204	233	41	1
140	234	41	1
199	235	41	2
138	236	41	3
141	236	41	3
142	236	41	1
165	236	41	3
201	236	41	1
204	236	41	1
140	237	41	3
141	237	41	2
160	237	41	2
164	237	41	1
202	237	41	1
134	238	41	2
158	238	41	2
164	238	41	1
166	238	41	3
167	238	41	1
138	239	41	1
141	239	41	3
144	239	41	1
162	239	41	1
200	239	41	1
139	240	41	1
165	240	41	1
198	240	41	2
129	241	41	1
167	241	41	1
128	242	41	1
134	242	41	1
137	242	41	2
140	242	41	1
170	242	41	1
129	243	41	1
138	243	41	1
139	243	41	4
140	243	41	2
169	243	41	1
125	244	41	1
170	244	41	1
176	244	41	2
128	245	41	3
177	245	41	1
126	246	41	1
128	246	41	1
178	247	41	1
179	247	41	2
181	247	41	2
173	248	41	1
133	249	41	1
231	250	41	2
232	250	41	1
230	251	41	1
123	252	41	2
175	252	41	2
234	252	41	1
143	253	41	1
228	253	41	2
232	253	41	1
141	254	41	1
144	254	41	1
243	254	41	2
152	255	41	1
141	256	41	1
142	256	41	3
210	256	41	1
137	257	41	1
141	257	41	2
174	257	41	3
177	257	41	1
213	257	41	1
214	257	41	1
254	257	41	3
147	258	41	2
154	258	41	2
177	258	41	1
211	258	41	1
139	259	41	1
176	259	41	1
212	259	41	1
213	259	41	1
148	260	41	1
154	260	41	1
170	260	41	1
175	260	41	1
176	260	41	1
250	260	41	3
130	261	41	1
144	261	41	1
146	261	41	1
151	261	41	1
160	261	41	1
167	261	41	2
174	261	41	1
210	261	41	1
250	261	41	1
253	261	41	1
254	261	41	1
139	262	41	1
142	262	41	1
143	262	41	1
146	262	41	2
148	262	41	1
151	262	41	1
158	262	41	1
164	262	41	1
168	262	41	2
172	262	41	1
173	262	41	2
175	262	41	1
207	262	41	1
248	262	41	1
153	263	41	2
167	263	41	3
168	263	41	1
255	263	41	2
143	264	41	1
145	264	41	1
148	264	41	1
149	264	41	1
151	264	41	2
171	264	41	1
209	264	41	1
144	265	41	2
149	265	41	1
142	266	41	1
145	266	41	4
149	266	41	1
167	266	41	3
168	266	41	1
161	267	41	1
253	267	41	2
146	268	41	1
147	268	41	2
153	268	41	2
206	268	41	2
203	269	41	1
248	269	41	2
254	269	41	1
135	270	41	2
137	270	41	2
139	270	41	2
142	270	41	1
149	270	41	1
151	270	41	1
247	270	41	1
132	271	41	1
135	271	41	1
142	271	41	1
146	271	41	3
151	271	41	1
157	271	41	1
203	271	41	1
139	272	41	3
145	272	41	1
147	272	41	1
149	272	41	1
151	272	41	1
152	272	41	1
154	272	41	1
163	272	41	1
165	272	41	2
228	272	41	2
147	273	41	1
150	273	41	1
155	273	41	3
157	273	41	1
134	274	41	2
136	274	41	1
143	274	41	1
146	274	41	1
147	274	41	1
151	274	41	1
153	274	41	1
155	274	41	1
164	274	41	1
246	274	41	2
130	275	41	1
132	275	41	3
157	275	41	1
130	276	41	1
136	276	41	1
139	276	41	1
145	276	41	1
146	276	41	1
155	276	41	1
156	276	41	1
162	276	41	2
211	276	41	1
129	277	41	1
131	277	41	2
132	277	41	1
142	277	41	1
161	277	41	1
131	278	41	1
149	278	41	1
150	278	41	1
153	278	41	1
155	278	41	2
141	280	41	1
148	280	41	1
150	280	41	1
153	280	41	1
130	281	41	1
142	281	41	1
152	281	41	1
130	282	41	1
137	282	41	2
162	282	41	2
139	283	41	1
218	283	41	1
141	284	41	1
156	284	41	1
215	284	41	1
155	285	41	1
218	285	41	1
219	285	41	2
158	286	41	1
159	286	41	1
139	287	41	1
156	287	41	1
139	288	41	1
135	289	41	1
139	289	41	1
141	289	41	1
155	289	41	1
134	290	41	2
154	290	41	1
134	292	41	2
132	293	41	1
134	293	41	3
139	293	41	1
154	294	41	3
135	295	41	1
140	295	41	1
150	295	41	2
150	296	41	1
129	297	41	1
137	297	41	1
162	297	41	3
165	297	41	1
171	297	41	1
130	298	41	2
131	298	41	1
138	298	41	1
149	298	41	1
252	298	41	1
256	298	41	2
93	299	41	2
128	299	41	1
149	299	41	1
169	299	41	1
172	300	41	2
249	300	41	2
260	300	41	1
167	301	41	2
172	301	41	1
250	301	41	1
127	302	41	1
128	302	41	2
131	302	41	1
132	302	41	2
134	302	41	2
123	303	41	1
138	303	41	1
170	303	41	1
176	303	41	1
181	303	41	1
122	304	41	2
126	304	41	1
128	304	41	1
129	304	41	1
132	304	41	1
141	304	41	1
127	305	41	1
131	305	41	2
172	305	41	1
176	305	41	1
182	305	41	3
259	305	41	1
132	306	41	1
171	306	41	2
129	307	41	2
130	307	41	1
142	307	41	1
123	309	41	1
124	309	41	1
140	309	41	3
162	309	41	1
165	309	41	1
122	311	41	1
121	314	41	2
116	315	41	3
119	315	41	1
140	315	41	1
114	316	41	1
139	317	41	1
113	318	41	2
139	319	41	1
143	319	41	1
138	320	41	1
150	320	41	1
141	321	41	1
150	321	41	1
179	322	41	3
111	323	41	1
176	323	41	2
133	324	41	1
248	324	41	1
136	325	41	2
247	325	41	2
134	326	41	1
249	326	41	2
138	327	41	1
249	327	41	1
156	328	41	1
242	328	41	1
252	328	41	1
130	329	41	1
148	329	41	2
167	329	41	3
186	329	41	1
245	329	41	1
126	330	41	1
133	330	41	1
147	330	41	1
175	330	41	1
181	330	41	1
182	330	41	1
184	330	41	2
185	330	41	2
242	330	41	1
251	330	41	2
154	331	41	2
158	331	41	1
174	331	41	1
175	331	41	1
238	331	41	1
133	332	41	1
157	332	41	2
176	332	41	2
185	332	41	1
192	332	41	2
218	332	41	2
221	332	41	1
134	333	41	1
151	333	41	1
157	333	41	2
179	333	41	2
216	333	41	1
220	333	41	1
154	334	41	1
189	334	41	1
216	334	41	1
218	334	41	2
242	334	41	1
244	334	41	1
133	335	41	1
154	335	41	1
238	335	41	1
246	335	41	1
157	336	41	1
215	336	41	1
218	336	41	1
128	337	41	1
129	337	41	1
156	337	41	1
248	337	41	1
251	337	41	2
151	338	41	1
156	338	41	3
250	338	41	1
158	339	41	1
195	339	41	1
214	339	41	2
215	339	41	3
152	340	41	1
194	340	41	2
219	340	41	1
218	341	41	1
220	341	41	2
210	342	41	1
214	342	41	2
222	342	41	3
210	343	41	1
221	343	41	1
194	344	41	1
195	344	41	1
210	344	41	1
211	344	41	1
196	345	41	1
212	345	41	1
206	346	41	1
210	346	41	4
218	346	41	2
231	347	41	1
248	347	41	2
195	349	41	1
233	349	41	1
193	350	41	1
237	350	41	1
235	351	41	2
237	351	41	3
209	352	41	1
235	352	41	2
210	353	41	1
207	355	41	1
171	359	41	1
206	359	41	2
207	360	41	1
202	361	41	3
199	363	41	1
200	363	41	1
138	227	42	3
134	228	42	2
136	228	42	1
139	228	42	1
135	232	42	1
138	232	42	2
136	233	42	1
140	233	42	3
201	234	42	1
140	235	42	3
156	235	42	1
165	235	42	2
199	235	42	1
201	235	42	2
202	235	42	2
203	235	42	2
143	236	42	2
144	236	42	1
161	236	42	1
164	236	42	1
166	236	42	1
199	236	42	2
139	237	42	1
158	237	42	1
159	237	42	1
162	237	42	2
165	237	42	1
204	237	42	1
141	238	42	1
162	238	42	2
164	238	42	1
167	239	42	1
141	240	42	1
166	240	42	1
142	241	42	1
137	242	42	1
139	242	42	1
169	242	42	1
170	242	42	1
164	243	42	1
174	243	42	1
139	244	42	2
176	244	42	1
179	244	42	1
182	244	42	1
184	244	42	1
181	245	42	1
126	247	42	1
178	252	42	1
140	253	42	1
138	254	42	2
139	254	42	1
140	254	42	2
176	254	42	1
151	256	42	4
212	256	42	1
141	257	42	1
142	257	42	1
147	257	42	1
157	257	42	1
173	257	42	1
174	257	42	1
177	257	42	1
212	257	42	2
213	257	42	1
150	258	42	2
158	258	42	1
172	258	42	1
175	258	42	1
210	258	42	1
212	258	42	1
213	258	42	1
145	259	42	1
154	259	42	1
173	259	42	1
248	259	42	1
153	260	42	1
157	260	42	3
169	260	42	2
171	260	42	2
172	260	42	3
176	260	42	1
253	260	42	2
150	261	42	2
153	261	42	3
154	261	42	1
155	261	42	4
167	261	42	1
168	261	42	3
174	261	42	1
175	261	42	1
176	261	42	1
149	262	42	1
155	262	42	1
163	262	42	1
171	262	42	1
174	262	42	2
175	262	42	2
209	262	42	1
146	263	42	1
150	263	42	1
151	263	42	1
157	263	42	1
163	263	42	1
147	264	42	1
151	264	42	1
152	264	42	1
144	265	42	1
124	266	42	1
145	266	42	1
154	266	42	1
155	266	42	3
143	267	42	1
147	267	42	2
254	267	42	2
143	268	42	1
146	268	42	2
151	268	42	1
250	269	42	1
142	270	42	2
146	271	42	1
132	272	42	1
143	272	42	1
145	272	42	1
131	273	42	1
154	273	42	1
158	273	42	3
154	274	42	1
156	274	42	2
143	275	42	1
144	275	42	1
148	275	42	3
153	275	42	1
249	275	42	2
143	276	42	1
151	276	42	1
153	276	42	2
154	276	42	2
156	276	42	1
157	276	42	1
134	277	42	2
138	277	42	1
141	277	42	2
142	277	42	1
146	277	42	1
158	277	42	1
163	277	42	1
131	278	42	2
132	278	42	1
148	278	42	1
137	279	42	1
143	279	42	1
144	279	42	1
147	279	42	1
149	279	42	1
151	279	42	1
164	279	42	2
151	280	42	2
154	280	42	3
210	280	42	1
143	281	42	1
151	281	42	1
153	281	42	2
156	281	42	2
139	282	42	1
154	282	42	2
158	282	42	1
162	282	42	3
141	283	42	1
159	283	42	1
137	284	42	1
138	284	42	1
149	284	42	1
151	284	42	1
152	285	42	1
153	285	42	1
154	285	42	2
217	285	42	2
141	286	42	1
155	286	42	1
136	287	42	2
141	287	42	1
174	287	42	2
153	289	42	1
174	289	42	2
134	290	42	1
135	291	42	1
140	291	42	2
133	292	42	2
153	292	42	2
130	293	42	1
137	293	42	1
138	293	42	1
142	293	42	1
135	294	42	2
137	294	42	1
138	294	42	1
141	294	42	3
256	295	42	2
161	296	42	1
130	297	42	1
136	297	42	1
141	298	42	2
151	298	42	1
166	298	42	1
94	299	42	1
126	299	42	1
169	299	42	2
259	299	42	1
129	300	42	1
131	300	42	2
249	300	42	1
126	301	42	1
130	301	42	1
142	301	42	1
144	301	42	1
248	301	42	1
165	302	42	1
139	303	42	3
140	303	42	1
142	303	42	1
168	303	42	1
171	303	42	1
132	304	42	1
144	304	42	1
171	304	42	2
181	304	42	1
125	305	42	1
126	305	42	1
128	306	42	2
140	306	42	1
170	306	42	1
143	307	42	1
129	308	42	1
125	309	42	2
140	314	42	1
137	315	42	1
141	316	42	1
139	318	42	1
139	320	42	1
138	321	42	2
150	321	42	4
183	323	42	1
141	324	42	1
181	324	42	2
132	325	42	2
137	325	42	1
183	325	42	1
134	326	42	1
135	326	42	1
249	326	42	1
176	327	42	2
186	328	42	1
250	328	42	1
187	329	42	2
161	330	42	1
188	330	42	1
132	331	42	2
134	331	42	1
154	331	42	2
176	331	42	1
187	331	42	2
242	331	42	2
164	332	42	1
165	332	42	1
186	332	42	1
242	332	42	1
126	333	42	1
131	333	42	1
176	333	42	1
177	333	42	1
178	333	42	1
181	333	42	1
158	334	42	1
188	334	42	1
189	334	42	1
218	334	42	3
222	334	42	1
245	334	42	1
247	334	42	1
128	336	42	1
151	336	42	3
190	336	42	2
220	336	42	1
248	336	42	1
127	337	42	1
152	337	42	1
156	337	42	2
192	337	42	2
247	337	42	2
155	338	42	1
194	338	42	1
154	339	42	1
193	340	42	1
195	341	42	1
207	344	42	1
212	344	42	1
196	345	42	1
230	346	42	1
210	347	42	2
231	349	42	2
206	350	42	1
234	350	42	2
235	353	42	2
208	357	42	1
207	358	42	1
204	360	42	2
205	361	42	2
200	364	42	4
137	227	43	1
137	229	43	3
138	229	43	2
139	229	43	1
136	231	43	1
139	231	43	1
162	231	43	1
137	232	43	1
138	232	43	1
141	232	43	1
137	233	43	1
139	233	43	1
141	235	43	2
163	235	43	2
164	236	43	1
136	237	43	1
138	237	43	1
143	237	43	2
138	238	43	2
140	238	43	2
143	240	43	1
165	240	43	1
140	242	43	1
169	245	43	1
178	245	43	1
179	254	43	1
119	256	43	1
139	256	43	1
155	257	43	1
174	257	43	1
176	257	43	1
177	257	43	1
146	258	43	1
149	258	43	1
215	258	43	1
179	259	43	2
143	260	43	1
149	260	43	1
154	260	43	1
161	260	43	2
170	260	43	1
171	260	43	1
172	260	43	1
175	260	43	1
178	260	43	1
145	261	43	1
146	261	43	1
178	261	43	1
209	261	43	2
152	262	43	1
158	262	43	1
163	262	43	2
164	262	43	1
167	262	43	1
206	262	43	1
208	262	43	1
147	263	43	1
154	263	43	1
205	263	43	1
144	264	43	3
151	264	43	1
156	264	43	1
257	264	43	1
124	265	43	1
144	265	43	1
147	265	43	2
151	265	43	2
153	265	43	1
158	266	43	2
147	267	43	3
143	268	43	1
149	268	43	1
142	270	43	1
150	270	43	1
134	271	43	1
148	271	43	1
143	273	43	2
146	273	43	1
147	273	43	1
148	273	43	1
141	274	43	1
156	274	43	1
255	274	43	1
129	275	43	1
131	275	43	2
141	275	43	1
142	275	43	1
144	275	43	1
145	275	43	2
155	275	43	1
160	275	43	2
182	275	43	1
148	276	43	1
165	276	43	1
131	277	43	1
145	277	43	1
148	277	43	2
156	277	43	2
164	277	43	3
131	278	43	2
132	278	43	2
148	279	43	2
151	279	43	2
158	279	43	1
147	280	43	1
148	280	43	2
150	280	43	1
155	280	43	1
161	280	43	1
210	280	43	1
152	281	43	1
158	281	43	1
161	281	43	2
140	282	43	2
141	282	43	1
154	282	43	1
158	282	43	1
214	282	43	1
143	283	43	2
149	283	43	1
250	283	43	1
148	284	43	1
149	284	43	1
150	284	43	2
152	284	43	2
160	284	43	1
152	285	43	1
143	286	43	2
216	286	43	1
137	288	43	2
138	288	43	2
140	288	43	3
173	288	43	1
256	289	43	1
143	292	43	1
152	292	43	1
139	293	43	1
143	293	43	1
146	293	43	1
255	293	43	1
151	295	43	2
254	295	43	1
136	296	43	1
137	296	43	1
149	297	43	2
136	298	43	2
141	299	43	2
143	299	43	1
165	299	43	3
138	300	43	1
141	300	43	1
152	300	43	1
129	301	43	1
133	301	43	1
140	301	43	1
149	301	43	1
133	302	43	1
137	302	43	2
143	302	43	1
170	302	43	2
172	302	43	2
130	303	43	1
135	303	43	1
136	303	43	1
170	303	43	1
135	304	43	2
146	304	43	2
134	305	43	1
141	305	43	1
143	305	43	1
168	305	43	1
127	306	43	1
148	306	43	1
170	306	43	1
126	307	43	1
129	307	43	1
128	308	43	2
143	308	43	1
167	309	43	3
140	313	43	3
142	313	43	1
143	314	43	1
140	318	43	1
137	319	43	1
142	319	43	2
114	321	43	1
150	324	43	3
140	325	43	2
133	326	43	2
136	326	43	1
177	326	43	2
249	326	43	2
186	327	43	1
251	328	43	3
133	329	43	1
179	329	43	2
132	331	43	1
153	331	43	1
189	331	43	2
131	332	43	1
218	332	43	1
133	333	43	3
179	333	43	1
188	333	43	1
217	333	43	1
219	334	43	1
128	335	43	2
131	335	43	1
156	335	43	3
222	335	43	1
131	336	43	1
153	336	43	1
156	336	43	2
244	336	43	1
246	336	43	1
127	337	43	2
249	337	43	1
155	338	43	3
247	338	43	1
195	341	43	1
211	343	43	3
211	344	43	1
231	344	43	1
233	346	43	2
233	347	43	1
209	349	43	1
210	349	43	1
232	349	43	3
227	350	43	1
204	354	43	1
206	354	43	1
208	354	43	1
206	359	43	2
186	360	43	1
204	360	43	2
205	361	43	2
209	361	43	1
138	228	44	1
140	228	44	1
137	233	44	2
159	236	44	2
164	237	44	2
139	238	44	1
177	243	44	1
180	245	44	2
175	257	44	3
176	258	44	2
178	258	44	1
178	259	44	1
150	260	44	2
158	260	44	1
176	260	44	1
147	261	44	1
175	261	44	1
159	262	44	2
160	262	44	3
147	263	44	2
149	263	44	1
156	263	44	2
210	263	44	2
146	264	44	1
152	264	44	1
156	265	44	1
146	266	44	1
147	266	44	1
150	266	44	1
149	267	44	1
147	268	44	2
143	269	44	1
146	269	44	1
152	269	44	3
213	269	44	2
146	270	44	1
147	271	44	1
203	271	44	2
144	272	44	1
142	273	44	2
143	273	44	2
156	273	44	1
145	274	44	1
146	274	44	1
181	274	44	1
211	274	44	1
143	275	44	1
166	275	44	3
154	276	44	1
167	276	44	1
158	277	44	1
151	278	44	1
154	278	44	1
160	278	44	1
143	279	44	3
146	279	44	2
155	279	44	1
150	280	44	1
140	281	44	1
156	281	44	2
159	281	44	2
151	282	44	2
154	282	44	1
158	282	44	2
142	283	44	1
148	283	44	1
217	283	44	2
219	283	44	2
145	284	44	1
142	285	44	1
143	285	44	1
212	285	44	1
217	285	44	1
218	286	44	2
217	289	44	1
144	291	44	1
144	292	44	1
142	294	44	1
143	294	44	1
225	295	44	2
223	296	44	1
139	297	44	2
141	297	44	1
130	299	44	1
135	299	44	1
137	299	44	1
143	300	44	1
136	301	44	2
133	302	44	2
142	302	44	1
144	303	44	2
130	304	44	3
139	304	44	1
131	306	44	2
144	306	44	2
140	308	44	2
171	309	44	1
174	309	44	2
143	310	44	1
170	310	44	1
141	315	44	1
142	316	44	1
141	318	44	1
113	322	44	1
183	323	44	1
133	326	44	2
136	326	44	1
131	328	44	1
183	329	44	1
187	329	44	1
179	330	44	2
185	330	44	1
133	331	44	1
182	332	44	1
131	333	44	2
136	334	44	2
189	334	44	2
215	335	44	1
213	336	44	1
219	336	44	1
213	338	44	1
247	339	44	1
216	344	44	1
211	346	44	2
228	346	44	1
228	347	44	1
212	348	44	1
179	360	44	1
192	361	44	1
163	233	45	1
143	237	45	1
175	257	45	1
176	258	45	1
174	259	45	1
176	259	45	1
149	265	45	2
143	270	45	3
145	270	45	2
136	271	45	2
151	272	45	3
141	275	45	2
146	275	45	2
152	278	45	1
147	279	45	2
149	279	45	1
150	279	45	1
162	279	45	1
149	280	45	2
150	280	45	1
144	282	45	2
142	283	45	1
150	283	45	2
251	283	45	2
146	285	45	1
141	286	45	1
206	286	45	2
218	286	45	1
145	292	45	2
143	293	45	3
140	294	45	1
145	294	45	1
143	295	45	1
135	299	45	2
142	301	45	1
127	302	45	1
137	302	45	1
127	303	45	2
131	303	45	5
132	304	45	1
137	304	45	1
139	304	45	2
140	304	45	1
143	308	45	1
180	318	45	1
182	321	45	1
185	322	45	2
176	327	45	2
185	330	45	1
189	331	45	1
217	334	45	2
214	339	45	1
245	340	45	1
211	345	45	2
217	345	45	2
229	346	45	1
231	346	45	1
209	347	45	1
210	347	45	1
227	349	45	1
233	349	45	1
206	351	45	1
230	354	45	1
134	229	46	1
176	258	46	1
157	259	46	2
154	262	46	1
159	263	46	2
145	269	46	1
145	270	46	1
151	273	46	1
146	275	46	1
148	278	46	2
150	279	46	3
215	280	46	1
144	281	46	1
144	282	46	1
148	282	46	1
152	282	46	1
154	283	46	1
250	283	46	1
140	284	46	1
149	284	46	1
140	285	46	2
248	285	46	1
143	290	46	1
140	292	46	1
201	292	46	1
204	292	46	1
144	293	46	2
148	293	46	1
140	296	46	1
225	297	46	1
136	298	46	1
139	298	46	1
140	298	46	2
142	299	46	1
144	299	46	1
143	300	46	1
132	301	46	2
135	301	46	1
136	301	46	1
137	301	46	2
224	301	46	2
130	302	46	1
131	302	46	1
141	302	46	1
146	302	46	1
244	302	46	1
129	303	46	1
136	303	46	1
143	303	46	1
240	304	46	1
192	306	46	2
195	315	46	1
188	319	46	1
184	320	46	1
191	322	46	1
177	323	46	3
179	323	46	1
173	325	46	1
174	325	46	1
172	326	46	1
174	327	46	1
178	327	46	2
191	327	46	1
131	330	46	1
217	334	46	1
217	335	46	2
216	341	46	1
222	342	46	1
205	346	46	1
209	351	46	1
182	353	46	1
230	356	46	2
141	227	47	1
138	229	47	1
149	265	47	1
151	269	47	1
146	270	47	2
146	277	47	1
120	283	47	1
146	289	47	2
140	292	47	1
146	293	47	1
144	294	47	1
139	298	47	2
229	302	47	1
178	320	47	2
194	321	47	1
179	324	47	2
186	329	47	1
218	341	47	1
206	348	47	2
207	351	47	2
230	353	47	1
207	355	47	1
203	356	47	1
231	356	47	2
154	274	48	1
140	278	48	2
143	279	48	3
140	285	48	1
140	295	48	2
142	300	48	1
179	323	48	2
217	344	48	1
207	351	48	2
136	222	49	2
172	237	49	1
126	245	49	1
147	245	49	1
154	248	49	1
156	256	49	1
173	256	49	1
145	262	49	3
139	268	49	1
169	270	49	1
144	271	49	2
154	274	49	1
146	276	49	1
145	279	49	2
147	279	49	1
134	280	49	1
145	280	49	1
113	284	49	2
144	284	49	1
132	287	49	3
142	291	49	1
147	292	49	1
140	293	49	1
144	294	49	2
200	296	49	2
136	298	49	1
225	300	49	1
135	302	49	1
139	304	49	3
126	305	49	2
128	307	49	1
169	308	49	1
213	311	49	1
268	317	49	3
178	322	49	1
139	326	49	2
235	326	49	3
138	333	49	1
148	337	49	1
197	342	49	1
199	346	49	1
224	346	49	1
204	348	49	1
186	349	49	1
184	352	49	1
131	229	50	1
183	230	50	2
127	235	50	2
234	246	50	1
162	253	50	1
160	275	50	1
220	277	50	1
150	283	50	2
259	286	50	3
143	291	50	1
131	294	50	1
139	294	50	1
140	294	50	1
237	300	50	2
244	301	50	2
140	302	50	1
151	302	50	1
132	304	50	2
193	307	50	1
129	312	50	1
157	313	50	1
212	318	50	1
198	337	50	2
206	340	50	2
225	341	50	2
