x	y	z	STING mediated induction of host immune responses
240	286	21	1
239	272	24	1
241	279	24	1
248	286	24	1
244	287	24	1
245	287	24	1
243	288	24	1
246	289	24	1
248	289	24	1
249	289	24	1
232	265	25	2
235	270	25	1
235	273	25	1
230	274	25	1
238	274	25	1
236	275	25	1
234	276	25	1
239	276	25	1
248	276	25	1
233	277	25	2
234	277	25	1
235	277	25	1
233	278	25	1
237	278	25	1
239	278	25	1
235	279	25	1
232	280	25	1
239	280	25	2
245	280	25	1
245	281	25	1
214	282	25	1
232	282	25	3
234	282	25	1
240	282	25	1
249	282	25	2
232	283	25	2
234	283	25	1
235	283	25	1
236	283	25	1
239	283	25	1
245	283	25	2
247	283	25	1
249	283	25	1
233	284	25	1
237	284	25	2
243	284	25	1
247	284	25	1
236	285	25	2
243	285	25	2
252	285	25	1
232	286	25	2
233	286	25	1
235	286	25	1
241	286	25	1
237	287	25	1
245	287	25	1
246	287	25	1
249	287	25	1
224	288	25	1
242	288	25	1
251	288	25	1
226	289	25	1
237	289	25	1
238	289	25	1
237	290	25	1
244	290	25	1
246	290	25	1
250	290	25	1
226	291	25	1
238	291	25	1
227	292	25	2
238	292	25	2
243	292	25	1
250	292	25	1
239	293	25	1
244	293	25	1
246	294	25	1
247	294	25	1
234	295	25	1
241	295	25	1
245	295	25	3
239	296	25	1
244	296	25	1
243	297	25	1
241	299	25	2
238	300	25	1
239	300	25	1
239	302	25	1
176	259	26	1
232	263	26	1
232	265	26	1
234	267	26	1
228	269	26	1
240	270	26	1
235	271	26	1
240	271	26	3
217	272	26	1
223	272	26	1
236	272	26	1
245	275	26	1
248	275	26	1
250	275	26	2
209	277	26	1
213	277	26	1
231	277	26	1
232	277	26	1
234	277	26	1
236	277	26	1
240	277	26	2
249	277	26	1
237	278	26	1
243	278	26	1
232	279	26	1
237	279	26	1
208	280	26	1
232	280	26	1
241	280	26	1
250	280	26	1
247	281	26	1
229	282	26	1
235	282	26	1
237	282	26	1
240	282	26	2
209	283	26	1
231	283	26	2
238	283	26	1
243	283	26	1
248	283	26	2
252	283	26	1
254	283	26	1
232	284	26	1
233	284	26	1
236	284	26	1
248	284	26	2
255	285	26	2
216	286	26	1
233	286	26	1
236	286	26	1
240	286	26	1
249	286	26	1
251	287	26	1
232	288	26	1
240	288	26	1
232	289	26	1
234	289	26	1
236	289	26	1
238	289	26	1
240	289	26	1
242	289	26	1
252	289	26	1
227	290	26	1
228	290	26	1
237	290	26	1
244	290	26	1
229	291	26	1
235	291	26	1
238	291	26	1
242	291	26	1
245	291	26	2
225	292	26	1
226	292	26	1
240	292	26	1
245	292	26	1
225	293	26	1
238	293	26	1
244	293	26	1
245	293	26	1
247	293	26	2
220	294	26	1
241	295	26	1
254	295	26	1
239	296	26	1
240	296	26	2
244	296	26	1
239	297	26	2
235	298	26	1
240	298	26	1
246	298	26	1
243	299	26	1
232	258	27	1
188	259	27	2
232	259	27	1
181	260	27	1
184	260	27	1
237	260	27	1
183	261	27	1
187	261	27	1
227	261	27	1
228	261	27	1
232	261	27	1
236	261	27	1
177	262	27	1
180	262	27	1
184	262	27	1
227	262	27	1
232	262	27	1
233	262	27	1
175	263	27	1
179	263	27	1
181	263	27	1
183	263	27	1
184	263	27	1
227	263	27	1
230	263	27	1
232	263	27	1
238	263	27	1
176	264	27	1
186	264	27	1
219	264	27	1
229	264	27	1
230	264	27	1
234	264	27	1
212	265	27	1
232	265	27	1
233	265	27	1
234	265	27	1
237	265	27	1
238	265	27	1
239	265	27	3
180	266	27	1
182	267	27	1
226	267	27	1
230	267	27	1
231	267	27	1
235	267	27	1
236	267	27	1
249	267	27	2
179	268	27	1
197	268	27	1
213	268	27	1
229	268	27	1
231	268	27	1
233	268	27	1
236	268	27	2
239	268	27	1
247	268	27	3
178	269	27	2
180	269	27	1
182	269	27	1
211	269	27	1
218	269	27	1
227	269	27	1
229	269	27	1
231	269	27	1
240	269	27	1
243	269	27	2
179	270	27	1
184	270	27	1
197	270	27	2
216	270	27	1
226	270	27	1
228	270	27	1
239	270	27	1
240	270	27	1
242	270	27	1
206	271	27	1
209	271	27	1
216	271	27	1
222	271	27	1
233	271	27	1
234	271	27	1
242	271	27	1
247	271	27	1
249	271	27	1
250	271	27	1
179	272	27	1
181	272	27	1
223	272	27	1
225	272	27	1
229	272	27	1
230	272	27	1
238	272	27	1
183	273	27	2
220	273	27	1
223	273	27	1
227	273	27	1
177	274	27	1
179	274	27	1
216	274	27	1
221	274	27	1
231	274	27	1
236	274	27	1
250	274	27	1
184	275	27	1
220	275	27	1
224	275	27	1
232	275	27	1
240	275	27	1
242	275	27	1
245	275	27	1
246	275	27	1
209	276	27	1
211	276	27	2
220	276	27	1
227	276	27	1
232	276	27	1
238	276	27	1
245	276	27	1
250	276	27	2
252	276	27	2
207	277	27	1
211	277	27	1
213	277	27	1
235	277	27	1
236	277	27	1
248	277	27	1
250	277	27	2
203	278	27	1
206	278	27	1
208	278	27	1
213	278	27	1
214	278	27	2
219	278	27	1
220	278	27	1
221	278	27	1
227	278	27	1
231	278	27	2
235	278	27	1
244	278	27	1
245	278	27	1
246	278	27	1
248	278	27	1
201	279	27	1
235	279	27	1
236	279	27	1
242	279	27	1
243	279	27	1
247	279	27	1
249	279	27	1
251	279	27	1
257	279	27	1
204	280	27	1
205	280	27	1
210	280	27	1
241	280	27	1
246	280	27	1
247	280	27	1
249	280	27	1
250	280	27	1
256	280	27	1
207	281	27	2
230	281	27	1
239	281	27	1
241	281	27	1
243	281	27	1
251	281	27	2
213	282	27	2
233	282	27	1
245	282	27	1
246	282	27	1
250	282	27	1
253	282	27	1
209	283	27	1
216	283	27	2
228	283	27	1
231	283	27	1
232	283	27	1
247	283	27	1
254	283	27	1
205	284	27	1
209	284	27	1
210	284	27	1
230	284	27	1
236	284	27	1
250	284	27	2
254	284	27	1
255	284	27	2
256	284	27	1
199	285	27	2
200	285	27	2
210	285	27	1
215	285	27	2
219	285	27	1
228	285	27	1
239	285	27	1
240	285	27	1
242	285	27	1
245	285	27	1
253	285	27	2
208	286	27	1
212	286	27	1
214	286	27	1
222	286	27	1
225	286	27	2
233	286	27	1
236	286	27	1
237	286	27	1
251	286	27	1
254	286	27	1
223	287	27	1
232	287	27	1
233	287	27	1
234	287	27	1
249	287	27	1
251	287	27	2
252	287	27	1
211	288	27	1
214	288	27	1
224	288	27	1
228	288	27	1
236	288	27	1
240	288	27	1
246	288	27	1
247	288	27	1
249	288	27	1
255	288	27	1
203	289	27	1
209	289	27	1
210	289	27	1
219	289	27	1
224	289	27	1
230	289	27	1
231	289	27	1
234	289	27	2
236	289	27	2
237	289	27	1
256	289	27	1
221	290	27	1
226	290	27	1
231	290	27	1
241	290	27	1
247	290	27	1
251	290	27	1
221	291	27	1
225	291	27	1
230	291	27	1
236	291	27	1
243	291	27	1
248	291	27	1
250	291	27	1
251	291	27	1
252	291	27	1
212	292	27	1
224	292	27	1
230	292	27	2
235	292	27	1
220	293	27	1
221	293	27	1
229	293	27	1
239	293	27	1
248	293	27	1
254	293	27	1
256	293	27	1
236	294	27	1
211	295	27	1
221	295	27	1
226	295	27	1
243	295	27	1
250	295	27	1
251	295	27	2
246	296	27	1
255	296	27	1
225	297	27	1
238	297	27	1
245	297	27	1
246	297	27	1
252	297	27	1
236	298	27	1
239	298	27	1
241	298	27	1
223	299	27	1
245	299	27	1
226	300	27	1
231	300	27	1
236	300	27	1
239	300	27	1
240	300	27	1
244	300	27	1
247	300	27	2
248	300	27	1
239	301	27	1
243	301	27	1
237	302	27	1
237	305	27	1
231	264	28	3
232	264	28	1
234	265	28	1
231	266	28	1
250	270	28	1
232	272	28	1
233	272	28	1
234	272	28	2
250	272	28	1
211	273	28	1
232	274	28	1
235	274	28	1
235	275	28	1
234	276	28	1
235	276	28	1
236	277	28	1
238	277	28	1
239	280	28	1
235	284	28	2
238	285	28	1
239	285	28	1
242	285	28	1
237	286	28	1
249	286	28	1
240	287	28	1
238	288	28	1
242	288	28	1
244	288	28	1
253	289	28	1
237	290	28	1
240	291	28	1
239	292	28	2
241	292	28	3
242	292	28	1
248	292	28	1
250	292	28	1
248	293	28	2
251	294	28	1
240	295	28	1
245	295	28	1
240	296	28	1
239	297	28	1
240	298	28	1
181	258	29	1
238	259	29	1
240	260	29	1
183	261	29	1
226	261	29	1
231	261	29	2
229	262	29	2
178	264	29	1
215	264	29	1
229	264	29	1
232	265	29	1
233	265	29	1
232	266	29	1
245	266	29	1
192	267	29	1
194	267	29	1
196	267	29	1
197	267	29	1
230	267	29	1
231	267	29	1
234	267	29	1
235	267	29	1
236	267	29	1
241	267	29	1
201	268	29	1
226	268	29	1
239	268	29	1
250	268	29	1
180	269	29	1
204	269	29	1
240	269	29	1
198	270	29	1
200	270	29	2
227	270	29	1
238	270	29	1
173	271	29	1
203	271	29	1
216	271	29	1
237	271	29	2
241	271	29	1
211	272	29	1
213	272	29	1
233	272	29	1
235	272	29	1
236	272	29	1
207	273	29	1
180	274	29	1
247	274	29	1
250	274	29	1
206	275	29	1
231	275	29	1
232	275	29	1
242	275	29	1
204	276	29	1
208	276	29	1
236	276	29	1
238	276	29	1
240	276	29	1
248	276	29	1
249	276	29	1
250	276	29	1
234	277	29	1
239	277	29	1
247	277	29	1
250	277	29	1
236	278	29	2
238	278	29	1
234	279	29	1
252	279	29	1
205	280	29	3
233	280	29	1
234	280	29	3
247	280	29	1
249	280	29	1
251	280	29	1
254	280	29	1
214	281	29	2
224	281	29	1
234	281	29	1
238	281	29	1
245	281	29	2
248	281	29	1
249	281	29	1
250	281	29	1
212	282	29	2
244	282	29	1
248	282	29	1
249	282	29	1
251	282	29	1
254	282	29	1
215	283	29	1
231	283	29	1
238	283	29	1
239	283	29	1
244	283	29	2
247	283	29	1
242	284	29	1
252	284	29	1
255	284	29	1
241	285	29	3
244	285	29	2
248	285	29	1
250	285	29	1
232	286	29	1
249	286	29	1
252	286	29	2
226	287	29	1
232	287	29	1
236	287	29	1
245	287	29	1
249	287	29	1
224	288	29	1
235	288	29	1
245	288	29	1
249	288	29	1
228	289	29	1
234	289	29	1
236	289	29	1
226	290	29	1
227	290	29	1
238	290	29	1
245	290	29	1
222	291	29	1
227	292	29	1
236	292	29	1
238	292	29	1
241	292	29	1
242	292	29	1
249	292	29	1
225	293	29	1
242	293	29	1
247	293	29	1
248	293	29	1
249	293	29	1
252	293	29	1
221	294	29	1
236	294	29	1
245	295	29	1
219	296	29	1
246	296	29	2
238	297	29	1
241	297	29	1
215	298	29	1
221	298	29	1
238	298	29	1
221	299	29	1
241	299	29	1
226	300	29	2
235	300	29	2
236	300	29	2
239	300	29	1
247	300	29	2
225	301	29	1
247	301	29	1
236	305	29	1
225	251	30	1
228	253	30	1
215	254	30	1
231	254	30	1
233	254	30	2
238	254	30	1
227	255	30	1
236	256	30	1
192	257	30	2
181	258	30	1
203	258	30	2
231	258	30	1
233	258	30	1
219	259	30	1
222	259	30	1
224	259	30	1
230	259	30	1
231	259	30	1
241	259	30	1
197	260	30	1
206	260	30	1
217	260	30	1
223	260	30	1
226	260	30	1
231	260	30	1
232	260	30	1
235	260	30	1
240	260	30	1
245	260	30	1
196	261	30	1
198	261	30	1
199	261	30	2
211	261	30	2
219	261	30	1
224	261	30	2
227	261	30	1
229	261	30	1
232	261	30	1
238	261	30	1
241	261	30	1
249	261	30	2
220	262	30	1
223	262	30	1
240	262	30	1
242	262	30	1
245	262	30	1
248	262	30	2
179	263	30	2
188	263	30	1
233	263	30	1
242	263	30	2
249	263	30	1
186	264	30	1
194	264	30	1
222	264	30	1
225	264	30	1
229	264	30	1
232	264	30	1
239	264	30	2
193	265	30	1
205	265	30	1
211	265	30	1
214	265	30	1
230	265	30	1
231	265	30	1
234	265	30	1
242	265	30	1
248	265	30	1
184	266	30	1
189	266	30	1
195	266	30	1
219	266	30	1
228	266	30	3
230	266	30	1
247	266	30	1
182	267	30	1
191	267	30	1
193	267	30	1
228	267	30	1
236	267	30	1
237	267	30	1
238	267	30	1
244	267	30	1
249	267	30	1
182	268	30	1
190	268	30	2
213	268	30	1
226	268	30	1
230	268	30	2
240	268	30	1
241	268	30	1
182	269	30	1
193	269	30	2
213	269	30	2
222	269	30	1
232	269	30	1
236	269	30	1
237	269	30	1
245	269	30	1
247	269	30	1
178	270	30	1
179	270	30	1
181	270	30	2
195	270	30	1
201	270	30	1
223	270	30	1
230	270	30	2
232	270	30	1
234	270	30	1
244	270	30	1
249	270	30	1
250	270	30	1
193	271	30	2
200	271	30	2
208	271	30	1
211	271	30	3
212	271	30	1
233	271	30	1
238	271	30	2
180	272	30	2
181	272	30	1
185	272	30	1
223	272	30	1
233	272	30	1
235	272	30	1
238	272	30	1
214	273	30	1
227	273	30	1
232	273	30	1
233	273	30	1
234	273	30	1
209	274	30	1
229	274	30	1
233	274	30	1
239	274	30	2
244	274	30	1
183	275	30	1
213	275	30	1
237	275	30	1
242	275	30	1
232	276	30	2
238	276	30	1
243	276	30	1
249	276	30	1
174	277	30	1
232	277	30	1
239	277	30	1
247	277	30	1
190	278	30	1
201	278	30	1
203	278	30	1
235	278	30	1
236	278	30	1
243	278	30	1
253	278	30	1
206	279	30	1
207	279	30	2
234	279	30	1
236	279	30	1
249	279	30	1
252	279	30	1
254	279	30	2
176	280	30	1
178	280	30	2
233	280	30	1
235	280	30	1
241	280	30	1
245	280	30	1
248	280	30	1
249	280	30	1
223	281	30	1
234	281	30	3
246	281	30	1
247	281	30	1
179	282	30	2
187	282	30	1
210	282	30	1
222	282	30	2
229	282	30	2
232	282	30	1
233	282	30	1
235	282	30	1
245	282	30	1
248	282	30	2
256	282	30	1
179	283	30	1
221	283	30	1
232	283	30	1
236	283	30	1
239	283	30	1
240	283	30	1
249	283	30	1
251	283	30	1
254	283	30	2
181	284	30	1
219	284	30	1
225	284	30	1
226	284	30	1
233	284	30	1
244	284	30	1
245	284	30	1
252	284	30	2
256	284	30	1
222.5	285.5	30.5	1
223	285	30	1
232	285	30	1
234	285	30	2
246	285	30	1
248	285	30	1
251	285	30	1
252	285	30	2
254	285	30	1
206	286	30	1
223	286	30	1
234	286	30	1
245	286	30	1
257	286	30	1
224	287	30	1
225	287	30	1
226	287	30	1
238.5	287.5	30.5	1
254	287	30	1
199	288	30	1
223	288	30	1
229	288	30	1
233	288	30	1
246	288	30	1
249	288	30	1
200	289	30	1
223	289	30	1
228	289	30	1
250	289	30	1
225	290	30	1
226	290	30	1
241	290	30	1
226	291	30	1
234	291	30	1
239	291	30	2
241	291	30	1
244	291	30	1
246	291	30	1
194	292	30	1
199	292	30	1
224	292	30	1
246	292	30	1
249	292	30	1
257	292	30	1
219	293	30	2
220	293	30	1
223	293	30	1
231	293	30	1
236	293	30	1
238	293	30	1
239	293	30	1
240	293	30	2
241	293	30	1
243	293	30	1
189	294	30	1
225	294	30	1
226	294	30	1
229	294	30	2
230	294	30	1
231	294	30	1
233	294	30	1
238	294	30	1
244	294	30	1
245	294	30	1
251	294	30	1
252	294	30	1
254	294	30	1
257	294	30	1
258	294	30	1
222	295	30	1
251	295	30	2
252	295	30	1
256	295	30	1
257	295	30	2
222	296	30	1
233	296	30	1
244	296	30	1
223	297	30	1
226	297	30	1
229	297	30	1
240	297	30	1
215	298	30	1
221	298	30	1
222	298	30	1
225	298	30	1
226	298	30	1
228	298	30	1
235	298	30	1
239	298	30	1
240	298	30	1
242	298	30	1
246	298	30	1
247	298	30	1
251	298	30	1
218	299	30	1
225	299	30	1
247	299	30	1
250	299	30	1
252	299	30	1
225	300	30	1
230	300	30	1
236	300	30	1
246	300	30	1
249	300	30	1
238	301	30	1
240	301	30	1
244	301	30	1
245	301	30	1
246	301	30	1
226	302	30	1
239	302	30	1
242	302	30	1
223	303	30	3
237	303	30	1
220	304	30	1
233	305	30	1
236	305	30	1
238	305	30	1
242	305	30	1
229	252	31	2
235	252	31	1
239	252	31	1
233	253	31	1
231	254	31	2
232	254	31	1
226	255	31	2
236	256	31	2
239	256	31	1
216	257	31	1
205	258	31	2
227	258	31	1
230	258	31	1
234	258	31	1
237	258	31	1
209	259	31	1
216	259	31	2
218	259	31	2
227	259	31	1
231	259	31	1
232	259	31	2
188	260	31	1
216	260	31	1
218	260	31	1
231	260	31	1
237	260	31	1
239	260	31	2
244	260	31	2
181	261	31	1
184	261	31	1
216	261	31	1
226	261	31	1
229	261	31	1
230	261	31	1
239	261	31	1
194	262	31	1
218	262	31	1
221	262	31	1
230	262	31	1
233	262	31	1
240	262	31	1
248	262	31	1
185	263	31	1
186	263	31	1
198	263	31	1
211	263	31	1
235	263	31	1
210	264	31	1
216	264	31	1
228	264	31	1
237	264	31	2
244	264	31	1
245	264	31	1
248	264	31	1
214	265	31	2
226	265	31	1
229	265	31	1
235	265	31	1
236	265	31	1
239	265	31	3
243	265	31	1
245	265	31	1
248	265	31	1
187	266	31	1
197	266	31	2
198	266	31	1
211	266	31	1
213	266	31	1
231	266	31	2
243	266	31	2
246	266	31	1
248	266	31	1
251	266	31	1
182	267	31	1
194	267	31	2
196	267	31	1
199	267	31	1
232	267	31	1
235	267	31	1
245	267	31	1
247	267	31	1
248	267	31	1
184	268	31	1
198	268	31	1
241	268	31	1
247	268	31	2
214	269	31	1
230	269	31	1
232	269	31	1
238	269	31	2
239	269	31	1
242	269	31	1
243	269	31	1
248	269	31	1
252	269	31	1
181	270	31	1
185	270	31	1
194	270	31	1
198	270	31	1
199	270	31	1
200	270	31	1
239	270	31	1
249	270	31	1
250	270	31	2
203	271	31	1
209	271	31	1
213	271	31	1
216	271	31	1
239	271	31	1
241	271	31	1
244	271	31	1
245	271	31	1
246	271	31	1
247	271	31	1
176	272	31	1
215	272	31	1
226	272	31	1
230	272	31	1
234	272	31	2
236	272	31	1
238	272	31	1
183	273	31	1
207	273	31	1
209	273	31	1
210	273	31	1
213	273	31	1
229	273	31	1
238	273	31	1
239	273	31	1
180	274	31	1
205	274	31	1
209	274	31	1
213	274	31	1
214	274	31	1
229	274	31	1
237	274	31	1
248	274	31	1
206	275	31	1
229	275	31	2
237	275	31	1
239	275	31	1
244	275	31	1
250	275	31	1
198	276	31	1
234	276	31	1
237	276	31	1
240	276	31	1
243	276	31	1
245	277	31	1
174	278	31	1
178	278	31	1
205	278	31	1
224	278	31	1
238	278	31	1
245	278	31	1
246	278	31	1
219	279	31	1
235	279	31	1
205	280	31	1
217	280	31	1
219	280	31	1
221	280	31	1
226	280	31	1
237	280	31	1
238	280	31	1
251	280	31	1
204	281	31	2
220	281	31	1
236	281	31	1
237	281	31	1
244	281	31	1
248	281	31	1
251	281	31	1
175	282	31	1
178	282	31	1
180	282	31	1
181	282	31	1
220	282	31	1
225	282	31	1
249	282	31	1
254	282	31	1
208	283	31	1
218	283	31	1
235	283	31	1
251	283	31	1
175	284	31	1
176	284	31	2
212	284	31	1
231	284	31	1
236	284	31	1
244	284	31	1
249	284	31	1
254	284	31	1
257	284	31	1
173	285	31	1
178	285	31	1
179	285	31	1
226	285	31	1
235	285	31	1
248	285	31	1
251	285	31	1
255	285	31	1
218	286	31	1
219	286	31	1
220	286	31	1
240	286	31	1
244	286	31	1
249	286	31	1
252	286	31	1
187	287	31	1
224	287	31	1
225	287	31	1
226	287	31	1
229	287	31	1
255	287	31	1
187	288	31	1
221	288	31	1
223	288	31	1
226	288	31	2
234	288	31	1
241	288	31	1
242	288	31	1
245	288	31	1
249	288	31	1
200	289	31	1
234	289	31	1
235	289	31	1
237	289	31	1
242	289	31	1
244	289	31	1
231	290	31	1
235	290	31	1
240	290	31	1
241	290	31	1
242	290	31	1
250	290	31	1
222	291	31	1
242	291	31	1
244	291	31	1
245	291	31	1
247	291	31	1
255	291	31	1
226	292	31	1
231	292	31	1
246	292	31	1
250	292	31	1
254	292	31	1
198	293	31	2
230	293	31	1
232	293	31	1
237	293	31	1
241	294	32.8	2
242	293	31	2
243	293	31	1
247	293	31	1
198	294	31	2
221	294	31	1
233	294	31	1
243	294	31	1
246	294	31	1
251	294	31	1
220	295	31	1
223	295	31	2
234	295	31	2
235	295	31	2
240	295	31	1
244	295	31	1
249	295	31	1
188	296	31	1
200	296	31	1
242	296	31	2
245	296	31	1
252	296	31	1
195	297	31	1
221	297	31	1
226	297	31	1
234	297	31	1
235	297	31	1
242	297	31	1
205	298	31	1
224	298	31	1
229	298	31	1
238	298	31	1
240	298	31	1
242	298	31	1
247	298	31	1
250	298	31	1
251	298	31	1
221	299	31	1
229	299	31	2
233	299	31	2
243	299	31	1
246	299	31	1
218	300	31	1
225	300	31	1
228	300	31	1
229	300	31	1
231	300	31	1
232	300	31	1
241	300	31	1
248	300	31	2
250	300	31	1
221	301	31	1
232	301	31	1
234	301	31	1
224	302	31	3
231	302	31	1
239	302	31	1
246	302	31	1
247	302	31	1
224	303	31	1
239	303	31	1
244	303	31	1
232	304	31	1
224	305	31	1
236	305	31	1
238	305	31	1
223	306	31	2
224	307	31	1
234	307	31	1
229	251	32	1
214	252	32	1
226	252	32	1
235	252	32	1
231	253	32	1
232	253	32	2
215	254	32	1
232	254	32	1
236	254	32	1
218	255	32	2
223	255	32	1
232	255	32	1
234	255	32	1
227	256	32	1
229	256	32	2
234	256	32	1
219	257	32	1
229	257	32	1
230	257	32	1
207	258	32	1
213	258	32	2
215	258	32	1
216	258	32	1
228	258	32	1
237	258	32	2
246	258	32	1
201	259	32	1
207	259	32	1
211	259	32	1
216	259	32	1
243	259	32	1
244	259	32	1
192	260	32	1
210	260	32	1
211	260	32	1
218	260	32	1
220	260	32	1
221	260	32	1
222	260	32	1
235	260	32	1
236	260	32	3
237	260	32	1
239	260	32	2
245	260	32	1
210	261	32	1
225	261	32	2
238	261	32	1
239	261	32	2
246	261	32	1
210	262	32	3
219	262	32	2
221	262.666666666667	33	1
235	262	32	1
245	262	32	1
246	262	32	1
208	263	32	1
212	263	32	1
220	263	32	2
221	263	32	1
222	263	32	1
230	263	32	1
236	263	32	1
241	263	32	1
245	263	32	1
246	263	32	2
247	263	32	2
186	264	32	1
202	264	32	2
210	264	32	1
215	264	32	1
223	264	32	1
232	264	32	1
239	264	32	1
244	264	32	1
245	264	32	1
185	265	32	1
194	265	32	1
213	265	32	1
216	265	32	1
221	265	32	1
229	265	32	1
231	265	32	1
233	265	32	1
238	265	32	1
243	265	32	1
212	266	32	1
214	266	32	1
218	266	32	1
221	266	32	1
228	266	32	1
229	266	32	1
236	266	32	1
240	266	32	1
245	266	32	2
251	266	32	2
182	267	32	1
193	267	32	1
205	267	32	1
208	267	32	1
230	267	32	1
231	267	32	2
233	267	32	1
237	267	32	1
243	267	32	1
245.5	267.5	32.5	1
247	267	32	1
252	267	32	1
186	268	32	1
220	268	32	1
231	268	32	1
233	268	32	1
253	268	32	1
175	269	32	1
180	269	32	1
181	269	32	1
196	269	32	1
215	269	32	1
228	269	32	1
243	269	32	1
250	269	32	1
180	270	32	1
181	270	32	1
197	270	32	1
206	270	32	1
210	270	32	1
216	270	32	1
222	270	32	1
234	270	32	1
243	270	32	1
173	271	32	1
186	271	32	1
188	271	32	1
206	271	32	1
207	271	32	1
209	271	32	1
210	271	32	1
212	271	32	1
213	271	32	2
228	271	32	1
234	271	32	1
239	271	32	1
243	271	32	2
244	271	32	1
249	271	32	1
173	272	32	1
175	272	32	1
182	272	32	1
183	272	32	1
205	272	32	1
208	272	32	1
210	272	32	2
211	272	32	1
212	272	32	1
237	272	32	1
239	272	32	1
241	272	32	1
243	272	32	2
204	273	32	1
210	273	32	1
214	273	32	2
229	273	32	1
235	273	32	1
239	273	32	2
181	274	32	1
184	274	32	1
207	274	32	1
209	274	32	1
213	274	32	1
215	274	32	1
237	274	32	1
240	274	32	2
186	275	32	2
236	275	32	1
247	275	32	1
175	276	32	1
204	276	32	1
210	276	32	1
215	276	32	2
242	276	32	1
246	276	32	1
249	276	32	1
176	277	32	1
210	277	32	1
239	277	32	1
177	278	32	1
203	278	32	1
246	278	32	1
249	278	32	1
250	278	32	1
179	279	32	1
219	279	32	1
220	279	32	1
236	279	32	1
237	279	32	1
239	279	32	1
242	279	32	1
245	279	32	2
180	280	32	1
189	280	32	1
219	280	32	1
229	280	32	1
238	280	32	1
245	280	32	1
179	281	32	1
186	281	32	1
211	281	32	1
217	281	32	1
220	281	32	1
221	281	32	1
223	281	32	1
232	281	32	3
244	281	32	1
245	281	32	1
182	282	32	1
218	282	32	2
222	282	32	1
227	282	32	1
231	282	32	1
249	282	32	1
253	282	32	2
183	283	32	1
211	283	32	2
253	283	32	1
176	284	32	1
177	284	32	2
181	284	32	1
206	284	32	2
209	284	32	1
237	284	32	1
241	284	32	2
242	284	32	1
176	285	32	1
178	285	32	1
182	285	32	1
185	285	32	1
205	285	32	1
208	285	32	1
221	285	32	1
237	285	32	1
238	285	32	1
177	286	32	1
204	286	32	2
206	286	32	1
207	286	32	1
209	286	32	1
222	286	32	2
228	286	32	1
236	286	32	1
243	286	32	1
246	286	32	1
187	287	32	1
207	287	32	1
223	287	32	1
225	287	32	1
230	287	32	1
231	287	32	1
238	287	32	1
246	287	32	1
250	287	32	2
255	287	32	1
256	287	32	1
221	288	32	3
226	288	32	1
232	288	32	1
244	288	32	1
253	288	32	1
185	289	32	2
187	289	32	1
222	289	32	1
227	289	32	1
231	289	32	1
235	289	32	1
253	289	32	1
256	289	32	1
222	290	32	2
224	290	32	1
225	290	32	1
226	290	32	1
230	290	32	1
234	290	32	1
236	290	32	1
237	290	32	1
247	290	32	1
250	290	32	1
197	291	32	1
229	291	32	1
233.333333333333	291.333333333333	33	1
235	291	32	1
239	291	32	1
246	291	32	1
198	292	32	1
204	292	32	1
221	292	32	1
227	292	32	1
234	292	32	1
248	292	32	1
254	292	32	1
222	293	32	1
224	293	32	1
233	293	32	1
244	293	32	1
251	293	32	1
197	294	32	1
199	294	32	1
221	294	32	1
245	294	32	1
247	294	32	1
251	294	32	1
200	295	32	1
223	295	32	1
226	295	32	1
228	295	32	1
232	295	32	1
245	295	32	1
253	295	32	2
198	296	32	1
202	296	32	1
218	296	32	2
223	296	32	1
230	296	32	1
242	296	32	1
243	296	32	1
229	297	32	1
241	297	32	1
243	297	32	1
246	297	32	1
249	297	32	1
250	297	32	1
202	298	32	1
232	298	32	3
240	298	32	1
244	298	32	2
246	298	32	1
253	298	32	1
227	299	32	1
235	299	32	1
244	299	32	1
245	299	32	1
248	299	32	1
185	300	32	1
197	300	32	1
240	300	32	1
198	301	32	1
225	301	32	2
234	301	32	2
235	301	32	1
239	301	32	1
240	301	32	1
241	301	32	1
223	302	32	1
224	302	32	1
230	302	32	2
231	302	32	1
233	302	32	1
234	302	32	1
238	302	32	1
241	302	32	1
243	302	32	1
222	303	32	1
229	303	32	1
234	303	32	2
235	303	32	1
220	304	32	1
230	304	32	2
233	304	32	1
239	304	32	1
241	304	32	1
243	304	32	1
226	305	32	1
234	305	32	1
208	306	32	1
222	306	32	1
233	306	32	1
237	306	32	2
241	306	32	1
221	307	32	1
236	307	32	2
227	308	32	2
229	308	32	1
234	309	32	1
235	309	32	1
229	310	32	1
231	310	32	1
229	312	32	1
228	249	33	1
232	249	33	1
240	252	33	1
229	253	33	1
231	253	33	2
232	253	33	1
237	253	33	1
232	254	33	1
218	255	33	1
219	255	33	1
215	256	33	2
222	256	33	1
225	256	33	1
214	257	33	1
217	257	33	1
219	257	33	1
220	257	33	1
235	257	33	1
215	258	33	1
219	258	33	1
221	258	33	1
223	258	33	1
239	258	33	1
243	258	33	1
224	259	33	1
227	259	33	1
228	259	33	1
242	259	33	1
244	259	33	1
212	260	33	1
217	260	33	1
229	260	33	1
231	260	33	2
236	260	33	1
239	260	33	1
241	260	33	1
246	260	33	2
182	261	33	2
214	261	33	1
229	261	33	1
230	261	33	2
231	261	33	1
236	261	33	1
238	261	33	1
191	262	33	1
192	262	33	1
196	262	33	1
209	262	33	1
218	262	33	1
224	262	33	2
226	262	33	1
229	262	33	1
233	262	33	1
236	262	33	1
246	262	33	1
183	263	33	1
190	263	33	1
198	263	33	2
199	263	33	1
218	263	33	1
220	263	33	1
233	263	33	1
237	263	33	1
245	263	33	1
193	264	33	1
195	264	33	1
210	264	33	1
212	264	33	1
214	264	33	1
217	264	33	2
218	264	33	1
223	264	33	1
233	264	33	1
238	264	33	1
239	264	33	1
246	264	33	1
247	264	33	1
212	265	33	1
229	265	33	1
237	265	33	1
239	265	33	2
243	265	33	1
244	265	33	1
245	265	33	1
185	266	33	1
188	266	33	1
190	266	33	2
191	266	33	2
195	266	33	1
196	266	33	1
197	266	33	1
204	266	33	1
208	266	33	1
224	266	33	1
239	266	33	2
240	266	33	1
241	266	33	1
250	266	33	1
184	267	33	1
188	267	33	2
192	267	33	1
194	267	33	1
209	267	33	2
214	267	33	1
217	267	33	2
219	267	33	1
228	267	33	1
235	267	33	1
242	267	33	1
250	267	33	1
188	268	33	1
193	268	33	1
215	268	33	1
219	268	33	1
187	269	33	1
192	269	33	1
195	269	33	1
208	269	33	1
217	269	33	1
235	269	33	1
244	269	33	1
246	269	33	1
250	269	33	1
174	270	33	1
187	270	33	1
206	270	33	1
240	270	33	1
177	271	33	1
179	271	33	1
181	271	33	1
217	271	33	1
225	271	33	1
235	271	33	1
238	271	33	1
240	271	33	3
242	271	33	2
177	272	33	1
178	272	33	1
182	272	33	1
187	272	33	1
204	272	33	1
208	272	33	1
215	272	33	1
225	272	33	1
233	272	33	1
254	272	33	1
186	273	33	1
210	273	33	1
213	273	33	1
216	273	33	1
240	273	33	1
243	273	33	1
185	274	33	2
193	274	33	2
205	274	33	1
214	274	33	1
226	274	33	1
227	274	33	1
232	274	33	1
250	274	33	1
207	275	33	1
211	275	33	1
212	275	33	1
213	275	33	1
215	275	33	2
227	275	33	2
240	275	33	1
241	275	33	1
242	275	33	2
243	275	33	2
201	276	33	1
207	276	33	1
208	276	33	1
237	276	33	1
239	276	33	1
240	276	33	1
173	277	33	1
180	277	33	1
187	277	33	1
207	277	33	1
236	277	33	1
238	277	33	1
244	277	33	1
246	277	33	1
174	278	33	1
177	278	33	1
237	278	33	1
238	278	33	1
245	278	33	1
201	279	33	1
240	279	33	1
174	280	33	1
177	280	33	1
187	280	33	2
206	280	33	1
211	280	33	1
217	280	33	1
221	280	33	1
223	280	33	2
224	280	33	1
225	280	33	1
239	280	33	1
247	280	33	1
175	281	33	1
179	281	33	1
186	281	33	2
208	281	33	2
249	281	33	1
250	281	33	2
175	282	33	1
178	282	33	2
218	282	33	1
231	282	33	1
233	282	33	1
235	282	33	2
242	282	33	1
243	282	33	1
247	282	33	1
204	283	33	1
206	283	33	1
207	283	33	1
218	283	33	1
227	283	33	1
229	283	33	1
239	283	33	1
180	284	33	1
184	284	33	1
187	284	33	1
188	284	33	2
207	284	33	1
219	284	33	1
231	284	33	1
234	284	33	1
237	284	33	1
242	284	33	1
244	284	33	1
246	284	33	1
254	284	33	1
175	285	33	1
206	285	33	1
226	285	33	1
227	285	33	1
246	285	33	2
253	285	33	1
178	286	33	1
188	286	33	1
203	286	33	1
209	286	33	1
223	286	33	1
228	286	33	1
236	286	33	1
237	286	33	2
238	286	33	1
239	286	33	1
243	286	33	1
245	286	33	1
246	286	33	1
255	286	33	1
234	287	33	1
242	287	33	1
244	287	33	1
245	287	33	1
253	287	33	1
184	288	33	1
187	288	33	1
196	288	33	1
202	288	33	1
219	288	33	1
231	288	33	1
239	288	33	1
255	288	33	1
184	289	33	1
202	289	33	1
203	289	33	1
205	289	33	2
223	289	33	1
241.5	289.5	33.5	1
244	289	33	1
249	289	33	1
185	290	33	1
199	290	33	1
202	290	33	1
222	290	33	1
232	290	33	1
248	290	33	1
257	290	33	1
186	291	33	1
201	291	33	1
229	291	33	1
231	291	33	1
238	291	33	1
240	291	33	2
241	291	33	1
242	291	33	1
248	291	33	1
257	291	33	1
197	292	33	1
200	292	33	1
202	292	33	1
228	292	33	1
242	292	33	1
253	292	33	1
230	293	33	1
233	293	33	1
241	293	33	1
202	294	33	1
227	294	33	1
228	294	33	1
237	294	33	1
238	294	33	1
244	294	33	1
245	294	33	1
251	294	33	1
237	295	33	1
238	295	33	1
247	295	33	1
179	296	33	1
198	296	33	1
199	296	33	1
200	296	33	1
225	296	33	1
228	296	33	2
229	296	33	1
241	296	33	1
255	296	33	1
198	297	33	1
202	297	33	1
225	297	33	1
228	297	33	1
235	297	33	1
245	297	33	1
200	298	33	1
223	298	33	1
238	298	33	2
239	298	33	2
241	298	33	1
243	298	33	2
227	299	33	1
234	299	33	1
235	299	33	1
236	299	33	1
242	299	33	1
243	299	33	1
247	299	33	1
223	301	33	1
224	301	33	1
234	301	33	1
236	301	33	1
243	301	33	1
246	301	33	1
209	302	33	1
240	303	33	1
223	304	33	1
231	304	33	3
235	304	33	1
237	304	33	1
239	304	33	2
207	305	33	2
225	305	33	1
230	305	33	1
237	305	33	1
206	307	33	1
222	307	33	1
224	307	33	2
241	307	33	1
220	308	33	1
221	308	33	1
229	308	33	1
221	309	33	1
223	309	33	1
224	309	33	1
228	309	33	1
217	310	33	1
224	310	33	1
228	310	33	1
231	310	33	1
218	311	33	1
226	311	33	1
231	311	33	1
232	311	33	1
234	311	33	1
235	311	33	1
238	311	33	1
225	312	33	2
228	313	33	1
228	314	33	1
230	315	33	1
230	318	33	1
226	252	34	1
225	253	34	1
228	253	34	1
229	253	34	1
233	254	34	1
235	254	34	1
241	254	34	1
218	255	34	1
220	255	34	1
237	255	34	1
215	256	34	1
218	256	34	1
223	256	34	1
233	256	34	1
210	257	34	1
217	257	34	2
223	257	34	1
227	257	34	1
243	257	34	1
220	258	34	1
224	258	34	2
234	258	34	1
239	258	34	2
241	258	34	1
219	259	34	2
220	259	34	1
222	259	34	1
223	259	34	2
228	259	34	2
231	259	34	1
234	259	34	1
216	260	34	2
230	260	34	1
235	260	34	1
238	260	34	1
242	260	34	1
243	260	34	1
190	261	34	1
217	261	34	1
219	261	34	1
220	261	34	1
223	261	34	1
226	261	34	1
228	261	34	1
241	261	34	1
189	262	34	1
192	262	34	1
210	262	34	2
211	262	34	2
223	262	34	1
228	262	34	1
235	262	34	1
236	262	34	2
238	262	34	2
240	262	34	1
243	262	34	2
244	262	34	1
185	263	34	2
193	263	34	1
206	263	34	1
214	263	34	1
220	263	34	3
224	263	34	1
228	263	34	1
236	263	34	1
244	263	34	1
187	264	34	1
188	264	34	1
200	264	34	1
232	264	34	1
233	264	34	1
236	264	34	1
240	264	34	1
242	264	34	1
244	264	34	1
245	264	34	1
248	264	34	1
249	264	34	2
187	265	34	2
190	265	34	1
203	265	34	1
204	265	34	1
205	265	34	1
211	265	34	1
229	265	34	1
241	265	34	1
244	265	34	1
251	265	34	1
208	266	34	2
211	266	34	2
220	266	34	2
229	266	34	1
238	266	34	1
244	266	34	1
249	266	34	2
251	266	34	1
196	267	34	1
197	267	34	1
206	267	34	1
218	267	34	1
220	267	34	1
231	267	34	1
232	267	34	1
240	267	34	1
242	267	34	2
243	267	34	1
246	267	34	1
248	267	34	1
249	267	34	2
183	268	34	1
195	268	34	1
207	268	34	1
215	268	34	1
217	268	34	1
245	268	34	1
250	268	34	1
251	268	34	1
175	269	34	1
191	269	34	1
192	269	34	1
194	269	34	1
197	269	34	1
215	269	34	1
234	269	34	2
241	269	34	1
245	269	34	1
184	270	34	2
185	270	34	1
186	270	34	1
187	270	34	2
189	270	34	1
192	270	34	2
197	270	34	1
199	270	34	1
210	270	34	1
241	270	34	1
242	270	34	1
243	270	34	2
249	270	34	1
177	271	34	1
180	271	34	1
181	271	34	1
188	271	34	1
210	271	34	1
212	271	34	1
213	271	34	1
215	271	34	1
217	271	34	1
230	271	34	1
245	271	34	1
250	271	34	1
177	272	34	1
179	272	34	1
181	272	34	1
183	272	34	1
203	272	34	1
216	272	34	1
218	272	34	1
228	272	34	1
237	272	34	1
241	272	34	1
248	272	34	1
188	273	34	1
211	273	34	1
214	273	34	1
249	273	34	1
185	274	34	1
207	274	34	1
215	274	34	1
226	274	34	1
240	274	34	2
246	274	34	1
176	275	34	1
179	275	34	1
181	275	34	1
183	275	34	2
203	275	34	1
208	275	34	2
226	275	34	1
231	275	34	1
235	275	34	1
246	275	34	1
208	276	34	2
212	276	34	1
219	276	34	1
237	276	34	1
183	277	34	1
203	277	34	1
205	277	34	1
209	277	34	1
237	277	34	1
175	278	34	1
186	278	34	1
190	278	34	1
206	278	34	1
209	278	34	2
211	278	34	1
174	279	34	1
176	279	34	1
208	279	34	1
236	279	34	2
241	279	34	1
243	279	34	1
247	279	34	1
174	280	34	1
175	280	34	2
188	280	34	2
224	280	34	1
233	280	34	1
238	280	34	1
240	280	34	3
248	280	34	1
249	280	34	1
180	281	34	1
191	281	34	1
204	281	34	2
207	281	34	1
226	281	34	2
232	281	34	1
245	281	34	1
181	282	34	1
189	282	34	1
190	282	34	1
206	282	34	1
218	282	34	1
223	282	34	1
248	282	34	1
175	283	34	1
192	283	34	1
204	283	34	1
210	283	34	1
219	283	34	1
222	283	34	2
224	283	34	1
228	283	34	1
230	283	34	1
232	283	34	1
243	283	34	2
245	283	34	1
251	283	34	1
178	284	34	1
191	284	34	2
209	284	34	2
214	284	34	1
219	284	34	1
226	284	34	1
236	284	34	1
238	284	34	1
246	284	34	1
249	284	34	1
179	285	34	1
181	285	34	2
202	285	34	1
205	285	34	1
226	285	34	1
238	285	34	1
243	285	34	1
247	285	34	1
248	285	34	1
189	286	34	1
222	286	34	1
224	286	34	1
239	286	34	2
248	286	34	1
187	287	34	2
207	287	34	2
208	287	34	1
219	287	34	1
224	287	34	2
228	287	34	1
234	287	34	1
239	287	34	2
251	287	34	1
177	288	34	1
186	288	34	1
200	288	34	1
222	288	34	1
223	288	34	2
226	288	34	1
227	288	34	2
230	288	34	3
231	288	34	1
235	288	34	1
237	288	34	1
238	288	34	2
246	288	34	1
175	289	34	1
224	289	34	1
228	289	34	2
230	289	34	1
233	289	34	1
248	289	34	1
249	289	34	1
257	289	34	1
186	290	34	1
187	290	34	1
204	290	34	1
220	290	34	1
239	290	34	1
185	291	34	1
200	291	34	1
202	291	34	2
221	291	34	2
234	291	34	1
235	291	34	1
236	291	34	3
248	291	34	1
199	292	34	2
222	292	34	1
225	292	34	1
232	292	34	1
234	292	34	1
241	292	34	2
244	292	34	1
188	293	34	1
202	293	34	1
207	293	34	1
251	293	34	1
182	294	34	1
183	294	34	1
197	294	34	1
235	294	34	1
179	295	34	1
192	295	34	1
196	295	34	1
203	295	34	3
218	295	34	2
228	295	34	1
238	295	34	1
182	296	34	1
183	296	34	1
202	296	34	1
205	296	34	1
222	296	34	1
230	296	34	1
239	296	34	1
241	296	34	1
243	296	34	1
194	297	34	2
219	297	34	1
220	297	34	1
231	297	34	1
234	297	34	1
237	297	34	1
243	297	34	2
196	298	34	1
224	298	34	1
233	298	34	1
235	298	34	2
237	298	34	1
182	299	34	2
199	299	34	1
207	299	34	1
224	299	34	1
232	299	34	1
241	299	34	1
244	299	34	1
224	300	34	1
230	300	34	1
242	300	34	1
243	300	34	1
246	300	34	1
227	301	34	1
241	301	34	1
243	301	34	1
230	302	34	1
236	302	34	1
237	302	34	1
239	302	34	2
242	302	34	1
227	303	34	2
229	303	34	1
243	303	34	1
226	304	34	1
231	304	34	1
233	304	34	1
235	304	34	1
236	304	34	1
237	304	34	1
222	305	34	1
230	305	34	1
224	306	34	1
225	306	34	1
226	306	34	1
227	306	34	1
230	306	34	1
232	306	34	1
201	307	34	1
221	307	34	1
223	307	34	2
224	307	34	1
226	307	34	1
232	307	34	1
241	307	34	1
242	307	34	1
222	308	34	1
237	308	34	1
242	308	34	1
243	308	34	1
216	310	34	2
224	310	34	1
233	310	34	1
232	311	34	1
236	311	34	1
225	312	34	2
234	313	34	1
228	314	34	1
229	314	34	1
230	314	34	2
232	314	34	1
229	315	34	1
233	315	34	1
233	316	34	1
228	250	35	2
224	251	35	1
225	251	35	1
226	251	35	1
226	252	35	1
224	253	35	2
219	254	35	1
223	254	35	1
224	254	35	1
230	254	35	1
235	254	35	1
209	255	35	1
218	255	35	2
225	255	35	1
227	255	35	1
240	256	35	2
221	257	35	1
243	257	35	1
216	258	35	1
217	258	35	1
218	258	35	1
221	258	35	1
224	258	35	2
228	258	35	1
232	258	35	1
211	259	35	2
218	259	35	1
219	259	35	1
224	259	35	1
230	259	35	1
231	259	35	1
240	259	35	1
190	260	35	1
215	260	35	1
217	260	35	1
218	260	35	1
231	260	35	1
233	260	35	1
234	260	35	1
237	260	35	1
239	260	35	1
243	260	35	2
245	260	35	2
208	261	35	1
215	261	35	1
222	261	35	1
224	261	35	1
227	261	35	1
230	261	35	1
234	261	35	1
235	261	35	2
236	261	35	1
243	261	35	1
207	262	35	1
210	262	35	1
221	262	35	1
232	262	35	1
237	262	35	1
239	262	35	2
188	263	35	1
190	263	35	2
196	263	35	1
205	263	35	2
208	263	35	1
213	263	35	1
217	263	35	1
221	263	35	2
227	263	35	1
238	263	35	1
241	263	35	1
245	263	35	2
190	264	35	1
211	264	35	1
226	264	35	1
227	264	35	1
233	264	35	1
235	264	35	1
237	264	35	1
238	264	35	1
239	264	35	1
242	264	35	1
243	264	35	2
245	264	35	1
188	265	35	1
191	265	35	1
195	265	35	1
208	265	35	1
209	265	35	1
245	265	35	1
187	266	35	2
196	266	35	1
206	266	35	1
211	266	35	1
230	266	35	1
233	266	35	1
240	266	35	1
241	266	35	1
242	266	35	1
250	266	35	1
251	266	35	1
176	267	35	1
191	267	35	1
192	267	35	1
206	267	35	2
210	267	35	2
215	267	35	1
225	267	35	1
232	267	35	1
238	267	35	1
243	267	35	1
246	267	35	1
177	268	35	1
186	268	35	1
187	268	35	1
192	268	35	1
202	268	35	2
205	268	35	1
209	268	35	1
217	268	35	1
218	268	35	1
220	268	35	1
238	268	35	1
242	268	35	1
180	269	35	1
186	269	35	2
194	269	35	1
213	269	35	1
235	269	35	1
239	269	35	1
248	269	35	1
250	269	35	1
179	270	35	1
185	270	35	1
189	270	35	1
195	270	35	1
196	270	35	1
212	270	35	1
214	270	35	1
223	270	35	1
235	270	35	1
237	270	35	1
247	270	35	1
176	271	35	1
178	271	35	1
183	271	35	1
186	271	35	1
192	271	35	2
207	271	35	1
220	271	35	1
225	271	35	1
240	271	35	1
243	271	35	1
248	271	35	1
249	271	35	1
250	271	35	1
182	272	35	3
214	272	35	1
219	272	35	1
229	272	35	1
237	272	35	1
240	272	35	1
241	272	35	2
244	272	35	1
246	272	35	1
205	273	35	1
206	273	35	2
218	273	35	1
228	273	35	1
239	273	35	1
242	273	35	1
245	273	35	1
176	274	35	1
211	274	35	2
215	274	35	1
176	275	35	1
186	275	35	1
191	275	35	1
200	275	35	1
203	275	35	1
205	275	35	1
218	275	35	1
231	275	35	1
242	275	35	1
243	275	35	1
202	276	35	1
210	276	35	1
211	276	35	1
217	276	35	2
222	276	35	1
237	276	35	1
244	276	35	1
183	277	35	1
187	277	35	1
202	277	35	1
211	277	35	1
215	277	35	1
220	277	35	2
232	277	35	1
178	278	35	1
203	278	35	1
214	278	35	1
215	278	35	1
221	278	35	1
227	278	35	1
233	278	35	1
243	278	35	1
244	278	35	1
247	278	35	1
179	279	35	1
203	279	35	1
204	279	35	1
212	279	35	1
233	279	35	1
172	280	35	1
174	280	35	1
191	280	35	1
199	280	35	2
203	280	35	1
208	280	35	1
217	280	35	1
219	280	35	1
220	280	35	1
223	280	35	1
224	280	35	1
234	280	35	2
246	280	35	1
191	281	35	1
208	281	35	1
217	281	35	1
223	281	35	1
226	281	35	1
232	281	35	1
234	281	35	2
235	281	35	1
239	281	35	2
245	281	35	1
190	282	35	2
203	282	35	1
207	282	35	2
208	282	35	1
209	282	35	1
215	282	35	1
218	282	35	1
231	282	35	1
233	282	35	1
244	282	35	1
183	283	35	1
189	283	35	1
191	283	35	1
204	283	35	1
205	283	35	1
214	283	35	1
226	283	35	1
233	283	35	1
236	283	35	1
181	284	35	1
186	284	35	1
188	284	35	1
189	284	35	1
206	284	35	2
207	284	35	1
216	284	35	1
218	284	35	1
219	284	35	1
225	284	35	1
232	284	35	1
237	284	35	1
178	285	35	1
198	285	35	1
201	285	35	1
203	285	35	1
218	285	35	1
231	285	35	1
240	285	35	1
243	285	35	1
246	285	35	1
250	285	35	1
188	286	35	1
202	286	35	1
207	286	35	1
211	286	35	1
216	286	35	1
238	286	35	1
243	286	35	2
182	287	35	1
187	287	35	1
199	287	35	1
200	287	35	1
226	287	35	1
233	287	35	4
243	287	35	1
246	287	35	1
189	288	35	1
196	288	35	1
200	288	35	2
218	288	35	2
228	288	35	1
232	288	35	1
242	288	35	1
247	288	35	1
174	289	35	1
190	289	35	1
205	289	35	1
221	289	35	1
222	289	35	1
225	289	35	1
228	289	35	1
235	289	35	1
236	289	35	1
246	289	35	1
248	289	35	1
184	290	35	1
195	290	35	1
197	290	35	1
203	290	35	1
204	290	35	1
205	290	35	1
220	290	35	2
222	290	35	1
227	290	35	1
231	290	35	2
244	290	35	1
247	290	35	1
248	290	35	1
176	291	35	1
179	291	35	1
183	291	35	1
202	291	35	1
225	291	35	1
230	291	35	1
234	291	35	1
237	291	35	2
244	291	35	1
183	292	35	2
199	292	35	1
201	292	35	1
204	292	35	1
205	292	35	2
222	292	35	2
228	292	35	1
229	292	35	1
233	292	35	2
243	292	35	1
185	293	35	1
195	293	35	3
235	293	35	1
246	293	35	1
187	294	35	1
198	294	35	1
201	294	35	1
204	294	35	2
226	294	35	1
237	294	35	2
239	294	35	2
241	294	35	1
194	295	35	1
204	295	35	2
226	295	35	1
227	295	35	1
231	295	35	1
249	295	35	1
201	296	35	1
203	296	35	1
205	296	35	1
219	296	35	1
220	296	35	1
223	296	35	1
228	296	35	1
229	296	35	1
238	296	35	1
243	296	35	1
200	297	35	1
202	297	35	1
219	297	35	1
222	297	35	1
227	297	35	1
230	297	35	1
237	297	35	1
243	297	35	1
197	298	35	1
221	298	35	1
222	298	35	1
241	298	35	1
244	298	35	1
199	299	35	1
202	299	35	1
238	299	35	1
242	299	35	1
195	300	35	2
224	300	35	1
227	300	35	1
242	300	35	1
227	301	35	1
228	301	35	1
237	301	35	1
238	301	35	1
244	301	35	1
199	302	35	1
200	302	35	1
223	302	35	1
230	302	35	1
233	302	35	2
240	302	35	1
234	303	35	1
238	303	35	1
241	303	35	1
243	303	35	1
191	304	35	3
227	304	35	1
228	304	35	1
240	304	35	1
243	304	35	1
207	305	35	1
238	305	35	1
241	305	35	2
242	305	35	1
220	306	35	1
225	306	35	1
228	306	35	1
195	307	35	1
221	307	35	1
222	307	35	1
223	307	35	1
225	307	35	1
226	307	35	1
231	307	35	1
232	307	35	1
242	307	35	1
203	308	35	1
224	308	35	1
228	308	35	1
231	308	35	1
239	308	35	1
222	309	35	1
229	309	35	1
218	310	35	1
221	310	35	1
222	310	35	1
225	310	35	1
227	310	35	1
229	310	35	1
230	310	35	1
234	310	35	1
235	310	35	1
237	310	35	1
238	310	35	1
213	311	35	1
215	311	35	1
223	311	35	1
232	311	35	1
237	311	35	1
238	311	35	2
241	311	35	1
217	312	35	1
226	312	35	1
242	312	35	1
221	313	35	1
229	313	35	1
237	313	35	1
238	313	35	1
234	314	35	1
230	315	35	1
234	315	35	1
237	315	35	1
238	315	35	2
210	316	35	1
232	316	35	2
234	316	35	1
236	316	35	1
238	316	35	1
235	317	35	1
238	317	35	1
240	317	35	1
212	318	35	1
236	318	35	1
232	319	35	1
240	319	35	1
224	253	36	1
229	254	36	1
223	255	36	1
226	255	36	1
219	257	36	2
218	258	36	1
222	258	36	1
224	258	36	1
221	259	36	1
226	259	36	1
223	260	36	1
224	260	36	1
228	260	36	1
230	260	36	1
235	260	36	1
238	260	36	1
211	261	36	1
218	261	36	1
226	261	36	1
228	261	36	3
229	261	36	1
242	261	36	1
192	262	36	1
210	262	36	1
221	262	36	1
226	262	36	2
242	262	36	1
222	263	36	2
233	263	36	2
236	263	36	2
240	263	36	1
186	264	36	1
191	264	36	1
210	264	36	1
213	264	36	1
218	264	36	1
223	264	36	1
188	265	36	1
191	265	36	1
207	265	36	1
216	265	36	1
226	265	36	1
248	265	36	1
205	266	36	1
208	266	36	2
211	266	36	1
215	266	36	1
216	266	36	1
217	266	36	1
223	266	36	2
231	266	36	1
235	266	36	1
237	266	36	1
243	266	36	1
248	266	36	1
192	267	36	1
194	267	36	1
195	267	36	1
196	267	36	1
209	267	36	2
217	267	36	1
219	267	36	1
221	267	36	1
240	267	36	2
209	268	36	1
214	268	36	1
236	268	36	1
239	268	36	2
240	268	36	1
213	269	36	1
214	269	36	1
248	269	36	1
249	269	36	2
187	270	36	1
192	270	36	1
196	270	36	1
212	270	36	1
235	270	36	1
237	270	36	1
246	270	36	1
248	270	36	1
178	271	36	1
193	271	36	1
198	271	36	1
206	271	36	2
207	271	36	1
208	271	36	1
211	271	36	1
223	271	36	1
233	271	36	1
248	271	36	1
175	272	36	1
178	272	36	1
185	272	36	1
190	272	36	1
207	272	36	1
211	272	36	1
217	272	36	2
218	272	36	1
233	272	36	1
239	272	36	2
240	272	36	1
185	273	36	1
186	273	36	1
198	273	36	1
208	273	36	1
210	273	36	1
178	274	36	1
206	274	36	1
209	274	36	1
212	274	36	2
213	274	36	1
206	275	36	1
209	275	36	1
210	275	36	1
180	276	36	1
208	276	36	1
237	276	36	1
175	277	36	1
189	277	36	1
207	277	36	1
208	277	36	1
210	277	36	1
214	277	36	1
217	277	36	1
181	278	36	1
202	278	36	1
208	278	36	1
213	278	36	1
223	278	36	2
224	278	36	1
192	279	36	1
193	279	36	1
209	279	36	1
204	280	36	1
208	280	36	2
210	280	36	2
176	281	36	1
190	281	36	1
193	281	36	1
207	281	36	1
211	281	36	2
214	281	36	1
217	281	36	1
221	281	36	1
224	281	36	1
228	281	36	1
230	281	36	1
243	281	36	1
172	282	36	2
181	282	36	1
215	282	36	1
220	282	36	1
226	282	36	1
208	283	36	1
211	283	36	1
212	283	36	1
215	283	36	1
219	283	36	1
233	283	36	1
240	283	36	1
177	284	36	1
199	284	36	1
209	284	36	1
224	284	36	1
231	284	36	1
232	284	36	1
239	284	36	1
242	284	36	1
220	285	36	2
221	285	36	1
224	285	36	1
226	285	36	1
231	285	36	2
235	285	36	2
237	285	36	1
243	285	36	1
244	285	36	1
216	286	36	2
218	286	36	1
222	286	36	1
234	286	36	1
235	286	36	1
236	286	36	1
238	286	36	1
239	286	36	1
240	286	36	1
241	286	36	1
244	286	36	1
177	287	36	1
190	287	36	2
204	287	36	1
205	287	36	1
208	287	36	1
221	287	36	1
222	287	36	1
226	287	36	2
229	287	36	1
238	287	36	1
176	288	36	2
199	288	36	1
203	288	36	1
206	288	36	1
234	288	36	1
238	288	36	1
242	288	36	1
203	289	36	1
235	289	36	1
239	289	36	1
240	289	36	1
241	289	36	1
187	290	36	1
195	290	36	1
200	290	36	1
201	290	36	1
231	290	36	1
240	290	36	1
247	290	36	1
199	291	36	1
202	291	36	1
204	291	36	1
232	291	36	1
233	291	36	1
237	291	36	1
238	291	36	1
240	291	36	1
241	291	36	1
245	291	36	1
198	292	36	1
219	292	36	2
227	292	36	1
230	292	36	1
233	292	36	1
235	292	36	1
237	292	36	1
182	293	36	1
196	293	36	1
199	293	36	1
207	293	36	1
231	293	36	1
234	293	36	2
237	293	36	1
239	293	36	1
182	294	36	1
187	294	36	1
190	294	36	1
195	294	36	1
198	294	36	1
199	294	36	1
227	294	36	2
228	294	36	1
230	294	36	1
196	295	36	1
197	295	36	1
199	295	36	1
218	295	36	2
229	295	36	1
235	295	36	1
239	295	36	1
196	296	36	1
205	296	36	1
227	296	36	1
228	296	36	1
235	296	36	2
238	296	36	1
195	297	36	1
201	297	36	1
202	297	36	1
229	297	36	1
231	297	36	1
235	297	36	1
236	297	36	1
239	297	36	1
201	298	36	1
205	298	36	1
229	298	36	1
245	298	36	1
200	299	36	2
232	299	36	2
240	299	36	1
225	300	36	2
228	300	36	1
230	300	36	3
232	300	36	1
237	300	36	1
241	300	36	1
245	300	36	1
223	301	36	2
225	301	36	1
227	301	36	1
230	301	36	1
232	301	36	2
234	301	36	1
235	301	36	2
244	301	36	2
226	302	36	1
227	302	36	1
235	302	36	1
245	303	36	1
227	304	36	3
235	304	36	1
199	305	36	1
242	306	36	1
234	307	36	2
241	307	36	1
222	308	36	1
224	308	36	2
227	308	36	2
237	308	36	2
225	309	36	1
227	309	36	1
229	309	36	2
232	309	36	2
233	309	36	2
221	310	36	1
224	310	36	1
227	310	36	1
228	310	36	2
229	310	36	2
243	310	36	1
213	311	36	1
215	311	36	1
217	311	36	1
226	311	36	1
231	311	36	1
242	311	36	1
216	312	36	1
221	312	36	1
232	312	36	1
235	312	36	1
240	312	36	2
226	313	36	1
234	313	36	1
225	314	36	1
230	314	36	1
232	314	36	1
236	314	36	1
238	314	36	1
230	315	36	1
233	315	36	1
242	315	36	2
236	316	36	1
242	316	36	1
230	318	36	1
232	319	36	1
239	319	36	1
227	260	37	2
228	260	37	1
235	260	37	1
242	260	37	1
226	261	37	2
228	261	37	1
230	261	37	1
220	262	37	1
229	262	37	1
230	262	37	1
217	263	37	1
211	264	37	1
224	264	37	1
231	264	37	1
246	265	37	1
210	267	37	1
214	267	37	1
229	267	37	1
188	268	37	1
215	268	37	1
204	269	37	1
210	269	37	2
236	269	37	1
239	269	37	1
212	270	37	1
235	270	37	1
187	271	37	1
192	271	37	1
195	271	37	1
196	271	37	1
215	271	37	2
196	272	37	1
207	272	37	1
216	272	37	1
210	274	37	1
231	274	37	1
208	275	37	1
213	275	37	1
216	275	37	1
217	276	37	1
204	277	37	2
220	277	37	1
212	278	37	1
175	279	37	2
195	279	37	1
215	279	37	1
216	279	37	1
192	281	37	1
211	282	37	1
219	282	37	1
193	283	37	1
211	283	37	1
186	284	37	1
196	284	37	2
195	285	37	1
202	285	37	1
239	285	37	2
199	286	37	1
215	286	37	4
216	286	37	1
232	286	37	1
241	286	37	3
187	287	37	1
191	287	37	1
219	287	37	1
220	287	37	1
222	287	37	1
234	287	37	1
236	287	37	1
238	287	37	1
240	287	37	3
186	288	37	1
195	288	37	1
201	288	37	1
204	288	37	1
205	288	37	1
236	288	37	1
186	289	37	1
205	289	37	1
219	289	37	1
223	289	37	1
232	289	37	1
234	289	37	1
239	289	37	1
240	289	37	1
186	290	37	1
197	290	37	1
200	290	37	1
233	290	37	2
195	291	37	1
203	291	37	1
233	291	37	1
225	292	37	1
232	292	37	1
190	293	37	1
201	293	37	3
206	293	37	1
207	293	37	1
225	293	37	1
226	293	37	2
239	293	37	1
223	294	37	1
228	294	37	1
232	294	37	1
233	294	37	1
235	294	37	2
238	294	37	1
197	295	37	2
225	295	37	1
229	295	37	1
234	295	37	1
235	295	37	1
236	295	37	1
203	296	37	1
217	296	37	1
228	296	37	1
235	296	37	1
237	296	37	1
242	296	37	1
245	296	37	1
227	297	37	1
232	297	37	2
234	297	37	1
243	297	37	1
199	298	37	2
202	298	37	1
230	298	37	1
232	298	37	1
240	298	37	2
242	298	37	1
241	299	37	1
243	299	37	2
225	300	37	1
229	300	37	1
230	300	37	1
232	300	37	1
235	300	37	1
236	300	37	1
239	300	37	1
244	300	37	1
241	301	37	1
228	303	37	1
227	304	37	2
228	304	37	1
226	305	37	1
228	305	37	2
242	305	37	1
225	307	37	1
241	307	37	1
243	307	37	1
235	308	37	1
220	309	37	1
224	309	37	1
226	309	37	1
217	310	37	2
224	310	37	2
227	310	37	2
229	310	37	1
219	311	37	1
222	311	37	1
226	311	37	1
237	311	37	1
217	312	37	1
225	312	37	1
229	312	37	1
231	312	37	2
240	312	37	1
225	313	37	1
227	313	37	1
230	313	37	1
229	314	37	1
232	314	37	1
235	314	37	3
236	314	37	1
237	314	37	1
230	315	37	1
236	315	37	1
238	315	37	1
236	316	37	2
237	316	37	2
211	317	37	1
236	317	37	1
238	318	37	1
237	319	37	2
228	320	37	1
231	322	37	1
225	262	38	1
238	262	38	1
232	263	38	1
219	264	38	1
226	265	38	1
237	265	38	1
217	266	38	1
188	268	38	1
211	268	38	2
187	269	38	1
217	269	38	1
193	270	38	1
218	270	38	1
211	271	38	1
216	271	38	1
193	272	38	1
214	272	38	2
215	272	38	1
217	272	38	1
208	273	38	1
213	273	38	1
214	273	38	1
206	274	38	2
209	274	38	1
210	274	38	1
216	274	38	1
240	274	38	1
207	275	38	1
213	276	38	1
207	277	38	1
210	277	38	1
211	277	38	1
213	277	38	1
215	277	38	1
215	278	38	1
217	278	38	1
221	278	38	1
230	278	38	1
206	279	38	1
210	279	38	1
211	279	38	1
212	279	38	2
191	281	38	1
210	281	38	1
215	281	38	1
189	282	38	1
211	282	38	1
212	282	38	1
213	282	38	2
214	282	38	2
185	284	38	1
188	284	38	2
191	284	38	1
196	284	38	1
201	284	38	1
188	285	38	1
201	285	38	1
202	285	38	2
205	285	38	1
208	285	38	2
196	286	38	1
203	286	38	1
204	286	38	1
206	286	38	1
211	286	38	2
221	286	38	2
237	286	38	2
193	287	38	1
202	287	38	2
215	287	38	1
217	287	38	1
222	287	38	1
190	288	38	1
193	288	38	1
206	288	38	1
207	288	38	1
220	288	38	1
186	289	38	1
187	289	38	1
195	289	38	1
203	289	38	1
204	289	38	1
232	289	38	1
191	290	38	2
193	290	38	1
199	290	38	1
211	290	38	1
218	290	38	2
224	290	38	1
203	291	38	1
210	291	38	1
214	291	38	1
222	291	38	1
238	291	38	1
189	292	38	2
199	292	38	1
207	292	38	1
223	292	38	2
234	292	38	1
197	293	38	1
200	293	38	1
205	293	38	1
217	293	38	2
230	293	38	1
234	293	38	2
199	294	38	1
210	294	38	1
235	294	38	1
204	295	38	1
216	295	38	1
220	295	38	1
221	295	38	1
238	295	38	1
217	296	38	1
221	296	38	1
242	296	38	1
204	297	38	1
225	297	38	1
234	297	38	2
240	297	38	1
200	298	38	1
215	298	38	1
216	298	38	1
228	298	38	1
234	298	38	1
196	299	38	1
227	299	38	1
228	299	38	1
229	299	38	1
231	299	38	1
236	299	38	1
239	299	38	1
240	300	38	1
241	300	38	1
236	301	38	1
238	301	38	1
226	302	38	2
233	302	38	1
239	302	38	1
245	302	38	1
228	303	38	1
231	303	38	1
227	304	38	1
231	304	38	1
233	304	38	1
234	304	38	2
237	304	38	1
229	305	38	1
232	305	38	1
227	306	38	2
229	306	38	1
239	306	38	1
193	307	38	1
234	307	38	1
239	307	38	1
226	308	38	1
229	308	38	1
235	308	38	1
240	308	38	1
195	309	38	1
222	309	38	1
226	309	38	1
220	310	38	1
221	310	38	1
229	310	38	1
222	311	38	1
224	311	38	1
235	311	38	1
244	311	38	1
219	312	38	1
221	312	38	1
222	312	38	1
216	313	38	1
228	313	38	2
235	313	38	1
245	313	38	1
217	314	38	2
219	314	38	2
236	314	38	1
242	314	38	1
211	315	38	1
213	315	38	2
220	315	38	1
223	315	38	1
229	315	38	1
237	315	38	1
243	315	38	1
239	316	38	1
242	316	38	1
231	317	38	1
232	317	38	2
237	317	38	1
239	317	38	1
242	317	38	1
231	318	38	1
232	318	38	1
240	318	38	1
232	319	38	1
234	319	38	1
242	319	38	1
231	322	38	2
235	323	38	1
237	265	39	1
219	269	39	2
192	270	39	1
217	270	39	1
218	271	39	1
215	273	39	1
214	274	39	1
213	275	39	1
218	276	39	1
204	277	39	2
213	277	39	3
195	278	39	1
210	278	39	1
214	278	39	2
221	278	39	1
212	279	39	1
215	279	39	1
221	280	39	1
217	281	39	1
223	281	39	2
195	282	39	1
190	283	39	1
191	283	39	1
193	284	39	1
207	284	39	2
197	285	39	1
196	286	39	1
201	286	39	1
206	286	39	1
216	286	39	1
187	287	39	1
190	287	39	1
196	287	39	1
205	287	39	1
239	287	39	1
204	288	39	2
206	288	39	1
217	288	39	2
191	289	39	2
195	289	39	1
201	289	39	2
203	289	39	1
211	289	39	1
239	289	39	2
195	290	39	1
210	290	39	1
233	290	39	1
199	291	39	1
207	291	39	1
222	291	39	1
197	292	39	1
208	292	39	1
210	292	39	1
212	292	39	1
226	292	39	1
242	292	39	1
208	293	39	1
209	293	39	1
221	293	39	1
201	294	39	1
225	294	39	1
228	294	39	2
230	294	39	1
236	294	39	1
237	294	39	1
241	294	39	1
242	294	39	1
204	295	39	1
225	295	39	1
197	296	39	1
215	296	39	1
226	296	39	1
236	296	39	1
237	296	39	2
199	297	39	1
204	297	39	1
206	297	39	2
220	297	39	1
232	297	39	1
234	297	39	1
240	297	39	1
215	298	39	1
230	298	39	1
233	298	39	1
226	299	39	1
229	299	39	1
230	299	39	1
242	299	39	1
230	300	39	1
224	301	39	1
228	301	39	1
233	302	39	1
228	303	39	3
231	303	39	1
235	303	39	1
238	305	39	1
241	305	39	1
211	306	39	1
235	306	39	1
236	306	39	1
214	307	39	1
226	307	39	1
241	307	39	1
229	308	39	1
218	309	39	1
222	309	39	1
225	309	39	2
227	309	39	1
228	309	39	1
235	309	39	1
239	309	39	1
240	309	39	1
224	310	39	1
217	311	39	1
221	311	39	2
224	311	39	2
231	311	39	3
235	311	39	1
213	312	39	1
219	312	39	1
222	312	39	1
230	312	39	1
238	312	39	1
239	312	39	1
240	312	39	1
242	312	39	2
218	313	39	1
220	313	39	1
238	313	39	1
243	313	39	1
217	314	39	1
220	315	39	1
229	315	39	1
230	315	39	1
243	315	39	1
245	315	39	2
225	316	39	1
229	316	39	1
232	317	39	1
242	317	39	1
220	319	39	2
237	319	39	1
230	322	39	1
232	323	39	1
234	323	39	1
212	324	39	2
214	274	40	1
201	278	40	1
204	287	40	2
193	288	40	1
202	288	40	1
193	290	40	1
206	291	40	1
192	292	40	2
193	292	40	1
194	293	40	2
197	293	40	1
209	293	40	1
213	293	40	1
225	293	40	1
229	293	40	1
207	294	40	1
217	294	40	1
221	294	40	1
228	294	40	1
200	296	40	1
203	296	40	1
211	296	40	3
240	296	40	1
205	297	40	1
207	297	40	2
216	297	40	1
229	297	40	1
230	297	40	2
212	298	40	2
223	298	40	1
226	298	40	1
234	298	40	2
224	299	40	1
229	300	40	2
229	301	40	1
228	303	40	2
229	305	40	1
234	305	40	1
210	306	40	1
212	306	40	1
226	306	40	1
228	306	40	1
230	306	40	2
194	307	40	1
234	307	40	1
242	307	40	1
220	309	40	1
194	310	40	1
224	310	40	1
225	310	40	1
239	310	40	2
196	311	40	1
221	311	40	1
228	311	40	1
231	311	40	2
235	311	40	1
241	311	40	1
216	312	40	1
217	312	40	1
235	312	40	1
243	312	40	1
215	313	40	1
216	313	40	1
221	313	40	1
220	314	40	1
225	314	40	1
239	314	40	1
242	314	40	1
217	315	40	1
219	315	40	1
235	315	40	1
240	315	40	2
220	316	40	1
236	316	40	1
220	318	40	1
236	318	40	1
238	318	40	1
240	318	40	1
221	319	40	1
241	319	40	1
225	320	40	1
230	320	40	1
216	321	40	1
230	322	40	1
231	322	40	1
233	322	40	1
213	329	40	1
208	330	40	1
197	282	41	1
226	292	41	1
210	294	41	1
214	298	41	1
234	301	41	1
227	304	41	2
223	305	41	1
228	305	41	1
217	306	41	1
224	306	41	2
227	306	41	1
230	306	41	1
220	309	41	1
223	309	41	1
224	309	41	1
196	310	41	1
220	311	41	1
221	312	41	1
225	312	41	1
241	312	41	1
219	313	41	1
238	313	41	1
245	313	41	1
239	314	41	1
249	314	41	2
218	315	41	1
238	315	41	1
240	316	41	1
245	317	41	2
218	318	41	1
229	318	41	1
241	318	41	1
246	318	41	1
223	319	41	1
230	319	41	1
243	319	41	1
230	321	41	1
240	321	41	1
230	323	41	1
214	326	41	1
223	302	42	2
220	304	42	1
220	306	42	1
227	307	42	1
220	308	42	1
235	309	42	1
242	309	42	1
239	310	42	1
223	311	42	1
218	312	42	1
220	312	42	1
242	312	42	1
222	313	42	1
224	313	42	1
234	313	42	1
244	313	42	1
225	314	42	1
226	316	42	1
227	316	42	2
223	317	42	1
217	318	42	1
219	318	42	1
243	318	42	1
247	318	42	1
204	319	42	1
226	320	42	1
228	320	42	1
218	321	42	1
226	322	42	1
225	303	43	1
217	310	43	1
234	310	43	3
241	311	43	1
220	312	43	1
237	314	43	1
229	315	43	2
219	316	43	1
227	317	43	1
217	319	43	1
242	319	43	1
227	321	43	1
219	306	44	1
220	309	44	1
224	310	44	1
234	310	44	1
219	311	44	1
225	311	44	2
235	311	44	1
223	312	44	1
231	312	44	1
241	314	44	1
220	315	44	1
222	316	44	1
238	317	44	1
223	318	44	1
206	319	44	1
223	319	44	1
228	320	44	1
231	320	44	1
229	321	44	1
242	321	44	1
224	322	44	1
220	312	45	1
