x	y	z	Interferon alpha/beta signaling
240	286	21	1
241	279	24	2
248	286	24	1
246	287	24	1
245	288	24	1
244	289	24	1
246	289	24	1
247	289	24	2
248	289	24	1
244	290	24	1
244	291	24	1
231	268	25	1
233	269	25	1
230	272	25	1
233	272	25	1
238	272	25	1
227	273	25	1
235	273	25	1
231	274	25	1
234	274	25	1
238	275	25	1
232.5	276.5	25.5	1
237	276	25	1
240	276	25	1
248	276	25	1
231	277	25	1
232	277	25	1
235	277	25	1
231	278	25	2
234	278	25	1
231	279	25	1
236	279	25	1
247	279	25	3
236	280	25	1
239	280	25	2
231	281	25	2
240	281	25	2
248	281	25	1
214	282	25	1
234	282	25	1
235	282	25	1
238	282	25	1
248	282	25	1
249	282	25	1
233	283	25	1
236	283	25	2
237	283	25	1
241	283	25	2
245	283	25	1
213	284	25	1
233	284	25	1
236	284	25	2
237	284	25	1
241	284	25	1
252	284	25	2
236	285	25	2
238	285	25	1
239	285	25	1
240	285	25	1
243	285	25	1
252	285	25	1
218	286	25	1
233	286	25	1
236	286	25	1
241	286	25	1
245	286	25	2
252	286	25	1
245	287	25	1
246	287	25	2
251	287	25	1
252	287	25	2
235	288	25	1
236	288	25	2
237	288	25	2
250	288	25	4
234	289	25	1
241	289	25	1
242	289	25	1
244	289	25	2
252	289	25	1
225	290	25	2
235	290	25	1
243	290	25	2
226	291	25	1
235	291	25	1
238	291	25	1
246	291	25	1
251	291	25	2
227	292	25	1
250	292	25	1
240	293	25	2
247	293	25	1
240	294	25	1
242	294	25	1
243	294	25	1
234	295	25	1
243	295	25	2
246	296	25	1
239	297	25	1
227	300	25	1
240	300	25	1
239	302	25	1
176	259	26	3
182	260	26	1
229	262	26	1
237	266	26	1
234	267	26	1
233	268	26	1
236	268	26	1
237	269	26	1
233	270	26	1
234	270	26	1
238	270	26	1
240	270	26	1
250	270	26	1
235	271	26	1
217	272	26	2
239	273	26	1
248	273	26	1
236	274	26	2
232	275	26	1
237	275	26	1
245	275	26	2
246	275	26	1
249	275	26	1
207	276	26	2
234	276	26	1
244	276	26	1
250	276	26	1
210	277	26	1
230	277	26	1
231	277	26	1
234	277	26	2
240	277	26	1
232	278	26	1
235	278	26	1
236	278	26	1
237	278	26	1
240	278	26	1
243	278	26	1
233	279	26	1
237	279	26	1
239	279	26	1
246	279	26	1
248	279	26	3
208	280	26	1
232	280	26	2
236	280	26	1
231	281	26	1
234	281	26	2
237	281	26	1
246	281	26	1
247	281	26	2
250	281	26	1
233	282	26	2
234	282	26	1
246	282	26	1
209	283	26	1
231	283	26	1
248	283	26	2
215	284	26	1
232	284	26	1
233	284	26	1
234	284	26	2
237	284	26	1
238	284	26	1
241	284	26	1
245	284	26	1
252	284	26	1
211	285	26	1
212	285	26	2
235	285	26	1
237	285	26	1
241	285	26	1
225	286	26	1
233	286	26	1
240	286	26	3
241	286	26	1
248	286	26	1
251	286	26	1
253	286	26	1
223	287	26	1
224	287	26	1
228	287	26	1
232	287	26	1
238	287	26	1
249	287	26	2
250	287	26	1
252	287	26	1
235	288	26	1
236	288	26	1
240	288	26	1
241	288	26	1
252	288	26	1
222	289	26	2
231	289	26	1
236	289	26	1
237	289	26	1
251	289	26	1
252	289	26	1
225	290	26	1
228	290	26	1
236	290	26	1
238	290	26	1
244	290	26	1
237	291	26	2
239	291	26	1
242	291	26	1
244	291	26	3
245	291	26	1
225	292	26	2
245	292	26	1
249	292	26	1
251	292	26	1
254	292	26	1
225	293	26	1
240	293	26	1
253	293	26	1
220	294	26	1
235	294	26	2
241	294	26	1
242	294	26	1
243	294	26	1
245	294	26	2
222	295	26	1
239	295	26	2
240	295	26	1
244	295	26	1
248	295	26	1
241	296	26	1
237	297	26	2
239	298	26	1
236	299	26	1
225	300	26	1
236	300	26	1
227	301	26	1
184	256	27	2
181	257	27	1
181	258	27	1
232	258	27	1
183	259	27	1
229	259	27	1
184	260	27	1
185	260	27	3
227	260	27	1
233	260	27	1
235	260	27	1
183	261	27	1
184	261	27	1
185	261	27	2
186	261	27	2
220	261	27	1
222	261	27	1
236	261	27	1
177	262	27	1
180	262	27	1
186	262	27	1
227	262	27	2
232	262	27	2
238	262	27	1
181	263	27	1
183	263	27	2
210	263	27	1
215	263	27	1
238	263	27	1
176	264	27	1
226	264	27	1
232	264	27	1
189	265	27	2
212	265	27	1
215	265	27	1
221	265	27	1
225	265	27	1
226	265	27	1
231	265	27	3
238	265	27	1
239	265	27	1
240	265	27	1
215	266	27	3
227	266	27	1
228	266	27	1
229	266	27	2
231	266	27	2
233	266	27	1
234	266	27	1
235	266	27	2
231	267	27	1
234	267	27	1
240	267	27	3
179	268	27	1
197	268	27	3
213	268	27	2
219	268	27	1
224	268	27	1
235	268	27	1
243	268	27	2
177	269	27	1
178	269	27	2
179	269	27	1
201	269	27	1
225	269	27	1
232	269	27	1
235	269	27	1
236	269	27	1
240	269	27	1
243	269	27	1
179	270	27	1
207	270	27	1
216	270	27	1
226	270	27	1
230	270	27	2
231	270	27	1
233	270	27	1
234	270	27	2
238	270	27	1
248	270	27	1
178	271	27	1
180	271	27	1
182	271	27	2
207	271	27	1
215	271	27	1
217	271	27	1
223	271	27	1
230	271	27	1
231	271	27	1
234	271	27	1
237	271	27	1
242	271	27	1
247	271	27	1
248	271	27	1
251	271	27	1
176	272	27	1
179	272	27	1
203	272	27	2
205	272	27	1
213	272	27	1
215	272	27	1
222	272	27	1
225	272	27	2
229	272	27	1
230	272	27	1
231	272	27	1
236	272	27	1
238	272	27	2
183	273	27	1
203	273	27	1
206	273	27	1
212	273	27	1
215	273	27	2
223	273	27	1
229	273	27	1
232	273	27	1
237	273	27	1
241	273	27	1
248	273	27	1
251	273	27	1
177	274	27	1
178	274	27	1
179	274	27	1
203	274	27	1
204	274	27	1
207	274	27	1
209	274	27	1
211	274	27	1
213	274	27	1
227	274	27	1
228	274	27	1
237	274	27	2
238	274	27	1
240	274	27	1
250	274	27	1
252	274	27	1
254	274	27	1
184	275	27	1
185	275	27	1
206	275	27	1
208	275	27	1
212	275	27	1
214	275	27	1
216	275	27	1
220	275	27	1
233	275	27	1
245	275	27	1
204	276	27	1
206	276	27	2
207	276	27	1
210	276	27	1
212	276	27	1
215	276	27	1
217	276	27	1
219	276	27	1
220	276	27	1
230	276	27	1
232	276	27	1
233	276	27	1
234	276	27	1
239	276	27	1
240	276	27	1
244	276	27	1
245	276	27	1
246	276	27	1
204	277	27	1
205	277	27	1
212	277	27	3
232	277	27	1
248	277	27	1
204	278	27	1
206	278	27	2
209	278	27	1
213	278	27	1
214	278	27	1
221	278	27	1
224	278	27	3
225	278	27	1
230	278	27	1
231	278	27	1
233	278	27	3
234	278	27	1
246	278	27	1
248	278	27	1
249	278	27	1
250	278	27	1
251	278	27	1
207	279	27	1
210	279	27	1
234	279	27	1
237	279	27	1
238	279	27	1
240	279	27	1
242	279	27	1
247	279	27	1
248	279	27	1
249	279	27	1
250	279	27	1
257	279	27	1
205	280	27	1
208	280	27	1
209	280	27	1
210	280	27	1
232	280	27	1
234	280	27	1
236	280	27	1
246	280	27	1
248	280	27	1
206	281	27	1
215	281	27	1
217	281	27	1
218	281	27	1
228	281	27	1
229	281	27	1
230	281	27	1
233	281	27	1
237	281	27	1
239	281	27	1
241	281	27	1
244	281	27	1
245	281	27	1
246	281	27	1
248	281	27	2
251	281	27	1
252	281	27	1
254	281	27	1
257	281	27	2
215	282	27	2
233	282	27	2
235	282	27	1
238	282	27	1
246	282	27	1
248	282	27	1
249	282	27	1
253	282	27	2
254	282	27	2
206	283	27	2
208	283	27	1
209	283	27	1
210	283	27	1
218	283	27	1
232	283	27	1
235	283	27	1
240	283	27	1
248	283	27	1
249	283	27	1
254	283	27	1
255	283	27	1
208	284	27	1
213	284	27	1
215	284	27	2
236	284	27	1
240	284	27	1
241	284	27	1
243	284	27	1
255	284	27	1
257	284	27	1
199	285	27	1
200	285	27	1
206	285	27	1
208	285	27	1
212	285	27	1
224	285	27	1
240	285	27	2
245	285	27	1
246	285	27	1
250	285	27	1
253	285	27	2
204	286	27	1
208	286	27	1
218	286	27	1
234	286	27	2
235	286	27	1
239	286	27	1
241	286	27	1
246	286	27	1
248	286	27	2
210	287	27	1
221	287	27	2
228	287	27	1
232	287	27	1
238	287	27	1
242	287	27	1
246	287	27	1
250	287	27	1
253	287	27	1
211	288	27	1
214	288	27	1
225	288	27	1
228	288	27	2
232	288	27	2
246	288	27	1
252	288	27	2
253	288	27	1
210	289	27	1
226	289	27	1
228	289	27	1
230	289	27	1
234	289	27	1
236	289	27	1
237	289	27	1
239	289	27	1
246	289	27	1
214	290	27	1
221	290	27	1
225	290	27	1
235	290	27	1
241	290	27	1
244	290	27	1
246	290	27	2
250	290	27	1
251	290	27	2
252	290	27	2
210	291	27	1
221	291	27	1
222	291	27	2
224	291	27	3
225	291	27	1
228	291	27	1
233	291	27	1
234	291	27	1
235	291	27	1
237	291	27	1
240	291	27	2
242	291	27	1
247	291	27	1
257	291	27	1
213	292	27	1
219	292	27	1
228	292	27	2
230	292	27	1
235	292	27	1
239	292	27	1
244	292	27	2
248	292	27	1
249	292	27	1
252	292	27	1
254	292	27	1
218	293	27	1
219	293	27	1
221	293	27	1
222	293	27	1
226	293	27	1
227	293	27	1
238	293	27	1
240	293	27	1
243	293	27	2
249	293	27	2
250	293	27	1
251	293	27	1
231	294	27	2
236	294	27	1
238	294	27	1
246	294	27	1
248	294	27	1
254	294	27	2
255	294	27	1
211	295	27	1
221	295	27	2
243	295	27	1
249	295	27	1
250	295	27	1
211	296	27	1
221	296	27	1
236	296	27	1
240	296	27	1
245	296	27	1
246	296	27	1
217	297	27	1
220	297	27	1
236	297	27	1
237	297	27	1
244	297	27	1
251	297	27	1
253	297	27	1
236	298	27	1
243	298	27	1
244	298	27	1
248	298	27	1
230	299	27	1
236	299	27	1
237	299	27	1
239	299	27	1
242	299	27	1
247	299	27	2
249	299	27	1
227	300	27	2
242	300	27	1
227	301	27	1
235	301	27	1
237	301	27	1
241	301	27	1
243	301	27	1
251	301	27	1
226	302	27	2
237	302	27	1
238	302	27	1
245	302	27	1
241	303	27	1
237	304	27	1
238	304	27	1
235	305	27	2
230	262	28	1
231	264	28	1
234	266	28	1
234	267	28	1
236	267	28	1
231	268	28	1
236	268	28	1
238	268	28	1
234	272	28	3
236	272	28	3
250	272	28	2
214	274	28	1
232	274	28	1
234	274	28	1
249	275	28	1
233	276	28	1
237	276	28	2
236	277	28	1
236	278	28	1
210	279	28	1
235	280	28	1
248	281	28	1
247	283	28	1
246	284	28	1
248	284	28	1
238	285	28	2
239	285	28	1
247	286	28	1
244	287	28	1
246	287	28	1
251	287	28	1
242	288	28	2
245	288	28	1
231	289	28	1
245	289	28	1
246	289	28	1
226	290	28	2
237	290	28	2
242	290	28	1
237	291	28	1
245	291	28	1
241	292	28	1
242	292	28	1
248	292	28	1
240	293	28	1
248	293	28	2
249	293	28	1
242	294	28	1
245	294	28	1
249	294	28	1
250	294	28	1
242	295	28	1
248	295	28	1
236	300	28	3
240	300	28	1
234	256	29	1
181	258	29	2
188	259	29	1
240	260	29	1
199	261	29	1
227	261	29	1
229	261	29	1
230	261	29	1
231	261	29	1
222	263	29	2
231	263	29	1
178	264	29	1
238	264	29	1
245	264	29	1
248	264	29	1
235	265	29	1
238	265	29	1
239	265	29	1
228	266	29	1
232	266	29	1
234	266	29	1
245	266	29	2
192	267	29	1
196	267	29	2
199	267	29	2
230	267	29	1
234	267	29	1
237	267	29	1
241	267	29	2
201	268	29	1
231	268	29	1
234	268	29	1
236	268	29	1
250	268	29	1
180	269	29	3
235	269	29	1
249	269	29	1
200	270	29	1
231	270	29	1
235	270	29	1
237	270	29	1
182	271	29	1
214	271	29	2
229	271	29	1
238	271	29	1
241	271	29	1
249	271	29	2
251	271	29	1
211	272	29	1
233	272	29	1
235	272	29	1
238	272	29	1
239	272	29	1
241	272	29	2
207	273	29	1
236	273	29	1
250	273	29	1
213	274	29	1
214	274	29	1
233	274	29	1
239	274	29	1
247	274	29	2
206	275	29	1
236	275	29	1
237	275	29	1
239	275	29	1
240	275	29	1
245	275	29	1
232	276	29	1
234	276	29	1
241	276	29	1
249	276	29	2
232	277	29	1
236	277	29	1
238	277	29	1
239	277	29	1
204	278	29	1
236	278	29	3
237	278	29	2
239	278	29	1
244	278	29	2
247	278	29	2
234	279	29	1
235	279	29	1
238	279	29	1
247	279	29	1
248	279	29	1
252	279	29	1
256	279	29	1
233	280	29	1
234	280	29	1
235	280	29	1
236	280	29	1
246	280	29	1
249	280	29	2
250	280	29	2
208	281	29	2
232	281	29	1
247	281	29	1
248	281	29	1
250	281	29	1
212	282	29	1
235	282	29	1
241	282	29	1
244	282	29	1
246	282	29	1
248	282	29	1
250	282	29	1
215	283	29	1
233	283	29	1
239	283	29	1
245	283	29	1
246	283	29	1
232	284	29	1
234	284	29	1
235	284	29	1
236	284	29	1
238	284	29	1
240	284	29	1
245	284	29	1
246	284	29	1
252	284	29	1
255	284	29	2
256	284	29	2
219	285	29	1
234	285	29	1
250	285	29	1
253	285	29	2
233	286	29	1
240	286	29	2
226	287	29	1
228	287	29	1
231	287	29	1
232	287	29	1
234	287	29	1
236	287	29	1
245	287	29	1
247	287	29	1
249	287	29	1
228	288	29	1
235	288	29	1
244	288	29	1
246	288	29	1
253	288	29	2
228	289	29	1
235	289	29	1
243	289	29	1
250	289	29	2
225	290	29	1
230	290	29	2
240	290	29	1
245	290	29	1
222	291	29	1
224	291	29	1
246	291	29	1
247	291	29	3
248	291	29	1
251	291	29	1
227	292	29	1
239	292	29	1
241	292	29	2
247	292	29	1
250	292	29	1
225	293	29	2
227	293	29	1
242	293	29	2
247	293	29	2
221	294	29	1
238	294	29	2
240	294	29	1
243	294	29	1
245	294	29	2
246	294	29	1
249	294	29	1
220	295	29	4
240	295	29	2
244	295	29	1
245	295	29	1
222	296	29	1
239	297	29	1
245	297	29	2
246	297	29	1
215	298	29	1
224	298	29	1
238	298	29	1
245	298	29	1
249	298	29	1
221	299	29	1
226	299	29	1
237	299	29	1
239	299	29	1
240	299	29	1
241	299	29	1
225	300	29	1
226	300	29	1
236	300	29	2
247	300	29	1
227	301	29	1
230	301	29	1
238	301	29	2
241	301	29	1
224	302	29	1
236	305	29	2
225	251	30	1
215	252	30	2
233	252	30	1
228	253	30	1
231	253	30	1
232	253	30	2
237	253	30	1
231	254	30	1
232	254	30	1
235	254	30	1
238	254	30	1
191	255	30	1
230	255	30	1
232	255	30	1
229	256	30	1
233	256	30	2
235	256	30	1
236	256	30	1
181	257	30	1
190	257	30	1
204	257	30	1
209	257	30	2
228	257	30	1
240	257	30	1
175	258	30	2
176	258	30	1
227	258	30	2
229	258	30	1
233	258	30	1
236	258	30	1
237	258	30	1
175	259	30	2
183	259	30	1
189	259	30	1
206	259	30	1
209	259	30	1
222	259	30	1
224	259	30	2
227	259	30	1
229	259	30	1
235	259	30	1
237	259	30	1
241	259	30	1
184	260	30	1
186	260	30	1
190	260	30	1
196	260	30	2
212	260	30	1
217	260	30	1
223	260	30	1
227	260	30	1
231	260	30	1
236	260	30	2
187	261	30	1
199	261	30	1
209	261	30	1
212	261	30	1
219	261	30	2
226	261	30	2
227	261	30	1
239	261	30	1
241	261	30	1
186	262	30	1
188	262	30	1
206	262	30	1
209	262	30	1
219	262	30	1
227	262	30	1
230	262	30	2
231	262	30	1
233	262	30	1
240	262	30	1
246	262	30	1
249	262	30	1
251	262	30	1
179	263	30	1
182	263	30	1
188	263	30	1
211	263	30	1
219	263	30	2
224	263	30	1
226	263	30	1
230	263	30	1
232	263	30	1
233	263	30	1
234	263	30	2
247	263	30	1
248	263	30	1
188	264	30	1
195	264	30	1
211	264	30	2
226	264	30	1
230	264	30	1
231	264	30	1
240	264	30	2
246	264	30	1
249	264	30	2
191	265	30	1
192	265	30	1
193	265	30	1
197	265	30	2
200	265	30	2
211	265	30	2
232	265	30	2
233	265	30	1
246	265	30	1
247	265	30	2
248	265	30	1
189	266	30	1
193	266	30	1
194	266	30	1
195	266	30	2
197	266	30	1
212	266	30	1
219	266	30	1
226	266	30	1
230	266	30	2
238	266	30	1
241	266	30	1
243	266	30	1
176	267	30	1
182	267	30	1
191	267	30	2
192	267	30	1
193	267	30	1
209	267	30	2
214	267	30	2
219	267	30	1
232	267	30	1
235	267	30	2
239	267	30	1
241	267	30	3
247	267	30	1
250	267	30	1
172	268	30	1
188	268	30	1
190	268	30	1
195	268	30	1
196	268	30	1
206	268	30	1
214	268	30	1
216	268	30	1
228	268	30	1
239	268	30	1
243	268	30	2
247	268	30	1
172	269	30	1
178	269	30	1
193	269	30	2
194	269	30	1
204	269	30	1
211	269	30	1
216	269	30	1
232	269	30	1
235	269	30	1
240	269	30	1
249	269	30	1
250	269	30	2
252	269	30	1
178	270	30	1
195	270	30	1
197	270	30	1
205	270	30	1
217	270	30	1
223	270	30	2
227	270	30	1
234	270	30	1
235	270	30	1
244	270	30	1
175	271	30	2
185	271	30	1
187	271	30	1
207	271	30	3
225	271	30	1
247	271	30	1
249	271	30	1
179	272	30	1
197	272	30	1
224	272	30	1
233	272	30	1
240	272	30	1
242	272	30	1
203	273	30	1
206	273	30	1
210	273	30	2
214	273	30	2
233	273	30	5
234	273	30	1
239	273	30	1
181	274	30	1
234	274	30	2
239	274	30	1
241	274	30	1
179	275	30	1
213	275	30	1
240	275	30	1
179	276	30	1
206	276	30	1
207	276	30	1
232	276	30	2
233	276	30	1
238	276	30	1
243	276	30	1
248	276	30	2
253	276	30	1
174	277	30	1
205	277	30	1
237	277	30	1
238	277	30	1
239	277	30	1
245	277	30	1
247	277	30	1
203	278	30	1
204	278	30	1
205	278	30	1
208	278	30	1
235	278	30	1
236	278	30	1
248	278	30	1
249	278	30	1
207	279	30	2
221	279	30	1
234	279	30	1
235	279	30	2
236	279	30	1
239	279	30	1
241	279	30	1
244	279	30	1
250	279	30	1
251	279	30	2
175	280	30	1
236	280	30	1
237	280	30	2
241	280	30	2
247	280	30	1
248	280	30	1
252	280	30	2
173	281	30	1
175	281	30	1
239	281	30	4
243	281	30	1
249	281	30	1
251	281	30	1
179	282	30	1
181	282	30	1
210	282	30	1
213	282	30	1
223	282	30	1
229	282	30	1
234	282	30	1
241	282	30	1
248	282	30	1
251	282	30	1
254	282	30	1
205	283	30	3
232	283	30	1
238	283	30	4
239	283	30	2
240	283	30	1
241	283	30	1
251	283	30	1
252	283	30	2
224	284	30	1
231	284	30	1
240	284	30	3
241.666666666667	284.666666666667	31	1
245	284	30	1
250	284	30	1
252	284	30	1
256	284	30	1
220	285	30	1
223	285	30	2
224	285	30	1
225	285	30	1
226	285	30	1
227	285	30	2
233	285	30	2
234	285	30	1
236	285	30	1
237	285	30	1
245	285.666666666667	31	2
246	285	30	1
180	286	30	1
219	286	30	1
226	286	30	2
227	286	30	1
228	286	30	1
238	286	30	3
239	286	30	1
243	286	30	1
245	286	30	2
252	286	30	1
257	286	30	1
224	287	30	1
228	287	30	1
243	287	30	1
246	287	30	2
248	287	30	1
252	287	30	1
221	288	30	1
229	288	30	1
231	288	30	1
234	288	30	1
237	288	30	1
244	288	30	1
245	288	30	1
249	288	30	1
252	288	30	1
199	289	30	1
224	289	30	1
228	289	30	1
230	289	30	1
232	289	30	3
234	289	30	1
239	289	30	1
245	289	30	1
246	289	30	1
247	289	30	1
250	289	30	1
252	289	30	2
226	290	30	2
231	290	30	1
236	290	30	1
242	290	30	1
244	290	30	1
253	290	30	3
197	291	30	2
222	291	30	1
223	291	30	1
225	291	30	1
232	291	30	2
234	291	30	1
235	291	30	1
237	291	30	1
242	291	30	1
244	291	30	2
245	291	30	1
246	291	30	1
251	291	30	1
197	292	30	1
198	292	30	1
220	292	30	1
230	292	30	1
245	292	30	1
247	292	30	1
249	292	30	2
201	293	30	1
227	293	30	1
232	293	30	1
233	293	30	1
236	293	30	1
243	293	30	1
249	293	30	2
250	293	30	1
226	294	30	1
229	294	30	1
230	294	30	1
233	294	30	1
235	294	30	3
236	294	30	1
238	294	30	1
240	294	30	1
243	294	30	1
245	294	30	2
249	294	30	1
252	294	30	1
258	294	30	1
197	295	30	1
218	295	30	2
221	295	30	1
228	295	30	2
243	295	30	2
244	295	30	1
252	295	30	1
257	295	30	1
232	296	30	1
237	296	30	2
242	296	30	1
247	296	30	1
252	296	30	2
220	297	30	1
223	297	30	1
227	297	30	1
232	297	30	2
250	297	30	1
224	298	30	1
239	298	30	2
249	298	30	1
250	298	30	1
221	299	30	1
224	299	30	1
225	299	30	1
240	299	30	2
241	299	30	1
247	299	30	2
214	300	30	1
218	300	30	1
225	300	30	3
226	300	30	1
233	300	30	1
237	300	30	1
241	300	30	2
242	300	30	1
246	300	30	1
248	300	30	1
224	301	30	1
238	301	30	1
240	301	30	2
241	301	30	1
243	301	30	1
251	301	30	1
223	302	30	2
229	302	30	1
231	302	30	1
237	302	30	1
239	302	30	1
240	302	30	1
242	302	30	1
247	302	30	2
223	303	30	2
241	303	30	1
233	304	30	1
240	304	30	1
242	304	30	1
233	305	30	1
242	305	30	1
238	306	30	1
240	306	30	1
226	249	31	1
215	251	31	1
216	252	31	1
225	252	31	2
229	252	31	1
235	252	31	1
215	253	31	1
233	253	31	1
193	254	31	2
232	254	31	1
191	255	31	1
230	255	31	1
234	255	31	1
236	255	31	1
237	255	31	1
216	256	31	1
236	256	31	1
202	257	31	1
188	258	31	1
205	258	31	1
215	258	31	1
227	258	31	1
228	258	31	1
239	258	31	1
216	259	31	2
230	259	31	2
231	259	31	1
232	259	31	1
237	259	31	1
186	260	31	1
188	260	31	1
209	260	31	1
216	260	31	2
224	260	31	1
237	260	31	1
239	260	31	1
245	260	31	2
246	260	31	1
184	261	31	2
187	261	31	1
188	261	31	1
195	261	31	1
211	261	31	1
226	261	31	3
230	261	31	1
237	261	31	3
239	261	31	1
245	261	31	1
246	261	31	2
193	262	31	1
194	262	31	1
207	262	31	1
211	262	31	1
223	262	31	1
230	262	31	1
235	262	31	1
186	263	31	1
187	263	31	1
194	263	31	1
198	263	31	1
200	263	31	1
211	263	31	1
222	263	31	1
226	263	31	2
227	263	31	1
229	263	31	1
233	263	31	1
236	263	31	1
245	263	31	1
178	264	31	1
185	264	31	1
218	264	31	1
220	264	31	1
223	264	31	1
224	264	31	2
234	264	31	1
238	264	31	1
239	264	31	1
240	264	31	1
245	264	31	1
184	265	31	1
192	265	31	1
194	265	31	1
205	265	31	1
213	265	31	2
214	265	31	1
222	265	31	1
226	265	31	1
233	265	31	1
238	265	31	1
249	265	31	1
191	266	31	1
197	266	31	1
198	266	31	1
213	266	31	1
229	266	31	1
236	266	31	1
251	266	31	1
183	267	31	1
194	267	31	1
197	267	31	1
199	267	31	1
230	267	31	1
232	267	31	1
233	267	31	2
238	267	31	1
246	267	31	1
247	267	31	1
197	268	31	1
198	268	31	2
205	268	31	1
215	268	31	1
218	268	31	1
220	268	31	1
224	268	31	1
225	268	31	1
234	268	31	1
238	268	31	2
242	268	31	1
244	268	31	1
182	269	31	1
183	269	31	1
184	269	31	1
191	269	31	2
193	269	31	1
209	269	31	1
210	269	31	1
213	269	31	1
214	269	31	1
215	269	31	1
230	269	31	1
234	269	31	1
238	269	31	1
240	269	31	1
243	269	31	1
246	269	31	1
249	269	31	1
252	269	31	1
178	270	31	1
181	270	31	1
196	270	31	1
200	270	31	1
212	270	31	2
215	270	31	1
234	270	31	1
237	270	31	1
172	271	31	1
176	271	31	2
182	271	31	1
199	271	31	1
204	271	31	1
212	271	31	2
215	271	31	1
217	271	31	1
232	271	31	1
237	271	31	2
240	271	31	1
246	271	31	2
247	271	31	2
251	271	31	1
182	272	31	1
183	272	31	1
184	272	31	1
185	272	31	1
203	272	31	1
205	272	31	1
206	272	31	1
210	272	31	1
211	272	31	3
216	272	31	2
235	272	31	1
240	272	31	1
241	272	31	1
243	272	31	1
249	272	31	1
176	273	31	1
181	273	31	1
184	273	31	1
212	273	31	2
239	273	31	1
242	273	31	1
180	274	31	1
205	274	31	1
226	274	31	1
232	274	31	1
233	274	31	1
250	274	31	1
182	275	31	1
184	275	31	1
205	275	31	1
206	275	31	2
211	275	31	2
231	275	31	1
235	275	31	1
236	275	31	1
238	275	31	1
184	276	31	1
205	276	31	1
233	276	31	1
236	276	31	1
244	276	31	1
246	276	31	1
252	276	31	1
205	277	31	1
234	277	31	1
237	277	31	2
238	277	31	1
239	277	31	1
240	277	31	1
178	278	31	1
203	278	31	1
204	278	31	1
206	278	31	1
207	278	31	1
208	278	31	2
240	278	31	1
242	278	31	1
243	278	31	1
244	278	31	1
246	278	31	1
247	278	31	1
236	279	31	1
243	279	31	1
249	279	31	1
253	279	31	1
175	280	31	1
181	280	31	1
219	280	31	1
220	280	31	1
235	280	31	2
245	280	31	1
246	280	31	1
249	280	31	2
250	280	31	1
179	281	31	1
181	281	31	1
206	281	31	1
219	281	31	1
222	281	31	1
223	281	31	2
224	281	31	1
243	281	31	2
245	281	31	2
248	281	31	1
251	281	31	1
254	281	31	1
175	282	31	1
220	282	31	1
232	282	31	1
233	282	31	1
238	282	31	2
240	282	31	1
241	282	31	1
247	282	31	1
252	282	31	2
181	283	31	1
219	283	31	1
221	283	31	1
230	283	31	1
231	283	31	1
233	283	31	1
235	283	31	1
236	283	31	1
240	283	31	1
242	283	31	1
243	283	31	1
175	284	31	1
206	284	31	1
219	284	31	2
236	284	31	1
238	284	31	1
241	284	31	1
248	284	31	1
249	284	31	1
257	284	31	1
173	285	31	1
234	285	31	2
247	285	31	1
248	285	31	1
253	285	31	1
256	285	31	1
229	286	31	1
238	286	31	1
240	286	31	1
244	286	31	1
252	286	31	1
187	287	31	1
219	287	31	1
220	287	31	1
223	287	31	1
224	287	31	2
225	287	31	1
229	287	31	1
230	287	31	1
231	287	31	2
234	287	31	1
238	287	31	1
239	287	31	1
240	287	31	1
244	287	31	1
252	287	31	1
253	287	31	1
255	287	31	1
220	288	31	1
233	288	31	1
236	288	31	2
244	288	31	1
247	288	31	1
185	289	31	1
205	289	31	2
225	289	31	2
228	289	31	1
233	289	31	1
235	289	31	2
237	289	31	1
242	289	31	1
243	289	31	1
244	289	31	1
254	289	31	2
200	290	31	1
221	290	31	1
222	290	31	1
225	290	31	1
204	291	31	1
222	291	31	1
226	291	31	1
229	291	31	1
231	291	31	1
235	291	31	1
240	291	31	1
241	291	31	1
242	291	31	1
244	291	31	1
245	291	31	1
197	292	31	1
199	292	31	1
201	292	31	2
232	292	31	1
252	292	31	2
254	292	31	3
256	292	31	2
257	292	31	1
198	293	31	2
225	293	31	1
229	293	31	1
231	293	31	1
232	293	31	1
233	293	31	1
238	293	31	1
242	293	31	1
246	293	31	1
248	293	31	1
251	293	31	2
198	294	31	1
209	294	31	1
221	294	31	1
227	294	31	2
237	294	31	1
240	294	31	1
242	294	31	1
243	294	31	1
252	294	31	1
221	295	31	1
225	295	31	2
228	295	31	1
229	295	31	1
240	295	31	1
241	295	31	1
243	295	31	1
247	295	31	1
248	295	31	1
188	296	31	1
197	296	31	1
222	296	31	1
223	296	31	1
224	296	31	1
235	296	31	1
240	296	31	1
248	296	31	1
252	296	31	1
254	296	31	1
195	297	31	1
231	297	31	2
234	297	31	1
242	297	31	2
243	297	31	1
205	298	31	1
228	298	31	1
229	298	31	1
238	298	31	1
240	298	31	1
249	298	31	1
250	298	31	1
252	298	31	2
230	299	31	1
237	299	31	2
245	299	31	1
248	299	31	1
223	300	31	1
226	300	31	1
232	300	31	1
235	300	31	2
238	300	31	1
241	300	31	1
244	300	31	1
247	300	31	1
248	300	31	1
221	301	31	1
224	301	31	1
225	301	31	1
228	301	31	1
230	301	31	1
234	301	31	2
237	301	31	1
223	302	31	2
226	302	31	1
239	302	31	1
243	302	31	1
231	303	31	2
236	303	31	1
239	303	31	1
243	303	31	1
244	303	31	1
245	303	31	1
238	304	31	1
234	305	31	1
235	305	31	1
240	305	31	2
224	307	31	1
226	309	31	1
226	250	32	1
215	251	32	1
214	252	32	1
217	252	32	1
231	252	32	1
215	253	32	1
218	253	32	1
221	253	32	1
225	253	32	1
227	253	32	1
231	253	32	1
216	254	32	2
226	254	32	2
230	254	32	1
232	254	32	1
235	254	32	1
214	255	32	1
215	255	32	1
217	255	32	1
218	255	32	2
226	255	32	1
232	255	32	1
235	255	32	1
236	255	32	3
238	255	32	2
216	256	32	1
227	256	32	1
229	256	32	2
232	256	32	2
237	256	32	1
192	257	32	1
195	257	32	2
202	257	32	1
209	257	32	2
182	258	32	1
215	258	32	1
216	258	32	1
217	258	32	1
220	258	32	1
228	258	32	1
231	258	32	1
233	258	32	1
237	258	32	1
246	258	32	1
188	259	32	1
191	259	32	3
207	259	32	1
214	259	32	1
216	259	32	3
231	259	32	1
234	259	32	1
182	260	32	1
203	260	32	1
221	260	32	1
230	260	32	1
235	260	32	2
236	260	32	2
244	260	32	1
210	261	32	1
229	261	32	1
242	261	32	1
196	262	32	1
197	262	32	1
221	262.666666666667	33	1
225	262	32	1
230	262	32	1
238	262	32	1
244	262	32	1
249	262	32	1
208	263	32	1
213	263	32	1
222	263	32	1
226	263	32	1
231	263	32	1
233	263	32	1
236	263	32	1
237	263	32	1
245	263	32	2
247	263	32	1
250	263	32	2
251	263	32	1
186	264	32	1
189	264	32	1
190	264	32	1
210	264	32	1
214	264	32	2
215	264	32	1
222	264	32	1
223	264	32	1
227	264	32	1
233	264	32	1
239	264	32	1
245	264	32	3
247	264	32	2
248	264	32	1
184	265	32	1
192	265	32	2
194	265	32	1
198	265	32	1
203	265	32	1
211	265	32	2
212	265	32	1
217	265	32	2
220	265	32	1
221	265	32	1
222	265	32	1
226	265	32	1
229	265	32	1
233	265	32	1
238	265	32	1
178	266	32	2
184	266	32	2
186	266	32	1
189	266	32	1
197	266	32	1
235	266	32	1
245	266	32	1
247	266	32	1
248	266	32	1
183	267	32	1
188	267	32	1
196	267	32	1
209	267	32	1
216	267	32	1
219	267	32	1
221	267	32	1
225	267	32	1
231	267	32	2
239	267	32	1
242	267	32	1
246	267	32	1
247	267	32	1
248	267	32	1
249	267	32	1
252	267	32	1
188	268	32	1
195	268	32	1
211	268	32	1
212	268	32	1
215	268	32	1
216	268	32	1
225	268	32	2
228	268	32	1
231	268	32	1
245	268	32	1
247	268	32	1
248	268	32	2
176	269	32	2
180	269	32	1
181	269	32	2
182	269	32	1
186	269	32	2
213	269	32	1
222	269	32	1
228	269	32	1
239	269	32	1
240	269	32	1
245	269	32	1
173	270	32	3
185	270	32	3
195	270	32	2
196	270	32	2
201	270	32	1
211	270	32	1
231	270	32	1
232	270	32	1
239	270	32	1
241	270	32	1
243	270	32	1
244	270	32	1
245	270	32	1
247	270	32	2
175	271	32	1
176	271	32	1
180	271	32	1
182	271	32	1
188	271	32	1
196	271	32	1
202	271	32	1
206	271	32	1
208	271	32	1
212	271	32	2
215	271	32	1
227	271	32	1
231	271	32	1
234	271	32	1
237	271	32	2
240	271	32	1
244	271	32	1
250	271	32	1
251	271	32	1
182	272	32	1
183	272	32	1
186	272	32	1
198	272	32	1
203	272	32	1
205	272	32	1
214	272	32	1
216	272	32	1
225	272	32	1
228	272	32	1
234	272	32	1
238	272	32	2
246	272	32	1
174	273	32	1
205	273	32	3
208	273	32	1
212	273	32	2
213	273	32	1
234	273	32	1
240	273	32	2
243	273	32	1
246	273	32	1
250	273	32	1
254	273	32	1
179	274	32	1
184	274	32	1
206	274	32	1
208	274	32	3
213	274	32	1
233	274	32	1
234	274	32	1
236	274	32	1
244	274	32	1
246	274	32	2
250	274	32	2
183	275	32	1
184	275	32	1
210	275	32	2
211	275	32	1
236	275	32	1
237	275	32	1
238	275	32	1
174	276	32	1
175	276	32	1
184	276	32	1
204	276	32	1
206	276	32	1
210	276	32	1
228	276	32	1
239	276	32	1
243	276	32	1
205	277	32	1
210	277	32	1
238	277	32	1
242	277	32	1
245	277	32	2
247	277	32	1
249	277	32	1
250	277	32	1
175	278	32	1
176	278	32	1
203	278	32	1
204	278	32	1
225	278	32	1
234	278	32	1
235	278	32	2
239	278	32	1
250	278	32	1
255	278	32	1
177	279	32	1
181	279	32	1
205	279	32	3
219	279	32	1
223	279	32	1
234	279	32	1
236	279	32	2
237	279	32	1
241	279	32	1
244	279	32	1
245	279	32	1
175	280	32	2
177	280	32	1
205	280	32	1
221	280	32	1
223	280	32	3
229	280	32	1
232	280	32	1
238	280	32	2
239	280	32	1
240	280	32	1
241	280	32	1
242	280	32	1
245	280	32	1
173	281	32	1
176	281	32	1
181	281	32	1
186	281	32	1
211	281	32	1
219	281	32	1
234	281	32	1
237	281	32	2
243	281	32	1
250	281	32	2
254	281	32	1
188	282	32	2
223	282	32	1
224	282	32	1
229	282	32	2
237	282	32	2
241	282	32	1
242	282	32	1
244	282	32	1
253	282	32	1
256	282	32	1
175	283	32	1
178	283	32	1
181	283	32	1
208	283	32	2
222	283	32	1
230	283	32	1
239	283	32	1
245	283	32	2
176	284	32	1
208	284	32	1
210	284	32	2
220	284	32	2
221	284	32	1
222	284	32	1
234	284	32	1
236	284	32	1
242	284	32	2
252	284	32	1
176	285	32	1
178	285	32	1
179	285	32	1
182	285	32	1
205	285	32	1
206	285	32	1
231	285	32	2
234	285	32	1
235	285	32	2
241	285	32	1
245	285	32	1
253	285	32	2
177	286	32	2
183	286	32	2
206	286	32	1
207	286	32	2
209	286	32	3
219	286	32	2
228	286	32	1
229	286	32	2
234	286	32	2
236	286	32	1
239	286	32	1
243	286	32	2
187	287	32	1
221	287	32	1
222	287	32	1
223	287	32	1
226	287	32	1
227	287	32	1
230	287	32	1
231	287	32	1
234	287	32	2
244	287	32	1
247	287	32	2
202	288	32	1
203	288	32	2
220	288	32	2
221	288	32	1
227	288	32	1
231	288	32	1
234	288	32	2
236	288	32	1
246	288	32	1
250	288	32	1
185	289	32	1
187	289	32	2
200	289	32	2
223	289	32	1
229	289	32	1
230	289	32	1
233	289	32	1
234	289	32	1
235	289	32	1
237	289	32	1
239	289	32	1
243	289	32	1
199	290	32	1
229	290	32	1
231	290	32	1
237	290	32	1
243	290	32	2
246	290	32	1
248	290	32	1
252	290	32	3
253	290	32	2
198	291	32	2
200	291	32	1
222	291	32	1
231	291	32	1
236	291	32	1
239	291	32	1
244	291	32	1
245	291	32	1
255	291	32	1
256	291	32	2
198	292	32	1
203	292	32	2
218	292	32	1
227	292	32	1
228	292	32	1
236.75	292.75	33	1
243	292	32	1
246	292	32	1
248	292	32	3
251	292	32	1
257	292	32	1
179	293	32	1
216	293	32	1
218	293	32	1
222	293	32	1
224	293	32	3
227	293	32	1
230	293	32	1
233	293	32	1
234	293	32	1
238	293	32	1
241	293	32	1
242	293	32	1
248	293	32	1
250	293	32	1
197	294	32	1
198	294	32	1
199	294	32	1
202	294	32	2
221	294	32	1
225	294	32	1
227	294	32	1
230	295	33	1
233	294	32	2
236	294	32	1
237	294	32	1
238	294	32	1
252	294	32	1
256	294	32	2
217	295	32	1
220	295	32	1
224	295	32	1
227	295	32	1
229	295	32	1
230	295	32	2
236	295	32	1
239	295	32	2
240	295	32	1
243	295	32	1
248	295	32	1
249	295	32	1
250	295	32	2
187	296	32	1
198	296	32	1
200	296	32	2
202	296	32	1
218	296	32	2
225	296	32	2
230	296	32	1
234	296	32	1
235	296	32	1
242	296	32	1
245	296	32	1
247	296	32	1
249	296	32	2
250	296	32	1
225	297	32	1
229	297	32	1
230	297	32	1
233	297	32	2
237	297	32	2
247	297	32	1
250	297	32	1
199	298	32	1
219	298	32	1
223	298	32	1
230	298	32	1
238	298	32	1
239	298	32	1
244	298	32	1
246	298	32	1
253	298	32	1
228	299	32	1
231	299	32	1
235	299	32	1
237	299	32	1
240	299	32	1
242	299	32	1
244	299	32	1
247	299	32	1
196	300	32	1
227	300	32	1
235	300	32	1
245	300	32	1
246	300	32	1
247	300	32	1
196	301	32	1
239	301	32	1
243	301	32	1
244	301	32	2
246	301	32	2
223	302	32	1
224	302	32	2
229	302	32	1
240	302	32	1
241	302	32	1
245	302	32	1
226	303	32	1
239	303	32	1
225	304	32	1
231	304	32	1
235	304	32	1
239	304	32	1
243	304	32	2
245	304	32	1
226	305	32	1
234	305	32	1
208	306	32	2
224	306	32	1
237	306	32	1
242	306	32	1
206	307	32	1
221	307	32	1
225	307	32	2
237	307	32	1
220	308	32	1
223	308	32	1
227	308	32	2
229	308	32	1
235	308	32	1
236	308	32	2
227	309	32	1
232	309	32	1
235	309	32	1
227	310	32	2
229	310	32	1
230	310	32	2
233	310	32	1
225	311	32	1
232	249	33	1
227	251	33	1
230	251	33	2
223	252	33	1
231	252	33	2
240	252	33	1
217	253	33	1
221	253	33	1
220	254	33	1
225	254	33	1
226	254	33	1
227	254	33	1
230	254	33	1
231	254	33	1
235	254	33	1
239	254	33	1
218	255	33	2
221	255	33	2
223	255	33	1
221	256	33	2
222	256	33	1
232	256	33	1
215	257	33	1
222	257	33	1
227	257	33	2
239	257	33	1
215	258	33	1
223	258	33	1
231	258	33	1
234	258	33	2
235	258	33	2
242	258	33	1
189	259	33	1
194	259	33	2
201	259	33	1
209	259	33	1
216	259	33	1
217	259	33	1
225	259	33	1
226	259	33	1
228	259	33	1
237	259	33	1
239	259	33	1
243	259	33	1
212	260	33	2
217	260	33	2
220	260	33	2
231	260	33	1
233	260	33	1
246	260	33	1
188	261	33	1
193	261	33	1
205	261	33	1
211	261	33	2
217.5	261.5	33.5	1
227	261	33	1
228	261	33	1
229	261	33	1
231	261	33	1
234	261	33	1
235	261	33	1
238	261	33	2
240	261	33	1
242	261	33	1
244	261	33	1
203	262	33	1
209	262	33	1
215	262	33	1
218	262	33	1
224	262	33	1
226	262	33	1
228	262	33	1
233	262	33	2
236	262	33	1
238	262	33	2
241	262	33	1
242	262	33	2
246	262	33	1
185	263	33	1
188	263	33	2
189	263	33	1
193	263	33	2
212	263	33	1
213	263	33	2
217	263	33	2
218	263	33	1
222	263	33	1
223	263	33	4
228	263	33	1
240	263	33	2
243	263	33	1
249	263	33	1
188	264	33	2
189	264	33	1
190	264	33	1
193	264	33	2
195	264	33	1
209	264	33	1
211	264	33	2
214	264	33	1
216	264	33	1
218	264	33	1
223	264	33	1
233	264	33	1
235	264	33	1
238	264	33	1
239	264	33	1
245	264	33	1
246	264	33	1
247	264	33	1
248	264	33	1
189	265	33	1
192	265	33	2
194	265	33	2
220	265	33	2
221	265	33	1
224	265	33	1
226	265	33	1
239	265	33	1
242	265	33	1
244	265	33	1
247	265	33	1
188	266	33	3
191	266	33	1
197	266	33	1
208	266	33	1
211	266	33	1
215	266	33	2
218	266	33	1
219	266	33	1
220	266	33	2
239	266	33	1
246	266	33	1
249	266	33	1
250	266	33	1
188	267	33	1
192	267	33	2
193	267	33	1
220	267	33	1
225	267	33	1
226	267	33	1
227	267	33	1
246	267	33	1
248	267	33	1
183	268	33	1
188	268	33	1
191	268	33	1
192	268	33	1
193	268	33	1
195	268	33	1
196	268	33	1
206	268	33	1
207	268	33	1
208	268	33	1
209	268	33	1
211	268	33	1
212	268	33	1
213	268	33	1
214	268	33	1
218	268	33	1
219	268	33	1
220	268	33	1
224	268	33	1
231	268	33	1
235	268	33	1
245	268	33	1
184	269	33	1
185	269	33	1
187	269	33	1
211	269	33	1
215	269	33	1
219	269	33	1
235	269	33	1
241	269	33	1
243	269	33	2
174	270	33	1
184	270	33	1
188	270	33	1
194	270	33	3
207	270	33	1
210	270	33	2
212	270	33	2
215	270	33	1
223	270	33	1
233	270	33	1
244	270	33	1
248	270	33	1
249	270	33	1
252	270	33	1
175	271	33	1
177	271	33	2
178	271	33	1
182	271	33	1
185	271	33	1
187	271	33	1
204	271	33	2
208	271	33	1
210	271	33	1
215	271	33	1
231	271	33	3
235	271	33	2
238	271	33	1
239	271	33	1
240	271	33	1
243	271	33	1
244	271	33	2
246	271	33	2
173	272	33	1
177	272	33	2
185	272	33	1
187	272	33	1
201	272	33	1
204	272	33	1
216	272	33	1
231	272	33	1
241	272	33	1
245	272	33	1
250	272	33	1
251	272	33	1
254	272	33	1
173	273	33	1
189	273	33	1
204	273	33	2
211	273	33	1
227	273	33	1
230	273	33	3
235	273	33	1
241	273	33	1
247	273	33	1
249	273	33	1
170	274	33	2
174	274	33	1
182	274	33	1
186	274	33	1
190	274	33	1
201	274	33	1
204	274	33	1
210	274	33	1
217	274	33	1
229	274	33	1
235	274	33	1
176	275	33	1
185	275	33	1
188	275	33	1
206	275	33	1
210	275	33	1
214	275	33	2
217	275	33	1
243	275	33	1
246	275	33	3
250	275	33	3
176	276	33	1
189	276	33	1
206	276	33	1
214	276	33	1
215	276	33	2
241	276	33	1
242	276	33	2
243	276	33	1
244	276	33	2
176	277	33	1
178	277	33	1
180	277	33	1
202	277	33	2
205	277	33	2
207	277	33	1
209	277	33	1
210	277	33	1
211	277	33	1
224	277	33	1
232	277	33	1
244	277	33	1
245	277	33	1
247	277	33	1
174	278	33	1
177	278	33	1
204	278	33	1
207	278	33	1
211	278	33	2
238	278	33	1
239	278	33	1
244	278	33	1
245	278	33	1
176	279	33	1
201	279	33	1
220	279	33	3
222	279	33	1
241	279	33	1
243	279	33	1
248	279	33	1
249	279	33	1
174	280	33	1
175	280	33	1
177	280	33	1
203	280	33	1
207	280	33	1
210	280	33	1
211	280	33	1
214	280	33	1
217	280	33	1
220	280	33	1
223	280	33	1
225	280	33	1
226	280	33	1
239	280	33	1
246	280	33	1
248	280	33	1
249	280	33	1
173	281	33	1
176	281	33	1
178	281	33	1
179	281	33	1
186	281	33	1
204	281	33	2
208	281	33	1
217	281	33	1
219	281	33	3
222	281	33	1
223	281	33	1
225	281	33	2
234	281	33	1
248	281	33	1
175	282	33	1
178	282	33	2
179	282	33	1
188	282	33	1
207	282	33	2
209	282	33	1
211	282	33	2
212	282	33	1
213	282	33	1
220	282	33	3
226	282	33	1
235	282	33	1
245	282	33	1
247	282	33	1
248	282	33	2
251	282	33	1
176	283	33	1
179	283	33	1
181	283	33	1
183	283	33	1
185	283	33	1
204	283	33	2
211	283	33	3
218	283	33	1
220	283	33	1
227	283	33	1
228	283	33	1
230	283	33	1
233	283	33	1
239	283	33	1
240	283	33	1
241	283	33	1
186	284	33	2
207	284	33	1
210	284	33	2
211	284	33	1
220	284	33	1
221	284	33	1
224	284	33	1
229	284	33	1
231	284	33	1
234	284	33	1
237	284	33	1
240	284	33	1
244	284	33	1
248	284	33	1
249	284	33	3
176	285	33	1
206	285	33	2
208	285	33	3
219	285	33	1
222	285	33	1
225	285	33	1
227	285	33	2
232	285	33	1
240	285	33	1
242	285	33	3
243	285	33	1
245	285	33	1
246	285	33	1
253	285	33	1
206	286	33	1
220	286	33	1
225	286	33	1
230	286	33	1
235	286	33	1
236	286	33	2
237	286	33	1
238	286	33	1
241.5	286.5	33.5	2
242	286	33	2
243	286	33	1
246	286	33	1
252	286	33	1
185	287	33	2
198	287	33	1
228	287	33	1
229	287	33	1
230	287	33	1
245	287	33	2
247	287	33	1
184	288	33	1
196	288	33	2
202	288	33	1
223	288	33	1
226	288	33	2
236	288	33	3
249	288	33	1
257	288	33	1
186	289	33	1
222	289	33	1
223	289	33	1
230	289	33	2
231	289	33	1
232	289	33	1
234	289	33	1
245	289	33	1
247	289	33	2
187	290	33	1
199	290	33	1
202	290	33	1
207	290	33	1
228	290	33	1
230	290	33	1
232	290	33	1
234	290	33	1
238	290	33	1
242	290	33	1
246	290	33	1
255	290	33	1
197	291	33	2
203	291	33	1
232	291	33	1
237	291	33	1
241	291	33	1
242	291	33	1
246	291	33	1
247	291	33	3
201	292	33	1
202	292	33	2
228	292	33	2
229	292	33	1
246	292	33	4
247	292	33	1
249	292	33	1
185	293	33	1
223	293	33	1
228	293	33	1
231	293	33	2
243	293	33	2
244	293	33	1
177	294	33	1
195	294	33	1
199	294	33	1
223	294	33	1
231	294	33	3
235	294	33	1
243	294	33	1
225	295	33	1
229	295	33	1
238	295	33	1
243	295	33	1
248	295	33	1
253	295	33	1
199	296	33	1
220	296	33	1
222	296	33	1
223	296	33	1
225	296	33	2
231	296	33	1
233	296	33	2
245	296	33	1
202	297	33	1
227	297	33	3
231	297	33	1
232	297	33	1
235	297	33	1
236	297	33	2
246	297	33	2
220	298	33	2
228	298	33	1
231	298	33	2
234	298	33	2
235	298	33	1
236	298	33	1
239	298	33	1
242	298	33	1
243	298	33	1
201	299	33	1
222	299	33	1
223	299	33	2
224	299	33	1
229	299	33	1
230	299	33	1
232	299	33	1
236	299	33	1
243	299	33	1
225	300	33	1
226	300	33	2
227	300	33	1
229	300	33	2
231	300	33	1
235	300	33	1
246	300	33	1
247	300	33	1
224	301	33	1
228	301	33	1
235	301	33	1
239	301	33	1
240	301	33	1
245	301	33	1
246	301	33	1
249	301	33	2
209	302	33	1
211	302	33	1
226	302	33	3
231	302	33	1
234	302	33	1
222	303	33	1
223	303	33	2
229	303	33	1
241	303	33	1
242	303	33	1
206	304	33	1
220	304	33	1
223	304	33	1
229	304	33	1
232	304	33	1
237	304	33	1
208	305	33	1
222	305	33	1
225	305	33	1
227	305	33	1
230	305	33	2
234	305	33	2
235	305	33	1
237	305	33	1
223	306	33	1
231	306	33	1
222	307	33	2
224	307	33	1
217	308	33	1
220	308	33	3
224	308	33	1
227	308	33	2
233	308	33	2
235	308	33	2
237	308	33	2
240	308	33	1
221	309	33	1
223	309	33	2
224	309	33	1
225	309	33	1
228	309	33	1
229	309	33	1
234	309	33	1
235	309	33	1
221	310	33	1
224	310	33	1
227	310	33	2
228	310	33	3
229	310	33	1
226	311	33	1
231	311	33	1
233	311	33	1
238	311	33	1
231	312	33	2
232	312	33	2
230	313	33	1
237	313	33	2
230	314	33	1
232	314	33	1
235	314	33	1
229	251	34	1
225	252	34	1
226	252	34	1
227	252	34	1
228	252	34	1
226	253	34	2
219	254	34	1
233	254	34	1
218	255	34	1
223	255	34	1
227	255	34	1
230	255	34	1
218	256	34	1
221	256	34	1
224	256	34	2
227	256	34	2
233	256	34	1
237	256	34	1
241	256	34	1
227	257	34	2
241	257	34	1
200	258	34	2
212	258	34	1
216	258	34	1
221	258	34	1
227	258	34	1
234	258	34	1
235	258	34	1
239	258	34	1
244	258	34	1
209	259	34	1
216	259	34	1
218	259	34	1
228	259	34	2
230	259	34	1
232	259	34	1
233	259	34	1
234	259	34	1
244	259	34	2
211	260	34	1
214	260	34	3
216	260	34	1
225	260	34	2
230	260	34	1
238	260	34	1
243	260	34	2
195	261	34	1
211	261	34	1
215	261	34	1
217	261	34	1
220	261	34	1
222	261	34	2
223	261	34	1
228	261	34	2
230	261	34	1
232	261	34	2
242	261	34	2
190	262	34	2
194	262	34	1
224	262	34	2
228	262	34	1
230	262	34	1
235	262	34	1
240	262	34	1
243	262	34	1
244	262	34	1
246	262	34	1
250	262	34	2
189	263	34	1
197	263	34	1
204	263	34	2
206	263	34	1
216	263	34	1
219	263	34	1
223	263	34	1
225	263	34	1
226	263	34	1
240	263	34	1
252	263	34	1
187	264	34	1
188	264	34	1
192	264	34	2
193	264	34	1
194	264	34	1
200	264	34	1
205	264	34	1
209	264	34	1
210	264	34	1
214	264	34	1
219	264	34	2
222	264	34	1
223	264	34	1
224	264	34	1
226	264	34	1
227	264	34	1
236	264	34	1
237	264	34	1
240	264	34	1
244	264	34	1
245	264	34	1
248	264	34	2
187	265	34	1
190	265	34	1
193	265	34	1
211	265	34	1
222	265	34	1
244	265	34	1
248	265	34	1
249	265	34	1
251	265	34	1
175	266	34	2
184	266	34	1
188	266	34	1
195	266	34	1
196	266	34	2
197	266	34	1
204	266	34	1
214	266	34	1
220	266	34	1
227	266	34	1
235	266	34	1
237	266	34	1
242	266	34	4
246	266	34	1
250	266	34	2
251	266	34	2
252	266	34	1
183	267	34	1
186	267	34	3
193	267	34	1
206	267	34	3
210	267	34	1
211	267	34	1
215	267	34	1
216	267	34	2
217	267	34	1
223	267	34	1
229	267	34	2
231	267	34	2
235	267	34	1
246	267	34	2
247	267	34	1
249	267	34	1
250	267	34	2
173	268	34	1
191	268	34	2
193	268	34	1
195	268	34	2
214	268	34	1
218	268	34	1
221	268	34	1
227	268	34	2
231	268	34	1
240	268	34	1
242	268	34	1
171	269	34	1
183	269	34	1
184	269	34	2
185	269	34	1
194	269	34	1
204	269	34	1
209	269	34	1
210	269	34	2
212	269	34	1
222	269	34	1
235	269	34	1
241	269	34	1
242	269	34	1
249	269	34	1
250	269	34	1
180	270	34	1
185	270	34	1
187	270	34	1
192	270	34	1
194	270	34	1
196	270	34	2
199	270	34	1
216	270	34	1
218	270	34	1
223	270	34	1
241	270	34	1
243	270	34	1
245	270	34	1
248	270	34	1
249	270	34	1
251	270	34	1
173	271	34	1
179	271	34	1
186	271	34	1
188	271	34	1
189	271	34	3
206	271	34	1
210	271	34	2
212	271	34	1
230	271	34	2
239	271	34	1
242	271	34	1
243	271	34	1
248	271	34	2
173	272	34	1
177	272	34	1
180	272	34	1
182	272	34	1
183	272	34	1
186	272	34	2
188	272	34	1
203	272	34	1
211	272	34	1
216	272	34	1
226	272	34	1
236	272	34	1
239	272	34	1
241	272	34	1
245	272	34	1
248	272	34	1
170	273	34	2
173	273	34	1
181	273	34	1
184	273	34	1
186	273	34	1
197	273	34	1
205	273	34	1
207	273	34	1
211	273	34	1
212	273	34	1
216	273	34	1
241	273	34	1
245	273	34	1
176	274	34	1
180	274	34	1
183	274	34	2
186	274	34	2
204	274	34	1
206	274	34	1
207	274	34	1
210	274	34	1
216	274	34	1
217	274	34	1
218	274	34	1
229	274	34	2
231	274	34	1
237	274	34	1
239	274	34	1
250	274	34	1
179	275	34	1
183	275	34	1
185	275	34	1
201	275	34	1
206	275	34	1
207	275	34	1
208	275	34	1
209	275	34	1
213	275	34	1
215	275	34	1
217	275	34	1
219	275	34	1
226	275	34	1
227	275	34	1
231	275	34	1
233	275	34	1
238	275	34	1
240	275	34	1
177	276	34	1
203	276	34	1
206	276	34	1
209	276	34	1
210	276	34	1
219	276	34	1
235	276	34	1
244	276	34	2
245	276	34	1
250	276	34	1
184	277	34	1
189	277	34	1
202	277	34	1
204	277	34	1
205	277	34	2
209	277	34	1
211	277	34	1
212	277	34	1
215	277	34	2
229	277	34	1
237	277	34	1
175	278	34	1
186	278	34	1
193	278	34	1
201	278	34	2
204	278	34	1
206	278	34	1
208	278	34	2
210	278	34	1
211	278	34	1
226	278	34	1
234	278	34	1
239	278	34	1
243	278	34	2
175	279	34	1
180	279	34	1
203	279	34	1
204	279	34	1
208	279	34	1
217	279	34	1
227	279	34	1
236	279	34	1
238	279	34	1
241	279	34	1
244	279	34	1
245	279	34	1
249	279	34	1
175	280	34	1
176	280	34	1
178	280	34	1
193	280	34	1
206	280	34	1
233	280	34	1
234	280	34	2
236	280	34	2
245	280	34	1
246	280	34	2
248	280	34	1
173	281	34	2
174	281	34	1
175	281	34	1
202	281	34	3
203	281	34	1
206	281	34	1
208	281	34	2
210	281	34	1
213	281	34	1
221	281	34	1
226	281	34	1
227	281	34	1
229	281	34	1
231	281	34	1
244	281	34	1
178	282	34	1
181	282	34	2
188	282	34	1
189	282	34	1
208	282	34	2
210	282	34	1
212	282	34	2
215	282	34	1
218	282	34	1
220	282	34	1
222	282	34	1
224	282	34	1
226	282	34	1
232	282	34	1
233	282	34	1
245	282	34	2
248	282	34	1
251	282	34	1
175	283	34	2
179	283	34	1
204	283	34	2
208	283	34	1
211	283	34	1
215	283	34	1
223	283	34	1
224	283	34	1
230	283	34	1
231	283	34	1
235	283	34	2
240	283	34	1
245	283	34	1
247	283	34	1
250	283	34	2
253	283	34	1
185	284	34	2
191	284	34	1
203	284	34	1
205	284	34	1
207	284	34	1
208	284	34	2
209	284	34	1
210	284	34	1
222	284	34	1
223	284	34	1
224	284	34	1
225	284	34	1
226	284	34	1
227	284	34	1
234	284	34	1
237	284	34	1
241	284	34	1
243	284	34	1
245	284	34	1
248	284	34	2
177	285	34	1
181	285	34	2
187	285	34	1
203	285	34	1
205	285	34	1
206	285	34	1
209	285	34	2
211	285	34	1
220	285	34	1
223	285	34	2
232	285	34	2
237	285	34	2
189	286	34	1
199	286	34	1
202	286	34	1
203	286	34	1
204	286	34	3
207	286	34	1
208	286	34	1
224	286	34	1
227	286	34	1
237	286	34	1
239	286	34	1
240	286	34	1
242	286	34	1
247	286	34	1
248	286	34	1
184	287	34	1
188	287	34	1
209	287	34	1
219	287	34	1
220	287	34	1
221	287	34	1
223	287	34	1
224	287	34	1
225	287	34	2
227	287	34	1
234	287	34	1
235	287	34	1
241	287	34	2
245	287	34	1
247	287	34	1
251	287	34	1
252	287	34	1
200	288	34	1
205	288	34	1
206	288	34	1
220	288	34	1
223	288	34	1
226	288	34	1
227	288	34	1
228	288	34	1
231	288	34	1
240	288	34	1
247	288	34	1
185	289	34	1
198	289	34	1
199	289	34	1
202	289	34	2
223	289	34	1
226	289	34	1
233	289	34	1
235	289	34	1
238	289	34	2
245	289	34	1
197	290	34	1
204	290	34	1
223	290	34	1
229	290	34	1
230	290	34	1
239	290	34	2
248	290	34	1
199	291	34	1
222	291	34	1
223	291	34	1
239	291	34	1
245	291	34	2
246	291	34	1
248	291	34	1
249	291	34	1
250	291	34	1
187	292	34	1
196	292	34	2
199	292	34	1
200	292	34	1
204	292	34	1
228	292	34	1
229	292	34	2
237	292	34	1
182	293	34	1
188	293	34	3
204	293	34	1
227	293	34	1
237	293	34	1
238	293	34	1
241	293	34	1
242	293	34	2
177	294	34	1
183	294	34	1
217	294	34	1
220	294	34	1
237	294	34	1
242	294	34	1
245	294	34	1
246	294	34	1
179	295	34	1
194	295	34	1
203	295	34	1
204	295	34	1
218	295	34	1
222	295	34	1
228	295	34	2
230	295	34	2
184	296	34	2
191	296	34	1
194	296	34	2
198	296	34	1
199	296	34	1
217	296	34	1
221	296	34	1
225	296	34	1
236	296	34	1
240	296	34	1
241	296	34	1
179	297	34	1
194	297	34	1
196	297	34	1
199	297	34	1
202	297	34	1
220	297	34	1
229	297	34	1
233	297	34	1
234	297	34	2
236	297	34	1
237	297	34	1
243	297	34	1
244	297	34	1
223	298	34	1
237	298	34	1
239	298	34	2
241	298	34	1
245	298	34	1
246	298	34	2
199	299	34	2
200	299	34	2
229	299	34	1
239	299	34	2
242	299	34	1
230	300	34	1
233	300	34	2
243	300	34	2
198	301	34	1
225	301	34	1
231	301	34	2
242	301	34	1
244	301	34	1
228	302	34	1
235	302	34	1
239	302	34	2
226	303	34	1
229	303	34	1
232	303	34	1
236	303	34	1
239	303	34	1
240	303	34	1
241	303	34	1
194	304	34	1
227	304	34	1
236	304	34	1
241	304	34	1
222	305	34	2
227	305	34	1
229	305	34	1
235	305	34	1
237	305	34	1
198	306	34	1
203	306	34	1
223	306	34	2
226	306	34	1
227	306	34	2
238	306	34	1
241	306	34	1
201	307	34	1
221	307	34	1
224	307	34	1
225	307	34	1
230	307	34	1
232	307	34	1
234	307	34	1
235	307	34	1
237	307	34	1
222	308	34	1
225	308	34	1
232	308	34	1
237	308	34	1
240	308	34	1
241	308	34	2
222	309	34	1
225	309	34	3
227	309	34	1
232	309	34	1
234	309	34	1
216	310	34	1
222	310	34	1
226	310	34	1
227	310	34	2
228	310	34	1
240	310	34	1
222	311	34	1
212	313	34	1
221	313	34	1
224	313	34	1
225	313	34	2
226	313	34	2
228	313	34	1
232	313	34	1
233	313	34	1
236	313	34	1
228	314	34	1
229	314	34	1
230	314	34	2
227	315	34	1
228	315	34	2
231	315	34	1
233	315	34	1
228	316	34	2
233	316	34	1
211	318	34	1
229	250	35	1
224	251	35	1
223	252	35	1
225	252	35	2
219	253	35	1
224	253	35	1
225	253	35	2
226	253	35	1
229	253	35	1
221	254	35	1
223	254	35	1
224	254	35	1
225	254	35	1
226	254	35	1
235	254	35	1
218	255	35	1
220	255	35	1
225	255	35	1
227	255	35	2
220	256	35	1
221	256	35	1
223	256	35	1
226	256	35	1
228	256	35	1
229	256	35	2
230	256	35	2
209	257	35	1
210	257	35	1
215	257	35	1
223	257	35	1
225	257	35	1
226	257	35	2
239	257	35	1
217	258	35	2
223	258	35	1
225	258	35	1
229	258	35	1
242	258	35	1
219	259	35	1
220	259	35	1
221	259	35	1
224	259	35	2
225	259	35	1
231	259	35	1
233	259	35	1
234	259	35	2
238	259	35	1
241	259	35	1
242	259	35	1
244	259	35	1
191	260	35	1
210	260	35	1
214	260	35	1
223	260	35	1
229	260	35	2
230	260	35	1
231	260	35	1
233	260	35	1
234	260	35	1
237	260	35	4
238	260	35	1
239	260	35	1
245	260	35	1
247	260	35	1
189	261	35	1
213	261	35	1
216	261	35	1
219	261	35	2
224	261	35	2
227	261	35	1
229	261	35	1
230	261	35	1
234	261	35	1
236	261	35	1
242	261	35	1
243	261	35	1
193	262	35	1
206	262	35	1
210	262	35	1
211	262	35	1
213	262	35	1
220	262	35	1
221	262	35	1
228	262	35	2
231	262	35	1
232	262	35	1
238	262	35	1
241	262	35	1
192	263	35	1
196	263	35	2
210	263	35	1
213	263	35	2
214	263	35	1
218	263	35	1
219	263	35	1
224	263	35	2
230	263	35	1
243	263	35	2
246	263	35	1
248	263	35	2
249	263	35	1
250	263	35	1
192	264	35	3
200	264	35	1
211	264	35	3
212	264	35	1
217	264	35	1
218	264	35	2
220	264	35	2
225	264	35	1
226	264	35	1
228	264	35	3
234	264	35	1
238	264	35	3
245	264	35	1
250	264	35	1
178	265	35	1
184	265	35	1
189	265	35	2
190	265	35	1
194	265	35	1
205	265	35	1
208	265	35	1
209	265	35	1
213	265	35	1
214	265	35	1
216	265	35	1
217	265	35	1
221	265	35	1
225	265	35	1
232	265	35	1
233	265	35	1
234	265	35	1
239	265	35	1
241	265	35	1
243	265	35	2
183	266	35	1
184	266	35	2
190	266	35	1
192	266	35	1
195	266	35	2
204	266	35	1
205	266	35	2
206	266	35	2
208	266	35	3
209	266	35	1
210	266	35	1
214	266	35	1
219	266	35	1
220	266	35	1
221	266	35	1
224	266	35	1
226	266	35	2
229	266	35	1
242	266	35	2
245	266	35	1
250	266	35	1
184	267	35	1
186	267	35	1
196	267	35	1
206	267	35	3
217	267	35	1
218	267	35	1
222	267	35	1
223	267	35	1
226	267	35	1
235	267	35	1
238	267	35	2
245	267	35	1
177	268	35	1
189	268	35	1
202	268	35	1
207	268	35	1
208	268	35	1
209	268	35	1
215	268	35	1
217	268	35	1
225	268	35	1
240	268	35	3
245	268	35	1
248	268	35	1
250	268	35	1
172	269	35	1
178	269	35	1
181	269	35	1
191	269	35	1
197	269	35	3
214	269	35	2
215	269	35	2
244	269	35	1
248	269	35	2
249	269	35	1
250	269	35	1
181	270	35	1
185	270	35	1
186	270	35	1
191	270	35	1
195	270	35	2
202	270	35	2
207	270	35	1
210	270	35	1
211	270	35	1
216	270	35	1
221	270	35	1
238	270	35	1
239	270	35	1
245	270	35	1
246	270	35	1
248	270	35	1
171	271	35	1
173	271	35	1
177	271	35	2
181	271	35	3
187	271	35	1
188	271	35	1
194	271	35	3
199	271	35	1
214	271	35	2
218	271	35	1
219	271	35	1
231	271	35	1
233	271	35	1
238	271	35	1
240	271	35	2
241	271	35	1
242	271	35	1
243	271	35	1
176	272	35	1
197	272	35	2
205	272	35	1
207	272	35	1
213	272	35	1
215	272	35	1
231	272	35	1
235	272	35	1
238	272	35	1
241	272	35	1
243	272	35	1
173	273	35	1
176	273	35	1
178	273	35	1
179	273	35	1
181	273	35	1
183	273	35	1
184	273	35	2
185	273	35	2
186	273	35	1
204	273	35	2
208	273	35	1
215	273	35	1
216	273	35	2
218	273	35	1
228	273	35	1
231	273	35	1
248	273	35	1
171	274	35	1
178	274	35	1
181	274	35	1
185	274	35	1
187	274	35	1
201	274	35	2
211	274	35	1
218	274	35	1
231	274	35	1
232	274	35	1
233	274	35	1
235	274	35	1
238	274	35	1
241	274	35	3
243	274	35	1
245	274	35	3
178	275	35	3
184	275	35	1
185	275	35	1
207	275	35	2
210	275	35	1
213	275	35	1
218	275	35	1
220	275	35	1
231	275	35	1
235	275	35	1
175	276	35	1
177	276	35	1
203	276	35	1
209	276	35	2
210	276	35	1
211	276	35	1
212	276	35	1
217	276	35	1
218	276	35	1
220	276	35	1
233	276	35	2
240	276	35	1
244	276	35	1
176	277	35	2
206	277	35	1
208	277	35	2
218	277	35	1
219	277	35	1
220	277	35	1
229	277	35	1
230	277	35	2
235	277	35	1
244	277	35	1
248	277	35	1
174	278	35	1
175	278	35	2
178	278	35	1
187	278	35	2
198	278	35	2
202	278	35	1
210	278	35	1
214	278	35	1
222	278	35	1
223	278	35	1
229	278	35	1
230	278	35	2
233	278	35	1
177	279	35	1
193	279	35	1
205	279	35	1
210	279	35	1
214	279	35	2
217	279	35	1
227	279	35	1
235	279	35	2
237	279	35	1
179	280	35	3
180	280	35	1
191	280	35	1
203	280	35	2
205	280	35	1
210	280	35	1
220	280	35	3
226	280	35	2
174	281	35	1
207	281	35	1
208	281	35	1
212	281	35	1
213	281	35	1
216	281	35	1
219	281	35	1
224	281	35	1
230	281	35	1
234	281	35	2
239	281	35	1
244	281	35	1
190	282	35	1
209	282	35	1
214	282	35	1
218	282	35	1
219	282	35	2
221	282	35	1
225	282	35	1
242	282	35	2
245	282	35	2
173	283	35	1
175	283	35	2
180	283	35	1
183	283	35	1
203	283	35	2
204	283	35	1
205	283	35	1
207	283	35	1
208	283	35	2
216	283	35	1
218	283	35	2
227	283	35	1
236	283	35	2
238	283	35	1
241	283	35	1
246	283	35	1
250	283	35	1
185	284	35	1
188	284	35	1
189	284	35	1
203	284	35	1
206	284	35	1
207	284	35	1
209	284	35	1
214	284	35	1
215	284	35	1
216	284	35	1
218	284	35	1
219	284	35	1
221	284	35	1
222	284	35	1
225	284	35	1
226	284	35	1
234	284	35	1
235	284	35	1
236	284	35	1
242	284	35	1
180	285	35	1
182	285	35	1
185	285	35	1
189	285	35	1
200	285	35	1
203	285	35	1
205	285	35	1
208	285	35	1
217	285	35	1
218	285	35	1
236	285	35	1
240	285	35	2
246	285	35	1
174	286	35	1
178	286	35	1
185	286	35	2
188	286	35	1
199	286	35	2
200	286	35	1
202	286	35	1
204	286	35	1
207	286	35	1
211	286	35	1
215	286	35	1
218	286	35	2
224	286	35	2
233	286	35	1
244	286	35	2
175	287	35	1
187	287	35	1
194	287	35	2
196	287	35	1
198	287	35	1
199	287	35	1
200	287	35	1
206	287	35	1
208	287	35	1
221	287	35	1
225	287	35	1
233	287	35	1
236	287	35	3
237	287	35	2
247	287	35	1
183	288	35	2
186	288	35	1
189	288	35	1
199	288	35	2
201	288	35	1
204	288	35	1
219	288	35	2
220	288	35	1
223	288	35	1
230	288	35	1
236	288	35	1
238	288	35	1
242	288	35	1
185	289	35	1
189	289	35	2
190	289	35	1
199	289	35	1
200	289	35	2
222	289	35	1
225	289	35	1
228	289	35	1
236	289	35	1
237	289	35	2
243	289	35	1
247	289	35	1
187	290	35	1
204	290	35	1
205	290	35	2
206	290	35	1
224	290	35	1
231	290	35	1
232	290	35	2
238	290	35	2
242	290	35	1
183	291	35	1
185	291	35	1
194	291	35	1
196	291	35	1
198	291	35	1
204	291	35	1
206	291	35	1
226	291	35	1
236	291	35	1
237	291	35	1
247	291	35	1
183	292	35	1
188	292	35	1
197	292	35	1
204	292	35	1
220	292	35	1
221	292	35	1
223	292	35	1
225	292	35	1
226	292	35	1
229	292	35	1
232	292	35	2
233	292	35	1
238	292	35	2
243	292	35	1
247	292	35	1
248	292	35	1
182	293	35	1
185	293	35	1
201	293	35	1
203	293	35	1
204	293	35	1
218	293	35	1
223	293	35	2
225	293	35	1
230	293	35	1
231	293	35	1
233	293	35	1
238	293	35	2
242	293	35	1
246	293	35	1
188	294	35	1
195	294	35	1
199	294	35	1
204	294	35	1
218	294	35	1
220	294	35	1
228	294	35	1
234	294	35	1
237	294	35	2
181	295	35	1
191	295	35	1
197	295	35	1
204	295	35	1
226	295	35	1
245	295	35	1
177	296	35	1
181	296	35	1
196	296	35	2
198	296	35	1
201	296	35	1
202	296	35	1
205	296	35	1
220	296	35	1
222	296	35	1
229	296	35	1
235	296	35	3
236	296	35	1
242	296	35	1
196	297	35	1
197	297	35	1
199	297	35	2
229	297	35	1
235	297	35	1
236	297	35	1
239	297	35	2
242	297	35	2
243	297	35	1
244	297	35	1
247	297	35	1
248	297	35	1
191	298	35	1
194	298	35	1
200	298	35	1
220	298	35	1
229	298	35	1
195	299	35	1
235	299	35	1
236	299	35	1
239	299	35	1
240	299	35	2
241	299	35	1
242	299	35	2
195	300	35	2
224	300	35	1
226	300	35	1
227	300	35	1
228	300	35	1
229	300	35	1
236	300	35	1
237	300	35	1
239	300	35	1
241	300	35	1
194	301	35	1
198	301	35	1
227	301	35	1
228	301	35	1
233	301	35	2
238	301	35	1
241	301	35	1
242	301	35	1
243	301	35	1
199	302	35	1
231	302	35	1
233	302	35	2
234	302	35	1
238	302	35	1
240	302	35	1
227	303	35	1
233	303	35	1
234	303	35	1
238	303	35	1
241	303	35	2
243	303	35	1
244	303	35	1
207	304	35	1
221	304	35	1
225	304	35	2
239	304	35	1
240	304	35	1
244	304	35	1
222	305	35	1
240	305	35	2
241	305	35	2
199	306	35	1
204	306	35	1
220	306	35	1
227	306	35	1
229	306	35	1
230	306	35	1
233	306	35	1
235	306	35	1
231	307	35	3
235	307	35	1
240	307	35	1
203	308	35	1
220	308	35	1
232	308	35	2
239	308	35	1
240	308	35	1
222	309	35	1
223	309	35	1
235	309	35	1
238	309	35	1
242	309	35	1
218	310	35	1
219	310	35	1
230	310	35	1
234	310	35	1
236	310	35	1
237	310	35	1
214	311	35	1
215	311	35	1
216	311	35	1
222	311	35	1
232	311	35	2
236	311	35	1
237	311	35	1
226	313	35	1
230	313	35	1
232	313	35	1
221	314	35	1
227	314	35	1
228	314	35	1
232	314	35	1
235	314	35	1
237	314	35	1
233	315	35	1
237	315	35	1
238	315	35	1
210	316	35	1
227	317	35	1
233	317	35	1
231	318	35	1
232	319	35	1
233	319	35	1
229	252	36	1
222	253	36	1
225	253	36	1
224	255	36	1
218	256	36	1
223	256	36	2
226	256	36	1
224	257	36	2
216	258	36	1
218	258	36	1
220	258	36	1
221	258	36	1
224	258	36	1
225	258	36	1
227	258	36	1
231	258	36	1
217	259	36	2
218	259	36	1
220	259	36	1
221	259	36	2
227	259	36	2
230	259	36	1
232	259	36	1
212	260	36	2
225	260	36	1
226	260	36	1
229	260	36	1
238	260	36	1
219	261	36	1
230	261	36	1
243	261	36	1
192	262	36	1
212	262	36	1
214	262	36	1
217	262	36	1
219	262	36	1
223	262	36	2
227	262	36	1
228	262	36	1
242	262	36	1
244	262	36	1
191	263	36	1
210	263	36	1
214	263	36	1
227	263	36	1
233	263	36	2
234	263	36	2
249	263	36	1
186	264	36	1
209	264	36	2
210	264	36	1
214	264	36	1
217	264	36	1
234	264	36	1
238	264	36	1
185	265	36	1
191	265	36	1
196	265	36	1
207	265	36	1
224	265	36	2
231	265	36	1
240	265	36	1
186	266	36	2
187	266	36	1
193	266	36	1
195	266	36	1
205	266	36	1
211	266	36	2
216	266	36	1
217	266	36	1
220	266	36	1
229	266	36	1
230	266	36	3
233	266	36	1
243	266	36	1
189	267	36	1
192	267	36	1
202	267	36	1
209	267	36	1
216	267	36	1
217	267	36	1
229	267	36	1
249	267	36	1
196	268	36	1
211	268	36	1
215	268	36	1
222	268	36	1
236	268	36	1
237	268	36	2
239	268	36	2
240	268	36	1
188	269	36	1
193	269	36	1
200	269	36	1
208	269	36	2
214	269	36	1
216	269	36	1
218	269	36	1
236	269	36	1
238	269	36	1
249	269	36	1
172	270	36	1
185	270	36	1
188	270	36	1
191	270	36	1
196	270	36	1
198	270	36	1
211	270	36	2
214	270	36	1
216	270	36	1
221	270	36	2
235	270	36	1
238	270	36	1
239	270	36	2
176	271	36	1
178	271	36	1
188	271	36	2
191	271	36	1
211	271	36	1
214	271	36	1
217	271	36	1
223	271	36	1
233	271	36	1
236	271	36	2
238	271	36	1
177	272	36	1
181	272	36	1
185	272	36	1
193	272	36	1
199	272	36	1
207	272	36	1
214	272	36	1
215	272	36	1
217	272	36	1
218	272	36	1
230	272	36	1
236	272	36	1
239	272	36	1
185	273	36	1
208	273	36	2
210	273	36	2
211	273	36	1
212	273	36	1
217	273	36	1
232	273	36	1
235	273	36	1
176	274	36	1
188	274	36	2
204	274	36	1
211	274	36	1
221	274	36	1
240	274	36	1
250	274	36	1
175	275	36	1
208	275	36	2
211	275	36	2
216	275	36	1
219	275	36	2
177	276	36	1
181	276	36	1
206	276	36	1
207	276	36	1
208	276	36	1
214	276	36	1
222	276	36	1
232	276	36	1
237	276	36	1
189	277	36	1
207	277	36	2
211	277	36	1
223	277	36	2
226	277	36	1
181	278	36	1
211	278	36	2
213	278	36	3
214	278	36	2
234	278	36	1
179	279	36	2
187	279	36	1
201	279	36	1
212	279	36	1
215	279	36	1
220	279	36	1
231	279	36	1
173	280	36	2
191	280	36	1
193	280	36	1
205	280	36	1
206	280	36	1
208	280	36	1
214	280	36	1
223	280	36	1
232	280	36	1
176	281	36	1
190	281	36	1
192	281	36	1
204	281	36	1
217	281	36	1
243	281	36	3
181	282	36	1
189	282	36	1
190	282	36	1
206	282	36	1
209	282	36	1
220	282	36	1
222	282	36	1
181	283	36	1
189	283	36	1
208	283	36	1
225	283	36	2
230	283	36	1
241	283	36	1
176	284	36	1
188	284	36	1
202	284	36	1
206	284	36	1
211	284	36	1
213	284	36	1
219	284	36	1
221	284	36	2
224	284	36	3
225	284	36	1
233	284	36	2
242	284	36	1
176	285	36	1
200	285	36	2
208	285	36	2
210	285	36	1
215	285	36	1
223	285	36	1
226	285	36	1
234	285	36	1
235	285	36	1
236	285	36	1
241	285	36	2
243	285	36	1
247	285	36	1
187	286	36	1
198	286	36	2
203	286	36	1
208	286	36	1
227	286	36	1
229	286	36	3
231	286	36	1
234	286	36	1
237	286	36	1
240	286	36	1
244	286	36	1
176	287	36	1
177	287	36	1
202	287	36	2
203	287	36	1
204	287	36	1
214	287	36	1
219	287	36	1
222	287	36	1
224	287	36	1
227	287	36	1
228	287	36	1
229	287	36	2
231	287	36	1
233	287	36	2
238	287	36	1
239	287	36	2
241	287	36	2
243	287	36	1
246	287	36	1
248	287	36	1
184	288	36	1
185	288	36	1
186	288	36	1
199	288	36	1
203	288	36	2
206	288	36	1
234	288	36	1
238	288	36	1
241	288	36	1
242	288	36	1
185	289	36	1
193	289	36	1
195	289	36	1
198	289	36	1
199	289	36	1
201	289	36	1
206	289	36	1
217	289	36	1
231	289	36	1
232	289	36	1
235	289	36	2
240	289	36	1
241	289	36	1
244	289	36	1
185	290	36	1
204	290	36	1
223	290	36	1
226	290	36	1
241	290	36	1
186	291	36	1
202	291	36	2
203	291	36	2
204	291	36	1
231	291	36	1
238	291	36	1
240	291	36	1
242	291	36	1
244	291	36	1
245	291	36	1
203	292	36	1
207	292	36	2
220	292	36	2
221	292	36	1
223	292	36	1
228	292	36	1
229	292	36	1
239	292	36	2
196	293	36	1
199	293	36	1
205	293	36	1
223	293	36	1
227	293	36	1
228	293	36	1
182	294	36	2
190	294	36	2
195	294	36	1
199	294	36	1
228	294	36	1
229	294	36	1
230	294	36	1
233	294	36	1
234	294	36	1
237	294	36	1
238	294	36	1
198	295	36	1
199	295	36	1
221	295	36	2
223	295	36	1
225	295	36	1
232	295	36	1
235	295	36	1
242	295	36	2
198	296	36	1
200	296	36	1
228	296	36	1
236	296	36	1
238	296	36	2
241	296	36	1
245	296	36	2
195	297	36	1
201	297	36	1
202	297	36	1
205	297	36	2
217	297	36	1
219	297	36	1
229	297	36	1
230	297	36	2
235	297	36	1
244	297	36	1
245	297	36	1
202	298	36	1
230	298	36	2
234	298	36	2
240	298	36	1
245	298	36	1
200	299	36	1
204	299	36	1
236	299	36	2
237	299	36	2
239	299	36	1
240	299	36	1
245	299	36	1
228	300	36	1
230	300	36	2
233	300	36	1
240	300	36	1
225	301	36	2
226	301	36	1
228	301	36	2
234	301	36	1
244	301	36	1
245	301	36	2
223	302	36	1
226	302	36	2
229	302	36	1
233	302	36	1
235	302	36	1
243	302	36	1
244	302	36	1
226	303	36	1
228	303	36	1
231	303	36	1
232	303	36	1
234	303	36	1
238	303	36	1
242	303	36	1
245	303	36	1
227	304	36	2
199	305	36	1
229	305	36	1
234	305	36	1
223	306	36	1
235	306	36	2
241	306	36	1
242	306	36	1
222	307	36	2
235	307	36	1
222	308	36	1
225	308	36	1
239	308	36	1
241	308	36	1
225	309	36	1
227	309	36	2
230	309	36	1
233	309	36	1
234	309	36	1
223	310	36	1
224	310	36	1
228	310	36	1
229	310	36	2
240	310	36	3
213	311	36	1
215	311	36	1
220	311	36	1
223	311	36	1
228	311	36	2
229	311	36	1
232	311	36	1
233	311	36	3
234	311	36	1
213	312	36	1
216	312	36	2
217	312	36	1
221	312	36	1
225	312	36	1
232	312	36	2
233	312	36	1
232	313	36	1
235	313	36	1
235	314	36	1
228	315	36	1
236	315	36	1
243	315	36	2
231	316	36	1
234	316	36	1
237	316	36	1
238	316	36	1
240	316	36	2
242	316	36	1
236	317	36	1
237	317	36	2
238	317	36	2
236	318	36	1
237	318	36	1
231	319	36	1
232	319	36	1
236	319	36	1
238	319	36	1
227	257	37	1
228	258	37	1
226	259	37	1
230	259	37	1
228	260	37	2
242	260	37	1
217	261	37	1
227	261	37	1
230	262	37	1
231	262	37	1
232	262	37	1
214	263	37	1
189	264	37	1
215	264	37	2
237	264	37	1
215	265	37	1
230	266	37	1
210	267	37	1
219	267	37	4
233	267	37	1
189	268	37	1
236	268	37	1
240	268	37	2
241	268	37	1
204	269	37	1
211	269	37	1
237	269	37	1
188	270	37	1
190	270	37	1
210	270	37	1
216	270	37	1
221	270	37	1
232	270	37	1
235	270	37	1
237	270	37	1
194	271	37	1
214	271	37	1
221	271	37	1
196	272	37	2
207	272	37	1
213	272	37	1
214	272	37	1
215	272	37	1
210	273	37	1
212	273	37	1
213	273	37	1
216	273	37	1
217	273	37	1
236	273	37	1
208	274	37	1
231	274	37	1
214	275	37	1
216	275	37	1
219	275	37	1
208	276	37	1
209	276	37	1
219	276	37	2
181	278	37	1
195	278	37	2
205	278	37	1
206	278	37	1
214	278	37	1
191	279	37	1
206	279	37	1
210	279	37	2
215	279	37	1
231	279	37	1
209	280	37	1
189	281	37	1
210	281	37	1
212	281	37	1
215	281	37	1
211	282	37	1
213	282	37	1
214	282	37	1
219	282	37	3
207	283	37	1
227	283	37	1
230	283	37	1
237	283	37	1
186	284	37	1
195	284	37	1
206	284	37	1
195	285	37	1
204	285	37	1
205	285	37	2
206	285	37	2
233	285	37	1
241	285	37	2
202	286	37	1
215	286	37	1
236	286	37	2
188	287	37	3
193	287	37	1
202	287	37	1
204	287	37	1
234	287	37	1
237	287	37	1
238	287	37	1
248	287	37	1
190	288	37	1
192	288	37	2
193	288	37	1
194	288	37	1
236	288	37	1
237	288	37	1
186	289	37	1
191	289	37	1
205	289	37	1
230	289	37	1
234	289	37	1
235	289	37	1
197	290	37	1
204	290	37	2
206	290	37	1
222	290	37	1
243	290	37	1
188	291	37	1
203	291	37	2
236	291	37	1
240	291	37	1
200	292	37	2
203	292	37	1
208	292	37	1
234	292	37	1
238	292	37	2
185	293	37	1
205	293	37	1
207	293	37	1
223	293	37	2
226	293	37	1
230	293	37	1
239	293	37	1
240	293	37	1
202	294	37	1
225	294	37	1
232	294	37	1
234	294	37	1
235	294	37	2
239	294	37	1
245	294	37	1
197	295	37	2
217	295	37	1
231	295	37	2
237	295	37	2
241	295	37	1
243	295	37	1
244	295	37	2
245	295	37	2
200	296	37	1
201	296	37	1
202	296	37	1
225	296	37	1
228	296	37	2
234	296	37	1
239	296	37	1
242	296	37	1
245	296	37	1
194	297	37	3
198	297	37	1
232	297	37	1
242	297	37	1
229	298	37	1
230	298	37	2
232	298	37	1
237	298	37	1
244	298	37	1
242	299	37	1
244	299	37	1
225	300	37	2
230	300	37	1
232	300	37	1
233	300	37	1
240	300	37	1
244	300	37	1
233	301	37	1
244	302	37	1
235	303	37	1
227	304	37	1
227	305	37	1
242	305	37	1
224	306	37	1
242	306	37	1
224	308	37	1
225	308	37	2
220	309	37	1
242	309	37	1
224	310	37	2
225	310	37	1
216	311	37	1
219	311	37	1
224	311	37	2
225	311	37	2
232	311	37	2
234	311	37	1
218	312	37	1
229	312	37	1
232	312	37	2
235	312	37	1
236	312	37	1
212	313	37	1
218	313	37	1
219	314	37	1
221	314	37	1
236	314	37	1
237	314	37	1
242	314	37	1
211	315	37	1
238	315	37	1
236	316	37	1
241	316	37	1
232	318	37	1
238	318	37	1
240	318	37	1
233	322	37	1
227	262	38	1
238	262	38	1
229	263	38	1
232	263	38	1
219	264	38	1
232	264	38	2
230	265	38	1
237	265	38	1
214	266	38	1
217	266	38	2
231	266	38	2
219	267	38	1
194	269	38	1
217	269	38	1
211	270	38	1
218	270	38	1
215	271	38	1
216	271	38	1
217	271	38	1
218	271	38	2
215	272	38	1
218	272	38	1
208	273	38	1
213	273	38	2
206	274	38	1
209	274	38	1
210	274	38	2
211	274	38	1
218	274	38	1
240	274	38	1
189	275	38	1
191	276	38	1
208	276	38	1
210	276	38	2
211	276	38	1
213	276	38	1
219	276	38	2
206	277	38	1
210	277	38	1
208	278	38	1
213	278	38	1
218	278	38	1
221	278	38	2
230	278	38	1
211	279	38	2
208	280	38	1
210	280	38	1
211	280	38	2
215	280	38	2
191	281	38	1
193	281	38	1
208	281	38	2
211	281	38	1
212	281	38	1
213	281	38	1
215	281	38	3
193	282	38	1
208	282	38	1
210	282	38	1
212	282	38	1
215	282	38	2
189	283	38	1
207	283	38	1
214	283	38	1
219	283	38	1
185	284	38	1
195	284	38	2
199	284	38	1
201	284	38	1
214	284	38	1
190	285	38	1
193	285	38	1
204	285	38	1
212	285	38	1
193	286	38	1
198	286	38	1
204	286	38	1
211	286	38	1
218	286	38	1
221	286	38	1
198	287	38	2
205	287	38	1
222	287	38	2
189	288	38	1
206	288	38	1
219	288	38	2
224	288	38	1
185	289	38	1
187	289	38	1
192	289	38	1
193	289	38	1
200	289	38	1
207	289	38	2
231	289	38	1
199	290	38	1
203	290	38	1
206	290	38	1
220	290	38	1
197	291	38	1
200	291	38	1
202	291	38	1
233	291	38	2
234	291	38	3
238	291	38	1
194	292	38	1
197	292	38	1
201	292	38	1
206	292	38	1
207	292	38	2
211	292	38	1
232	292	38	2
234	292	38	2
236	292	38	1
237	292	38	1
238	292	38	2
239	292	38	2
240	292	38	2
200	293	38	1
202	293	38	3
205	293	38	2
220	293	38	1
223	293	38	1
224	293	38	1
225	293	38	1
227	293	38	1
230	293	38	3
202	294	38	1
204	294	38	1
205	294	38	1
210	294	38	1
217	294	38	1
226	294	38	2
234	294	38	1
236	294	38	1
242	294	38	1
243	294	38	1
216	295	38	1
220	295	38	1
221	295	38	1
231	295	38	1
234	295	38	1
198	296	38	1
201	296	38	1
202	296	38	1
217	296	38	1
221	296	38	1
222	296	38	2
236	296	38	1
237	296	38	3
239	296	38	1
241	296	38	1
242	296	38	1
203	297	38	1
205	297	38	1
223	297	38	2
224	297	38	1
230	297	38	2
237	297	38	1
240	297	38	1
241	297	38	2
233	298	38	1
244	298	38	1
193	299	38	1
203	299	38	1
241	299	38	1
243	299	38	1
204	300	38	1
227	300	38	1
228	300	38	1
231	300	38	1
233	300	38	1
240	300	38	1
242	300	38	1
233	301	38	1
239	301	38	1
231	302	38	1
234	303	38	1
229	304	38	1
234	304	38	1
236	304	38	1
237	304	38	1
243	304	38	1
227	305	38	1
228	305	38	1
234	305	38	1
236	305	38	2
210	306	38	1
226	306	38	2
227	306	38	2
229	306	38	1
239	306	38	1
242	306	38	1
224	307	38	1
246	307	38	1
222	308	38	2
223	308	38	1
239	308	38	1
225	309	38	1
226	309	38	2
228	309	38	1
242	309	38	1
217	310	38	2
221	310	38	3
222	310	38	1
223	310	38	1
227	310	38	2
230	310	38	1
236	310	38	1
213	311	38	2
217	311	38	1
219	311	38	1
220	311	38	3
224	311	38	1
231	311	38	1
217	312	38	1
220	312	38	1
222	312	38	1
223	312	38	1
227	312	38	2
231	312	38	1
216	313	38	1
217	313	38	1
218	313	38	1
220	313	38	1
222	313	38	2
235	313	38	1
240	313	38	1
241	313	38	2
242	313	38	2
245	313	38	1
221	314	38	1
230	314	38	1
240	314	38	1
242	314	38	1
211	315	38	1
223	315	38	1
227	315	38	1
238	315	38	1
243	315	38	1
244	315	38	1
228	316	38	1
234	316	38	1
219	317	38	1
226	317	38	2
231	317	38	1
242	317	38	1
212	318	38	1
241	318	38	1
232	319	38	1
234	319	38	2
241	319	38	1
242	319	38	1
229	320	38	1
230	320	38	2
231	320	38	2
221	321	38	1
231	321	38	1
236	322	38	1
188	269	39	2
216	270	39	1
217	270	39	1
218	271	39	1
189	273	39	1
214	273	39	1
212	275	39	1
213	275	39	1
216	275	39	2
204	277	39	1
212	277	39	1
195	278	39	2
201	278	39	1
208	278	39	2
214	278	39	1
216	279	39	1
223	281	39	2
190	282	39	1
195	282	39	1
215	282	39	2
196	283	39	1
201	283	39	1
215	283	39	1
237	283	39	1
206	284	39	1
193	286	39	1
199	286	39	2
203	286	39	1
187	287	39	1
190	287	39	1
196	287	39	3
205	287	39	2
215	287	39	1
222	287	39	1
187	288	39	1
195	288	39	1
210	288	39	1
217	288	39	1
195	289	39	1
211	289	39	1
197	290	39	1
204	290	39	1
207	290	39	1
215	290	39	1
191	291	39	1
193	291	39	1
199	291	39	1
207	291	39	1
214	291	39	1
222	291	39	1
188	292	39	1
208	292	39	1
210	292	39	1
211	292	39	1
213	292	39	1
221	292	39	1
225	292	39	1
230	292	39	2
239	292	39	1
240	292	39	1
197	293	39	1
200	293	39	1
205	293	39	1
208	293	39	2
220	293	39	1
222	293	39	1
234	293	39	1
240	293	39	1
206	294	39	1
221	294	39	1
228	294	39	1
235	294	39	1
237	294	39	1
238	294	39	1
240	294	39	1
204	295	39	1
216	295	39	1
229	295	39	1
238	295	39	1
241	295	39	1
243	295	39	1
197	296	39	2
202	296	39	1
219	296	39	1
220	296	39	3
226	296	39	1
236	296	39	2
194	297	39	1
195	297	39	1
196	297	39	1
199	297	39	1
205	297	39	1
221	297	39	1
234	297	39	1
235	297	39	1
241	297	39	1
201	298	39	2
202	298	39	1
215	298	39	1
224	298	39	1
225	298	39	1
226	298	39	1
230	298	39	1
232	298	39	2
222	299	39	1
224	299	39	1
227	299	39	2
236	299	39	1
229	300	39	1
231	300	39	1
226	302	39	1
228	302	39	1
226	303	39	1
231	303	39	1
234	304	39	1
235	304	39	1
243	304	39	1
244	304	39	1
212	305	39	1
223	305	39	1
226	305	39	1
228	305	39	2
229	305	39	1
230	305	39	2
211	306	39	1
223	306	39	1
229	306	39	1
235	306	39	1
239	306	39	2
241	306	39	1
242	306	39	1
213	307	39	1
225	307	39	1
226	307	39	1
222	308	39	1
229	308	39	1
233	308	39	2
235	308	39	2
216	309	39	1
223	309	39	2
225	309	39	1
227	309	39	1
228	309	39	1
229	309	39	1
235	309	39	1
240	309	39	2
242	309	39	1
217	310	39	1
219	310	39	1
220	310	39	2
222	310	39	1
226	310	39	1
217	311	39	2
220	311	39	1
222	311	39	1
226	311	39	1
227	311	39	1
228	311	39	1
229	311	39	2
232	311	39	1
235	311	39	2
211	312	39	1
218	312	39	1
219	312	39	2
230	312	39	1
231	312	39	1
232	312	39	1
238	312	39	1
239	312	39	1
240	312	39	2
218	313	39	1
219	313	39	1
221	313	39	1
225	313	39	1
228	313	39	1
229	313	39	1
239	313	39	1
216	314	39	2
228	314	39	1
234	314	39	1
235	314	39	1
242	314	39	2
230	315	39	1
238	315	39	1
239	315	39	1
245	315	39	1
217	316	39	1
229	316	39	1
236	316	39	1
239	316	39	1
211	317	39	1
225	317	39	1
237	318	39	1
220	319	39	1
230	319	39	1
233	319	39	2
217	320	39	1
226	320	39	2
231	320	39	1
241	320	39	1
215	321	39	1
219	321	39	1
229	321	39	2
233	322	39	1
211	324	39	1
214	274	40	1
190	283	40	1
191	285	40	1
206	286	40	1
193	288	40	1
210	288	40	1
211	288	40	2
192	289	40	2
193	290	40	1
218	290	40	2
196	291	40	1
206	291	40	1
225	291	40	1
192	292	40	2
193	292	40	1
199	292	40	1
206	292	40	1
209	292	40	1
210	292	40	1
221	292	40	1
213	293	40	1
214	293	40	1
216	293	40	2
223	293	40	2
207	294	40	1
210	294	40	2
221	294	40	1
228	294	40	1
238	294	40	1
204	295	40	1
227	295	40	1
241	295	40	1
203	296	40	1
211	296	40	1
234	296	40	2
188	297	40	1
216	297	40	1
229	297	40	2
222	298	40	2
223	298	40	1
226	298	40	1
230	298	40	1
242	299	40	1
225	300	40	1
229	300	40	1
215	301	40	1
229	301	40	1
228	303	40	1
241	303	40	1
229	304	40	1
245	304	40	1
229	305	40	1
230	305	40	1
234	305	40	1
242	305	40	1
212	306	40	1
213	306	40	1
226	306	40	1
228	306	40	2
229	306	40	1
230	306	40	1
241	306	40	1
242	306	40	1
234	307	40	1
240	307	40	1
241	307	40	3
224	308	40	2
228	308	40	1
240	308	40	2
215	309	40	2
227	309	40	1
232	309	40	3
219	310	40	1
231	310	40	2
239	310	40	1
217	311	40	1
228	311	40	1
234	311	40	1
235	311	40	1
240	311	40	1
241	311	40	1
216	312	40	1
229	312	40	1
232	312	40	1
240	312	40	1
242	312	40	2
236	313	40	1
215	314	40	1
238	314	40	1
242	314	40	2
243	314	40	1
238	315	40	1
242	315	40	1
238	316	40	1
243	316	40	1
227	317	40	2
231	318	40	1
240	318	40	2
243	318	40	1
215	319	40	1
219	319	40	1
230	319	40	1
232	319	40	1
240	319	40	1
242	319	40	2
243	319	40	1
240	320	40	1
241	320	40	2
230	321	40	1
213	329	40	1
193	280	41	1
217	292	41	1
209	294	41	2
213	294	41	2
217	294	41	1
224	297	41	1
237	299	41	1
235	300	41	1
234	301	41	1
235	301	41	1
222	303	41	1
227	304	41	1
228	304	41	1
221	305	41	1
224	305	41	2
228	305	41	1
229	305	41	1
223	306	41	1
227	306	41	1
228	306	41	1
229	307	41	1
211	308	41	1
220	308	41	1
224	308	41	1
225	308	41	2
229	308	41	1
196	309	41	1
220	309	41	1
225	309	41	1
239	309	41	1
221	310	41	1
224	310	41	1
231	310	41	1
233	311	41	2
216	312	41	1
217	312	41	1
221	312	41	1
235	312	41	1
241	312	41	1
222	313	41	1
223	313	41	1
241	313	41	2
220	314	41	1
221	314	41	1
228	314	41	1
239	314	41	1
242	314	41	1
243	314	41	1
230	315	41	1
238	315	41	1
221	316	41	1
236	316	41	1
240	316	41	1
223	317	41	1
217	318	41	1
219	318	41	1
230	318	41	1
240	318	41	1
241	318	41	2
246	318	41	1
223	319	41	1
240	320	41	1
229	321	41	2
231	321	41	1
228	322	41	1
231	322	41	1
236	323	41	1
215	297	42	1
228	299	42	1
213	302	42	1
220	305	42	1
229	305	42	1
231	306	42	1
220	308	42	1
227	308	42	1
225	309	42	2
242	309	42	2
222	310	42	1
220	311	42	1
236	311	42	1
240	311	42	1
222	312	42	1
243	312	42	1
244	312	42	1
221	313	42	1
223	313	42	1
244	313	42	1
221	314	42	1
204	315	42	1
220	315	42	1
226	315	42	1
218	316	42	2
228	316	42	1
238	316	42	3
239	316	42	1
240	316	42	1
242	316	42	1
226	317	42	1
238	317	42	1
219	318	42	1
220	318	42	1
228	318	42	1
229	318	42	2
231	318	42	1
243	318	42	2
245	318	42	1
247	318	42	2
204	319	42	1
224	319	42	1
226	320	42	1
231	320	42	1
229	321	42	1
230	321	42	1
225	303	43	1
227	304	43	1
221	305	43	1
222	307	43	1
221	311	43	1
234	311	43	1
238	311	43	2
219	312	43	2
238	313	43	1
237	314	43	1
238	315	43	1
230	316	43	1
238	317	43	1
228	318	43	1
229	318	43	1
242	319	43	1
244	319	43	1
227	320	43	1
215	324	43	1
220	305	44	1
219	306	44	1
220	308	44	1
224	310	44	1
219	311	44	1
225	311	44	1
239	311	44	1
211	314	44	1
204	316	44	1
230	317	44	1
238	317	44	1
223	318	44	1
223	319	44	3
242	319	44	2
228	320	44	1
230	321	44	1
220	312	45	1
127	222	20	1
175	223	20	2
134	224	20	1
153	225	20	1
162	225	20	1
158	226	20	1
155	228	20	2
174	228	20	1
153	229	20	1
158	229	20	1
177	231	20	1
137	232	20	1
146	232	20	1
169	233	20	1
206	233	20	1
215	233	20	1
204	234	20	1
137	235	20	1
127	236	20	1
141	236	20	1
163	236	20	3
215	236	20	1
135	237	20	1
140	237	20	1
154	237	20	1
126	238	20	1
127	238	20	1
158	238	20	1
230	239	20	1
146	240	20	1
152	240	20	1
214	240	20	1
239	240	20	1
129	241	20	1
135	241	20	1
145	241	20	1
128	242	20	1
163	242	20	1
125	243	20	1
126	244	20	1
134	244	20	2
154	244	20	1
241	245	20	2
177	246	20	1
252	246	20	1
141	248	20	1
175	248	20	2
143	249	20	1
151	249	20	1
218	249	20	1
113	250	20	1
101	251	20	1
133	251	20	1
139	253	20	1
180	254	20	1
255	254	20	1
204	256	20	1
227	256	20	1
262	256	20	1
229	257	20	1
232	257	20	1
234	257	20	1
163	258	20	1
107	259	20	1
193	259	20	1
184	260	20	2
102	261	20	2
112	261	20	1
156	261	20	2
170	262	20	1
142	263	20	1
163	263	20	1
166	263	20	1
207	263	20	1
220	264	20	1
124	265	20	1
179	265	20	1
190	265	20	1
218	265	20	1
236	265	20	1
160	266	20	2
179	266	20	1
211	266	20	1
266	267	20	1
113	268	20	1
157	268	20	1
167	268	20	1
159	269	20	1
165	269	20	1
246	269	20	2
147	270	20	1
224	270	20	1
152	271	20	2
159	271	20	2
164	271	20	1
173	271	20	1
268	271	20	2
113	272	20	1
121	272	20	1
135	272	20	1
144	272	20	1
218	272	20	1
225	272	20	1
119	273	20	2
217	273	20	1
159	274	20	2
230	274	20	1
154	275	20	1
110	276	20	1
157	276	20	1
162	276	20	1
246	276	20	1
211	277	20	1
217	277	20	1
226	277	20	1
168	278	20	1
170	278	20	1
227	278	20	1
120	279	20	1
171	279	20	1
178	279	20	1
186	279	20	1
228	279	20	1
162	280	20	2
163	280	20	1
175	280	20	1
166	281	20	1
226	281	20	1
116	282	20	1
149	282	20	1
172	282	20	1
269	282	20	1
216	283	20	1
217	283	20	1
219	283	20	1
272	283	20	1
163	284	20	1
223	284	20	1
267	284	20	1
218	285	20	1
223	285	20	1
164	286	20	1
218	286	20	1
236	286	20	1
199	287	20	1
205	287	20	1
221	287	20	1
170	288	20	1
201	289	20	1
161	290	20	1
250	290	20	1
146	292	20	1
192	292	20	1
207	292	20	1
216	294	20	1
136	295	20	1
218	295	20	1
131	296	20	1
178	296	20	1
193	296	20	1
196	296	20	1
161	297	20	1
159	298	20	1
192	298	20	1
179	299	20	1
194	299	20	1
219	299	20	1
235	299	20	1
257	299	20	1
120	300	20	1
186	301	20	2
216	301	20	1
240	301	20	1
250	301	20	1
167	302	20	1
223	302	20	1
257	302	20	1
166	304	20	1
193	304	20	1
234	304	20	1
237	304	20	1
237	305	20	1
132	306	20	1
182	306	20	2
240	306	20	1
249	306	20	1
258	306	20	1
128	307	20	1
142	307	20	1
166	307	20	1
182	307	20	1
238	307	20	1
103	308	20	1
184	308	20	1
227	308	20	1
229	308	20	1
233	308	20	1
257	308	20	1
268	309	20	2
182	310	20	2
185	310	20	1
107	311	20	1
260	312	20	1
107	313	20	1
158	313	20	1
176	313	20	1
201	313	20	1
124	315	20	2
175	315	20	2
194	315	20	1
198	316	20	1
232	316	20	1
234	316	20	1
152	317	20	1
163	317	20	1
202	317	20	1
251	317	20	1
98	318	20	1
185	318	20	1
263	318	20	1
98	319	20	1
153	319	20	1
168	319	20	2
120	320	20	1
179	320	20	1
241	320	20	1
243	320	20	1
94	321	20	1
198	322	20	1
226	322	20	1
257	322	20	1
198	323	20	1
234	323	20	1
135	324	20	1
169	324	20	1
194	324	20	1
179	325	20	1
180	325	20	1
183	325	20	1
190	325	20	1
207	325	20	1
258	325	20	1
201	326	20	1
145	327	20	1
153	327	20	1
212	327	20	1
173	328	20	1
165	329	20	1
179	330	20	1
262	330	20	1
205	331	20	1
140	332	20	1
192	332	20	2
193	333	20	1
143	334	20	1
177	334	20	1
186	334	20	1
239	335	20	1
246	335	20	1
134	336	20	1
169	336	20	1
248	336	20	1
169	338	20	1
183	338	20	1
226	338	20	2
177	340	20	1
201	340	20	1
173	341	20	2
213	341	20	1
238	341	20	1
246	341	20	1
229	343	20	1
245	343	20	1
181	344	20	1
216	344	20	1
217	346	20	1
161	348	20	1
192	348	20	1
178	349	20	1
179	349	20	1
231	350	20	1
212	353	20	1
170	354	20	1
200	355	20	1
218	355	20	2
207	357	20	2
220	357	20	1
173	359	20	1
200	359	20	1
185	361	20	1
199	361	20	1
192	362	20	1
193	364	20	1
129	222	21	1
183	226	21	1
173	230	21	1
129	234	21	2
134	235	21	1
133	236	21	1
140	236	21	1
138	237	21	2
146	237	21	1
154	237	21	1
132	238	21	1
131	239	21	1
132	240	21	1
130	241	21	1
152	241	21	1
144	242	21	1
109	243	21	1
212	248	21	1
131	250	21	1
117	251	21	1
158	252	21	1
201	252	21	1
169	255	21	1
223	255	21	1
231	255	21	1
227	256	21	1
232	257	21	1
163	259	21	1
196	260	21	1
162	264	21	1
161	265	21	1
222	265	21	1
183	268	21	1
120	270	21	1
119	271	21	1
125	272	21	1
158	272	21	1
164	272	21	1
167	272	21	1
177	273	21	1
149	274	21	1
175	275	21	1
176	275	21	1
177	275	21	1
219	275	21	1
136	276	21	1
119	277	21	2
177	279	21	1
168	280	21	1
174	280	21	1
205	280	21	1
150	283	21	1
222	284	21	1
125	285	21	1
219	287	21	1
134	288	21	1
217	288	21	1
271	292	21	2
196	293	21	2
216	293	21	1
218	295	21	1
193	296	21	1
218	296	21	1
250	297	21	1
105	303	21	1
208	304	21	1
210	305	21	1
231	306	21	1
180	308	21	1
205	308	21	1
264	308	21	1
129	309	21	1
200	309	21	2
132	310	21	1
176	310	21	1
186	310	21	1
257	310	21	1
260	311	21	2
167	312	21	1
258	313	21	1
265	315	21	1
260	316	21	1
180	317	21	1
182	318	21	1
167	321	21	1
185	321	21	1
187	321	21	1
182	322	21	1
126	323	21	1
201	323	21	1
190	325	21	1
199	325	21	2
180	327	21	1
173	328	21	1
183	331	21	1
134	335	21	1
142	336	21	1
259	336	21	1
175	339	21	1
175	340	21	1
241	344	21	1
244	344	21	1
180	346	21	1
190	351	21	3
221	354	21	1
169	356	21	1
195	361	21	1
154	228	22	1
154	230	22	2
140	234	22	3
142	235	22	1
148	235	22	1
132	236	22	1
140	236	22	1
133	237	22	1
135	237	22	1
132	239	22	1
144	239	22	1
133	241	22	1
136	241	22	1
137	241	22	1
139	241	22	1
136	244	22	1
216	249	22	1
217	250	22	1
219	251	22	2
228	256	22	1
237	257	22	1
160	258	22	2
121	267	22	1
157	268	22	2
156	271	22	1
176	271	22	1
181	271	22	1
169	278	22	1
171	279	22	1
230	279	22	1
168	280	22	1
167	282	22	2
224	285	22	1
226	285	22	1
271	289	22	1
219	292	22	1
268	297	22	1
267	300	22	1
268	303	22	1
185	304	22	1
263	304	22	1
235	308	22	1
238	308	22	1
233	313	22	1
179	315	22	1
257	315	22	1
263	315	22	1
236	317	22	1
182	321	22	1
258	322	22	1
185	323	22	1
179	324	22	1
194	324	22	1
146	325	22	1
182	325	22	1
184	325	22	1
103	330	22	1
94	331	22	1
178	334	22	1
242	343	22	1
156	225	23	1
158	226	23	1
134	234	23	1
144	235	23	1
133	236	23	1
214	237	23	1
140	238	23	1
150	238	23	1
148	239	23	1
132	241	23	1
138	241	23	1
143	241	23	1
145	241	23	1
149	242	23	1
134	246	23	1
215	246	23	1
227	249	23	2
222	253	23	1
162	255	23	1
119	263	23	1
119	264	23	1
121	267	23	1
165	270	23	1
164	273	23	1
165	273	23	1
176	278	23	1
175	279	23	1
179	279	23	2
169	281	23	1
210	281	23	1
173	284	23	1
176	284	23	2
271	285	23	1
203	287	23	1
222	291	23	1
220	293	23	1
271	293	23	1
217	294	23	1
218	296	23	2
269	297	23	1
268	298	23	1
183	306	23	1
206	306	23	1
262	307	23	1
262	308	23	1
266	308	23	1
204	314	23	1
257	314	23	1
238	315	23	1
260	315	23	1
184	318	23	1
183	321	23	1
236	322	23	1
185	323	23	1
186	325	23	1
188	325	23	1
192	326	23	1
97	328	23	1
199	328	23	1
180	330	23	1
257	330	23	1
192	334	23	1
260	336	23	1
243	343	23	1
182	221	24	1
176	225	24	1
160	227	24	1
157	228	24	1
145	235	24	1
140	236	24	1
143	238	24	1
146	238	24	1
150	238	24	3
151	238	24	1
132	239	24	1
137	240	24	1
140	241	24	1
140	242	24	2
139	244	24	1
139	247	24	1
139	249	24	1
134	252	24	1
225	252	24	1
196	258	24	1
199	258	24	1
198	261	24	1
119	262	24	2
219	262	24	1
121	263	24	1
123	267	24	1
163	270	24	1
184	270	24	1
166	272	24	2
182	273	24	1
179	274	24	1
171	276	24	1
180	277	24	1
220	277	24	1
179	278	24	1
179	281	24	1
276	289	24	1
270	290	24	1
197	291	24	1
194	294	24	1
237	294	24	1
266	298	24	1
238	301	24	1
235	302	24	1
242	302	24	1
234	303	24	1
235	304	24	1
238	304	24	1
241	306	24	1
260	307	24	1
240	310	24	1
260	310	24	1
260	311	24	1
176	314	24	1
211	314	24	1
171	315	24	1
173	315	24	1
175	315	24	1
258	315	24	1
167	318	24	2
169	318	24	1
179	318	24	1
253	318	24	1
259	318	24	1
262	319	24	1
260	321	24	1
185	322	24	2
237	322	24	1
157	329	24	1
185	329	24	1
103	330	24	1
104	331	24	1
261	331	24	1
178	334	24	1
245	335	24	1
181	359	24	1
179	222	25	1
157	226	25	1
157	228	25	1
158	228	25	1
137	234	25	1
140	238	25	1
131	239	25	2
134	239	25	1
135	239	25	1
134	242	25	2
131	243	25	1
135	244	25	1
225	258	25	1
223	260	25	2
122	266	25	1
178	276	25	1
165	277	25	1
165	278	25	1
176	278	25	1
170	280	25	1
276	280	25	1
275	285	25	1
271	291	25	1
269	294	25	1
238	302	25	1
234	305	25	1
235	305	25	1
208	311	25	1
232	314	25	1
257	314	25	1
262	314	25	1
240	320	25	1
238	321	25	1
188	327	25	1
182	222	26	1
180	223	26	1
174	226	26	1
157	228	26	1
157	230	26	1
157	231	26	1
152	234	26	1
140	235	26	1
248	236	26	1
134	237	26	1
140	237	26	1
249	237	26	1
137	238	26	1
240	239	26	1
134	240	26	1
135	240	26	1
132	242	26	1
137	245	26	1
121	258	26	1
125	267	26	1
126	269	26	1
172	276	26	1
171	279	26	1
165	280	26	1
172	281	26	1
175	283	26	1
268	295	26	1
260	311	26	1
243	312	26	1
209	313	26	1
258	317	26	1
242	322	26	1
155	231	27	1
161	231	27	1
162	231	27	1
161	232	27	1
162	232	27	1
155	233	27	1
164	233	27	1
144	234	27	1
243	237	27	1
241	238	27	1
249	238	27	1
132	239	27	1
236	239	27	1
242	239	27	1
134	242	27	1
121	257	27	3
124	258	27	1
125	267	27	1
119	268	27	1
175	279	27	1
175	280	27	1
173	281	27	1
177	281	27	1
274	281	27	1
175	282	27	1
177	283	27	1
173	284	27	2
168	285	27	1
273	285	27	1
270	294	27	1
264	302	27	1
237	304	27	1
236	306	27	1
235	308	27	2
237	309	27	1
261	309	27	1
230	310	27	1
206	313	27	1
213	313	27	1
261	317	27	1
259	319	27	1
186	360	27	1
164	231	28	1
162	232	28	1
166	234	28	1
243	235	28	1
138	236	28	1
249	236	28	2
136	237	28	1
247	237	28	1
141	238	28	1
146	238	28	2
147	238	28	1
246	239	28	1
140	240	28	2
184	240	28	1
179	241	28	1
249	243	28	1
193	246	28	1
126	252	28	1
134	257	28	1
259	266	28	1
124	269	28	1
127	270	28	1
171	277	28	1
175	277	28	2
171	279	28	1
175	279	28	1
177	282	28	1
274	282	28	1
165	283	28	1
168	285	28	1
275	285	28	1
232	304	28	1
230	306	28	1
232	306	28	2
225	308	28	1
208	314	28	1
262	318	28	1
94	328	28	1
133	328	28	1
218	360	28	1
162	232	29	1
160	233	29	1
164	233	29	1
181	240	29	1
186	240	29	1
190	240	29	1
185	241	29	1
189	244	29	1
131	257	29	1
133	257	29	1
259	266	29	1
124	271	29	1
125	272	29	1
132	272	29	1
168	273	29	1
167	278	29	1
166	283	29	2
275	283	29	1
274	284	29	2
176	285	29	1
177	296	29	1
225	308	29	1
233	308	29	1
227	309	29	1
207	311	29	1
209	311	29	2
204	312	29	1
211	312	29	1
209	313	29	2
258	313	29	1
259	317	29	1
243	319	29	1
123	325	29	1
95	331	29	1
97	331	29	1
95	333	29	1
192	234	30	2
197	235	30	1
181	239	30	1
182	243	30	1
190	244	30	1
127	256	30	2
126	258	30	2
129	259	30	1
131	260	30	1
257	261	30	1
137	270	30	1
165	270	30	1
166	271	30	1
165	272	30	1
123	273	30	1
139	275	30	1
169	279	30	1
164	280	30	1
159	281	30	1
276	282	30	1
163	284	30	1
170	287	30	1
162	288	30	2
225	312	30	1
246	317	30	1
243	320	30	1
124	323	30	1
98	330	30	1
95	333	30	1
220	363	30	1
179	240	31	1
174	243	31	1
176	243	31	1
188	243	31	1
190	245	31	1
256	263	31	3
129	265	31	2
258	265	31	1
257	266	31	1
258	267	31	1
126	268	31	1
132	270	31	1
134	270	31	1
129	271	31	1
260	271	31	1
132	272	31	1
166	275	31	1
260	278	31	1
261	281	31	1
159	282	31	1
259	282	31	1
276	282	31	1
167	284	31	1
164	288	31	1
170	292	31	1
193	307	31	1
187	310	31	1
198	310	31	1
246	318	31	1
236	323	31	2
98	326	31	1
92	327	31	1
95	331	31	1
97	333	31	2
96	334	31	1
114	226	32	1
186	242	32	1
176	243	32	1
183	243	32	2
173	244	32	1
181	244	32	2
189	244	32	1
149	251	32	1
149	257	32	1
134	259	32	1
256	259	32	1
126	265	32	1
261	265	32	1
129	267	32	1
260	267	32	1
126	269	32	1
259	269	32	1
139	272	32	2
166	272	32	1
262	277	32	1
165	283	32	1
162	286	32	1
163	286	32	1
116	304	32	1
199	308	32	1
186	309	32	1
195	311	32	1
210	311	32	1
244	311	32	1
112	312	32	1
245	318	32	2
207	319	32	1
99	327	32	1
96	334	32	1
187	345	32	1
186	347	32	1
187	348	32	1
188	348	32	1
112	228	33	1
188	244	33	1
210	246	33	1
129	259	33	1
257	260	33	2
158	261	33	1
130	262	33	1
157	264	33	1
257	265	33	1
261	267	33	1
262	267	33	1
127	270	33	2
261	272	33	1
262	273	33	1
162	275	33	1
162	282	33	2
161	283	33	1
161	284	33	1
164	285	33	1
162	286	33	1
166	287	33	1
121	300	33	1
118	305	33	1
184	308	33	1
199	308	33	2
185	309	33	1
186	309	33	1
191	310	33	1
199	311	33	1
190	312	33	1
196	312	33	1
245	314	33	1
246	314	33	1
247	315	33	1
198	318	33	1
246	318	33	1
199	319	33	1
236	321	33	1
93	327	33	1
100	329	33	1
205	333	33	2
206	345	33	1
183	348	33	2
179	352	33	1
181	352	33	1
179	357	33	1
113	228	34	1
190	244	34	1
131	255	34	1
133	257	34	1
137	258	34	2
148	258	34	1
131	261	34	1
134	261	34	1
129	265	34	1
260	268	34	1
126	270	34	1
265	270	34	1
157	274	34	1
165	274	34	1
261	274	34	1
144	275	34	1
261	276	34	1
163	278	34	1
144	279	34	1
161	279	34	1
157	283	34	1
125	284	34	1
125	289	34	1
166	294	34	1
121	296	34	1
253	296	34	1
122	297	34	1
165	297	34	1
119	304	34	1
116	306	34	1
182	306	34	1
186	308	34	1
112	309	34	1
186	309	34	1
197	309	34	1
113	311	34	1
110	312	34	2
247	312	34	1
198	313	34	1
113	316	34	1
242	316	34	1
241	318	34	1
202	320	34	1
131	322	34	1
242	322	34	1
188	328	34	1
100	329	34	1
98	332	34	1
98	333	34	1
202	334	34	1
194	336	34	2
190	340	34	1
205	345	34	1
211	346	34	1
213	348	34	1
187	350	34	1
187	354	34	1
180	355	34	1
180	360	34	1
117	226	35	1
113	227	35	1
136	257	35	1
140	261	35	1
127	264	35	1
132	272	35	1
160	272	35	1
146	274	35	2
159	274	35	1
162	274	35	1
261	277	35	1
162	278	35	4
163	279	35	1
158	282	35	1
123	286	35	1
121	294	35	1
122	297	35	1
169	300	35	1
174	300	35	1
118	304	35	1
175	304	35	1
121	305	35	1
176	307	35	1
182	307	35	1
193	310	35	1
246	313	35	1
112	314	35	2
110	317	35	1
125	317	35	1
126	317	35	1
202	319	35	1
124	320	35	1
132	321	35	1
199	322	35	1
238	323	35	1
98	325	35	1
192	334	35	1
191	336	35	1
194	336	35	1
198	336	35	1
213	339	35	2
216	339	35	1
212	342	35	2
208	351	35	1
211	351	35	1
181	353	35	1
209	354	35	1
179	357	35	1
138	239	36	1
139	239	36	1
141	241	36	1
171	244	36	1
136	253	36	1
132	258	36	1
252	259	36	1
128	260	36	2
128	261	36	1
265	261	36	1
130	264	36	1
146	267	36	1
129	270	36	1
163	273	36	1
161	274	36	1
262	279	36	1
262	281	36	1
126	282	36	1
262	282	36	1
158	286	36	1
145	288	36	1
171	299	36	1
249	299	36	1
182	303	36	1
114	308	36	1
117	308	36	1
114	310	36	1
194	311	36	1
252	311	36	1
151	318	36	1
130	322	36	1
240	324	36	1
201	335	36	1
209	340	36	2
197	348	36	1
214	351	36	2
213	352	36	1
207	355	36	1
182	356	36	1
207	357	36	1
179	358	36	1
203	361	36	1
124	230	37	1
123	233	37	1
126	234	37	1
130	234	37	1
138	237	37	1
143	237	37	1
166	240	37	1
167	241	37	1
125	242	37	1
136	242	37	1
137	243	37	1
138	243	37	1
139	243	37	1
144	243	37	1
169	244	37	1
133	253	37	1
148	253	37	1
134	254	37	1
133	255	37	1
244	260	37	1
133	261	37	1
133	262	37	1
145	263	37	1
144	264	37	2
262	265	37	1
147	266	37	2
251	272	37	1
160	274	37	2
162	276	37	1
162	280	37	1
161	283	37	1
125	285	37	2
126	287	37	1
152	288	37	1
121	293	37	1
259	294	37	1
260	297	37	1
175	300	37	1
250	301	37	2
113	306	37	2
188	309	37	1
132	311	37	1
194	312	37	1
196	313	37	1
119	314	37	3
135	317	37	1
153	318	37	1
116	319	37	1
131	322	37	1
240	323	37	1
238	324	37	1
241	326	37	2
148	331	37	1
211	350	37	1
186	352	37	1
213	353	37	1
183	354	37	1
205	357	37	1
122	232	38	1
136	233	38	1
129	234	38	1
135	234	38	1
170	234	38	1
137	235	38	1
139	235	38	1
126	239	38	1
166	239	38	1
167	239	38	1
136	240	38	1
138	240	38	1
166	240	38	1
169	240	38	1
197	240	38	1
171	242	38	1
140	243	38	1
139	244	38	1
140	244	38	1
125	245	38	1
173	245	38	1
175	245	38	2
137	250	38	1
152	252	38	1
236	252	38	1
132	253	38	1
134	254	38	1
135	254	38	1
138	255	38	1
140	255	38	1
151	255	38	1
142	256	38	1
135	258	38	1
166	258	38	1
146	259	38	1
206	259	38	1
149	261	38	1
170	261	38	1
143	262	38	1
167	263	38	1
130	264	38	1
152	266	38	1
136	269	38	1
140	271	38	1
142	272	38	1
136	273	38	1
139	273	38	1
250	274	38	1
143	277	38	1
126	280	38	1
128	280	38	1
129	282	38	1
132	282	38	1
125	283	38	1
159	284	38	1
253	293	38	1
155	294	38	1
125	303	38	2
174	304	38	1
180	306	38	1
259	310	38	1
119	315	38	1
122	315	38	1
137	315	38	1
117	317	38	1
117	319	38	1
113	320	38	1
143	322	38	1
140	323	38	1
181	324	38	1
133	325	38	2
237	325	38	1
240	328	38	1
152	332	38	1
185	333	38	1
181	335	38	1
215	339	38	1
209	340	38	1
211	347	38	1
211	349	38	1
215	353	38	1
184	354	38	1
176	357	38	1
181	357	38	1
208	358	38	1
191	361	38	1
201	361	38	1
125	223	39	1
146	226	39	1
134	228	39	1
130	234	39	1
202	234	39	1
136	236	39	1
142	236	39	1
167	236	39	1
198	236	39	2
199	236	39	1
140	237	39	1
168	237	39	1
142	238	39	1
139	239	39	1
161	239	39	1
196	240	39	1
125	241	39	1
169	241	39	1
165	242	39	1
174	243	39	1
124	244	39	1
126	244	39	1
176	244	39	1
178	245	39	1
125	247	39	1
127	247	39	1
178	247	39	1
122	250	39	2
140	250	39	1
137	251	39	1
136	252	39	1
127	253	39	1
132	253	39	1
132	254	39	1
154	254	39	1
152	255	39	1
147	258	39	1
137	259	39	2
148	259	39	1
211	259	39	1
255	259	39	1
138	260	39	1
153	260	39	1
168	260	39	1
255	260	39	1
256	260	39	1
130	261	39	1
141	261	39	1
151	261	39	1
143	262	39	1
261	262	39	1
144	264	39	2
147	265	39	1
130	266	39	1
165	266	39	1
261	266	39	1
131	268	39	1
147	268	39	1
167	268	39	2
259	268	39	1
134	270	39	1
167	270	39	1
147	272	39	1
146	273	39	2
132	274	39	1
134	275	39	1
141	275	39	1
142	276	39	1
136	279	39	1
143	279	39	1
135	280	39	1
151	281	39	1
125	283	39	1
142	283	39	1
134	284	39	1
140	284	39	1
134	285	39	1
141	285	39	1
257	290	39	1
134	293	39	1
249	295	39	1
131	296	39	1
249	296	39	2
123	298	39	1
123	299	39	1
260	300	39	2
172	301	39	1
175	304	39	1
115	317	39	1
119	317	39	1
141	318	39	1
177	322	39	1
240	328	39	1
153	332	39	1
187	332	39	1
154	333	39	1
154	334	39	1
157	337	39	1
215	340	39	1
214	341	39	1
207	343	39	1
191	344	39	1
209	344	39	1
208	346	39	1
190	347	39	1
247	347	39	1
191	348	39	1
212	348	39	1
217	349	39	1
215	353	39	1
214	355	39	1
192	359	39	1
192	361	39	2
144	225	40	1
137	229	40	1
140	229	40	1
137	231	40	1
204	232	40	1
196	233	40	1
118	234	40	1
140	235	40	1
115	236	40	1
162	237	40	1
195	238	40	1
197	238	40	1
142	240	40	1
196	240	40	1
162	241	40	1
125	242	40	1
168	242	40	1
124	244	40	1
132	244	40	1
128	245	40	1
139	246	40	1
171	247	40	1
126	248	40	1
139	250	40	1
225	251	40	1
132	253	40	1
223	253	40	1
139	254	40	1
154	254	40	1
137	255	40	1
154	257	40	1
156	257	40	1
134	258	40	1
145	259	40	1
204	259	40	1
157	260	40	1
249	261	40	2
249	262	40	1
140	263	40	1
143	263	40	1
153	263	40	1
160	264	40	1
168	264	40	1
156	265	40	2
165	269	40	1
244	269	40	1
132	270	40	1
135	270	40	1
251	270	40	1
146	271	40	1
144	272	40	1
166	273	40	1
167	273	40	1
133	276	40	1
148	276	40	1
129	278	40	1
138	278	40	1
139	278	40	1
145	278	40	1
151	278	40	1
161	278	40	1
129	281	40	1
135	283	40	1
154	286	40	1
137	287	40	1
156	287	40	1
257	291	40	1
160	294	40	1
121	295	40	1
130	296	40	1
134	298	40	1
172	301	40	1
250	301	40	1
261	302	40	1
124	304	40	1
169	304	40	1
126	305	40	1
140	305	40	1
119	315	40	1
141	315	40	1
139	317	40	1
116	318	40	1
115	319	40	1
189	330	40	1
242	330	40	1
241	331	40	1
149	332	40	1
174	332	40	1
183	332	40	1
216	332	40	1
220	332	40	1
156	334	40	1
156	335	40	1
247	335	40	1
150	336	40	1
216	338	40	1
217	341	40	1
210	342	40	1
211	342	40	1
220	342	40	1
209	344	40	1
210	344	40	1
204	345	40	1
211	347	40	2
195	349	40	1
209	355	40	1
173	356	40	1
207	359	40	1
112	220	41	1
111	221	41	1
110	222	41	1
140	227	41	1
138	228	41	1
138	231	41	1
139	231	41	1
141	231	41	1
201	235	41	1
167	238	41	1
161	239	41	1
200	239	41	1
139	240	41	1
142	241	41	1
143	241	41	1
164	241	41	2
166	241	41	1
169	241	41	1
140	243	41	1
176	244	41	1
231	250	41	1
141	256	41	1
142	256	41	1
141	257	41	1
155	257	41	1
148	259	41	1
140	260	41	1
150	260	41	2
154	260	41	1
143	261	41	1
163	262	41	2
249	262	41	1
143	263	41	1
145	264	41	1
124	265	41	1
145	265	41	1
149	266	41	2
135	267	41	1
167	267	41	1
248	268	41	1
144	269	41	1
251	269	41	2
140	270	41	2
142	270	41	1
149	270	41	1
144	271	41	1
157	271	41	1
247	271	41	1
136	272	41	1
163	272	41	1
143	274	41	1
148	274	41	1
153	275	41	1
133	280	41	1
148	280	41	1
150	280	41	1
153	280	41	1
154	280	41	1
152	281	41	1
137	282	41	1
151	283	41	1
155	284	41	1
139	287	41	1
156	287	41	1
137	288	41	1
155	289	41	1
257	292	41	1
134	293	41	1
154	294	41	1
140	295	41	1
254	295	41	1
160	296	41	1
129	297	41	1
149	298	41	1
256	298	41	1
93	299	41	1
172	300	41	1
123	301	41	2
132	302	41	1
123	303	41	1
177	303	41	1
181	303	41	1
129	304	41	1
181	304	41	1
127	305	41	1
131	305	41	1
130	306	41	1
113	318	41	2
143	319	41	1
176	323	41	1
247	325	41	1
179	326	41	1
252	326	41	1
136	327	41	1
244	327	41	1
238	329	41	1
240	330	41	1
251	330	41	1
174	331	41	1
175	331	41	1
240	331	41	1
174	332	41	1
218	332	41	1
152	333	41	1
179	333	41	1
187	333	41	1
189	333	41	1
154	334	41	1
189	334	41	2
242	334	41	1
238	335	41	1
218	336	41	1
222	338	41	1
250	338	41	1
158	339	41	1
247	339	41	1
219	340	41	1
214	342	41	2
218	342	41	1
210	344	41	1
212	345	41	1
231	347	41	1
233	351	41	1
202	361	41	1
138	230	42	2
136	232	42	1
201	234	42	1
140	235	42	1
141	235	42	1
156	235	42	1
156	236	42	1
143	240	42	1
142	241	42	1
164	243	42	1
179	244	42	2
184	244	42	1
122	252	42	1
213	256	42	1
156	257	42	1
174	257	42	1
175	257	42	1
253	257	42	1
208	258	42	1
212	258	42	1
139	259	42	2
158	259	42	1
174	261	42	1
176	261	42	1
177	261	42	1
147	264	42	1
151	264	42	1
155	266	42	1
147	267	42	1
149	267	42	1
250	269	42	1
152	270	42	1
143	272	42	1
147	273	42	1
154	273	42	1
154	274	42	2
132	278	42	1
155	278	42	1
151	280	42	1
153	281	42	1
139	282	42	1
209	282	42	1
137	283	42	2
141	283	42	1
142	293	42	1
139	294	42	2
152	294	42	1
256	295	42	1
136	297	42	1
215	298	42	1
133	299	42	1
139	300	42	1
124	301	42	1
171	303	42	1
133	305	42	1
162	310	42	1
141	316	42	1
253	323	42	1
176	327	42	1
150	329	42	1
187	329	42	1
150	330	42	1
160	330	42	1
180	331	42	1
176	332	42	1
177	333	42	1
178	333	42	2
189	333	42	1
188	334	42	1
218	335	42	1
246	336	42	1
248	336	42	1
195	341	42	1
212	348	42	1
207	355	42	1
206	356	42	1
137	227	43	1
139	228	43	1
136	237	43	1
166	238	43	1
143	240	43	1
140	242	43	1
119	256	43	1
175	258	43	1
179	259	43	1
154	260	43	1
172	260	43	1
175	260	43	1
153	262	43	1
167	262	43	1
148	263	43	1
154	263	43	1
145	265	43	1
158	266	43	1
149	268	43	1
146	269	43	1
148	271	43	1
149	272	43	1
141	275	43	1
182	275	43	1
144	276	43	1
149	278	43	1
150	279	43	1
152	280	43	1
152	281	43	2
158	281	43	1
143	282	43	1
144	282	43	1
154	282	43	1
214	282	43	1
143	283	43	2
148	284	43	1
140	287	43	1
216	287	43	1
256	289	43	1
134	291	43	1
132	294	43	1
140	295	43	1
143	299	43	1
142	301	43	1
129	302	43	1
137	302	43	1
140	302	43	1
170	302	43	1
130	303	43	1
141	305	43	1
129	306	43	1
131	306	43	1
132	306	43	1
170	306	43	3
129	308	43	1
141	309	43	1
140	313	43	1
140	318	43	1
137	319	43	1
114	321	43	1
138	321	43	1
136	326	43	1
176	327	43	1
179	330	43	1
132	331	43	1
189	331	43	1
240	332	43	1
216	333	43	1
131	335	43	1
222	335	43	1
249	338	43	1
213	343	43	1
212	346	43	1
238	349	43	1
207	359	43	1
188	360	43	1
206	361	43	1
178	245	44	2
181	245	44	1
176	258	44	1
155	261	44	1
147	263	44	1
157	263	44	1
156	265	44	1
149	267	44	1
147	268	44	1
148	269	44	1
146	270	44	1
147	271	44	1
211	274	44	1
143	275	44	1
166	275	44	1
154	276	44	1
167	276	44	1
252	276	44	1
151	278	44	2
154	278	44	1
160	278	44	1
144	279	44	1
210	280	44	1
150	281	44	1
150	282	44	1
142	283	44	1
148	283	44	1
136	291	44	2
132	294	44	1
223	296	44	2
128	300	44	1
209	301	44	1
144	303	44	1
113	322	44	1
182	323	44	1
187	329	44	3
132	334	44	1
189	334	44	1
214	336	44	1
217	337	44	1
247	339	44	1
211	347	44	1
234	347	44	1
211	348	44	1
208	354	44	1
174	259	45	1
156	263	45	1
155	267	45	1
145	270	45	1
146	271	45	1
151	272	45	2
141	275	45	1
164	277	45	2
152	278	45	1
149	279	45	1
150	279	45	1
162	279	45	1
152	281	45	1
144	282	45	1
149	282	45	1
142	284	45	1
146	285	45	2
206	286	45	1
144	291	45	1
140	294	45	1
142	297	45	1
128	299	45	1
134	301	45	1
137	304	45	1
143	308	45	1
252	324	45	1
215	343	45	1
231	346	45	1
206	351	45	1
158	260	46	1
159	263	46	1
145	269	46	1
145	279	46	1
150	279	46	1
155	279	46	1
159	282	46	1
120	285	46	1
143	290	46	2
145	291	46	1
139	295	46	1
142	299	46	1
135	301	46	1
224	301	46	1
180	324	46	2
188	328	46	1
138	229	47	1
151	269	47	1
146	277	47	2
164	281	47	1
149	284	47	1
140	292	47	1
144	294	47	1
134	298	47	1
136	299	47	1
207	355	47	1
216	342	48	1
147	245	49	1
139	263	49	1
167	269	49	1
150	278	49	1
145	279	49	1
207	279	49	1
133	303	49	1
170	325	49	2
199	346	49	1
186	349	49	2
125	234	50	2
139	263	50	1
154	270	50	1
134	275	50	1
220	277	50	1
259	286	50	1
146	289	50	1
140	302	50	1
