x	y	z	Interleukin-12 family signaling
240	286	21	2
240	277	24	1
239	287	24	1
244	287	24	1
246	287	24	2
244	288	24	1
247	289	24	1
249	289	24	1
244	291	24	1
236	268	25	1
233	269	25	1
234	271	25	1
228	272	25	2
227	273	25	1
230	274	25	1
231	274	25	1
234	274	25	1
235	275	25	4
232.5	276.5	25.5	1
235	276	25	1
248	276	25	1
233	277	25	1
235	277	25	1
236	277	25	1
233	279	25	1
234	279	25	1
236	279	25	1
237	279	25	2
239	280	25	1
241	280	25	2
231	281	25	2
234	281	25	1
237	281	25	1
245	281	25	2
249	281	25	1
231	282	25	1
247	282	25	1
249	282	25	2
230	283	25	2
231	283	25	1
232	283	25	1
236	283	25	1
239	283	25	1
241	283	25	1
213	284	25	1
237	284	25	1
242	284	25	2
243	284	25	1
247	284	25	1
250	284	25	1
235	285	25	1
238	285	25	1
239	285	25	1
252	285	25	1
245	286	25	2
237	287	25	2
249	287	25	1
251	287	25	1
250	288	25	1
238	289	25	1
248.5	289.5	25.5	1
234	290	25	1
234	291	25	2
237	291	25	2
238	291	25	1
240	291	25	1
246	291	25	2
238	292	25	1
239	293	25	1
240	294	25	1
242	294	25	1
246	294	25	2
240	295	25	1
241	295	25	1
239	296	25	1
244	296	25	2
243	297	25	1
241	299	25	2
243	299	25	1
238	300	25	1
176	259	26	1
229	262	26	1
230	264	26	1
237	266	26	1
230	267	26	1
241	267	26	1
233	268	26	1
228	269	26	1
233	270	26	1
234	270	26	2
229	271	26	1
236	271	26	1
217	272	26	1
223	272	26	1
224	272	26	1
226	272	26	1
230	272	26	1
236	272	26	1
231	273	26	2
236	273	26	2
248	273	26	1
231	274	26	1
238	274	26	1
246	275	26	1
215	276	26	1
244	276	26	2
230	277	26	1
232	277	26	2
235	277	26	1
237	277	26	1
240	277	26	1
249	277	26	1
231	278	26	1
233	278	26	1
236	278	26	1
237	278	26	2
252	278	26	1
231	279	26	1
240	279	26	2
241	279	26	3
248	279	26	1
249	279	26	1
230	280	26	1
233	280	26	1
234	280	26	1
242	280	26	1
248	280	26	1
235	281	26	1
246	281	26	1
247	281	26	1
249	281	26	1
208	282	26	1
209	282	26	1
229	282	26	1
246	282	26	1
247	282	26	1
227	283	26	2
239	283	26	1
245	283	26	3
254	283	26	1
212	284	26	1
214	284	26	2
232	284	26	1
233	284	26	1
234	284	26	1
238	284	26	1
241	284	26	2
242	284	26	1
244	284	26	1
248	284	26	1
214	285	26	1
232	285	26	1
245	285	26	1
246	285	26	1
235	286	26	1
236	286	26	4
242	286	26	1
249	286	26	2
253	286	26	2
254	286	26	1
224	287	26	1
237	287	26	1
238	287	26	1
243	287	26	1
249	287	26	1
241	288	26	1
248	288	26	1
252	288	26	1
223	289	26	1
233	289	26	1
236	289	26	1
237	289	26	1
240	289	26	1
252	289	26	1
237	290	26	1
239	290	26	1
240	290	26	1
242	290	26	1
232	291	26	1
237	291	26	1
244	291	26	2
245	291	26	1
227	292	26	1
242	292	26	1
246	292	26	1
247	292	26	2
225	293	26	1
234	293	26	2
247	293	26	1
253	293	26	1
220	294	26	1
241	294	26	1
242	294	26	1
244	294	26	1
246	294	26	1
222	295	26	1
237	295	26	1
239	295	26	1
235	296	26	1
240	296	26	1
242	296	26	1
244	296	26	1
242	298	26	1
246	298	26	1
241	299	26	1
225	300	26	1
184	258	27	1
232	258	27	2
229	259	27	1
181	260	27	1
183	260	27	1
185	260	27	1
228	260	27	1
234	260	27	1
240	260	27	1
177	261	27	1
185	261	27	1
228	261	27	1
231	261	27	1
237	261	27	1
229	262	27	2
239	262	27	1
211	263	27	1
227	263	27	1
230	263	27	1
233	263	27	1
244	263	27	1
224	264	27	1
225	264	27	2
229	264	27	1
230	264	27	1
234	264	27	2
239	264	27	1
240	264	27	1
248	264	27	1
181	265	27	1
184	265	27	1
231	265	27	1
232	265	27	2
239	265	27	1
240	265	27	1
178	266	27	1
201	266	27	2
215	266	27	1
217	266	27	1
219	266	27	1
228	266	27	1
229	266	27	2
230	266	27	1
233	266	27	1
235	266	27	2
215	267	27	1
217	267	27	1
232	267	27	1
235	267	27	1
239	267	27	1
213	268	27	1
222	268	27	1
228	268	27	1
237	268	27	1
241	268	27	1
177	269	27	1
179	269	27	1
213	269	27	2
214	269	27	2
218	269	27	1
229	269	27	2
232	269	27	1
238	269	27	2
242	269	27	1
178	270	27	1
181	270	27	1
184	270	27	1
207	270	27	1
218	270	27	1
226	270	27	1
228	270	27	1
231	270	27	2
233	270	27	2
236	270	27	1
242	270	27	1
248	270	27	1
180	271	27	1
181	271	27	1
210	271	27	2
215	271	27	1
222	271	27	1
223	271	27	1
236	271	27	1
240	271	27	1
242	271	27	2
247	271	27	1
248	271	27	1
250	271	27	1
179	272	27	2
214	272	27	1
216	272	27	1
231	272	27	2
232	272	27	1
236	272	27	2
237	272	27	1
241	272	27	1
251	272	27	1
205	273	27	1
217	273	27	1
232	273	27	1
234	273	27	1
238	273	27	1
239	273	27	1
253	273	27	1
179	274	27	1
204	274	27	1
207	274	27	1
216	274	27	1
224	274	27	1
226	274	27	1
227	274	27	1
229	274	27	1
252	274	27	1
254	274	27	1
208	275	27	1
211	275	27	1
213	275	27	1
214	275	27	1
224	275	27	1
235	275	27	1
238	275	27	1
246	275	27	1
250	275	27	1
252	275	27	1
177	276	27	1
206	276	27	1
208	276	27	1
211	276	27	1
212	276	27	1
240	276	27	1
246	276	27	1
205	277	27	1
210	277	27	1
215	277	27	1
219	277	27	1
227	277	27	1
240	277	27	3
244	277	27	1
203	278	27	2
204	278	27	1
209	278	27	1
214	278	27	1
220	278	27	1
221	278	27	1
224	278	27	1
227	278	27	1
231	278	27	1
235	278	27	1
240	278	27	1
244	278	27	2
246	278	27	1
249	278	27	1
250	278	27	1
252	278	27	1
210	279	27	1
234	279	27	1
235	279	27	1
239	279	27	1
241	279	27	1
242	279	27	1
243	279	27	1
248	279	27	1
249	279	27	1
205	280	27	1
245	280	27	1
247	280	27	1
249	280	27	1
256	280	27	1
207	281	27	1
214	281	27	1
215	281	27	1
218	281	27	1
229	281	27	1
234	281	27	2
235	281	27	1
237	281	27	1
238	281	27	2
243	281	27	2
244	281	27	1
256	281	27	1
215	282	27	1
217	282	27	1
231	282	27	1
236	282	27	1
237	282	27	1
240	282	27	1
241	282	27	1
252	282	27	2
201	283	27	1
206	283	27	1
209	283	27	2
218	283	27	1
221	283	27	2
227	283	27	1
234	283	27	1
235	283	27	1
241	283	27	1
242	283	27	1
244	283	27	2
245	283	27	1
249	283	27	1
209	284	27	1
210	284	27	2
214	284	27	1
236	284	27	1
254	284	27	1
199	285	27	1
204	285	27	1
208	285	27	1
210	285	27	1
211	285	27	1
215	285	27	1
220	285	27	1
240	285	27	1
246	285	27	1
247	285	27	1
254	285	27	1
212	286	27	2
218	286	27	1
220	286	27	1
222	286	27	1
225	286	27	1
237	286	27	2
245	286	27	2
246	286	27	1
254	286	27	1
255	286	27	1
210	287	27	1
214	287	27	1
219	287	27	1
221	287	27	2
228	287	27	1
241	287	27	1
243	287	27	1
248	287	27	1
249	287	27	1
250	287	27	1
255	287	27	1
256	287	27	1
224	288	27	1
231	288	27	1
232	288	27	1
236	288	27	2
237	288	27	1
241	288	27	1
243	288	27	1
253	288	27	1
203	289	27	1
209	289	27	2
219	289	27	1
224	289	27	1
225	289	27	1
226	289	27	2
230	289	27	1
233	289	27	1
239	289	27	1
242	289	27	2
246	289	27	1
252	289	27	1
207	290	27	1
221	290	27	1
222	290	27	1
224	290	27	1
230	290	27	1
234	290	27	1
235	290	27	1
243	290	27	1
210	291	27	1
225	291	27	1
227	291	27	1
228	291	27	1
236	291	27	1
241	291	27	1
251	291	27	1
252	291	27	1
222	292	27	1
229	292	27	1
235	292	27	1
244	292	27	1
246	292	27	1
247	292	27	1
252	292	27	2
254	292	27	1
211	293	27	1
237	293	27	1
242	293	27	1
243	293	27	1
245	293	27	1
247	293	27	1
248	293	27	2
250	293	27	1
236	294	27	1
237	294	27	1
238	294	27	1
244	294	27	1
246	294	27	3
250	294	27	1
219	295	27	1
221	295	27	3
223	295	27	1
239	295	27	1
243	295	27	1
247	295	27	1
237	296	27	1
238	296	27	1
241	296	27	1
244	296	27	1
249	296	27	1
252	296	27	1
237	297	27	1
239	297	27	1
244	297	27	1
248	297	27	4
253	297	27	2
224	298	27	1
235	298	27	1
236	298	27	2
248	298	27	1
215	299	27	2
236	299	27	1
246	299	27	1
248	299	27	1
249	299	27	1
227	300	27	1
228	300	27	1
231	300	27	1
240	300	27	1
224	301	27	2
234	301	27	1
226	302	27	2
239	302	27	1
245	302	27	1
241	303	27	2
237	304	27	2
244	304	27	1
235	305	27	1
230	262	28	1
231	264	28	1
234	265	28	1
231	266	28	1
235	266	28	1
231	268	28	1
237	269	28	2
238	269	28	2
235	270	28	1
233	272	28	1
234	272	28	1
236	272	28	3
211	273	28	2
235	274	28	1
249	275	28	1
233	276	28	1
234	276	28	1
237	276	28	1
236	277	28	1
237	278	28	1
248	279	28	1
251	280	28	1
208	281	28	1
235	281	28	1
237	283	28	1
254	283	28	2
235	284	28	1
246	284	28	2
245	285	28	1
232	286	28	1
248	286	28	2
248	287	28	1
238	288	28	1
242	288	28	1
244	288	28	1
245	288	28	1
227	289	28	1
243	289	28	1
248	289	28	1
242	290	28	1
244	290	28	1
237	291	28	1
240	291	28	1
240	292	28	1
243	293	28	1
250	293	28	1
245	294	28	2
241	295	28	1
240	299	28	1
236	300	28	1
230	257	29	2
235	257	29	1
181	258	29	1
228	258	29	1
188	259	29	1
181	260	29	2
234	260	29	1
240	260	29	1
199	261	29	2
226	261	29	2
227	261	29	2
230	261	29	1
220	262	29	1
248	262	29	2
248	263	29	1
226	264	29	1
229	264	29	1
238	264	29	1
226	266	29	1
228	266	29	1
236	266	29	1
192	267	29	2
196	267	29	1
199	267	29	1
214	267	29	2
235	267	29	1
249	267	29	1
194	268	29	1
226	268	29	1
235	268	29	1
237	268	29	2
180	269	29	2
234	269	29	1
237	269	29	1
196	270	29	1
203	271	29	1
216	271	29	1
233	271	29	1
235	271	29	1
237	271	29	1
240	271	29	1
211	272	29	1
213	272	29	1
232	272	29	1
233	272	29	1
238	272	29	1
249	272	29	2
236	273	29	1
238	274	29	1
239	274	29	1
184	275	29	1
206	275	29	1
235	275	29	1
236	275	29	1
237	275	29	1
208	276	29	1
237	276	29	2
241	276	29	2
248	276	29	1
249	276	29	1
250	276	29	1
236	277	29	1
250	277	29	1
239	278	29	1
244	278	29	1
245	278	29	2
247	278	29	1
236	279	29	1
238	279	29	1
247	279	29	1
248	279	29	1
249	279	29	1
252	279	29	1
256	279	29	1
233	280	29	1
238	280	29	1
241	280	29	1
249	280	29	1
251	280	29	1
252	280	29	1
232	281	29	2
235	281	29	1
238	281	29	1
243	281	29	1
246	281	29	1
247	281	29	1
251	281	29	1
213	282	29	2
244	282	29	1
245	282	29	1
249	282	29	1
251	282	29	1
237	283	29	1
249	283	29	2
211	284	29	1
233	284	29	1
234	284	29	1
240	284	29	2
244	284	29	1
245	284	29	1
249	284	29	1
233	285	29	1
234	285	29	1
239	285	29	1
242	285	29	1
253	285	29	1
232	286	29	1
234	286	29	1
236	286	29	2
240	286	29	1
243	286	29	1
248	286	29	2
249	286	29	1
226	287	29	1
231	287	29	1
236	287	29	2
241	287	29	1
246	287	29	2
247	287	29	1
226	288	29	1
228	288	29	1
234	288	29	1
240	288	29	1
241	288	29	1
242	288	29	1
246	288	29	1
237	290	29	1
238	290	29	1
242	290	29	2
247	290	29	1
222	291	29	2
225	291	29	1
240	291	29	1
251	291	29	1
245	292	29	1
247	292	29	1
248	292	29	2
249	292	29	1
224	293	29	1
253	293	29	1
221	294	29	1
242	294	29	1
220	295	29	1
239	296	29	1
249	296	29	1
240	297	29	1
241	297	29	2
245	297	29	2
246	297	29	1
215	298	29	2
237	298	29	1
247	298	29	1
248	298	29	1
222	299	29	1
226	299	29	1
239	299	29	1
240	299	29	1
225	300	29	1
239	300	29	1
225	301	29	1
227	301	29	2
238	301	29	1
224	302	29	1
237	304	29	1
232	253	30	1
227	255	30	3
230	255	30	1
234	255	30	1
183	257	30	1
209	257	30	1
240	257	30	1
175	258	30	1
226	258	30	2
227	258	30	1
229	258	30	3
175	259	30	1
206	259	30	1
230	259	30	2
235	259	30	1
239	259	30	1
241	259	30	1
186	260	30	2
216	260	30	1
237	260	30	1
239	260	30	2
186	261	30	1
188	261	30	1
194	261	30	1
208	261	30	1
209	261	30	1
217	261	30	1
227	261	30	1
229	261	30	1
230	261	30	1
232	261	30	1
236	261	30	1
239	261	30	2
244	261	30	2
188	262	30	1
193	262	30	2
218	262	30	1
219	262	30	1
220	262	30	1
221	262	30	1
225	262	30	2
240	262	30	1
246	262	30	2
251	262	30	1
211	263	30	3
216	263	30	1
227	263	30	3
233	263	30	1
240	263	30	1
186	264	30	3
188	264	30	1
195	264	30	1
211	264	30	3
227	264	30	1
228	264	30	2
229	264	30	1
232	264	30	1
246	264	30	1
191	265	30	1
196	265	30	1
210	265	30	1
213	265	30	1
228	265	30	1
230	265	30	1
232	265	30	2
233	265	30	1
234	265	30	2
242	265	30	1
244	265	30	1
247	265	30	1
219	266	30	1
230	266	30	1
232	266	30	2
182	267	30	1
189	267	30	2
199	267	30	1
225	267	30	2
229	267	30	1
231	267	30	2
235	267	30	1
236	267	30	2
237	267	30	1
240	267	30	1
248	267	30	1
188	268	30	1
190	268	30	2
195	268	30	1
226	268	30	1
228	268	30	1
235	268	30	1
237	268	30	1
238	268	30	2
239	268	30	2
240	268	30	1
244	268	30	1
249	268	30	1
177	269	30	1
178	269	30	1
180	269	30	1
196	269	30	1
199	269	30	1
204	269	30	1
211	269	30	1
215	269	30	1
232	269	30	1
236	269	30	1
238	269	30	1
239	269	30	1
240	269	30	1
248	269	30	1
250	269	30	1
201	270	30	1
207	270	30	1
216	270	30	1
227	270	30	1
235	270	30	1
183	271	30	1
187	271	30	1
206	271	30	1
207	271	30	1
215	271	30	2
216	271	30	1
232	271	30	3
233	271	30	1
244	271	30	1
247	271	30	1
179	272	30	1
181	272	30	1
185	272	30	1
197	272	30	1
203	272	30	1
216	272	30	1
223	272	30	2
224	272	30	1
233	272	30	2
235	272	30	1
240	272	30	1
245	272	30	1
247	272	30	1
250	272	30	1
203	273	30	1
206	273	30	1
232	273	30	1
234	273	30	1
241	273	30	1
246	273	30	1
180	274	30	1
209	274	30	1
212	274	30	1
214	274	30	1
234	274	30	2
236	274	30	1
251	274	30	2
182	275	30	1
183	275	30	3
203	275	30	1
212	275	30	1
215	275	30	1
240	275	30	2
242	275	30	1
249	275	30	1
251	275	30	1
235	276	30	1
240	276	30	1
250	276	30	1
174	277	30	2
180	277	30	1
205	277	30	1
235	277	30	1
238	277	30	1
243	277	30	1
245	277	30	1
249	277	30	1
208	278	30	1
226	278	30	1
235	278	30	1
236	278	30	1
237	278	30	1
243	278	30	1
246	278	30	1
250	278	30	1
207	279	30	1
221	279	30	1
236	279	30	1
249	279	30	1
251	279	30	2
254	279	30	1
176	280	30	1
183	280	30	1
219	280	30	1
232	280	30	1
235	280	30	1
239	280	30	1
242	280	30	1
245	280	30	1
246	280	30	2
247	280	30	1
173	281	30	1
175	281	30	1
179	281	30	1
214	281	30	1
233	281	30	1
235	281	30	1
241	281	30	1
242	281	30	2
245	281	30	2
246	281	30	1
249	281	30	1
251	281	30	3
172	282	30	2
177	282	30	1
182	282	30	2
221	282	30	1
232	282	30	1
235	282	30	1
239	282	30	2
240	282	30	2
244	282	30	1
246	282	30	1
250	282	30	1
252	282	30	3
256	282	30	1
202	283	30	1
219	283	30	1
238	283	30	2
240	283	30	1
241	283	30	1
244	283	30	1
257	283	30	1
180	284	30	1
181	284	30	2
220	284	30	1
231	284	30	2
243	284	30	1
251	284	30	1
253	284	30	1
225	285	30	1
226	285	30	1
232	285	30	1
233	285	30	1
242	285	30	1
248	285	30	1
254	285	30	1
228	286	30	1
231	286	30	1
235	286	30	1
236	286	30	1
246	286	30	1
251	286	30	1
220	287	30	1
224	287	30	2
233	287	30	1
244	287	30	2
231	288	30	1
232	288	30	1
233	288	30	1
235	288	30	1
238	288	30	2
243	288	30	1
245	288	30	1
252	288	30	1
184	289	30	1
199	289	30	1
224	289	30	1
243	289	30	1
245	289	30	3
247	289	30	1
248	289	30	1
250	289	30	1
252	289	30	1
224	290	30	1
225	290	30	1
226	290	30	1
227	290	30	1
239	290	30	1
240	290	30	1
241	290	30	1
242	290	30	1
198	291	30	1
223	291	30	1
225	291	30	2
227	291	30	1
234	291	30	1
238	291	30	2
242	291	30	1
247	291	30	1
220	292	30	1
228	292	30	1
229	292	30	1
230	292	30	3
232	292	30	1
235	292	30	1
241	292	30	1
247	292	30	1
219	293	30	1
220	293	30	2
223	293	30	2
232	293	30	1
243	293	30	1
244	293	30	1
246	293	30	1
247	293	30	2
249	293	30	1
251	293	30	1
220	294	30	1
229	294	30	2
236	294	30	1
240	294	30	1
241	294	30	1
244	294	30	1
254	294	30	1
218	295	30	1
222	295	30	1
241	295	30	1
247	295	30	1
252	295	30	1
253	295	30	1
256	295	30	1
257	295	30	1
228	296	30	1
233	296	30	1
234	296	30	1
242	296	30	2
247	296	30	1
223	297	30	1
232	297	30	2
237	297	30	3
238	297	30	1
239	297	30	2
244	297	30	1
245	297	30	2
222	298	30	1
230	298	30	1
232	298	30	1
233	298	30	1
236	298	30	1
237	298	30	1
241	298	30	1
242	298	30	1
245	298	30	1
247	298	30	1
250	298	30	1
251	298	30	1
218	299	30	1
221	299	30	1
241	299	30	1
244	299	30	1
246	299	30	1
247	299	30	2
250	299	30	2
214	300	30	1
218	300	30	1
226	300	30	1
244	300	30	1
246	300	30	1
249	300	30	1
251	300	30	1
224	301	30	1
225	301	30	1
239	301	30	1
242	301	30	1
243	301	30	1
245	301	30	1
247	301	30	1
249	301	30	1
251	301	30	1
223	302	30	1
229	302	30	2
240	302	30	1
247	302	30	1
217	303	30	1
240	303	30	1
220	304	30	1
233	304	30	1
223	305	30	1
236	305	30	1
237	305	30	1
238	306	30	1
226	249	31	1
227	250	31	1
229	251	31	1
235	252	31	1
224	253	31	1
227	253	31	2
237	253	31	2
238	253	31	1
193	254	31	1
232	254	31	1
191	255	31	1
226	255	31	1
230	255	31	1
234	255	31	1
216	256	31	2
239	256	31	1
218	257	31	2
229	257	31	1
230	257	31	1
232	257	31	1
238	257	31	1
239	257	31	1
188	258	31	1
190	258	31	1
205	258	31	1
230	258	31	1
237	258	31	2
206	259	31	2
216	259	31	1
230	259	31	1
232	259	31	2
237	259	31	1
239	259	31	3
195	260	31	1
218	260	31	2
221	260	31	1
228	260	31	1
235	260	31	1
238	260	31	1
245	260	31	1
187	261	31	1
208	261	31	1
224	261	31	1
237	261	31	2
194	262	31	1
207	262	31	2
218	262	31	1
219	262	31	4
222	262	31	2
226	262	31	1
229	262	31	1
230	262	31	1
249	262	31	1
186	263	31	2
187	263	31	2
197	263	31	1
198	263	31	1
200	263	31	1
216	263	31	1
219	263	31	1
220	263	31	1
226	263	31	1
227	263	31	1
229	263	31	1
232	263	31	1
233	263	31	1
244	263	31	1
199	264	31	1
216	264	31	1
220	264	31	1
224	264	31	1
226	264	31	1
227	264	31	1
228	264	31	1
232	264	31	1
234	264	31	3
237	264	31	1
196	265	31	1
213	265	31	1
216	265	31	1
222	265	31	1
226	265	31	1
233	265	31	2
240	265	31	1
243	265	31	1
246	265	31	1
191	266	31	1
198	266	31	1
212	266	31	1
213	266	31	1
215	266	31	1
217	266	31	1
229	266	31	1
231	266	31	1
236	266	31	1
241	266	31	1
243	266	31	1
247	266	31	1
251	266	31	1
177	267	31	1
217	267	31	1
224	267	31	1
228	267	31	1
236	267	31	1
241	267	31	1
242	267	31	1
183	268	31	2
184	268	31	2
188	268	31	1
193	268	31	1
219	268	31	2
220	268	31	1
222	268	31	1
225	268	31	1
232	268	31	1
240	268	31	1
243	268	31	1
244	268	31	2
173	269	31	1
188	269	31	1
215	269	31	1
230	269	31	1
235	269	31	1
252	269	31	1
178	270	31	2
180	270	31	3
183	270	31	1
186	270	31	1
194	270	31	3
198	270	31	1
207	270	31	1
216	270	31	1
237	270	31	2
178	271	31	1
182	271	31	1
200	271	31	1
209	271	31	1
212	271	31	1
213	271	31	1
216	271	31	1
225	271	31	2
231	271	31	1
232	271	31	1
240	271	31	1
244	271	31	1
246	271	31	1
251	271	31	2
182	272	31	1
185	272	31	1
199	272	31	1
215	272	31	1
226	272	31	1
237	272	31	1
238	272	31	1
241	272	31	2
249	272	31	1
181	273	31	2
207	273	31	1
209	273	31	1
212	273	31	2
214	273	31	1
215	273	31	1
237	273	31	1
179	274	31	1
180	274	31	1
203	274	31	1
204	274	31	2
226	274	31	3
229	274	31	1
233	274	31	1
252	274	31	1
182	275	31	1
201	275	31	1
229	275	31	1
231	275	31	1
236	275	31	1
226	276	31	4
233	276	31	1
236	276	31	2
238	276	31	1
243	276	31	2
244	276	31	1
246	276	31	1
253	276	31	1
174	277	31	1
236	277	31	1
237	277	31	1
239	277	31	1
240	277	31	1
241	277	31	1
247	277	31	1
249	277	31	2
203	278	31	1
205	278	31	1
206	278	31	1
240	278	31	1
244	278	31	1
175	279	31	2
178	279	31	1
216	279	31	1
237	279	31	1
242	279	31	1
245	279	31	1
253	279	31	1
254	279	31	1
181	280	31	1
208	280	31	1
219	280	31	1
221	280	31	1
238	280	31	1
248	280	31	1
251	280	31	2
181	281	31	2
184	281	31	1
210	281	31	1
219	281	31	2
239	281	31	1
240	281	31	2
241	281	31	1
243	281	31	1
250	281	31	1
254	281	31	1
179	282	31	1
219	282	31	2
238	282	31	2
239	282	31	1
240	282	31	1
245	282	31	1
246	282	31	2
247	282	31	1
248	282	31	1
249	282	31	1
218	283	31	1
232	283	31	1
235	283	31	3
240	283	31	1
244	283	31	1
251	283	31	1
252	283	31	3
175	284	31	1
176	284	31	2
177	284	31	1
179	284	31	1
182	284	31	3
212	284	31	1
219	284	31	1
231	284	31	1
239	284	31	1
241	284	31	1
248	284	31	2
249	284	31	1
250	284	31	2
254	284	31	1
257	284	31	1
173	285	31	1
179	285	31	1
219	285	31	1
222	285	31	2
223	285	31	1
231	285	31	1
238	285.5	31.5	1
244	285	31	1
248	285	31	2
252	285	31	1
256	285	31	1
178	286	31	1
229	286	31	1
237	286	31	1
246	286	31	1
249	286	31	1
187	287	31	1
220	287	31	1
225	287	31	1
234	287	31	1
240	287	31	1
244	287	31	1
246	287	31	1
253	287	31	1
256	287	31	1
186	288	31	1
220	288	31	2
225	288	31	1
228	288	31	1
231	288	31	1
240.5	288.5	31.5	1
245	288	31	1
228	289	31	1
242	289	31	1
244	289	31	2
245	289	31	1
246	289	31	1
247	289	31	2
222	290	31	1
231	290	31	1
237	290	31	1
242	290	31	1
246	290	31	1
248	290	31	1
250	290	31	1
198	291	31	1
200	291	31	1
204	291	31	1
222	291	31	1
227	291	31	2
229	291	31	1
244	291	31	1
245	291	31	1
248	291	31	1
254	291	31	2
255	291	31	1
197	292	31	1
198	292	31	1
222	292	31	1
235	292	31	1
242	292	31	1
243	292	31	1
250	292	31	1
253	292	31	1
256	292	31	3
257	292	31	1
221	293	31	3
225	293	31	2
229	293	31	1
230	293	31	1
231	293	31	1
232	293	31	1
239	293	31	2
243	293	31	1
247	293	31	1
256	293	31	1
221	294	31	1
244	294	31	1
247	294	31	1
198	295	31	2
202	295	31	1
221	295	31	2
222	295	31	2
232	295	31	1
234	295	31	1
235	295	31	1
188	296	31	1
224	296	31	1
229	296	31	1
234	296	31	1
243	296	31	1
245	296	31	2
247	296	31	1
223	297	31	2
225	297	31	1
234	297	31	1
236	297	31	1
246	297	31	1
196	298	31	1
205	298	31	1
223	298	31	1
224	298	31	1
229	298	31	2
238	298	31	1
249	298	31	1
221	299	31	1
247	299	31	1
218	300	31	1
223	300	31	1
224	300	31	1
227	300	31	1
230	300	31	1
246	300	31	1
247	300	31	1
224	301	31	1
226	301	31	1
230	301	31	1
234	301	31	2
242	301	31	1
246	301	31	2
248	301	31	1
224	302	31	1
235	302	31	1
245	302	31	1
248	302	31	1
232	303	31	1
234	303	31	2
239	303	31	1
244	303	31	1
247	303	31	1
232	304	31	2
237	304	31	1
238	304	31	1
225	305	31	2
234	305	31	1
235	305	31	1
240	305	31	1
223	306	31	1
223	307	31	1
215	251	32	1
226	251	32	1
229	251	32	1
216	252	32	1
217	252	32	1
227	252	32	1
214	253	32	1
216	253	32	1
217	253	32	1
229	253	32	1
232	253	32	1
215	254	32	1
223	254	32	1
236	254	32	1
238	254	32	1
239	254	32	1
215	255	32	1
217	255	32	1
218	255	32	1
223	255	32	1
226	255	32	2
230	255	32	1
240	255	32	3
210	256	32	1
216	256	32	2
229	256	32	1
242	256	32	1
221	257	32	1
232	257	32	1
238	257	32	2
190	258	32	1
193	258	32	1
207	258	32	1
216	258	32	1
220	258	32	1
232	258	32	1
233	258	32	1
235	258	32	3
239	258	32	1
188	259	32	1
191	259	32	2
207	259	32	1
214	259	32	1
217	259	32	1
222	259	32	2
228	259	32	1
237	259	32	1
243	259	32	1
244	259	32	1
247	259	32	1
192	260	32	1
216	260	32	1
230	260	32	1
235	260	32	1
238	260	32	2
240	260	32	1
242	260	32	1
244	260	32	1
246	260	32	1
186	261	32	1
217	261	32	1
220	261	32	1
222	261	32	2
225	261	32	3
228	261	32	1
230	261	32	2
231	261	32	1
238	261	32	1
242	261	32	1
244	261	32	1
196	262	32	1
198	262	32	1
203	262	32	2
207	262	32	1
216	262	32	1
219	262	32	1
225	262	32	1
228	262	32	1
230	262	32	1
233	262	32	2
236	262	32	1
240	262	32	2
242	262	32	3
244	262	32	1
248	262	32	1
189	263	32	1
193	263	32	1
198	263	32	1
200	263	32	2
212	263	32	1
213	263	32	3
218	263	32	2
222	263	32	1
227	263	32	1
231	263	32	1
232	263	32	1
237	263	32	1
186	264	32	1
189	264	32	1
193	264	32	1
200	264	32	1
202	264	32	2
210	264	32	1
212	264	32	1
214	264	32	1
215	264	32	1
217	264	32	1
221	264	32	1
231	264	32	1
232	264	32	1
236	264	32	1
240	264	32	1
244	264	32	2
247	264	32	1
176	265	32	1
184	265	32	1
189	265	32	3
211	265	32	1
213	265	32	1
220	265	32	1
230	265	32	2
231	265	32	1
239	265	32	1
243	265	32	1
197	266	32	1
212	266	32	1
213	266	32	1
216	266	32	1
217	266	32	1
220	266	32	1
230	266	32	1
238	266	32	1
247	266	32	1
252	266	32	1
182	267	32	1
183	267	32	1
186	267	32	1
192	267	32	1
193	267	32	1
194	267	32	1
196	267	32	1
197	267	32	2
209	267	32	1
216	267	32	1
222	267	32	1
230	267	32	2
239	267	32	1
245.5	267.5	32.5	1
247	267	32	1
252	267	32	1
195	268	32	1
213	268	32	1
224	268	32	1
228	268	32	1
238	268	32	2
241	268	32	1
243	268	32	1
247	268	32	1
187	269	32	1
191	269	32	1
193	269	32	3
194	269	32	1
215	269	32	2
218	269	32	1
228	269	32	1
232	269	32	2
233	269	32	1
239	269	32	1
240	269	32	1
241	269	32	1
246	269	32	1
173	270	32	1
201	270	32	1
203	270	32	1
207	270	32	1
231	270	32	1
234	270	32	1
239	270	32	1
244	270	32	1
245	270	32	1
248	270	32	1
173	271	32	1
175	271	32	2
176	271	32	1
183	271	32	1
207	271	32	1
210	271	32	1
227	271	32	1
231	271	32	2
233	271	32	1
235	271	32	1
237	271	32	1
239	271	32	1
241	271	32	1
246	271	32	1
247	271	32	1
251	271	32	1
177	272	32	1
198	272	32	1
200	272	32	1
201	272	32	1
205	272	32	1
206	272	32	1
208	272	32	2
213	272	32	1
216	272	32	1
226	272	32	1
228	272	32	1
238	272	32	1
244	272	32	1
245	272	32	1
250	272	32	1
255	272	32	1
182	273	32	1
186	273	32	1
204	273	32	1
210	273	32	1
214	273	32	1
228	273	32	1
240	273	32	1
184	274	32	2
202	274	32	3
203	274	32	1
204	274	32	1
210	274	32	1
215	274	32	1
234	274	32	1
240	274	32	1
241	274	32	1
243	274	32	1
244	274	32	1
246	274	32	1
252	274	32	1
184	275	32	1
210	275	32	1
212	275	32	1
215	275	32	1
236	275	32	1
249	275	32	1
174	276	32	1
228	276	32	1
233	276	32	1
242	276	32	1
174	277	32	1
204	277	32	1
205	277	32	1
216	277	32	2
224	277	32	1
232	277	32	1
244	277	32	1
254	277	32	1
177	278	32	1
184	278	32	1
206	278	32	1
224	278	32	1
234	278	32	1
238	278	32	1
239	278	32	1
240	278	32	1
248	278	32	2
181	279	32	3
207	279	32	1
243	279	32	1
244	279	32	1
245	279	32	1
247	279	32	1
173	280	32	1
176	280	32	1
177	280	32	1
180	280	32	1
189	280	32	3
229	280	32	1
242	280	32	1
248	280	32	1
249	280	32	1
251	280	32	1
173	281	32	1
226	281	32	1
232	281	32	1
237	281	32	1
242	281	32	2
246	281	32	1
248	281	32	1
250	281	32	1
254	281	32	1
174	282	32	1
182	282	32	2
204	282	32	1
221	282	32	1
244	282	32	2
247	282	32	1
248	282	32	2
250	282	32	1
251	282	32	2
253	282	32	1
179	283	32	2
207	283	32	1
223	283	32	1
236	283	32	1
237	283	32	1
240	283	32	1
246	283	32	1
177	284	32	1
181	284	32	1
205	284	32	1
206	284	32	1
220	284	32	1
221	284	32	2
226	284	32	1
227	284	32	2
234	284	32	2
236	284	32	1
240	284	32	1
241	284	32	1
242	284	32	1
257	284	32	3
177	285	32	1
179	285	32	1
180	285	32	1
185	285	32	1
204	285	32	3
205	285	32	1
221	285	32	1
230	285	32	1
234	285	32	2
238	285	32	1
246	285	32	1
252	285	32	1
174	286	32	1
177	286	32	1
178	286	32	1
207	286	32	1
218	286	32	1
221	286	32	1
222	286	32	1
229	286	32	2
239	286	32	2
242	286	32	1
207	287	32	1
208	287	32	1
219	287	32	2
221	287	32	1
238	287	32	1
243	287	32	1
250	287	32	1
255	287	32	2
201	288	32	2
203	288	32	1
220	288	32	3
227	288	32	1
231	288	32	1
234	288	32	1
237	288	32	1
242	288	32	2
243	288	32	1
244	288	32	1
245	288	32	1
247	288	32	4
250	288	32	2
253	288	32	1
200	289	32	1
234	289	32	1
244	289	32	1
247	289	32	1
253	289	32	1
256	289	32	1
185	290	32	1
200	290	32	1
206	290	32	1
221	290	32	1
231	290	32	1
233	290	32	1
235	290	32	1
236	290	32	1
237	290	32	1
243	290	32	1
244	290	32	1
246	290	32	1
247	290	32	1
200	291	32	1
222	291	32	1
226	291	32	1
233.333333333333	291.333333333333	33	1
242	291	32	1
243	291	32	1
244	291	32	2
246	291	32	1
250	291	32	1
255	291	32	1
199	292	32	1
201	292	32	1
218	292	32	1
225	292	32	1
227	292	32	3
236.75	292.75	33	1
238	292	32	1
242	292	32	1
246	292	32	1
247	292	32	1
252	292	32	1
197	293	32	2
198	293	32	1
223	293	32	1
224	293	32	1
225	293	32	1
229	293	32	1
232	293	32	2
237	293	32	1
238	293	32	1
241	293	32	1
244	293	32	1
249	293	32	1
250	293	32	1
256	293	32	1
180	294	32	2
198	294	32	1
204	294	32	1
224	294	32	1
225	294	32	1
233	294	32	1
235	294	32	1
239	294	32	1
244	294	32	1
181	295	32	1
217	295	32	1
229	295	32	1
240	295	32	1
241	295	32	1
247	295	32	1
251	295	32	1
187	296	32	1
202	296	32	1
223	296	32	1
231	296	32	1
237	296	32	1
244	296	32	1
250	296	32	1
255	296	32	1
226	297	32	1
234	297	32	2
241	297	32	1
244	297	32	3
249	297	32	1
254	297	32	1
199	298	32	3
220	298	32	1
223	298	32	1
228	298	32	2
236	298	32	1
238	298	32	1
239	298	32	2
240	298	32	2
246	298	32	2
253	298	32	1
197	299	32	1
240	299	32	1
243	299	32	1
244	299	32	1
247	299	32	1
185	300	32	1
197	300	32	1
227	300	32	1
232	300	32	1
196	301	32	1
198	301	32	1
223	301	32	1
224	301	32	1
227	301	32	1
239	301	32	1
240	301	32	1
243	301	32	1
248	301	32	2
222	302	32	1
223	302	32	1
224	302	32	1
240	302	32	1
242	302	32	2
249	302	32	3
207	303	32	1
226	303	32	1
235	303	32	1
239	303	32	1
242	303	32	1
244	303	32	1
245	303	32	1
217	304	32	1
220	304	32	1
230	304	32	1
233	304	32	2
237	304	32	1
241	304	32	2
243	304	32	2
222	306	32	1
224	306	32	2
230	306	32	1
234	306	32	2
236	306	32	1
237	306	32	2
241	306	32	1
221	307	32	1
226	307	32	2
234	307	32	1
235	307	32	1
237	307	32	1
220	308	32	1
220	309	32	1
227	309	32	1
231	309	32	1
225	311	32	1
234	311	32	1
227	312	32	1
229	312	32	1
230	313	32	1
228	250	33	1
227	251	33	1
226	252	33	1
229	252	33	1
224	253	33	1
217	254	33	1
223	254	33	2
227	254	33	2
231	254	33	1
239	254	33	1
241	254	33	1
218	255	33	1
219	255	33	1
220	255	33	1
221	255	33	1
215	256	33	1
216	256	33	1
241	256	33	1
215	257	33	1
220	257	33	1
224	257	33	1
227	257	33	1
237	257	33	3
216	258	33	1
222	258	33	1
231	258	33	1
234	258	33	2
235	258	33	3
244	258	33	1
201	259	33	1
223	259	33	1
229	259	33	1
233	259	33	1
243	259	33	1
208	260	33	1
213	260	33	1
223	260	33	2
224	260	33	1
229	260	33	1
231	260	33	1
233	260	33	1
236	260	33	2
188	261	33	1
205	261	33	1
208	261	33	2
211	261	33	1
216	261	33	1
220	261	33	1
228	261	33	1
239	261	33	1
244	261	33	1
191	262	33	1
212	262	33	1
214	262	33	1
215	262	33	2
226	262	33	1
230	262	33	1
236	262	33	2
238	262	33	1
243	262	33	2
250	262	33	1
188	263	33	2
199	263	33	1
213	263	33	2
217	263	33	1
218	263	33	1
220	263	33	1
222	263	33	1
224	263	33	1
227	263	33	1
231	263	33	1
237	263	33	1
242	263	33	1
243	263	33	1
249	263	33	1
251	263	33	1
186	264	33	2
190	264	33	1
191	264	33	1
192	264	33	2
193	264	33	2
195	264	33	1
210	264	33	1
214	264	33	1
216	264	33	1
220	264	33	1
221	264	33	2
226	264	33	1
228	264	33	2
231	264	33	1
233	264	33	1
235	264	33	1
238	264	33	1
189	265	33	1
195	265	33	1
208	265	33	1
210	265	33	1
217	265	33	1
235	265	33	1
243	265	33	2
252	265	33	1
195	266	33	1
204	266	33	1
217	266	33	1
219	266	33	1
220	266	33	1
222	266	33	1
224	266	33	1
237	266	33	1
241	266	33	1
183	267	33	1
184	267	33	1
191	267	33	1
197	267	33	1
205	267	33	1
212	267	33	1
215	267	33	1
225	267	33	1
226	267	33	1
227	267	33	1
235	267	33	1
241	267	33	2
242	267	33	1
250	267	33	1
252	267	33	1
253	267	33	1
183	268	33	1
188	268	33	1
193	268	33	1
207	268	33	1
208	268	33	1
209	268	33	1
210	268	33	1
211	268	33	1
214	268	33	1
218	268	33	1
220	268	33	2
232	268	33	1
240	268	33	1
245	268	33	1
201	269	33	2
208	269	33	2
211	269	33	1
216	269	33	1
243	269	33	1
246	269	33	1
250	269	33	1
251	269	33	2
174	270	33	1
184	270	33	1
205	270	33	1
210	270	33	1
212	270	33	1
213	270	33	1
231	270	33	1
234	270	33	2
241	270	33	1
244	270	33	1
248	270	33	1
179	271	33	1
186	271	33	1
192	271	33	1
206	271	33	1
209	271	33	1
210	271	33	1
211	271	33	1
214	271	33	1
217	271	33	1
233	271	33	1
241	271	33	1
242	271	33	1
246	271	33	1
172	272	33	1
173	272	33	1
175	272	33	1
178	272	33	1
182	272	33	1
185	272	33	1
187	272	33	1
201	272	33	2
204	272	33	1
208	272	33	2
217	272	33	1
231	272	33	1
233	272	33	1
235	272	33	3
238	272	33	1
244	272	33	1
249	272	33	1
250	272	33	1
251	272	33	1
173	273	33	1
182	273	33	1
183	273	33	1
184	273	33	3
203	273	33	1
204	273	33	2
209	273	33	1
210	273	33	2
215	273	33	2
217	273	33	1
226	273	33	1
243	273	33	1
248	273	33	1
249	273	33	1
169	274	33	1
170	274	33	1
174	274	33	3
181	274	33	2
186	274	33	1
193	274	33	1
214	274	33	1
226	274	33	2
227	274	33	1
238	274	33	1
245	274	33	2
215	275	33	1
216	275	33	1
227	275	33	1
240	275	33	1
244	275	33	2
186	276	33	1
205	276	33	2
208	276	33	1
237	276	33	1
239	276	33	1
240	276	33	1
241	276	33	1
242	276	33	1
243	276	33	2
174	277	33	1
176	277	33	1
178	277	33	1
180	277	33	2
207	277	33	1
211	277	33	1
216	277	33	1
232	277	33	3
236	277	33	2
238	277	33	1
239	277	33	1
245	277	33	1
178	278	33	2
205	278	33	1
209	278	33	1
210	278	33	1
211	278	33	1
234	278	33	1
239	278	33	1
243	278	33	1
244	278	33	1
168	279	33	1
176	279	33	1
178	279	33	1
240	279	33	1
174	280	33	1
175	280	33	1
177	280	33	1
187	280	33	1
208	280	33	1
209	280	33	1
229	280	33	1
242	280	33	1
247	280	33	1
208	281	33	2
217	281	33	2
221	281	33	2
222	281	33	1
230	281	33	1
232	281	33	1
243	281	33	1
185	282	33	1
190	282	33	1
211	282	33	1
218	282	33	2
222	282	33	1
231	282	33	1
233	282	33	1
241	282	33	1
243	282	33	1
247	282	33	1
248	282	33	2
204	283	33	1
206	283	33	1
211	283	33	1
218	283	33	3
221	283	33	1
226	283	33	1
230	283	33	2
238	283	33	2
240	283	33	1
175	284	33	1
205	284	33	1
222	284	33	1
225	284	33	3
229	284	33	1
233	284	33	1
234	284	33	3
240	284	33	2
243	284	33	1
246	284	33	1
175	285	33	1
176	285	33	1
206	285	33	1
208	285	33	1
219	285	33	1
225	285	33	2
227	285	33	1
230	285	33	1
232	285	33	2
233	285	33	1
237.5	285.5	33.5	2
241	285	33	2
245	285	33	1
247	285	33	1
204	286	33	2
225	286	33	2
228	286	33	2
230	286	33	1
235	286	33	1
238	286	33	1
244	286	33	1
255	286	33	1
179	287	33	1
204	287	33	1
208	287	33	1
221	287	33	1
235	287	33	2
243	287	33	1
246	287	33	1
186	288	33	1
202	288	33	1
219	288	33	1
220	288	33	1
223	288	33	1
233	288	33	1
246	288	33	2
255	288	33	1
202	289	33	1
224	289	33	1
231	289	33	1
234	289	33	1
244	289	33	1
245	289	33	1
249	289	33	1
184	290	33	1
185	290	33	2
199	290	33	1
200	290	33	1
223	290	33	1
225	290	33	1
232	290	33	1
235	290	33	1
238	290	33	2
242	290	33	1
243	290	33	1
246	290	33	1
255	290	33	1
257	290	33	1
197	291	33	1
222	291	33	1
223	291	33	1
232	291	33	1
233	291	33	1
236	291	33	1
247	291	33	1
248	291	33	1
249	291	33	1
197	292	33	1
201	292	33	1
202	292	33	1
221	292	33	1
223	292	33	1
235	292	33	1
236	292	33	1
239	292	33	1
249	292	33	1
177	293	33	1
223	293	33	1
226	293	33	1
230	293	33	1
231	293	33	1
234	293	33	1
244	293	33	1
246	293	33	2
251	293	33	1
254	293	33	1
177	294	33	1
180	294	33	1
195	294	33	1
199	294	33	1
235	294	33	2
237	294	33	1
239	294	33	1
246	294	33	1
198	295	33	1
204	295	33	2
238	295	33	1
247	295	33	1
195	296	33	2
220	296	33	1
223	296	33	1
225	296	33	1
236	296	33	1
241	296	33	1
245	296	33	2
252	296	33	1
255	296	33	1
197	297	33	1
223	297	33	2
232	297	33	2
223	298	33	1
231	298	33	2
235	298	33	1
236	298	33	1
240	298	33	1
244	298	33	1
246	298	33	2
248	298	33	1
196	299	33	1
197	299	33	1
201	299	33	1
223	299	33	1
224	299	33	1
227	299	33	2
229	299	33	1
230	299	33	1
232	299	33	1
241	299	33	1
242	299	33	1
246	299	33	1
247	299	33	1
196	300	33	1
227	300	33	1
240	300	33	2
226	301	33	1
234	301	33	1
239	301	33	1
245	301	33	2
246	301	33	1
199	302	33	1
209	302	33	1
226	302	33	1
228	302	33	2
230	302	33	1
234	302	33	1
236	302	33	1
243	302	33	1
244	302	33	1
207	303	33	1
223	303	33	1
225	303	33	1
228	303	33	1
235	303	33	1
241	303	33	2
242	303	33	1
243	303	33	1
209	304	33	2
223	304	33	1
232	304	33	1
238	304	33	1
242	304	33	1
243	304	33	1
225	305	33	1
234	305	33	1
235	305	33	1
240	305	33	1
199	306	33	2
224	306	33	1
231	306	33	1
238	306	33	1
201	307	33	1
206	307	33	1
224	307	33	1
226	307	33	2
235	307	33	1
217	308	33	1
220	308	33	3
223	308	33	2
227	308	33	1
237	308	33	1
221	309	33	1
223	309	33	1
225	309	33	1
233	309	33	1
234	309	33	1
237	309	33	1
227	310	33	1
229	310	33	1
238	310	33	1
231	311	33	1
232	311	33	1
222	312	33	1
232	312	33	1
229	313	33	1
233	313	33	1
234	313	33	1
232	314	33	1
236	314	33	1
226	250	34	2
229	250	34	1
228	251	34	1
229	251	34	1
229	252	34	1
216	253	34	2
231	254	34	1
235	254	34	1
241	254	34	1
218	255	34	1
190	256	34	1
215	256	34	1
216	256	34	1
219	256	34	2
223	256	34	1
232	256	34	1
243	256	34	1
216	257	34	1
217	257	34	1
218	257	34	1
223	257	34	1
241	257	34	2
200	258	34	1
201	258	34	1
216	258	34	1
226	258	34	1
232	258	34	1
237	258	34	1
244	258	34	1
189	259	34	1
217	259	34	1
219	259	34	2
223	259	34	1
229	259	34	1
232	259	34	1
234	259	34	1
241	259	34	1
242	259	34	1
192	260	34	1
214	260	34	1
216	260	34	1
226	260	34	2
228	260	34	1
235	260	34	2
245	260	34	1
211	261	34	1
215	261	34	2
219	261	34	1
221	261	34	2
223	261	34	1
225	261	34	1
226	261	34	1
244	261	34	1
192	262	34	1
211	262	34	1
219	262	34	1
220	262	34	2
224	262	34	1
244	262	34	1
246	262	34	1
250	262	34	1
188	263	34	1
204	263	34	1
226	263	34	1
227	263	34	1
235	263	34	2
239	263	34	1
241	263	34	1
244	263	34	1
250	263	34	1
186	264	34	1
187	264	34	1
189	264	34	1
191	264	34	1
192	264	34	1
193	264	34	1
202	264	34	1
212	264	34	1
216	264	34	1
217	264	34	1
221	264	34	1
227	264	34	2
229	264	34	1
233	264	34	2
235	264	34	1
236	264	34	1
248	264	34	2
194	265	34	3
207	265	34	1
209	265	34	1
213	265	34	2
217	265	34	1
221	265	34	1
228	265	34	1
230	265	34	2
232	265	34	1
234	265	34	1
243	265	34	1
244	265	34	1
184	266	34	1
193	266	34	1
204	266	34	1
208	266	34	1
210	266	34	1
217	266	34	1
221	266	34	1
225	266	34	2
233	266	34	1
241	266	34	1
242	266	34	1
246	266	34	1
182	267	34	1
191	267	34	1
208	267	34	1
210	267	34	1
215	267	34	1
217	267	34	1
220	267	34	1
225	267	34	1
250	267	34	1
173	268	34	1
183	268	34	2
207	268	34	2
208	268	34	2
214	268	34	2
217	268	34	1
242	268	34	2
249	268	34	1
252	268	34	1
171	269	34	1
183	269	34	2
197	269	34	1
208	269	34	1
215	269	34	1
218	269	34	1
219	269	34	1
231	269	34	1
234	269	34	1
235	269	34	1
239	269	34	1
252	269	34	2
254	269	34	1
188	270	34	1
194	270	34	1
199	270	34	1
205	270	34	1
206	270	34	2
216	270	34	2
233	270	34	1
241	270	34	1
243	270	34	2
246	270	34	2
251	270	34	1
175	271	34	2
177	271	34	1
178	271	34	1
180	271	34	1
187	271	34	1
206	271	34	1
209	271	34	2
213	271	34	2
231	271	34	2
241	271	34	1
246	271	34	1
250	271	34	2
175	272	34	1
181	272	34	1
182	272	34	1
198	272	34	1
218	272	34	1
225	272	34	1
230	272	34	1
235	272	34	1
236	272	34	1
241	272	34	1
247	272	34	1
248	272	34	1
249	272	34	2
170	273	34	1
173	273	34	1
176	273	34	1
182	273	34	1
209	273	34	1
219	273	34	1
229	273	34	1
236	273	34	2
241	273	34	3
245	273	34	2
174	274	34	1
178	274	34	1
180	274	34	1
183	274	34	1
186	274	34	2
203	274	34	1
212	274	34	1
213	274	34	1
216	274	34	1
218	274	34	1
231	274	34	1
232	274	34	1
233	274	34	1
235	274	34	1
246	274	34	1
185	275	34	1
203	275	34	1
212	275	34	2
213	275	34	1
216	275	34	1
219	275	34	1
227	275	34	1
175	276	34	1
209	276	34	1
211	276	34	1
212	276	34	1
219	276	34	1
229	276	34	1
232	276	34	1
233	276	34	1
235	276	34	1
237	276	34	1
244	276	34	2
183	277	34	1
184	277	34	1
186	277	34	1
203	277	34	1
204	277	34	1
207	277	34	1
208	277	34	1
234	277	34	1
238	277	34	1
244	277	34	1
175	278	34	1
186	278	34	2
188	278	34	1
209	278	34	1
214	278	34	1
226	278	34	1
239	278	34	1
203	279	34	1
209	279	34	1
223	279	34	1
245	279	34	1
247	279	34	1
248	279	34	1
173	280	34	1
177	280	34	1
180	280	34	1
187	280	34	1
192	280	34	1
206	280	34	2
207	280	34	1
233	280	34	1
234	280	34	3
236	280	34	1
240	280	34	1
245	280	34	1
175	281	34	1
189	281	34	2
191	281	34	2
206	281	34	1
207	281	34	1
209	281	34	2
223	281	34	1
226	281	34	1
228	281	34	1
230	281	34	1
231	281	34	1
233	281	34	1
248	281	34	1
178	282	34	1
181	282	34	1
182	282	34	1
188	282	34	1
190	282	34	2
213	282	34	1
223	282	34	2
224	282	34	1
233	282	34	1
234	282	34	1
235	282	34	1
245	282	34	1
247	282	34	2
248	282	34	1
175	283	34	1
187	283	34	1
206	283	34	1
218	283	34	2
219	283	34	1
222	283	34	1
224	283	34	1
226	283	34	1
227	283	34	2
249	283	34	1
178	284	34	2
186	284	34	1
209	284	34	1
214	284	34	1
226	284	34	1
233	284	34	1
236	284	34	1
241	284	34	1
245	284	34	1
246	284	34	1
247	284	34	1
248	284	34	1
177	285	34	1
188	285	34	1
202	285	34	1
203	285	34	1
205	285	34	1
208	285	34	2
218	285	34	1
220	285	34	1
226	285	34	1
229	285	34	2
230	285	34	1
238	285	34	1
247	285	34	1
176	286	34	2
177	286	34	1
186	286	34	2
203	286	34	1
207	286	34	1
209	286	34	1
218	286	34	1
229	286	34	1
239	286	34	1
242	286	34	1
248	286	34	1
255	286	34	1
187	287	34	1
190	287	34	1
199	287	34	1
208	287	34	1
219	287	34	1
220	287	34	1
226	287	34	1
228	287	34	1
230	287	34	1
233	287	34	2
236	287	34	1
241	287	34	1
243	287	34	1
247	287	34	1
185	288	34	1
201	288	34	1
229	288	34	2
233	288	34	2
238	288	34	1
240	288	34	1
245	288	34	2
246	288	34	1
247	288	34	1
249	288	34	1
175	289	34	3
184	289	34	1
185	289	34	1
186	289	34	1
200	289	34	1
219	289	34	1
223	289	34	1
230	289	34	3
235	289	34	1
246	289	34	1
248	289	34	2
257	289	34	2
182	290	34	1
185	290	34	1
187	290	34	2
199	290	34	1
203	290	34	1
232	290	34	1
233	290	34	2
248	290	34	1
253	290	34	1
221	291	34	1
223	291	34	1
224	291	34	1
232	291	34	1
246	291	34	3
249	291	34	1
255	291	34	1
187	292	34	1
199	292	34	1
204	292	34	1
222	292	34	1
230	292	34	1
234	292	34	1
242	292	34	1
202	293	34	3
222	293	34	2
224	293	34	1
230	293	34	1
232	293	34	1
233	293	34	1
238	293	34	1
244	293	34	1
197	294	34	1
201	294	34	1
217	294	34	1
179	295	34	1
184	295	34	2
218	295	34	1
222	295	34	2
224	295	34	1
225	295	34	1
233	295	34	2
239	295	34	2
182	296	34	1
198	296	34	1
217	296	34	1
226	296	34	1
236	296	34	1
238	296	34	1
239	296	34	2
240	296	34	1
194	297	34	1
195	297	34	1
203	297	34	1
219	297	34	2
221	297	34	1
225	297	34	1
233	297	34	1
235	297	34	1
238	297	34	1
243	297	34	1
247	297	34	1
203	298	34	1
233	298	34	1
235	298	34	1
237	298	34	2
244	298	34	1
245	298	34	1
251	298	34	2
180	299	34	1
199	299	34	1
203	299	34	2
228	299	34	1
242	299	34	1
244	299	34	2
229	300	34	1
236	300	34	1
196	301	34	1
198	301	34	1
207	301	34	1
231	301	34	1
223	302	34	1
228	302	34	2
232	302	34	1
237	302	34	1
239	302	34	1
226	303	34	1
228	303	34	1
235	303	34	2
240	303	34	1
244	303	34	1
194	304	34	1
227	304	34	1
237	304	34	1
240	304	34	3
223	305	34	3
226	305	34	2
228	305	34	1
229	305	34	1
233	305	34	1
224	306	34	1
226	306	34	1
236	306	34	1
232	307	34	1
237	307	34	1
243	307	34	1
226	308	34	1
227	308	34	1
229	308	34	1
239	308	34	2
223	309	34	1
224	309	34	2
233	309	34	1
235	309	34	1
216	310	34	1
221	310	34	1
224	310	34	1
232	310	34	1
237	310	34	1
240	310	34	1
218	311	34	1
232	311	34	3
236	311	34	1
224	312	34	1
226	312	34	1
229	312	34	1
232	312	34	1
235	312	34	1
236	312	34	1
237	312	34	2
221	313	34	1
226	313	34	1
227	313	34	1
228	313	34	1
234	313	34	3
235	313	34	2
236	313	34	1
230	314	34	1
232	314	34	2
229	315	34	1
231	315	34	1
238	315	34	1
226	316	34	1
230	316	34	1
232	316	34	1
233	316	34	1
233	317	34	1
230	248	35	2
228	250	35	1
224	251	35	1
226	251	35	1
221	253	35	1
223	253	35	1
224	253	35	1
226	253	35	1
221	254	35	1
230	254	35	1
240	254	35	1
224	255	35	1
230	255	35	1
215	256	35	1
218	256	35	2
230	256	35	2
243	256	35	1
215	257	35	1
218	257	35	1
221	257	35	1
223	257	35	1
224	257	35	1
239	257	35	1
221	258	35	1
224	258	35	2
230	258	35	1
235	258	35	2
240	258	35	1
242	258	35	2
211	259	35	1
217	259	35	1
221	259	35	1
222	259	35	1
224	259	35	1
226.5	259.5	35.5	1
241	259	35	1
212	260	35	2
215	260	35	1
216	260	35	1
217	260	35	2
218	260	35	1
220	260	35	1
221	260	35	1
222	260	35	1
229	260	35	1
231	260	35	2
234	260	35	1
236	260	35	1
239	260	35	1
241	260	35	1
244	260	35	1
245	260	35	2
188	261	35	2
191	261	35	1
194	261	35	2
215	261	35	1
216	261	35	1
219	261	35	1
220	261	35	1
222	261	35	1
223	261	35	1
226	261	35	2
228	261	35	2
230	261	35	3
232	261	35	1
233	261	35	2
236	261	35	1
237	261	35	1
241	261	35	1
242	261	35	2
243	261	35	1
245	261	35	1
203	262	35	1
207	262	35	1
221	262	35	2
224	262	35	1
230	262	35	1
231	262	35	2
232	262	35	1
233	262	35	1
237	262	35	1
239	262	35	1
240	262	35	1
190	263	35	1
209	263	35	1
211	263	35	2
216	263	35	1
218	263	35	1
219	263	35	1
228	263	35	1
230	263	35	1
231	263	35	1
241	263	35	2
244	263	35	1
246	263	35	1
248	263	35	1
250	263	35	1
192	264	35	1
211	264	35	1
212	264	35	1
216	264	35	2
219	264	35	1
222	264	35	1
226	264	35	1
228	264	35	1
230	264	35	1
233	264	35	1
235	264	35	1
236	264	35	1
239	264	35	1
243	264	35	1
250	264	35	1
184	265	35	1
189	265	35	1
191	265	35	1
207	265	35	1
212	265	35	1
214	265	35	1
219	265	35	1
221	265	35	2
222	265	35	3
238	265	35	1
243	265	35	1
247	265	35	1
178	266	35	1
195	266	35	1
206	266	35	1
211	266	35	1
220	266	35	1
221	266	35	1
228	266	35	1
230	266	35	1
234	266	35	2
236	266	35	1
242	266	35	2
250	266	35	2
251	266	35	1
176	267	35	1
185	267	35	1
188	267	35	2
192	267	35	1
195	267	35	1
209	267	35	1
216	267	35	1
220	267	35	1
228	267	35	1
233	267	35	1
239	267	35	1
245	267	35	2
249	267	35	1
183	268	35	1
188	268	35	1
202	268	35	1
207	268	35	1
208	268	35	1
209	268	35	1
216	268	35	1
217	268	35	1
223	268	35	1
229	268	35	1
233	268	35	1
238	268	35	1
239	268	35	1
242	268	35	1
247	268	35	1
248	268	35	1
176	269	35	1
178	269	35	1
181	269	35	1
188	269	35	1
196	269	35	1
201	269	35	1
212	269	35	1
220	269	35	1
232	269	35	1
235	269	35	1
246	269	35	1
247	269	35	1
181	270	35	1
185	270	35	2
186	270	35	1
191	270	35	1
193	270	35	1
196	270	35	1
198	270	35	1
211	270	35	1
223	270	35	1
231	270	35	1
235	270	35	1
238	270	35	1
240	270	35	1
248	270	35	1
176	271	35	2
180	271	35	2
186	271	35	1
188	271	35	1
189	271	35	1
201	271	35	1
205	271	35	1
213	271	35	1
214	271	35	1
216	271	35	2
219	271	35	1
225	271	35	1
241	271	35	1
242	271	35	1
185	272	35	1
191	272	35	1
206	272	35	1
213	272	35	2
214	272	35	1
215	272	35	1
217	272	35	1
222	272	35	1
231	272	35	1
233	272	35	6
234	272	35	1
239	272	35	1
240	272	35	1
178	273	35	1
183	273	35	1
184	273	35	1
185	273	35	1
186	273	35	1
204	273	35	1
206	273	35	3
228	273	35	2
231	273	35	1
245	273	35	1
248	273	35	1
250	273	35	1
182	274	35	1
183	274	35	1
185	274	35	2
210	274	35	1
211	274	35	1
215	274	35	2
224	274	35	1
228	274	35	2
231	274	35	2
233	274	35	1
234	274	35	2
235	274	35	1
236	274	35	1
243	274	35	1
178	275	35	1
185	275	35	1
186	275	35	1
189	275	35	1
191	275	35	1
200	275	35	2
203	275	35	1
214	275	35	2
231	275	35	1
242	275	35	1
178	276	35	1
186	276	35	1
202	276	35	1
212	276	35	1
221	276	35	1
182	277	35	2
183	277	35	2
205	277	35	1
206	277	35	1
211	277	35	1
213	277	35	1
219	277	35	1
220	277	35	1
229	277	35	1
235	277	35	1
236	277	35	1
187	278	35	1
203	278	35	2
215	278	35	1
216	278	35	2
224	278	35	1
225	278	35	1
229	278	35	2
233	278	35	1
243	278	35	1
179	279	35	1
194	279	35	1
195	279	35	1
201	279	35	2
206	279	35	1
211	279	35	1
227	279	35	1
232	279	35	2
233	279	35	1
234	279	35	1
237	279	35	1
172	280	35	1
173	280	35	2
175	280	35	1
199	280	35	1
221	280	35	1
179	281	35	1
180	281	35	1
203	281	35	2
206	281	35	2
207	281	35	1
211	281	35	2
219	281	35	1
224	281	35	1
228	281	35	2
229	281	35	1
234	281	35	1
235	281	35	1
239	281	35	1
240	281	35	1
175	282	35	1
186	282	35	1
187	282	35	1
190	282	35	2
205	282	35	1
209	282	35	3
214	282	35	1
216	282	35	1
220	282	35	1
221	282	35	1
222	282	35	1
229	282	35	1
231	282	35	1
245	282	35	1
171	283	35	1
173	283	35	1
190	283	35	1
191	283	35	1
204	283	35	1
208	283	35	1
218	283	35	2
244	283	35	1
250	283	35	1
180	284	35	2
188	284	35	1
189	284	35	1
200	284	35	1
203	284	35	1
205	284	35	1
206	284	35	2
207	284	35	1
221	284	35	1
226	284	35	1
234	284	35	1
236	284	35	1
243	284	35	1
247	284	35	2
249	284	35	1
176	285	35	1
177	285	35	1
188	285	35	2
200	285	35	1
201	285	35	1
206	285	35	2
208	285	35	1
209	285	35	1
217	285	35	1
222	285	35	2
225	285	35	1
236	285	35	1
243	285	35	2
183	286	35	2
188	286	35	1
198	286	35	2
199	286	35	1
200	286	35	1
208	286	35	1
211	286	35	1
218	286	35	2
220	286	35	1
224	286	35	1
225	286	35	1
227	286	35	1
233	286	35	1
234	286	35	1
243	286	35	1
246	286	35	1
174	287	35	1
185	287	35	1
187	287	35	1
196	287	35	1
200	287	35	2
206	287	35	1
208	287	35	1
225	287	35	1
226	287	35	1
228	287	35	1
229	287	35	1
236	287	35	1
244	287	35	1
176	288	35	1
186	288	35	1
190	288	35	1
194	288	35	1
195	288	35	3
200	288	35	1
204	288	35	1
205	288	35	2
218	288	35	2
220	288	35	1
228	288	35	1
230	288	35	2
246	288	35	1
186	289	35	1
188	289	35	1
190	289	35	1
193	289	35	1
220	289	35	1
230	289	35	1
187	290	35	2
200	290	35	1
204	290	35	1
206	290	35	1
227	290	35	1
241	290	35	2
243	290	35	1
245	290	35	1
248	290	35	1
187	291	35	2
194	291	35	1
196	291	35	1
201	291	35	1
204	291	35	1
206	291	35	1
223	291	35	1
231	291	35	1
236	291	35	1
239	291	35	2
241	291	35	1
186	292	35	1
203	292	35	1
226	292	35	1
230	292	35	1
233	292	35	1
245	292	35	2
182	293	35	3
195	293	35	2
197	293	35	1
198	293	35	1
227	293	35	1
231	293	35	2
234	293	35	1
242	293	35	1
188	294	35	1
197	294	35	1
219	294	35	1
223	294	35	1
225	294	35	1
181	295	35	1
202	295	35	1
204	295	35	1
218	295	35	1
225	295	35	1
228	295	35	1
230	295	35	1
236	295	35	1
240	295	35	1
247	295	35	1
193	296	35	1
201	296	35	1
204	296	35	1
228	296	35	1
235	296	35	2
242	296	35	1
194	297	35	1
196	297	35	2
197	297	35	1
202	297	35	1
221	297	35	2
228	297	35	2
229	297	35	1
236	297	35	1
237	297	35	1
238	297	35	1
239	297	35	1
248	297	35	1
181	298	35	1
219	298	35	1
221	298	35	1
222	298	35	2
234	298	35	1
236	298	35	1
239	298	35	1
241	298	35	1
202	299	35	1
195	300	35	1
208	300	35	1
225	300	35	1
226	300	35	2
227	300	35	1
239	300	35	1
194	301	35	1
227	301	35	1
229	301	35	1
233	301	35	1
235	301	35	1
237	301	35	2
242	301	35	1
243	301	35	1
200	302	35	1
222	302	35	1
226	302	35	2
227	302	35	1
228	302	35	1
234	302	35	1
223	303	35	1
225	303	35	1
227	303	35	1
230	303	35	1
231	303	35	1
234	303	35	1
236	303	35	1
241	303	35	1
226	304	35	1
227	304	35	1
233	304	35	1
207	305	35	1
222	305	35	1
223	305	35	1
229	305	35	1
240	305	35	1
242	305	35	1
206	306	35	3
220	306	35	1
223	306	35	1
231	306	35	1
233	306	35	1
239	306	35	1
195	307	35	1
207	307	35	2
221	307	35	1
222	307	35	1
223	307	35	1
225	307	35	2
227	307	35	1
232	307	35	1
234	307	35	1
206	308	35	1
220	308	35	1
224	308	35	1
226	308	35	1
227	308	35	1
232	308	35	1
236	308	35	1
237	308	35	2
241	308	35	1
228	309	35	1
229	309	35	1
235	309	35	1
238	309	35	1
242	309	35	1
218	310	35	1
227	310	35	1
235	310	35	2
238	310	35	1
213	311	35	1
214	311	35	2
219	311	35	1
229	311	35	1
237	311	35	1
238	311	35	3
240	311	35	1
226	312	35	1
231	312	35	2
232	312	35	1
236	312	35	1
226	313	35	1
232	313	35	1
236	313	35	2
235	315	35	1
236	315	35	1
237	315	35	1
238	316	35	1
233	317	35	1
237	317	35	1
239	317	35	1
236	318	35	1
232	319	35	1
233	319	35	2
222	253	36	1
218	256	36	1
216	257	36	2
219	257	36	1
228	257	36	1
222	258	36	1
223	258	36	1
224	258	36	3
225	258	36	1
228	258	36	1
231	258	36	1
217	259	36	1
219	259	36	1
222	259	36	1
229	259	36	1
217	260	36	1
226	260	36	1
232	260	36	1
235	260	36	1
240	260	36	1
211	261	36	1
219	261	36	1
229	261	36	1
230	261	36	1
237	261	36	1
242	261	36	2
246	261	36	1
190	262	36	1
214	262	36	1
215	262	36	2
217	262	36	1
222	262	36	2
227	262	36	1
231	262	36	1
210	263	36	1
235	263	36	1
244	263	36	3
245	263	36	2
191	264	36	1
206	264	36	1
212	264	36	1
213	264	36	1
226	264	36	1
231	264	36	1
189	265	36	1
196	265	36	1
211	265	36	2
215	265	36	1
216	265	36	1
222	265	36	2
224	265	36	1
226	265	36	1
246	265	36	1
247	265	36	1
193	266	36	1
196	266	36	1
208	266	36	1
211	266	36	1
217	266	36	1
220	266	36	1
221	266	36	1
228	266	36	1
229	266	36	2
238	266	36	1
241	266	36	1
248	266	36	1
186	267	36	1
193	267	36	2
195	267	36	1
196	267	36	1
208	267	36	1
210	267	36	2
216	267	36	1
217	267	36	1
221	267	36	2
236	267	36	1
239	267	36	1
240	267	36	1
241	267	36	1
242	267	36	1
188	268	36	2
189	268	36	1
197	268	36	1
206	268	36	1
209	268	36	1
210	268	36	1
219	268	36	1
222	268	36	1
223	268	36	1
236	268	36	1
238	268	36	2
241	268	36	1
213	269	36	1
216	269	36	2
217	269	36	2
219	269	36	1
225	269	36	1
240	269	36	1
188	270	36	1
191	270	36	1
198	270	36	2
213	270	36	1
237	270	36	1
240	270	36	1
246	270	36	1
178	271	36	1
191	271	36	1
198	271	36	1
208	271	36	1
216	271	36	1
218	271	36	1
233	271	36	1
236	271	36	1
175	272	36	1
178	272	36	1
181	272	36	1
185	272	36	1
197	272	36	1
206	272	36	2
211	272	36	2
214	272	36	1
215	272	36	1
222	272	36	1
232	272	36	1
240	272	36	1
185	273	36	2
207	273	36	1
212	273	36	1
232	273	36	3
236	273	36	1
238	273	36	2
241	273	36	2
179	274	36	1
185	274	36	2
188	274	36	1
201	274	36	1
206	274	36	1
212	274	36	1
215	274	36	1
218	274	36	1
221	274	36	1
239	274	36	1
240	274	36	1
250	274	36	2
207	275	36	1
209	275	36	2
212	275	36	1
181	276	36	1
203	276	36	1
206	276	36	1
211	276	36	1
213	276	36	1
215	276	36	1
217	276	36	1
219	276	36	1
228	276	36	2
241	276	36	1
205	277	36	1
209	277	36	1
210	277	36	1
213	277	36	1
215	277	36	3
220	277	36	1
181	278	36	2
202	278	36	1
214	278	36	1
231	278	36	3
234	278	36	1
239	278	36	1
173	279	36	1
179	279	36	2
206	279	36	1
219	279	36	1
220	279	36	1
234	279	36	1
191	280	36	1
192	280	36	1
193	280	36	2
206	280	36	1
212	280	36	1
215	280	36	1
224	280	36	1
226	280	36	1
234	280	36	1
190	281	36	1
192	281	36	1
200	281	36	2
207	281	36	2
209	281	36	1
212	281	36	1
221	281	36	1
243	281	36	1
172	282	36	1
190	282	36	1
231	282	36	1
209	283	36	1
210	283	36	1
212	283	36	1
215	283	36	1
225	283	36	1
230	283	36	1
176	284	36	1
177	284	36	1
187	284	36	1
188	284	36	1
196	284	36	1
209	284	36	1
219	284	36	1
225	284	36	1
231	284	36	1
245	284	36	1
190	285	36	1
200	285	36	1
205	285	36	1
212	285	36	1
215	285	36	1
220	285	36	1
221	285	36	2
223	285	36	1
227	285	36	1
234	285	36	1
240	285	36	1
241	285	36	1
208	286	36	2
213	286	36	3
224	286	36	1
228	286	36	1
238	286	36	2
241	286	36	1
185	287	36	1
198	287	36	1
205	287	36	1
219	287	36	1
221	287	36	1
226	287	36	1
227	287	36	1
231	287	36	1
234	287	36	1
246	287	36	1
248	287	36	1
184	288	36	1
199	288	36	1
204	288	36	1
210	288	36	1
220	288	36	2
237	288	36	1
240	288	36	1
241	288	36	1
245	288	36	1
196	289	36	1
199	289	36	1
201	289	36	1
206	289	36	1
233	289	36	1
237	289	36	1
242	289	36	1
244	289	36	1
198	290	36	1
199	290	36	1
206	290	36	1
220	290	36	1
233	290	36	1
234	290	36	1
238	290	36	2
194	291	36	1
196	291	36	1
202	291	36	1
222	291	36	1
224	291	36	2
231	291	36	2
233	291	36	2
234	291	36	1
239	291	36	1
240	291	36	2
241	291	36	1
242	291	36	1
244	291	36	2
245	291	36	1
174	292	36	1
200	292	36	1
204	292	36	1
207	292	36	1
208	292	36	2
221	292	36	1
225	292	36	1
227	292	36	1
231	292	36	1
232	292	36	1
238	292	36	1
239	292	36	1
182	293	36	1
197	293	36	1
199	293	36	2
206	293	36	1
223	293	36	1
224	293	36	1
226	293	36	1
229	293	36	1
237	293	36	1
188	294	36	1
202	294	36	1
223	294	36	1
224	294	36	1
230	294	36	1
198	295	36	1
201	295	36	1
202	295	36	1
207	295	36	1
223	295	36	1
225	295	36	1
230	295	36	1
233	295	36	1
236	295	36	1
237	295	36	1
239	295	36	1
240	295	36	1
245	295	36	1
199	296	36	2
228	296	36	1
235	296	36	2
238	296	36	1
195	297	36	2
219	297	36	1
227	297	36	2
228	297	36	2
232	297	36	2
226	298	36	1
239	298	36	1
245	298	36	1
196	299	36	2
232	299	36	1
233	299	36	2
236	299	36	1
242	299	36	1
244	299	36	1
245	299	36	2
225	300	36	1
228	300	36	1
198	301	36	1
225	301	36	1
228	301	36	1
235	301	36	1
243	301	36	1
235	302	36	1
237	302	36	1
226	303	36	1
227	303	36	1
228	303	36	2
225	304	36	2
226	306	36	1
228	306	36	1
239	306	36	1
240	306	36	2
241	306	36	1
243	306	36	1
244	306	36	1
223	307	36	1
226	307	36	2
227	307	36	1
235	307	36	1
240	307	36	1
243	307	36	2
224	308	36	1
239	308	36	1
242	308	36	3
230	309	36	1
234	309	36	1
221	310	36	1
222	310	36	1
226	310	36	1
227	310	36	1
234	310	36	1
213	311	36	1
222	311	36	3
226	311	36	1
229	311	36	1
216	312	36	1
218	312	36	1
225	312	36	1
235	312	36	1
236	312	36	1
240	312	36	1
217	313	36	1
236	313	36	1
238	313	36	1
228	314	36	2
230	314	36	2
232	314	36	1
241	314	36	1
238	315	36	1
238	316	36	1
240	316	36	1
238	317	36	1
233	318	36	1
235	318	36	1
236	318	36	2
237	318	36	1
240	318	36	1
230	260	37	1
242	260	37	1
217	261	37	1
228	261	37	1
220	262	37	1
230	262	37	1
217	263	37	1
222	263	37	1
231	263	37	1
231	264	37	2
237	264	37	1
215	265	37	1
228	265	37	1
193	266	37	1
194	266	37	1
215	266	37	2
189	267	37	2
233	267	37	1
241	267	37	1
188	268	37	1
217	268	37	1
194	269	37	1
216	269	37	1
236	269	37	1
194	270	37	1
196	270	37	1
197	270	37	1
232	270	37	1
215	271	37	1
221	271	37	1
210	273	37	1
211	273	37	2
212	273	37	1
213	273	37	1
215	273	37	1
210	274	37	1
213	274	37	1
215	274	37	1
205	275	37	1
211	275	37	2
212	275	37	2
214	275	37	1
219	275	37	1
220	275	37	1
215	276	37	1
217	276	37	1
188	277	37	1
210	277	37	1
214	277	37	1
195	278	37	1
215	278	37	1
207	279	37	1
210	279	37	2
217	279	37	1
231	279	37	1
208	280	37	1
208	281	37	1
213	281	37	1
215	281	37	1
208	282	37	1
201	283	37	1
204	283	37	1
207	283	37	1
215	283	37	1
228	283	37	1
237	283	37	1
205	284	37	1
206	284	37	1
212	284	37	1
202	285	37	1
226	285	37	3
233	285	37	1
239	285	37	1
202	286	37	1
206	286	37	3
216	286	37	1
220	286	37	1
225	286	37	1
234	286	37	2
236	286	37	1
188	287	37	1
191	287	37	1
207	287	37	1
219	287	37	2
230	287	37	1
231	287	37	1
237	287	37	1
240	287	37	1
190	288	37	1
192	288	37	1
203	288	37	2
205	288	37	2
221	288	37	1
234	288	37	1
237	288	37	1
241	288	37	1
191	289	37	1
201	289	37	1
203	289	37	1
224	289	37	1
237	289	37	2
239	289	37	1
240	289	37	1
199	290	37	1
200	290	37	1
231	290	37	1
232	290	37	1
233	290	37	1
236	290	37	1
242	290	37	1
195	291	37	1
233	291	37	1
236	291	37	2
239	291	37	1
240	291	37	1
200	292	37	1
231	292	37	1
233	292	37	1
236	292	37	1
190	293	37	1
193	293	37	1
197	293	37	1
201	293	37	3
223	293	37	1
226	293	37	1
230	293	37	1
238	293	37	1
241	293	37	1
202	294	37	1
223	294	37	2
224	294	37	1
225	294	37	2
232	294	37	1
234	294	37	1
237	294	37	1
239	294	37	1
240	294	37	1
242	294	37	1
202	295	37	2
217	295	37	1
225	295	37	1
236	295	37	1
237	295	37	1
241	295	37	2
201	296	37	1
222	296	37	3
237	296	37	2
241	296	37	1
196	297	37	3
229	297	37	1
235	297	37	1
239	297	37	1
202	298	37	2
230	298	37	1
240	298	37	2
245	298	37	1
231	299	37	1
232	299	37	1
245	299	37	1
230	300	37	2
231	300	37	1
235	300	37	1
236	300	37	1
241	300	37	1
244	300	37	1
233	301	37	2
232	303	37	1
236	303	37	1
227	304	37	1
229	305	37	1
236	305	37	1
223	306	37	1
198	307	37	1
226	307	37	1
243	307	37	1
227	308	37	1
227	309	37	1
229	309	37	2
228	310	37	1
221	311	37	3
222	311	37	1
224	311	37	2
234	311	37	2
217	312	37	1
221	312	37	1
225	312	37	1
235	312	37	1
236	312	37	1
212	313	37	1
236	313	37	1
219	314	37	1
229	314	37	1
230	314	37	1
235	314	37	2
237	314	37	1
242	314	37	1
211	315	37	2
238	315	37	1
236	316	37	2
240	316	37	1
232	318	37	2
238	318	37	1
233	322	37	1
226	259	38	1
228	260	38	1
228	261	38	1
224	262	38	1
225	262	38	1
223	264	38	1
232	264	38	1
238	264	38	1
211	266	38	1
214	266	38	1
211	268	38	1
213	268	38	1
194	269	38	1
217	269	38	1
219	269	38	1
192	270	38	2
217	270	38	2
232	270	38	1
193	271	38	2
211	271	38	1
193	272	38	1
215	272	38	1
218	272	38	2
210	273	38	2
214	273	38	1
206	274	38	1
210	274	38	2
213	274	38	1
240	274	38	1
189	275	38	1
203	275	38	1
206	275	38	1
213	275	38	1
208	276	38	1
213	276	38	1
219	276	38	2
205	277	38	1
211	277	38	1
213	277	38	1
214	277	38	1
203	278	38	1
213	278	38	1
215	278	38	2
217	278	38	1
222	278	38	1
177	279	38	3
194	279	38	1
206	279	38	1
208	279	38	1
209	279	38	2
193	280	38	1
210	280	38	1
211	280	38	1
190	281	38	1
191	281	38	2
192	281	38	1
193	281	38	1
208	281	38	1
212	281	38	1
215	281	38	1
189	282	38	2
193	282	38	1
210	282	38	1
223	282	38	1
185	284	38	1
191	284	38	1
215	284	38	1
188	285	38	1
204	285	38	1
217	285	38	1
232	285	38	1
204	286	38	1
216	286	38	1
230	286	38	1
232	286	38	1
202	287	38	1
222	287	38	1
230	287	38	1
188	288	38	1
190	288	38	1
193	288	38	1
206	288	38	1
235	288	38	1
190	289	38	2
200	289	38	1
204	289	38	2
215	289	38	1
232	289	38	1
234	289	38	2
188	290	38	1
192	290	38	1
203	290	38	1
211	290	38	1
218	290	38	1
224	290	38	1
189	291	38	1
191	291	38	1
206	291	38	2
207	291	38	1
232	291	38	2
233	291	38	1
192	292	38	1
197	292	38	1
211	292	38	1
221	292	38	1
229	292	38	1
232	292	38	2
234	292	38	1
238	292	38	2
198	293	38	1
200	293	38	1
202	293	38	1
204	293	38	2
217	293	38	1
230	293	38	1
234	293	38	1
238	293	38	1
202	294	38	1
204	294	38	1
205	294	38	2
206	294	38	1
212	294	38	1
213	294	38	1
230	294	38	1
234	294	38	1
235	294	38	1
236	294	38	1
242	294	38	1
243	294	38	1
197	295	38	1
202	295	38	1
207	295	38	1
218	295	38	1
220	295	38	2
221	295	38	1
232	295	38	2
238	295	38	1
206	296	38	3
233	296	38	1
234	296	38	1
236	296	38	1
237	296	38	1
242	296	38	1
205	297	38	1
219	297	38	2
226	297	38	3
227	297	38	1
232	297	38	1
236	297	38	1
237	297	38	1
240	297	38	3
242	297	38	1
243	297	38	1
216	298	38	1
224	298	38	1
228	298	38	1
231	298	38	1
233	298	38	1
240	298	38	1
244	298	38	1
226	299	38	1
228	299	38	1
242	299	38	1
245	299	38	1
204	300	38	1
225	300	38	1
228	301	38	1
233	301	38	1
236	301	38	1
238	301	38	1
226	302	38	1
235	302	38	1
231	303	38	1
230	304	38	1
233	304	38	1
245	304	38	1
226	305	38	1
229	305	38	1
230	305	38	1
232	305	38	1
233	305	38	1
241	305	38	1
245	305	38	1
229	306	38	1
236	306	38	1
225	307	38	1
226	307	38	1
227	307	38	1
237	307	38	2
226	308	38	1
235	308	38	1
239	308	38	2
240	308	38	1
241	308	38	1
195	309	38	1
223	309	38	1
233	309	38	1
241	309	38	1
242	309	38	1
243	309	38	1
225	310	38	1
226	310	38	1
218	311	38	1
221	311	38	1
222	311	38	1
227	311	38	1
231	311	38	2
237	311	38	1
218	312	38	1
219	312	38	1
227	312	38	1
228	312	38	1
230	312	38	1
231	312	38	1
232	312	38	1
240	312	38	1
241	312	38	1
219	313	38	1
222	313	38	1
229	313	38	1
236	313	38	1
238	313	38	1
244	313	38	1
245	313	38	1
200	314	38	1
217	314	38	1
226	314	38	1
232	314	38	2
236	314	38	1
237	314	38	1
238	314	38	1
211	315	38	1
220	315	38	2
221	315	38	1
226	315	38	1
227	315	38	1
229	315	38	1
238	315	38	2
244	315	38	2
239	316	38	1
240	316	38	1
211	317	38	1
219	317	38	1
226	317	38	1
230	317	38	1
231	317	38	2
232	317	38	1
240	317	38	2
242	317	38	2
243	317	38	1
220	318	38	3
230	318	38	3
232	318	38	1
243	318	38	1
231	319	38	1
241	319	38	1
233	320	38	2
229	321	38	1
233	321	38	1
233	322	38	1
236	322	38	1
220	323	38	1
232	323	38	1
235	323	38	1
233	324	38	1
188	269	39	2
219	269	39	1
214	274	39	1
213	277	39	2
208	278	39	1
216	279	39	1
218	280	39	1
223	281	39	1
190	282	39	1
195	282	39	1
212	282	39	1
219	282	39	3
200	284	39	1
216	284	39	1
191	285	39	1
192	285	39	2
199	285	39	2
193	286	39	1
203	286	39	1
191	287	39	1
207	287	39	2
239	287	39	1
192	288	39	1
195	288	39	1
191	289	39	1
193	289	39	1
201	289	39	1
197	290	39	2
207	290	39	1
215	290	39	1
202	291	39	1
214	291	39	1
239	291	39	1
240	291	39	1
197	292	39	1
208	292	39	1
211	292	39	1
230	292	39	1
197	293	39	1
200	293	39	1
227	293	39	1
238	293	39	1
202	294	39	1
205	294	39	1
213	294	39	3
228	294	39	1
230	294	39	1
238	294	39	1
242	294	39	1
203	295	39	1
212	295	39	1
216	295	39	1
226	295	39	2
229	295	39	1
236	295	39	1
243	295	39	1
202	296	39	1
206	296	39	1
213	296	39	1
220	296	39	1
228	296	39	1
235	296	39	1
239	296	39	1
240	296	39	1
206	297	39	1
223	297	39	1
224	297	39	3
230	297	39	1
234	297	39	1
241	297	39	2
200	298	39	1
201	298	39	1
215	298	39	1
219	298	39	1
223	298	39	1
225	298	39	1
232	298	39	1
239	298	39	1
222	299	39	2
225	299	39	1
226	299	39	1
227	299	39	1
228	299	39	1
214	300	39	1
229	300	39	1
230	300	39	1
227	301	39	1
229	301	39	2
233	301	39	1
238	301	39	2
233	302	39	2
227	303	39	1
225	304	39	1
227	304	39	1
230	304	39	1
231	304	39	1
237	304	39	2
194	305	39	1
229	305	39	1
230	305	39	1
223	306	39	1
227	306	39	1
214	307	39	1
224	307	39	1
232	307	39	1
235	307	39	1
194	308	39	1
216	308	39	1
220	308	39	1
221	308	39	3
223	308	39	1
225	308	39	1
227	308	39	3
229	308	39	1
242	308	39	1
221	309	39	1
222	309	39	3
225	309	39	1
226	309	39	2
232	309	39	1
233	309	39	2
239	309	39	1
217	310	39	2
219	310	39	1
220	310	39	1
239	310	39	2
217	311	39	1
219	311	39	2
230	311	39	1
244	311	39	1
246	311	39	1
211	312	39	1
213	312	39	1
217	312	39	1
218	312	39	1
229	312	39	1
231	312	39	1
232	312	39	1
238	312	39	1
241	312	39	1
242	312	39	1
225	313	39	1
230	313	39	2
235	313	39	2
238	313	39	1
218	314	39	1
240	314	39	1
241	314	39	1
242	314	39	1
219	315	39	1
238	315	39	1
239	315	39	2
242	315	39	1
243	315	39	1
229	316	39	2
233	316	39	1
236	316	39	1
238	316	39	1
242	316	39	1
225	317	39	1
238	317	39	3
229	318	39	1
235	318	39	1
238	318	39	1
243	318	39	1
220	319	39	2
230	319	39	1
214	320	39	2
217	320	39	2
229	320	39	2
231	320	39	1
241	320	39	1
218	321	39	1
230	321	39	1
233	321	39	1
234	321	39	1
231	322	39	1
233	322	39	1
212	327	39	1
193	280	40	1
190	283	40	1
192	283	40	2
206	286	40	1
202	288	40	1
206	291	40	2
191	292	40	1
235	292	40	2
194	293	40	1
204	293	40	2
225	293	40	1
229	293	40	1
234	293	40	1
221	294	40	1
225	294	40	1
220	295	40	1
205	296	40	2
206	296	40	1
234	296	40	1
188	297	40	1
241	297	40	1
212	298	40	2
215	298	40	2
222	298	40	1
225	298	40	1
226	298	40	1
235	298	40	1
214	299	40	1
224	299	40	1
236	299	40	1
242	299	40	1
225	300	40	1
236	300	40	1
229	301	40	1
236	301	40	2
237	301	40	1
237	302	40	1
243	302	40	2
241	303	40	1
210	306	40	1
214	306	40	1
224	306	40	1
242	306	40	1
228	308	40	1
233	308	40	1
195	309	40	1
203	309	40	1
222	309	40	1
223	309	40	2
227	309	40	2
240	309	40	1
194	310	40	1
217	310	40	1
218	310	40	1
219	310	40	1
221	310	40	1
224	310	40	1
229	310	40	1
231	310	40	1
242	310	40	1
219	311	40	1
225	311	40	2
237	311	40	1
238	311	40	1
241	311	40	2
218	312	40	1
219	312	40	1
221	312	40	1
229	312	40	2
241	312	40	1
243	312	40	1
213	313	40	1
223	313	40	1
235	313	40	1
243	313	40	1
220	314	40	2
225	314	40	1
236	314	40	1
238	314	40	2
239	314	40	1
237	315	40	3
238	315	40	1
239	315	40	1
240	315	40	1
241	315	40	1
236	316	40	1
238	316	40	1
243	316	40	1
235	317	40	1
220	318	40	1
238	318	40	1
241	318	40	1
215	319	40	1
230	319	40	1
232	319	40	1
241	319	40	1
221	320	40	3
230	320	40	1
212	324	40	1
213	329	40	2
226	292	41	1
225	293	41	1
210	294	41	1
205	296	41	1
224	297	41	1
231	305	41	1
227	306	41	1
223	307	41	1
225	307	41	2
227	307	41	2
229	307	41	1
224	308	41	1
226	308	41	1
229	308	41	1
220	309	41	1
224	309	41	1
223	311	41	1
217	312	41	1
221	312	41	1
234	312	41	1
235	312	41	1
223	313	41	1
239	313	41	1
244	313	41	2
238	314	41	1
249	314	41	2
218	315	41	3
243	315	41	1
216	316	41	2
221	316	41	1
243	316	41	2
249	316	41	2
218	317	41	2
223	317	41	2
242	317	41	2
244	317	41	1
245	317	41	1
229	318	41	1
240	318	41	1
245	318	41	1
217	319	41	2
223	319	41	1
230	320	41	1
231	320	41	1
231	321	41	1
231	322	41	2
230	323	41	1
236	323	41	1
215	297	42	1
228	299	42	1
231	300	42	2
221	302	42	1
227	305	42	1
229	305	42	1
220	306	42	1
230	306	42	1
239	306	42	1
227	307	42	1
223	308	42	2
239	308	42	1
241	308	42	1
235	309	42	1
236	309	42	1
219	310	42	1
241	310	42	3
238	311	42	1
214	312	42	2
222	313	42	2
223	313	42	1
224	313	42	1
226	313	42	1
234	313	42	1
244	313	42	1
225	314	42	1
236	314	42	1
217	315	42	1
221	315	42	2
241	315	42	1
218	316	42	1
227	316	42	1
238	316	42	1
219	317	42	1
224	317	42	1
227	317	42	2
232	317	42	1
217	318	42	1
219	318	42	1
220	318	42	1
229	318	42	1
247	318	42	1
226	319	42	1
231	319	42	2
229	320	42	1
230	321	42	1
226	322	42	1
218	310	43	1
222	310	43	1
241	311	43	1
219	312	43	1
236	313	43	1
245	315	43	1
223	316	43	1
230	316	43	1
241	316	43	1
218	318	43	1
220	304	44	1
219	306	44	1
223	308	44	1
220	309	44	1
211	310	44	3
239	311	44	3
223	312	44	1
231	312	44	1
243	312	44	1
219	313	44	2
229	313	44	1
241	314	44	1
222	315	44	1
238	315	44	1
242	317	44	1
230	318	44	1
224	321	44	1
224	322	44	1
216	316	45	1
132	221	20	2
127	222	20	1
133	224	20	1
175	224	20	1
139	226	20	1
156	226	20	1
158	226	20	1
172	226	20	1
189	227	20	1
112	228	20	1
119	228	20	1
128	228	20	1
130	228	20	1
174	228	20	1
158	229	20	1
129	230	20	2
204	230	20	2
132	231	20	1
149	231	20	1
136	233	20	1
152	233	20	1
215	233	20	1
130	234	20	2
204	234	20	2
215	234	20	1
126	235	20	1
158	235	20	1
127	236	20	1
148	237	20	1
117	238	20	1
139	238	20	1
140	238	20	1
144	239	20	1
160	239	20	1
215	239	20	1
152	240	20	1
160	240	20	1
214	240	20	1
122	241	20	1
131	241	20	1
138	241	20	1
141	241	20	1
145	241	20	1
121	242	20	1
123	242	20	1
132	242	20	1
136	242	20	1
207	242	20	1
125	243	20	1
132	243	20	1
181	243	20	1
162	244	20	1
183	244	20	2
213	244	20	1
214	244	20	1
117	246	20	1
149	246	20	1
221	246	20	1
122	247	20	1
141	248	20	1
166	248	20	1
167	249	20	1
215	249	20	1
121	250	20	1
155	250	20	1
157	250	20	1
162	250	20	1
251	251	20	1
234	252	20	1
139	253	20	2
140	253	20	2
194	253	20	1
222	253	20	1
124	254	20	1
127	254	20	1
148	254	20	1
154	254	20	1
161	254	20	1
244	254	20	1
198	255	20	1
233	255	20	1
196	256	20	1
198	256	20	1
204	256	20	1
241	256	20	1
175	257	20	1
232	257	20	1
258	257	20	1
265	257	20	1
128	258	20	1
162	258	20	1
198	258	20	1
233	258	20	1
136	259	20	1
167	259	20	1
197	259	20	1
250	259	20	1
252	259	20	2
134	260	20	1
157	260	20	1
102	261	20	1
142	261	20	2
191	261	20	1
199	261	20	1
231	261	20	1
144	262	20	1
225	262	20	1
254	262	20	1
133	263	20	2
163	263	20	1
166	263	20	1
246	263	20	1
265	263	20	1
126	264	20	1
146	264	20	1
160	264	20	1
168	264	20	1
220	264	20	1
254	264	20	1
264	264	20	1
162	265	20	1
166	265	20	1
179	265	20	2
190	265	20	1
218	265	20	2
118	266	20	1
129	266	20	1
132	266	20	1
158	266	20	1
160	266	20	2
231	266	20	1
116	267	20	1
239	267	20	1
109	268	20	1
141	268	20	1
212	268	20	1
213	268	20	1
216	268	20	1
130	269	20	1
159	269	20	1
212	269	20	2
100	270	20	2
165	270	20	1
177	270	20	1
224	270	20	1
162	271	20	1
164	271	20	1
222	271	20	1
117	272	20	1
120	272	20	1
135	272	20	1
260	272	20	1
264	272	20	1
117	273	20	1
152	273	20	1
165	273	20	1
217	273	20	1
167	274	20	1
169	274	20	1
214	274	20	1
226	274	20	1
227	274	20	1
230	274	20	1
148	275	20	1
176	275	20	1
221	275	20	1
226	275	20	1
110	276	20	1
122	276	20	1
130	276	20	1
158	276	20	1
170	276	20	1
180	276	20	1
262	277	20	3
152	278	20	1
160	278	20	1
168	278	20	1
183	278	20	1
208	278	20	1
270	278	20	1
163	279	20	1
204	279	20	1
218	279	20	1
234	279	20	1
108	280	20	1
133	280	20	1
199	280	20	1
131	281	20	1
142	281	20	1
147	281	20	1
166	281	20	2
169	281	20	1
176	281	20	1
214	281	20	1
218	281	20	1
106	282	20	2
149	282	20	2
161	283	20	1
171	283	20	1
214	283	20	1
217	283	20	2
232	283	20	1
272	283	20	1
224	284	20	1
145	285	20	1
205	285	20	1
268	285	20	2
272	285	20	1
101	286	20	1
129	286	20	1
220	287	20	1
269	287	20	1
136	288	20	1
167	288	20	1
196	288	20	1
225	288	20	1
230	288	20	1
125	289	20	1
152	289	20	2
173	290	20	2
271	290	20	1
149	291	20	1
236	292	20	1
165	293	20	1
222	293	20	1
136	294	20	1
219	294	20	1
222	294	20	1
264	294	20	1
269	294	20	1
218	295	20	1
116	296	20	1
145	296	20	1
180	296	20	1
187	296	20	2
212	296	20	1
133	297	20	1
192	298	20	1
129	299	20	1
134	299	20	1
219	299	20	1
235	299	20	1
257	299	20	1
139	300	20	1
174	300	20	1
166	301	20	1
186	301	20	1
187	303	20	1
194	303	20	1
222	303	20	1
185	304	20	1
209	304	20	1
236	304	20	1
237	304	20	1
223	305	20	1
127	306	20	1
136	306	20	1
172	306	20	1
209	306	20	1
246	306	20	1
128	307	20	1
142	307	20	1
177	307	20	1
227	307	20	1
238	307	20	1
241	307	20	1
201	308	20	1
208	308	20	1
220	308	20	1
233	308	20	1
235	308	20	1
257	308	20	1
242	309	20	2
262	309	20	1
118	310	20	1
182	310	20	1
245	310	20	1
210	311	20	1
238	311	20	1
211	312	20	1
233	312	20	1
258	312	20	1
107	313	20	1
139	313	20	1
197	313	20	1
217	313	20	1
250	313	20	2
142	314	20	1
202	314	20	1
150	315	20	1
159	315	20	1
194	315	20	2
215	315	20	1
243	315	20	1
260	315	20	1
265	315	20	1
119	316	20	2
131	316	20	1
146	316	20	1
182	316	20	1
235	316	20	1
244	316	20	1
110	317	20	1
129	317	20	1
129	318	20	1
172	318	20	1
187	318	20	1
237	318	20	2
256	318	20	1
153	319	20	1
193	319	20	1
233	319	20	1
94	321	20	1
183	321	20	1
196	321	20	1
197	321	20	1
237	321	20	1
254	321	20	2
256	321	20	1
264	321	20	1
92	322	20	1
97	322	20	1
157	322	20	1
187	322	20	1
257	322	20	1
118	323	20	2
153	323	20	1
178	323	20	1
180	323	20	1
193	323	20	1
234	323	20	1
149	324	20	1
188	324	20	1
196	324	20	2
179	325	20	1
195	325	20	1
205	325	20	2
207	325	20	1
258	325	20	1
128	326	20	1
194	326	20	1
201	326	20	1
102	327	20	1
106	327	20	1
139	327	20	1
145	327	20	1
161	327	20	1
179	327	20	1
244	327	20	1
120	328	20	1
181	328	20	1
183	328	20	1
200	328	20	1
212	328	20	1
257	328	20	1
260	328	20	1
98	329	20	1
117	329	20	1
147	329	20	2
158	329	20	1
169	329	20	1
187	329	20	1
131	330	20	1
150	330	20	1
181	330	20	2
213	330	20	1
106	332	20	1
114	332	20	1
179	332	20	2
260	332	20	1
174	333	20	1
175	333	20	1
176	333	20	1
210	333	20	1
227	333	20	1
244	333	20	2
158	334	20	2
210	334	20	1
253	334	20	1
182	335	20	1
210	335	20	1
227	335	20	1
239	335	20	1
169	336	20	2
222	336	20	1
230	336	20	1
260	336	20	1
169	338	20	1
177	340	20	1
233	340	20	1
242	340	20	1
167	341	20	1
214	341	20	3
238	341	20	1
217	342	20	1
227	342	20	1
231	342	20	1
194	343	20	1
219	343	20	1
223	343	20	1
178	344	20	1
216	344	20	1
244	344	20	1
240	345	20	2
187	346	20	4
198	347	20	1
232	348	20	1
165	350	20	1
169	350	20	1
231	350	20	1
203	351	20	1
206	351	20	1
197	352	20	1
173	353	20	1
231	353	20	1
178	354	20	1
200	355	20	1
210	355	20	1
180	357	20	1
199	357	20	1
191	359	20	1
206	360	20	1
199	361	20	1
205	361	20	1
193	364	20	1
183	226	21	1
146	228	21	1
147	228	21	2
173	230	21	1
132	236	21	1
140	236	21	1
138	237	21	1
164	237	21	1
191	237	21	1
132	238	21	1
148	238	21	1
139	239	21	3
174	241	21	1
136	242	21	1
128	243	21	1
129	243	21	1
142	243	21	1
145	244	21	1
149	245	21	1
135	246	21	1
197	247	21	1
232	247	21	1
217	250	21	1
117	251	21	1
232	251	21	1
201	252	21	2
219	252	21	1
226	255	21	2
122	256	21	1
227	256	21	1
181	260	21	1
137	262	21	1
175	264	21	1
161	266	21	2
155	268	21	1
124	269	21	2
154	269	21	1
177	269	21	1
156	270	21	1
235	270	21	1
163	272	21	1
164	272	21	1
165	272	21	1
175	272	21	2
182	272	21	1
151	273	21	1
164	273	21	2
166	273	21	1
134	274	21	3
149	274	21	1
154	274	21	1
167	274	21	1
227	274	21	1
236	274	21	1
116	276	21	1
175	276	21	1
219	276	21	1
221	276	21	2
223	276	21	1
218	277	21	1
117	278	21	1
124	278	21	1
221	278	21	2
177	279	21	1
186	279	21	2
216	279	21	1
174	280	21	1
204	280	21	1
219	280	21	1
169	281	21	2
140	282	21	1
220	282	21	1
150	283	21	1
222	284	21	2
224	284	21	1
237	285	21	1
220	286	21	1
219	287	21	1
134	288	21	1
271	288	21	2
219	290	21	1
221	290	21	1
271	292	21	1
187	294	21	1
245	295	21	1
126	296	21	1
150	297	21	1
217	297	21	1
162	298	21	1
230	298	21	1
131	300	21	1
210	301	21	1
269	301	21	1
236	302	21	1
240	303	21	1
186	304	21	1
208	304	21	1
204	305	21	1
234	306	21	1
235	306	21	1
258	306	21	1
207	307	21	1
210	307	21	2
236	307	21	1
201	308	21	1
205	308	21	2
261	309	21	1
265	309	21	1
186	310	21	1
230	310	21	1
231	310	21	1
261	310	21	1
199	311	21	2
204	311	21	1
260	313	21	1
262	313	21	1
204	314	21	1
205	314	21	1
163	315	21	1
179	315	21	1
257	315	21	1
181	316	21	1
203	316	21	1
256	316	21	1
180	317	21	1
200	317	21	1
146	318	21	1
264	318	21	1
166	319	21	1
184	319	21	1
258	319	21	1
262	320	21	1
118	321	21	1
132	321	21	1
260	321	21	1
185	323	21	1
200	323	21	1
187	324	21	1
187	325	21	1
94	327	21	1
180	327	21	1
173	328	21	1
181	332	21	1
261	332	21	1
255	334	21	1
173	336	21	1
177	336	21	1
240	338	21	2
160	340	21	1
237	340	21	1
231	342	21	1
243	345	21	1
236	348	21	1
212	349	21	1
231	350	21	1
181	355	21	1
179	360	21	1
197	363	21	1
191	364	21	1
140	234	22	1
147	234	22	2
132	235	22	2
132	236	22	1
139	236	22	1
216	239	22	1
146	240	22	1
152	240	22	1
154	240	22	1
137	241	22	1
140	241	22	1
150	241	22	1
153	241	22	2
214	241	22	1
215	241	22	1
139	243	22	1
133	245	22	1
135	247	22	1
217	250	22	2
221	254	22	1
150	256	22	1
199	257	22	1
160	258	22	3
163	258	22	1
162	259	22	1
163	264	22	1
122	267	22	1
158	270	22	1
176	271	22	1
181	271	22	1
177	272	22	1
227	275	22	2
176	277	22	1
169	279	22	1
171	279	22	1
217	279	22	2
178	280	22	1
224	280	22	1
226	282	22	1
217	290	22	1
219	292	22	1
222	292	22	2
220	297	22	3
238	303	22	1
263	304	22	1
185	305	22	1
207	307	22	2
203	308	22	1
206	309	22	1
231	309	22	1
250	310	22	1
260	310	22	1
176	312	22	2
175	313	22	1
257	314	22	1
179	315	22	1
179	317	22	1
262	318	22	1
180	319	22	1
184	320	22	1
261	320	22	1
191	323	22	1
200	324	22	1
182	325	22	1
199	325	22	2
260	326	22	1
202	327	22	2
98	328	22	1
184	328	22	1
200	328	22	1
181	331	22	1
179	337	22	1
235	340	22	1
244	344	22	1
157	225	23	1
157	228	23	1
157	229	23	1
156	230	23	1
157	230	23	1
138	234	23	1
148	235	23	1
146	236	23	1
150	236	23	1
133	237	23	1
150	238	23	1
138	239	23	1
142	240	23	1
140	241	23	2
150	241	23	1
140	243	23	1
214	243	23	1
139	244	23	1
227	249	23	1
224	253	23	2
228	257	23	1
119	263	23	1
122	264	23	1
122	269	23	1
168	273	23	1
224	275	23	2
170	279	23	1
179	279	23	3
219	279	23	1
173	282	23	1
176	284	23	1
203	287	23	1
271	292	23	1
220	293	23	1
217	294	23	1
235	301	23	1
236	301	23	1
211	302	23	1
236	302	23	1
208	305	23	1
241	306	23	1
205	307	23	1
241	307	23	1
179	309	23	1
204	309	23	1
261	312	23	1
203	313	23	1
258	313	23	1
176	314	23	1
257	314	23	2
258	315	23	2
172	316	23	1
258	316	23	1
182	318	23	1
259	318	23	1
182	319	23	1
261	319	23	1
184	323	23	2
186	325	23	1
192	326	23	1
259	327	23	1
94	330	23	1
235	340	23	1
242	345	23	1
181	222	24	1
181	223	24	1
182	223	24	1
178	226	24	1
157	228	24	1
143	234	24	1
145	235	24	1
136	236	24	1
141	236	24	1
144	236	24	3
137	237	24	1
138	237	24	1
151	238	24	1
133	239	24	1
145	239	24	2
148	239	24	1
137	244	24	1
141	244	24	1
147	244	24	1
135	245	24	1
216	249	24	1
230	249	24	1
222	253	24	1
163	256	24	1
197	257	24	1
196	258	24	2
225	260	24	1
196	261	24	2
217	263	24	1
163	264	24	2
117	265	24	1
124	265	24	1
126	266	24	1
127	268	24	1
165	269	24	1
131	271	24	2
128	272	24	1
167	275	24	2
170	276	24	1
178	276	24	1
177	277	24	1
180	277	24	1
220	277	24	1
171	278	24	1
178	278	24	1
171	279	24	1
168	281	24	1
174	281	24	1
173	283	24	1
204	283	24	1
204	285	24	1
276	286	24	1
277	288	24	1
275	289	24	1
276	289	24	1
275	291	24	1
266	295	24	1
191	296	24	1
269	297	24	1
266	298	24	2
213	299	24	1
189	300	24	1
235	300	24	1
238	300	24	1
263	300	24	1
240	302	24	2
266	302	24	1
207	303	24	1
188	304	24	1
263	304	24	1
259	305	24	1
263	305	24	1
242	306	24	1
263	306	24	1
260	307	24	1
209	308	24	1
263	308	24	1
181	309	24	1
257	309	24	1
259	309	24	1
202	310	24	2
204	310	24	1
240	310	24	1
266	311	24	2
200	312	24	1
257	312	24	1
177	313	24	1
175	314	24	1
203	314	24	1
257	314	24	2
259	314	24	1
260	314	24	2
171	315	24	1
173	315	24	1
175	315	24	2
211	315	24	1
213	316	24	1
262	317	24	1
167	318	24	1
169	318	24	1
260	318	24	1
258	319	24	1
185	320	24	1
181	321	24	1
238	321	24	2
260	321	24	1
237	322	24	1
242	322	24	1
161	324	24	1
186	324	24	1
259	324	24	1
188	325	24	1
185	326	24	1
258	326	24	2
146	335	24	1
259	335	24	1
181	223	25	1
150	233	25	1
152	234	25	1
140	235	25	1
143	235	25	1
150	235	25	1
249	237	25	2
237	241	25	1
131	243	25	1
227	243	25	1
135	246	25	1
144	246	25	2
140	247	25	1
230	248	25	1
195	249	25	1
225	253	25	1
224	257	25	2
119	261	25	1
126	265	25	1
261	266	25	1
164	278	25	1
170	278	25	2
176	278	25	1
165	279	25	1
170	280	25	2
169	281	25	1
172	282	25	1
277	290	25	1
266	296	25	1
238	297	25	3
268	297	25	1
268	299	25	1
262	301	25	1
238	302	25	1
236	305	25	1
233	306	25	1
236	307	25	1
208	311	25	1
260	312	25	1
209	314	25	1
258	318	25	1
241	321	25	1
237	324	25	1
182	222	26	1
181	223	26	1
178	226	26	2
157	229	26	1
159	230	26	1
140	235	26	1
250	235	26	1
136	238	26	1
144	238	26	2
136	240	26	1
136	243	26	1
230	248	26	1
229	251	26	1
124	252	26	1
226	252	26	1
123	253	26	1
121	269	26	2
124	271	26	1
178	277	26	1
174	280	26	1
273	283	26	1
274	283	26	1
274	284	26	1
235	298	26	1
209	311	26	1
209	312	26	1
209	313	26	1
259	313	26	2
211	314	26	1
260	314	26	1
211	315	26	2
258	318	26	1
237	319	26	1
259	319	26	1
241	321	26	1
183	221	27	1
183	222	27	1
155	231	27	1
162	231	27	1
161	232	27	2
166	232	27	1
152	234	27	1
153	234	27	1
146	235	27	3
250	235	27	3
137	236	27	1
245	236	27	1
249	236	27	1
137	237	27	1
241	238	27	1
242	240	27	1
135	241	27	1
226	241	27	1
121	257	27	1
122	257	27	1
122	258	27	1
126	267	27	1
119	268	27	1
126	268	27	1
122	270	27	1
123	270	27	1
174	277	27	1
175	277	27	2
178	278	27	1
167	279	27	1
165	282	27	2
178	283	27	1
272	283	27	1
168	285	27	1
271	291	27	1
191	294	27	2
237	304	27	2
236	306	27	1
203	309	27	1
202	311	27	1
209	311	27	1
206	313	27	1
259	316	27	1
260	328	27	2
160	231	28	1
164	231	28	1
166	231	28	1
156	233	28	1
145	235	28	1
144	236	28	1
250	236	28	1
137	237	28	1
147	238	28	1
185	241	28	1
231	245	28	1
229	250	28	1
126	251	28	1
126	254	28	1
124	256	28	3
126	257	28	1
134	257	28	1
121	264	28	1
124	269	28	1
121	270	28	1
121	271	28	1
123	271	28	1
127	271	28	1
167	272	28	1
129	275	28	1
128	278	28	1
175	279	28	1
172	281	28	1
174	281	28	1
165	282	28	1
275	282	28	1
165	283	28	2
175	284	28	1
274	284	28	1
167	285	28	1
271	289	28	1
270	290	28	1
179	296	28	1
236	305	28	1
230	306	28	1
247	311	28	1
259	316	28	1
240	317	28	1
240	321	28	1
235	323	28	1
96	327	28	1
133	328	28	1
112	226	29	1
250	235	29	1
191	236	29	1
250	238	29	1
179	240	29	1
186	240	29	1
185	241	29	1
193	243	29	1
186	244	29	1
226	250	29	1
134	255	29	2
131	257	29	2
134	259	29	2
259	267	29	1
123	270	29	1
136	272	29	2
168	273	29	1
128	274	29	1
137	275	29	1
170	275	29	1
172	280	29	1
276	282	29	1
166	283	29	2
276	283	29	1
177	285	29	1
176	295	29	1
183	300	29	1
211	311	29	1
212	312	29	1
212	315	29	1
245	315	29	1
255	316	29	1
241	318	29	1
243	319	29	2
239	321	29	1
227	327	29	1
96	328	29	1
93	330	29	1
97	330	29	1
95	331	29	1
143	332	29	1
95	333	29	1
185	360	29	1
187	361	29	1
112	227	30	1
186	239	30	1
179	241	30	1
189	241	30	1
181	242	30	1
182	242	30	1
190	245	30	1
126	256	30	1
129	256	30	1
250	257	30	1
133	259	30	1
127	267	30	1
126	270	30	1
134	270	30	1
168	270	30	1
122	271	30	1
127	271	30	2
166	271	30	1
129	272	30	1
165	272	30	1
168	273	30	1
142	274	30	1
139	275	30	1
159	279	30	1
276	281	30	1
276	282	30	1
160	283	30	1
275	285	30	1
194	306	30	1
189	308	30	1
205	308	30	1
206	313	30	1
207	314	30	1
128	324	30	1
141	331	30	1
95	333	30	1
218	361	30	1
175	241	31	1
187	241	31	1
185	243	31	1
186	243	31	1
173	245	31	1
128	256	31	3
124	259	31	1
258	262	31	1
127	264	31	1
261	264	31	2
129	265	31	1
261	265	31	1
257	266	31	1
259	266	31	1
258	267	31	1
260	268	31	1
127	269	31	2
129	269	31	1
132	270	31	1
163	271	31	3
260	271	31	1
142	273	31	1
162	274	31	1
166	275	31	1
168	277	31	1
276	281	31	1
167	284	31	1
276	284	31	1
276	285	31	1
167	287	31	1
162	288	31	1
166	288	31	1
193	308	31	1
197	308	31	1
205	310	31	1
200	315	31	2
220	315	31	1
211	317	31	2
206	319	31	1
212	319	31	1
236	323	31	1
98	326	31	1
92	327	31	1
94	330	31	1
96	332	31	1
97	333	31	1
183	348	31	1
188	349	31	1
181	242	32	1
187	242	32	1
190	244	32	1
175	247	32	1
134	257	32	1
254	257	32	1
256	259	32	1
256	261	32	2
126	264	32	2
258	265	32	2
261	265	32	1
165	268	32	1
263	270	32	1
165	272	32	1
140	273	32	1
166	273	32	1
141	275	32	1
260	277	32	1
163	286	32	1
165	295	32	2
118	303	32	2
118	304	32	2
187	307	32	1
195	308	32	1
199	308	32	1
205	308	32	1
186	309	32	1
210	309	32	1
195	310	32	1
113	311	32	1
210	311	32	1
201	312	32	1
246	312	32	1
225	313	32	1
210	319	32	1
245	320	32	1
238	323	32	1
97	330	32	1
93	331	32	1
186	347	32	1
180	352	32	1
175	359	32	1
179	360	32	1
220	363	32	1
112	228	33	1
176	242	33	2
184	245	33	1
208	246	33	1
136	254	33	1
134	255	33	1
149	255	33	1
252	258	33	1
252	259	33	1
258	260	33	1
127	264	33	1
124	267	33	1
261	267	33	1
130	269	33	1
263	275	33	1
164	277	33	2
146	278	33	1
157	279	33	1
152	280	33	1
261	281	33	1
162	282	33	2
160	283	33	1
162	283	33	1
161	286	33	1
166	287	33	1
125	292	33	1
121	300	33	1
118	305	33	1
115	308	33	1
189	308	33	1
198	308	33	1
207	308	33	1
191	309	33	1
198	309	33	1
186	311	33	2
194	311	33	1
206	311	33	2
196	312	33	1
198	312	33	1
207	314	33	1
209	314	33	1
120	318	33	1
243	318	33	1
210	321	33	1
236	321	33	1
193	333	33	1
198	333	33	1
214	341	33	2
206	345	33	1
199	346	33	1
188	348	33	1
181	350	33	1
181	352	33	1
211	352	33	2
177	353	33	1
178	360	33	1
113	225	34	1
114	226	34	1
139	234	34	1
139	239	34	1
179	245	34	1
134	250	34	1
130	252	34	1
131	254	34	1
138	254	34	1
131	257	34	1
252	257	34	1
130	258	34	1
133	259	34	1
133	261	34	1
134	261	34	1
156	261	34	1
167	261	34	2
159	262	34	1
127	263	34	1
130	263	34	1
261	264	34	1
129	265	34	1
129	266	34	1
264	267	34	1
260	268	34	2
166	271	34	1
162	272	34	1
158	276	34	1
262	281	34	1
262	283	34	1
159	284	34	1
125	289	34	1
159	290	34	1
121	296	34	1
253	296	34	1
170	298	34	1
172	300	34	1
118	301	34	1
118	302	34	1
121	302	34	1
116	306	34	1
118	308	34	1
116	309	34	1
193	309	34	1
197	309	34	1
244	309	34	1
192	310	34	1
252	310	34	1
192	311	34	1
114	314	34	1
245	318	34	1
243	320	34	3
198	321	34	1
201	321	34	1
201	322	34	1
234	324	34	1
100	330	34	2
98	332	34	1
101	332	34	2
98	333	34	1
197	334	34	1
202	334	34	1
193	335	34	1
192	336	34	1
192	337	34	1
191	340	34	1
211	342	34	1
192	344	34	1
200	344	34	1
214	346	34	1
191	347	34	1
195	347	34	1
182	348	34	1
186	348	34	1
187	350	34	1
194	350	34	1
201	352	34	1
204	352	34	1
205	352	34	1
213	352	34	1
181	355	34	1
182	355	34	1
113	226	35	1
117	226	35	1
116	228	35	1
129	236	35	3
139	237	35	1
143	240	35	1
138	241	35	2
176	245	35	1
175	246	35	1
134	252	35	1
134	256	35	1
254	256	35	1
134	257	35	1
130	258	35	2
133	258	35	1
128	263	35	1
265	266	35	1
153	267	35	1
141	272	35	1
160	272	35	2
160	275	35	1
162	276	35	1
163	276	35	1
166	276	35	2
158	282	35	1
261	282	35	1
124	290	35	1
160	294	35	1
252	296	35	1
119	297	35	1
167	297	35	1
173	300	35	1
118	302	35	1
175	303	35	2
174	304	35	1
175	304	35	2
176	304	35	1
246	306	35	1
120	307	35	1
176	307	35	1
188	308	35	2
114	309	35	1
136	309	35	1
186	309	35	1
196	309	35	1
116	310	35	1
192	311	35	1
195	311	35	1
196	311	35	1
198	311	35	2
199	312	35	2
114	313	35	1
195	313	35	1
110	314	35	2
109	317	35	1
110	317	35	1
121	317	35	2
125	317	35	3
244	317	35	1
201	321	35	1
240	321	35	1
242	321	35	1
199	322	35	1
237	322	35	1
240	324	35	1
234	325	35	1
236	326	35	1
96	328	35	1
95	329	35	1
96	329	35	1
183	333	35	2
189	333	35	1
192	334	35	1
194	336	35	2
214	339	35	1
212	341	35	1
212	342	35	1
186	348	35	1
190	348	35	1
192	349	35	1
213	349	35	1
215	349	35	1
212	350	35	1
187	351	35	1
208	351	35	1
210	351	35	1
212	351	35	1
211	352	35	1
183	353	35	2
182	354	35	3
185	354	35	1
181	355	35	1
206	356	35	2
113	227	36	1
119	234	36	1
138	236	36	2
173	244	36	1
134	250	36	1
135	254	36	1
144	254	36	1
136	255	36	1
132	258	36	1
134	259	36	1
134	261	36	1
128	263	36	1
132	263	36	1
143	263	36	2
155	264	36	1
136	269	36	1
261	275	36	1
161	279	36	1
126	282	36	1
258	283	36	1
161	284	36	1
126	285	36	1
123	286	36	1
124	286	36	1
158	286	36	1
160	286	36	1
124	288	36	1
154	288	36	1
257	295	36	1
165	297	36	1
166	299	36	1
174	300	36	1
175	300	36	1
176	300	36	1
172	301	36	1
175	301	36	3
120	303	36	1
114	304	36	1
115	306	36	1
112	308	36	1
186	309	36	1
184	310	36	1
110	311	36	1
240	321	36	2
129	322	36	1
238	322	36	1
240	324	36	1
235	325	36	1
96	327	36	2
185	333	36	1
201	335	36	1
204	336	36	1
198	339	36	1
189	343	36	2
189	346	36	1
191	347	36	1
209	349	36	1
210	352	36	2
207	353	36	1
211	353	36	1
182	354	36	1
182	355	36	1
207	355	36	1
208	355	36	1
181	356	36	2
123	225	37	1
119	228	37	1
122	229	37	1
172	232	37	1
123	233	37	1
129	233	37	1
138	233	37	1
126	234	37	1
119	235	37	1
134	235	37	2
134	236	37	1
143	239	37	1
167	241	37	1
169	241	37	1
173	241	37	1
169	243	37	1
175	243	37	1
175	245	37	1
133	253	37	1
140	253	37	1
134	254	37	1
133	255	37	1
132	256	37	1
134	260	37	1
159	262	37	1
263	263	37	1
144	264	37	1
128	265	37	1
263	265	37	1
154	268	37	1
162	272	37	1
254	272	37	1
161	273	37	1
143	274	37	2
164	274	37	1
142	278	37	2
127	281	37	1
126	287	37	1
126	288	37	1
259	293	37	1
254	294	37	1
259	295	37	2
173	299	37	1
172	302	37	1
121	304	37	1
112	313	37	2
150	315	37	1
116	320	37	1
138	324	37	1
239	324	37	1
241	326	37	1
181	333	37	1
185	333	37	1
148	335	37	3
195	335	37	1
212	339	37	1
208	341	37	1
191	343	37	1
192	344	37	1
200	344	37	1
191	347	37	1
213	347	37	1
214	347	37	1
210	349	37	2
210	350	37	2
214	351	37	1
211	352	37	1
183	354	37	1
205	354	37	1
212	355	37	1
205	357	37	1
206	358	37	1
114	218	38	1
125	223	38	1
126	225	38	1
126	227	38	1
173	230	38	1
117	233	38	1
114	234	38	1
117	235	38	1
136	235	38	1
134	236	38	1
143	237	38	1
168	239	38	1
166	240	38	1
200	240	38	1
138	241	38	1
144	242	38	1
174	243	38	1
140	244	38	1
169	245	38	1
171	245	38	2
172	245	38	1
174	246	38	2
233	252	38	1
236	252	38	1
135	253	38	1
139	253	38	3
148	253	38	1
134	255	38	1
138	255	38	1
150	255	38	2
134	256	38	1
151	256	38	1
130	260	38	1
142	260	38	1
146	261	38	1
149	261	38	1
170	261	38	1
260	261	38	1
128	263	38	1
153	263	38	1
260	263	38	1
129	264	38	1
147	264	38	1
163	264	38	1
143	265	38	1
143	267	38	1
262	267	38	1
136	269	38	2
247	271	38	1
132	272	38	1
140	272	38	1
141	272	38	1
147	272	38	1
253	272	38	1
144	273	38	1
134	274	38	1
138	274	38	1
256	276	38	1
140	277	38	1
143	277	38	1
164	278	38	1
129	280	38	2
134	280	38	1
164	280	38	1
161	281	38	1
129	282	38	2
140	284	38	1
159	284	38	1
127	285	38	1
129	285	38	1
153	286	38	1
257	291	38	2
156	292	38	1
258	294	38	1
155	295	38	2
259	295	38	1
177	300	38	1
170	301	38	1
175	302	38	2
178	302	38	1
125	304	38	1
174	304	38	1
176	304	38	2
148	315	38	1
118	316	38	1
119	316	38	1
140	316	38	1
116	318	38	1
151	318	38	2
116	319	38	1
117	319	38	1
144	319	38	1
140	320	38	1
147	320	38	1
137	323	38	1
181	324	38	1
242	326	38	1
159	332	38	2
177	333	38	1
148	335	38	1
181	335	38	2
215	339	38	1
191	343	38	1
212	345	38	1
188	346	38	1
211	347	38	1
210	351	38	1
184	354	38	1
177	356	38	1
208	356	38	1
174	357	38	1
181	357	38	1
206	358	38	1
193	361	38	1
207	361	38	1
113	220	39	1
118	224	39	1
124	227	39	1
134	228	39	2
138	228	39	1
175	228	39	1
123	230	39	1
138	230	39	1
121	231	39	1
140	233	39	1
194	233	39	1
130	234	39	1
202	234	39	1
140	235	39	1
154	235	39	1
198	236	39	1
118	237	39	1
138	237	39	1
161	237	39	1
168	237	39	1
200	237	39	2
116	238	39	1
143	238	39	1
139	240	39	1
166	240	39	1
197	240	39	1
128	241	39	1
137	241	39	2
142	241	39	1
169	241	39	1
165	242	39	1
129	243	39	1
134	243	39	1
171	243	39	1
126	244	39	1
142	244	39	2
176	244	39	1
134	249	39	1
136	249	39	1
141	253	39	1
247	253	39	1
124	254	39	1
138	254	39	1
140	254	39	1
144	254	39	1
153	255	39	2
136	257	39	1
154	258	39	1
132	259	39	1
134	259	39	1
136	259	39	1
149	259	39	1
256	260	39	1
205	261	39	1
146	262	39	1
146	263	39	1
150	263	39	1
153	263	39	1
157	263	39	1
158	263	39	2
263	263	39	1
151	264	39	1
152	264	39	1
154	264	39	1
165	264	39	1
166	264	39	1
263	264	39	1
147	265	39	2
258	265	39	1
145	266	39	1
156	267	39	1
259	267	39	1
135	268	39	1
259	268	39	1
151	269	39	1
134	270	39	2
144	271	39	1
145	271	39	1
134	272	39	1
143	272	39	1
252	272	39	1
144	274	39	1
134	275	39	1
144	275	39	1
148	276	39	1
145	277	39	1
153	277	39	1
147	278	39	1
130	279	39	1
142	279	39	1
149	279	39	1
154	279	39	1
163	279	39	1
135	280	39	1
128	282	39	1
125	283	39	1
127	283	39	1
134	284	39	1
138	284	39	1
134	285	39	1
139	285	39	1
158	286	39	1
157	288	39	2
155	290	39	1
257	290	39	1
154	291	39	1
252	292	39	1
134	293	39	1
253	293	39	1
170	295	39	1
249	295	39	1
247	297	39	1
171	298	39	1
171	299	39	1
176	300	39	1
261	300	39	1
131	302	39	2
172	302	39	1
175	302	39	1
174	303	39	1
177	304	39	1
259	304	39	1
174	305	39	1
125	306	39	1
125	308	39	1
145	314	39	1
148	317	39	1
139	319	39	1
181	320	39	2
179	321	39	1
181	324	39	1
242	326	39	1
242	328	39	1
153	330	39	1
220	330	39	1
183	333	39	2
219	333	39	1
155	334	39	1
189	334	39	2
195	335	39	1
153	336	39	1
154	336	39	1
156	336	39	1
213	338	39	1
214	339	39	1
215	340	39	1
211	344	39	1
191	345	39	1
192	345	39	1
201	345	39	1
202	345	39	1
211	347	39	1
248	347	39	1
213	348	39	1
190	349	39	1
206	354	39	1
212	357	39	1
192	361	39	2
118	224	40	1
144	225	40	1
138	227	40	1
141	228	40	1
142	229	40	2
150	229	40	1
141	231	40	2
203	231	40	2
141	234	40	1
120	236	40	1
146	236	40	1
202	236	40	1
162	237	40	1
197	237	40	1
166	238	40	1
204	238	40	1
142	240	40	1
133	242	40	1
143	242	40	2
126	245	40	1
170	245	40	1
179	245	40	1
139	246	40	1
178	246	40	1
126	248	40	1
174	248	40	1
135	250	40	1
225	251	40	2
232	251	40	1
139	253	40	1
223	253	40	1
154	254	40	2
137	255	40	1
140	255	40	1
139	257	40	1
154	257	40	1
156	257	40	2
134	258	40	1
151	258	40	2
174	258	40	1
147	259	40	1
132	260	40	1
142	260	40	1
148	260	40	1
158	260	40	1
149	261	40	1
152	261	40	1
161	261	40	2
252	261	40	1
136	262	40	1
147	262	40	1
249	262	40	1
158	264	40	1
151	265	40	1
165	265	40	1
167	266	40	1
168	267	40	1
152	269	40	1
137	270	40	1
142	270	40	1
145	270	40	1
251	270	40	3
137	271	40	2
135	272	40	1
144	272	40	1
165	272	40	1
223	272	40	1
231	272	40	1
248	272	40	1
142	273	40	1
156	273	40	1
167	273	40	1
144	274	40	1
147	274	40	1
247	274	40	1
141	275	40	1
131	276	40	2
155	276	40	1
130	277	40	1
141	278	40	1
157	278	40	1
161	278	40	1
131	279	40	2
143	279	40	2
149	279	40	2
138	280	40	1
139	280	40	1
142	281	40	2
150	282	40	1
139	283	40	1
158	284	40	1
135	285	40	2
158	286	40	1
258	288	40	2
121	295	40	2
162	295	40	1
131	296	40	1
121	297	40	4
257	297	40	1
128	303	40	1
182	303	40	1
124	304	40	1
132	304	40	1
139	304	40	1
123	310	40	1
119	312	40	1
147	315	40	1
147	317	40	1
148	318	40	1
115	319	40	1
239	328	40	1
240	329	40	1
244	329	40	1
189	330	40	2
177	331	40	1
156	332	40	1
157	332	40	1
174	332	40	1
188	332	40	1
217	332	40	1
150	333	40	1
156	333	40	1
158	333	40	1
176	333	40	1
151	334	40	2
244	334	40	1
151	335	40	1
165	335	40	1
153	338	40	1
223	339	40	1
212	340	40	1
245	340	40	1
213	341	40	1
220	342	40	2
222	343	40	1
194	345	40	2
209	345	40	1
195	349	40	1
182	351	40	1
235	351	40	1
212	353	40	1
174	357	40	1
207	357	40	1
208	357	40	1
172	361	40	1
206	361	40	1
111	221	41	2
134	226	41	1
140	227	41	1
136	233	41	1
198	233	41	1
136	234	41	1
146	235	41	1
201	235	41	1
142	236	41	1
161	236	41	1
201	236	41	1
204	236	41	1
142	237	41	1
158	237	41	1
163	237	41	1
165	237	41	1
134	238	41	1
200	239	41	1
198	240	41	1
143	241	41	1
164	241	41	2
167	241	41	2
128	242	41	1
134	242	41	2
170	242	41	1
140	243	41	2
164	243	41	1
124	244	41	1
127	244	41	2
166	244	41	1
173	244	41	1
126	246	41	1
128	246	41	1
130	249	41	1
123	252	41	1
175	252	41	1
234	252	41	1
119	255	41	2
141	255	41	1
214	255	41	1
140	256	41	2
141	257	41	1
143	257	41	1
155	257	41	1
177	257	41	1
155	258	41	1
215	258	41	1
139	259	41	1
144	259	41	1
148	259	41	1
146	260	41	1
150	260	41	1
157	260	41	1
170	260	41	1
176	260	41	1
210	260	41	1
146	261	41	2
149	261	41	1
151	261	41	1
153	261	41	1
174	261	41	1
146	262	41	1
159	262	41	1
172	262	41	1
175	262	41	1
153	263	41	1
162	263	41	1
232	263	41	1
234	263	41	1
143	264	41	1
209	264	41	1
210	264	41	1
143	265	41	1
153	265	41	2
256	265	41	1
119	266	41	1
132	267	41	1
247	267	41	1
146	268	41	2
148	268	41	1
153	268	41	1
164	268	41	1
206	268	41	1
254	269	41	1
152	270	41	1
144	271	41	1
153	271	41	1
149	272	41	1
165	272	41	1
219	272	41	1
228	272	41	1
146	273	41	3
147	273	41	1
151	273	41	1
155	273	41	1
147	274	41	1
156	274	41	1
164	274	41	2
246	274	41	5
247	274	41	1
141	275	41	1
153	275	41	2
139	276	41	1
141	276	41	1
146	276	41	1
147	276	41	1
162	276	41	2
211	276	41	1
246	276	41	1
139	277	41	1
142	277	41	1
135	278	41	1
142	278	41	1
150	278	41	1
153	278	41	1
164	278	41	1
133	279	41	1
210	279	41	1
141	280	41	1
144	280	41	1
142	281	41	1
134	283	41	1
134	284	41	1
215	284	41	1
155	285	41	1
218	285	41	1
219	285	41	1
158	286	41	1
159	286	41	1
135	289	41	1
134	290	41	1
135	291	41	1
132	294	41	1
140	295	41	1
153	296	41	1
160	296	41	1
165	297	41	1
168	299	41	1
249	300	41	1
260	300	41	1
125	302	41	1
130	303	41	1
170	303	41	1
176	303	41	1
177	303	41	1
133	304	41	1
141	304	41	1
131	305	41	1
172	305	41	1
182	305	41	1
129	308	41	1
162	309	41	1
119	315	41	1
140	315	41	1
142	315	41	1
114	316	41	1
113	318	41	1
149	321	41	1
133	324	41	1
179	324	41	1
148	327	41	1
239	328	41	1
167	329	41	1
182	329	41	1
186	329	41	1
238	329	41	1
178	330	41	2
181	330	41	1
184	330	41	1
242	330	41	1
173	331	41	1
243	331	41	1
133	332	41	1
165	332	41	2
168	332	41	1
174	332	41	2
180	332	41	1
241	332	41	1
152	333	41	1
187	333	41	1
217	333	41	1
154	334	41	1
218	334	41	1
153	335	41	1
164	335	41	1
238	335	41	1
246	335	41	1
126	337	41	2
156	338	41	1
166	338	41	1
247	339	41	1
152	340	41	1
216	340	41	1
219	340	41	1
220	341	41	1
210	342	41	2
222	342	41	1
210	344	41	1
205	346	41	1
231	347	41	1
248	347	41	3
233	349	41	1
193	350	41	1
209	352	41	1
140	228	42	1
136	232	42	1
138	232	42	1
140	233	42	1
201	234	42	1
163	235	42	2
161	237	42	1
165	237	42	1
204	237	42	1
141	238	42	1
137	239	42	1
138	239	42	1
141	240	42	1
169	242	42	1
178	244	42	1
126	245	42	1
140	253	42	1
138	254	42	2
139	254	42	1
176	254	42	1
158	256	42	1
212	256	42	1
147	257	42	1
156	257	42	1
174	257	42	1
175	257	42	1
253	257	42	2
158	258	42	1
173	258	42	1
160	259	42	1
173	259	42	1
248	259	42	1
157	261	42	2
173	261	42	1
149	262	42	1
163	262	42	1
157	263	42	1
163	263	42	1
165	263	42	1
152	264	42	1
156	264	42	1
252	264	42	2
145	265	42	1
152	265	42	1
145	266	42	1
254	267	42	1
250	269	42	1
151	270	42	1
143	271	42	1
145	271	42	1
156	271	42	1
143	272	42	1
154	273	42	1
148	274	42	1
154	274	42	1
134	275	42	1
143	275	42	1
249	275	42	1
250	275	42	1
157	276	42	1
134	277	42	1
138	277	42	2
143	277	42	1
155	277	42	1
158	277	42	1
137	279	42	1
147	279	42	1
145	280	42	1
151	280	42	1
140	281	42	1
153	281	42	1
148	282	42	1
152	283	42	1
141	286	42	1
155	286	42	1
137	289	42	1
134	290	42	1
153	292	42	1
130	293	42	1
256	295	42	1
139	297	42	1
140	297	42	1
136	298	42	1
215	298	42	1
126	299	42	1
259	299	42	1
130	301	42	1
142	301	42	1
144	301	42	1
248	301	42	1
143	302	42	1
139	303	42	1
142	303	42	1
150	303	42	1
125	304	42	1
168	304	42	1
133	305	42	1
170	305	42	1
128	306	42	2
140	306	42	2
130	308	42	1
140	314	42	1
141	316	42	1
148	318	42	1
139	320	42	1
183	323	42	1
137	324	42	1
135	326	42	1
251	326	42	1
176	327	42	1
154	328	42	1
176	328	42	2
168	329	42	1
187	330	42	1
188	330	42	1
134	331	42	1
242	331	42	1
164	332	42	1
176	332	42	1
177	332	42	1
242	332	42	1
181	333	42	1
188	334	42	1
128	336	42	1
190	336	42	2
246	336	42	1
127	337	42	1
156	337	42	2
216	337	42	2
155	338	42	1
194	338	42	1
195	340	42	1
215	341	42	1
206	350	42	1
235	353	42	1
205	355	42	1
207	358	42	1
205	361	42	1
137	227	43	1
137	229	43	1
139	229	43	1
138	230	43	1
139	231	43	1
141	232	43	1
141	235	43	1
138	238	43	1
165	240	43	1
179	246	43	1
155	257	43	1
175	257	43	2
177	257	43	1
149	258	43	1
175	258	43	1
215	258	43	1
159	260	43	1
161	260	43	1
170	260	43	1
178	260	43	1
145	261	43	1
177	262	43	1
148	263	43	1
205	263	43	1
149	264	43	1
155	264	43	1
156	264	43	2
257	264	43	1
124	265	43	1
147	265	43	1
145	266	43	1
149	266	43	2
143	268	43	1
164	268	43	1
151	270	43	2
134	271	43	1
143	271	43	1
146	271	43	1
148	273	43	1
156	274	43	1
255	274	43	1
144	275	43	1
148	275	43	1
152	275	43	1
145	277	43	1
156	277	43	1
131	278	43	1
155	278	43	1
150	279	43	1
154	279	43	1
147	280	43	1
150	280	43	1
155	280	43	1
142	281	43	1
148	281	43	1
161	281	43	2
144	282	43	1
158	282	43	1
149	283	43	1
153	283	43	3
139	284	43	1
141	284	43	1
152	284	43	1
152	285	43	1
155	285	43	1
137	286	43	1
143	286	43	1
152	292	43	1
134	295	43	1
131	296	43	2
136	298	43	1
140	298	43	1
140	301	43	1
142	301	43	1
135	302	43	2
140	302	43	1
130	303	43	1
126	304	43	1
143	305	43	1
168	305	43	1
125	306	43	1
127	306	43	1
132	306	43	1
146	306	43	1
129	307	43	1
143	308	43	1
167	309	43	1
144	312	43	1
143	314	43	1
138	321	43	1
177	329	43	1
131	332	43	1
133	332	43	2
191	332	43	1
179	333	43	1
217	333	43	2
219	334	43	1
222	335	43	2
220	336	43	1
244	336	43	1
245	336	43	1
246	336	43	1
127	337	43	1
195	340	43	1
212	346	43	1
232	349	43	1
227	350	43	1
206	358	43	1
204	362	43	1
206	363	43	1
141	229	44	1
164	232	44	1
137	233	44	2
158	259	44	1
150	260	44	1
176	260	44	1
155	261	44	1
156	261	44	1
175	261	44	1
154	262	44	1
159	263	44	1
147	266	44	1
149	266	44	1
150	266	44	1
146	267	44	1
143	269	44	1
145	269	44	1
146	269	44	1
148	269	44	1
144	272	44	1
148	273	44	1
156	273	44	2
143	275	44	1
146	275	44	1
152	276	44	1
145	277	44	1
146	277	44	1
156	277	44	1
154	278	44	1
143	279	44	1
155	279	44	1
210	280	44	1
152	282	44	1
142	283	44	1
158	283	44	1
149	284	44	1
139	291	44	1
132	294	44	1
143	294	44	1
144	294	44	1
225	295	44	1
139	299	44	1
128	300	44	1
142	300	44	1
142	302	44	1
128	305	44	1
174	309	44	1
141	317	44	1
141	318	44	1
182	323	44	1
183	323	44	2
133	329	44	1
182	332	44	1
131	333	44	1
132	334	44	1
136	334	44	1
215	335	44	1
213	336	44	1
215	337	44	1
213	338	44	2
247	339	44	1
216	344	44	1
228	346	44	1
231	346	44	1
179	360	44	1
163	233	45	1
174	259	45	1
155	267	45	1
143	270	45	1
145	270	45	1
146	270	45	1
148	270	45	1
151	272	45	2
158	272	45	1
164	277	45	2
152	278	45	1
149	280	45	1
148	281	45	1
142	283	45	1
142	284	45	1
146	285	45	1
144	291	45	1
143	293	45	1
140	294	45	1
140	296	45	2
134	301	45	1
138	301	45	1
127	302	45	1
133	303	45	1
132	304	45	1
140	304	45	1
180	318	45	2
182	321	45	1
167	326	45	1
186	326	45	1
217	334	45	2
214	339	45	1
227	349	45	1
175	352	45	1
134	229	46	2
155	233	46	1
181	247	46	1
158	260	46	1
163	275	46	1
150	279	46	2
144	281	46	1
149	284	46	1
140	285	46	1
143	290	46	1
148	293	46	1
143	300	46	1
132	301	46	2
136	301	46	1
141	302	46	2
244	302	46	1
139	305	46	2
194	315	46	2
184	319	46	1
184	320	46	1
179	323	46	1
189	323	46	1
182	326	46	1
183	326	46	1
188	328	46	1
131	330	46	1
217	334	46	1
222	343	46	1
209	351	46	1
173	353	46	1
141	227	47	2
138	229	47	1
212	261	47	1
146	270	47	1
155	279	47	1
146	282	47	1
146	289	47	1
202	295	47	2
134	298	47	2
139	298	47	1
229	302	47	1
194	321	47	1
207	351	47	1
140	285	48	1
140	295	48	1
142	300	48	1
124	319	48	1
207	351	48	1
136	222	49	1
140	224	49	1
135	230	49	1
127	235	49	1
149	243	49	1
147	245	49	1
151	252	49	1
156	256	49	3
127	268	49	1
167	269	49	1
154	274	49	1
150	278	49	1
134	280	49	1
214	282	49	1
132	287	49	1
135	302	49	1
133	303	49	1
145	316	49	1
268	317	49	1
183	319	49	1
139	326	49	1
203	355	49	1
183	230	50	1
130	265	50	1
259	286	50	1
244	301	50	1
140	302	50	1
193	307	50	2
212	318	50	1
206	340	50	1
