x	y	z	Vitamin B5 (pantothenate) metabolism
142	221	20	1
179	221	20	2
127	222	20	1
134	222	20	1
176	222	20	1
178	222	20	1
138	223	20	1
133	224	20	1
134	224	20	1
144	224	20	1
156	224	20	3
176	224	20	1
115	226	20	3
119	226	20	1
155	227	20	1
160	227	20	2
189	227	20	3
128	228	20	1
132	228	20	1
151	228	20	1
196	228	20	1
118	229	20	2
153	229	20	1
159	229	20	1
127	230	20	1
129	230	20	1
169	230	20	1
173	230	20	1
204	230	20	2
121	231	20	1
132	231	20	1
149	231	20	2
161	231	20	1
135	232	20	2
144	233	20	2
147	233	20	1
152	233	20	3
206	233	20	1
214	233	20	2
215	233	20	1
132	234	20	3
135	234	20	1
136	235	20	1
145	235	20	1
139	236	20	1
146	236	20	1
154	236	20	1
159	236	20	1
163	236	20	3
215	236	20	1
133	237	20	1
146	237	20	1
147	237	20	1
148	237	20	1
151	237	20	1
154	237	20	1
173	237	20	1
220	237	20	1
117	238	20	1
126	238	20	1
127	238	20	1
139	238	20	1
141	238	20	1
150	238	20	1
158	238	20	1
192	238	20	3
142	239	20	1
151	239	20	1
160	239	20	1
165	239	20	1
172	239	20	1
183	239	20	1
215	239	20	1
230	239	20	3
131	240	20	1
146	240	20	1
147	240	20	2
152	240	20	2
160	240	20	2
191	240	20	2
214	240	20	1
108	241	20	1
127	241	20	2
129	241	20	1
146	241	20	1
149	241	20	3
157	241	20	1
167	241	20	1
237	241	20	1
120	242	20	1
123	242	20	1
130	242	20	2
136	242	20	1
137	242	20	1
141	242	20	1
148	242	20	2
163	242	20	2
214	242	20	1
237	242	20	2
116	243	20	3
125	243	20	1
141	243	20	2
181	243	20	1
213	243	20	1
240	243	20	2
123	244	20	1
126	244	20	1
145	244	20	2
154	244	20	1
155	244	20	1
183	244	20	2
214	244	20	1
242	244	20	1
108	245	20	1
111	245	20	1
137	245	20	2
169	245	20	2
182	245	20	1
226	245	20	1
126	246	20	1
130	246	20	4
149	246	20	1
246	246	20	2
252	246	20	1
140	247	20	1
109	248	20	1
141	248	20	1
166	248	20	1
190	248	20	1
215	248	20	2
143	249	20	1
145	249	20	1
169	249	20	2
191	249	20	1
215	249	20	1
101	250	20	1
113	250	20	2
131	250	20	2
175	250	20	1
225	250	20	1
260	250	20	1
101	251	20	1
207	251	20	1
220	251	20	1
223	251	20	1
122	252	20	3
161	252	20	1
212	252	20	2
234	252	20	1
120	253	20	1
122	253	20	1
139	253	20	1
154	253	20	2
175	253	20	2
194	253	20	1
222	253	20	2
124	254	20	1
127	254	20	1
154	254	20	1
161	254	20	1
180	254	20	2
183	254	20	4
197	254	20	1
238	254	20	1
243	254	20	1
244	254	20	1
248	254	20	1
255	254	20	1
149	255	20	1
197	255	20	2
198	255	20	1
207	255	20	1
246	255	20	1
113	256	20	1
131	256	20	1
157	256	20	2
158	256	20	1
161	256	20	1
172	256	20	1
196	256	20	2
204	256	20	1
241	256	20	2
134	257	20	1
146	257	20	1
170	257	20	1
175	257	20	2
197	257	20	1
228	257	20	1
232	257	20	1
243	257	20	1
251	257	20	1
162	258	20	1
175	258	20	1
176	258	20	2
198	258	20	1
233	258	20	1
107	259	20	1
144	259	20	1
145	259	20	1
166	259	20	2
167	259	20	1
195	259	20	2
201	259	20	1
252	259	20	2
127	260	20	1
130	260	20	1
200	260	20	3
140	261	20	1
141	261	20	1
147	261	20	1
191	261	20	2
231	261	20	2
150	262	20	2
156	262	20	1
223	262	20	1
133	263	20	1
142	263	20	1
166	263	20	1
229	263	20	1
259	263	20	1
265	263	20	1
105	264	20	2
126	264	20	1
146	264	20	1
168	264	20	1
249	264	20	1
254	264	20	1
264	264	20	1
124	265	20	1
147	265	20	1
162	265	20	2
179	265	20	1
218	265	20	1
236	265	20	1
113	266	20	2
117	266	20	3
129	266	20	1
132	266	20	1
136	266	20	1
170	266	20	1
211	266	20	1
231	266	20	1
116	267	20	1
118	267	20	2
132	267	20	1
154	267	20	3
239	267	20	2
262	267	20	2
266	267	20	1
109	268	20	1
121	268	20	1
145	268	20	1
151	268	20	1
157	268	20	3
162	268	20	1
167	268	20	1
209	268	20	2
212	268	20	1
213	268	20	1
112	269	20	1
118	269	20	1
132	269	20	3
155	269	20	1
159	269	20	2
165	269	20	1
167	269	20	1
184	269	20	1
212	269	20	2
214	269	20	1
100	270	20	1
114	270	20	1
115	270	20	3
117	270	20	1
147	270	20	2
155	270	20	1
156	270	20	2
166	270	20	1
210	270	20	1
217	270	20	4
250	270	20	1
118	271	20	2
128	271	20	1
133	271	20	2
145	271	20	1
159	271	20	2
165	271	20	1
167	271	20	2
171	271	20	2
222	271	20	3
225	271	20	1
266	271	20	1
268	271	20	2
107	272	20	1
113	272	20	1
117	272	20	1
119	272	20	2
120	272	20	1
121	272	20	1
125	272	20	1
144	272	20	1
156	272	20	1
158	272	20	2
162	272	20	1
169	272	20	1
170	272	20	1
175	272	20	1
181	272	20	1
218	272	20	1
225	272	20	1
260	272	20	2
264	272	20	1
119	273	20	1
149	273	20	1
152	273	20	1
167	273	20	1
170	273	20	1
176	273	20	1
201	273	20	1
211	273	20	1
217	273	20	2
220	273	20	1
159	274	20	1
167	274	20	1
170	274	20	1
185	274	20	1
214	274	20	1
226	274	20	1
229	274	20	2
131	275	20	2
134	275	20	1
154	275	20	2
169	275	20	1
172	275	20	1
174	275	20	2
176	275	20	1
200	275	20	1
235	275	20	1
268	275	20	1
110	276	20	1
130	276	20	2
136	276	20	1
137	276	20	1
163	276	20	1
174	276	20	2
180	276	20	2
231	276	20	1
246	276	20	2
258	276	20	1
266	276	20	2
140	277	20	2
211	277	20	1
219	277	20	1
220	277	20	1
260	277	20	1
129	278	20	1
137	278	20	1
160	278	20	1
176	278	20	2
180	278	20	1
270	278	20	2
156	279	20	1
171	279	20	1
177	279	20	3
204	279	20	1
224	279	20	1
228	279	20	1
232	279	20	2
269	279	20	3
109	280	20	1
163	280	20	1
172	280	20	1
173	280	20	2
175	280	20	1
199	280	20	2
256	280	20	2
269	280	20	1
131	281	20	1
147	281	20	1
214	281	20	1
216	281	20	2
226	281	20	1
116	282	20	1
149	282	20	2
158	282	20	1
162	282	20	1
181	282	20	1
203	282	20	1
276	282	20	1
130	283	20	1
165	283	20	1
167	283	20	1
173	283	20	1
176	283	20	1
189	283	20	1
190	283	20	1
203	283	20	1
214	283	20	1
217	283	20	1
219	283	20	1
226	283	20	1
272	283	20	1
163	284	20	1
213	284	20	2
224	284	20	1
265	284	20	2
109	285	20	1
119	285	20	1
141	285	20	2
157	285	20	1
171	285	20	1
208	285	20	1
210	285	20	1
223	285	20	1
101	286	20	2
129	286	20	2
151	286	20	1
225	286	20	1
271	286	20	1
129	287	20	1
155	287	20	1
198	287	20	1
199	287	20	2
205	287	20	1
221	287	20	1
224	287	20	1
226	287	20	1
261	287	20	2
268	287	20	1
113	288	20	1
126	288	20	1
215	288	20	1
218	288	20	1
224	288	20	1
238	288	20	1
124	289	20	1
125	289	20	2
147	289	20	1
164	289	20	1
201	289	20	1
224	289	20	1
252	289	20	1
140	290	20	1
142	290	20	1
161	290	20	1
173	290	20	1
195	290	20	2
224	290	20	2
259	290	20	1
108	291	20	1
149	291	20	1
151	291	20	1
192	291	20	3
104	292	20	3
129	292	20	2
140	292	20	2
195	292	20	1
207	292	20	1
213	292	20	2
237	292	20	1
242	292	20	2
117	293	20	1
133	293	20	2
161	293	20	1
204	293	20	1
219	293	20	1
136	294	20	3
141	294	20	1
174	294	20	2
211	294	20	1
214	294	20	1
216	294	20	1
220	294	20	1
264	294	20	2
136	295	20	2
196	295	20	1
218	295	20	1
271	295	20	1
145	296	20	1
162	296	20	1
163	296	20	1
178	296	20	1
180	296	20	1
193	296	20	1
217	296	20	1
137	297	20	1
172	297	20	2
201	297	20	3
268	297	20	1
270	297	20	1
110	298	20	1
123	298	20	1
147	298	20	1
177	298	20	1
230	298	20	2
237	298	20	1
156	299	20	1
161	299	20	1
194	299	20	1
207	299	20	1
235	299	20	1
264	299	20	1
174	300	20	2
232	300	20	1
253	300	20	3
266	300	20	1
149	301	20	1
155	301	20	1
159	301	20	1
250	301	20	1
268	301	20	1
126	302	20	1
187	302	20	1
206	302	20	1
213	302	20	1
219	302	20	1
223	302	20	1
252	302	20	3
257	302	20	1
127	303	20	1
141	303	20	1
150	303	20	1
187	303	20	1
194	303	20	1
234	303	20	1
266	303	20	1
96	304	20	2
157	304	20	1
158	304	20	1
210	304	20	1
234	304	20	2
237	304	20	2
239	304	20	1
243	304	20	1
208	305	20	2
236	305	20	1
237	305	20	1
249	305	20	2
132	306	20	4
146	306	20	1
172	306	20	1
182	306	20	1
200	306	20	2
246	306	20	1
249	306	20	1
100	307	20	2
158	307	20	2
166	307	20	1
182	307	20	1
213	307	20	2
227	307	20	1
234	307	20	2
239	307	20	1
103	308	20	2
184	308	20	1
186	308	20	1
201	308	20	1
257	308	20	1
260	308	20	1
130	309	20	1
134	309	20	1
175	309	20	1
203	309	20	1
239	309	20	1
242	309	20	1
263	309	20	1
118	310	20	3
178	310	20	2
182	310	20	1
185	310	20	3
241	310	20	2
245	310	20	1
263	310	20	1
152	311	20	1
210	311	20	1
230	311	20	1
264	311	20	1
266	311	20	1
93	312	20	1
100	312	20	2
115	312	20	1
173	312	20	1
202	312	20	1
211	312	20	1
233	312	20	1
247	312	20	2
258	312	20	2
263	312	20	1
107	313	20	1
115	313	20	2
139	313	20	2
158	313	20	1
174	313	20	2
181	313	20	1
182	313	20	2
197	313	20	2
201	313	20	2
212	313	20	1
241	313	20	2
250	313	20	1
100	314	20	2
180	314	20	3
201	314	20	1
207	314	20	1
259	314	20	1
266	314	20	1
156	315	20	1
159	315	20	1
175	315	20	2
180	315	20	1
198	315	20	1
215	315	20	1
240	315	20	1
243	315	20	1
260	315	20	1
262	315	20	1
265	315	20	1
98	316	20	1
119	316	20	1
131	316	20	2
177	316	20	2
182	316	20	1
185	316	20	1
198	316	20	1
202	316	20	1
204	316	20	1
228	316	20	1
232	316	20	1
244	316	20	1
103	317	20	1
110	317	20	1
113	317	20	1
145	317	20	1
162	317	20	2
163	317	20	1
177	317	20	1
212	317	20	1
232	317	20	1
233	317	20	1
242	317	20	2
98	318	20	1
121	318	20	1
133	318	20	1
187	318	20	1
247	318	20	1
260	318	20	1
263	318	20	1
140	319	20	1
193	319	20	2
258	319	20	1
141	320	20	1
168	320	20	2
179	320	20	1
195	320	20	1
201	320	20	1
241	320	20	1
94	321	20	3
140	321	20	1
197	321	20	2
210	321	20	1
237	321	20	1
257	321	20	2
264	321	20	1
178	322	20	1
180	322	20	2
190	322	20	2
200	322	20	1
99	323	20	1
106	323	20	2
153	323	20	2
164	323	20	1
177	323	20	1
180	323	20	1
193	323	20	1
198	323	20	1
234	323	20	1
236	323	20	1
169	324	20	1
173	324	20	2
177	324	20	1
188	324	20	1
193	324	20	1
194	324	20	1
198	324	20	2
200	324	20	1
101	325	20	2
111	325	20	1
126	325	20	1
139	325	20	1
179	325	20	1
181	325	20	2
183	325	20	1
185	325	20	2
188	325	20	1
195	325	20	1
207	325	20	1
216	325	20	2
258	325	20	1
259	325	20	2
122	326	20	2
128	326	20	2
196	326	20	1
199	326	20	1
102	327	20	1
145	327	20	1
161	327	20	1
179	327	20	1
244	327	20	2
256	327	20	1
258	327	20	1
261	327	20	1
144	328	20	1
181	328	20	2
198	328	20	1
212	328	20	1
214	328	20	1
257	328	20	2
260	328	20	1
261	328	20	2
98	329	20	1
106	329	20	2
117	329	20	1
120	329	20	1
137	329	20	1
158	329	20	2
165	329	20	2
169	329	20	1
179	329	20	1
187	329	20	1
199	329	20	1
210	329	20	1
253	329	20	1
97	330	20	1
129	330	20	1
131	330	20	1
195	330	20	1
258	330	20	2
260	330	20	1
262	330	20	1
179	331	20	1
180	331	20	1
186	331	20	1
200	331	20	3
201	331	20	2
240	331	20	1
249	331	20	1
114	332	20	3
176	332	20	3
199	332	20	1
218	332	20	3
226	332	20	1
232	332	20	1
117	333	20	1
161	333	20	1
193	333	20	1
235	333	20	1
250	333	20	2
151	334	20	1
158	334	20	1
186	334	20	1
207	334	20	2
210	334	20	1
244	334	20	1
256	334	20	1
258	334	20	1
179	335	20	1
182	335	20	1
227	335	20	2
237	335	20	1
239	335	20	1
134	336	20	1
163	336	20	1
188	336	20	1
194	336	20	2
199	336	20	1
200	336	20	2
248	336	20	3
173	337	20	2
194	337	20	1
205	337	20	1
217	337	20	1
220	337	20	1
233	337	20	3
246	337	20	1
246	339	20	1
233	340	20	1
242	340	20	1
248	340	20	2
167	341	20	1
173	341	20	2
234	341	20	1
242	341	20	2
246	341	20	3
217	342	20	1
231	342	20	2
210	343	20	1
223	343	20	1
178	344	20	1
181	344	20	1
216	344	20	1
244	344	20	1
183	345	20	2
190	347	20	1
198	347	20	1
232	348	20	1
195	349	20	1
212	349	20	1
165	350	20	1
169	350	20	1
221	350	20	1
237	350	20	2
203	351	20	1
206	351	20	2
183	352	20	1
186	352	20	1
197	352	20	2
173	353	20	2
178	353	20	1
212	353	20	1
224	353	20	3
170	354	20	1
178	354	20	1
208	354	20	1
200	355	20	1
218	355	20	1
229	356	20	1
180	357	20	1
198	357	20	1
215	357	20	1
222	358	20	1
175	359	20	2
176	359	20	1
180	360	20	1
219	360	20	1
199	361	20	1
203	361	20	1
193	364	20	2
197	365	20	2
172	224	21	1
159	225	21	1
177	225	21	2
180	225	21	1
155	226	21	1
139	228	21	1
146	228	21	2
182	228	21	1
188	230	21	1
129	234	21	1
134	235	21	3
141	235	21	3
215	235	21	1
217	235	21	2
131	236	21	1
132	236	21	2
133	236	21	1
147	236	21	1
214	236	21	1
131	237	21	1
137	237	21	2
144	237	21	1
154	237	21	1
164	237	21	1
178	237	21	2
191	237	21	2
128	238	21	1
131	238	21	2
136	239	21	1
132	240	21	2
138	240	21	1
141	240	21	1
150	240	21	1
212	240	21	1
214	240	21	1
241	240	21	1
129	241	21	2
132	241	21	2
152	241	21	2
215	241	21	1
126	242	21	1
143	242	21	2
116	243	21	2
136	243	21	4
138	243	21	1
146	243	21	2
152	243	21	1
141	244	21	1
145	244	21	1
102	245	21	1
116	245	21	2
149	245	21	2
194	245	21	1
214	245	21	1
215	245	21	1
217	245	21	1
135	246	21	1
149	247	21	2
197	247	21	1
126	250	21	2
217	250	21	1
117	251	21	1
217	251	21	1
232	251	21	1
148	252	21	1
219	252	21	4
154	253	21	1
199	254	21	1
223	254	21	2
161	255	21	2
225	255	21	1
231	255	21	1
122	256	21	1
231	256	21	1
107	257	21	1
161	257	21	1
197	257	21	1
232	257	21	1
163	259	21	1
160	260	21	1
181	260	21	1
231	260	21	1
189	262	21	1
161	264	21	2
175	264	21	2
181	264	21	1
135	265	21	1
158	265	21	1
215	265	21	1
222	265	21	1
139	266	21	1
221	266	21	1
114	269	21	1
154	269	21	1
177	269	21	1
178	269	21	1
115	270	21	1
126	270	21	2
156	270	21	2
115	271	21	1
120	271	21	1
174	271	21	2
124	272	21	1
125	272	21	1
159	272	21	1
164	272	21	1
165	272	21	1
182	272	21	2
120	273	21	1
157	273	21	2
164	273	21	1
166	273	21	2
178	273	21	1
224	273	21	1
113	274	21	2
134	274	21	1
154	274	21	1
167	274	21	1
176	274	21	2
224	274	21	1
236	274	21	1
114	275	21	1
176	275	21	1
177	275	21	1
219	275	21	1
165	276	21	2
169	276	21	1
173	276	21	1
219	276	21	2
221	276	21	2
267	276	21	2
119	277	21	1
172	277	21	1
174	277	21	1
124	278	21	1
221	278	21	1
176	279	21	1
186	279	21	1
225	279	21	2
147	280	21	1
168	280	21	1
204	280	21	1
218	280	21	1
169	281	21	2
225	281	21	1
226	281	21	1
140	282	21	2
173	282	21	1
217	282	21	3
220	282	21	3
224	282	21	2
270	282	21	1
206	284	21	2
215	284	21	2
222	284	21	2
230	284	21	1
123	285	21	1
180	285	21	1
223	285	21	1
220	286	21	1
152	287	21	1
219	287	21	1
220	287	21	1
223	287	21	1
134	288	21	2
186	288	21	1
205	288	21	1
217	288	21	2
217	289	21	3
219	290	21	1
220	290	21	1
218	291	21	1
219	291	21	4
244	292	21	6
268	292	21	1
196	293	21	2
216	293	21	1
142	294	21	1
235	294	21	1
140	295	21	2
218	295	21	1
126	296	21	1
150	297	21	2
194	297	21	3
217	297	21	2
262	297	21	1
162	298	21	3
153	300	21	2
211	300	21	1
239	300	21	1
267	300	21	1
230	301	21	1
269	301	21	1
264	302	21	1
105	303	21	1
146	303	21	1
239	303	21	1
240	303	21	1
186	304	21	1
187	304	21	1
190	304	21	1
208	304	21	1
240	304	21	2
267	304	21	1
96	305	21	2
241	305	21	1
181	306	21	2
208	306	21	1
231	306	21	1
235	306	21	2
258	306	21	1
203	307	21	1
243	307	21	1
260	307	21	1
201	308	21	1
264	308	21	1
200	309	21	1
261	309	21	1
264	309	21	1
132	310	21	1
149	310	21	2
162	310	21	1
252	310	21	1
257	310	21	1
93	311	21	2
177	311	21	1
199	311	21	1
260	311	21	1
179	312	21	1
201	312	21	2
256	312	21	1
257	312	21	2
258	312	21	2
258	313	21	1
175	314	21	1
182	314	21	1
115	315	21	2
179	315	21	1
211	315	21	3
214	315	21	2
257	315	21	1
237	316	21	2
254	316	21	1
256	316	21	1
260	316	21	1
166	317	21	1
177	318	21	1
182	318	21	1
264	318	21	2
266	318	21	1
241	319	21	1
247	319	21	1
257	320	21	1
118	321	21	2
185	321	21	1
249	321	21	2
258	321	21	1
187	322	21	1
258	322	21	1
98	323	21	1
179	323	21	1
185	323	21	2
201	323	21	1
261	323	21	1
162	324	21	1
184	324	21	2
187	324	21	1
195	324	21	2
186	325	21	1
190	325	21	1
202	325	21	2
189	326	21	1
156	327	21	1
180	327	21	1
173	328	21	2
202	328	21	1
260	328	21	2
99	329	21	2
157	329	21	1
228	330	21	1
105	331	21	3
230	331	21	1
257	331	21	1
260	331	21	1
138	332	21	1
220	333	21	2
259	333	21	2
121	334	21	2
223	334	21	1
259	334	21	1
134	335	21	2
170	335	21	1
237	335	21	1
177	336	21	2
178	336	21	1
183	336	21	2
175	337	21	2
177	337	21	2
176	338	21	1
173	339	21	1
189	339	21	1
160	340	21	3
163	340	21	2
177	340	21	1
237	340	21	1
244	341	21	1
169	342	21	2
231	342	21	1
240	344	21	1
180	346	21	1
173	349	21	1
231	350	21	3
221	354	21	2
179	355	21	1
175	356	21	2
197	363	21	1
126	226	22	1
154	228	22	2
154	230	22	1
134	234	22	1
139	234	22	1
142	235	22	2
143	235	22	2
133	236	22	1
139	236	22	1
133	237	22	1
135	237	22	1
143	237	22	1
146	238	22	1
141	239	22	3
144	239	22	3
213	239	22	1
216	239	22	1
125	240	22	1
216	240	22	1
133	241	22	1
136	241	22	2
139	241	22	1
150	241	22	2
117	242	22	1
129	242	22	2
135	242	22	2
144	242	22	2
215	242	22	1
136	243	22	1
149	243	22	1
152	243	22	2
135	247	22	2
216	249	22	1
217	250	22	4
218	252	22	2
224	253	22	1
226	254	22	1
161	255	22	1
229	255	22	1
196	256	22	1
199	257	22	2
162	259	22	1
232	259	22	1
161	260	22	2
162	260	22	1
197	260	22	1
161	263	22	1
160	264	22	1
163	264	22	1
120	267	22	1
121	267	22	1
132	267	22	1
160	267	22	1
122	268	22	1
195	268	22	1
122	269	22	1
121	270	22	1
155	270	22	1
165	270	22	1
116	272	22	1
165	273	22	1
177	273	22	1
179	273	22	1
226	273	22	1
168	274	22	1
169	274	22	1
177	274	22	2
177	275	22	1
178	275	22	1
227	275	22	1
177	276	22	1
176	277	22	2
169	278	22	1
176	278	22	1
190	278	22	5
169	279	22	2
226	279	22	1
230	279	22	1
167	280	22	1
168	280	22	1
170	280	22	1
173	280	22	1
178	280	22	1
224	280	22	2
170	281	22	2
226	282	22	1
202	284	22	1
224	285	22	1
226	285	22	2
224	288	22	1
271	289	22	1
198	290	22	1
217	290	22	1
222	292	22	2
218	293	22	2
217	295	22	1
220	297	22	1
216	299	22	2
214	300	22	1
211	301	22	1
238	302	22	1
264	302	22	2
268	303	22	1
186	304	22	1
210	304	22	2
185	305	22	2
232	306	22	2
238	306	22	1
205	307	22	1
207	307	22	1
207	308	22	1
235	308	22	2
260	308	22	1
201	309	22	1
206	309	22	2
231	309	22	1
207	310	22	1
209	310	22	1
250	310	22	1
259	310	22	1
260	310	22	1
206	311	22	1
231	311	22	2
264	311	22	1
260	312	22	1
260	313	22	1
261	313	22	1
200	314	22	1
257	314	22	1
261	314	22	2
226	315	22	2
257	315	22	2
236	317	22	1
176	318	22	1
240	318	22	2
260	318	22	1
257	321	22	1
185	322	22	2
258	322	22	1
259	322	22	1
185	323	22	1
187	323	22	1
197	323	22	1
259	323	22	2
180	324	22	1
181	324	22	1
182	324	22	1
194	324	22	1
146	325	22	1
188	325	22	1
199	325	22	1
202	326	22	1
260	326	22	1
202	327	22	2
98	328	22	1
184	328	22	2
200	328	22	1
182	330	22	1
94	331	22	1
259	331	22	2
100	332	22	1
178	334	22	1
179	337	22	1
177	338	22	1
240	343	22	1
242	343	22	1
243	343	22	1
245	343	22	1
244	344	22	2
182	351	22	1
180	360	22	1
156	225	23	1
180	225	23	1
155	228	23	1
157	229	23	1
157	230	23	2
157	231	23	2
140	234	23	2
146	234	23	1
140	235	23	1
143	235	23	1
146	235	23	1
133	236	23	1
146	236	23	1
150	236	23	2
142	237	23	1
214	237	23	1
133	238	23	1
140	238	23	2
145	238	23	1
217	238	23	1
138	239	23	2
142	240	23	1
130	241	23	4
132	241	23	1
138	241	23	3
141	241	23	2
149	241	23	1
149	242	23	1
215	242	23	2
132	243	23	1
134	243	23	2
140	243	23	1
214	243	23	1
134	244	23	1
134	246	23	1
215	246	23	1
215	248	23	1
227	249	23	2
223	253	23	1
196	254	23	1
223	254	23	1
162	255	23	2
197	255	23	1
231	255	23	2
163	256	23	2
198	256	23	1
228	257	23	1
178	258	23	1
197	259	23	2
220	262	23	1
122	264	23	1
117	269	23	2
240	269	23	1
166	271	23	1
154	272	23	1
167	272	23	1
177	272	23	1
158	273	23	1
168	273	23	1
176	274	23	1
179	274	23	1
226	274	23	1
167	275	23	2
179	276	23	2
166	277	23	1
176	277	23	1
176	278	23	2
177	278	23	1
178	278	23	2
170	279	23	1
179	279	23	1
219	279	23	2
176	280	23	2
174	281	23	3
177	281	23	1
176	284	23	1
226	284	23	2
222	291	23	3
268	292	23	1
271	292	23	1
266	293	23	2
271	293	23	2
266	294	23	1
269	294	23	2
266	295	23	2
215	296	23	1
267	298	23	1
268	298	23	2
269	298	23	1
215	299	23	2
267	299	23	1
236	301	23	1
264	301	23	1
211	302	23	1
266	302	23	1
136	303	23	1
237	304	23	1
234	305	23	1
183	306	23	1
206	306	23	1
241	306	23	2
207	307	23	1
235	307	23	1
262	307	23	1
261	308	23	2
262	308	23	1
179	309	23	1
181	309	23	1
261	309	23	1
176	310	23	1
257	310	23	1
230	311	23	1
240	311	23	1
257	311	23	2
173	312	23	1
175	312	23	1
237	312	23	1
203	313	23	1
262	313	23	1
232	314	23	2
257	314	23	1
179	315	23	2
203	315	23	1
258	315	23	1
259	315	23	1
261	316	23	1
256	317	23	2
259	318	23	1
262	318	23	1
241	319	23	1
261	319	23	1
262	319	23	2
183	321	23	2
260	321	23	1
185	323	23	1
182	325	23	1
183	326	23	1
259	326	23	1
184	327	23	1
259	327	23	2
94	328	23	1
97	328	23	2
199	328	23	1
96	329	23	1
186	329	23	1
94	330	23	1
259	330	23	1
102	331	23	2
260	331	23	1
180	332	23	1
260	332	23	1
259	333	23	1
192	334	23	1
175	336	23	2
240	342	23	3
242	345	23	1
176	358	23	1
179	222	24	1
181	222	24	1
182	223	24	1
160	225	24	1
176	225	24	2
156	226	24	1
157	226	24	1
174	226	24	1
178	226	24	1
157	228	24	1
156	229	24	1
162	231	24	2
153	232	24	1
138	234	24	1
141	236	24	1
144	236	24	2
146	236	24	1
137	237	24	2
138	237	24	1
145	237	24	1
143	238	24	1
146	238	24	1
148	238	24	3
149	238	24	3
150	238	24	2
151	238	24	1
132	239	24	1
142	239	24	1
148	239	24	1
108	240	24	1
132	240	24	1
142	240	24	1
146	240	24	1
132	241	24	2
140	242	24	1
226	242	24	2
132	243	24	1
134	243	24	1
141	244	24	2
146	244	24	1
147	244	24	1
137	245	24	1
227	246	24	1
139	247	24	3
140	249	24	2
216	249	24	1
230	249	24	1
134	252	24	1
225	252	24	1
141	253	24	1
142	256	24	1
194	257	24	1
197	257	24	2
199	258	24	1
118	260	24	1
120	261	24	1
196	261	24	1
117	262	24	1
118	262	24	1
124	262	24	1
121	263	24	2
217	263	24	2
221	263	24	1
117	264	24	2
118	264	24	1
119	264	24	1
163	264	24	2
118	265	24	1
119	265	24	1
127	265	24	1
216	265	24	2
123	267	24	2
165	267	24	1
166	268	24	1
156	269	24	3
127	270	24	1
163	270	24	1
131	271	24	1
181	271	24	1
165	273	24	1
167	273	24	1
182	273	24	1
179	274	24	1
170	276	24	1
170	277	24	2
180	277	24	1
171	278	24	1
178	278	24	1
168	279	24	1
179	279	24	1
168	280	24	1
169	280	24	1
174	280	24	1
168	281	24	1
174	281	24	1
204	283	24	1
176	284	24	1
204	285	24	1
276	289	24	1
275	291	24	1
197	293	24	1
271	293	24	1
271	295	24	1
191	296	24	1
219	296	24	1
213	299	24	2
236	299	24	1
264	299	24	3
235	300	24	3
235	301	24	1
235	302	24	1
240	302	24	1
242	302	24	2
266	302	24	2
234	303	24	1
238	304	24	1
241	304	24	1
263	304	24	1
240	305	24	2
241	305	24	1
262	305	24	1
241	306	24	1
259	307	24	1
265	307	24	1
202	308	24	1
206	308	24	1
235	308	24	2
260	308	24	1
263	308	24	1
264	308	24	1
257	309	24	1
259	309	24	1
261	309	24	1
202	310	24	2
204	310	24	2
231	311	24	1
234	311	24	2
257	311	24	1
260	311	24	1
200	312	24	2
239	312	24	1
240	312	24	2
257	312	24	2
209	313	24	1
176	314	24	1
203	314	24	2
211	314	24	1
259	314	24	1
260	314	24	4
263	314	24	1
177	315	24	1
213	316	24	1
185	317	24	1
167	318	24	2
169	318	24	1
179	318	24	1
253	318	24	1
259	318	24	3
260	318	24	1
262	319	24	2
166	320	24	1
187	320	24	1
239	320	24	2
164	321	24	1
181	321	24	1
259	321	24	1
179	323	24	1
187	323	24	1
186	324	24	1
259	324	24	1
185	325	24	1
185	326	24	1
157	327	24	1
184	327	24	1
201	327	24	1
154	329	24	1
185	329	24	1
261	329	24	1
101	330	24	1
105	330	24	1
132	330	24	1
102	332	24	3
260	332	24	3
259	333	24	1
178	334	24	1
257	334	24	2
181	335	24	1
245	335	24	1
257	335	24	1
259	335	24	3
181	359	24	1
186	360	24	2
179	222	25	1
180	222	25	2
179	224	25	1
157	226	25	3
155	228	25	2
158	228	25	2
161	228	25	1
155	229	25	1
150	233	25	1
137	234	25	1
152	234	25	1
136	235	25	2
143	235	25	2
134	237	25	2
139	237	25	2
141	237	25	2
145	237	25	2
247	237	25	1
249	237	25	1
246	238	25	1
131	239	25	2
134	239	25	1
228	240	25	1
237	241	25	1
135	242	25	1
131	243	25	1
134	243	25	1
133	244	25	1
144	246	25	1
230	248	25	1
229	249	25	1
229	250	25	2
136	253	25	1
140	253	25	1
224	257	25	2
198	259	25	2
223	260	25	2
121	261	25	2
122	261	25	1
199	261	25	1
219	263	25	2
120	264	25	1
215	264	25	2
122	266	25	2
181	271	25	1
175	276	25	4
177	276	25	1
178	276	25	1
165	278	25	1
170	278	25	1
170	279	25	1
177	279	25	2
274	280	25	3
176	281	25	3
177	281	25	1
271	290	25	2
277	290	25	2
271	291	25	2
266	292	25	1
270	293	25	1
266	295	25	1
238	297	25	1
268	299	25	1
237	300	25	2
266	300	25	2
240	301	25	1
264	301	25	1
234	305	25	1
235	305	25	3
236	305	25	2
264	307	25	1
232	308	25	1
243	308	25	1
258	309	25	2
208	310	25	1
260	310	25	1
208	311	25	1
230	311	25	1
208	312	25	2
260	312	25	1
209	314	25	1
257	314	25	1
258	314	25	1
176	315	25	1
262	316	25	1
257	317	25	2
260	317	25	1
259	318	25	1
261	318	25	1
256	319	25	1
241	320	25	1
239	323	25	1
258	325	25	2
258	327	25	1
107	331	25	1
153	332	25	1
180	221	26	2
181	223	26	1
179	224	26	1
178	226	26	1
157	229	26	1
168	230	26	1
144	233	26	2
142	234	26	1
144	234	26	1
152	234	26	1
140	235	26	1
246	235	26	2
250	235	26	1
248	236	26	1
134	237	26	1
135	237	26	1
140	237	26	1
246	237	26	1
136	238	26	2
137	238	26	2
143	238	26	1
144	238	26	1
246	238	26	1
248	238	26	1
240	239	26	1
242	239	26	1
134	240	26	1
101	242	26	1
132	243	26	1
136	243	26	1
226	243	26	1
136	244	26	1
230	248	26	1
123	253	26	1
224	253	26	1
227	253	26	1
124	255	26	1
122	257	26	1
123	267	26	1
120	268	26	2
127	268	26	1
121	269	26	1
122	269	26	2
123	269	26	1
126	269	26	1
171	276	26	1
172	276	26	1
177	276	26	1
169	278	26	1
175	278	26	2
177	278	26	1
163	279	26	1
171	279	26	2
176	279	26	2
173	280	26	1
176	280	26	1
274	280	26	1
169	281	26	1
273	281	26	1
167	282	26	1
177	282	26	1
275	282	26	1
273	283	26	2
183	288	26	2
272	293	26	2
271	294	26	2
237	306	26	1
235	308	26	1
231	309	26	2
260	311	26	1
209	312	26	2
257	313	26	1
259	313	26	1
260	314	26	1
211	315	26	1
257	316	26	1
258	316	26	1
260	316	26	2
263	316	26	1
256	317	26	2
258	317	26	1
261	319	26	1
239	320	26	1
240	322	26	1
186	360	26	1
183	222	27	2
179	226	27	1
161	231	27	1
162	231	27	1
164	231	27	2
162	232	27	1
166	232	27	1
164	233	27	1
152	234	27	1
154	234	27	1
250	235	27	2
245	236	27	1
249	236	27	1
136	237	27	1
138	237	27	1
176	237	27	1
241	237	27	1
243	238	27	1
248	238	27	1
249	238	27	1
135	239	27	1
234	239	27	1
241	239	27	1
243	239	27	1
139	240	27	1
133	241	27	1
134	243	27	1
250	245	27	2
228	246	27	1
194	247	27	1
229	251	27	2
125	255	27	2
122	256	27	1
125	257	27	1
122	258	27	2
124	258	27	1
126	267	27	1
259	267	27	1
121	268	27	3
124	268	27	3
122	270	27	2
123	270	27	1
126	270	27	1
128	270	27	1
173	277	27	4
174	277	27	1
172	279	27	1
174	279	27	1
174	281	27	2
177	281	27	2
274	281	27	1
173	282	27	2
275	282	27	1
271	283	27	1
272	283	27	1
273	283	27	1
168	285	27	1
178	286	27	1
270	290	27	1
271	291	27	2
269	293	27	1
195	294	27	1
199	299	27	2
237	304	27	1
236	305	27	2
203	309	27	1
230	310	27	1
202	311	27	1
213	313	27	2
259	313	27	1
202	314	27	1
212	314	27	1
209	315	27	1
239	319	27	2
259	319	27	1
240	320	27	1
260	320	27	1
236	324	27	1
233	326	27	2
259	330	27	1
186	357	27	1
183	361	27	1
115	228	28	1
162	231	28	2
165	231	28	1
145	235	28	1
246	235	28	1
250	235	28	1
248	236	28	1
249	236	28	1
136	237	28	1
137	237	28	4
138	237	28	1
248	237	28	1
139	238	28	1
147	238	28	1
185	238	28	2
246	238	28	1
144	239	28	2
134	240	28	1
139	240	28	2
140	240	28	2
114	243	28	1
248	244	28	1
230	245	28	1
231	245	28	1
126	251	28	3
234	251	28	2
124	252	28	1
126	254	28	2
124	255	28	1
125	255	28	2
128	256	28	1
121	264	28	2
257	264	28	1
121	268	28	1
262	268	28	1
124	269	28	1
127	270	28	1
170	271	28	1
167	272	28	1
134	274	28	1
129	277	28	1
171	277	28	1
173	277	28	3
171	279	28	2
172	279	28	1
174	280	28	1
177	280	28	1
178	280	28	1
275	280	28	1
172	281	28	1
274	281	28	1
276	281	28	1
165	282	28	1
172	282	28	1
178	282	28	1
274	282	28	1
275	282	28	1
165	283	28	1
170	283	28	1
171	283	28	1
168	284	28	1
175	284	28	1
176	284	28	1
274	284	28	2
275	284	28	1
164	285	28	1
168	285	28	1
170	285	28	1
179	285	28	1
166	287	28	1
271	289	28	1
270	290	28	1
197	295	28	1
179	296	28	3
179	299	28	1
232	306	28	1
204	310	28	1
222	310	28	1
230	310	28	1
211	311	28	1
247	311	28	1
257	312	28	2
204	313	28	2
206	313	28	2
211	313	28	1
259	313	28	1
260	314	28	3
259	316	28	1
242	317	28	1
239	319	28	1
241	319	28	1
239	321	28	1
242	322	28	1
235	323	28	1
96	327	28	1
94	328	28	1
133	328	28	1
185	357	28	1
218	360	28	1
116	223	29	1
162	232	29	1
250	236	29	2
252	236	29	1
142	237	29	1
250	238	29	1
186	239	29	1
181	240	29	2
182	240	29	3
180	241	29	1
185	241	29	2
134	242	29	2
235	242	29	1
237	242	29	1
188	243	29	1
186	244	29	1
189	244	29	1
235	244	29	1
191	245	29	1
193	247	29	2
189	249	29	1
127	253	29	1
128	254	29	1
134	255	29	2
131	257	29	1
133	257	29	1
134	259	29	1
125	268	29	1
162	269	29	1
168	270	29	1
124	271	29	1
167	271	29	1
124	272	29	2
125	272	29	2
127	272	29	1
135	272	29	1
137	272	29	1
167	273	29	1
168	274	29	1
137	275	29	1
168	275	29	2
170	275	29	1
171	275	29	2
167	278	29	1
168	278	29	2
175	280	29	2
175	281	29	1
162	282	29	2
274	282	29	1
275	282	29	1
168	283	29	1
174	283	29	1
161	284	29	1
168	284	29	1
177	284	29	1
275	284	29	2
276	284	29	1
276	285	29	1
168	286	29	3
167	287	29	2
169	287	29	1
181	299	29	2
183	300	29	1
235	304	29	1
204	307	29	3
235	307	29	1
206	308	29	2
204	309	29	2
202	311	29	2
206	311	29	2
207	311	29	3
209	311	29	1
249	311	29	2
208	312	29	1
209	313	29	1
245	315	29	1
241	316	29	1
255	316	29	1
259	317	29	1
243	319	29	1
239	321	29	3
123	325	29	1
126	325	29	1
121	326	29	1
93	327	29	1
94	327	29	1
125	327	29	1
95	328	29	1
96	328	29	1
98	329	29	1
93	330	29	1
95	331	29	1
95	332	29	1
143	332	29	1
95	333	29	2
191	346	29	1
220	360	29	1
112	227	30	1
197	235	30	1
175	238	30	2
179	238	30	1
183	238	30	1
181	239	30	1
186	239	30	1
177	240	30	1
178	241	30	1
179	241	30	1
189	242	30	1
189	243	30	1
184	244	30	1
190	244	30	1
193	244	30	1
250	255	30	1
126	256	30	2
125	257	30	1
250	257	30	2
133	259	30	1
131	260	30	1
257	261	30	1
136	263	30	2
128	265	30	1
259	266	30	1
127	267	30	1
260	268	30	1
126	269	30	1
259	269	30	2
123	270	30	3
134	270	30	1
168	270	30	1
124	271	30	1
138	271	30	3
139	271	30	2
166	271	30	2
123	272	30	1
124	272	30	1
135	272	30	2
165	272	30	1
140	273	30	1
170	274	30	1
139	275	30	1
143	275	30	1
159	279	30	1
163	279	30	1
164	280	30	1
275	282	30	1
276	282	30	1
160	283	30	1
163	284	30	1
275	284	30	1
276	284	30	1
163	286	30	1
165	287	30	2
170	287	30	1
162	288	30	1
176	292	30	2
177	296	30	2
180	299	30	1
208	310	30	1
212	310	30	1
249	310	30	1
225	312	30	1
210	316	30	1
246	316	30	1
243	317	30	1
245	317	30	2
243	320	30	1
128	325	30	1
99	327	30	3
93	331	30	3
98	331	30	1
96	333	30	2
96	334	30	3
186	349	30	2
218	361	30	1
220	362	30	1
190	232	31	1
139	239	31	1
179	240	31	1
175	241	31	1
185	241	31	2
174	243	31	1
184	243	31	1
185	243	31	1
188	243	31	1
189	243	31	1
190	244	31	3
186	245	31	1
187	245	31	1
190	245	31	1
123	256	31	2
127	256	31	1
128	256	31	1
129	256	31	1
123	257	31	1
133	258	31	1
124	259	31	1
129	259	31	1
148	259	31	1
127	264	31	1
261	264	31	2
258	265	31	1
261	265	31	1
257	266	31	2
259	266	31	1
262	266	31	1
264	266	31	2
127	267	31	1
258	267	31	1
260	267	31	4
260	268	31	3
261	268	31	1
127	269	31	1
129	269	31	2
125	271	31	1
129	271	31	2
137	271	31	1
127	272	31	1
163	273	31	1
143	274	31	1
162	274	31	2
166	277	31	1
168	277	31	1
260	278	31	1
276	281	31	1
162	282	31	1
261	282	31	1
167	283	31	1
164	284	31	1
167	284	31	2
275	284	31	1
162	285	31	2
165	285	31	1
166	285	31	1
276	285	31	2
167	287	31	1
162	288	31	1
164	288	31	1
168	288	31	1
170	292	31	1
174	293	31	2
181	301	31	1
198	306	31	1
193	307	31	1
197	307	31	1
193	308	31	2
205	308	31	1
191	309	31	2
192	309	31	2
206	309	31	1
205	312	31	1
222	312	31	1
200	315	31	2
220	315	31	1
246	318	31	3
212	319	31	2
242	321	31	1
236	323	31	1
98	326	31	1
92	327	31	2
93	327	31	1
96	328	31	1
98	329	31	1
95	330	31	3
95	331	31	2
97	331	31	1
187	346	31	2
184	347	31	1
183	348	31	1
182	349	31	1
186	349	31	2
219	363	31	1
113	225	32	1
112	226	32	1
114	226	32	1
181	240	32	2
185	241	32	2
183	242	32	1
185	242	32	3
187	242	32	1
188	242	32	1
176	243	32	1
183	243	32	1
176	244	32	2
178	244	32	1
181	244	32	2
189	244	32	3
190	244	32	1
180	245	32	1
190	245	32	1
175	247	32	1
149	251	32	1
134	254	32	1
134	257	32	1
254	257	32	2
132	258	32	1
256	259	32	2
128	260	32	2
256	261	32	1
130	263	32	1
261	263	32	1
128	265	32	1
258	265	32	1
262	265	32	1
124	267	32	1
165	268	32	1
260	268	32	1
261	268	32	2
124	269	32	2
126	269	32	1
127	269	32	2
129	269	32	1
262	269	32	1
125	271	32	1
167	273	32	1
167	274	32	1
164	276	32	1
157	277	32	2
260	277	32	2
261	280	32	1
275	281	32	2
276	281	32	1
164	282	32	1
262	282	32	1
276	282	32	2
163	283	32	2
161	284	32	1
162	286	32	2
162	287	32	1
163	287	32	1
167	287	32	1
167	289	32	1
165	295	32	1
177	298	32	1
118	303	32	3
118	304	32	2
114	307	32	1
187	308	32	1
194	308	32	2
112	309	32	1
188	309	32	1
210	309	32	1
258	309	32	1
202	310	32	1
111	311	32	1
190	311	32	1
196	311	32	1
198	311	32	1
210	311	32	1
244	311	32	2
200	312	32	1
201	312	32	2
203	312	32	1
200	313	32	1
212	313	32	1
197	314	32	1
211	315	32	1
245	318	32	2
246	319	32	1
211	320	32	1
240	320	32	1
245	320	32	2
246	320	32	2
209	321	32	1
236	322	32	2
95	330	32	1
97	330	32	1
204	333	32	1
96	334	32	1
186	347	32	2
187	348	32	1
175	359	32	1
177	359	32	2
215	360	32	1
115	224	33	1
112	228	33	1
114	228	33	3
173	241	33	1
176	242	33	1
194	244	33	2
190	245	33	1
200	246	33	2
208	246	33	1
135	254	33	1
136	254	33	1
134	255	33	1
133	257	33	2
138	258	33	1
254	258	33	3
257	258	33	1
129	259	33	1
149	260	33	1
255	260	33	1
129	261	33	1
132	263	33	1
126	266	33	1
128	266	33	1
261	267	33	1
262	267	33	3
264	267	33	1
266	267	33	1
157	268	33	1
163	268	33	1
127	269	33	2
263	270	33	2
127	271	33	2
263	271	33	1
261	272	33	1
262	272	33	1
261	274	33	1
155	275	33	1
162	275	33	1
164	275	33	1
263	275	33	1
158	276	33	1
164	278	33	1
163	281	33	1
261	281	33	1
162	283	33	2
163	283	33	1
162	287	33	1
125	292	33	2
118	298	33	1
169	299	33	2
117	301	33	1
118	301	33	1
121	301	33	1
118	303	33	1
194	304	33	2
195	306	33	1
195	307	33	2
186	308	33	1
198	308	33	1
115	309	33	1
186	309	33	2
190	309	33	3
191	309	33	1
198	309	33	1
248	309	33	1
186	311	33	1
187	311	33	2
198	311	33	1
199	311	33	2
192	312	33	1
196	312	33	1
205	312	33	1
111	313	33	3
112	313	33	1
248	313	33	1
111	314	33	1
207	314	33	1
209	314	33	1
246	314	33	1
121	316	33	1
246	316	33	1
249	316	33	3
198	318	33	1
203	319	33	1
206	319	33	1
201	321	33	1
210	321	33	1
236	321	33	1
238	321	33	1
243	322	33	1
126	323	33	1
93	327	33	1
100	329	33	1
199	332	33	1
98	333	33	1
193	333	33	1
198	333	33	1
203	333	33	1
205	334	33	2
217	339	33	1
215	343	33	1
206	345	33	1
187	348	33	1
189	348	33	3
190	348	33	1
180	349	33	2
183	349	33	2
209	349	33	1
210	349	33	2
180	350	33	2
181	350	33	2
187	350	33	1
184	351	33	2
211	352	33	2
177	353	33	1
177	355	33	2
179	357	33	1
177	360	33	2
113	228	34	3
139	234	34	1
136	237	34	1
140	240	34	1
174	240	34	1
139	242	34	1
174	243	34	1
176	244	34	1
179	245	34	1
134	250	34	1
134	253	34	2
136	254	34	1
138	254	34	2
131	255	34	1
131	256	34	2
138	256	34	1
139	256	34	1
131	257	34	1
133	257	34	1
252	257	34	1
130	258	34	1
131	258	34	1
136	258	34	1
252	258	34	3
132	259	34	1
133	259	34	2
134	259	34	1
130	260	34	1
131	261	34	2
156	261	34	1
134	262	34	1
159	262	34	3
126	263	34	1
127	263	34	1
130	263	34	2
261	264	34	2
129	265	34	2
265	265	34	2
130	267	34	2
158	267	34	1
262	267	34	1
264	267	34	2
266	267	34	1
128	268	34	1
164	268	34	1
260	268	34	1
129	269	34	2
157	269	34	1
126	270	34	2
127	270	34	1
154	270	34	1
265	270	34	2
157	271	34	1
162	271	34	2
260	272	34	1
159	273	34	1
139	274	34	1
157	274	34	1
164	277	34	1
146	278	34	2
163	278	34	2
263	278	34	1
144	279	34	2
151	279	34	1
163	279	34	1
164	279	34	1
261	281	34	1
159	284	34	1
124	287	34	1
125	289	34	1
122	290	34	1
120	294	34	1
165	294	34	2
122	297	34	1
165	297	34	1
119	301	34	2
118	302	34	1
119	304	34	1
116	305	34	2
118	308	34	1
186	308	34	1
188	308	34	1
192	308	34	1
112	309	34	1
116	309	34	1
186	309	34	3
187	309	34	1
195	309	34	1
197	309	34	1
248	309	34	1
185	310	34	1
190	310	34	2
192	310	34	1
197	310	34	1
199	311	34	1
248	311	34	1
249	311	34	1
110	312	34	1
115	312	34	2
116	312	34	1
194	312	34	1
197	312	34	1
247	312	34	1
109	313	34	1
205	313	34	1
245	317	34	1
241	318	34	2
120	319	34	1
240	319	34	1
241	319	34	2
202	320	34	1
199	322	34	1
242	322	34	1
234	323	34	1
242	324	34	1
235	325	34	1
94	327	34	1
94	328	34	1
96	328	34	2
98	328	34	2
100	330	34	1
100	332	34	1
101	332	34	1
126	333	34	1
191	334	34	1
202	334	34	1
192	336	34	1
194	336	34	1
217	336	34	1
194	337	34	1
190	340	34	1
212	341	34	1
213	341	34	1
200	344	34	2
190	345	34	1
205	346	34	1
198	347	34	1
213	347	34	1
214	347	34	1
185	348	34	1
186	348	34	1
197	348	34	1
212	348	34	1
188	349	34	1
187	350	34	2
185	351	34	1
200	352	34	1
204	352	34	2
213	352	34	1
187	354	34	1
180	355	34	1
182	355	34	1
177	357	34	1
181	358	34	1
113	225	35	1
113	226	35	2
123	232	35	1
123	235	35	1
125	235	35	1
139	237	35	1
139	243	35	1
176	245	35	1
175	246	35	1
134	251	35	1
130	252	35	1
149	253	35	1
128	255	35	2
130	255	35	1
138	255	35	1
129	257	35	1
134	257	35	1
137	257	35	1
138	257	35	1
136	259	35	1
255	259	35	1
140	261	35	1
156	261	35	3
256	261	35	1
132	263	35	3
128	264	35	1
130	264	35	2
265	264	35	1
157	265	35	1
262	265	35	1
265	266	35	1
266	266	35	2
153	267	35	2
130	268	35	1
132	272	35	1
141	272	35	2
163	272	35	1
255	272	35	1
159	273	35	1
164	273	35	1
161	274	35	1
162	274	35	1
163	274	35	1
157	275	35	1
161	275	35	1
163	276	35	2
260	276	35	1
145	277	35	1
149	278	35	1
162	278	35	1
161	279	35	1
260	279	35	1
164	280	35	1
261	282	35	4
161	283	35	4
159	284	35	2
160	285	35	3
123	287	35	2
125	289	35	1
252	292	35	1
160	294	35	1
162	294	35	1
120	295	35	1
122	297	35	3
121	298	35	1
170	298	35	1
247	299	35	1
120	300	35	1
169	300	35	1
249	301	35	2
119	305	35	1
120	306	35	2
246	306	35	2
114	307	35	1
116	307	35	1
118	308	35	1
188	308	35	3
189	308	35	1
112	309	35	1
114	309	35	1
133	309	35	1
186	309	35	1
188	309	35	1
196	309	35	2
190	310	35	1
114	311	35	1
184	311	35	1
192	311	35	1
196	311	35	1
198	311	35	1
250	311	35	1
114	312	35	1
199	312	35	1
248	312	35	1
114	313	35	1
195	313	35	2
126	317	35	1
244	317	35	1
132	321	35	2
133	321	35	2
239	321	35	1
242	321	35	1
127	322	35	2
98	325	35	1
131	325	35	1
132	325	35	1
234	325	35	1
95	329	35	1
96	329	35	1
200	331	35	1
189	333	35	1
192	334	35	2
195	334	35	1
186	335	35	1
188	336	35	1
194	336	35	2
199	337	35	1
200	338	35	4
213	339	35	1
212	341	35	2
210	342	35	1
193	343	35	1
189	345	35	1
199	345	35	1
206	346	35	1
211	346	35	1
186	347	35	1
187	347	35	3
215	347	35	3
192	349	35	1
213	349	35	1
215	349	35	1
207	351	35	2
208	351	35	1
210	351	35	3
211	351	35	1
212	351	35	1
207	352	35	2
209	352	35	1
211	352	35	1
181	353	35	2
199	353	35	1
207	353	35	1
185	354	35	2
205	354	35	1
208	354	35	2
209	354	35	2
178	355	35	2
207	355	35	1
206	356	35	2
179	357	35	1
113	227	36	3
122	231	36	1
139	237	36	2
138	239	36	1
165	239	36	1
138	240	36	1
141	241	36	2
169	241	36	1
175	242	36	1
171	244	36	2
173	244	36	1
132	250	36	1
133	251	36	2
131	253	36	2
136	253	36	1
140	253	36	1
138	254	36	1
140	254	36	1
144	254	36	1
132	255	36	1
144	255	36	1
132	256	36	2
132	257	36	1
131	258	36	1
253	258	36	1
256	258	36	1
134	259	36	1
128	260	36	1
127	261	36	1
128	263	36	1
129	263	36	3
132	263	36	1
143	263	36	2
262	263	36	2
265	263	36	1
126	264	36	1
130	264	36	1
155	264	36	1
263	264	36	1
129	265	36	3
262	265	36	2
264	265	36	1
265	265	36	2
153	266	36	1
127	268	36	2
129	270	36	1
157	270	36	1
136	271	36	1
157	271	36	1
160	273	36	1
163	273	36	1
159	274	36	2
161	274	36	2
162	274	36	1
257	274	36	2
166	275	36	3
261	275	36	1
163	276	36	1
175	276	36	1
260	276	36	1
162	277	36	1
164	278	36	1
126	280	36	2
127	283	36	2
258	283	36	1
123	286	36	3
124	286	36	1
124	288	36	1
152	288	36	1
147	290	36	1
257	295	36	3
121	297	36	2
120	298	36	1
172	298	36	1
259	298	36	2
119	300	36	2
171	300	36	2
174	300	36	1
175	300	36	2
247	300	36	1
172	301	36	2
174	301	36	1
176	301	36	1
176	302	36	1
177	302	36	1
248	302	36	1
179	303	36	1
182	303	36	1
114	304	36	2
179	304	36	1
118	305	36	1
115	306	36	1
118	306	36	1
121	306	36	2
113	307	36	1
112	308	36	1
113	308	36	2
114	308	36	2
188	308	36	1
113	309	36	2
189	309	36	1
114	310	36	1
185	310	36	1
190	310	36	1
248	310	36	2
110	313	36	2
108	315	36	1
122	315	36	1
259	317	36	2
151	318	36	1
130	320	36	1
228	320	36	1
239	321	36	1
130	322	36	1
238	322	36	1
196	324	36	1
236	324	36	1
235	325	36	1
97	326	36	1
96	327	36	1
98	327	36	1
97	328	36	2
183	332	36	3
182	333	36	1
185	333	36	1
194	337	36	1
199	337	36	1
150	338	36	2
211	339	36	1
211	340	36	1
189	346	36	1
191	347	36	1
197	348	36	1
217	349	36	2
184	350	36	1
187	350	36	1
188	350	36	1
214	350	36	1
213	352	36	1
185	353	36	2
182	354	36	1
179	356	36	2
181	356	36	2
182	356	36	1
176	357	36	1
205	357	36	1
207	357	36	1
179	358	36	1
206	358	36	1
119	228	37	1
116	232	37	1
124	232	37	2
123	233	37	1
127	233	37	1
129	233	37	1
130	234	37	1
119	235	37	1
134	235	37	1
129	236	37	1
138	237	37	1
143	237	37	1
138	238	37	1
140	238	37	1
144	238	37	1
135	239	37	1
167	239	37	1
166	240	37	2
167	240	37	1
169	240	37	1
137	241	37	1
141	241	37	1
169	241	37	1
173	241	37	2
125	242	37	1
165	242	37	2
137	243	37	1
138	243	37	2
141	243	37	1
126	244	37	2
171	244	37	2
174	247	37	1
137	252	37	1
133	253	37	1
139	253	37	2
141	253	37	1
144	253	37	1
145	253	37	2
148	253	37	1
133	255	37	1
132	256	37	3
148	256	37	1
208	258	37	1
130	260	37	1
132	260	37	1
133	260	37	1
209	260	37	2
244	260	37	1
133	261	37	1
133	262	37	1
159	262	37	1
154	263	37	1
131	264	37	1
142	264	37	2
143	264	37	1
155	265	37	1
147	266	37	1
145	269	37	2
151	269	37	1
162	269	37	1
146	272	37	1
162	272	37	2
254	272	37	1
161	273	37	1
143	274	37	1
164	274	37	2
145	275	37	1
163	275	37	1
136	276	37	1
160	276	37	3
146	278	37	1
162	279	37	2
164	279	37	2
127	281	37	2
258	281	37	1
259	282	37	2
125	283	37	1
128	283	37	1
161	283	37	2
128	284	37	1
161	284	37	1
126	286	37	2
146	286	37	1
126	287	37	1
153	288	37	1
155	288	37	1
256	292	37	1
121	293	37	2
260	293	37	1
173	299	37	2
174	299	37	1
175	300	37	1
173	301	37	1
177	301	37	1
178	302	37	1
180	302	37	2
181	303	37	2
114	304	37	1
117	304	37	1
113	306	37	1
116	306	37	1
116	308	37	1
183	308	37	1
181	309	37	1
112	310	37	1
188	311	37	1
196	313	37	2
119	314	37	1
150	315	37	1
152	316	37	1
121	317	37	1
117	318	37	1
148	318	37	1
152	318	37	1
115	319	37	2
116	320	37	2
143	321	37	1
139	322	37	3
240	323	37	1
138	324	37	1
239	324	37	2
242	324	37	2
241	326	37	1
188	327	37	2
221	331	37	1
185	332	37	1
185	333	37	2
148	335	37	1
195	335	37	2
212	339	37	1
211	340	37	1
210	342	37	1
192	344	37	1
200	344	37	1
208	344	37	1
199	345	37	1
189	346	37	1
203	346	37	1
213	347	37	1
214	347	37	2
212	348	37	1
186	349	37	2
210	349	37	1
215	349	37	1
211	350	37	1
211	352	37	1
182	354	37	1
205	354	37	1
203	355	37	1
206	355	37	1
212	355	37	1
207	356	37	1
206	357	37	1
208	357	37	1
114	218	38	3
113	220	38	1
126	227	38	1
125	230	38	1
173	230	38	2
174	230	38	1
122	231	38	1
140	231	38	1
117	233	38	1
127	233	38	1
138	233	38	1
114	234	38	2
135	234	38	1
117	235	38	1
137	235	38	1
139	235	38	1
197	235	38	1
119	236	38	1
134	236	38	1
138	236	38	1
166	237	38	1
136	238	38	3
141	238	38	4
197	238	38	3
126	239	38	2
137	239	38	1
144	239	38	2
168	239	38	2
167	240	38	2
169	240	38	2
197	240	38	2
200	240	38	1
128	241	38	1
138	241	38	1
143	241	38	1
126	242	38	1
144	242	38	1
167	242	38	3
171	242	38	1
197	242	38	1
124	243	38	1
127	243	38	1
138	243	38	1
168	243	38	1
121	244	38	1
135	244	38	1
139	244	38	1
141	244	38	1
124	245	38	1
125	245	38	1
167	245	38	1
173	245	38	1
123	246	38	2
169	246	38	2
173	246	38	1
132	251	38	2
152	252	38	1
132	253	38	1
135	253	38	1
147	253	38	1
148	253	38	1
135	254	38	1
141	254	38	1
152	254	38	1
134	255	38	1
139	255	38	1
140	255	38	1
143	255	38	1
144	255	38	2
150	255	38	1
151	255	38	1
132	256	38	1
134	256	38	1
142	256	38	1
151	256	38	1
158	256	38	2
146	258	38	1
166	258	38	1
250	258	38	1
146	259	38	1
148	259	38	1
252	259	38	1
134	260	38	1
142	260	38	2
143	260	38	1
144	260	38	1
168	260	38	2
139	261	38	1
146	261	38	1
260	261	38	1
264	261	38	1
142	262	38	1
150	263	38	2
154	263	38	1
164	263	38	1
260	263	38	1
129	264	38	1
130	264	38	1
163	264	38	1
166	264	38	1
143	265	38	2
146	265	38	2
154	265	38	1
165	265	38	1
151	266	38	1
152	266	38	2
154	266	38	2
143	267	38	3
146	268	38	1
261	268	38	1
137	271	38	1
140	271	38	1
142	272	38	1
253	272	38	1
254	272	38	1
136	273	38	1
144	273	38	2
134	274	38	1
138	274	38	1
143	274	38	1
251	274	38	1
129	275	38	2
129	276	38	2
134	276	38	2
256	276	38	4
164	278	38	1
128	280	38	2
129	280	38	2
134	280	38	2
140	280	38	1
137	281	38	1
139	281	38	1
141	281	38	3
161	281	38	2
127	282	38	1
132	282	38	1
135	282	38	2
125	283	38	1
135	283	38	1
129	285	38	1
149	285	38	1
134	286	38	1
125	288	38	1
155	288	38	1
156	288	38	1
156	289	38	3
257	291	38	2
156	292	38	2
255	294	38	3
155	295	38	1
156	295	38	1
260	296	38	1
121	297	38	1
251	297	38	1
170	298	38	3
172	298	38	2
259	298	38	1
177	300	38	1
175	302	38	2
125	303	38	1
177	304	38	1
259	305	38	1
115	306	38	1
114	307	38	1
116	308	38	1
254	309	38	1
122	315	38	2
137	315	38	1
148	315	38	2
118	316	38	1
119	316	38	1
145	316	38	1
152	316	38	1
117	317	38	2
153	317	38	1
116	318	38	1
143	318	38	1
151	318	38	1
117	319	38	1
136	319	38	2
142	319	38	1
113	320	38	1
147	320	38	1
143	322	38	1
144	322	38	1
137	323	38	2
239	324	38	1
241	324	38	1
237	325	38	2
219	331	38	1
150	333	38	2
152	333	38	1
181	333	38	1
185	333	38	1
155	334	38	2
183	334	38	2
186	334	38	1
189	334	38	1
210	339	38	1
215	339	38	1
209	340	38	1
211	341	38	2
197	343	38	3
199	344	38	1
192	345	38	2
197	345	38	1
192	346	38	1
247	346	38	1
248	346	38	1
189	347	38	1
211	347	38	1
215	347	38	1
187	348	38	2
247	348	38	2
211	350	38	1
212	351	38	1
216	351	38	2
211	352	38	2
184	354	38	1
212	354	38	1
176	355	38	1
211	355	38	3
176	356	38	1
208	356	38	1
178	357	38	2
206	358	38	1
208	358	38	1
204	359	38	2
195	361	38	1
191	362	38	1
193	364	38	2
112	220	39	1
113	220	39	2
111	221	39	1
122	223	39	1
124	223	39	1
118	224	39	1
120	224	39	1
126	226	39	2
136	226	39	1
124	227	39	1
138	228	39	1
175	228	39	1
123	230	39	1
138	230	39	1
139	230	39	1
121	231	39	2
135	232	39	1
140	233	39	1
198	233	39	1
130	234	39	2
195	234	39	1
154	235	39	1
168	235	39	1
136	236	39	1
142	236	39	1
144	236	39	1
199	236	39	1
120	237	39	1
139	237	39	1
140	237	39	2
161	237	39	1
168	237	39	2
198	237	39	2
143	238	39	2
167	238	39	1
199	238	39	2
139	239	39	1
144	240	39	1
163	240	39	2
197	240	39	2
125	241	39	1
145	241	39	1
168	241	39	1
169	241	39	2
127	242	39	2
165	242	39	1
169	242	39	2
172	242	39	1
131	243	39	1
133	243	39	1
174	243	39	1
121	244	39	1
124	244	39	1
125	244	39	2
139	244	39	1
143	244	39	1
169	244	39	1
139	245	39	1
167	245	39	1
175	245	39	1
127	246	39	3
178	247	39	1
173	248	39	1
133	249	39	1
136	249	39	1
140	249	39	2
135	250	39	1
136	251	39	1
134	252	39	1
143	252	39	1
126	253	39	1
140	254	39	3
153	254	39	1
236	254	39	1
136	255	39	1
141	255	39	2
133	257	39	1
138	257	39	1
154	258	39	1
208	258	39	1
136	259	39	1
138	259	39	2
170	259	39	1
255	259	39	1
133	260	39	1
153	260	39	1
169	260	39	1
256	260	39	1
130	261	39	1
141	261	39	1
148	261	39	2
150	261	39	1
152	261	39	3
252	261	39	1
254	261	39	1
132	262	39	1
250	262	39	1
261	262	39	1
132	263	39	3
152	263	39	1
168	263	39	1
262	263	39	1
263	263	39	1
151	264	39	1
263	264	39	2
129	265	39	1
153	265	39	1
130	266	39	2
147	266	39	1
165	266	39	2
142	267	39	2
156	267	39	1
131	268	39	2
135	268	39	1
147	268	39	1
144	269	39	2
151	269	39	1
145	270	39	1
146	270	39	1
167	270	39	2
244	270	39	2
141	271	39	1
143	271	39	1
144	271	39	1
141	272	39	1
227	272	39	1
252	272	39	1
142	273	39	3
146	273	39	2
151	273	39	1
132	274	39	1
141	274	39	1
143	274	39	1
146	274	39	3
162	274	39	1
130	275	39	1
136	275	39	2
146	275	39	2
133	276	39	1
138	276	39	1
148	276	39	1
164	276	39	1
140	277	39	2
147	277	39	1
149	277	39	2
147	278	39	1
162	278	39	1
164	278	39	1
130	279	39	1
141	279	39	1
147	279	39	2
152	279	39	1
163	279	39	2
135	280	39	1
137	280	39	1
145	280	39	2
162	280	39	1
138	281	39	1
133	282	39	1
138	282	39	1
125	283	39	1
133	283	39	2
136	283	39	1
142	283	39	1
138	284	39	2
140	284	39	1
142	284	39	2
134	285	39	1
169	285	39	1
134	287	39	1
154	287	39	1
135	289	39	2
159	293	39	1
258	294	39	1
131	296	39	1
249	296	39	1
259	296	39	1
133	297	39	1
166	297	39	1
250	297	39	1
123	299	39	3
167	299	39	1
249	299	39	1
176	300	39	1
172	301	39	1
176	301	39	2
177	301	39	2
173	302	39	2
175	302	39	1
124	303	39	1
178	303	39	1
178	304	39	2
180	304	39	1
259	304	39	1
259	305	39	2
126	306	39	1
128	306	39	1
179	306	39	1
126	307	39	1
260	310	39	1
147	314	39	1
149	316	39	1
139	317	39	1
141	317	39	2
113	318	39	1
115	318	39	3
116	318	39	1
139	318	39	1
141	318	39	2
144	318	39	2
146	318	39	1
150	318	39	1
139	320	39	1
144	320	39	3
179	321	39	2
180	321	39	1
140	322	39	2
177	322	39	1
242	326	39	1
240	328	39	1
241	328	39	2
238	329	39	1
181	331	39	1
221	331	39	1
180	332	39	1
219	332	39	2
152	333	39	1
161	333	39	1
178	333	39	2
193	333	39	1
219	333	39	1
189	334	39	1
195	335	39	1
153	336	39	2
154	336	39	1
156	336	39	1
212	337	39	2
155	338	39	1
217	338	39	1
211	341	39	1
214	341	39	1
215	341	39	1
207	343	39	1
208	343	39	3
208	344	39	1
192	345	39	2
201	345	39	1
209	346	39	1
190	347	39	1
191	347	39	1
211	347	39	1
247	347	39	1
211	348	39	1
210	349	39	1
217	349	39	1
213	352	39	1
211	354	39	3
214	354	39	1
214	355	39	2
176	357	39	2
192	359	39	1
192	361	39	1
195	361	39	2
201	362	39	1
205	362	39	1
191	363	39	1
113	220	40	1
121	222	40	3
120	224	40	2
138	227	40	1
140	229	40	2
141	229	40	1
136	230	40	3
137	231	40	1
199	231	40	2
203	231	40	1
204	232	40	1
201	233	40	2
142	235	40	1
202	235	40	1
142	236	40	1
146	236	40	1
201	236	40	2
202	236	40	1
136	237	40	1
163	237	40	1
197	237	40	1
198	237	40	1
142	238	40	1
143	238	40	2
166	238	40	1
167	238	40	1
195	238	40	1
126	239	40	1
136	239	40	1
143	239	40	2
143	240	40	2
165	240	40	1
125	241	40	1
164	241	40	1
168	241	40	1
133	242	40	1
143	242	40	1
167	242	40	1
168	242	40	1
170	242	40	1
165	243	40	3
176	243	40	1
132	244	40	2
171	244	40	3
125	245	40	2
127	245	40	1
174	247	40	1
125	248	40	1
126	248	40	1
137	248	40	1
174	248	40	2
125	249	40	3
133	250	40	1
135	250	40	1
137	250	40	1
139	250	40	2
230	251	40	1
232	251	40	1
134	252	40	2
136	252	40	2
240	252	40	1
132	253	40	1
138	254	40	1
139	254	40	1
152	254	40	1
154	254	40	2
138	255	40	1
140	255	40	2
127	256	40	1
137	256	40	1
143	256	40	1
152	256	40	2
132	257	40	1
134	257	40	1
136	257	40	3
147	257	40	1
154	257	40	2
157	257	40	1
142	258	40	2
149	258	40	1
147	259	40	1
156	259	40	1
157	259	40	2
204	259	40	1
149	260	40	1
154	260	40	2
157	260	40	2
136	261	40	1
140	261	40	1
161	261	40	1
168	261	40	1
210	261	40	1
250	261	40	2
252	261	40	1
257	261	40	1
130	262	40	1
140	262	40	2
143	262	40	1
147	262	40	1
151	262	40	1
153	262	40	3
249	262	40	3
143	263	40	2
150	263	40	2
151	263	40	1
234	263	40	1
157	264	40	1
160	264	40	2
155	265	40	2
156	265	40	1
164	265	40	2
142	266	40	1
150	266	40	1
153	266	40	2
157	266	40	1
167	266	40	2
219	266	40	2
168	267	40	1
147	268	40	1
166	268	40	2
246	268	40	1
253	268	40	1
139	269	40	1
151	269	40	1
152	269	40	1
165	269	40	2
167	269	40	1
246	269	40	1
250	269	40	1
252	269	40	1
134	270	40	2
135	270	40	1
136	270	40	2
142	270	40	1
144	270	40	1
145	270	40	3
164	270	40	1
249	270	40	1
138	271	40	1
146	271	40	1
150	271	40	1
135	272	40	1
144	272	40	1
223	272	40	1
248	272	40	1
131	273	40	1
142	273	40	1
164	273	40	2
166	273	40	1
167	273	40	1
144	274	40	2
145	274	40	1
148	274	40	2
156	274	40	2
247	274	40	2
137	275	40	1
138	275	40	1
141	275	40	1
142	275	40	1
150	275	40	1
162	275	40	1
130	276	40	1
136	276	40	1
144	276	40	1
147	276	40	2
148	276	40	1
130	277	40	1
136	277	40	1
134	278	40	1
138	278	40	1
141	278	40	1
142	278	40	1
147.5	278	40.5	2
151	278	40	1
161	278	40	1
163	278	40	1
164	278	40	2
141	279	40	1
152	279	40	2
140	280	40	1
142	280	40	1
162	280	40	1
129	281	40	2
135	281	40	2
142	281	40	1
150	282	40	1
133	283	40	1
138	284	40	1
132	286	40	2
158	286	40	1
156	287	40	1
135	288	40	1
139	291	40	2
257	291	40	3
138	292	40	1
156	292	40	1
163	294	40	2
121	295	40	1
131	295	40	1
162	295	40	1
131	296	40	2
160	296	40	1
121	297	40	1
253	297	40	1
257	297	40	1
259	298	40	1
260	298	40	2
169	299	40	1
257	300	40	2
260	300	40	1
133	301	40	1
169	301	40	1
171	302	40	1
261	302	40	1
128	303	40	1
171	303	40	1
181	303	40	1
182	303	40	2
124	304	40	2
132	304	40	1
139	304	40	1
169	304	40	1
171	304	40	1
125	305	40	1
140	305	40	1
172	306	40	1
181	306	40	1
183	307	40	3
139	308	40	1
124	309	40	1
123	310	40	1
126	310	40	2
140	313	40	1
141	315	40	1
150	315	40	1
145	316	40	1
143	317	40	1
147	317	40	1
138	318	40	1
149	320	40	2
177	323	40	1
176	326	40	1
249	326	40	2
149	329	40	1
244	329	40	1
151	330	40	2
175	330	40	1
178	330	40	1
177	331	40	1
189	331	40	2
241	331	40	1
149	332	40	1
151	332	40	2
156	332	40	1
174	332	40	1
218	332	40	1
220	332	40	1
156	333	40	1
158	333	40	2
176	333	40	2
184	333	40	1
154	334	40	1
156	334	40	2
191	334	40	2
244	334	40	1
165	335	40	1
244	335	40	1
151	336	40	2
153	338	40	1
213	340	40	1
208	341	40	1
213	341	40	1
216	341	40	1
210	342	40	1
215	342	40	1
208	343	40	1
220	343	40	1
222	343	40	1
204	344	40	2
210	344	40	3
193	345	40	1
211	345	40	1
203	347	40	1
208	348	40	1
210	349	40	1
220	349	40	1
215	351	40	1
235	351	40	1
212	352	40	1
177	356	40	2
174	357	40	1
171	358	40	2
172	358	40	1
207	359	40	2
206	361	40	1
112	220	41	2
111	222	41	2
121	222	41	1
144	225	41	1
135	227	41	2
137	227	41	1
138	228	41	1
143	232	41	1
136	233	41	1
140	233	41	1
141	233	41	1
142	233	41	1
204	233	41	2
136	234	41	4
142	234	41	1
146	235	41	2
199	235	41	2
201	235	41	1
151	236	41	2
167	236	41	1
204	236	41	1
140	237	41	2
142	237	41	1
160	237	41	1
163	237	41	1
165	237	41	1
202	237	41	3
138	238	41	1
141	238	41	2
146	238	41	3
202	238	41	1
141	239	41	1
200	239	41	1
162	240	41	1
165	240	41	1
127	241	41	2
142	241	41	1
143	241	41	1
167	241	41	1
132	242	41	1
137	242	41	2
141	242	41	2
170	242	41	1
129	243	41	2
138	243	41	1
139	243	41	2
140	243	41	1
169	243	41	1
125	244	41	3
166	244	41	2
168	244	41	2
170	244	41	1
128	245	41	1
177	245	41	1
128	246	41	1
124	247	41	1
178	247	41	2
181	247	41	1
122	248	41	1
130	249	41	1
133	249	41	1
230	250	41	1
231	250	41	1
232	250	41	1
141	252	41	1
234	252	41	2
119	253	41	1
121	253	41	1
143	253	41	1
232	253	41	1
141	254	41	1
144	254	41	1
243	254	41	1
119	255	41	1
141	255	41	2
214	255	41	1
140	256	41	1
137	257	41	1
141	257	41	1
213	257	41	1
214	257	41	1
138	258	41	1
147	258	41	1
153	258	41	3
172	258	41	1
177	258	41	1
139	259	41	1
146	259	41	1
205	259	41	1
208	259	41	2
212	259	41	1
213	259	41	3
140	260	41	1
146	260	41	1
148	260	41	1
154	260	41	1
157	260	41	2
170	260	41	2
175	260	41	1
253	260	41	2
144	261	41	2
146	261	41	1
148	261	41	1
149	261	41	1
160	261	41	3
174	261	41	2
250	261	41	1
119	262	41	2
139	262	41	1
143	262	41	1
146	262	41	1
151	262	41	1
168	262	41	1
248	262	41	2
251	262	41	2
143	263	41	1
151	263	41	1
162	263	41	1
168	263	41	1
201	263	41	1
204	263	41	1
234	263	41	1
143	264	41	2
147	264	41	1
158	264	41	1
210	264	41	1
249	264	41	1
124	265	41	1
145	265	41	2
153	265	41	1
119	266	41	1
120	266	41	1
149	266	41	1
132	267	41	1
135	267	41	2
247	267	41	1
142	268	41	1
147	268	41	1
148	268	41	1
153	268	41	1
206	268	41	3
248	268	41	1
247	269	41	1
151	270	41	2
247	270	41	1
132	271	41	1
148	271	41	1
151	271	41	2
157	271	41	1
203	271	41	1
218	271	41	1
247	271	41	2
140	272	41	1
147	272	41	1
149	272	41	2
151	272	41	2
163	272	41	1
165	272	41	1
220	272	41	2
228	272	41	1
146	273	41	1
147	273	41	1
134	274	41	1
143	274	41	1
147	274	41	1
153	274	41	1
247	274	41	1
130	275	41	1
136	275	41	2
141	275	41	1
151	275	41	1
157	275	41	1
136	276	41	1
141	276	41	2
145	276	41	1
146	276	41	1
156	276	41	1
133	277	41	1
139	277	41	1
142	277	41	1
161	277	41	1
131	278	41	1
136	278	41	2
149	278	41	1
152	278	41	2
155	278	41	1
247	278	41	1
210	279	41	1
141	280	41	2
142	280	41	1
152	280	41	3
154	280	41	1
130	281	41	1
142	281	41	1
152	281	41	2
160	283	41	2
138	284	41	2
141	284	41	1
156	284	41	1
215	284	41	1
219	285	41	1
140	286	41	2
158	286	41	1
136	287	41	1
155	289	41	1
134	290	41	2
154	291	41	1
130	292	41	1
134	292	41	1
157	292	41	1
134	293	41	1
139	293	41	1
154	294	41	1
159	294	41	2
135	295	41	1
150	295	41	1
153	296	41	1
252	296	41	3
137	297	41	1
162	297	41	1
152	298	41	2
252	298	41	1
166	299	41	1
260	299	41	1
168	300	41	1
260	300	41	3
123	301	41	2
250	301	41	1
125	302	41	1
131	302	41	3
132	302	41	1
134	302	41	1
167	302	41	1
123	303	41	1
134	303	41	1
138	303	41	1
144	303	41	2
170	303	41	1
177	303	41	2
179	303	41	1
181	303	41	1
259	303	41	2
122	304	41	1
125	304	41	1
126	304	41	2
133	304	41	1
141	304	41	4
181	304	41	3
127	305	41	1
131	305	41	1
140	305	41	1
172	305	41	1
182	305	41	1
130	306	41	1
171	306	41	2
130	307	41	1
142	307	41	1
126	308	41	3
127	308	41	1
128	308	41	1
129	308	41	1
123	309	41	1
140	309	41	3
122	310	41	1
143	310	41	1
122	311	41	1
119	314	41	1
121	314	41	1
116	315	41	3
119	315	41	2
140	315	41	1
139	317	41	1
141	317	41	1
142	317	41	2
113	318	41	1
143	319	41	1
149	321	41	1
181	322	41	1
249	322	41	2
179	324	41	1
147	325	41	1
247	325	41	1
133	326	41	2
134	326	41	1
179	326	41	2
181	326	41	1
138	327	41	1
148	327	41	2
181	327	41	1
131	328	41	1
156	328	41	1
167	328	41	1
239	328	41	1
242	328	41	1
252	328	41	5
179	329	41	2
186	329	41	1
133	330	41	1
175	330	41	1
240	330	41	2
243	330	41	1
175	331	41	1
241	331	41	1
130	332	41	1
133	332	41	1
157	332	41	1
165	332	41	1
168	332	41	1
176	332	41	2
185	332	41	1
189	332	41	2
218	332	41	1
154	333	41	1
179	333	41	1
187	333	41	1
189	333	41	1
216	333	41	1
242	334	41	1
153	335	41	1
154	335	41	1
238	335	41	1
242	335	41	2
246	335	41	1
152	336	41	1
218	336	41	3
126	337	41	1
156	337	41	1
156	338	41	1
250	338	41	3
214	339	41	1
215	339	41	2
247	339	41	1
194	340	41	1
214	340	41	1
216	340	41	1
195	341	41	1
218	341	41	2
220	341	41	1
218	342	41	1
210	343	41	1
194	344	41	1
195	344	41	1
207	344	41	1
210	344	41	1
194	345	41	1
196	345	41	1
210	346	41	2
233	347	41	1
248	347	41	1
195	349	41	1
193	350	41	1
237	350	41	1
211	351	41	2
237	351	41	1
209	352	41	1
207	355	41	2
169	359	41	3
207	360	41	1
199	363	41	3
200	363	41	3
138	228	42	1
139	228	42	1
136	229	42	2
139	231	42	1
138	232	42	1
137	233	42	1
140	233	42	1
201	234	42	1
140	235	42	3
143	236	42	1
156	236	42	1
164	236	42	1
158	237	42	1
162	237	42	1
165	237	42	2
141	238	42	1
164	238	42	2
166	238	42	1
204	238	42	2
138	239	42	2
141	240	42	2
142	241	42	1
164	243	42	1
139	244	42	1
176	244	42	1
178	244	42	1
179	244	42	1
184	244	42	2
126	247	42	1
177	252	42	1
140	253	42	1
138	254	42	1
139	254	42	1
144	254	42	1
176	254	42	2
144	256	42	1
158	256	42	1
147	257	42	1
149	257	42	1
174	257	42	1
177	257	42	1
212	257	42	1
213	257	42	3
175	258	42	1
208	258	42	1
212	258	42	1
158	259	42	2
211	259	42	1
153	260	42	3
157	260	42	1
171	260	42	1
213	260	42	1
150	261	42	1
153	261	42	1
155	261	42	1
167	261	42	1
168	261	42	2
176	261	42	2
149	262	42	1
155	262	42	1
166	262	42	1
171	262	42	3
209	262	42	1
149	263	42	1
150	263	42	2
151	263	42	1
153	263	42	1
157	263	42	2
147	264	42	1
151	264	42	1
158	264	42	3
152	265	42	1
145	266	42	1
149	266	42	1
143	267	42	1
141	268	42	2
143	268	42	1
141	269	42	1
132	270	42	1
152	270	42	1
223	271	42	3
132	272	42	1
141	272	42	2
143	272	42	1
131	273	42	1
142	273	42	1
147	273	42	1
154	273	42	1
158	273	42	2
142	274	42	2
144	274	42	1
154	274	42	1
250	274	42	1
134	275	42	1
143	275	42	2
148	275	42	2
155	275	42	1
249	275	42	2
250	275	42	1
134	276	42	1
143	276	42	1
153	276	42	2
154	276	42	1
140	277	42	2
143	277	42	2
155	277	42	2
158	277	42	1
131	278	42	2
162	278	42	1
137	279	42	1
143	279	42	2
149	279	42	1
152	279	42	1
151	280	42	1
154	280	42	1
160	280	42	1
143	281	42	1
154	282	42	1
158	282	42	1
162	282	42	1
149	283	42	1
137	284	42	2
152	285	42	1
153	285	42	1
157	285	42	2
217	285	42	1
155	286	42	1
136	287	42	2
140	287	42	1
141	287	42	1
174	287	42	2
134	288	42	1
133	289	42	1
135	289	42	2
136	289	42	1
174	289	42	1
135	291	42	1
133	292	42	1
134	292	42	1
137	293	42	1
138	293	42	1
129	294	42	1
131	294	42	1
138	294	42	1
141	294	42	1
135	295	42	2
142	295	42	1
136	296	42	1
161	296	42	1
139	297	42	2
150	297	42	1
136	298	42	1
141	298	42	1
128	299	42	1
150	299	42	1
169	299	42	1
129	300	42	1
249	300	42	3
136	301	42	1
248	301	42	1
138	302	42	1
140	303	42	1
150	303	42	1
168	303	42	1
171	303	42	2
125	304	42	2
144	304	42	2
125	305	42	1
131	305	42	1
133	305	42	1
170	305	42	1
171	305	42	1
140	306	42	1
125	307	42	1
143	307	42	2
170	307	42	1
169	308	42	1
140	309	42	1
143	310	42	1
141	316	42	2
142	317	42	3
139	318	42	1
148	318	42	2
140	319	42	1
138	321	42	1
150	321	42	1
253	323	42	1
133	324	42	2
137	324	42	1
181	324	42	1
132	325	42	1
134	325	42	2
137	325	42	1
183	325	42	3
133	326	42	1
134	326	42	1
251	326	42	2
176	327	42	2
130	328	42	1
176	328	42	1
250	328	42	1
150	329	42	1
168	329	42	2
131	330	42	2
161	330	42	1
179	330	42	1
132	331	42	1
134	331	42	1
154	331	42	2
176	331	42	2
127	332	42	1
133	332	42	2
161	332	42	1
164	332	42	1
165	332	42	1
176	332	42	1
177	332	42	2
180	332	42	1
176	333	42	2
178	333	42	1
181	333	42	1
188	334	42	1
219	334	42	1
245	334	42	1
247	334	42	1
134	335	42	1
151	335	42	1
128	336	42	3
248	336	42	1
126	337	42	1
127	337	42	2
192	337	42	1
194	338	42	3
159	340	42	1
195	341	42	1
211	342	42	2
211	344	42	1
212	344	42	2
213	345	42	1
212	348	42	1
231	349	42	1
207	355	42	2
206	356	42	1
139	228	43	1
138	229	43	1
139	229	43	2
138	230	43	1
157	230	43	2
136	231	43	1
140	231	43	1
203	234	43	2
157	236	43	1
164	236	43	1
136	237	43	1
154	237	43	3
138	238	43	1
143	239	43	1
165	240	43	1
166	240	43	1
140	242	43	1
178	245	43	1
179	246	43	1
179	254	43	1
119	256	43	1
210	256	43	1
155	257	43	1
174	257	43	1
176	257	43	1
215	257	43	2
149	258	43	1
175	258	43	1
215	258	43	1
149	260	43	1
151	260	43	1
170	260	43	1
171	260	43	3
172	260	43	1
175	260	43	1
178	260	43	1
178	261	43	1
152	262	43	2
153	262	43	1
160	262	43	1
163	262	43	1
167	262	43	1
177	262	43	2
206	262	43	1
147	263	43	2
154	263	43	1
205	263	43	3
147	264	43	1
155	264	43	2
156	264	43	1
257	264	43	1
153	265	43	1
147	267	43	1
147	268	43	2
164	268	43	2
143	271	43	1
148	271	43	1
143	272	43	1
148	272	43	3
149	272	43	1
214	272	43	1
143	273	43	1
148	273	43	1
211	273	43	1
153	274	43	2
255	274	43	1
132	275	43	1
141	275	43	1
145	275	43	1
155	275	43	2
182	275	43	1
151	276	43	1
164	276	43	3
143	277	43	1
148	277	43	1
150	277	43	2
142	279	43	1
150	279	43	1
151	279	43	1
158	279	43	3
147	280	43	1
210	280	43	1
161	281	43	1
141	282	43	2
144	282	43	1
154	282	43	1
143	283	43	1
149	283	43	2
150	283	43	2
153	283	43	1
139	284	43	4
148	284	43	2
150	284	43	2
151	285	43	1
155	285	43	1
154	286	43	2
216	286	43	1
216	287	43	1
136	288	43	1
138	288	43	2
140	288	43	1
133	289	43	1
134	289	43	1
152	292	43	1
255	293	43	1
132	294	43	1
151	295	43	2
131	296	43	1
136	296	43	1
137	297	43	1
149	297	43	2
140	298	43	1
165	299	43	1
129	302	43	1
131	302	43	1
135	302	43	1
137	302	43	1
140	302	43	1
135	303	43	1
138	303	43	1
135	304	43	1
140	304	43	1
143	305	43	1
168	305	43	1
125	306	43	1
127	306	43	2
129	306	43	1
131	306	43	2
143	306	43	2
148	306	43	1
170	306	43	2
128	308	43	1
143	308	43	1
140	313	43	2
140	317	43	1
140	318	43	2
142	319	43	2
179	323	43	2
135	325	43	2
140	325	43	1
133	326	43	2
177	326	43	2
176	327	43	1
186	327	43	1
184	328	43	1
251	328	43	1
133	329	43	2
179	330	43	1
132	331	43	1
218	332	43	1
240	332	43	2
188	333	43	1
217	333	43	2
222	335	43	2
131	336	43	1
156	336	43	1
218	336	43	1
244	336	43	1
127	337	43	1
155	338	43	1
247	338	43	1
195	340	43	1
195	341	43	1
211	343	43	1
213	343	43	1
210	344	43	1
211	344	43	2
208	347	43	2
233	347	43	1
232	349	43	2
238	349	43	1
205	352	43	1
231	352	43	1
206	353	43	1
186	360	43	1
204	360	43	1
209	361	43	1
137	228	44	1
139	228	44	2
141	229	44	1
135	230	44	2
136	232	44	1
140	234	44	1
139	236	44	1
139	238	44	1
158	259	44	1
176	260	44	1
177	260	44	1
156	261	44	1
174	261	44	1
156	262	44	1
160	262	44	1
158	263	44	1
159	263	44	2
210	263	44	1
146	264	44	1
156	265	44	1
147	266	44	1
147	268	44	1
148	269	44	2
152	269	44	1
213	269	44	3
145	270	44	2
146	270	44	1
144	271	44	2
147	271	44	1
148	272	44	1
151	272	44	1
142	273	44	2
143	273	44	1
156	273	44	1
143	275	44	2
144	275	44	1
146	275	44	1
153	276	44	1
154	276	44	1
156	277	44	1
147	278	44	1
151	278	44	1
146	279	44	1
154	279	44	1
161	279	44	1
164	279	44	1
210	280	44	1
140	281	44	3
148	281	44	2
150	281	44	1
143	282	44	1
151	282	44	1
152	282	44	1
154	282	44	1
142	283	44	1
148	283	44	1
145	284	44	1
155	284	44	1
143	285	44	2
217	285	44	1
217	289	44	2
142	291	44	1
145	293	44	1
223	293	44	2
142	294	44	1
141	297	44	1
137	299	44	1
139	299	44	1
136	301	44	1
137	301	44	1
209	301	44	3
140	302	44	1
139	304	44	2
131	306	44	1
173	306	44	2
140	308	44	3
174	309	44	1
140	318	44	1
182	325	44	1
136	326	44	3
131	328	44	2
133	329	44	1
183	329	44	1
182	332	44	3
180	333	44	1
132	334	44	1
218	334	44	1
128	335	44	2
242	335	44	1
214	336	44	1
215	337	44	1
217	337	44	1
213	338	44	1
215	338	44	1
247	339	44	1
216	344	44	1
211	347	44	2
228	347	44	2
212	348	44	1
209	351	44	1
140	231	45	2
143	237	45	1
175	257	45	2
176	259	45	1
173	260	45	2
158	262	45	1
159	263	45	1
149	265	45	2
155	267	45	1
148	269	45	1
143	270	45	2
145	270	45	2
146	271	45	1
141	275	45	2
164	277	45	2
147	279	45	2
149	279	45	2
150	279	45	2
162	279	45	1
149	280	45	3
150	280	45	1
161	281	45	1
144	282	45	1
152	282	45	3
142	283	45	2
145	283	45	1
150	283	45	2
142	284	45	1
151	284	45	1
140	285	45	1
217	285	45	1
141	286	45	1
218	286	45	1
144	291	45	1
143	293	45	2
140	294	45	1
144	294	45	1
145	294	45	1
140	296	45	1
143	296	45	1
142	297	45	1
135	299	45	1
140	299	45	1
138	301	45	1
127	302	45	1
133	302	45	1
137	302	45	1
143	302	45	1
131	303	45	1
137	304	45	1
139	304	45	1
140	304	45	1
141	315	45	1
180	318	45	1
167	326	45	1
176	327	45	1
189	331	45	2
193	333	45	2
217	334	45	2
214	339	45	2
245	340	45	1
209	347	45	1
175	352	45	2
202	352	45	1
230	354	45	1
134	229	46	1
132	236	46	3
173	255	46	1
147	266	46	1
145	269	46	1
145	270	46	1
154	270	46	1
144	272	46	1
151	273	46	1
153	277	46	2
161	277	46	1
148	278	46	3
150	279	46	1
146	282	46	2
148	282	46	3
153	282	46	1
159	282	46	2
151	283	46	1
157	284	46	1
120	286	46	1
143	290	46	2
140	292	46	2
144	292	46	1
201	292	46	2
144	293	46	1
146	294	46	1
139	295	46	1
207	296	46	3
225	297	46	1
136	298	46	2
140	298	46	2
142	299	46	1
132	300	46	1
143	300	46	1
137	301	46	1
131	302	46	1
141	302	46	1
143	302	46	1
244	302	46	1
134	303	46	1
136	303	46	1
143	303	46	2
137	304	46	1
195	315	46	1
188	319	46	1
184	320	46	1
191	322	46	1
176	323	46	1
177	323	46	1
180	324	46	1
174	325	46	1
172	326	46	1
183	326	46	2
174	327	46	1
191	327	46	1
188	328	46	3
238	331	46	1
217	335	46	1
217	342	46	1
232	343	46	1
205	346	46	1
209	351	46	1
230	356	46	1
131	223	47	1
138	229	47	1
149	265	47	1
151	269	47	2
146	277	47	1
155	279	47	2
152	280	47	3
146	282	47	1
162	282	47	2
120	283	47	1
149	284	47	1
147	285	47	1
146	289	47	1
140	292	47	1
140	293	47	2
146	293	47	1
202	295	47	1
134	298	47	1
140	298	47	3
229	302	47	2
179	322	47	2
185	323	47	1
190	323	47	1
186	329	47	1
218	341	47	2
206	348	47	1
207	351	47	2
203	356	47	1
231	356	47	1
186	257	48	1
154	274	48	1
146	275	48	2
154	276	48	1
143	279	48	1
159	279	48	2
147	281	48	1
140	295	48	1
179	323	48	2
169	324	48	1
216	342	48	1
207	351	48	1
116	230	49	1
135	230	49	1
127	235	49	1
172	237	49	1
126	245	49	2
154	248	49	1
156	256	49	1
173	256	49	1
171	260	49	2
139	263	49	3
191	267	49	1
127	268	49	1
169	270	49	1
144	271	49	1
154	274	49	3
156	274	49	1
155	276	49	1
157	279	49	1
145	280	49	2
113	284	49	1
144	284	49	2
147	287	49	2
147	292	49	2
140	293	49	1
144	294	49	1
133	295	49	1
200	296	49	1
140	297	49	2
133	299	49	1
139	299	49	1
131	300	49	1
152	304	49	1
126	305	49	1
128	307	49	1
170	312	49	1
149	313	49	3
145	316	49	2
268	317	49	1
183	319	49	1
178	322	49	1
148	337	49	2
197	342	49	2
199	346	49	1
211	346	49	1
224	346	49	2
204	348	49	1
186	349	49	1
206	353	49	3
131	229	50	1
136	230	50	1
183	230	50	2
121	234	50	2
127	235	50	1
155	263	50	1
130	265	50	1
151	272	50	1
155	273	50	1
220	277	50	2
259	286	50	1
143	291	50	2
139	294	50	1
140	294	50	1
148	296	50	2
244	301	50	1
140	302	50	1
132	304	50	1
193	307	50	1
129	312	50	2
157	313	50	1
240	317	50	1
195	325	50	2
