x	y	z	Mismatch repair (MMR) directed by MSH2:MSH6 (MutSalpha)
240	277	24	1
245	284	24	2
244	286	24	2
244	287	24	2
243	288	24	1
244	288	24	1
245	288	24	1
248	289	24	1
244	291	24	1
231	264	25	1
236	268	25	1
234	271	25	1
227	272	25	1
230	272	25	2
233	272	25	1
238	272	25	2
235	273	25	1
233	274	25	1
234	274	25	1
235	274	25	1
232.5	276.5	25.5	1
234	276	25	2
232	277	25	1
247	277	25	1
231	278	25	1
232	278	25	1
237	278	25	2
233	279	25	2
234	279	25	1
240	279	25	1
232	280	25	1
236	280	25	1
235	281	25	1
241	281	25	1
232	282	25	1
238	282	25	1
240	282	25	2
248	282	25	1
249	282	25	1
231	283	25	2
237	283	25	1
237	284	25	2
241	284	25	1
247	284	25	1
249	284	25	1
252	284	25	1
234	285	25	3
235	285	25	1
236	285	25	2
237	285	25	1
243	285	25	1
244	285	25	1
250	285	25	1
252	285	25	1
232	286	25	1
236	286	25	1
243	286	25	1
223	287	25	1
238	287	25	1
245	287	25	1
251	287	25	1
236	288	25	1
239	288	25	1
242	288	25	1
235	289	25	1
244	289	25	1
248.5	289.5	25.5	3
238	291	25	1
246	291	25	1
235	292	25	1
239	294	25	1
240	294	25	1
241	294	25	1
242	294	25	1
243	294	25	2
244	294	25	1
243	295	25	1
239	296	25	2
242	296	25	1
243	297	25	1
241	299	25	1
182	260	26	2
215	265	26	1
234	265	26	1
237	266	26	2
230	267	26	1
229	269	26	1
234	270	26	1
235	271	26	1
217	272	26	2
223	272	26	1
224	272	26	1
230	272	26	1
232	275	26	1
235	275	26	1
245	275	26	1
250	275	26	2
235	276	26	1
237	276	26	1
239	276	26	1
248	276	26	1
231	277	26	1
236	277	26	1
240	277	26	1
247	277	26	1
233	278	26	1
236	278	26	1
237	278	26	1
239	278	26	1
252	278	26	1
239	279	26	1
249	279	26	1
241	280	26	2
244	281	26	1
248	281	26	1
215	282	26	1
233	282	26	1
242	282	26	1
247	282	26	1
241	283	26	1
243	283	26	1
245	284	26	1
250	284	26	1
234	285	26	1
236	285	26	1
240	285	26	1
241	285	26	1
245	285	26	1
247	285	26	1
255	285	26	1
216	286	26	1
238	286	26	1
243	286	26	1
246	286	26	1
250	286	26	1
251	286	26	2
236	287	26	1
247	287	26	1
243	288	26	1
222	289	26	3
233	289	26	1
248	289	26	1
250	289	26	1
252	289	26	1
225	290	26	1
233	290	26	1
238	290	26	1
244	290	26	1
226	291	26	1
242	291	26	1
249	291	26	1
250	291	26	1
225	292	26	1
227	292	26	2
237	292	26	1
239	292	26	1
245	292	26	2
236	293	26	1
245	293	26	1
246	293	26	1
235	294	26	1
221	295	26	2
242	295	26	1
236	297	26	1
239	297	26	1
246	297	26	1
235	298	26	3
240	298	26	1
242	298	26	2
236	299	26	1
225	300	26	1
227	300	26	1
236	300	26	2
182	255	27	2
184	255	27	1
184	256	27	1
183	257	27	1
183	258	27	1
215	258	27	1
232	258	27	1
183	260	27	1
227	260	27	1
234	260	27	1
235	260	27	1
182	261	27	1
227	261	27	1
228	261	27	1
233	262	27	1
236	262	27	1
175	263	27	1
181	263	27	1
215	263	27	1
229	263	27	1
232	263	27	1
236	263	27	1
239	263	27	2
244	263	27	1
224	264	27	1
228	264	27	1
238	264	27	1
248	264	27	3
184	265	27	1
235	265	27	1
240	265	27	2
216	266	27	1
217	266	27	1
221	266	27	1
226	266	27	1
230	266	27	1
179	267	27	1
226	267	27	1
236	267	27	1
197	268	27	1
213	268	27	1
215	268	27	1
224	268	27	1
228	268	27	2
231	268	27	2
241	268	27	1
178	269	27	1
179	269	27	1
228	269	27	1
234	269	27	1
240	269	27	1
243	269	27	1
181	270	27	1
207	270	27	1
216	270	27	1
218	270	27	1
228	270	27	1
233	270	27	1
239	270	27	1
242	270	27	1
248	270	27	2
180	271	27	1
182	271	27	1
206	271	27	1
208	271	27	1
225	271	27	1
228	271	27	1
236	271	27	1
243	271	27	1
248	271	27	1
250	271	27	2
251	271	27	2
207	272	27	1
208	272	27	1
213	272	27	2
215	272	27	2
217	272	27	2
222	272	27	1
223	272	27	1
231	272	27	1
234	272	27	1
235	272	27	1
241	272	27	1
250	272	27	1
207	273	27	1
213	273	27	1
223	273	27	1
232	273	27	2
235	273	27	2
204	274	27	1
209	274	27	1
221	274	27	1
224	274	27	1
229	274	27	1
239	274	27	1
247	274	27	2
250	274	27	1
182	275	27	1
206	275	27	1
223	275	27	1
230	275	27	1
233	275	27	1
238	275	27	1
239	275	27	1
177	276	27	1
210	276	27	1
211	276	27	1
215	276	27	1
217	276	27	1
227	276	27	1
239	276	27	1
252	276	27	1
205	277	27	1
213	277	27	1
215	277	27	1
224	277	27	2
235	277	27	1
237	277	27	1
240	277	27	1
244	277	27	1
246	277	27	1
250	277	27	1
209	278	27	2
219	278	27	2
227	278	27	1
231	278	27	1
235	278	27	1
239	278	27	1
244	278	27	1
246	278	27	1
249	278	27	1
252	278	27	1
201	279	27	1
207	279	27	1
235	279	27	1
236	279	27	1
241	279	27	1
242	279	27	1
244	279	27	2
245	279	27	1
247	279	27	2
252	279	27	2
257	279	27	1
204	280	27	1
234	280	27	1
238	280	27	1
239	280	27	1
241	280	27	1
248	280	27	1
250	280	27	2
210	281	27	1
222	281	27	2
229	281	27	1
230	281	27	2
231	281	27	2
233	281	27	1
237	281	27	1
244	281	27	1
252	281	27	1
205	282	27	1
206	282	27	1
209	282	27	1
212	282	27	1
213	282	27	1
215	282	27	1
227	282	27	1
250	282	27	1
201	283	27	1
207	283	27	1
231	283	27	1
244	283	27	1
251	283	27	1
255	283	27	1
208	284	27	1
243	284	27	1
250	284	27	1
253	284	27	1
199	285	27	1
200	285	27	1
220	285	27	1
223	285	27	1
224	285	27	1
228	285	27	1
235	285	27	2
239	285	27	1
242	285	27	1
246	285	27	1
249	285	27	1
253	285	27	1
206	286	27	3
208	286	27	1
225	286	27	1
233	286	27	1
234	286	27	1
235	286	27	1
246	286	27	1
214	287	27	2
221	287	27	1
222	287	27	1
228	287	27	1
230	287	27	1
232	287	27	3
239	287	27	1
246	287	27	1
247	287	27	1
252	287	27	1
255	287	27	1
256	287	27	3
211	288	27	1
226	288	27	1
232	288	27	1
237	288	27	1
238	288	27	1
240	288	27	1
244	288	27	1
245	288	27	1
253	288	27	1
226	289	27	1
227	289	27	1
238	289	27	1
249	289	27	1
253	289	27	1
254	289	27	1
219	290	27	1
221	290	27	1
227	290	27	1
231	290	27	1
232	290	27	2
250	290	27	1
252	290	27	1
227	291	27	1
228	291	27	2
230	291	27	2
233	291	27	1
235	291	27	1
238	291	27	1
239	291	27	1
243	291	27	1
246	291	27	1
212	292	27	1
219	292	27	1
222	292	27	1
230	292	27	1
237	292	27	1
248	292	27	1
252	292	27	1
211	293	27	2
217	293	27	1
221	293	27	2
229	293	27	3
243	293	27	1
245	293	27	1
211	294	27	1
220	294	27	1
224	294	27	1
225	294	27	1
226	294	27	1
244	294	27	1
245	294	27	1
255	294	27	1
241	295	27	1
252	295	27	1
211	296	27	1
244	296	27	1
247	296	27	1
245	297	27	1
246	297	27	1
248	297	27	1
239	298	27	1
241	298	27	1
244	298	27	2
245	298	27	2
247	298	27	1
229	299	27	1
243	299	27	1
231	300	27	1
238	300	27	1
239	300	27	1
244	300	27	1
247	300	27	1
237	301	27	1
238	301	27	1
245	301	27	1
250	301	27	1
235	302	27	1
236	302	27	1
237	302	27	1
245	302	27	1
244	304	27	1
230	262	28	1
234	265	28	1
235	266	28	1
236	268	28	1
237	268	28	1
237	269	28	2
238	269	28	1
238	270	28	1
236	271	28	1
240	271	28	1
206	272	28	1
250	272	28	1
235	273	28	1
235	274	28	1
236	277	28	1
238	277	28	1
237	278	28	1
234	282	28	1
239	285	28	1
244	285	28	1
246	286	28	1
246	287	28	1
248	287	28	1
224	288	28	3
245	288	28	1
227	289	28	2
228	289	28	1
243	289	28	1
246	289	28	1
226	291	28	2
241	291	28	1
245	291	28	2
222	292	28	1
240	292	28	1
245	292	28	1
251	294	28	1
240	295	28	1
245	297	28	1
236	300	28	1
230	257	29	1
228	258	29	1
234	260	29	1
199	261	29	2
226	261	29	2
227	261	29	1
221	262	29	1
248	262	29	1
245	263	29	1
248	263	29	2
232	264	29	1
235	265	29	1
249	265	29	1
178	266	29	1
197	266	29	1
245	266	29	1
194	267	29	1
199	267	29	1
234	267	29	1
231	268	29	1
239	268	29	1
196	269	29	1
232	269	29	2
200	270	29	1
230	270	29	1
232	270	29	1
234	270	29	1
237	270	29	2
250	270	29	1
203	271	29	2
204	271	29	1
214	271	29	1
216	271	29	1
235	271	29	1
232	272	29	1
234	272	29	1
236	273	29	1
213	274	29	1
234	274	29	1
231	275	29	1
242	275	29	1
204	276	29	1
228	276	29	1
233	276	29	1
234	276	29	1
246	276	29	1
250	276	29	1
205	277	29	2
232	277	29	2
239	277	29	1
236	278	29	1
237	278	29	1
238	278	29	1
244	278	29	1
206	279	29	1
256	279	29	1
205	280	29	1
238	280	29	1
245	280	29	3
250	280	29	1
241	281	29	1
213	282	29	1
233	282	29	1
241	282	29	1
242	282	29	1
244	282	29	1
248	282	29	1
250	282	29	1
236	283	29	1
237	283	29	1
244	283	29	1
247	283	29	1
248	283	29	2
250	283	29	1
233	284	29	1
241	284	29	1
248	284	29	1
249	284	29	1
227	285	29	1
238	285	29	1
241	285	29	1
243	285	29	1
211	286	29	1
233	286	29	2
252	286	29	1
225	287	29	1
226	287	29	2
236	287	29	2
244	287	29	1
247	287	29	1
249	287	29	1
224	288	29	1
225	288	29	1
234	288	29	1
246	288	29	2
228	289	29	1
234	289	29	1
235	289	29	2
236	289	29	1
240	289	29	1
245	289	29	1
224	290	29	1
226	290	29	2
228	290	29	1
237	290	29	1
243	290	29	1
236	292	29	1
250	292	29	1
257	292	29	1
239	293	29	1
248	293	29	1
249	293	29	2
221	294	29	1
236	294	29	2
240	294	29	1
243	294	29	1
248	294	29	1
220	295	29	1
223	296	29	1
246	296	29	1
227	297	29	1
240	297	29	1
241	297	29	1
242	297	29	1
237	298	29	1
238	298	29	1
247	298	29	1
249	298	29	1
222	299	29	1
235	300	29	1
247	300	29	1
223	301	29	2
247	301	29	3
224	302	29	1
235	302	29	1
237	304	29	1
235	254	30	1
236	254	30	1
227	255	30	1
229	255	30	1
236	255	30	1
231	256	30	2
233	256	30	1
235	256	30	1
192	257	30	1
204	257	30	1
227	257	30	1
228	257	30	1
229	257	30	2
236	257	30	2
239	257	30	1
175	258	30	1
176	258	30	1
181	258	30	1
186	258	30	2
215	258	30	1
228	258	30	2
237	258	30	1
239	258	30	1
209	259	30	1
219	259	30	1
222	259	30	1
227	259	30	1
230	259	30	1
234	259	30	2
237	259	30	1
217	260	30	1
235	260	30	1
236	260	30	1
184	261	30	1
188	261	30	1
208	261	30	1
219	261	30	1
226	261	30	1
246	261	30	1
187	262	30	1
193	262	30	1
220	262	30	2
222	262	30	1
231	262	30	1
242	262	30	1
245	262	30	1
246	262	30	1
248	262	30	1
186	263	30	2
188	263	30	1
218	263	30	1
222	263	30	1
232	263	30	1
222	264	30	1
227	264	30	1
229	264	30	1
238	264	30	1
239	264	30	1
241	264	30	1
249	264	30	1
250	264	30	1
192	265	30	1
230	265	30	1
232	265	30	1
194	266	30	1
211	266	30	2
214	266	30	1
226	266	30	1
230	266	30	1
232	266	30	1
233	266	30	1
243	266	30	1
196	267	30	1
199	267	30	1
202	267	30	1
209	267	30	1
231	267	30	1
240	267	30	1
244	267	30	1
182	268	30	1
188	268	30	1
189	268	30	1
190	268	30	1
214	268	30	1
241	268	30	1
245	268	30	1
180	269	30	1
214	269	30	1
237	269	30	1
238	269	30	1
240	269	30	1
245	269	30	1
247	269	30	1
248	269	30	1
178	270	30	1
181	270	30	2
183	270	30	1
187	270	30	1
216	270	30	1
223	270	30	2
230	270	30	1
231	270	30	1
233	270	30	1
234	270	30	1
244	270	30	1
249	270	30	1
175	271	30	2
181	271	30	1
188	271	30	1
207	271	30	2
211	271	30	1
212	271	30	1
180	272	30	1
182	272	30	1
184	272	30	1
185	272	30	1
197	272	30	1
203	272	30	1
207	272	30	1
227	272	30	1
239	272	30	2
181	273	30	1
183	273	30	2
210	273	30	2
233	273	30	1
241	273	30	1
180	274	30	1
185	274	30	1
208	274	30	1
229	274	30	1
241	274	30	1
179	275	30	1
180	275	30	1
184	275	30	1
215	275	30	1
238	275	30	1
242	275	30	1
250	275	30	1
232	276	30	1
238	276	30	2
246	276	30	1
249	276	30	1
180	277	30	1
237	277	30	1
239	277	30	2
241	277	30	1
247	277	30	1
205	278	30	1
208	278	30	1
237	278	30	1
239	278	30	1
239	279	30	2
243	279	30	1
252	279	30	1
175	280	30	1
206	280	30	1
233	280	30	1
236	280	30	1
238	280	30	1
239	280	30	1
241	280	30	1
244	280	30	1
246	280	30	2
254	280	30	1
181	281	30	1
223	281	30	2
242	281	30	1
244	281	30	1
246	281	30	1
247	281	30	1
249	281	30	1
181	282	30	1
187	282	30	1
235	282	30	1
236	282	30	1
253	282	30	1
179	283	30	2
219	283	30	1
222	283	30	1
223	283	30	1
234	283	30	1
242	283	30	1
246	283	30	1
252	283	30	1
254	283	30	1
177	284	30	1
180	284	30	1
181	284	30	1
219	284	30	1
224	284	30	1
236	284	30	1
241.666666666667	284.666666666667	31	1
253	284	30	1
258	284	30	1
206	285	30	1
211	285	30	1
220	285	30	1
223	285	30	2
224	285	30	1
227	285	30	2
236	285	30	1
242	285	30	2
205	286	30	1
231	286	30	1
238	286	30	1
240	286	30	1
244	286	30	2
246	286	30	1
249	286	30	1
207	287	30	2
220	287	30	1
224	287	30	2
228	287	30	1
237	287.5	30.5	1
250	287	30	1
255	287	30	1
232	288	30	2
234	288	30	1
249	288	30	1
221	289	30	1
223	289	30	1
226	289	30	1
230	289	30	1
232	289	30	1
245	289	30	1
198	290	30	1
222	290	30	1
225	290	30	1
231	290	30	1
240	290	30	2
242	290	30	1
250	290	30	1
197	291	30	1
229	291	30	1
232	291	30	1
237	291	30	1
239	291	30	2
241	291	30	1
249	291	30	1
251	291	30	1
194	292	30	1
198	292	30	1
224	292	30	1
229	292	30	1
238	292	30	1
201	293	30	1
219	293	30	1
220	293	30	1
241	293	30	1
247	293	30	1
210	294	30	1
225	294	30	2
227	294	30	1
230	294	30	2
240	294	30	1
244	294	30	1
222	295	30	1
224	295	30	1
229	295	30	1
234	295	30	1
254	295	30	1
257	295	30	1
186	296	30	1
226	296	30	1
232	296	30	1
237	296	30	1
242	296	30	1
243	296	30	1
246	296	30	1
220	297	30	3
221	297	30	2
223	297	30	1
226	297	30	1
231	297	30	1
220	298	30	1
222	298	30	2
228	298	30	1
230	298	30	1
232	298	30	1
235	298	30	1
240	298	30	1
246	298	30	1
247	298	30	1
248	298	30	1
249	298	30	1
250	298	30	1
218	299	30	1
230	299	30	1
230	300	30	1
237	300	30	1
240	300	30	1
224	301	30	2
225	301	30	1
239	301	30	1
241	301	30	1
248	301	30	1
249	301	30	1
223	302	30	1
226	302	30	1
237	302	30	1
247	302	30	1
217	303	30	1
237	303	30	1
243	303	30	1
244	303	30	1
236	304	30	1
236	305	30	1
237	305	30	1
238	305	30	1
240	305	30	1
242	305	30	1
226	249	31	1
216	252	31	1
226	252	31	2
229	252	31	1
235	252	31	1
193	253	31	1
215	253	31	1
232	253	31	1
227	254	31	1
235	254	31	1
226	255	31	1
229	255	31	1
234	255	31	2
236	255	31	1
177	257	31	1
202	257	31	1
215	257	31	1
216	257	31	1
188	258	31	1
215	258	31	1
227	258	31	1
229	258	31	1
231	258	31	1
239	258	31	1
216	259	31	1
232	259	31	1
239	259	31	1
242	259	31	1
186	260	31	1
220	260	31	1
235	260	31	1
244	260	31	1
245	260	31	1
188	261	31	1
195	261	31	1
210	261	31	2
217	261	31	1
225	261	31	1
226	261	31	1
231	261	31	1
235	261	31	1
220	262	31	1
223	262	31	1
225	262	31	1
235	262	31	1
249	262	31	1
185	263	31	1
198	263	31	1
215	263	31	1
218	263	31	1
223	263	31	1
226	263	31	1
232	263	31	1
244	263	31	1
245	263	31	1
249	263	31	1
178	264	31	1
185	264	31	1
194	264	31	1
195	264	31	1
204	264	31	1
222	264	31	1
224	264	31	1
226	264	31	1
227	264	31	1
228	264	31	1
232	264	31	1
234	264	31	1
184	265	31	2
192	265	31	1
214	265	31	1
222	265	31	1
223	265	31	1
226	265	31	1
229	265	31	1
235	265	31	1
238	265	31	1
243	265	31	1
189	266	31	1
217	266	31	1
221	266	31	1
232	266	31	1
236	266	31	1
241	266	31	1
192	267	31	1
227	267	31	2
228	267	31	1
230	267	31	1
236	267	31	1
238	267	31	1
246	267	31	1
184	268	31	1
197	268	31	1
210	268	31	1
222	268	31	1
224	268	31	1
241	268	31	1
244	268	31	2
193	269	31	1
194	269	31	1
199	269	31	1
209	269	31	1
215	269	31	1
230	269	31	1
234	269	31	1
240	269	31	1
242	269	31	1
243	269	31	1
250	269	31	1
180	270	31	1
185	270	31	1
186	270	31	2
198	270	31	1
216	270	31	1
217	270	31	1
176	271	31	1
177	271	31	2
178	271	31	1
198	271	31	1
209	271	31	1
241	271	31	1
245	271	31	1
185	272	31	1
204	272	31	1
205	272	31	1
216	272	31	1
234	272	31	2
235	272	31	1
238	272	31	2
239	272	31	1
249	272	31	1
176	273	31	1
184	273	31	1
211	273	31	1
214	273	31	2
179	274	31	1
209	274	31	1
210	274	31	1
211	274	31	1
213	274	31	1
230	274	31	1
252	274	31	1
182	275	31	1
211	275	31	1
229	275	31	1
235	275	31	1
241	275	31	1
250	275	31	1
176	276	31	2
181	276	31	1
226	276	31	1
241	276	31	1
252	276	31	1
204	277	31	1
205	277	31	1
235	277	31	1
236	277	31	1
243	277	31	1
174	278	31	1
203	278	31	1
204	278	31	1
247	278	31	1
175	279	31	1
208	279	31	1
216	279	31	1
254	279	31	2
219	280	31	1
221	280	31	1
226	280	31	1
235	280	31	1
241	280	31	1
246	280	31	1
247	280	31	1
251	280	31	1
204	281	31	1
223	281	31	1
224	281	31	1
233	281	31	1
236	281	31	2
245	281	31	3
175	282	31	1
181	282	31	1
239	282	31	1
246	282	31	1
247	282	31	1
253	282	31	1
256	282	31	1
208	283	31	1
224	283	31	1
231	283	31	1
239	283	31	1
244	283	31	1
246	283	31	1
177	284	31	1
179	284	31	1
181	284	31	1
209	284	31	2
219	284	31	1
223	284	31	1
238	284	31	1
248	284	31	2
250	284	31	1
179	285	31	1
183	285	31	1
220	285	31	1
225	285	31	1
243	285	31	1
245	285	31	1
253	285	31	1
255	285	31	2
178	286	31	1
222	286	31	2
219	287	31	2
237	287	31	1
244	287	31	1
251	287	31	1
255	287	31	1
186	288	31	1
236	288	31	2
253	288	31	1
227	289	31	1
232	289	31	1
234	289	31	1
235	289	31	1
237	289	31	2
238	289	31	1
240	289	31	1
242	289	31	1
244	289	31	1
245	289	31	3
246	289	31	1
254	289	31	1
221	290	31	1
230	290	31	1
240	290	31	1
250	290	31	1
197	291	31	1
222	291	31	3
229	291	31	1
241	291	31	1
244	291	31	1
248	291	31	1
254	291	31	2
197	292	31	1
198	292	31	1
222	292	31	1
231	292	31	1
250	292	31	1
251	292	31	1
253	292	31	1
221	293	31	1
231	293	31	1
233	293	31	1
236	293	31	1
237	293	31	1
243	293	31	1
248	293	31	1
202	294	31	1
232	294	31	1
237	294	31	1
245	294	31	2
252	294	31	1
202	295	31	1
221	295	31	1
225	295	31	2
226	295	31	2
241	295	31	1
242	295	31	1
257	295	31	1
197	296	31	1
229	296	31	1
235	296	31	1
236	296	31	1
243	296	31	1
246	296	31	1
248	296	31	1
231	297	31	1
234	297	31	1
236	297	31	1
238	298	31	1
239	298	31	1
248	298	31	1
251	298	31	1
221	299	31	1
229	299	31	1
236	299	31	1
229	300	31	1
231	300	31	1
235	300	31	1
238	300	31	1
250	300	31	1
216	301	31	1
226	301	31	1
227	301	31	1
229	301	31	1
232	301	31	1
241	301	31	1
242	301	31	1
248	301	31	2
249	301	31	1
223	303	31	1
231	303	31	2
232	303	31	1
233	303	31	2
235	303	31	1
239	303	31	1
237	304	31	1
235	305	31	1
242	305	31	2
223	306	31	1
226	309	31	1
217	252	32	1
226	252	32	1
193	253	32	1
214	253	32	1
224	253	32	1
225	253	32	1
237	253	32	2
216	254	32	2
225	254	32	1
221	255	32	3
223	255	32	1
227	255	32	1
228	255	32	1
192	257	32	1
195	257	32	1
202	257	32	1
203	257	32	1
208	257	32	1
219	257	32	2
232	257	32	1
238	257	32	1
190	258	32	1
213	258	32	1
217	258	32	1
230	258	32	1
239	258	32	1
241	258	32	1
214	259	32	1
210	260	32	1
239	260	32	1
194	261	32	1
210	261	32	1
211	261	32	1
220	261	32	1
225	261	32	1
226	261	32	1
237	261	32	1
238	261	32	1
239	261	32	1
198	262	32	2
203	262	32	2
215.5	262.5	32.5	1
219	262	32	1
230	262	32	2
231	262	32	1
243	262	32	1
246	262	32	1
208	263	32	1
215	263	32	1
232	263	32	1
237	263	32	1
243	263	32	1
246	263	32	1
249	263	32	2
250	263	32	1
192	264	32	1
200	264	32	1
202	264	32	1
210	264	32	1
222	264	32	1
236	264	32	1
238	264	32	1
246	264	32	2
248	264	32	1
187	265	32	1
191	265	32	1
193	265	32	1
194	265	32	1
216	265	32	1
221	265	32	2
238	265	32	1
244	265	32	1
188	266	32	1
189	266	32	1
217	266	32	2
221	266	32	1
228	266	32	1
247	266	32	1
183	267	32	1
192	267	32	1
193	267	32	1
194	267	32	1
209	267	32	1
211	267	32	1
214	267	32	1
215	267	32	1
225	267	32	2
228	267	32	1
230	267	32	1
231	267	32	1
237	267	32	1
238	267	32	2
189	268	32	2
216	268	32	1
220	268	32	1
224	268	32	1
248	268	32	1
180	269	32	1
182	269	32	1
187	269	32	1
194	269	32	1
211	269	32	1
215	269	32	1
239	269	32	1
250	269	32	1
251	269	32	1
252	269	32	1
187	270	32	2
200	270	32	1
212	270	32	1
216	270	32	1
232	270	32	1
234	270	32	1
241	270	32	1
249	270	32	2
196	271	32	1
208	271	32	2
210	271	32	1
211	271	32	1
214	271	32	1
215	271	32	2
231	271	32	1
235	271	32	1
238	271	32	1
239	271	32	2
240	271	32	1
249	271	32	1
175	272	32	2
182	272	32	1
185	272	32	2
206	272	32	1
207	272	32	1
212	272	32	1
213	272	32	1
226	272	32	1
228	272	32	1
234	272	32	1
237	272	32	1
240	272	32	1
241	272	32	1
243	272	32	1
252	272	32	1
186	273	32	1
206	273	32	1
213	273	32	2
225	273	32	2
234	273	32	1
173	274	32	1
202	274	32	1
206	274	32	1
210	274	32	1
234	274	32	1
236	274	32	1
240	274	32	1
252	274	32	1
184	275	32	1
186	275	32	3
202	275	32	2
203	275	32	1
210	275	32	1
212	275	32	1
213	275	32	1
214	275	32	1
216	275	32	1
226	275	32	1
250	275	32	1
174	276	32	1
184	276	32	1
233	276	32	1
234	276	32	2
242	276	32	2
246	276	32	1
224	277	32	1
232	277	32	1
241	277	32	1
242	277	32	1
245	277	32	1
247	277	32	1
184	278	32	1
237	278	32	1
248	278	32	1
178	279	32	1
205	279	32	1
234	279	32	2
174	280	32	1
189	280	32	1
220	280	32	1
221	280	32	1
242	280	32	1
251	280	32	1
179	281	32	1
222	281	32	1
231	281	32	1
232	281	32	1
236	281	32	1
173	282	32	1
178	282	32	1
187	282	32	1
220	282	32	1
224	282	32	1
226	282	32	1
241	282	32	2
249	282	32	1
207	283	32	1
222	283	32	1
240	283	32	1
246	283	32	1
254	283	32	2
177	284	32	2
181	284	32	1
186	284	32	1
206	284	32	1
208	284	32	1
232	284	32	1
254	284	32	1
204	285	32	1
215	285	32	1
234	285	32	1
240	285	32	1
244	285	32	1
249	285	32	1
250	285	32	1
219	286	32	1
222	286	32	2
224	286	32	1
226	286	32	1
229	286	32	1
240	286	32	1
242	286	32	1
243	286	32	1
177	287	32	1
207	287	32	2
219	287	32	1
221	287	32	1
225	287	32	1
234	287	32	1
240	287	32	1
241	287	32	1
203	288	32	1
221	288	32	1
225	288	32	1
226	288	32	1
231	288	32	1
236	288	32	1
243	288	32	1
247	288	32	1
249	288	32	1
200	289	32	1
222	289	32	2
223	289	32	1
239	289	32	1
253	289	32	1
221	290	32	1
224	290	32	2
229	290	32	1
231	290	32	2
234	290	32	1
236	290	32	1
239	290	32	1
243	290	32	2
244	290	32	1
245	290	32	1
246	290	32	1
248	290	32	2
250	290	32	1
252	290	32	1
223	291	32	1
236	291	32	1
244	291	32	1
246	291	32	2
248	291	32	1
188	292	32	1
223	292	32	1
236.75	292.75	33	1
198	293	32	1
199	293	32	1
207	293	32	1
218	293	32	1
222	293	32	1
224	293	32	1
234	293	32	1
242	293	32	2
248	293	32	1
251	293	32	1
202	294	32	1
221	294	32	1
224	294	32	2
227	294	32	2
228	294	32	1
230	294	32	1
231	294	32	1
233	294	32	2
236	294	32	2
246	294	32	1
252	294	32	1
253	294	32	1
192	295	32	1
220	295	32	1
223	295	32	1
225	295	32	1
228	295	32	1
229	295	32	1
239	295	32	1
241	295	32	1
253	295	32	2
187	296	32	1
218	296	32	1
225	296	32	1
226	296	32	1
233	296	32	2
243	296	32	2
250	296	32	1
252	296	32	1
255	296	32	1
219	297	32	1
233	297	32	2
234	297	32	1
241	297	32	1
244	297	32	2
251	297	32	1
195	298	32	2
198	298	32	1
202	298	32	1
223	298	32	1
228	298	32	1
237	298	32	1
238	298	32	1
239	298	32	1
241	298	32	2
244	298	32	1
248	298	32	1
197	299	32	1
248	299	32	2
197	300	32	1
225	300	32	1
232	300	32	1
237	300	32	1
240	300	32	1
246	300	32	1
229	301	32	1
237	301	32	1
240	301	32	2
223	302	32	1
233	302	32	1
238	302	32	1
240	302	32	1
223	303	32	1
229	303	32	2
232	303	32	1
217	304	32	3
230	304	32	1
231	304	32	2
233	304	32	1
244	304	32	2
221	305	32	2
226	305	32	2
234	305	32	1
238	305	32	2
230	306	32	1
226	307	32	1
235	307	32	1
220	308	32	1
225	308	32	1
236	308	32	1
224	309	32	2
226	309	32	1
228	309	32	2
234	309	32	1
231	310	32	1
233	310	32	1
234	311	32	1
230	313	32	1
228	249	33	1
232	249	33	1
230	251	33	2
229	252	33	2
218	253	33	1
222	253	33	1
231	253	33	1
237	253	33	1
220	254	33	1
223	254	33	1
230	254	33	1
232	254	33	1
236	254	33	1
218	255	33	1
223	255	33	1
224	255	33	1
226	255	33	1
235	255	33	1
215	256	33	1
221	256	33	1
223	256	33	1
225	256	33	1
227	256	33	1
232	256	33	1
221	257	33	2
227	257	33	1
235	257	33	1
221	258	33	1
226	258	33	2
232	258	33	1
239	258	33	1
194	259	33	1
218	259	33	1
222	259	33	1
227	259	33	1
232	259	33	1
235	259	33	1
239	259	33	1
243	259	33	1
244	259	33	1
220	260	33	2
223	260	33	1
236	260	33	2
239	260	33	1
182	261	33	1
208	261	33	1
222	261	33	1
230	261	33	1
192	262	33	1
203	262	33	1
209	262	33	1
218	262	33	2
223	262	33	1
228	262	33	1
231	262	33	1
236	262	33	1
241	262	33	1
242	262	33	2
243	262	33	2
246	262	33	1
183	263	33	1
203	263	33	1
212	263	33	1
213	263	33	3
217	263	33	1
220	263	33	1
224	263	33	1
225	263	33	1
227	263	33	1
228	263	33	2
231	263	33	1
238	263	33	1
243	263	33	1
249	263	33	1
185	264	33	1
210	264	33	1
220	264	33	1
221	264	33	2
250	264	33	1
185	265	33	1
188	265	33	1
212	265	33	1
213	265	33	1
217	265	33	1
222	265	33	2
223	265	33	1
225	265	33	1
233	265	33	1
235	265	33	1
242	265	33	1
243	265	33	2
251	265	33	1
185	266	33	1
186	266	33	1
188	266	33	1
189	266	33	1
191	266	33	1
194	266	33	1
239	266	33	1
246	266	33	1
249	266	33	2
250	266	33	1
184	267	33	1
191	267	33	1
196	267	33	2
210	267	33	1
212	267	33	1
214	267	33	1
215	267	33	1
217	267	33	2
221	267	33	1
240	267	33	1
244	267	33	1
248	267	33	2
253	267	33	1
183	268	33	2
188	268	33	1
191	268	33	2
192	268	33	1
193	268	33	1
206	268	33	1
210	268	33	2
215	268	33	1
216	268	33	1
217	268	33	1
224	268	33	1
243	268	33	2
187	269	33	3
193	269	33	1
194	269	33	1
198	269	33	1
208	269	33	1
215	269	33	1
219	269	33	1
224	269	33	2
235	269	33	1
240	269	33	1
243	269	33	1
251	269	33	1
184	270	33	1
187	270	33	1
194	270	33	2
206	270	33	1
207	270	33	1
210	270	33	1
231	270	33	1
234	270	33	1
239	270	33	1
241	270	33	1
243	270	33	1
247	270	33	1
251	270	33	1
175	271	33	1
177	271	33	1
178	271	33	1
180	271	33	1
182	271	33	1
208	271	33	1
209	271	33	1
211	271	33	1
217	271	33	2
226	271	33	1
229	271	33	1
238	271	33	2
241	271	33	1
246	271	33	1
172	272	33	1
182	272	33	1
186	272	33	1
187	272	33	2
189	272	33	1
204	272	33	1
207	272	33	1
213	272	33	1
217	272	33	1
231	272	33	1
244	272	33	1
250	272	33	2
171	273	33	1
173	273	33	2
189	273	33	3
202	273	33	1
203	273	33	1
209	273	33	1
213	273	33	1
216	273	33	1
227	273	33	1
230	273	33	1
238	273	33	1
239	273	33	1
240	273	33	1
247	273	33	2
253	273	33	2
183	274	33	2
185	274	33	2
190	274	33	1
201	274	33	1
202	274	33	1
208	274	33	1
210	274	33	1
211	274	33	1
226	274	33	1
233	274	33	1
240	274	33	2
243	274	33	1
250	274	33	1
183	275	33	1
184	275	33	1
186	275	33	1
213	275	33	1
177	276	33	1
190	276	33	1
201	276	33	1
206	276	33	1
208	276	33	1
215	276	33	1
241	276	33	1
183	277	33	1
208	277	33	1
211	277	33	1
241	277	33	1
174	278	33	1
176	278	33	1
204	278	33	1
211	278	33	1
223	278	33	1
240	278	33	2
168	279	33	1
201	279	33	1
207	279	33	1
222	279	33	1
234	279	33	1
241	279	33	1
245	279	33	1
174	280	33	1
180	280	33	1
207	280	33	1
210	280	33	1
223	280	33	1
225	280	33	2
237	280	33	1
246	280	33	1
178	281	33	1
206	281	33	1
208	281	33	1
221	281	33	1
225	281	33	2
244	281	33	1
245	281	33	1
247	281	33	1
249	281	33	1
185	282	33	2
211	282	33	1
212	282	33	1
231	282	33	1
232	282	33	2
241	282	33	1
243	282	33	1
247	282	33	1
248	282	33	1
253	282	33	1
174	283	33	1
179	283	33	2
181	283	33	1
209	283	33	1
226	283	33	2
243	283	33	2
250	283	33	1
175	284	33	2
220	284	33	1
221	284	33	1
234	284	33	1
244	284	33	1
247	284	33	1
248	284	33	1
202	285	33	2
206	285	33	1
208	285	33	2
212	285	33	1
219	285	33	2
248	285	33	1
178	286	33	1
188	286	33	1
206	286	33	1
223	286	33	1
226	286	33	1
229	286	33	1
245	286	33	1
204	287	33	1
219	287	33	1
223	287	33	2
228	287	33	2
235	287	33	1
243	287	33	1
253	287	33	1
184	288	33	1
202	288	33	1
219	288	33	2
223	288	33	1
231	288	33	1
247	288	33	1
257	288	33	1
184	289	33	1
200	289	33	1
201	289	33	1
202	289	33	1
230	289	33	1
234	289	33	1
244	289	33	1
247	289	33	2
185	290	33	1
197	290	33	1
199	290	33	1
222	290	33	2
231	290	33	1
235	290	33	2
236	290	33	1
247	290	33	1
199	291	33	1
200	291	33	2
201	291	33	1
225	291	33	1
229	291	33	1
231	291	33	2
233	291	33	2
245	291	33	1
248	291	33	1
183	292	33	1
202	292	33	1
236	292	33	1
239	292	33	1
248	292	33	1
249	292	33	2
185	293	33	1
197	293	33	1
220	293	33	1
223	293	33	1
225	293	33	1
226	293	33	1
229	293	33	1
231	293	33	2
233	293	33	1
239	293	33	1
246	293	33	1
251	293	33	2
254	293	33	2
202	294	33	1
223	294	33	1
228	294	33	1
239	294	33	1
244	294	33	1
245	294	33	1
246	294	33	1
252	294	33	1
182	295	33	1
199	295	33	1
235	295	33	1
237	295	33	1
238	295	33	1
245	295	33	1
179	296	33	1
228	296	33	1
241	296	33	1
242	296	33	1
196	297	33	1
197	297	33	2
225	297	33	1
236	297	33	1
241	297	33	1
242	297	33	1
194	298	33	1
200	298	33	1
233	298	33	1
234	298	33	1
239	298	33	1
197	299	33	1
198	299	33	1
229	299	33	1
235	299	33	1
237	299	33	1
239	299	33	1
247	299	33	1
196	300	33	1
197	300	33	1
228	300	33	1
230	300	33	1
236	300	33	2
223	301	33	1
234	301	33	1
238	301	33	1
241	301	33	1
199	302	33	1
227	302	33	1
230	302	33	1
231	302	33	1
234	302	33	2
223	303	33	1
228	303	33	1
235	303	33	1
227	304	33	2
230	304	33	1
231	304	33	1
232	304	33	1
238	304	33	2
208	305	33	2
225	305	33	1
230	305	33	1
235	305	33	1
238	305	33	1
199	306	33	2
230	306	33	1
221	308	33	1
224	308	33	1
227	308	33	1
229	308	33	1
240	308	33	1
242	308	33	1
221	309	33	1
222	309	33	1
223	309	33	1
228	309	33	2
221	310	33	3
238	310	33	1
224	311	33	1
232	311	33	1
238	311	33	1
222	312	33	1
226	312	33	1
223	313	33	2
225	313	33	1
228	313	33	1
230	313	33	1
236	313	33	1
235	314	33	2
230	318	33	1
229	250	34	1
228	251	34	1
229	251	34	1
225	253	34	1
227	253	34	2
228	253	34	1
226	254	34	1
218	255	34	1
221	255	34	1
225	255	34	1
226	255	34	2
242	255	34	1
215	256	34	1
216	256	34	1
226	256	34	1
232	256	34	2
217	257	34	1
218	257	34	1
225	257	34	1
241	257	34	1
242	257	34	1
201	258	34	1
212	258	34	1
221	258	34	1
225	258	34	1
232	258	34	1
233	258	34	1
242	258	34	3
216	259	34	1
217	259	34	1
223	259	34	1
232	259	34	1
238	259	34	2
241	259	34	1
192	260	34	1
215	260	34	1
216	260	34	1
218	260	34	2
220	260	34	1
224	260	34	1
225	260	34	1
235	260	34	1
237	260	34	1
245	260	34	1
208	261	34	1
226	261	34	1
229	261	34	1
230	261	34	1
192	262	34	1
216	262	34	1
219	262	34	1
229	262	34	1
235	262	34	1
241	262	34	1
185	263	34	3
192	263	34	1
193	263	34	1
197	263	34	1
204	263	34	1
206	263	34	1
207	263	34	1
210	263	34	1
213	263	34	1
229	263	34	1
232	263	34	2
234	263	34	1
235	263	34	2
236	263	34	1
244	263	34	1
249	263	34	2
191	264	34	1
200	264	34	1
201	264	34	1
203	264	34	1
205	264	34	1
217	264	34	2
218	264	34	2
226	264	34	1
232	264	34	1
239	264	34	1
245	264	34	1
248	264	34	1
196	265	34	1
205	265	34	1
219	265	34	1
221	265	34	1
234	265	34	2
178	266	34	1
184	266	34	2
186	266	34	1
195	266	34	1
196	266	34	1
208	266	34	1
209	266	34	1
214	266	34	1
220	266	34	1
221	266	34	1
233	266	34	1
241	266	34	1
243	266	34	1
251	266	34	1
183	267	34	1
186	267	34	1
188	267	34	1
194	267	34	1
206	267	34	2
208	267	34	1
209	267	34	1
210	267	34	2
211	267	34	1
224	267	34	1
231	267	34	1
245	267	34	3
207	268	34	1
214	268	34	1
217	268	34	2
220	268	34	1
227	268	34	1
233	268	34	1
240	268	34	1
242	268	34	1
244	268	34	1
251	268	34	1
183	269	34	1
209	269	34	1
217	269	34	2
230	269	34	1
235	269	34	1
253	269	34	1
179	270	34	1
180	270	34	1
196	270	34	1
197	270	34	1
206	270	34	2
214	270	34	1
215	270	34	1
218	270	34	2
231	270	34	2
233	270	34	1
243	270	34	1
173	271	34	1
181	271	34	1
187	271	34	1
205	271	34	1
209	271	34	1
210	271	34	1
211	271	34	1
213	271	34	1
218	271	34	1
226	271	34	1
235	271	34	1
247	271	34	1
173	272	34	1
175	272	34	2
179	272	34	2
180	272	34	1
181	272	34	1
183	272	34	1
185	272	34	2
198	272	34	1
203	272	34	1
213	272	34	1
225	272	34	2
228	272	34	1
238	272	34	1
245	272	34	1
184	273	34	2
201	273	34	2
207	273	34	1
208	273	34	2
230	273	34	1
236	273	34	1
239	273	34	1
243	273	34	1
170	274	34	1
178	274	34	1
183	274	34	1
185	274	34	1
186	274	34	1
196	274	34	1
197	274	34	1
207	274	34	1
215	274	34	1
229	274	34	1
232	274	34	1
233	274	34	1
236	274	34	2
238	274	34	1
246	274	34	1
250	274	34	1
185	275	34	1
201	275	34	2
203	275	34	1
208	275	34	1
212	275	34	1
235	275	34	2
174	276	34	2
180	276	34	2
209	276	34	1
210	276	34	1
232	276	34	1
233	276	34	1
235	276	34	2
240	276	34	2
242	276	34	1
182	277	34	3
203	277	34	1
205	277	34	1
206	277	34	1
208	277	34	1
215	277	34	1
235	277	34	1
238	277	34	2
241	277	34	1
178	278	34	1
188	278	34	2
201	278	34	2
205	278	34	1
208	278	34	1
231	278	34	1
239	278	34	1
180	279	34	1
236	279	34	1
237	279	34	3
238	279	34	1
241	279	34	1
173	280	34	1
175	280	34	1
177	280	34	2
180	280	34	2
212	280	34	2
238	280	34	1
240	280	34	1
249	280	34	1
189	281	34	1
203	281	34	1
204	281	34	1
210	281	34	1
221	281	34	1
231	281	34	1
233	281	34	1
244	281	34	1
250	281	34	1
178	282	34	1
182	282	34	1
224	282	34	1
229	282	34	1
249	282	34	1
179	283	34	1
192	283	34	1
215	283	34	1
222	283	34	1
232	283	34	1
233	283	34	1
234	283	34	1
237	283	34	1
239	283	34	1
245	283	34	1
251	283	34	1
212	284	34	1
215	284	34	1
220	284	34	1
236	284	34	1
237	284	34	1
242	284	34	2
245	284	34	1
248	284	34	1
176	285	34	1
188	285	34	1
202	285	34	1
203	285	34	1
204	285	34	1
205	285	34	1
206	285	34	1
220	285	34	2
223	285	34	1
226	285	34	1
237	285	34	1
238	285	34	1
247	285	34	1
190	286	34	2
209	286	34	1
224	286	34	2
227	286	34	1
234	286	34	1
247	286	34	1
207	287	34	1
230	287	34	1
236	287	34	2
184	288	34	1
186	288	34	1
187	288	34	1
190	288	34	1
201	288	34	2
202	288	34	1
205	288	34	1
226	288	34	1
235	288	34	2
255	288	34	2
224	289	34	1
233	289	34	1
241	289	34	1
242	289	34	1
246	289	34	1
198	290	34	1
222	290	34	1
230	290	34	1
240	290	34	1
248	290	34	1
200	291	34	2
202	291	34	1
203	291	34	1
221	291	34	1
222	291	34	1
224	291	34	1
232	291	34	1
234	291	34	1
239	291	34	1
246	291	34	1
248	291	34	1
250	291	34	1
255	291	34	1
221	292	34	1
228	292	34	1
229	292	34	1
232	292	34	1
233	292	34	2
234	292	34	1
236	292	34	1
242	292	34	1
247	292	34	1
252	292	34	1
182	293	34	1
205	293	34	1
222	293	34	1
223	293	34	1
233	293	34	1
242	293	34	1
244	293	34	1
195	294	34	1
199	294	34	1
242	294	34	1
243	294	34	1
245	294	34	2
246	294	34	1
197	295	34	1
203	295	34	2
218	295	34	1
224	295	34	1
225	295	34	1
228	295	34	1
233	295	34	1
238	295	34	1
240	295	34	2
194	296	34	1
199	296	34	1
201	296	34	1
205	296	34	1
217	296	34	1
179	297	34	1
194	297	34	1
199	297	34	1
204	297	34	2
221	297	34	1
225	297	34	1
227	297	34	1
229	297	34	1
234	297	34	2
239	297	34	1
234	298	34	1
246	298	34	1
248	298	34	1
182	299	34	1
203	299	34	1
227	299	34	1
232	299	34	1
241	299	34	1
242	299	34	1
244	299	34	1
224	300	34	1
225	300	34	2
230	300	34	1
233	300	34	2
239	300	34	1
241	300	34	2
243	300	34	2
244	300	34	1
246	300	34	1
198	301	34	1
240	301	34	1
241	301	34	1
228	302	34	2
235	302	34	1
237	302	34	1
239	302	34	1
226	303	34	1
233	303	34	1
194	304	34	2
237	304	34	1
240	304	34	1
222	305	34	1
239	305	34	2
198	306	34	1
228	306	34	1
233	306	34	2
236	306	34	1
238	306	34	1
201	307	34	1
221	307	34	1
223	307	34	1
237	307	34	1
236	308	34	1
237	308	34	1
220	309	34	1
228	309	34	1
229	309	34	1
232	309	34	1
235	309	34	1
229	310	34	1
231	310	34	3
232	310	34	1
233	310	34	1
234	310	34	1
230	311	34	1
231	311	34	1
232	311	34	1
235	311	34	1
236	311	34	1
216	312	34	1
222	312	34	1
228	312	34	1
235	312	34	1
236	312	34	1
224	313	34	1
235	313	34	1
225	314	34	1
226	314	34	1
228	314	34	1
232	314	34	1
233	315	34	1
228	316	34	1
230	316	34	1
234	316	34	1
227	317	34	1
232	317	34	2
223	253	35	1
219	254	35	1
227	254	35	1
231	254	35	2
220	255	35	1
226	255	35	1
229	255	35	1
215	256	35	1
220	256	35	1
223	256	35	1
228	256	35	1
241	256	35	1
210	257	35	1
221	257	35	1
223	257	35	1
230	257	35	1
239	257	35	1
240	257	35	1
216	258	35	1
217	258	35	1
218	258	35	1
222	258	35	1
228	258	35	1
240	258	35	1
242	258	35	2
244	258	35	1
210	259	35	1
217	259	35	1
219	259	35	1
223	259	35	1
225	259	35	1
230	259	35	1
226	260	35	1
237	260	35	1
239	260	35	1
240	260	35	1
243	260	35	1
244	260	35	1
189	261	35	1
194	261	35	1
218	261	35	1
219	261	35	1
221	261	35	1
224	261	35	1
230	261	35	1
234	261	35	1
237	261	35	1
242	261	35	1
243	261	35	1
244	261	35	1
203	262	35	1
207	262	35	2
213	262	35	1
218	262	35	1
220	262	35	1
228	262	35	1
232	262	35	1
233	262	35	1
190	263	35	1
192	263	35	1
208	263	35	1
212	263	35	1
218	263	35	1
219	263	35	1
222	263	35	1
226	263	35	1
227	263	35	2
231	263	35	2
240	263	35	2
247	263	35	1
248	263	35	1
219	264	35	1
222	264	35	1
224	264	35	1
227	264	35	2
230	264	35	2
236	264	35	1
238	264	35	1
245	264	35	2
196	265	35	1
205	265	35	2
207	265	35	1
208	265	35	1
213	265	35	1
221	265	35	2
223	265	35	1
228	265	35	1
234	265	35	2
243	265	35	1
249	265	35	1
191	266	35	1
205	266	35	1
206	266	35	2
208	266	35	2
209	266	35	1
214	266	35	1
228	266	35	1
239	266	35	1
242	266	35	2
245	266	35	1
176	267	35	1
191	267	35	1
194	267	35	1
205	267	35	1
210	267	35	1
216	267	35	1
217	267	35	1
229	267	35	1
231	267	35	2
232	267	35	2
235	267	35	2
242	267	35	1
243	267	35	1
246	267	35	1
249	267	35	1
183	268	35	1
186	268	35	2
187	268	35	2
193	268	35	1
202	268	35	1
206	268	35	1
207	268	35	1
223	268	35	1
229	268	35	1
238	268	35	2
245	268	35	1
176	269	35	1
184	269	35	1
196	269	35	1
197	269	35	1
201	269	35	1
210	269	35	1
212	269	35	1
220	269	35	1
222	269	35	1
234	269	35	1
238	269	35	1
248	269	35	1
250	269	35	1
185	270	35	1
191	270	35	1
196	270	35	1
199	270	35	1
202	270	35	1
210	270	35	1
214	270	35	1
216	270	35	1
221	270	35	1
227	270	35	1
235	270	35	1
237	270	35	1
241	270	35	1
245	270	35	1
173	271	35	1
179	271	35	2
181	271	35	1
199	271	35	1
201	271	35	1
205	271	35	1
219	271	35	1
220	271	35	1
233	271	35	1
236	271	35	1
173	272	35	1
179	272	35	2
183	272	35	1
191	272	35	1
207	272	35	1
217	272	35	1
231	272	35	1
235	272	35	1
240	272	35	1
246	272	35	1
187	273	35	1
208	273	35	3
216	273	35	1
217	273	35	1
218	273	35	1
228	273	35	1
232	273	35	1
242	273	35	2
173	274	35	1
178	274	35	1
187	274	35	1
190	274	35	1
196	274	35	1
201	274	35	1
203	274	35	2
217	274	35	1
224	274	35	1
231	274	35	1
233	274	35	1
235	274	35	2
236	274	35	1
178	275	35	1
205	275	35	2
207	275	35	1
231	275	35	1
177	276	35	1
187	276	35	1
188	276	35	1
209	276	35	1
217	276	35	1
219	276	35	1
222	276	35	2
187	277	35	1
202	277	35	1
208	277	35	1
213	277	35	1
215	277	35	1
220	277	35	2
235	277	35	1
238	277	35	1
242	277	35	1
244	277	35	1
187	278	35	1
188	278	35	2
195	278	35	1
202	278	35	1
230	278	35	1
172	279	35	1
190	279	35	1
194	279	35	2
201	279	35	1
217	279	35	1
222	279	35	1
233	279	35	1
235	279	35	1
241	279	35	1
173	280	35	1
175	280	35	1
191	280	35	2
193	280	35	2
205	280	35	1
208	280	35	1
211	280	35	1
217	280	35	1
224	280	35	1
226	280	35	1
234	280	35	1
238	280	35	1
248	280	35	1
180	281	35	1
205	281	35	1
207	281	35	1
210	281	35	1
211	281	35	1
214	281	35	2
229	281	35	2
248	281	35	1
187	282	35	1
189	282	35	1
190	282	35	1
207	282	35	2
218	282	35	1
219	282	35	1
223	282	35	1
225	282	35	2
227	282	35	1
242	282	35	1
180	283	35	1
188	283	35	1
207	283	35	1
218	283	35	1
222	283	35	1
223	283	35	1
229	283	35	2
244	283	35	1
245	283	35	1
185	284	35	2
186	284	35	1
204	284	35	2
205	284	35	2
207	284	35	1
215	284	35	1
222	284	35	1
226	284	35	1
229	284	35	1
230	284	35	1
233	284	35	1
236	284	35	1
248	284	35	1
249	284	35	2
188	285	35	1
207	285	35	1
208	285	35	1
226	285	35	1
229	285	35	2
240	285	35	1
174	286	35	1
186	286	35	1
198	286	35	1
225	286	35	1
244	286	35	1
246	286	35	1
247	286	35	1
248	286	35	2
182	287	35	1
185	287	35	2
186	287	35	2
221	287	35	1
225	287	35	1
236	287	35	1
237	287	35	1
247	287	35	1
183	288	35	3
186	288	35	1
188	288	35	2
189	288	35	1
192	288	35	2
194	288	35	2
195	288	35	1
200	288	35	1
201	288	35	1
204	288	35	1
218	288	35	2
232	288	35	1
238	288	35	1
242	288	35	2
245	288	35	1
176	289	35	1
189	289	35	1
205	289	35	1
222	289	35	2
225	289	35	1
228	289	35	1
243	289	35	1
246	289	35	1
184	290	35	1
190	290	35	1
200	290	35	1
201	290	35	1
220	290	35	2
223	290	35	2
225	290	35	1
243	290	35	1
183	291	35	1
202	291	35	1
204	291	35	1
205	291	35	1
216	291	35	2
224	291	35	1
225	291	35	1
234	291	35	1
182	292	35	1
193	292	35	1
198	292	35	1
199	292	35	1
204	292	35	1
220	292	35	2
245	292	35	1
196	293	35	1
206	293	35	1
225	293	35	1
227	293	35	1
233	293	35	1
181	294	35	1
183	294	35	2
195	294	35	1
220	294	35	1
184	295	35	1
230	295	35	1
244	295	35	1
248	295	35	1
249	295	35	1
177	296	35	1
181	296	35	1
195	296	35	1
198	296	35	1
203	296	35	1
205	296	35	1
217	296	35	1
219	296	35	1
229	296	35	1
235	296	35	1
236	296	35	2
237	296	35	2
199	297	35	1
202	297	35	1
222	297	35	1
230	297	35	1
233	297	35	1
236	297	35	1
237	297	35	1
239	297	35	1
243	297	35	1
181	298	35	1
229	298	35	1
202	299	35	1
229	299	35	1
235	299	35	1
224	300	35	1
228	300	35	2
236	300	35	1
237	300	35	2
242	300	35	2
224	301	35	1
227	301	35	1
231	301	35	1
240	301	35	1
200	302	35	1
222	302	35	1
229	302	35	1
230	302	35	1
239	302	35	1
240	302	35	1
244	302	35	2
229	303	35	1
230	303	35	1
242	303	35	1
191	304	35	1
228	304	35	1
232	304	35	1
239	304	35	1
241	304	35	2
244	304	35	1
195	305	35	1
223	305	35	1
234	305	35	1
236	305	35	1
225	306	35	1
227	306	35	1
232	306	35	1
239	306	35	1
207	307	35	1
224	307	35	1
232	307	35	1
234	307	35	1
237	307	35	1
239	307	35	2
220	308	35	1
221	308	35	1
224	308	35	1
229	308	35	1
237	308	35	1
222	309	35	1
223	309	35	1
219	310	35	1
222	310	35	1
227	310	35	1
230	310	35	1
234	310	35	2
236	310	35	1
222	311	35	1
232	311	35	1
238	311	35	1
225	312	35	1
242	312	35	1
228	313	35	2
234	313	35	1
238	313	35	1
221	314	35	1
232	314	35	1
233	315	35	2
235	315	35	2
240	315	35	1
238	316	35	1
233	317	35	1
239	317	35	1
229	252	36	2
228	253	36	1
219	256	36	1
225	256	36	1
216	257	36	1
221	258	36	1
225	258	36	1
232	258	36	1
217	259	36	1
224	259	36	1
225	259	36	1
226	259	36	2
228	259	36	1
229	259	36	1
219	260	36	1
218	261	36	1
223	261	36	1
228	261	36	1
229	261	36	1
230	261	36	1
234	261	36	1
242	261	36	1
190	262	36	1
215	262	36	1
221	262	36	1
222	262	36	2
226	262	36	1
229	262	36	1
238	262	36	1
240	262	36	1
214	263	36	1
216	263	36	2
234	263	36	1
240	263	36	1
209	264	36	1
210	264	36	1
213	264	36	1
215	264	36	1
217	264	36	2
222	264	36	2
230	264	36	1
238	264	36	1
240	264	36	1
194	265	36	1
222	265	36	1
231	265	36	1
232	265	36	1
237	265	36	1
240	265	36	1
245	265	36	1
246	265	36	1
247	265	36	2
191	266	36	2
193	266	36	1
207	266	36	2
221	266	36	1
234	266	36	1
244	266	36	1
186	267	36	1
189	267	36	1
211	267	36	1
217	267	36	1
239	267	36	1
240	267	36	1
241	267	36	2
242	267	36	1
195	268	36	1
209	268	36	1
213	268	36	1
233	268	36	1
237	268	36	1
239	268	36	1
200	269	36	1
208	269	36	1
215	269	36	1
233	269	36	2
234	269	36	1
236	269	36	1
240	269	36	1
191	270	36	1
194	270	36	1
195	270	36	1
196	270	36	1
203	270	36	1
213	270	36	1
230	270	36	1
235	270	36	1
241	270	36	1
248	270	36	1
189	271	36	1
211	271	36	1
220	271	36	2
223	271	36	1
179	272	36	1
181	272	36	1
190	272	36	1
193	272	36	1
197	272	36	1
207	272	36	2
208	272	36	1
211	272	36	1
217	272	36	1
219	272	36	1
235	272	36	1
239	272	36	1
181	273	36	1
185	273	36	1
190	273	36	1
191	273	36	1
198	273	36	1
235	273	36	1
236	273	36	1
188	274	36	1
205	274	36	1
208	274	36	1
209	274	36	1
210	274	36	1
211	274	36	1
213	274	36	1
215	274	36	1
216	274	36	1
218	274	36	1
220	274	36	1
175	275	36	1
210	275	36	1
216	275	36	1
219	275	36	1
220	275	36	1
177	276	36	1
180	276	36	3
206	276	36	1
212	276	36	1
214	276	36	1
215	276	36	3
216	276	36	1
219	276	36	1
220	276	36	1
175	277	36	2
206	277	36	1
207	277	36	1
220	277	36	1
226	277	36	1
232	277	36	1
201	278	36	1
204	278	36	1
214	278	36	1
219	278	36	1
223	278	36	1
201	279	36	1
204	279	36	1
209	279	36	3
214	279	36	1
231	279	36	1
173	280	36	1
205	280	36	1
208	280	36	2
210	280	36	1
219	280	36	1
234	280	36	1
179	281	36	1
187	281	36	1
193	281	36	1
207	281	36	1
223	281	36	1
228	281	36	1
230	281	36	1
243	281	36	1
191	282	36	1
205	282	36	1
206	282	36	1
210	283	36	1
216	283	36	1
230	283	36	1
231	283	36	1
239	283	36	2
201	284	36	1
210	284	36	2
215	284	36	1
224	284	36	1
231	284	36	1
232	284	36	1
242	284	36	1
190	285	36	1
201	285	36	3
208	285	36	1
235	285	36	1
236	285	36	1
244	285	36	1
188	286	36	1
193	286	36	1
198	286	36	1
202	286	36	1
204	286	36	1
205	286	36	1
209	286	36	1
222	286	36	1
227	286	36	1
231	286	36	1
237	286	36	1
238	286	36	1
185	287	36	1
201	287	36	1
205	287	36	1
225	287	36	1
229	287	36	3
230	287	36	1
234	287	36	1
241	287	36	1
243	287	36	1
244	287	36	1
188	288	36	1
192	288	36	1
196	288	36	1
223	288	36	1
229	288	36	2
206	289	36	1
234	289	36	1
237	289	36	1
239	289	36	1
243	289	36	1
200	290	36	1
201	290	36	1
202	290	36	1
223	290	36	2
231	290	36	1
237	290	36	1
238	290	36	1
239	290	36	1
240	290	36	1
242	290	36	2
201	291	36	1
224	291	36	2
232	291	36	1
238	291	36	1
240	291	36	2
244	291	36	1
194	292	36	1
200	292	36	1
203	292	36	1
223	292	36	1
226	292	36	1
228	292	36	3
230	292	36	1
231	292	36	1
238	292	36	1
239	292	36	1
196	293	36	1
199	293	36	1
201	293	36	1
202	293	36	1
206	293	36	1
223	293	36	2
224	293	36	1
225	293	36	1
242	293	36	1
195	294	36	1
199	294	36	1
231	294	36	1
232	294	36	1
238	294	36	1
196	295	36	1
202	295	36	1
204	295	36	1
220	295	36	2
221	295	36	1
225	295	36	1
235	295	36	1
238	295	36	1
196	296	36	1
199	296	36	2
205	296	36	1
227	296	36	1
231	296	36	1
234	296	36	1
239	296	36	1
198	297	36	1
228	297	36	2
229	297	36	1
233	297	36	1
238	297	36	1
205	298	36	1
233	298	36	1
243	298	36	1
244	298	36	1
245	298	36	1
204	299	36	1
233	299	36	1
242	299	36	1
225	300	36	1
229	300	36	1
232	300	36	1
237	300	36	1
223	301	36	1
227	301	36	1
234	301	36	1
236	301	36	1
240	301	36	1
243	301	36	1
223	302	36	1
232	302	36	2
233	302	36	1
243	302	36	1
244	302	36	1
227	303	36	1
228	303	36	1
232	303	36	1
234	303	36	1
235	303	36	1
236	303	36	1
238	303	36	1
225	304	36	2
232	304	36	2
233	304	36	1
199	305	36	3
226	305	36	1
222	306	36	1
228	306	36	1
239	306	36	1
244	306	36	1
194	307	36	1
241	307	36	1
224	308	36	1
225	308	36	1
237	308	36	1
243	308	36	1
223	309	36	1
229	309	36	1
219	310	36	1
226	310	36	1
227	310	36	1
228	310	36	1
234	310	36	1
236	310	36	1
220	311	36	1
229	311	36	3
232	311	36	1
236	311	36	2
213	312	36	1
217	312	36	1
221	312	36	1
231	312	36	1
232	312	36	2
227	313	36	3
229	313	36	1
230	313	36	1
235	313	36	1
226	314	36	1
236	314	36	1
238	314	36	1
228	315	36	1
237	316	36	1
238	316	36	1
227	317	36	1
232	317	36	1
235	317	36	1
235	318	36	1
240	318	36	1
238	319	36	1
239	319	36	1
226	259	37	1
228	259	37	2
230	259	37	1
224	260	37	2
227	261	37	1
216	262	37	1
220	262	37	1
224	264	37	1
229	264	37	1
237	264	37	2
245	264	37	1
228	265	37	1
232	265	37	1
194	266	37	1
215	266	37	1
230	266	37	1
188	267	37	2
191	267	37	1
193	267	37	1
211	267	37	1
219	267	37	2
236	267	37	1
237	267	37	1
239	267	37	1
215	268	37	1
217	268	37	1
240	268	37	1
211	269	37	1
216	269	37	1
219	269	37	1
236	269	37	1
212	270	37	1
217	270	37	1
235	270	37	2
238	270	37	2
213	271	37	1
215	271	37	2
220	271	37	1
215	272	37	1
208	273	37	1
215	273	37	1
211	274	37	1
211	275	37	1
219	275	37	1
217	276	37	1
204	277	37	1
214	277	37	1
195	278	37	1
215	278	37	1
207	279	37	1
212	279	37	1
175	281	37	2
208	281	37	1
213	281	37	1
223	281	37	1
191	282	37	1
212	282	37	1
214	282	37	1
215	283	37	2
206	284	37	2
198	285	37	1
201	285	37	1
204	285	37	1
239	285	37	2
189	286	37	1
204	286	37	1
205	286	37	1
211	286	37	1
220	286	37	1
241	286	37	1
207	287	37	1
208	287	37	1
221	287	37	2
222	287	37	2
231	287	37	2
234	287	37	1
237	287	37	2
239	287	37	2
190	288	37	1
195	288	37	1
234	288	37	1
238	288	37	1
230	289	37	1
235	289	37	1
240	289	37	2
200	290	37	1
236	290	37	1
242	290	37	1
188	291	37	1
195	291	37	1
229	291	37	1
233	291	37	1
236	291	37	1
240	291	37	1
208	292	37	2
232	292	37	1
185	293	37	1
240	293	37	1
190	294	37	1
232	294	37	1
234	294	37	1
242	294	37	2
202	295	37	1
234	295	37	1
236	295	37	2
237	295	37	1
243	295	37	1
204	296	37	1
205	296	37	1
215	296	37	1
228	296	37	1
235	296	37	1
237	296	37	1
240	296	37	1
243	296	37	2
245	296	37	2
220	297	37	1
239	297	37	1
243	297	37	1
232	298	37	1
237	298	37	1
245	298	37	1
240	299	37	1
244	299	37	1
227	300	37	1
230	300	37	1
231	300	37	1
241	301	37	1
242	301	37	1
233	302	37	1
228	304	37	1
229	305	37	1
223	306	37	1
242	306	37	1
198	307	37	1
225	308	37	1
229	308	37	1
240	308	37	1
241	308	37	1
226	309	37	1
217	310	37	2
224	310	37	1
227	310	37	1
216	311	37	1
222	311	37	1
227	312	37	1
225	313	37	1
227	313	37	1
229	314	37	1
230	314	37	1
232	314	37	1
237	314	37	1
227	315	37	1
230	315	37	1
236	317	37	1
238	318	37	2
225	261	38	2
227	261	38	1
228	261	38	1
225	262	38	1
219	264	38	1
231	264	38	2
226	265	38	1
229	266	38	1
193	267	38	2
211	268	38	1
211	269	38	1
218	269	38	1
192	270	38	1
193	271	38	1
236	272	38	1
213	273	38	1
214	273	38	1
217	273	38	2
209	274	38	1
216	274	38	1
217	274	38	1
216	275	38	1
191	276	38	1
210	276	38	1
211	277	38	2
212	277	38	2
215	277	38	1
221	278	38	2
222	278	38	1
211	279	38	1
193	280	38	1
208	280	38	1
214	280	38	1
215	280	38	1
221	280	38	1
192	281	38	1
215	281	38	1
191	282	38	1
214	283	38	1
188	284	38	1
199	284	38	1
214	284	38	2
215	284	38	1
216	284	38	1
192	285	38	1
193	285	38	1
196	286	38	1
206	286	38	1
216	286	38	1
218	286	38	1
219	286	38	1
221	286	38	1
192	287	38	1
205	287	38	1
207	287	38	1
215	287	38	1
219	287	38	1
222	287	38	1
187	288	38	1
214	288	38	1
235	288	38	1
192	289	38	1
193	289	38	1
195	289	38	1
201	289	38	1
204	289	38	1
217	289	38	1
219	289	38	1
232	289	38	1
233	289	38	1
188	290	38	2
191	290	38	1
192	290	38	1
198	290	38	1
200	290	38	1
206	290	38	1
218	290	38	1
223	290	38	1
224	290	38	2
191	291	38	2
192	291	38	1
197	291	38	1
220	291	38	1
232	291	38	1
233	291	38	2
189	292	38	1
194	292	38	1
197	292	38	2
232	292	38	1
240	292	38	1
204	293	38	3
206	293	38	1
225	293	38	2
226	293	38	3
230	293	38	1
238	293	38	1
239	293	38	2
206	294	38	1
211	294	38	1
212	294	38	1
217	294	38	1
225	294	38	1
230	294	38	1
235	294	38	1
240	294	38	1
204	295	38	1
207	295	38	1
218	295	38	1
234	295	38	1
237	295	38	1
240	295	38	2
205	296	38	1
240	296	38	1
223	297	38	1
232	297	38	1
233	297	38	1
243	297	38	1
227	298	38	1
228	298	38	1
196	299	38	1
204	299	38	1
232	299	38	1
237	299	38	1
241	299	38	1
218	300	38	1
239	300	38	2
240	300	38	1
236	301	38	1
238	301	38	1
231	302	38	2
227	303	38	2
231	303	38	1
234	303	38	1
232	304	38	1
234	305	38	1
227	306	38	1
232	306	38	2
237	307	38	1
235	308	38	1
195	309	38	1
206	309	38	1
225	309	38	1
226	309	38	1
227	309	38	1
243	309	38	1
220	310	38	1
213	311	38	2
217	311	38	1
219	311	38	1
235	311	38	1
221	312	38	1
222	312	38	1
231	312	38	2
234	312	38	1
219	313	38	1
223	313	38	1
228	313	38	1
217	314	38	1
232	314	38	1
241	314	38	4
242	314	38	1
211	315	38	1
214	315	38	1
223	315	38	1
235	315	38	1
236	315	38	2
244	315	38	1
225	316	38	1
228	316	38	1
236	316	38	1
240	316	38	1
221	317	38	1
212	318	38	1
230	319	38	1
231	319	38	1
237	319	38	1
230	320	38	1
231	320	38	1
232	320	38	1
233	320	38	1
212	321	38	1
221	321	38	1
229	321	38	1
220	322	38	1
194	270	39	1
217	270	39	1
189	273	39	1
213	274	39	1
218	276	39	1
204	277	39	1
195	278	39	1
208	278	39	1
220	278	39	1
212	279	39	1
216	279	39	2
215	280	39	1
204	281	39	1
214	282	39	1
201	283	39	1
195	285	39	1
187	286	39	1
193	286	39	1
196	286	39	1
201	286	39	2
216	286	39	1
221	286	39	1
233	286	39	1
188	287	39	1
191	287	39	1
198	287	39	1
222	287	39	1
200	290	39	1
218	290	39	1
233	290	39	1
190	291	39	1
191	291	39	1
199	291	39	2
214	291	39	1
235	291	39	1
239	291	39	1
197	292	39	1
221	292	39	1
225	292	39	1
234	292	39	1
224	293	39	2
225	293	39	1
227	293	39	1
221	294	39	1
230	294	39	1
236	294	39	1
238	294	39	1
241	294	39	1
197	295	39	1
204	295	39	2
212	295	39	1
224	295	39	1
229	295	39	2
236	295	39	1
243	295	39	1
200	296	39	1
202	296	39	1
235	296	39	1
237	296	39	1
239	296	39	1
240	296	39	1
196	297	39	1
200	297	39	2
205	297	39	1
221	297	39	1
233	297	39	1
234	297	39	2
240	297	39	1
241	297	39	1
213	298	39	1
214	298	39	1
215	298	39	1
225	298	39	1
230	298	39	1
231	298	39	1
227	299	39	1
228	299	39	1
237	299	39	1
230	300	39	1
231	300	39	2
224	301	39	1
229	301	39	1
233	301	39	1
234	301	39	1
229	302	39	1
233	302	39	2
240	302	39	1
230	303	39	1
231	303	39	1
231	304	39	1
237	304	39	1
212	305	39	2
226	305	39	1
228	305	39	1
230	305	39	1
236	305	39	1
238	305	39	1
242	305	39	1
210	306	39	2
227	306	39	1
235	306	39	1
240	306	39	1
214	307	39	1
224	307	39	1
241	307	39	1
225	308	39	1
229	308	39	1
241	308	39	1
216	309	39	1
229	309	39	1
222	310	39	1
226	310	39	2
211	311	39	1
218	311	39	1
222	311	39	1
240	311	39	1
246	311	39	1
196	312	39	1
228	312	39	1
230	312	39	1
242	312	39	1
244	312	39	1
221	313	39	1
225	313	39	1
229	313	39	1
218	314	39	1
229	314	39	2
241	314	39	1
238	315	39	1
239	316	39	2
232	317	39	1
242	317	39	1
235	318	39	1
238	318	39	1
223	319	39	1
233	319	39	1
234	320	39	1
238	320	39	1
241	320	39	2
234	321	39	1
212	327	39	1
197	283	40	1
237	283	40	1
197	284	40	2
191	285	40	1
206	288	40	1
211	288	40	1
193	290	40	1
189	292	40	1
193	292	40	1
209	292	40	1
212	292	40	1
209	294	40	1
225	294	40	1
238	294	40	1
197	295	40	1
227	295	40	1
205	296	40	2
206	296	40	1
215	296	40	1
215	297	40	1
236	297	40	1
225	298	40	1
199	299	40	1
214	299	40	2
229	299	40	2
236	299	40	1
225	300	40	1
236	301	40	1
232	302	40	1
233	302	40	1
234	303	40	1
241	303	40	1
231	305	40	1
224	306	40	1
226	306	40	2
229	306	40	1
241	306	40	1
243	307	40	1
225	308	40	2
241	308	40	1
195	309	40	1
215	309	40	1
232	309	40	1
233	309	40	1
194	310	40	1
217	310	40	1
218	310	40	1
219	310	40	1
231	310	40	1
241	310	40	1
196	311	40	1
221	311	40	1
228	311	40	1
242	311	40	1
218	312	40	1
232	312	40	1
240	312	40	1
242	312	40	1
218	313	40	2
221	313	40	1
223	313	40	2
236	313	40	1
241	313	40	1
219	314	40	1
236	314	40	1
237	314	40	1
239	314	40	1
243	314	40	1
217	315	40	1
221	315	40	1
238	315	40	1
243	315	40	1
217	316	40	1
219	316	40	2
221	316	40	1
238	316	40	1
243	316	40	2
207	317	40	2
219	317	40	1
221	317	40	1
220	318	40	1
231	318	40	1
238	318	40	2
240	319	40	2
243	319	40	1
223	320	40	2
216	321	40	1
229	322	40	1
230	322	40	2
212	325	40	1
208	330	40	1
197	282	41	1
225	293	41	1
195	294	41	1
213	294	41	2
225	294	41	2
214	298	41	1
230	300	41	1
235	300	41	1
234	301	41	1
235	301	41	1
223	305	41	1
231	305	41	1
225	307	41	1
220	308	41	1
222	308	41	2
225	308	41	1
243	308	41	1
196	309	41	1
223	309	41	1
222	311	41	1
223	311	41	1
233	311	41	1
236	311	41	1
241	312	41	1
242	312	41	1
244	313	41	1
239	314	41	1
221	316	41	1
238	316	41	1
243	316	41	1
246	316	41	1
249	316	41	1
221	317	41	2
240	317	41	1
217	318	41	1
218	318	41	2
241	318	41	1
246	318	41	2
230	319	41	1
240	320	41	1
216	321	41	1
230	321	41	1
230	323	41	1
221	301	42	1
212	305	42	1
227	305	42	1
229	305	42	1
231	306	42	1
221	307	42	1
240	308	42	1
226	309	42	1
219	310	42	1
222	311	42	1
238	311	42	1
242	311	42	1
218	312	42	1
217	313	42	1
226	314	42	1
242	314	42	2
219	315	42	1
220	315	42	2
230	315	42	1
218	317	42	1
224	317	42	1
226	317	42	1
232	317	42	1
238	317	42	2
217	318	42	2
228	318	42	1
226	319	42	1
227	319	42	1
231	319	42	1
225	303	43	1
220	305	43	1
228	305	43	1
220	308	43	1
223	308	43	1
218	310	43	1
234	310	43	1
221	311	43	1
222	311	43	1
240	313	43	1
230	315	43	1
238	315	43	2
204	316	43	2
227	317	43	2
218	318	43	1
228	318	43	1
242	319	43	1
244	319	43	1
227	320	43	1
226	322	43	1
215	324	43	1
220	304	44	1
219	306	44	1
220	309	44	2
223	309	44	1
219	310	44	1
234	310	44	2
219	311	44	1
225	311	44	2
243	312	44	1
223	313	44	1
211	314	44	1
237	314	44	1
241	314	44	3
230	315	44	1
238	317	44	1
223	318	44	1
230	318	44	1
206	319	44	1
230	321	44	1
