x	y	z	Cristae formation
183.039773122643	289.659001437601	35.0807824929564	1
142	221	20	3
123	222	20	1
127	222	20	3
132	222	20	2
134	222	20	1
176	222	20	1
148	223	20	1
115	224	20	1
133	224	20	1
134	224	20	1
156	224	20	3
175	224	20	1
135	225	20	2
141	225	20	1
153	225	20	3
157	225	20	1
159	225	20	1
162	225	20	1
176	225	20	1
115	226	20	1
126	226	20	1
139	226	20	1
156	226	20	3
172	226	20	1
155	227	20	1
160	227	20	2
178	227	20	1
112	228	20	1
119	228	20	1
128	228	20	1
130	228	20	2
151	228	20	2
157	228	20	1
196	228	20	2
112	229	20	2
115	229	20	1
118	229	20	1
159	229	20	1
127	230	20	1
129	230	20	1
169	230	20	1
186	230	20	1
204	230	20	1
116	231	20	1
121	231	20	1
177	231	20	1
199	231	20	3
135	232	20	1
137	232	20	1
146	232	20	1
190	232	20	1
197	232	20	1
147	233	20	2
152	233	20	1
165	233	20	1
169	233	20	1
206	233	20	1
214	233	20	1
114	234	20	1
204	234	20	2
215	234	20	1
129	235	20	1
135	235	20	1
137	235	20	1
141	235	20	2
145	235	20	3
158	235	20	2
206	235	20	2
216	235	20	1
220	235	20	3
127	236	20	2
134	236	20	1
146	236	20	2
154	236	20	1
159	236	20	2
163	236	20	2
146	237	20	2
147	237	20	1
148	237	20	2
154	237	20	1
168	237	20	1
169	237	20	1
202	237	20	1
204	237	20	3
222	237	20	1
232	237	20	1
248	237	20	1
126	238	20	1
140	238	20	1
143	238	20	2
150	238	20	2
158	238	20	1
192	238	20	1
139	239	20	1
142	239	20	2
165	239	20	1
230	239	20	2
102	240	20	1
118	240	20	1
131	240	20	3
132	240	20	2
149	240	20	1
152	240	20	2
160	240	20	1
191	240	20	1
216	240	20	2
108	241	20	1
111	241	20	1
127	241	20	2
131	241	20	4
138	241	20	2
139	241	20	1
145	241	20	1
146	241	20	4
149	241	20	2
157	241	20	1
167	241	20	1
237	241	20	2
128	242	20	2
130	242	20	2
148	242	20	1
150	242	20	1
163	242	20	1
183	242	20	3
185	242	20	1
207	242	20	1
214	242	20	1
116	243	20	1
125	243	20	1
130	243	20	2
132	243	20	2
173	243	20	1
201	243	20	1
213	243	20	1
240	243	20	1
247	243	20	1
118	244	20	1
123	244	20	2
126	244	20	1
134	244	20	1
155	244	20	1
162	244	20	1
183	244	20	1
220	244	20	2
242	244	20	1
108	245	20	3
111	245	20	1
121	245	20	1
182	245	20	1
183	245	20	2
214	245	20	1
226	245	20	1
241	245	20	1
117	246	20	2
126	246	20	2
130	246	20	1
149	246	20	2
159	246	20	4
215	246	20	2
237	246	20	1
240	246	20	1
246	246	20	1
122	247	20	2
133	247	20	1
139	247	20	1
163	247	20	1
109	248	20	1
141	248	20	1
158	248	20	1
190	248	20	1
210	248	20	2
233	248	20	2
138	249	20	1
143	249	20	1
167	249	20	3
194	249	20	2
215	249	20	1
218	249	20	2
101	250	20	1
113	250	20	1
119	250	20	3
121	250	20	3
131	250	20	2
157	250	20	1
172	250	20	1
175	250	20	1
225	250	20	3
227	250	20	2
133	251	20	1
175	251	20	1
220	251	20	1
122	252	20	1
175	252	20	1
218	252	20	1
226	252	20	1
234	252	20	1
120	253	20	1
122	253	20	1
161	253	20	2
175	253	20	1
194	253	20	1
124	254	20	1
127	254	20	1
148	254	20	2
161	254	20	1
217	254	20	1
223	254	20	1
226	254	20	1
244	254	20	1
143	255	20	1
197	255	20	2
214	255	20	2
233	255	20	2
251	255	20	1
113	256	20	4
131	256	20	1
145	256	20	1
158	256	20	2
166	256	20	1
196	256	20	1
198	256	20	2
204	256	20	1
205	256	20	1
234	256	20	1
262	256	20	1
159	257	20	2
164	257	20	1
171	257	20	1
177	257	20	1
197	257	20	2
228	257	20	3
229	257	20	1
230	257	20	2
232	257	20	1
255	257	20	1
265	257	20	2
132	258	20	1
172	258	20	1
175	258	20	2
176	258	20	4
198	258	20	1
215	258	20	1
220	258	20	4
232	258	20	2
136	259	20	2
144	259	20	2
145	259	20	1
167	259	20	2
195	259	20	1
201	259	20	1
203	259	20	1
229	259	20	2
231	259	20	2
232	259	20	2
250	259	20	1
252	259	20	2
130	260	20	2
134	260	20	1
142	260	20	1
245	260	20	2
102	261	20	1
140	261	20	2
141	261	20	1
147	261	20	2
163	261	20	1
165	261	20	1
191	261	20	1
228	261	20	2
118	262	20	1
124	262	20	1
144	262	20	1
150	262	20	1
152	262	20	1
170	262	20	1
223	262	20	2
225	262	20	2
230	262	20	1
142	263	20	1
163	263	20	2
191	263	20	1
210	263	20	1
229	263	20	1
259	263	20	1
105	264	20	1
126	264	20	1
160	264	20	4
163	264	20	1
168	264	20	1
187	264	20	1
220	264	20	1
221	264	20	2
249	264	20	1
250	264	20	2
134	265	20	1
137	265	20	1
147	265	20	2
163	265	20	1
166	265	20	1
176	265	20	2
190	265	20	1
218	265	20	1
232	265	20	2
236	265	20	1
113	266	20	1
117	266	20	1
118	266	20	2
120	266	20	1
132	266	20	2
158	266	20	3
160	266	20	1
170	266	20	1
172	266	20	2
184	266	20	1
197	266	20	1
211	266	20	2
231	266	20	3
116	267	20	1
117	267	20	1
132	267	20	2
168	267	20	1
239	267	20	1
266	267	20	1
109	268	20	1
113	268	20	2
121	268	20	1
145	268	20	1
146	268	20	1
157	268	20	1
162	268	20	1
212	268	20	1
216	268	20	3
118	269	20	1
140	269	20	2
149	269	20	1
151	269	20	1
165	269	20	1
167	269	20	1
212	269	20	1
214	269	20	2
257	269	20	2
114	270	20	1
117	270	20	1
125	270	20	2
156	270	20	1
162	270	20	1
165	270	20	2
177	270	20	1
227	270	20	1
118	271	20	2
145	271	20	4
162	271	20	1
173	271	20	1
201	271	20	1
222	271	20	1
225	271	20	3
266	271	20	1
268	271	20	2
113	272	20	1
117	272	20	1
119	272	20	1
120	272	20	1
121	272	20	2
135	272	20	3
144	272	20	2
154	272	20	1
158	272	20	1
166	272	20	2
168	272	20	1
170	272	20	2
175	272	20	1
176	272	20	1
225	272	20	1
260	272	20	1
119	273	20	1
132	273	20	1
167	273	20	2
176	273	20	2
201	273	20	2
206	273	20	1
223	273	20	2
159	274	20	1
165	274	20	2
167	274	20	1
226	274	20	2
229	274	20	1
131	275	20	1
134	275	20	3
176	275	20	2
177	275	20	1
204	275	20	2
208	275	20	1
221	275	20	1
122	276	20	1
126	276	20	2
130	276	20	1
137	276	20	1
142	276	20	2
158	276	20	3
174	276	20	1
180	276	20	3
182	276	20	1
221	276	20	4
222	276	20	1
231	276	20	2
258	276	20	1
189	277	20	1
211	277	20	1
217	277	20	2
220	277	20	1
226	277	20	2
227	277	20	4
249	277	20	1
260	277	20	1
152	278	20	1
164	278	20	3
168	278	20	2
180	278	20	2
227	278	20	1
270	278	20	2
120	279	20	2
150	279	20	1
156	279	20	1
163	279	20	1
177	279	20	1
186	279	20	1
204	279	20	3
225	279	20	1
234	279	20	1
108	280	20	2
109	280	20	1
125	280	20	1
132	280	20	2
133	280	20	2
162	280	20	1
166	280	20	3
172	280	20	1
174	280	20	1
197	280	20	3
199	280	20	2
217	280	20	1
131	281	20	1
134	281	20	1
142	281	20	1
147	281	20	1
172	281	20	1
176	281	20	1
226	281	20	1
227	281	20	1
106	282	20	1
158	282	20	2
162	282	20	2
181	282	20	2
219	282	20	1
269	282	20	2
276	282	20	1
130	283	20	1
161	283	20	2
165	283	20	1
170	283	20	2
176	283	20	1
214	283	20	2
217	283	20	1
219	283	20	1
232	283	20	1
266	283	20	1
163	284	20	1
186	284	20	2
213	284	20	1
223	284	20	1
224	284	20	2
228	284	20	3
267	284	20	2
109	285	20	1
141	285	20	1
145	285	20	1
157	285	20	1
208	285	20	1
231	285	20	1
250	285	20	1
272	285	20	1
101	286	20	4
129	286	20	1
133	286	20	4
225	286	20	1
146	287	20	2
205	287	20	1
221	287	20	1
226	287	20	2
269	287	20	1
113	288	20	2
121	288	20	1
136	288	20	1
162	288	20	1
170	288	20	2
196	288	20	1
218	288	20	1
223	288	20	2
224	288	20	2
230	288	20	2
125	289	20	1
147	289	20	1
152	289	20	1
179	289	20	2
181	289	20	1
217	289	20	1
222	289	20	1
140	290	20	3
142	290	20	2
143	290	20	1
250	290	20	1
271	290	20	2
108	291	20	1
117	291	20	1
149	291	20	2
163	291	20	1
262	291	20	1
104	292	20	1
146	292	20	3
157	292	20	1
173	292	20	3
192	292	20	2
199	292	20	1
205	292	20	1
207	292	20	2
213	292	20	1
219	292	20	3
236	292	20	2
237	292	20	1
242	292	20	1
244	292	20	2
249	292	20	1
265	292	20	1
268	292	20	1
117	293	20	1
148	293	20	1
161	293	20	1
222	293	20	1
225	293	20	1
118	294	20	3
136	294	20	1
141	294	20	2
180	294	20	1
199	294	20	2
209	294	20	1
214	294	20	1
216	294	20	2
264	294	20	1
269	294	20	2
116	295	20	1
151	295	20	1
189	295	20	3
196	295	20	1
220	295	20	2
116	296	20	1
131	296	20	1
136	296	20	2
157	296	20	1
162	296	20	3
178	296	20	1
180	296	20	2
193	296	20	2
194	296	20	2
196	296	20	3
212	296	20	1
216	296	20	2
228	296	20	1
270	296	20	1
133	297	20	3
137	297	20	1
161	297	20	2
201	297	20	1
238	297	20	2
249	297	20	1
256	297	20	2
270	297	20	1
147	298	20	3
153	298	20	1
177	298	20	1
203	298	20	1
246	298	20	1
265	298	20	1
269	298	20	1
156	299	20	1
161	299	20	2
207	299	20	2
219	299	20	1
235	299	20	1
257	299	20	1
270	299	20	1
139	300	20	1
174	300	20	1
191	300	20	1
232	300	20	1
253	300	20	1
266	300	20	2
114	301	20	1
133	301	20	1
155	301	20	2
186	301	20	1
216	301	20	1
233	301	20	2
250	301	20	1
114	302	20	1
126	302	20	1
204	302	20	1
206	302	20	2
223	302	20	1
264	302	20	1
127	303	20	1
141	303	20	1
150	303	20	2
156	303	20	1
187	303	20	2
222	303	20	1
234	303	20	1
96	304	20	1
149	304	20	1
166	304	20	2
193	304	20	1
210	304	20	3
234	304	20	1
236	304	20	2
237	304	20	3
243	304	20	1
256	304	20	2
124	305	20	1
130	305	20	1
223	305	20	1
234	305	20	2
236	305	20	1
237	305	20	2
252	305	20	1
127	306	20	3
132	306	20	1
136	306	20	1
146	306	20	1
177	306	20	1
191	306	20	3
200	306	20	2
209	306	20	2
236	306	20	3
241	306	20	2
249	306	20	1
261	306	20	1
118	307	20	2
124	307	20	1
142	307	20	1
158	307	20	1
166	307	20	2
177	307	20	1
182	307	20	2
213	307	20	2
227	307	20	1
229	307	20	1
239	307	20	2
241	307	20	2
197	308	20	1
201	308	20	1
208	308	20	1
220	308	20	1
227	308	20	2
229	308	20	1
232	308	20	1
233	308	20	1
235	308	20	1
249	308	20	2
257	308	20	3
260	308	20	1
202	309	20	1
205	309	20	1
242	309	20	1
246	309	20	1
260	309	20	1
267	309	20	1
269	309	20	1
121	310	20	2
178	310	20	1
198	310	20	1
245	310	20	1
255	310	20	1
263	310	20	2
107	311	20	1
201	311	20	2
210	311	20	1
238	311	20	1
264	311	20	2
266	311	20	3
93	312	20	2
115	312	20	1
168	312	20	3
202	312	20	1
209	312	20	1
211	312	20	1
256	312	20	1
258	312	20	1
260	312	20	1
107	313	20	2
115	313	20	1
158	313	20	1
181	313	20	1
182	313	20	1
212	313	20	1
217	313	20	1
250	313	20	1
262	313	20	3
142	314	20	1
180	314	20	2
259	314	20	2
266	314	20	1
110	315	20	3
133	315	20	2
148	315	20	3
156	315	20	1
169	315	20	2
198	315	20	1
259	315	20	1
260	315	20	1
262	315	20	1
263	315	20	2
266	315	20	1
98	316	20	2
131	316	20	1
146	316	20	1
177	316	20	1
179	316	20	1
182	316	20	1
198	316	20	3
203	316	20	1
204	316	20	1
228	316	20	1
232	316	20	1
257	316	20	1
103	317	20	2
110	317	20	1
115	317	20	1
129	317	20	1
152	317	20	2
162	317	20	2
163	317	20	1
233	317	20	1
242	317	20	1
267	317	20	1
121	318	20	1
126	318	20	3
172	318	20	2
187	318	20	1
198	318	20	1
247	318	20	1
256	318	20	1
258	318	20	1
261	318	20	2
98	319	20	1
153	319	20	1
168	319	20	1
193	319	20	2
237	319	20	1
120	320	20	1
141	320	20	3
168	320	20	1
195	320	20	1
200	320	20	1
234	320	20	1
243	320	20	1
244	320	20	1
259	320	20	2
94	321	20	1
183	321	20	1
195	321	20	1
210	321	20	1
237	321	20	1
254	321	20	3
257	321	20	2
264	321	20	2
127	322	20	1
178	322	20	1
180	322	20	3
198	322	20	1
200	322	20	2
226	322	20	1
258	322	20	2
99	323	20	1
111	323	20	1
164	323	20	2
177	323	20	1
178	323	20	1
194	323	20	1
198	323	20	1
214	323	20	1
233	323	20	1
237	323	20	1
264	323	20	1
149	324	20	1
169	324	20	1
185	324	20	1
188	324	20	1
193	324	20	1
200	324	20	1
203	324	20	2
224	324	20	1
101	325	20	2
139	325	20	1
179	325	20	1
183	325	20	1
185	325	20	2
189	325	20	1
190	325	20	1
196	325	20	1
216	325	20	1
258	325	20	2
259	325	20	1
122	326	20	1
128	326	20	2
177	326	20	2
188	326	20	1
194	326	20	1
196	326	20	1
199	326	20	3
201	326	20	2
217	326	20	2
240	326	20	2
106	327	20	1
139	327	20	2
161	327	20	2
189	327	20	1
212	327	20	1
228	327	20	4
256	327	20	1
120	328	20	1
135	328	20	1
144	328	20	3
167	328	20	1
183	328	20	1
198	328	20	2
200	328	20	1
212	328	20	1
221	328	20	2
260	328	20	2
117	329	20	1
137	329	20	1
147	329	20	3
158	329	20	2
165	329	20	1
169	329	20	2
187	329	20	1
199	329	20	2
210	329	20	1
253	329	20	4
122	330	20	1
124	330	20	1
131	330	20	1
150	330	20	1
157	330	20	1
179	330	20	1
181	330	20	3
195	330	20	2
213	330	20	1
258	330	20	2
259	330	20	2
260	330	20	1
145	331	20	2
177	331	20	4
179	331	20	2
186	331	20	1
205	331	20	1
106	332	20	1
114	332	20	1
150	332	20	2
176	332	20	1
179	332	20	1
180	332	20	1
191	332	20	1
192	332	20	2
199	332	20	2
209	332	20	1
216	332	20	1
218	332	20	2
226	332	20	3
96	333	20	1
117	333	20	1
137	333	20	1
175	333	20	1
179	333	20	1
193	333	20	1
210	333	20	1
227	333	20	1
235	333	20	1
244	333	20	3
250	333	20	1
131	334	20	1
143	334	20	2
160	334	20	1
186	334	20	1
205	334	20	2
207	334	20	1
210	334	20	1
224	334	20	2
244	334	20	2
179	335	20	2
227	335	20	1
237	335	20	1
246	335	20	1
134	336	20	1
163	336	20	1
169	336	20	2
175	336	20	2
194	336	20	3
199	336	20	1
200	336	20	1
207	336	20	1
222	336	20	2
224	336	20	1
248	336	20	3
260	336	20	1
173	337	20	2
194	337	20	1
205	337	20	1
233	337	20	1
169	338	20	1
173	338	20	1
183	338	20	1
190	338	20	2
198	338	20	1
173	339	20	2
186	339	20	1
177	340	20	1
201	340	20	2
233	340	20	1
248	340	20	2
173	341	20	1
234	341	20	1
237	341	20	2
231	342	20	2
194	343	20	1
210	343	20	1
223	343	20	3
245	343	20	1
161	344	20	1
242	344	20	4
183	345	20	1
209	345	20	1
223	345	20	1
240	345	20	1
162	346	20	1
213	346	20	1
243	346	20	1
190	347	20	2
202	347	20	1
232	348	20	2
236	348	20	1
179	349	20	3
212	349	20	1
229	349	20	1
235	349	20	1
207	350	20	1
197	352	20	1
173	353	20	3
212	353	20	1
224	353	20	1
231	353	20	2
208	354	20	1
210	354	20	1
230	354	20	1
200	355	20	1
210	355	20	1
229	356	20	1
180	357	20	1
215	357	20	1
169	358	20	1
178	358	20	2
220	358	20	1
176	359	20	2
180	360	20	1
206	360	20	1
219	360	20	3
176	361	20	3
182	362	20	1
192	362	20	3
204	363	20	2
193	364	20	1
129	222	21	1
142	224	21	3
172	224	21	2
159	225	21	2
175	225	21	2
177	225	21	2
155	226	21	1
183	226	21	4
147	228	21	3
161	228	21	2
154	229	21	1
188	230	21	1
137	231	21	1
162	232	21	1
136	233	21	3
144	233	21	2
129	234	21	1
141	235	21	1
215	235	21	2
217	235	21	2
214	236	21	1
132	237	21	2
136	237	21	2
137	237	21	1
138	237	21	1
154	237	21	1
164	237	21	1
172	237	21	1
191	237	21	1
128	238	21	1
131	238	21	1
148	238	21	2
149	238	21	1
151	238	21	1
131	239	21	1
135	239	21	1
136	239	21	2
139	239	21	1
126	240	21	1
130	240	21	2
137	240	21	1
146	240	21	1
151	240	21	2
171	240	21	2
212	240	21	1
129	241	21	2
134	241	21	2
135	241	21	2
137	241	21	3
147	241	21	1
152	241	21	1
174	241	21	1
126	242	21	2
140	242	21	1
144	242	21	1
116	243	21	2
128	243	21	1
129	243	21	3
136	243	21	1
141	243	21	3
143	243	21	2
213	243	21	1
135	244	21	2
141	244	21	1
145	244	21	1
102	245	21	3
116	245	21	2
139	245	21	1
194	245	21	2
214	245	21	1
245	245	21	3
135	246	21	2
137	246	21	2
132	247	21	2
149	247	21	1
201	247	21	1
134	249	21	1
216	249	21	1
131	250	21	2
220	251	21	1
232	251	21	1
201	252	21	1
220	252	21	2
197	253	21	1
228	253	21	2
225	254	21	1
228	254	21	1
223	255	21	1
226	255	21	1
122	256	21	1
107	257	21	1
124	258	21	2
140	258	21	3
252	258	21	2
160	259	21	3
160	260	21	1
196	260	21	2
130	261	21	1
137	262	21	1
189	262	21	2
133	263	21	1
219	263	21	3
161	264	21	1
163	264	21	1
181	264	21	1
158	265	21	1
162	265	21	1
215	265	21	1
222	265	21	1
161	266	21	1
164	267	21	1
183	268	21	1
160	269	21	1
177	269	21	1
178	269	21	1
208	269	21	1
115	270	21	4
120	270	21	1
164	270	21	1
235	270	21	1
119	271	21	2
120	271	21	1
159	271	21	1
125	272	21	1
129	272	21	1
158	272	21	2
163	272	21	1
164	272	21	1
166	272	21	1
173	272	21	1
122	273	21	1
157	273	21	3
164	273	21	3
166	273	21	2
224	273	21	2
149	274	21	1
176	274	21	1
224	274	21	2
114	275	21	1
175	275	21	2
176	275	21	2
177	275	21	2
179	275	21	2
116	276	21	1
136	276	21	1
165	276	21	2
169	276	21	2
219	276	21	1
169	277	21	2
218	277	21	1
171	278	21	1
218	278	21	1
221	278	21	2
170	279	21	1
176	279	21	3
177	279	21	1
186	279	21	1
216	279	21	1
225	279	21	3
125	280	21	2
168	280	21	1
177	280	21	2
204	280	21	1
205	280	21	1
219	280	21	1
227	280	21	1
169	281	21	2
175	281	21	2
225	281	21	1
170	282	21	1
215	282	21	1
217	282	21	2
224	282	21	2
271	282	21	1
150	283	21	1
173	283	21	1
216	283	21	1
217	283	21	2
222	284	21	1
230	284	21	1
123	285	21	2
125	285	21	2
180	285	21	2
223	285	21	1
237	285	21	4
217	286	21	2
220	286	21	1
223	286	21	1
219	287	21	1
220	287	21	2
221	287	21	1
134	288	21	1
217	288	21	1
220	288	21	2
224	288	21	1
271	288	21	2
217	289	21	1
219	290	21	1
218	291	21	2
244	292	21	4
196	293	21	5
217	293	21	3
142	294	21	2
193	294	21	2
218	294	21	1
235	294	21	1
269	294	21	3
218	295	21	1
271	295	21	1
193	296	21	1
218	296	21	3
150	297	21	1
154	297	21	2
217	297	21	3
250	297	21	1
262	297	21	1
162	298	21	1
230	298	21	1
131	300	21	1
211	300	21	2
239	300	21	2
267	300	21	2
210	301	21	2
252	301	21	1
270	301	21	1
186	303	21	2
207	303	21	3
239	303	21	1
187	304	21	2
190	304	21	1
235	304	21	2
240	304	21	2
267	304	21	1
96	305	21	1
204	305	21	1
210	305	21	1
223	305	21	1
181	306	21	1
203	306	21	1
208	306	21	1
209	306	21	1
235	306	21	1
204	307	21	1
207	307	21	2
210	307	21	1
238	307	21	1
243	307	21	2
260	307	21	1
205	308	21	3
231	308	21	2
232	308	21	1
259	308	21	1
260	308	21	1
261	308	21	1
264	308	21	2
170	309	21	1
200	309	21	1
209	309	21	3
239	309	21	1
261	309	21	1
264	309	21	3
265	309	21	1
132	310	21	1
166	310	21	1
230	310	21	2
231	310	21	1
93	311	21	1
177	311	21	1
199	311	21	1
204	311	21	1
260	311	21	2
148	312	21	2
167	312	21	1
199	312	21	4
201	312	21	2
203	312	21	1
227	312	21	1
256	312	21	1
257	312	21	1
258	312	21	1
200	313	21	1
238	313	21	1
241	313	21	1
260	313	21	1
262	313	21	1
175	314	21	2
182	314	21	3
204	314	21	1
205	314	21	2
230	314	21	1
179	315	21	1
211	315	21	2
265	315	21	1
203	316	21	2
208	316	21	1
237	316	21	2
260	316	21	1
180	317	21	1
232	317	21	1
257	317	21	1
264	317	21	2
170	318	21	3
177	318	21	1
182	318	21	2
264	318	21	1
266	318	21	2
152	319	21	1
166	319	21	2
241	319	21	4
258	319	21	1
261	319	21	2
257	320	21	1
262	320	21	2
167	321	21	1
185	321	21	1
187	321	21	2
249	321	21	2
258	321	21	1
178	322	21	2
182	322	21	1
187	322	21	1
258	322	21	1
259	322	21	1
126	323	21	1
181	323	21	1
185	323	21	1
192	323	21	1
243	323	21	2
141	324	21	2
149	324	21	3
162	324	21	2
180	324	21	1
186	324	21	1
187	324	21	2
177	325	21	1
186	325	21	1
190	325	21	1
195	325	21	1
199	325	21	1
202	325	21	1
96	326	21	1
94	327	21	1
180	327	21	1
188	327	21	1
147	328	21	1
173	328	21	2
202	328	21	1
260	328	21	2
99	329	21	1
157	329	21	1
105	331	21	1
153	331	21	1
183	331	21	3
230	331	21	1
260	331	21	1
138	332	21	2
181	332	21	3
260	332	21	2
181	333	21	2
210	333	21	2
223	334	21	1
255	334	21	1
259	334	21	1
260	334	21	3
170	335	21	1
181	335	21	2
237	335	21	4
142	336	21	1
173	336	21	1
259	336	21	1
177	337	21	1
173	339	21	3
175	339	21	1
189	339	21	1
160	340	21	2
175	340	21	2
231	340	21	1
215	341	21	1
225	341	21	2
231	342	21	1
239	342	21	1
240	344	21	2
244	344	21	1
173	349	21	1
198	349	21	1
212	349	21	1
179	355	21	1
169	356	21	1
175	356	21	1
168	359	21	1
179	360	21	1
195	361	21	2
197	363	21	2
191	364	21	1
126	226	22	1
131	234	22	1
139	234	22	4
140	234	22	3
147	234	22	1
132	235	22	3
143	235	22	1
145	235	22	1
148	235	22	1
129	237	22	2
135	237	22	1
143	237	22	5
139	238	22	6
141	238	22	1
146	238	22	2
132	239	22	1
144	239	22	1
149	239	22	1
125	240	22	1
141	240	22	2
132	241	22	2
133	241	22	2
136	241	22	2
140	241	22	1
146	241	22	2
148	241	22	1
150	241	22	1
215	241	22	2
117	242	22	3
129	242	22	1
132	242	22	2
134	242	22	1
144	242	22	1
149	243	22	1
132	246	22	1
135	247	22	1
216	249	22	1
223	252	22	2
221	254	22	1
226	254	22	1
229	255	22	1
150	256	22	1
163	257	22	1
237	257	22	1
163	258	22	1
162	259	22	1
232	259	22	1
161	260	22	1
162	260	22	1
197	260	22	1
163	261	22	2
161	263	22	1
160	264	22	1
163	264	22	2
132	267	22	1
160	267	22	1
121	268	22	1
158	268	22	1
165	268	22	3
195	268	22	1
155	269	22	1
121	270	22	2
155	270	22	2
165	270	22	2
179	270	22	1
119	271	22	1
164	271	22	1
176	271	22	2
181	271	22	1
120	272	22	3
155	272	22	1
168	272	22	2
177	272	22	1
170	273	22	1
174	273	22	2
177	273	22	1
226	273	22	1
156	274	22	1
165	274	22	1
168	274	22	1
169	274	22	1
174	274	22	1
177	274	22	2
164	275	22	1
165	275	22	1
177	275	22	2
176	276	22	1
177	276	22	1
176	277	22	1
169	278	22	1
226	279	22	1
230	279	22	1
167	280	22	1
174	280	22	1
224	280	22	2
170	282	22	2
226	282	22	1
202	284	22	1
226	285	22	1
221	287	22	3
224	288	22	1
198	290	22	1
218	293	22	1
241	293	22	3
266	294	22	2
215	296	22	1
217	297	22	1
220	297	22	1
216	299	22	1
214	300	22	1
267	300	22	1
189	301	22	1
210	301	22	1
211	301	22	1
238	303	22	2
268	303	22	1
185	304	22	1
210	304	22	1
236	304	22	1
263	304	22	1
185	305	22	1
236	305	22	1
240	305	22	2
258	305	22	1
232	306	22	2
238	306	22	3
264	306	22	1
204	307	22	1
207	307	22	3
207	308	22	1
238	308	22	1
206	309	22	1
231	309	22	1
209	310	22	1
250	310	22	1
260	310	22	1
264	311	22	1
258	312	22	2
260	312	22	2
175	313	22	1
233	313	22	3
260	313	22	3
261	313	22	1
257	314	22	1
261	314	22	1
179	315	22	1
226	315	22	1
261	315	22	3
262	316	22	1
256	317	22	2
176	318	22	3
262	318	22	1
184	320	22	1
191	321	22	1
256	321	22	1
257	321	22	1
181	322	22	1
185	322	22	1
259	322	22	2
185	323	22	2
187	323	22	4
191	323	22	2
194	323	22	1
197	323	22	1
258	323	22	1
259	323	22	1
261	323	22	1
181	324	22	1
182	324	22	1
183	324	22	2
194	324	22	2
200	324	22	2
146	325	22	1
181	325	22	2
184	325	22	2
188	325	22	1
199	325	22	1
202	326	22	1
259	326	22	1
260	326	22	7
184	328	22	1
199	328	22	3
99	329	22	1
201	329	22	2
103	330	22	2
182	330	22	2
184	330	22	1
181	331	22	1
176	335	22	1
177	338	22	1
235	340	22	1
240	343	22	1
243	343	22	2
245	343	22	1
182	351	22	1
180	360	22	1
157	225	23	3
180	225	23	1
158	226	23	1
157	228	23	2
157	229	23	1
157	230	23	1
134	234	23	2
143	234	23	1
140	235	23	2
141	235	23	1
143	235	23	1
144	235	23	1
148	235	23	1
150	236	23	1
130	238	23	2
138	238	23	1
145	238	23	1
217	238	23	2
131	239	23	1
148	239	23	3
130	240	23	2
132	241	23	2
135	241	23	1
140	241	23	1
145	241	23	2
150	241	23	4
132	242	23	2
138	242	23	2
146	242	23	1
213	242	23	2
132	243	23	1
134	243	23	2
227	243	23	1
134	244	23	1
139	244	23	2
142	244	23	1
215	248	23	1
222	252	23	1
192	253	23	1
223	253	23	2
224	253	23	1
196	254	23	1
162	255	23	1
197	255	23	2
163	256	23	2
193	257	23	1
178	258	23	1
119	263	23	1
218	263	23	1
119	264	23	1
122	264	23	1
121	267	23	3
124	267	23	2
162	267	23	1
127	268	23	2
165	270	23	1
183	270	23	3
166	271	23	1
154	272	23	1
177	272	23	1
164	273	23	1
165	273	23	2
177	273	23	1
176	274	23	1
178	274	23	2
173	275	23	3
140	276	23	1
172	276	23	1
166	277	23	1
174	277	23	1
168	278	23	1
176	278	23	3
177	278	23	1
176	280	23	2
169	281	23	3
177	281	23	1
210	281	23	3
174	282	23	2
172	284	23	1
173	284	23	1
176	284	23	2
226	284	23	2
271	285	23	1
271	286	23	1
269	291	23	3
268	292	23	1
271	292	23	2
266	293	23	2
267	293	23	1
269	293	23	2
271	293	23	1
217	294	23	1
269	294	23	1
266	295	23	2
215	296	23	2
218	296	23	1
266	298	23	2
267	298	23	1
268	298	23	1
269	298	23	1
215	299	23	1
264	299	23	2
267	299	23	1
211	302	23	1
236	302	23	1
239	302	23	3
266	302	23	1
264	303	23	1
208	305	23	2
264	305	23	1
265	305	23	1
181	307	23	2
205	307	23	1
206	307	23	4
240	307	23	4
259	307	23	2
262	307	23	1
262	308	23	1
179	309	23	1
182	309	23	1
204	309	23	1
257	309	23	2
261	309	23	1
257	310	23	2
260	310	23	1
234	311	23	1
240	311	23	1
257	311	23	1
173	312	23	2
203	312	23	1
260	312	23	1
203	313	23	2
258	313	23	3
262	313	23	2
204	314	23	1
232	314	23	1
263	314	23	1
238	315	23	1
245	315	23	2
258	315	23	1
260	315	23	1
262	315	23	2
172	316	23	1
258	316	23	1
261	316	23	1
264	316	23	2
179	317	23	1
181	317	23	1
256	317	23	1
258	317	23	1
182	318	23	2
254	318	23	2
261	318	23	1
182	319	23	1
259	319	23	2
261	319	23	1
262	319	23	1
183	321	23	2
187	321	23	1
260	321	23	2
236	322	23	2
256	322	23	3
182	323	23	1
184	323	23	2
185	323	23	2
162	324	23	1
260	324	23	1
186	325	23	2
188	325	23	2
183	326	23	1
192	326	23	2
194	326	23	1
259	326	23	1
99	327	23	2
184	327	23	1
259	327	23	1
97	328	23	1
199	328	23	1
203	328	23	1
96	329	23	1
186	329	23	1
180	330	23	1
184	330	23	2
257	330	23	1
102	331	23	1
201	331	23	1
180	332	23	3
260	332	23	1
182	333	23	1
259	333	23	2
192	334	23	3
242	342	23	1
244	344	23	1
242	345	23	1
176	358	23	1
182	221	24	2
181	223	24	1
182	223	24	4
179	224	24	1
156	226	24	1
157	226	24	2
160	227	24	2
157	228	24	1
154	229	24	2
157	229	24	1
149	232	24	1
135	234	24	2
141	234	24	1
146	234	24	1
151	234	24	1
145	235	24	2
151	235	24	1
137	236	24	1
139	236	24	2
151	236	24	1
145	237	24	1
150	237	24	2
137	238	24	3
148	238	24	1
149	238	24	3
150	238	24	1
151	238	24	1
142	239	24	1
148	239	24	2
108	240	24	1
132	240	24	2
137	240	24	1
145	240	24	3
143	242	24	3
132	243	24	1
149	243	24	2
131	244	24	1
139	244	24	1
135	245	24	1
142	246	24	1
227	246	24	1
140	247	24	2
215	248	24	1
224	248	24	2
138	249	24	1
140	249	24	2
131	252	24	1
141	253	24	1
140	254	24	1
142	256	24	1
163	256	24	1
194	257	24	1
197	257	24	4
196	258	24	1
199	258	24	1
118	260	24	1
225	260	24	1
196	261	24	1
198	261	24	1
199	261	24	1
117	262	24	1
118	262	24	1
119	262	24	1
124	262	24	2
115	263	24	2
117	263	24	1
120	263	24	2
217	263	24	1
221	263	24	1
119	264	24	2
122	264	24	1
163	264	24	1
120	265	24	2
124	265	24	2
216	265	24	1
117	266	24	3
126	266	24	2
127	268	24	1
166	268	24	1
210	268	24	3
156	269	24	2
162	269	24	1
184	270	24	2
131	271	24	2
181	271	24	1
166	272	24	4
177	273	24	3
182	273	24	1
166	275	24	1
167	275	24	2
178	275	24	1
170	276	24	1
171	276	24	3
169	277	24	1
170	277	24	3
176	277	24	1
177	277	24	2
175	278	24	1
178	278	24	2
179	278	24	1
180	278	24	1
173	279	24	2
180	279	24	1
174	280	24	2
168	281	24	1
174	281	24	1
204	283	24	1
206	284	24	1
276	286	24	1
276	287	24	1
275	288	24	5
270	290	24	1
274	290	24	1
275	291	24	1
237	294	24	1
236	297	24	1
266	298	24	1
213	299	24	4
236	299	24	1
189	300	24	1
235	300	24	1
235	301	24	1
238	301	24	1
265	301	24	3
235	302	24	1
240	302	24	1
242	302	24	1
234	303	24	1
237	303	24	2
186	304	24	2
188	304	24	1
235	304	24	2
263	304	24	1
262	305	24	2
239	306	24	2
262	306	24	2
266	306	24	1
265	307	24	1
202	308	24	1
206	308	24	1
209	308	24	1
263	308	24	2
264	308	24	1
181	309	24	1
232	309	24	2
237	309	24	3
259	309	24	1
260	309	24	1
261	309	24	1
263	309	24	2
178	310	24	1
202	310	24	3
204	310	24	2
238	310	24	1
240	310	24	1
260	310	24	2
206	311	24	1
231	311	24	1
235	311	24	1
257	311	24	1
266	311	24	2
200	312	24	1
239	312	24	1
240	312	24	1
255	312	24	1
177	313	24	1
199	313	24	1
209	313	24	1
261	313	24	1
264	313	24	1
175	314	24	1
203	314	24	2
211	314	24	1
237	314	24	2
257	314	24	1
259	314	24	1
260	314	24	1
263	314	24	1
171	315	24	1
258	316	24	2
167	317	24	1
169	317	24	1
262	317	24	1
168	318	24	2
179	318	24	1
253	318	24	1
258	318	24	1
259	318	24	1
260	318	24	2
257	319	24	1
262	319	24	3
263	319	24	1
166	320	24	1
239	320	24	2
164	321	24	1
165	321	24	1
181	321	24	2
238	321	24	1
259	321	24	1
260	321	24	2
185	322	24	1
241	322	24	1
242	322	24	1
195	323	24	2
236	323	24	1
186	324	24	1
259	324	24	1
182	325	24	1
188	325	24	2
258	326	24	2
157	327	24	3
183	327	24	1
184	327	24	4
201	327	24	1
99	329	24	1
154	329	24	1
185	329	24	2
186	329	24	1
261	329	24	1
96	330	24	1
101	330	24	1
105	330	24	1
181	331	24	1
260	331	24	1
97	332	24	1
257	332	24	1
258	333	24	2
178	334	24	1
258	334	24	1
259	334	24	2
245	335	24	1
181	336	24	1
258	336	24	2
259	336	24	1
259	337	24	2
186	360	24	2
179	223	25	1
181	223	25	1
155	229	25	1
150	233	25	1
137	234	25	1
140	234	25	1
152	234	25	1
136	235	25	1
142	235	25	2
144	235	25	1
133	236	25	1
135	236	25	1
145	237	25	1
247	237	25	1
249	237	25	1
140	238	25	2
246	238	25	1
133	239	25	2
135	239	25	1
134	240	25	1
228	240	25	2
136	241	25	1
226	241	25	1
131	243	25	1
134	243	25	1
135	244	25	1
134	245	25	2
144	246	25	1
229	249	25	1
138	250	25	1
136	253	25	1
224	257	25	1
121	258	25	1
121	259	25	2
198	259	25	1
223	260	25	1
118	261	25	1
119	261	25	3
121	261	25	2
122	261	25	1
199	261	25	1
121	262	25	2
219	263	25	2
126	265	25	2
122	266	25	1
123	266	25	1
261	266	25	1
181	271	25	2
177	276	25	2
165	277	25	3
164	278	25	1
170	278	25	1
173	278	25	1
170	279	25	1
170	280	25	2
274	280	25	1
276	280	25	1
165	282	25	1
169	282	25	2
172	282	25	1
174	282	25	2
275	285	25	2
277	287	25	1
199	289	25	1
270	290	25	1
271	290	25	1
271	291	25	1
266	296	25	3
266	297	25	1
268	298	25	1
238	299	25	2
268	299	25	1
237	300	25	1
266	300	25	1
240	301	25	1
262	301	25	1
264	301	25	1
265	301	25	1
237	302	25	2
238	302	25	1
235	305	25	2
236	305	25	2
233	306	25	1
236	307	25	1
264	307	25	1
232	308	25	1
243	308	25	1
258	309	25	1
262	309	25	1
260	310	25	1
258	311	25	1
230	312	25	1
259	312	25	1
209	314	25	1
232	314	25	2
256	314	25	1
257	314	25	2
258	314	25	1
262	314	25	1
176	315	25	1
210	316	25	1
256	316	25	2
262	316	25	2
257	317	25	2
261	317	25	2
258	318	25	1
259	318	25	1
261	318	25	3
256	319	25	2
258	319	25	1
240	320	25	2
257	320	25	1
260	322	25	1
259	324	25	3
188	327	25	2
258	327	25	3
183	329	25	1
259	331	25	1
144	337	25	2
180	222	26	1
181	223	26	2
179	224	26	1
178	225	26	1
178	226	26	1
157	228	26	1
157	230	26	3
159	230	26	2
156	231	26	1
144	233	26	1
246	234	26	1
136	235	26	1
140	235	26	2
145	235	26	1
246	235	26	2
135	237	26	3
140	237	26	1
142	237	26	1
248	237	26	3
249	237	26	1
133	238	26	2
136	238	26	1
137	238	26	1
143	238	26	1
144	238	26	2
246	238	26	2
134	239	26	1
134	240	26	1
131	241	26	1
101	242	26	4
132	242	26	2
132	243	26	2
136	243	26	1
226	246	26	1
230	248	26	1
125	251	26	1
229	251	26	2
124	252	26	1
226	252	26	3
123	253	26	2
227	253	26	1
124	255	26	2
122	257	26	1
123	259	26	1
123	267	26	1
125	267	26	1
120	268	26	1
126	268	26	1
211	268	26	3
121	269	26	1
122	269	26	1
123	269	26	1
126	269	26	1
122	270	26	2
172	276	26	1
178	277	26	1
169	278	26	2
177	278	26	1
163	279	26	1
176	279	26	2
165	280	26	1
176	280	26	1
274	280	26	2
169	281	26	2
172	281	26	3
273	281	26	1
167	282	26	4
274	282	26	1
275	282	26	3
176	283	26	1
273	283	26	1
183	288	26	2
268	293	26	1
271	294	26	1
268	295	26	1
266	297	26	3
267	298	26	1
237	306	26	1
231	307	26	1
237	307	26	1
231	309	26	1
230	310	26	2
260	311	26	3
209	312	26	2
243	312	26	1
208	313	26	2
209	313	26	1
257	313	26	1
258	313	26	2
211	314	26	1
262	314	26	1
258	315	26	1
261	315	26	1
210	316	26	1
211	316	26	1
257	316	26	1
260	316	26	1
263	316	26	1
256	317	26	2
258	317	26	1
259	319	26	1
241	320	26	1
241	321	26	2
242	321	26	1
240	322	26	2
186	359	26	3
186	360	26	1
183	221	27	3
180	223	27	2
179	226	27	1
160	229	27	1
161	232	27	1
162	232	27	1
163	232	27	2
166	232	27	1
155	233	27	2
164	233	27	1
146	234	27	1
153	234	27	1
245	234	27	1
250	235	27	2
136	236	27	1
245	236	27	1
249	236	27	1
137	237	27	3
176	237	27	2
241	237	27	1
243	237	27	1
138	238	27	2
139	238	27	2
146	238	27	1
241	238	27	2
248	238	27	2
132	239	27	2
182	239	27	2
234	239	27	1
242	240	27	1
226	241	27	1
134	242	27	1
134	243	27	2
233	245	27	1
228	246	27	2
194	247	27	2
228	249	27	2
193	251	27	1
227	251	27	1
125	255	27	2
122	256	27	1
122	257	27	1
126	257	27	2
122	258	27	1
124	258	27	1
259	267	27	2
121	268	27	1
124	268	27	1
126	270	27	2
127	270	27	1
128	270	27	1
127	271	27	1
174	276	27	1
173	277	27	1
178	278	27	2
167	279	27	3
172	279	27	2
175	279	27	2
177	281	27	2
165	282	27	1
173	282	27	2
175	282	27	1
178	282	27	1
274	282	27	1
275	282	27	2
178	283	27	1
271	283	27	1
272	283	27	1
170	284	27	1
173	284	27	1
274	284	27	1
270	290	27	2
271	291	27	1
177	294	27	1
191	294	27	1
270	294	27	2
192	295	27	1
199	299	27	1
232	302	27	1
264	302	27	1
233	303	27	1
266	303	27	1
235	308	27	2
240	308	27	1
201	309	27	1
203	309	27	1
258	312	27	1
259	312	27	1
202	314	27	2
208	314	27	1
258	316	27	2
239	318	27	2
261	324	27	1
233	326	27	1
260	328	27	1
186	357	27	2
115	228	28	1
164	231	28	1
165	231	28	3
164	232	28	2
244	235	28	1
136	236	28	1
138	236	28	1
143	236	28	1
249	236	28	1
250	236	28	1
251	236	28	1
136	237	28	2
137	237	28	1
242	237	28	1
248	237	28	1
249	237	28	1
141	238	28	1
146	238	28	1
185	238	28	1
246	238	28	2
246	239	28	1
134	240	28	2
139	240	28	1
140	240	28	1
184	240	28	1
179	241	28	1
114	243	28	1
227	243	28	1
249	243	28	1
248	244	28	1
193	246	28	1
194	247	28	1
234	249	28	1
229	250	28	1
126	251	28	2
126	252	28	1
127	252	28	1
124	254	28	1
124	255	28	2
125	255	28	1
124	256	28	1
134	257	28	1
121	264	28	1
259	266	28	4
127	267	28	1
121	268	28	1
122	268	28	1
127	270	28	1
121	271	28	1
127	271	28	1
170	271	28	1
134	274	28	1
134	276	28	1
171	277	28	1
173	277	28	1
172	279	28	2
175	279	28	1
177	280	28	2
276	280	28	1
172	281	28	1
165	282	28	2
172	282	28	3
176	282	28	2
177	282	28	2
178	282	28	2
274	282	28	1
275	282	28	1
170	283	28	1
171	283	28	1
173	283	28	2
168	284	28	2
175	284	28	1
176	284	28	2
167	285	28	1
168	285	28	2
169	285	28	2
170	285	28	1
178	285	28	1
275	285	28	1
168	288	28	1
270	290	28	1
179	299	28	2
232	304	28	2
236	305	28	1
232	306	28	1
207	308	28	1
208	310	28	1
230	310	28	1
247	311	28	1
257	312	28	1
204	313	28	1
261	313	28	3
209	315	28	2
210	315	28	2
211	315	28	2
210	316	28	3
240	317	28	1
242	317	28	1
259	317	28	1
261	317	28	1
262	317	28	1
262	318	28	2
239	319	28	2
241	319	28	1
239	321	28	2
96	327	28	2
96	331	28	1
96	332	28	2
112	226	29	2
112	228	29	1
252	236	29	2
183	237	29	1
249	237	29	2
250	237	29	1
140	238	29	1
179	238	29	1
251	238	29	1
115	240	29	1
178	240	29	2
179	240	29	1
181	240	29	1
183	240	29	1
134	242	29	1
237	242	29	1
193	243	29	2
189	244	29	1
192	244	29	1
236	246	29	1
193	247	29	1
132	254	29	2
125	257	29	2
131	257	29	1
133	257	29	1
132	259	29	1
135	263	29	1
261	267	29	1
168	270	29	1
124	271	29	2
129	271	29	1
167	271	29	2
121	272	29	1
124	272	29	1
127	272	29	1
132	272	29	1
135	272	29	1
137	272	29	1
137	273	29	1
170	273	29	1
128	274	29	2
168	274	29	1
137	275	29	1
170	275	29	1
171	275	29	1
167	278	29	2
168	278	29	1
174	278	29	2
175	279	29	1
164	280	29	1
161	282	29	1
162	282	29	2
167	282	29	1
174	282	29	5
274	282	29	1
275	282	29	4
276	282	29	1
165	283	29	1
166	283	29	1
168	283	29	3
276	284	29	2
275	285	29	2
169	286	29	2
175	295	29	3
176	295	29	1
177	296	29	1
183	297	29	2
183	300	29	1
204	307	29	3
236	307	29	3
204	308	29	2
206	308	29	3
211	308	29	1
225	308	29	1
233	308	29	1
203	309	29	1
204	309	29	1
227	309	29	1
229	309	29	1
206	311	29	1
204	312	29	1
209	313	29	1
221	313	29	2
258	313	29	1
207	314	29	1
245	315	29	2
241	316	29	1
255	316	29	1
259	317	29	1
262	317	29	1
241	318	29	2
239	321	29	1
123	325	29	1
121	326	29	2
94	327	29	2
127	327	29	2
227	327	29	2
95	328	29	1
98	329	29	1
130	329	29	1
93	330	29	1
95	330	29	1
94	332	29	2
95	332	29	1
143	332	29	2
191	346	29	1
185	360	29	2
220	360	29	1
187	361	29	1
197	235	30	1
176	237	30	1
175	238	30	1
179	238	30	1
117	239	30	1
186	239	30	1
177	240	30	2
178	240	30	1
179	241	30	1
183	241	30	2
172	242	30	1
181	242	30	2
182	242	30	1
184	244	30	2
190	244	30	2
191	245	30	1
127	256	30	3
129	256	30	2
132	256	30	2
131	260	30	2
257	261	30	2
128	265	30	1
259	266	30	1
127	267	30	1
262	267	30	1
258	268	30	1
126	269	30	1
123	270	30	2
165	270	30	1
168	270	30	1
122	271	30	2
139	271	30	1
165	271	30	1
166	271	30	1
124	273	30	2
138	273	30	5
167	273	30	2
168	273	30	1
139	274	30	1
142	274	30	1
170	274	30	2
139	275	30	2
142	277	30	2
169	279	30	1
276	280	30	1
175	282	30	3
276	282	30	1
163	283	30	1
165	283	30	1
276	283	30	3
275	284	30	1
276	284	30	1
165	285	30	1
276	285	30	1
165	287	30	3
170	287	30	1
162	288	30	1
177	296	30	2
180	299	30	1
194	305	30	1
194	306	30	1
198	307	30	1
189	308	30	1
190	309	30	2
210	309	30	2
204	310	30	1
208	310	30	1
212	310	30	1
208	312	30	1
225	313	30	2
207	314	30	1
246	316	30	1
242	318	30	1
243	320	30	1
213	322	30	1
129	324	30	2
128	325	30	1
96	327	30	1
99	327	30	1
98	330	30	1
141	331	30	1
95	332	30	1
96	333	30	1
97	333	30	1
218	359	30	1
218	361	30	3
190	232	31	1
178	240	31	1
240	240	31	1
175	241	31	1
183	241	31	2
188	241	31	2
174	242	31	3
176	242	31	2
174	243	31	2
185	243	31	1
186	243	31	1
185	245	31	3
187	245	31	1
188	245	31	1
190	245	31	1
174	246	31	1
123	256	31	1
126	256	31	1
127	256	31	1
128	256	31	2
129	256	31	2
123	257	31	1
255	259	31	1
258	262	31	1
257	263	31	1
129	265	31	1
258	265	31	1
259	265	31	1
262	266	31	2
125	268	31	2
260	268	31	3
123	270	31	1
134	270	31	2
125	271	31	1
135	271	31	2
136	271	31	2
260	271	31	1
135	272	31	1
142	273	31	1
163	273	31	1
143	274	31	1
162	274	31	3
165	275	31	2
166	275	31	1
166	277	31	1
159	281	31	1
261	281	31	3
159	282	31	1
261	282	31	1
275	282	31	1
165	283	31	2
167	283	31	1
275	283	31	2
276	283	31	1
162	284	31	1
166	284	31	1
274	284	31	1
166	285	31	1
162	286	31	1
166	286	31	1
163	287	31	1
167	287	31	2
166	288	31	1
169	288	31	1
166	290	31	1
174	293	31	2
182	298	31	1
191	307	31	1
193	307	31	1
206	307	31	1
187	308	31	1
193	308	31	3
205	308	31	2
190	309	31	2
192	309	31	1
206	309	31	1
187	310	31	1
197	310	31	1
205	310	31	2
189	311	31	2
203	311	31	2
225	312	31	1
211	315	31	2
220	315	31	2
211	317	31	2
246	318	31	1
206	319	31	1
212	319	31	1
242	321	31	1
242	322	31	1
236	323	31	1
93	327	31	1
132	329	31	2
94	330	31	1
93	331	31	4
96	331	31	1
94	332	31	1
98	332	31	3
97	333	31	1
187	346	31	1
184	347	31	1
183	348	31	1
182	349	31	1
188	349	31	1
223	361	31	1
113	225	32	2
113	226	32	2
181	240	32	1
180	241	32	3
181	242	32	2
186	242	32	1
187	242	32	2
176	243	32	1
194	243	32	1
172	244	32	2
176	244	32	1
178	244	32	3
182	244	32	1
189	244	32	2
190	244	32	1
186	245	32	1
175	247	32	1
149	251	32	1
148	253	32	2
250	255	32	1
132	257	32	1
134	257	32	1
254	257	32	1
133	259	32	2
157	259	32	1
256	259	32	1
128	260	32	2
168	260	32	1
256	261	32	1
130	263	32	1
261	263	32	1
126	265	32	1
258	265	32	1
259	265	32	1
262	265	32	1
129	267	32	2
259	267	32	1
261	267	32	4
263	267	32	2
165	268	32	1
261	268	32	1
124	269	32	1
126	269	32	2
127	269	32	1
129	269	32	1
130	269	32	1
126	270	32	2
263	270	32	1
166	272	32	1
140	273	32	1
165	274	32	2
167	274	32	2
164	276	32	2
157	277	32	1
260	277	32	2
158	279	32	1
161	279	32	3
167	280	32	3
275	281	32	2
276	281	32	2
164	282	32	2
262	282	32	1
276	282	32	1
163	283	32	1
164	283	32	1
161	284	32	1
164	284	32	1
163	285	32	1
163	287	32	1
167	289	32	1
118	303	32	1
187	307	32	1
187	308	32	2
195	308	32	2
196	308	32	1
199	308	32	1
112	309	32	1
188	309	32	1
210	309	32	2
113	310	32	2
196	310	32	2
111	311	32	2
190	311	32	1
195	311	32	1
198	311	32	2
244	311	32	1
112	312	32	1
193	312	32	1
203	312	32	1
207	312	32	1
211	312	32	1
247	312	32	2
225	313	32	1
211	315	32	1
223	315	32	1
245	315	32	2
197	316	32	1
243	316	32	1
246	316	32	1
243	317	32	1
210	319	32	3
211	320	32	1
212	320	32	1
240	320	32	2
245	320	32	3
246	320	32	1
242	321	32	2
236	322	32	1
99	327	32	1
97	330	32	2
94	331	32	1
94	332	32	1
97	333	32	1
96	334	32	2
187	345	32	2
186	347	32	2
189	347	32	2
187	348	32	1
188	348	32	3
180	352	32	1
186	354	32	2
115	224	33	1
113	225	33	1
114	227	33	3
173	241	33	2
175	243	33	1
181	244	33	1
188	244	33	1
184	245	33	2
185	245	33	2
210	246	33	2
134	253	33	1
135	254	33	1
136	254	33	1
134	255	33	1
149	255	33	1
131	257	33	1
133	257	33	2
252	258	33	1
257	258	33	1
129	259	33	2
131	260	33	1
255	260	33	1
257	260	33	4
128	261	33	2
158	261	33	1
256	261	33	1
130	262	33	1
158	262	33	2
164	262	33	2
128	263	33	2
129	263	33	1
126	264	33	1
257	265	33	1
126	266	33	1
124	267	33	1
261	267	33	1
125	268	33	1
128	268	33	3
157	268	33	2
163	268	33	1
124	269	33	1
127	269	33	2
128	269	33	3
130	269	33	1
263	269	33	1
125	270	33	1
127	270	33	1
263	270	33	2
266	270	33	4
262	273	33	1
261	274	33	2
164	275	33	1
158	276	33	1
159	276	33	1
261	276	33	2
262	278	33	3
149	279	33	1
163	281	33	1
162	282	33	2
162	283	33	3
165	283	33	2
124	285	33	2
164	285	33	1
161	286	33	1
162	287	33	1
161	291	33	1
125	292	33	2
121	293	33	1
169	299	33	1
121	300	33	1
118	301	33	2
119	301	33	2
121	301	33	1
119	303	33	2
194	304	33	1
186	308	33	1
189	308	33	1
190	308	33	2
199	308	33	1
207	308	33	2
115	309	33	1
185	309	33	1
186	309	33	1
190	309	33	2
198	309	33	1
112	310	33	1
114	311	33	1
194	311	33	2
197	311	33	1
198	311	33	1
199	311	33	1
206	311	33	1
189	312	33	2
190	312	33	3
192	312	33	1
196	312	33	2
205	312	33	1
111	313	33	1
113	313	33	2
248	313	33	2
111	314	33	3
245	314	33	2
246	314	33	2
121	316	33	2
246	316	33	2
249	316	33	1
120	318	33	1
198	318	33	1
243	318	33	2
246	318	33	1
201	319	33	3
203	319	33	1
206	319	33	1
201	321	33	2
210	321	33	1
236	321	33	1
243	322	33	1
126	323	33	1
98	329	33	2
100	329	33	2
92	330	33	1
98	333	33	1
193	333	33	2
205	334	33	1
217	339	33	1
214	341	33	2
215	341	33	1
215	343	33	1
212	344	33	1
187	346	33	1
199	346	33	1
208	346	33	2
187	348	33	1
188	348	33	3
189	348	33	2
197	348	33	1
210	348	33	1
180	349	33	1
183	349	33	2
186	349	33	1
192	349	33	1
207	349	33	2
208	349	33	2
209	349	33	2
210	349	33	1
184	351	33	1
179	352	33	1
181	352	33	2
181	353	33	1
178	354	33	2
179	357	33	1
177	360	33	1
178	360	33	1
113	225	34	3
116	225	34	1
114	226	34	1
114	227	34	1
115	229	34	1
136	237	34	3
139	239	34	2
140	240	34	1
139	242	34	1
138	243	34	1
176	243	34	2
175	245	34	1
179	245	34	1
199	245	34	1
193	246	34	1
212	247	34	1
130	252	34	2
135	252	34	1
134	253	34	1
131	254	34	1
138	254	34	2
131	256	34	1
139	256	34	1
143	256	34	1
151	256	34	2
252	257	34	2
130	258	34	1
136	258	34	1
137	258	34	1
148	258	34	1
252	258	34	1
134	259	34	1
147	259	34	1
151	259	34	2
156	261	34	1
167	261	34	2
134	262	34	1
129	263	34	1
130	263	34	1
130	266	34	1
130	267	34	1
154	267	34	1
158	267	34	2
262	267	34	1
264	267	34	2
128	268	34	2
164	268	34	1
263	268	34	1
266	268	34	1
129	269	34	1
157	269	34	2
154	270	34	2
265	270	34	2
157	272	34	2
158	272	34	2
162	272	34	3
163	272	34	1
159	273	34	1
157	274	34	1
165	274	34	1
261	274	34	2
144	275	34	1
162	275	34	2
164	277	34	2
146	278	34	1
163	278	34	3
163	279	34	1
164	279	34	1
158	280	34	1
261	281	34	1
259	282	34	1
162	283	34	1
125	284	34	1
159	284	34	1
124	287	34	1
125	289	34	1
122	290	34	1
159	290	34	1
120	294	34	1
164	294	34	2
165	294	34	3
166	294	34	1
120	296	34	2
121	296	34	2
120	297	34	1
121	297	34	2
165	297	34	2
118	298	34	1
170	298	34	1
119	301	34	1
121	302	34	1
248	302	34	1
116	303	34	3
119	304	34	1
114	305	34	1
118	308	34	3
183	308	34	1
186	308	34	4
188	308	34	1
189	308	34	1
190	308	34	1
116	309	34	1
197	309	34	1
248	309	34	2
112	310	34	3
185	310	34	1
197	310	34	2
113	311	34	1
114	311	34	1
115	311	34	1
195	311	34	2
248	311	34	1
249	311	34	1
252	311	34	1
110	312	34	1
115	312	34	1
191	312	34	2
194	312	34	2
198	312	34	3
247	312	34	1
198	313	34	1
205	313	34	1
111	314	34	1
112	316	34	1
113	316	34	1
124	317	34	1
245	317	34	1
123	318	34	1
200	318	34	1
241	318	34	1
120	319	34	2
240	319	34	1
243	320	34	1
198	321	34	1
201	321	34	2
131	322	34	1
199	322	34	1
200	322	34	3
201	322	34	1
242	322	34	2
234	323	34	3
238	323	34	1
239	323	34	4
234	324	34	1
236	324	34	1
242	324	34	1
146	327	34	2
100	329	34	1
96	331	34	2
98	332	34	1
100	332	34	1
101	332	34	1
98	333	34	1
194	333	34	1
195	333	34	1
197	334	34	1
202	334	34	1
192	335	34	1
194	335	34	1
217	336	34	1
192	337	34	1
194	337	34	1
190	340	34	1
191	340	34	2
195	341	34	5
213	341	34	1
192	344	34	1
190	345	34	1
205	345	34	3
213	345	34	1
211	346	34	2
192	347	34	1
195	347	34	1
196	347	34	1
213	347	34	2
214	347	34	1
182	348	34	1
197	348	34	1
212	348	34	1
213	348	34	2
215	348	34	1
198	349	34	1
187	350	34	2
194	350	34	1
196	350	34	2
179	352	34	2
207	353	34	1
206	354	34	1
180	355	34	1
180	360	34	1
218	362	34	1
113	227	35	1
116	228	35	2
114	229	35	1
117	230	35	2
123	235	35	1
125	235	35	2
139	237	35	1
129	238	35	2
138	238	35	1
143	240	35	1
138	241	35	1
140	242	35	4
207	244	35	2
134	251	35	1
135	253	35	2
149	253	35	1
130	255	35	1
131	255	35	1
138	255	35	2
134	256	35	1
129	257	35	2
134	257	35	1
137	257	35	1
138	257	35	1
130	258	35	3
133	258	35	1
255	259	35	1
131	261	35	2
132	261	35	2
256	261	35	1
131	263	35	3
127	264	35	1
130	264	35	1
157	265	35	1
264	265	35	1
126	266	35	1
265	266	35	2
266	266	35	2
127	267	35	1
263	267	35	1
135	271	35	2
156	271	35	1
158	272	35	2
160	272	35	2
163	272	35	3
255	272	35	1
142	273	35	2
159	273	35	1
140	274	35	1
146	274	35	2
159	274	35	2
161	274	35	1
260	276	35	2
261	277	35	1
262	277	35	1
149	278	35	1
161	278	35	2
162	278	35	1
159	279	35	2
161	279	35	2
163	279	35	2
260	279	35	1
164	280	35	1
125	282	35	2
158	282	35	1
259	282	35	2
126	283	35	1
161	283	35	1
159	284	35	2
123	285	35	1
160	285	35	1
123	286	35	1
125	286	35	3
123	287	35	2
125	289	35	1
124	290	35	1
252	292	35	1
160	294	35	1
162	294	35	1
120	295	35	1
252	296	35	1
122	297	35	1
118	298	35	1
120	298	35	2
170	298	35	3
121	299	35	1
247	299	35	1
120	300	35	1
173	300	35	1
118	302	35	1
118	304	35	1
119	304	35	2
175	304	35	1
176	304	35	2
119	305	35	1
121	305	35	3
117	306	35	1
114	307	35	1
120	307	35	1
176	307	35	3
182	307	35	1
114	308	35	2
181	308	35	1
186	308	35	1
112	309	35	1
133	309	35	2
136	309	35	1
186	309	35	1
188	309	35	1
193	309	35	1
184	311	35	1
190	311	35	4
191	311	35	2
192	311	35	1
196	311	35	1
197	311	35	2
198	311	35	2
114	312	35	1
248	312	35	2
195	313	35	1
246	313	35	1
110	314	35	1
245	314	35	1
244	316	35	2
110	317	35	1
125	317	35	1
122	319	35	1
242	319	35	1
241	320	35	1
201	321	35	1
239	321	35	1
199	322	35	1
237	322	35	1
200	324	35	1
236	324	35	1
240	324	35	1
98	325	35	1
131	325	35	1
132	325	35	1
234	325	35	3
239	325	35	1
242	325	35	2
95	327	35	1
96	329	35	1
183	333	35	1
189	333	35	1
198	333	35	1
192	334	35	1
195	334	35	1
188	336	35	1
189	336	35	2
191	336	35	2
195	336	35	1
198	336	35	1
192	337	35	1
199	337	35	1
200	338	35	1
189	341	35	2
210	342	35	1
212	342	35	1
189	345	35	1
199	345	35	1
189	346	35	2
206	346	35	2
186	347	35	1
195	348	35	1
192	349	35	1
215	349	35	1
187	351	35	2
212	351	35	2
213	351	35	1
209	352	35	1
211	352	35	2
181	353	35	2
183	353	35	1
207	353	35	1
210	353	35	3
185	354	35	2
194	354	35	1
205	354	35	1
208	354	35	2
209	354	35	1
178	355	35	1
181	355	35	1
205	355	35	3
179	356	35	1
204	356	35	1
206	356	35	1
176	357	35	1
179	357	35	1
113	227	36	1
122	231	36	2
125	234	36	1
125	235	36	1
136	236	36	1
138	236	36	2
139	237	36	2
140	238	36	1
138	240	36	1
142	240	36	1
141	241	36	1
169	241	36	2
171	244	36	2
173	244	36	2
171	245	36	3
134	250	36	1
133	251	36	2
131	253	36	1
137	253	36	1
137	254	36	2
138	254	36	1
141	254	36	3
144	254	36	1
132	255	36	1
136	255	36	1
144	255	36	1
132	256	36	2
129	257	36	1
135	257	36	1
134	259	36	2
252	259	36	2
127	261	36	1
131	261	36	1
265	261	36	2
127	263	36	1
262	263	36	2
155	264	36	2
263	264	36	1
129	265	36	1
262	265	36	1
264	265	36	2
265	265	36	1
140	266	36	1
154	266	36	1
264	266	36	1
127	268	36	1
136	269	36	1
160	269	36	1
129	270	36	1
157	270	36	1
136	271	36	1
260	273	36	1
161	274	36	1
163	274	36	1
257	274	36	1
139	275	36	1
162	275	36	3
261	275	36	3
175	276	36	2
158	277	36	1
163	277	36	1
164	278	36	1
163	279	36	1
126	280	36	1
261	281	36	1
126	282	36	4
149	282	36	1
261	282	36	1
262	282	36	2
125	283	36	1
127	283	36	1
258	283	36	1
259	283	36	1
124	285	36	1
126	285	36	1
124	286	36	1
127	286	36	1
158	286	36	1
159	286	36	2
124	288	36	1
145	288	36	1
152	288	36	2
154	288	36	1
124	289	36	2
147	290	36	1
159	292	36	1
124	295	36	1
165	297	36	1
120	298	36	2
171	298	36	1
172	298	36	1
259	298	36	1
166	299	36	1
171	299	36	1
119	300	36	1
167	300	36	2
171	300	36	1
176	300	36	1
247	300	36	1
172	301	36	1
174	301	36	1
175	301	36	1
176	301	36	1
176	302	36	1
177	302	36	1
120	303	36	1
175	303	36	1
115	304	36	2
179	304	36	1
118	305	36	1
249	305	36	1
115	306	36	3
118	306	36	1
121	306	36	2
113	307	36	2
112	308	36	2
185	308	36	3
115	309	36	3
186	309	36	1
189	309	36	1
114	310	36	3
184	310	36	2
185	310	36	1
189	310	36	2
190	310	36	1
110	311	36	1
194	311	36	1
249	311	36	1
252	311	36	1
109	313	36	1
110	313	36	1
122	315	36	1
259	317	36	4
228	320	36	2
137	321	36	1
239	321	36	1
240	321	36	2
129	322	36	2
130	322	36	2
238	322	36	1
196	324	36	2
240	324	36	1
126	326	36	2
233	326	36	1
127	328	36	3
183	332	36	2
185	333	36	1
186	333	36	1
186	334	36	1
186	335	36	2
148	337	36	1
199	337	36	1
150	338	36	1
211	339	36	2
209	340	36	3
210	340	36	1
211	340	36	2
212	340	36	2
213	340	36	1
212	341	36	1
189	343	36	1
200	344	36	1
189	346	36	3
191	347	36	1
197	348	36	1
213	348	36	2
214	348	36	1
209	349	36	1
214	350	36	1
214	351	36	1
210	352	36	1
211	353	36	2
213	353	36	2
182	354	36	1
185	354	36	3
203	355	36	2
207	355	36	3
208	355	36	1
210	355	36	1
179	356	36	1
182	356	36	1
176	357	36	1
177	357	36	4
179	357	36	1
205	357	36	2
177	359	36	2
203	361	36	3
123	225	37	1
124	230	37	1
125	230	37	2
128	233	37	1
138	233	37	3
126	234	37	1
119	235	37	1
127	235	37	1
134	235	37	1
137	236	37	1
118	237	37	2
143	237	37	1
138	238	37	1
139	238	37	1
135	239	37	1
143	239	37	1
167	240	37	3
169	240	37	1
141	241	37	3
167	241	37	1
173	241	37	1
125	242	37	1
165	242	37	1
138	243	37	1
139	243	37	1
144	243	37	2
175	243	37	1
137	244	37	1
169	244	37	1
170	244	37	1
175	245	37	2
137	252	37	1
133	253	37	1
140	253	37	1
141	253	37	1
145	253	37	1
132	254	37	3
133	254	37	1
143	254	37	1
144	254	37	2
133	255	37	1
146	255	37	2
132	256	37	2
148	256	37	1
207	256	37	1
132	257	37	1
129	258	37	1
130	260	37	1
134	260	37	2
244	260	37	2
129	261	37	1
133	261	37	1
129	262	37	1
133	262	37	2
133	263	37	1
142	263	37	1
148	263	37	2
142	264	37	2
144	265	37	2
155	265	37	1
262	265	37	2
263	265	37	1
147	266	37	1
154	268	37	1
145	269	37	1
151	269	37	1
162	269	37	2
150	270	37	2
158	271	37	1
146	272	37	1
249	272	37	2
251	272	37	1
254	272	37	1
161	273	37	1
132	274	37	1
160	274	37	1
145	275	37	3
136	276	37	1
258	276	37	1
163	277	37	1
163	278	37	1
127	281	37	2
161	281	37	1
258	281	37	1
259	282	37	2
124	284	37	1
127	284	37	1
161	284	37	2
126	286	37	1
146	286	37	1
126	288	37	2
155	288	37	1
126	289	37	1
148	289	37	1
256	292	37	1
159	293	37	2
256	293	37	1
259	293	37	1
259	295	37	2
168	299	37	2
173	299	37	1
172	300	37	1
173	300	37	1
175	300	37	2
173	301	37	1
177	301	37	1
247	301	37	1
176	302	37	1
174	303	37	1
176	303	37	2
121	304	37	1
113	306	37	1
116	306	37	1
116	308	37	1
183	308	37	1
181	309	37	2
188	309	37	2
252	309	37	1
112	310	37	1
114	310	37	1
188	311	37	2
191	312	37	1
194	312	37	1
111	314	37	1
121	314	37	3
196	314	37	1
149	315	37	1
150	315	37	2
118	316	37	1
152	316	37	1
256	316	37	1
117	317	37	1
153	317	37	2
119	318	37	1
152	318	37	1
153	318	37	2
115	319	37	1
116	319	37	3
117	319	37	1
146	319	37	1
116	320	37	3
131	320	37	1
143	321	37	1
137	322	37	3
138	324	37	1
192	324	37	1
238	324	37	2
134	325	37	3
181	332	37	1
185	334	37	2
148	335	37	1
211	337	37	1
208	341	37	2
213	341	37	2
210	342	37	1
211	342	37	2
200	344	37	1
199	345	37	1
189	346	37	2
203	346	37	1
213	347	37	3
214	347	37	2
209	348	37	1
212	348	37	4
188	349	37	1
210	350	37	1
211	350	37	1
214	350	37	2
214	351	37	2
215	352	37	1
186	353	37	1
209	353	37	1
183	354	37	1
205	354	37	1
207	356	37	1
208	356	37	1
205	357	37	2
180	358	37	1
114	218	38	1
125	223	38	1
123	225	38	2
125	225	38	2
126	225	38	2
126	227	38	1
125	230	38	1
126	230	38	1
137	231	38	2
140	231	38	2
122	232	38	1
138	232	38	1
173	232	38	1
117	233	38	1
129	233	38	4
135	233	38	1
138	233	38	1
114	234	38	1
129	234	38	2
135	234	38	2
170	234	38	2
136	235	38	2
139	235	38	3
197	235	38	1
134	236	38	2
143	237	38	1
143	238	38	1
197	238	38	1
126	239	38	2
137	239	38	2
166	239	38	2
168	239	38	1
162	240	38	1
163	240	38	1
164	240	38	3
167	240	38	1
169	240	38	1
128	241	38	2
143	241	38	1
199	241	38	3
126	242	38	2
144	242	38	1
167	242	38	1
171	242	38	3
127	243	38	1
168	243	38	2
174	243	38	1
121	244	38	1
139	244	38	1
172	244	38	1
173	244	38	1
125	245	38	1
167	245	38	2
168	245	38	2
175	245	38	1
170	246	38	2
173	246	38	1
174	246	38	2
175	246	38	1
140	248	38	3
169	248	38	2
132	251	38	1
131	252	38	2
170	252	38	2
233	252	38	1
236	252	38	1
135	253	38	3
139	253	38	2
147	253	38	2
143	254	38	1
152	254	38	1
134	255	38	2
136	255	38	2
140	255	38	1
134	256	38	1
142	256	38	2
151	256	38	2
146	258	38	1
166	258	38	4
207	258	38	1
250	258	38	1
132	259	38	1
146	259	38	1
169	259	38	2
130	260	38	1
134	260	38	1
143	260	38	1
144	260	38	1
130	261	38	2
139	261	38	1
149	261	38	3
170	261	38	2
260	261	38	1
137	262	38	1
143	262	38	1
149	262	38	2
128	263	38	2
147	263	38	1
150	263	38	3
153	263	38	1
158	263	38	1
164	263	38	1
167	263	38	3
260	263	38	1
263	263	38	2
131	264	38	1
147	264	38	1
151	264	38	1
152	264	38	1
153	264	38	3
166	264	38	1
143	265	38	1
146	265	38	1
154	265	38	1
156	265	38	1
165	265	38	1
152	266	38	1
143	267	38	1
262	267	38	1
152	268	38	1
261	268	38	1
136	269	38	1
142	270	38	2
140	271	38	1
141	271	38	2
247	271	38	1
133	272	38	1
141	272	38	1
145	272	38	1
147	272	38	3
251	272	38	1
253	272	38	2
254	272	38	1
136	273	38	1
139	273	38	2
144	273	38	1
145	273	38	1
138	274	38	1
252	274	38	1
129	275	38	3
129	276	38	1
147	276	38	1
163	276	38	1
131	277	38	2
140	277	38	1
143	277	38	5
152	277	38	1
161	277	38	1
164	277	38	1
160	278	38	1
164	278	38	2
126	280	38	1
128	280	38	2
140	280	38	3
128	281	38	1
129	281	38	1
137	281	38	1
139	281	38	2
161	281	38	2
132	282	38	1
135	282	38	1
160	283	38	1
125	284	38	1
126	284	38	3
136	284	38	1
159	284	38	1
125	285	38	2
127	285	38	1
129	285	38	2
153	286	38	1
126	288	38	1
154	288	38	1
155	288	38	1
156	288	38	1
157	290	38	1
155	294	38	1
255	294	38	1
258	294	38	2
120	295	38	1
254	295	38	2
157	296	38	1
260	296	38	1
121	297	38	1
259	297	38	3
170	298	38	1
172	298	38	2
177	300	38	2
179	300	38	2
172	302	38	1
125	303	38	1
260	303	38	3
125	304	38	1
177	304	38	1
182	304	38	1
261	304	38	1
115	306	38	2
180	306	38	2
114	307	38	2
257	307	38	2
125	310	38	1
259	310	38	1
260	310	38	1
122	314	38	2
119	315	38	1
148	315	38	1
116	316	38	1
118	316	38	1
119	316	38	2
140	316	38	1
146	316	38	1
152	316	38	1
115	317	38	2
117	317	38	1
153	317	38	1
116	318	38	1
120	318	38	2
143	318	38	1
151	318	38	3
117	319	38	1
136	319	38	1
113	320	38	1
116	320	38	1
138	320	38	2
140	320	38	2
146	320	38	1
113	321	38	2
144	322	38	1
126	323	38	2
140	323	38	1
181	324	38	2
241	324	38	1
242	325	38	1
242	326	38	2
240	328	38	1
157	329	38	1
148	330	38	1
152	332	38	1
150	333	38	1
152	333	38	2
177	333	38	1
155	334	38	1
179	334	38	2
186	334	38	1
189	334	38	1
148	335	38	2
210	339	38	1
211	339	38	1
215	339	38	1
211	341	38	1
191	343	38	1
197	345	38	3
212	345	38	1
188	346	38	2
189	346	38	1
190	346	38	1
192	346	38	1
247	346	38	1
248	346	38	2
189	347	38	1
214	347	38	1
247	347	38	1
190	348	38	3
180	354	38	1
184	354	38	1
209	354	38	2
212	354	38	1
208	355	38	1
176	356	38	1
177	356	38	2
207	356	38	1
208	356	38	1
176	357	38	1
181	357	38	1
171	358	38	3
207	358	38	2
191	361	38	3
193	361	38	1
196	363	38	2
115	218	39	1
113	220	39	1
111	221	39	1
119	223	39	3
125	223	39	1
118	224	39	1
120	224	39	1
126	226	39	1
136	226	39	1
134	228	39	1
147	228	39	1
149	228	39	1
175	228	39	2
136	229	39	1
144	229	39	2
172	230	39	1
121	231	39	1
128	233	39	2
140	233	39	3
194	233	39	1
199	233	39	1
202	234	39	1
119	235	39	1
140	235	39	1
154	235	39	3
168	235	39	1
144	236	39	1
195	236	39	1
198	236	39	1
120	237	39	2
136	237	39	1
138	237	39	3
140	237	39	1
161	237	39	1
198	237	39	2
145	238	39	1
199	238	39	2
201	238	39	3
135	239	39	2
139	239	39	2
161	239	39	1
127	240	39	1
135	240	39	1
139	240	39	1
144	240	39	2
166	240	39	1
196	240	39	1
197	240	39	1
125	241	39	1
128	241	39	1
137	241	39	1
142	241	39	1
145	241	39	1
126	242	39	2
127	242	39	2
171	242	39	2
125	243	39	3
128	243	39	1
133	243	39	2
166	243	39	1
171	243	39	1
174	243	39	1
124	244	39	1
139	244	39	1
143	244	39	1
167	244	39	2
169	244	39	1
176	244	39	1
139	245	39	1
168	245	39	1
175	245	39	1
177	245	39	4
127	246	39	1
125	247	39	1
123	248	39	1
129	248	39	1
133	249	39	2
140	249	39	1
135	250	39	1
140	250	39	2
136	251	39	2
137	251	39	3
134	252	39	2
143	252	39	1
237	252	39	1
132	253	39	2
135	253	39	1
136	253	39	2
168	253	39	1
142	254	39	1
151	254	39	1
153	254	39	2
154	254	39	2
168	254	39	1
136	255	39	1
152	255	39	1
153	255	39	1
133	257	39	1
136	257	39	1
138	257	39	1
139	257	39	1
141	257	39	2
254	257	39	1
168	258	39	2
136	259	39	1
137	259	39	1
138	259	39	3
144	259	39	2
147	259	39	1
149	259	39	1
211	259	39	1
252	259	39	1
130	260	39	1
150	260	39	1
159	260	39	2
168	260	39	1
255	260	39	2
130	261	39	1
141	261	39	2
142	261	39	2
148	261	39	2
150	261	39	1
151	261	39	1
167	261	39	1
205	261	39	4
252	261	39	2
254	261	39	1
131	262	39	1
146	262	39	1
148	262	39	3
156	262	39	1
261	262	39	1
262	262	39	2
129	263	39	1
132	263	39	4
139	263	39	3
146	263	39	1
150	263	39	1
154	263	39	1
157	263	39	1
167	263	39	1
262	263	39	1
142	264	39	1
151	264	39	1
152	264	39	1
153	264	39	1
154	264	39	1
155	264	39	1
165	264	39	1
263	264	39	1
146	265	39	2
147	265	39	1
155	265	39	2
167	265	39	2
130	266	39	2
145	266	39	2
147	266	39	3
153	266	39	1
163	266	39	3
156	267	39	1
131	268	39	1
135	268	39	2
147	268	39	3
167	268	39	1
144	269	39	1
134	270	39	2
142	270	39	2
146	270	39	2
167	270	39	1
245	270	39	1
144	271	39	2
247	271	39	1
135	272	39	1
143	272	39	1
166	272	39	4
227	272	39	1
251	272	39	1
252	272	39	1
134	273	39	1
146	273	39	1
151	273	39	2
132	274	39	1
139	274	39	1
141	274	39	1
142	274	39	1
146	274	39	1
162	274	39	1
254	274	39	1
129	275	39	1
130	275	39	1
131	275	39	1
141	275	39	1
144	275	39	1
146	275	39	3
133	276	39	2
138	276	39	2
142	276	39	5
164	276	39	1
233	276	39	1
131	277	39	1
133	277	39	1
140	277	39	1
144	277	39	1
145	277	39	2
147	277	39	1
149	277	39	1
153	277	39	1
129	278	39	1
144	278	39	1
164	278	39	3
128	279	39	2
130	279	39	1
141	279	39	1
142	279	39	1
143	279	39	4
145	279	39	2
163	279	39	1
135	280	39	2
145	280	39	1
162	280	39	1
138	281	39	1
151	281	39	1
130	282	39	2
133	282	39	2
136	282	39	2
125	283	39	1
130	283	39	1
136	283	39	1
133	284	39	1
157	284	39	1
137	285	39	1
158	286	39	2
173	286	39	2
132	287	39	2
134	287	39	2
154	287	39	1
136	288	39	1
157	288	39	1
135	289	39	1
254	290	39	1
257	290	39	1
134	293	39	1
248	293	39	2
140	294	39	1
170	294	39	2
263	294	39	1
170	295	39	2
249	295	39	4
174	296	39	1
121	297	39	1
250	297	39	1
134	298	39	1
171	298	39	1
171	299	39	1
174	299	39	2
165	300	39	1
260	300	39	3
120	301	39	1
172	301	39	1
177	301	39	1
131	302	39	1
172	302	39	1
180	302	39	1
174	303	39	1
177	303	39	1
178	303	39	2
126	304	39	1
172	304	39	1
175	304	39	2
259	304	39	1
174	305	39	1
177	305	39	1
259	305	39	2
126	306	39	1
177	306	39	2
179	306	39	2
126	307	39	2
181	307	39	2
260	310	39	1
124	311	39	1
138	314	39	2
145	314	39	1
149	316	39	2
115	317	39	2
139	317	39	1
141	317	39	1
113	318	39	1
114	318	39	2
116	318	39	2
141	318	39	2
144	318	39	2
150	318	39	1
117	320	39	1
139	320	39	1
140	320	39	1
144	320	39	1
149	321	39	1
179	321	39	3
180	321	39	1
241	324	39	3
242	325	39	1
240	328	39	2
238	329	39	1
153	330	39	1
153	331	39	4
186	331	39	2
218	331	39	1
221	331	39	1
240	331	39	1
153	332	39	5
157	332	39	1
187	332	39	1
191	332	39	1
221	332	39	2
152	333	39	1
154	333	39	1
161	333	39	1
178	333	39	1
193	333	39	2
151	334	39	1
154	334	39	2
156	335	39	1
154	336	39	1
157	337	39	1
195	337	39	1
152	338	39	4
214	339	39	1
215	340	39	1
211	341	39	1
214	341	39	1
207	343	39	1
191	344	39	1
208	346	39	1
248	346	39	2
190	347	39	1
191	347	39	1
211	347	39	1
247	347	39	1
191	348	39	1
211	348	39	2
213	348	39	1
190	349	39	1
208	349	39	1
209	349	39	1
217	349	39	1
209	352	39	1
213	352	39	2
215	353	39	4
211	354	39	2
214	354	39	1
177	355	39	1
214	355	39	2
207	356	39	1
176	357	39	1
177	357	39	3
212	357	39	2
192	359	39	3
192	361	39	1
201	362	39	1
114	218	40	1
113	219	40	1
112	220	40	1
121	222	40	3
120	224	40	2
136	226	40	1
140	229	40	1
141	229	40	1
150	229	40	3
137	230	40	1
138	230	40	1
199	231	40	1
203	231	40	1
198	233	40	3
201	233	40	1
118	234	40	1
141	234	40	2
139	235	40	1
195	235	40	2
202	235	40	1
120	236	40	2
142	236	40	1
146	236	40	1
168	236	40	1
202	236	40	1
136	237	40	1
140	237	40	1
162	237	40	1
163	237	40	1
197	237	40	2
198	237	40	1
203	237	40	1
143	238	40	4
154	238	40	1
159	238	40	1
160	238	40	1
166	238	40	1
167	238	40	1
195	238	40	2
197	238	40	2
136	239	40	1
139	239	40	2
143	239	40	1
160	239	40	2
136	240	40	1
143	240	40	1
145	240	40	1
125	241	40	2
162	241	40	1
164	241	40	2
125	242	40	1
126	242	40	1
133	242	40	2
134	242	40	1
143	242	40	1
168	242	40	1
170	242	40	2
127	243	40	1
140	243	40	1
165	243	40	1
176	243	40	1
176	244	40	1
126	245	40	1
140	245	40	1
163	245	40	2
173	245	40	2
126	246	40	2
178	246	40	1
174	247	40	1
121	248	40	1
126	248	40	1
137	248	40	1
174	248	40	2
230	251	40	1
232	251	40	1
231	252	40	1
240	252	40	1
139	253	40	3
139	254	40	2
134	255	40	1
137	255	40	1
138	255	40	2
140	255	40	1
127	256	40	1
137	256	40	1
143	256	40	3
212	256	40	1
132	257	40	2
134	257	40	1
136	257	40	1
139	257	40	3
147	257	40	1
156	257	40	2
134	258	40	2
142	258	40	1
151	258	40	1
174	258	40	2
145	259	40	1
147	259	40	2
156	259	40	1
160	259	40	1
162	259	40	2
176	259	40	1
204	259	40	1
254	259	40	2
132	260	40	3
147	260	40	1
154	260	40	1
157	260	40	2
140	261	40	2
149	261	40	2
151	261	40	1
161	261	40	1
167	261	40	1
250	261	40	1
130	262	40	1
139	262	40	2
140	262	40	1
143	262	40	2
144	262	40	1
146	262	40	1
153	262	40	1
154	262	40	1
159	262	40	2
167	262	40	1
168	262	40	1
222	262	40	1
249	262	40	1
150	263	40	2
157	263	40	2
167	263	40	1
234	263	40	1
130	264	40	2
157	264	40	3
158	264	40	4
163	264	40	1
168	264	40	1
144	265	40	1
151	265	40	3
155	265	40	1
156	265	40	1
164	265	40	2
165	265	40	1
222	265	40	2
142	266	40	2
152	266	40	1
157	266	40	1
167	266	40	1
256	266	40	2
147	268	40	1
246	268	40	2
253	268	40	3
139	269	40	3
151	269	40	2
152	269	40	1
167	269	40	1
252	269	40	1
144	270	40	2
150	270	40	1
164	270	40	1
137	271	40	1
138	271	40	2
146	271	40	1
148	271	40	1
135	272	40	1
143	272	40	1
144	272	40	2
165	272	40	2
231	272	40	1
245	272	40	3
247	272	40	1
248	272	40	1
140	273	40	2
146	273	40	1
150	273	40	1
156	273	40	2
164	273	40	1
166	273	40	1
167	273	40	2
145	274	40	1
147	274	40	1
154	274	40	1
156	274	40	1
132	275	40	2
137	275	40	3
138	275	40	1
139	275	40	1
150	275	40	2
129	276	40	1
131	276	40	2
136	276	40	2
142	276	40	1
144	276	40	1
147	276	40	1
163	276	40	1
136	277	40	1
143	277	40	2
129	278	40	1
134	278	40	1
141	278	40	1
145	278	40	2
151	278	40	1
157	278	40	1
163	278	40	1
143	279	40	1
148	279	40	1
149	279	40	1
134	280	40	1
139	280	40	2
142	280	40	2
152	280	40	1
161	280	40	2
129	281	40	3
135	281	40	1
142	282	40	1
150	282	40	2
159	282	40	1
139	283	40	1
157	283	40	1
140	284	40	1
142	284	40	2
158	284	40	1
135	285	40	3
158	286	40	1
133	287	40	2
156	287	40	1
135	288	40	1
258	288	40	1
135	291	40	1
139	291	40	1
257	291	40	1
133	292	40	2
138	292	40	1
133	293	40	2
140	293	40	1
163	294	40	2
254	294	40	1
162	295	40	2
123	296	40	1
130	296	40	1
134	296	40	1
133	297	40	1
149	297	40	3
134	298	40	1
136	298	40	2
162	298	40	1
169	298	40	1
169	299	40	1
260	300	40	1
140	301	40	1
168	301	40	1
169	301	40	1
177	301	40	1
250	301	40	1
130	302	40	2
171	302	40	3
129	303	40	2
175	303	40	1
182	303	40	1
259	303	40	3
139	304	40	1
169	304	40	1
171	304	40	2
125	305	40	1
140	305	40	1
172	306	40	2
182	307	40	2
139	308	40	1
124	309	40	2
125	310	40	1
119	312	40	1
121	312	40	1
147	315	40	1
115	316	40	1
119	316	40	1
145	316	40	1
147	317	40	4
116	318	40	1
117	318	40	2
146	318	40	1
148	318	40	4
115	319	40	1
116	319	40	1
117	319	40	1
177	323	40	2
174	326	40	2
249	326	40	2
186	327	40	3
242	327	40	1
239	328	40	2
242	328	40	1
149	329	40	1
240	329	40	1
175	330	40	2
189	330	40	1
243	330	40	2
148	331	40	1
154	331	40	1
177	331	40	1
189	331	40	1
221	331	40	1
156	332	40	1
181	332	40	1
188	332	40	2
216	332	40	2
218	332	40	2
220	332	40	1
150	333	40	1
154	333	40	2
156	333	40	1
158	333	40	2
179	333	40	1
240	333	40	1
151	334	40	2
153	334	40	1
154	334	40	1
191	334	40	1
156	335	40	1
219	335	40	1
244	335	40	1
247	335	40	1
150	336	40	4
153	336	40	1
158	337	40	1
153	338	40	2
216	338	40	3
156	339	40	3
213	340	40	3
208	341	40	2
216	341	40	1
221	341	40	1
210	342	40	1
215	342	40	1
220	342	40	1
222	342	40	2
196	343	40	3
197	343	40	1
208	343	40	1
210	343	40	1
221	343	40	1
232	343	40	2
204	344	40	1
209	344	40	2
193	345	40	1
196	345	40	1
211	345	40	1
203	347	40	1
208	348	40	2
210	349	40	1
220	349	40	2
215	351	40	1
235	351	40	2
211	352	40	1
212	352	40	1
212	353	40	1
214	353	40	3
173	356	40	2
177	356	40	2
204	359	40	2
173	360	40	1
206	361	40	1
113	220	41	2
111	221	41	1
110	222	41	1
144	225	41	1
135	227	41	1
141	227	41	1
136	229	41	1
136	230	41	2
141	231	41	1
143	232	41	1
198	233	41	1
140	234	41	1
201	235	41	1
138	236	41	1
141	236	41	1
142	236	41	1
151	236	41	1
161	236	41	1
201	236	41	1
204	236	41	1
140	237	41	1
142	237	41	1
158	237	41	2
160	237	41	1
164	237	41	2
165	237	41	1
202	237	41	3
141	238	41	1
164	238	41	1
144	239	41	1
162	239	41	1
200	239	41	2
201	239	41	1
129	240	41	1
139	240	41	2
162	240	41	1
127	241	41	1
129	241	41	5
140	241	41	1
143	241	41	1
164	241	41	1
166	241	41	1
167	241	41	1
134	242	41	2
135	242	41	1
137	242	41	2
140	242	41	2
141	242	41	1
129	243	41	1
138	243	41	1
139	243	41	3
125	244	41	1
127	244	41	1
166	244	41	1
167	244	41	2
168	244	41	2
173	244	41	1
128	245	41	1
126	246	41	3
166	246	41	2
124	247	41	2
178	247	41	3
122	248	41	1
173	248	41	1
130	249	41	1
133	249	41	1
231	250	41	1
232	250	41	1
123	252	41	3
141	252	41	2
143	252	41	1
229	252	41	1
142	253	41	1
143	253	41	1
232	253	41	1
144	254	41	1
243	254	41	1
119	255	41	1
152	255	41	1
214	255	41	3
120	256	41	1
140	256	41	1
143	256	41	1
137	257	41	1
143	257	41	1
155	257	41	1
158	257	41	1
177	257	41	1
178	257	41	1
254	257	41	1
138	258	41	2
146	258	41	2
153	258	41	1
154	258	41	1
155	258	41	2
177	258	41	2
211	258	41	3
139	259	41	1
146	259	41	1
148	259	41	4
173	259	41	1
213	259	41	1
146	260	41	3
148	260	41	2
150	260	41	1
154	260	41	1
158	260	41	2
175	260	41	3
176	260	41	1
210	260	41	1
253	260	41	1
143	261	41	2
144	261	41	1
148	261	41	1
149	261	41	1
151	261	41	2
160	261	41	2
167	261	41	1
210	261	41	1
250	261	41	1
254	261	41	1
119	262	41	1
139	262	41	2
144	262	41	3
146	262	41	2
159	262	41	2
163	262	41	1
168	262	41	1
172	262	41	1
173	262	41	1
175	262	41	2
207	262	41	1
251	262	41	3
143	263	41	1
151	263	41	2
162	263	41	1
168	263	41	1
204	263	41	1
234	263	41	1
143	264	41	1
145	264	41	1
148	264	41	1
149	264	41	1
171	264	41	1
210	264	41	1
249	264	41	2
124	265	41	1
149	265	41	3
152	265	41	1
256	265	41	1
120	266	41	2
143	266	41	1
150	266	41	1
153	266	41	1
167	266	41	1
168	266	41	2
135	267	41	1
247	267	41	1
142	268	41	1
145	268	41	1
146	268	41	4
147	268	41	1
164	268	41	1
248	268	41	3
144	269	41	1
203	269	41	1
247	269	41	1
251	269	41	1
254	269	41	1
132	270	41	2
135	270	41	2
140	270	41	2
247	270	41	1
144	271	41	2
151	271	41	1
153	271	41	1
154	271	41	1
218	271	41	1
247	271	41	1
140	272	41	1
147	272	41	1
151	272	41	1
154	272	41	1
219	272	41	1
220	272	41	2
146	273	41	1
150	273	41	3
155	273	41	1
134	274	41	1
146	274	41	2
147	274	41	1
148	274	41	1
151	274	41	1
153	274	41	1
156	274	41	2
164	274	41	1
130	275	41	1
136	275	41	1
151	275	41	1
157	275	41	2
130	276	41	2
139	276	41	1
141	276	41	2
146	276	41	1
155	276	41	1
156	276	41	1
211	276	41	1
129	277	41	1
131	277	41	2
138	277	41	3
142	277	41	1
136	278	41	2
142	278	41	3
149	278	41	1
150	278	41	2
153	278	41	2
164	278	41	3
247	278	41	2
129	279	41	1
133	279	41	1
138	279	41	2
133	280	41	3
141	280	41	2
144	280	41	1
148	280	41	2
153	280	41	2
154	280	41	1
162	280	41	1
130	282	41	1
136	283	41	3
151	283	41	2
160	283	41	2
218	283	41	1
138	284	41	2
141	284	41	1
142	284	41	1
156	284	41	1
215	284	41	2
155	285	41	1
218	285	41	2
219	285	41	1
158	286	41	1
160	286	41	1
140	287	41	1
141	287	41	1
156	287	41	1
137	288	41	1
139	288	41	1
157	288	41	1
155	289	41	1
134	290	41	1
154	290	41	2
135	291	41	1
130	292	41	1
157	292	41	1
132	293	41	1
134	293	41	1
139	293	41	1
132	294	41	1
142	294	41	1
131	295	41	1
140	295	41	2
254	295	41	1
143	296	41	1
150	296	41	2
137	297	41	1
162	297	41	1
165	297	41	1
171	297	41	2
252	297	41	1
138	298	41	2
93	299	41	2
128	299	41	1
167	299	41	2
169	299	41	1
164	300	41	1
249	300	41	2
260	300	41	3
127	301	41	3
167	301	41	1
172	301	41	4
97	302	41	1
125	302	41	1
128	302	41	1
131	302	41	1
134	302	41	1
167	302	41	2
168	302	41	1
171	302	41	1
123	303	41	2
130	303	41	1
138	303	41	1
139	303	41	1
144	303	41	1
170	303	41	1
181	303	41	1
261	303	41	1
122	304	41	1
125	304	41	3
132	304	41	2
133	304	41	1
127	305	41	2
131	305	41	1
140	305	41	2
182	305	41	2
259	305	41	1
130	306	41	1
132	306	41	1
171	306	41	1
125	307	41	1
129	307	41	1
127	308	41	1
129	308	41	1
124	309	41	2
140	309	41	1
143	310	41	2
119	314	41	1
142	315	41	1
139	317	41	1
141	317	41	1
139	319	41	1
143	319	41	1
138	320	41	2
150	320	41	2
141	321	41	3
150	321	41	1
137	322	41	2
179	322	41	1
176	323	41	1
133	324	41	1
179	324	41	1
248	324	41	1
149	325	41	1
247	325	41	1
134	326	41	2
149	326	41	1
179	326	41	2
181	327	41	2
244	327	41	1
249	327	41	1
131	328	41	1
156	328	41	1
167	328	41	1
239	328	41	1
242	328	41	1
130	329	41	1
148	329	41	1
179	329	41	1
186	329	41	2
249	329	41	1
126	330	41	2
133	330	41	1
155	330	41	2
175	330	41	1
181	330	41	1
184	330	41	1
242	330	41	1
243	330	41	1
251	330	41	2
155	331	41	1
158	331	41	2
170	331	41	1
174	331	41	1
175	331	41	1
187	331	41	2
238	331	41	2
241	331	41	1
243	331	41	2
157	332	41	2
165	332	41	1
176	332	41	1
180	332	41	1
189	332	41	1
192	332	41	1
240	332	41	1
241	332	41	2
134	333	41	1
216	333	41	1
217	333	41	2
189	334	41	1
216	334	41	1
218	334	41	2
244	334	41	1
150	335	41	1
154	335	41	1
164	335	41	1
242	335	41	2
152	336	41	3
157	336	41	1
215	336	41	2
246	336	41	1
126	337	41	2
127	337	41	1
248	337	41	2
251	337	41	1
152	338	41	2
222	338	41	1
158	339	41	1
214	339	41	4
247	339	41	1
152	340	41	1
194	340	41	2
216	340	41	1
213	341	41	2
210	342	41	1
215	342	41	1
208	343	41	2
211	344	41	1
196	345	41	1
249	345	41	1
205	346	41	1
218	346	41	1
221	347	41	5
231	347	41	1
232	347	41	1
248	347	41	2
220	350	41	2
233	351	41	1
237	351	41	2
171	359	41	3
206	359	41	2
207	360	41	1
199	363	41	1
200	363	41	1
136	228	42	1
138	228	42	2
139	228	42	1
136	229	42	2
138	230	42	1
139	231	42	1
135	232	42	1
137	233	42	1
140	233	42	1
140	235	42	1
201	235	42	1
202	235	42	1
203	235	42	3
143	236	42	1
199	236	42	1
139	237	42	1
158	237	42	1
159	237	42	1
165	237	42	2
141	238	42	1
167	238	42	1
204	239	42	1
166	240	42	1
142	241	42	1
169	242	42	2
170	242	42	1
129	243	42	1
176	244	42	1
184	244	42	1
126	245	42	3
126	247	42	1
177	252	42	1
140	254	42	2
176	254	42	2
120	256	42	1
144	256	42	1
151	256	42	1
158	256	42	1
212	256	42	1
141	257	42	1
147	257	42	1
149	257	42	1
156	257	42	1
157	257	42	2
173	257	42	1
174	257	42	1
212	257	42	2
213	257	42	1
151	258	42	1
172	258	42	1
175	258	42	1
208	258	42	1
210	258	42	1
212	258	42	1
213	258	42	1
139	259	42	1
148	259	42	1
158	259	42	2
160	259	42	1
173	259	42	1
248	259	42	1
153	260	42	1
157	260	42	3
169	260	42	1
171	260	42	1
172	260	42	1
154	261	42	1
155	261	42	2
167	261	42	1
173	261	42	1
174	261	42	4
175	261	42	1
149	262	42	1
155	262	42	1
175	262	42	1
149	263	42	3
150	263	42	2
165	263	42	1
249	263	42	2
121	264	42	2
143	264	42	1
147	264	42	2
152	264	42	1
156	264	42	1
157	264	42	1
168	264	42	2
144	265	42	1
145	265	42	2
145	266	42	1
147	266	42	1
155	266	42	1
147	267	42	2
149	267	42	1
254	267	42	1
141	268	42	1
143	268	42	1
146	268	42	1
151	268	42	2
141	269	42	1
144	269	42	1
132	270	42	2
142	270	42	2
155	270	42	1
146	271	42	1
141	272	42	1
143	272	42	1
145	272	42	1
213	272	42	2
131	273	42	1
154	273	42	1
142	274	42	1
144	274	42	1
154	274	42	1
156	274	42	1
250	274	42	2
134	275	42	2
143	275	42	1
144	275	42	2
148	275	42	1
165	275	42	1
250	275	42	1
134	276	42	1
143	276	42	1
146	276	42	1
153	276	42	1
156	276	42	2
138	277	42	2
140	277	42	2
142	277	42	3
146	277	42	4
155	277	42	1
158	277	42	1
132	278	42	1
144	278	42	3
162	278	42	1
147	279	42	2
149	279	42	3
151	279	42	1
152	279	42	1
164	279	42	1
141	280	42	1
145	280	42	1
140	281	42	1
151	281	42	1
153	281	42	2
139	282	42	1
151	282	42	1
162	282	42	1
209	282	42	1
141	283	42	1
253	283	42	3
137	284	42	1
138	284	42	1
151	284	42	1
152	285	42	1
157	285	42	2
155	286	42	1
136	287	42	1
141	287	42	3
134	288	42	1
136	289	42	1
137	289	42	2
174	289	42	1
133	291	42	1
135	291	42	2
140	291	42	2
133	292	42	2
134	292	42	1
130	293	42	1
138	293	42	1
142	293	42	1
131	294	42	2
135	294	42	1
137	294	42	1
139	294	42	3
154	294	42	2
134	295	42	1
142	295	42	1
256	295	42	1
161	296	42	1
130	297	42	1
139	297	42	1
140	297	42	1
150	297	42	2
136	298	42	1
151	298	42	1
215	298	42	2
94	299	42	4
133	299	42	1
150	299	42	2
259	299	42	2
125	300	42	1
129	300	42	1
131	300	42	1
153	300	42	1
249	300	42	1
130	301	42	1
137	301	42	1
143	302	42	1
126	303	42	2
138	303	42	1
142	303	42	3
132	304	42	1
168	304	42	1
171	304	42	1
181	304	42	2
125	305	42	1
131	305	42	1
133	305	42	1
134	305	42	1
170	305	42	3
128	306	42	1
170	306	42	1
129	308	42	2
130	308	42	1
125	309	42	2
140	309	42	1
143	310	42	1
162	310	42	4
140	314	42	1
137	315	42	2
141	316	42	3
142	317	42	1
139	318	42	2
148	318	42	2
183	323	42	1
133	324	42	1
137	324	42	2
181	324	42	3
183	325	42	2
133	326	42	1
176	327	42	1
252	327	42	2
154	328	42	1
176	328	42	1
186	328	42	2
250	328	42	2
161	330	42	1
188	330	42	1
132	331	42	1
134	331	42	2
176	331	42	1
187	331	42	2
127	332	42	2
160	332	42	1
164	332	42	1
165	332	42	2
177	332	42	1
180	332	42	1
186	332	42	1
187	332	42	1
189	332	42	1
217	332	42	1
242	332	42	1
131	333	42	1
153	333	42	1
189	333	42	1
178	334	42	1
188	334	42	1
219	334	42	1
247	334	42	1
218	335	42	1
128	336	42	1
190	336	42	1
194	336	42	2
220	336	42	3
127	337	42	1
152	337	42	1
156	337	42	3
216	337	42	1
154	339	42	2
193	340	42	1
221	340	42	1
152	341	42	1
215	341	42	2
211	342	42	2
207	344	42	1
211	344	42	3
212	344	42	1
230	346	42	1
231	349	42	2
235	353	42	3
205	355	42	2
208	356	42	1
208	357	42	1
200	364	42	1
139	228	43	6
137	229	43	2
138	229	43	1
162	231	43	1
137	232	43	1
137	233	43	1
139	233	43	1
203	234	43	1
163	235	43	1
136	236	43	1
136	237	43	1
143	237	43	1
140	238	43	1
138	239	43	1
143	239	43	1
165	240	43	1
166	240	43	1
178	245	43	1
179	246	43	1
179	254	43	1
210	256	43	1
143	257	43	1
155	257	43	1
174	257	43	1
175	257	43	1
176	257	43	2
215	257	43	2
215	258	43	2
144	259	43	1
179	259	43	1
143	260	43	1
151	260	43	2
159	260	43	1
160	260	43	1
161	260	43	1
170	260	43	1
145	261	43	1
146	261	43	1
209	261	43	1
164	262	43	2
167	262	43	1
177	262	43	2
206	262	43	1
154	263	43	1
205	263	43	2
144	264	43	1
149	264	43	2
151	264	43	1
156	264	43	1
257	264	43	1
124	265	43	3
145	265	43	1
145	266	43	1
149	266	43	1
151	266	43	1
158	266	43	1
143	267	43	1
147	267	43	1
147	268	43	1
149	268	43	1
164	268	43	2
150	270	43	1
151	270	43	1
134	271	43	1
143	271	43	1
146	271	43	1
143	272	43	2
149	272	43	1
214	272	43	1
143	273	43	1
146	273	43	2
147	273	43	1
211	273	43	3
141	274	43	1
153	274	43	1
156	274	43	1
214	274	43	1
255	274	43	1
131	275	43	2
132	275	43	1
141	275	43	1
144	275	43	2
145	275	43	1
155	275	43	1
144	276	43	1
148	276	43	2
165	276	43	1
150	277	43	2
156	277	43	1
131	278	43	1
147	278	43	2
149	278	43	3
142	279	43	2
151	279	43	1
150	280	43	1
152	280	43	1
155	280	43	1
161	280	43	2
148	281	43	2
140	282	43	1
141	282	43	2
143	282	43	1
144	282	43	1
158	282	43	1
150	283	43	1
153	283	43	1
152	284	43	1
160	284	43	3
148	285	43	3
151	285	43	1
152	285	43	1
155	285	43	2
215	285	43	1
141	286	43	1
154	286	43	1
216	286	43	1
140	287	43	1
136	288	43	1
138	288	43	2
140	288	43	2
133	289	43	3
134	289	43	2
143	292	43	1
152	292	43	3
139	293	43	1
143	293	43	1
146	293	43	1
132	294	43	1
134	295	43	1
151	295	43	1
131	296	43	2
137	296	43	1
137	297	43	4
209	298	43	1
141	299	43	1
143	299	43	1
141	300	43	2
152	300	43	1
167	300	43	1
140	301	43	1
142	301	43	2
149	301	43	1
129	302	43	1
133	302	43	2
137	302	43	1
143	302	43	3
169	302	43	1
170	302	43	1
130	303	43	1
136	303	43	2
138	303	43	1
135	304	43	2
140	304	43	1
146	304	43	1
126	305	43	1
134	305	43	1
141	305	43	1
143	305	43	2
168	305	43	1
127	306	43	1
131	306	43	1
148	306	43	1
168	306	43	2
170	306	43	3
126	307	43	1
129	307	43	1
129	308	43	2
174	308	43	2
141	309	43	2
140	313	43	2
142	313	43	1
140	317	43	1
140	318	43	1
138	321	43	2
174	325	43	1
132	326	43	2
133	326	43	2
249	326	43	1
186	327	43	1
156	328	43	2
184	328	43	1
177	329	43	2
188	329	43	1
179	330	43	1
132	331	43	1
189	331	43	2
131	332	43	2
133	332	43	2
191	332	43	1
133	333	43	2
188	333	43	1
216	333	43	2
217	333	43	1
151	334	43	1
181	334	43	1
189	334	43	1
219	334	43	1
128	335	43	1
156	335	43	1
153	336	43	1
220	336	43	1
244	336	43	2
127	337	43	1
249	337	43	1
249	338	43	1
195	340	43	1
195	341	43	1
222	343	43	1
232	345	43	2
233	346	43	2
231	347	43	2
233	347	43	1
209	349	43	2
210	349	43	2
236	349	43	2
233	350	43	1
207	352	43	1
207	353	43	1
204	354	43	2
206	354	43	1
208	354	43	1
206	358	43	1
206	359	43	2
207	359	43	2
186	360	43	2
188	360	43	2
206	363	43	1
139	228	44	1
140	228	44	1
141	229	44	1
135	230	44	1
137	231	44	1
164	232	44	1
137	233	44	1
139	236	44	3
159	236	44	1
164	237	44	1
177	243	44	1
181	245	44	1
179	249	44	1
175	257	44	1
178	258	44	2
158	260	44	3
147	261	44	1
156	261	44	1
174	261	44	2
154	262	44	1
159	262	44	1
157	263	44	2
210	263	44	2
146	264	44	1
152	264	44	2
149	265	44	4
156	265	44	1
147	266	44	1
149	266	44	2
146	267	44	1
143	269	44	1
145	269	44	1
146	269	44	1
148	269	44	1
213	269	44	2
146	270	44	1
144	271	44	1
147	271	44	2
181	272	44	1
143	273	44	2
148	273	44	2
156	273	44	1
146	274	44	2
143	275	44	1
144	275	44	3
146	275	44	1
166	275	44	1
153	276	44	2
154	276	44	1
156	276	44	1
167	276	44	1
145	277	44	2
148	277	44	1
156	277	44	1
149	278	44	1
154	278	44	2
160	278	44	1
143	279	44	1
144	279	44	2
154	279	44	2
161	279	44	1
147	280	44	3
150	280	44	1
155	280	44	1
148	281	44	1
150	281	44	2
156	281	44	1
159	281	44	1
204	281	44	1
143	282	44	1
152	282	44	1
154	282	44	1
158	282	44	1
142	283	44	1
158	283	44	2
219	283	44	1
145	284	44	1
149	284	44	1
155	284	44	1
143	285	44	1
217	285	44	1
218	286	44	2
137	287	44	1
121	290	44	1
136	291	44	1
144	292	44	1
145	293	44	1
223	293	44	1
132	294	44	2
143	294	44	1
140	296	44	2
139	297	44	1
141	297	44	1
136	298	44	2
130	299	44	1
137	299	44	1
140	300	44	1
130	301	44	5
133	302	44	1
140	302	44	1
142	302	44	1
127	303	44	1
144	303	44	1
126	304	44	1
130	304	44	1
139	304	44	2
128	305	44	2
131	306	44	1
144	306	44	1
140	308	44	1
170	309	44	1
143	310	44	2
142	316	44	2
140	318	44	3
113	322	44	2
182	323	44	1
133	326	44	1
136	326	44	1
131	328	44	1
187	329	44	1
179	330	44	1
133	331	44	2
182	332	44	2
131	333	44	1
180	333	44	1
136	334	44	1
189	334	44	1
218	334	44	1
128	335	44	2
213	336	44	1
219	336	44	2
215	337	44	2
216	337	44	1
216	344	44	2
228	346	44	2
231	346	44	1
234	347	44	1
211	348	44	1
211	349	44	1
209	351	44	1
179	360	44	2
192	361	44	1
140	231	45	1
143	237	45	1
175	257	45	1
174	259	45	2
173	260	45	1
156	263	45	1
159	263	45	1
149	265	45	1
153	265	45	2
148	269	45	2
145	270	45	1
148	270	45	1
136	271	45	1
144	272	45	1
151	272	45	1
146	275	45	1
164	277	45	1
150	279	45	2
162	279	45	1
148	281	45	1
161	281	45	3
152	282	45	1
142	283	45	3
150	283	45	2
140	285	45	2
217	285	45	3
206	286	45	1
218	286	45	1
145	292	45	2
140	294	45	1
143	295	45	1
128	299	45	1
134	301	45	1
138	301	45	1
143	302	45	1
137	304	45	1
141	315	45	1
185	322	45	1
167	326	45	2
186	326	45	1
176	327	45	1
185	330	45	3
189	331	45	1
217	334	45	2
214	339	45	2
245	340	45	1
217	344	45	1
217	345	45	2
229	346	45	1
209	347	45	2
210	347	45	1
233	349	45	1
175	352	45	3
134	229	46	1
132	236	46	1
181	247	46	1
176	258	46	1
154	262	46	1
147	266	46	1
154	270	46	1
139	273	46	1
146	275	46	2
163	275	46	2
161	277	46	1
148	278	46	1
145	279	46	1
150	279	46	1
149	280	46	2
146	281	46	2
150	281	46	2
146	282	46	2
148	282	46	1
154	282	46	1
159	282	46	1
154	283	46	2
250	283	46	3
140	284	46	1
142	284	46	1
140	285	46	2
248	285	46	1
143	290	46	2
145	291	46	1
144	292	46	2
204	292	46	1
148	293	46	3
146	294	46	1
140	296	46	2
207	296	46	1
136	298	46	1
144	299	46	1
143	300	46	1
228	300	46	1
130	302	46	1
131	302	46	2
143	302	46	2
146	302	46	1
244	302	46	2
133	303	46	1
143	303	46	2
137	304	46	1
240	304	46	1
192	306	46	1
184	320	46	1
188	320	46	1
191	322	46	1
177	323	46	1
179	323	46	1
183	323	46	1
189	323	46	1
180	324	46	2
173	325	46	1
174	325	46	2
172	326	46	2
183	326	46	1
174	327	46	2
191	327	46	1
217	335	46	1
221	340	46	1
217	341	46	1
217	342	46	2
222	342	46	1
232	343	46	1
205	346	46	1
209	351	46	1
173	353	46	3
230	356	46	2
131	223	47	1
141	227	47	1
138	229	47	1
146	282	47	1
162	282	47	2
149	284	47	2
147	285	47	1
140	292	47	1
146	293	47	1
144	294	47	1
202	295	47	1
134	298	47	1
140	298	47	1
138	300	47	2
229	302	47	2
178	320	47	1
179	322	47	1
190	323	47	2
175	324	47	1
179	324	47	1
218	341	47	1
212	344	47	1
206	348	47	1
227	353	47	1
207	355	47	1
231	356	47	1
186	257	48	1
154	274	48	1
146	275	48	1
154	276	48	1
140	278	48	1
159	279	48	1
140	285	48	1
142	290	48	1
140	295	48	1
137	297	48	2
179	323	48	1
169	324	48	1
207	351	48	2
136	222	49	1
140	224	49	1
170	228	49	3
149	243	49	1
126	245	49	1
147	245	49	1
151	248	49	1
154	248	49	1
151	252	49	2
156	256	49	1
171	260	49	1
145	262	49	2
139	263	49	2
191	267	49	1
127	268	49	1
167	269	49	2
169	270	49	1
154	274	49	1
156	274	49	1
155	276	49	1
150	278	49	2
145	279	49	2
134	280	49	1
214	282	49	1
113	284	49	2
144	284	49	3
142	291	49	3
147	292	49	2
200	296	49	2
140	297	49	1
225	300	49	1
135	302	49	1
133	303	49	5
139	304	49	1
128	307	49	1
169	308	49	2
213	311	49	2
170	312	49	1
145	316	49	1
268	317	49	1
183	319	49	1
170	325	49	1
139	326	49	2
235	326	49	1
148	337	49	1
152	338	49	3
197	342	49	1
239	344	49	1
211	346	49	2
224	346	49	2
160	348	49	2
197	348	49	2
204	348	49	1
179	349	49	1
184	352	49	1
186	354	49	1
203	355	49	3
134	227	50	1
136	230	50	1
183	230	50	2
121	234	50	3
127	235	50	1
162	253	50	1
155	263	50	1
154	270	50	1
151	272	50	1
155	273	50	1
160	275	50	1
220	277	50	1
150	283	50	1
249	286	50	1
139	294	50	2
174	298	50	1
237	300	50	2
244	301	50	1
140	302	50	4
151	302	50	2
131	306	50	1
193	307	50	1
157	313	50	1
240	317	50	1
195	325	50	1
206	340	50	1
