x	y	z	Pyruvate metabolism
239	287	24	1
244	291	24	1
237	278	25	1
239	279	25	1
241	279	25	1
248	280	25	1
243	283	25	1
213	284	25	1
237	284	25	1
215	285	25	1
238	289	25	1
241	289	25	1
238	290	25	1
237	295	25	1
243	295	25	1
239	296	25	1
247	296	25	1
232	263	26	1
235	267	26	1
248	276	26	1
250	277	26	1
207	279	26	1
233	279	26	1
230	281	26	1
247	281	26	1
254	283	26	2
244	284	26	1
211	285	26	1
236	285	26	1
254	285	26	1
238	286	26	1
251	286	26	1
237	289	26	1
245	291	26	1
237	295	26	1
242	296	26	1
240	299	26	1
227	301	26	1
184	255	27	1
234	260	27	1
183	261	27	1
186	261	27	1
182	262	27	1
178	263	27	1
215	263	27	1
235	263	27	1
180	264	27	1
215	265	27	1
234	265	27	1
178	266	27	1
228	266	27	1
237	266	27	1
235	267	27	1
237	270	27	2
237	271	27	1
249	271	27	1
241	272	27	1
249	272	27	1
224	273	27	1
231	273	27	1
224	274	27	1
230	274	27	1
218	275	27	1
210	276	27	1
214	276	27	1
212	277	27	1
231	277	27	1
250	277	27	1
211	278	27	1
231	278	27	1
240	278	27	1
251	278	27	1
210	279	27	1
239	279	27	1
241	279	27	1
214	280	27	1
234	280	27	1
209	281	27	1
230	281	27	1
243	281	27	1
212	282	27	1
227	282	27	1
238	282	27	1
248	282	27	1
234	283	27	1
241	284	27	2
254	284	27	1
254	285	27	1
256	285	27	1
219	286	27	1
227	287	27	1
237	287	27	1
243	287	27	1
235	288	27	1
243	288	27	1
255	288	27	1
230	289	27	1
236	289	27	1
240	290	27	2
234	291	27	1
243	291	27	1
221	292	27	2
223	293	27	1
229	293	27	1
247	293	27	1
254	293	27	1
231	294	27	1
235	294	27	1
251	295	27	1
245	296	27	1
252	297	27	1
236	298	27	1
229	299	27	1
231	300	27	1
236	300	27	1
234	301	27	1
237	305	27	1
231	267	28	1
238	268	28	1
237	271	28	1
236	272	28	1
234	274	28	1
235	276	28	1
235	281	28	1
246	286	28	1
245	288	28	1
247	289	28	1
248	291	28	1
235	257	29	1
237	258	29	1
182	260	29	1
248	263	29	1
229	264	29	1
237	264	29	1
226	265	29	1
235	265	29	2
249	265	29	1
194	267	29	1
194	268	29	1
250	268	29	1
240	269	29	1
214	272	29	1
207	273	29	1
249	276	29	1
236	277	29	1
245	281	29	1
235	282	29	1
241	283	29	1
243	284	29	1
239	291	29	1
246	291	29	1
245	292	29	1
224	294	29	2
243	294	29	1
251	294	29	1
240	295	29	1
252	296	29	1
239	298	29	1
237	300	29	1
230	301	29	1
224	302	29	1
230	254	30	1
232	254	30	1
191	255	30	1
233	256	30	1
236	256	30	1
236	258	30	1
229	259	30	1
197	260	30	1
223	260	30	1
209	261	30	1
232	261	30	1
236	261	30	1
226	262	30	1
219	263	30	1
225	264	30	1
192	265	30	1
194	266	30	1
230	266	30	1
219	267	30	1
237	267	30	1
240	267	30	1
245	267	30	1
249	268	30	1
213	269	30	1
187	270	30	1
216	270	30	1
232	270	30	1
180	274	30	1
203	274	30	1
180	275	30	1
211	275	30	1
235	275	30	1
186	276	30	1
233	276	30	1
249	276	30	1
239	279	30	1
242	280	30	1
251	281	30	1
179	282	30	1
244	282	30	1
247	282	30	2
250	284	30	1
251	286	30	1
233	287	30	1
252	287	30	1
246	288	30	1
248	288	30	1
232	289	30	1
240	289	30	1
227	290	30	1
246	290	30	1
237	291	30	1
238	291	30	1
246	291	30	1
249	291	30	1
251	291	30	1
226	292	30	1
228	292	30	1
238	293	30	1
239	293	30	1
240	293	30	1
250	293	30	1
221	294	30	1
226	296	30	1
227	297	30	1
250	297	30	1
227	299	30	1
246	299	30	1
249	300	30	1
245	301	30	1
248	302	30	1
242	304	30	1
237	305	30	1
242	305	30	1
228	260	31	1
242	260	31	1
181	261	31	1
187	261	31	1
210	261	31	1
224	261	31	1
230	261	31	1
222	262	31	1
193	263	31	1
222	263	31	1
190	264	31	1
237	264	31	1
216	265	31	1
244	266	31	1
217	267	31	2
216	268	31	1
240	268	31	1
213	269	31	1
214	269	31	1
178	270	31	1
176	273	31	1
182	274	31	1
241	274	31	1
241	275	31	1
226	276	31	1
244	277	31	1
206	278	31	1
237	279	31	1
238	279	31	1
247	280	31	1
248	280	31	1
210	281	31	1
231	282	31	1
238	282	31	1
253	282	31	1
221	283	31	1
234	283	31	1
177	284	31	1
209	284	31	1
220	284	31	1
236	284	31	1
254	284	31	1
219	285	31	1
226	285	31	1
235	285	31	1
236	285	31	1
243	285	31	1
221	286	31	1
219	287	31	1
228	287	31	1
234	287	31	1
240.5	288.5	31.5	1
245	288	31	1
246	288	31	1
253	288	31	1
233	289	31	1
221	290	31	1
241	291	31	1
221	292	31	1
254	292	31	1
230	293	31	1
222	294	31	1
241	294	31	1
246	294	31	1
233	295	31	1
224	296	31	1
231	296	31	1
230	297	31	1
223	298	31	1
240	298	31	1
223	300	31	2
224	300	31	1
230	301	31	1
220	302	31	1
246	302	31	1
242	303	31	1
224	307	31	1
227	253	32	1
231	253	32	1
225	254	32	1
192	258	32	1
216	258	32	1
201	259	32	1
243	259	32	2
218	260	32	1
210	261	32	1
217	261	32	1
244	262	32	1
247	262	32	1
230	263	32	1
189	264	32	1
238	264	32	1
250	264	32	1
176	265	32	1
189	265	32	1
211	265	32	1
221	265	32	1
218	266	32	1
252	266	32	1
214	268	32	1
219	268	32	1
225	268	32	1
246	268	32	1
213	269	32	1
215	269	32	1
244	269	32	1
172	270	32	1
185	270	32	1
239	270	32	1
188	271	32	1
207	271	32	1
239	271	32	1
200	272	32	1
207	272	32	1
174	273	32	1
183	273	32	1
236	273	32	1
254	273	32	1
206	274	32	1
176	277	32	1
207	279	32	1
236	279	32	1
246	279	32	1
223	280	32	1
176	281	32	1
182	281	32	1
244	282	32	1
207	283	32	1
224	283	32	1
245	283	32	1
206	284	32	1
252	284	32	1
215	285	32	1
249	285	32	1
178	286	32	1
226	286	32	1
221	287	32	1
222	287	32	1
223	287	32	1
240	287	32	1
227	288	32	1
247	288	32	1
226	289	32	1
234	290	32	1
243	291	32	1
248	291	32	1
246	292	32	1
207	293	32	1
237	293	32	1
242	293	32	1
233	294	32	1
237	294	32	1
225	295	32	1
227	295	32	1
245	296	32	1
229	297	32	1
252	297	32	1
244	298	32	1
240	299	32	1
246	300	32	1
234	305	32	1
223	308	32	1
228	309	32	1
235	309	32	1
227	310	32	1
230	313	32	1
216	253	33	1
218	253	33	1
238	256	33	1
216	257	33	1
218	257	33	1
227	257	33	1
235	257	33	1
221	258	33	1
223	258	33	1
226	258	33	1
239	258	33	1
243	258	33	1
208	261	33	1
239	262	33	1
246	262	33	1
217	263	33	1
222	263	33	1
236	263	33	1
240	263	33	1
251	263	33	1
187	264	33	1
199	264	33	1
217	264	33	1
192	265	33	1
202	265	33	1
220	265	33	1
237	265	33	1
219	266	33	1
225	266	33	1
219	267	33	1
252	268	33	1
184	269	33	1
209	271	33	1
214	271	33	1
242	271	33	1
243	271	33	1
237	272	33	1
184	273	33	1
208	274	33	1
214	274	33	1
227	274	33	1
240	274	33	1
245	274	33	1
186	275	33	1
207	275	33	1
176	276	33	1
205	276	33	1
227	277	33	1
247	277	33	1
239	278	33	1
178	279	33	1
210	279	33	1
220	279	33	1
180	280	33	1
207	281	33	1
225	281	33	1
177	282	33	1
179	282	33	1
235	282	33	1
241	282	33	1
241	284	33	1
221	285	33	1
246	285	33	1
184	288	33	1
196	288	33	1
233	288	33	1
249	288	33	1
244	289	33	1
250	290	33	1
226	291	33	1
245	291	33	1
202	292	33	1
229	293	33	1
229	294	33	1
231	294	33	1
251	294	33	1
198	295	33	1
204	295	33	1
233	295	33	1
194	296	33	1
246	296	33	1
238	298	33	1
240	299	33	1
197	300	33	1
246	300	33	1
229	301	33	1
235	301	33	1
241	301	33	1
249	301	33	1
209	302	33	1
227	302	33	1
233	302	33	1
241	303	33	1
230	304	33	1
223	307	33	1
234	311	33	1
231	254	34	1
225	257	34	1
242	257	34	1
241	258	34	1
218	259	34	1
232	259	34	1
237	259	34	1
216	261	34	1
227	261	34	1
230	261	34	1
210	262	34	2
215	262	34	1
217	262	34	1
193	263	34	1
206	264	34	2
240	264	34	1
204	266	34	1
241	266	34	1
220	267	34	1
215	268	34	1
242	268	34	1
251	268	34	2
196	269	34	1
216	269	34	1
219	269	34	1
231	269	34	1
209	270	34	1
189	271	34	1
221	271	34	1
209	274	34	1
226	274	34	1
183	275	34	1
219	275	34	1
233	276	34	1
239	276	34	1
207	277	34	1
212	277	34	1
215	277	34	1
186	278	34	1
202	278	34	1
223	279	34	1
231	279	34	1
244	279	34	1
192	280	34	1
240	280	34	1
181	283	34	1
176	284	34	1
184	284	34	1
203	284	34	1
224	284	34	1
187	286	34	1
223	286	34	1
234	287	34	1
185	289	34	1
233	289	34	1
257	289	34	1
186	290	34	1
221	291	34	1
247	291	34	1
202	292	34	1
228	292	34	1
227	293	34	1
230	293	34	1
190	294	34	1
221	294	34	1
223	294	34	1
197	295	34	1
191	296	34	1
242	296	34	1
219	297	34	1
227	297	34	1
236	299	34	1
242	299	34	1
225	300	34	1
207	301	34	1
229	302	34	1
228	305	34	1
228	306	34	1
226	307	34	1
229	308	34	1
221	309	34	1
228	309	34	1
231	310	34	1
232	311	34	1
231	313	34	1
234	313	34	1
225	252	35	1
219	253	35	1
221	253	35	1
225	255	35	1
241	256	35	1
210	257	35	1
225	257	35	1
216	260	35	1
206	262	35	1
239	262	35	1
190	263	35	1
248	263	35	1
222	264	35	1
245	264	35	1
189	265	35	1
219	266	35	1
238	266	35	1
245	266	35	1
186	267	35	1
205	267	35	1
210	267	35	1
216	267	35	1
222	267	35	1
227	267	35	1
242	267	35	1
210	268	35	1
217	269	35	1
224	269	35	1
186	270	35	1
238	270	35	1
239	270	35	1
188	271	35	1
198	271	35	1
206	271	35	1
236	271	35	1
182	272	35	1
202	272	35	2
203	272	35	1
200	275	35	1
212	275	35	1
186	276	35	1
176	277	35	1
224	277	35	1
236	277	35	1
237	277	35	1
195	278	35	1
215	278	35	1
241	279	35	1
207	280	35	1
237	280	35	1
210	281	35	1
219	281	35	1
239	281	35	1
215	282	35	1
215	283	35	1
223	283	35	1
229	283	35	1
232	283	35	1
215	284	35	1
225	284	35	1
230	284	35	1
244	284	35	2
178	285	35	1
221	285	35	1
181	286	35	1
218	286	35	1
189	287	35	1
205	287	35	1
226	287	35	1
200	288	35	1
199	289	35	1
225	289	35	1
195	290	35	1
185	291	35	1
194	291	35	1
196	291	35	1
231	291	35	1
238	293	35	1
197	297	35	1
181	298	35	1
234	298	35	1
194	300	35	1
197	300	35	1
208	300	35	1
236	300	35	1
242	301	35	1
238	303	35	1
244	303	35	1
238	305	35	1
229	306	35	1
242	306	35	1
239	307	35	1
222	308	35	1
232	308	35	1
222	309	35	1
229	309	35	1
228	311	35	1
240	311	35	1
229	312	35	1
227	314	35	1
230	315	35	1
226	255	36	1
217	258	36	1
220	258	36	1
230	260	36	1
227	261	36	1
191	264	36	1
215	264	36	1
216	264	36	1
242	264	36	1
194	265	36	1
191	266	36	1
211	266	36	1
212	267	36	1
236	267	36	1
242	267	36	1
249	267	36	1
206	268	36	1
210	268	36	1
215	268	36	1
191	269	36	1
194	269	36	1
248	269	36	1
249	269	36	1
188	270	36	1
217	271	36	1
239	271	36	1
235	272	36	1
205	273	36	1
216	273	36	1
179	274	36	1
184	275	36	1
214	277	36	1
215	277	36	2
206	279	36	1
208	280	36	1
178	281	36	1
214	281	36	1
209	282	36	1
222	282	36	1
233	283	36	2
214	284	36	1
221	284	36	1
199	285	36	1
223	285	36	1
227	285	36	1
218	286	36	1
238	286	36	1
241	286	36	1
243	286	36	1
177	287	36	1
190	287	36	1
198	287	36	1
240	287	36	1
243	289	36	1
221	291	36	1
239	291	36	1
245	292	36	1
196	293	36	1
206	293	36	1
237	294	36	1
205	297	36	1
233	298	36	1
245	298	36	1
230	300	36	1
237	300	36	1
241	300	36	1
231	302	36	1
228	306	36	1
243	306	36	2
231	310	36	1
215	311	36	1
223	311	36	1
228	311	36	1
235	311	36	1
216	312	36	1
240	312	36	1
231	316	36	1
233	318	36	1
236	319	36	2
222	263	37	1
237	267	37	1
235	268	37	1
218	269	37	1
213	271	37	1
210	273	37	1
192	280	37	1
208	281	37	1
211	282	37	1
204	283	37	1
206	284	37	1
187	286	37	1
186	288	37	1
232	288	37	1
237	288	37	1
238	288	37	1
223	289	37	1
206	290	37	1
242	290	37	1
232	291	37	1
234	291	37	1
200	292	37	1
240	292	37	1
204	294	37	1
237	294	37	1
245	294	37	1
200	296	37	1
229	296	37	1
244	299	37	2
233	302	37	1
232	303	37	1
242	309	37	1
216	311	37	1
221	311	37	1
228	311	37	1
236	312	37	1
218	313	37	1
238	314	37	1
229	315	37	1
226	260	38	2
209	269	38	1
217	269	38	1
217	272	38	1
214	273	38	1
203	278	38	1
191	281	38	1
214	283	38	1
195	284	38	1
216	286	38	1
218	286	38	1
232	286	38	1
206	288	38	1
220	288	38	1
207	290	38	1
202	291	38	1
210	291	38	1
214	291	38	1
197	292	38	1
206	293	38	1
217	293	38	1
206	294	38	1
210	294	38	1
198	295	38	1
204	295	38	1
237	295	38	1
227	297	38	1
233	297	38	1
234	297	38	1
226	299	38	1
227	300	38	1
239	301	38	1
227	302	38	1
240	304	38	1
232	305	38	1
242	306	38	1
225	310	38	1
235	311	38	1
241	312	38	1
229	315	38	1
219	317	38	1
232	318	38	1
233	318	38	1
221	321	38	1
231	321	38	1
210	278	39	1
221	280	39	1
202	283	39	1
191	285	39	1
186	290	39	1
233	291	39	1
240	291	39	1
210	292	39	1
226	295	39	1
215	296	39	1
237	296	39	1
199	297	39	1
233	297	39	1
230	298	39	1
231	299	39	1
241	307	39	1
220	309	39	1
232	309	39	1
227	311	39	1
240	311	39	1
246	311	39	1
219	313	39	1
241	313	39	1
240	319	39	1
214	274	40	1
193	280	40	1
204	285	40	1
206	292	40	1
227	292	40	1
211	296	40	1
236	296	40	1
230	299	40	1
234	305	40	1
241	308	40	1
240	309	40	1
224	310	40	1
242	310	40	1
218	317	40	1
226	317	40	1
220	318	40	1
227	321	40	1
217	292	41	1
209	294	41	1
227	305	41	1
219	307	41	1
223	309	41	1
239	309	41	1
231	310	41	1
245	313	41	2
219	316	41	1
236	316	41	1
240	316	41	1
235	317	41	1
229	318	41	1
228	299	42	1
220	305	42	2
242	309	42	1
218	312	42	1
221	312	42	1
219	315	42	1
245	318	42	1
242	319	42	1
219	311	43	1
236	311	43	1
237	314	43	1
230	315	43	1
204	316	43	1
242	319	43	1
220	304	44	1
216	316	45	1
183.039773122643	289.659001437601	35.0807824929564	1
132	221	20	1
142	221	20	2
127	222	20	1
132	222	20	1
142	222	20	1
138	223	20	1
134	224	20	1
144	224	20	1
167	224	20	1
175	224	20	2
176	224	20	1
153	225	20	1
126	226	20	1
160	227	20	1
128	228	20	2
130	228	20	1
132	228	20	1
155	228	20	3
158	228	20	1
174	228	20	1
179	228	20	1
197	228	20	1
126	229	20	2
129	230	20	1
169	230	20	3
173	230	20	4
190	230	20	1
204	230	20	1
113	231	20	3
149	231	20	1
154	231	20	1
146	232	20	2
190	232	20	1
197	232	20	3
147	233	20	2
165	233	20	1
169	233	20	3
170	233	20	1
214	233	20	1
114	234	20	1
132	234	20	1
135	234	20	2
154	234	20	1
204	234	20	1
213	234	20	2
215	234	20	3
126	235	20	4
137	235	20	1
143	235	20	1
145	235	20	3
151	235	20	1
220	235	20	1
222	235	20	1
127	236	20	2
141	236	20	2
146	236	20	2
159	236	20	2
215	236	20	1
129	237	20	2
133	237	20	2
137	237	20	1
140	237	20	1
147	237	20	1
154	237	20	1
169	237	20	1
173	237	20	2
204	237	20	2
220	237	20	1
117	238	20	1
126	238	20	2
127	238	20	1
139	238	20	2
140	238	20	1
150	238	20	2
152	238	20	1
158	238	20	3
192	238	20	1
139	239	20	1
144	239	20	1
151	239	20	1
165	239	20	2
172	239	20	2
215	239	20	1
230	239	20	1
102	240	20	2
118	240	20	2
126	240	20	1
132	240	20	1
146	240	20	1
147	240	20	1
152	240	20	1
160	240	20	1
216	240	20	1
108	241	20	1
111	241	20	1
127	241	20	1
135	241	20	1
146	241	20	1
167	241	20	3
120	242	20	1
121	242	20	1
128	242	20	3
130	242	20	1
136	242	20	3
137	242	20	1
141	242	20	1
163	242	20	1
207	242	20	1
214	242	20	1
237	242	20	1
116	243	20	3
125	243	20	1
141	243	20	1
173	243	20	2
181	243	20	1
201	243	20	1
213	243	20	1
240	243	20	2
118	244	20	1
134	244	20	1
135	244	20	1
154	244	20	1
155	244	20	1
162	244	20	1
183	244	20	1
188	244	20	2
207	244	20	1
210	244	20	1
220	244	20	2
108	245	20	3
111	245	20	2
137	245	20	2
160	245	20	1
176	245	20	2
182	245	20	1
183	245	20	1
214	245	20	1
226	245	20	1
241	245	20	3
117	246	20	1
122	246	20	1
177	246	20	1
221	246	20	2
237	246	20	1
240	246	20	2
133	247	20	1
137	247	20	1
163	247	20	1
109	248	20	1
141	248	20	1
158	248	20	3
163	248	20	2
210	248	20	1
215	248	20	1
230	248	20	1
233	248	20	2
138	249	20	1
167	249	20	2
194	249	20	1
218	249	20	1
101	250	20	1
155	250	20	1
157	250	20	1
172	250	20	3
175	250	20	1
260	250	20	1
175	251	20	1
216	251	20	1
223	251	20	1
122	252	20	1
207	252	20	1
122	253	20	1
175	253	20	2
222	253	20	2
231	253	20	1
111	254	20	1
124	254	20	1
148	254	20	2
154	254	20	3
183	254	20	1
223	254	20	1
226	254	20	1
228	254	20	1
238	254	20	2
243	254	20	1
244	254	20	1
248	254	20	1
255	254	20	1
143	255	20	1
197	255	20	1
198	255	20	1
200	255	20	2
214	255	20	2
232	255	20	1
251	255	20	1
110	256	20	2
128	256	20	2
145	256	20	1
158	256	20	1
166	256	20	2
172	256	20	1
198	256	20	1
204	256	20	1
227	256	20	1
234	256	20	1
241	256	20	2
124	257	20	2
134	257	20	1
143	257	20	2
146	257	20	3
159	257	20	1
162	257	20	1
164	257	20	1
170	257	20	2
175	257	20	1
232	257	20	1
251	257	20	2
255	257	20	1
258	257	20	1
265	257	20	2
128	258	20	1
162	258	20	1
163	258	20	2
176	258	20	1
198	258	20	2
232	258	20	2
107	259	20	1
136	259	20	2
193	259	20	1
195	259	20	1
197	259	20	1
201	259	20	1
229	259	20	1
231	259	20	1
232	259	20	1
252	259	20	2
265	259	20	2
130	260	20	1
142	260	20	1
157	260	20	5
224	260	20	1
245	260	20	1
130	261	20	1
140	261	20	1
142	261	20	1
147	261	20	2
163	261	20	1
165	261	20	1
199	261	20	1
215	261	20	2
226	261	20	2
228	261	20	3
144	262	20	1
152	262	20	1
156	262	20	1
170	262	20	1
223	262	20	1
254	262	20	1
191	263	20	1
210	263	20	3
229	263	20	1
246	263	20	1
105	264	20	2
126	264	20	1
146	264	20	1
160	264	20	1
163	264	20	1
168	264	20	1
250	264	20	1
134	265	20	4
163	265	20	1
166	265	20	1
176	265	20	2
190	265	20	2
232	265	20	2
113	266	20	1
117	266	20	1
118	266	20	1
120	266	20	1
126	266	20	1
129	266	20	1
132	266	20	1
136	266	20	1
155	266	20	3
170	266	20	1
172	266	20	1
179	266	20	1
184	266	20	1
197	266	20	1
211	266	20	1
225	266	20	1
251	266	20	1
116	267	20	1
117	267	20	2
118	267	20	1
154	267	20	2
168	267	20	1
239	267	20	2
266	267	20	1
109	268	20	1
141	268	20	3
151	268	20	2
154	268	20	1
156	268	20	3
209	268	20	1
213	268	20	1
107	269	20	4
112	269	20	1
119	269	20	2
140	269	20	1
147	269	20	1
149	269	20	1
151	269	20	1
155	269	20	2
173	269	20	1
184	269	20	2
212	269	20	1
113	270	20	2
117	270	20	2
118	270	20	3
125	270	20	2
147	270	20	2
156	270	20	2
162	270	20	2
177	270	20	1
118	271	20	1
152	271	20	2
159	271	20	1
164	271	20	1
165	271	20	1
167	271	20	2
173	271	20	1
201	271	20	1
266	271	20	3
107	272	20	2
115	272	20	1
116	272	20	1
117	272	20	2
119	272	20	1
121	272	20	1
125	272	20	1
135	272	20	1
156	272	20	1
170	272	20	1
174	272	20	2
176	272	20	1
181	272	20	1
225	272	20	2
260	272	20	3
101	273	20	1
117	273	20	1
119	273	20	1
149	273	20	2
152	273	20	1
167	273	20	2
178	273	20	1
207	273	20	2
217	273	20	3
220	273	20	2
122	274	20	1
139	274	20	2
167	274	20	1
169	274	20	2
174	274	20	1
185	274	20	3
197	274	20	2
226	274	20	1
230	274	20	1
148	275	20	1
154	275	20	1
169	275	20	1
177	275	20	1
200	275	20	1
205	275	20	1
208	275	20	3
226	275	20	1
235	275	20	1
236	275	20	1
268	275	20	1
122	276	20	2
130	276	20	1
136	276	20	2
137	276	20	1
142	276	20	2
155	276	20	2
157	276	20	1
158	276	20	3
163	276	20	1
167	276	20	1
180	276	20	1
182	276	20	2
222	276	20	1
246	276	20	3
258	276	20	4
111	277	20	1
130	277	20	3
154	277	20	1
217	277	20	1
219	277	20	1
220	277	20	1
129	278	20	3
137	278	20	1
160	278	20	1
170	278	20	1
176	278	20	1
180	278	20	1
183	278	20	2
208	278	20	2
227	278	20	1
256	278	20	1
150	279	20	2
156	279	20	1
175	279	20	3
177	279	20	1
178	279	20	1
186	279	20	2
204	279	20	1
218	279	20	3
224	279	20	1
225	279	20	1
269	279	20	1
109	280	20	1
125	280	20	2
166	280	20	1
173	280	20	1
174	280	20	1
176	280	20	1
193	280	20	1
197	280	20	1
217	280	20	1
142	281	20	1
176	281	20	3
216	281	20	1
222	281	20	1
106	282	20	1
116	282	20	1
149	282	20	2
181	282	20	1
203	282	20	2
219	282	20	1
276	282	20	2
130	283	20	1
161	283	20	2
171	283	20	1
189	283	20	1
214	283	20	1
216	283	20	1
226	283	20	1
266	283	20	2
272	283	20	1
163	284	20	1
213	284	20	1
228	284	20	1
265	284	20	1
267	284	20	2
109	285	20	1
119	285	20	1
137	285	20	1
139	285	20	1
145	285	20	3
157	285	20	1
202	285	20	3
205	285	20	1
223	285	20	1
268	285	20	1
272	285	20	1
151	286	20	2
213	286	20	1
225	286	20	1
236	286	20	1
271	286	20	2
129	287	20	3
146	287	20	1
155	287	20	1
198	287	20	2
221	287	20	1
224	287	20	2
226	287	20	3
269	287	20	2
113	288	20	1
121	288	20	2
136	288	20	2
167	288	20	2
169	288	20	2
196	288	20	3
215	288	20	1
225	288	20	1
230	288	20	1
238	288	20	1
124	289	20	1
125	289	20	3
147	289	20	3
149	289	20	1
152	289	20	1
179	289	20	1
221	289	20	2
252	289	20	1
140	290	20	1
161	290	20	1
173	290	20	1
195	290	20	2
214	290	20	1
224	290	20	1
226	290	20	3
250	290	20	1
271	290	20	1
106	291	20	1
149	291	20	2
104	292	20	1
112	292	20	1
129	292	20	1
140	292	20	1
173	292	20	1
195	292	20	2
205	292	20	2
207	292	20	1
217	292	20	2
219	292	20	3
236	292	20	3
237	292	20	1
242	292	20	1
244	292	20	1
268	292	20	1
106	293	20	4
133	293	20	1
142	293	20	1
148	293	20	1
225	293	20	1
177	294	20	1
180	294	20	1
199	294	20	1
211	294	20	1
214	294	20	2
216	294	20	2
219	294	20	2
220	294	20	1
222	294	20	2
269	294	20	2
116	295	20	2
218	295	20	3
220	295	20	2
116	296	20	1
136	296	20	1
143	296	20	1
163	296	20	1
178	296	20	1
187	296	20	1
193	296	20	2
194	296	20	1
212	296	20	1
216	296	20	2
217	296	20	1
133	297	20	1
137	297	20	1
151	297	20	3
201	297	20	1
256	297	20	1
257	297	20	3
270	297	20	1
110	298	20	1
147	298	20	3
153	298	20	1
177	298	20	2
189	298	20	1
230	298	20	1
246	298	20	1
265	298	20	1
134	299	20	1
161	299	20	1
194	299	20	1
219	299	20	1
257	299	20	2
270	299	20	1
120	300	20	1
191	300	20	2
253	300	20	1
266	300	20	1
114	301	20	3
133	301	20	2
149	301	20	1
159	301	20	1
161	301	20	1
166	301	20	1
186	301	20	1
250	301	20	3
116	302	20	1
134	302	20	1
187	302	20	1
204	302	20	1
206	302	20	2
223	302	20	1
252	302	20	1
257	302	20	1
264	302	20	1
187	303	20	1
194	303	20	2
222	303	20	2
149	304	20	2
157	304	20	1
158	304	20	1
166	304	20	1
185	304	20	1
234	304	20	3
238	304	20	1
124	305	20	2
130	305	20	1
206	305	20	2
223	305	20	1
234	305	20	1
236	305	20	1
252	305	20	3
258	305	20	2
127	306	20	1
136	306	20	2
172	306	20	1
177	306	20	2
200	306	20	2
209	306	20	3
240	306	20	3
241	306	20	2
249	306	20	1
258	306	20	1
259	306	20	1
124	307	20	2
142	307	20	2
166	307	20	1
177	307	20	1
238	307	20	1
241	307	20	1
186	308	20	2
200	308	20	1
205	308	20	1
208	308	20	2
219	308	20	1
227	308	20	1
229	308	20	1
232	308	20	2
233	308	20	2
257	308	20	1
130	309	20	1
134	309	20	1
175	309	20	2
201	309	20	3
202	309	20	1
205	309	20	1
224	309	20	2
238	309	20	1
242	309	20	1
260	309	20	2
263	309	20	1
267	309	20	2
268	309	20	1
269	309	20	1
118	310	20	1
182	310	20	1
198	310	20	2
107	311	20	1
152	311	20	1
266	311	20	2
93	312	20	1
148	312	20	1
209	312	20	3
211	312	20	1
247	312	20	2
260	312	20	1
107	313	20	1
164	313	20	1
176	313	20	1
181	313	20	2
182	313	20	1
197	313	20	2
201	313	20	1
217	313	20	4
229	313	20	1
262	313	20	3
100	314	20	1
142	314	20	1
152	314	20	1
180	314	20	1
202	314	20	1
210	314	20	2
259	314	20	1
266	314	20	1
124	315	20	1
133	315	20	1
148	315	20	2
156	315	20	1
159	315	20	1
169	315	20	1
240	315	20	4
250	315	20	1
256	315	20	1
259	315	20	1
260	315	20	3
262	315	20	1
265	315	20	1
266	315	20	2
182	316	20	1
185	316	20	2
204	316	20	2
232	316	20	1
235	316	20	2
244	316	20	2
259	316	20	1
95	317	20	3
103	317	20	1
110	317	20	1
115	317	20	1
129	317	20	1
145	317	20	2
162	317	20	5
163	317	20	1
202	317	20	1
212	317	20	1
233	317	20	1
121	318	20	1
129	318	20	1
172	318	20	1
237	318	20	1
247	318	20	1
256	318	20	1
261	318	20	1
100	319	20	1
171	319	20	1
218	319	20	1
237	319	20	1
141	320	20	1
179	320	20	2
187	320	20	1
200	320	20	1
241	320	20	1
243	320	20	1
244	320	20	1
250	320	20	1
259	320	20	1
94	321	20	1
112	321	20	1
195	321	20	1
197	321	20	1
213	321	20	1
231	321	20	2
92	322	20	1
157	322	20	3
178	322	20	2
180	322	20	2
183	322	20	1
187	322	20	1
190	322	20	1
200	322	20	2
226	322	20	1
257	322	20	2
258	322	20	2
99	323	20	1
111	323	20	2
118	323	20	1
164	323	20	1
177	323	20	1
178	323	20	2
186	323	20	2
194	323	20	2
198	323	20	2
222	323	20	1
233	323	20	1
264	323	20	1
149	324	20	1
165	324	20	1
169	324	20	3
173	324	20	1
188	324	20	3
193	324	20	1
194	324	20	1
196	324	20	1
200	324	20	1
203	324	20	2
224	324	20	2
126	325	20	1
139	325	20	1
179	325	20	1
183	325	20	1
188	325	20	1
195	325	20	1
196	325	20	1
207	325	20	1
259	325	20	2
128	326	20	1
130	326	20	3
177	326	20	1
191	326	20	1
196	326	20	1
199	326	20	1
201	326	20	1
211	326	20	1
212	326	20	1
214	326	20	1
217	326	20	1
219	326	20	1
261	326	20	1
145	327	20	1
153	327	20	2
188	327	20	1
189	327	20	1
190	327	20	2
228	327	20	2
233	327	20	1
244	327	20	1
256	327	20	1
258	327	20	1
261	327	20	1
144	328	20	1
156	328	20	1
179	328	20	1
183	328	20	1
200	328	20	1
212	328	20	1
106	329	20	1
137	329	20	1
147	329	20	1
165	329	20	2
169	329	20	1
179	329	20	1
187	329	20	2
199	329	20	1
210	329	20	1
253	329	20	1
124	330	20	1
129	330	20	1
131	330	20	1
150	330	20	1
157	330	20	1
179	330	20	1
181	330	20	5
213	330	20	1
136	331	20	2
177	331	20	1
180	331	20	1
186	331	20	1
201	331	20	1
240	331	20	5
255	331	20	1
104	332	20	1
113	332	20	3
176	332	20	1
179	332	20	1
180	332	20	2
191	332	20	1
199	332	20	2
216	332	20	1
218	332	20	1
96	333	20	1
117	333	20	1
132	333	20	1
175	333	20	1
176	333	20	1
193	333	20	3
204	333	20	1
227	333	20	1
143	334	20	1
151	334	20	2
158	334	20	3
160	334	20	4
224	334	20	2
244	334	20	1
253	334	20	1
256	334	20	1
258	334	20	1
179	335	20	1
182	335	20	1
210	335	20	1
239	335	20	1
137	336	20	2
188	336	20	1
200	336	20	1
207	336	20	1
222	336	20	1
224	336	20	1
173	337	20	1
194	337	20	1
217	337	20	1
220	337	20	2
246	337	20	1
169	338	20	1
226	338	20	1
186	339	20	1
249	339	20	1
201	340	20	2
233	340	20	1
242	340	20	1
248	340	20	2
167	341	20	1
230	341	20	2
234	341	20	1
237	341	20	2
246	341	20	2
185	342	20	1
210	343	20	1
229	343	20	1
243	343	20	1
245	343	20	2
161	344	20	2
181	344	20	1
216	344	20	1
242	344	20	1
244	344	20	1
183	345	20	1
223	345	20	1
240	345	20	1
243	345	20	1
162	346	20	2
213	346	20	2
217	346	20	2
202	347	20	3
161	348	20	1
173	348	20	1
192	348	20	1
232	348	20	1
236	348	20	1
178	349	20	1
190	349	20	1
192	349	20	1
195	349	20	1
212	349	20	5
235	349	20	1
165	350	20	1
169	350	20	1
207	350	20	1
231	350	20	1
237	350	20	1
206	351	20	2
183	352	20	1
186	352	20	1
197	352	20	2
173	353	20	2
178	353	20	1
184	353	20	1
208	354	20	1
230	354	20	1
200	355	20	1
210	355	20	2
180	357	20	1
199	357	20	2
207	357	20	3
215	357	20	1
220	357	20	1
178	358	20	1
211	358	20	2
175	359	20	1
178	359	20	2
191	359	20	2
200	359	20	1
176	360	20	1
179	360	20	2
186	360	20	1
219	360	20	1
176	361	20	1
192	362	20	1
204	363	20	2
193	364	20	1
197	365	20	1
142	224	21	1
172	224	21	1
159	225	21	1
180	225	21	1
155	226	21	2
183	226	21	3
161	228	21	3
182	228	21	5
156	229	21	1
154	230	21	1
173	230	21	1
188	230	21	1
110	231	21	1
137	231	21	1
162	232	21	1
136	233	21	1
129	234	21	1
134	235	21	1
132	236	21	1
133	236	21	3
141	236	21	2
146	236	21	2
147	236	21	1
127	237	21	1
132	237	21	2
136	237	21	2
138	237	21	1
144	237	21	1
146	237	21	2
172	237	21	1
178	237	21	1
128	238	21	1
132	238	21	1
149	238	21	2
151	238	21	3
200	238	21	1
139	239	21	3
195	239	21	2
126	240	21	1
128	240	21	4
132	240	21	1
146	240	21	1
150	240	21	1
190	240	21	1
214	240	21	1
241	240	21	2
126	241	21	1
133	241	21	1
135	241	21	1
137	241	21	3
147	241	21	2
152	241	21	1
214	241	21	1
126	242	21	1
136	242	21	3
143	242	21	2
215	242	21	1
109	243	21	3
116	243	21	1
129	243	21	1
138	243	21	1
141	243	21	1
143	243	21	1
146	243	21	2
152	243	21	1
213	243	21	1
132	244	21	2
141	244	21	3
145	244	21	1
102	245	21	1
149	245	21	1
214	245	21	2
215	245	21	1
217	245	21	1
137	246	21	2
132	247	21	1
149	247	21	1
197	247	21	1
173	248	21	1
212	248	21	2
134	249	21	1
131	250	21	2
217	250	21	4
217	251	21	1
232	251	21	1
220	252	21	1
197	253	21	1
225	253	21	1
223	254	21	1
225	254	21	1
228	254	21	2
169	255	21	2
223	255	21	2
225	255	21	2
230	255	21	2
231	255	21	2
231	256	21	2
161	257	21	1
200	257	21	1
232	257	21	2
124	258	21	1
140	258	21	1
252	258	21	3
160	259	21	1
163	259	21	3
181	260	21	2
231	260	21	1
130	261	21	2
137	262	21	1
163	262	21	2
189	262	21	1
133	263	21	2
219	263	21	2
161	264	21	1
163	264	21	1
175	264	21	1
181	264	21	1
135	265	21	1
162	265	21	2
215	265	21	2
222	265	21	1
221	266	21	1
164	267	21	1
155	268	21	1
154	269	21	2
208	269	21	1
115	270	21	1
126	270	21	1
235	270	21	1
115	271	21	1
174	271	21	1
117	272	21	2
124	272	21	1
125	272	21	4
159	272	21	2
166	272	21	5
167	272	21	2
175	272	21	1
120	273	21	1
122	273	21	1
133	273	21	3
157	273	21	1
164	273	21	2
177	273	21	2
178	273	21	3
225	273	21	1
227	274	21	1
265	274	21	1
165	275	21	1
175	275	21	1
176	275	21	2
177	275	21	2
219	275	21	1
136	276	21	1
165	276	21	2
173	276	21	1
175	276	21	1
223	276	21	1
169	277	21	1
172	277	21	2
174	277	21	1
157	278	21	1
171	278	21	2
221	278	21	2
169	279	21	3
176	279	21	2
177	279	21	1
178	279	21	2
216	279	21	1
225	279	21	1
266	279	21	2
147	280	21	1
167	280	21	2
168	280	21	1
204	280	21	1
205	280	21	3
169	281	21	1
175	281	21	3
219	281	21	1
170	282	21	3
217	282	21	1
224	282	21	1
150	283	21	1
173	283	21	2
217	283	21	2
206	284	21	1
215	284	21	2
222	284	21	1
224	284	21	1
123	285	21	3
237	285	21	2
101	286	21	1
220	286	21	2
152	287	21	1
219	287	21	2
223	287	21	2
251	287	21	1
134	288	21	3
186	288	21	4
205	288	21	1
220	288	21	1
271	288	21	1
219	290	21	1
220	290	21	1
221	290	21	1
222	290	21	1
106	291	21	1
178	291	21	2
244	292	21	1
268	292	21	2
196	293	21	1
217	293	21	1
187	294	21	2
218	294	21	1
269	294	21	1
140	295	21	1
217	295	21	1
218	295	21	1
245	295	21	2
193	296	21	2
218	296	21	3
194	297	21	2
162	298	21	1
230	298	21	1
232	298	21	1
192	299	21	1
131	300	21	1
153	300	21	1
239	300	21	1
252	301	21	1
236	302	21	2
264	302	21	1
146	303	21	1
186	303	21	1
211	303	21	2
240	303	21	1
187	304	21	1
235	304	21	1
266	304	21	1
210	305	21	2
223	305	21	1
242	305	21	2
181	306	21	2
203	306	21	1
231	306	21	1
210	307	21	1
260	307	21	2
180	308	21	1
231	308	21	1
232	308	21	2
240	308	21	1
259	308	21	2
261	308	21	1
264	308	21	1
170	309	21	1
209	309	21	2
261	309	21	1
264	309	21	1
112	310	21	1
114	310	21	1
132	310	21	1
149	310	21	1
162	310	21	1
166	310	21	1
230	310	21	1
257	310	21	1
177	311	21	1
199	311	21	2
260	311	21	2
148	312	21	1
179	312	21	2
203	312	21	1
230	312	21	1
256	312	21	1
257	312	21	3
258	312	21	1
116	313	21	1
238	313	21	1
172	314	21	1
175	314	21	2
205	314	21	2
237	314	21	1
179	315	21	2
256	315	21	2
181	316	21	1
254	316	21	1
178	317	21	1
232	317	21	1
257	317	21	1
177	318	21	1
182	318	21	1
233	318	21	2
266	318	21	1
241	319	21	1
258	319	21	1
92	320	21	2
257	320	21	2
258	320	21	1
262	320	21	1
118	321	21	2
132	321	21	1
183	321	21	2
187	321	21	2
256	321	21	1
178	322	21	1
187	322	21	1
199	322	21	2
181	323	21	2
192	323	21	1
200	323	21	2
227	323	21	1
243	323	21	1
261	323	21	1
178	324	21	1
180	324	21	1
184	324	21	4
186	324	21	2
188	324	21	1
195	324	21	1
196	324	21	1
181	325	21	1
186	325	21	2
187	325	21	1
195	325	21	1
199	325	21	1
96	326	21	1
181	326	21	2
94	327	21	1
156	327	21	1
147	328	21	1
202	328	21	1
260	328	21	1
99	329	21	1
100	329	21	1
98	330	21	1
131	330	21	1
228	330	21	2
141	331	21	2
257	331	21	1
260	331	21	2
138	332	21	3
210	333	21	1
220	333	21	1
260	334	21	1
181	335	21	2
142	336	21	2
211	336	21	1
145	338	21	2
176	338	21	2
180	338	21	1
175	339	21	1
189	339	21	1
242	339	21	3
160	340	21	1
163	340	21	4
177	340	21	2
215	341	21	1
169	342	21	2
239	342	21	2
240	344	21	1
241	344	21	3
244	344	21	1
241	345	21	2
180	346	21	1
173	349	21	1
198	349	21	2
212	349	21	1
221	354	21	2
169	356	21	1
168	359	21	1
179	360	21	2
195	361	21	1
154	230	22	1
162	230	22	1
131	234	22	2
134	234	22	1
139	234	22	1
140	234	22	1
136	235	22	2
142	235	22	1
143	235	22	1
145	235	22	1
136	236	22	1
140	236	22	1
129	237	22	2
132	239	22	1
141	239	22	3
144	239	22	2
149	239	22	2
213	239	22	1
125	240	22	1
129	240	22	2
141	240	22	2
154	240	22	2
216	240	22	2
132	241	22	1
137	241	22	1
139	241	22	3
140	241	22	1
148	241	22	1
214	241	22	1
215	241	22	1
129	242	22	1
132	242	22	1
134	242	22	1
135	242	22	1
144	242	22	1
136	243	22	1
149	243	22	1
152	243	22	1
145	244	22	2
136	245	22	1
132	246	22	2
217	250	22	3
216	251	22	2
223	252	22	1
221	254	22	1
229	255	22	2
163	256	22	1
196	256	22	1
228	256	22	1
161	257	22	1
199	257	22	2
237	257	22	2
163	258	22	1
197	258	22	2
161	260	22	1
162	260	22	1
163	261	22	1
163	264	22	3
122	267	22	2
121	268	22	1
122	268	22	1
157	268	22	1
158	268	22	1
162	268	22	1
122	269	22	1
155	269	22	1
122	270	22	2
125	270	22	1
127	270	22	1
155	270	22	1
158	270	22	1
119	271	22	3
165	271	22	2
176	271	22	2
181	271	22	2
116	272	22	1
155	272	22	1
168	272	22	1
177	272	22	2
118	273	22	1
170	273	22	2
174	273	22	2
177	273	22	2
179	273	22	1
165	274	22	3
168	274	22	1
174	274	22	1
164	275	22	1
177	275	22	2
178	275	22	3
227	275	22	2
176	276	22	2
170	277	22	1
176	277	22	1
176	278	22	3
230	279	22	1
167	280	22	1
170	280	22	3
173	280	22	1
178	280	22	2
224	280	22	1
172	281	22	1
170	282	22	2
175	282	22	1
226	282	22	2
202	284	22	2
271	284	22	1
224	285	22	1
226	285	22	2
271	287	22	2
222	292	22	1
218	293	22	1
241	293	22	1
266	294	22	1
217	295	22	1
220	297	22	1
268	297	22	1
216	299	22	1
214	300	22	1
267	300	22	1
210	301	22	3
211	301	22	2
264	302	22	4
238	303	22	2
266	303	22	1
185	304	22	1
186	304	22	1
210	304	22	1
236	304	22	2
185	305	22	1
236	305	22	1
240	305	22	1
232	306	22	1
207	307	22	2
234	307	22	1
262	307	22	1
238	308	22	1
208	309	22	1
207	310	22	1
209	310	22	1
250	310	22	2
260	310	22	2
206	311	22	1
260	312	22	4
175	313	22	3
233	313	22	1
260	313	22	1
261	313	22	1
200	314	22	2
236	314	22	1
261	314	22	1
179	315	22	1
226	315	22	1
257	315	22	1
263	315	22	2
262	316	22	1
179	317	22	2
236	317	22	1
180	319	22	2
182	321	22	1
191	321	22	1
185	322	22	1
258	322	22	1
259	322	22	2
197	323	22	1
258	323	22	1
259	323	22	1
179	324	22	1
181	324	22	2
183	324	22	2
196	324	22	1
200	324	22	1
188	325	22	4
199	325	22	1
215	325	22	1
202	326	22	2
259	326	22	1
260	326	22	2
202	327	22	1
184	328	22	1
199	328	22	1
99	329	22	1
184	330	22	2
94	331	22	3
181	331	22	3
100	332	22	1
180	334	22	1
176	335	22	1
177	338	22	3
179	339	22	1
235	340	22	2
240	343	22	1
243	343	22	2
245	343	22	2
242	344	22	1
156	225	23	1
157	225	23	1
175	225	23	2
180	225	23	2
157	231	23	3
138	234	23	1
140	234	23	1
143	234	23	2
140	235	23	1
143	235	23	2
144	235	23	1
145	235	23	2
144	236	23	1
146	236	23	1
142	237	23	1
214	237	23	2
139	238	23	1
140	238	23	1
145	238	23	1
217	238	23	2
138	239	23	1
130	241	23	1
135	241	23	1
136	241	23	1
145	241	23	1
149	241	23	1
146	242	23	2
213	242	23	1
130	243	23	2
132	243	23	1
145	244	23	1
215	246	23	1
227	249	23	1
218	250	23	2
222	252	23	1
223	253	23	2
196	254	23	2
162	255	23	3
197	255	23	1
226	255	23	1
163	256	23	2
198	256	23	2
224	257	23	1
228	257	23	1
119	263	23	2
122	264	23	1
121	267	23	1
127	268	23	2
163	268	23	1
117	269	23	1
122	269	23	1
240	269	23	1
120	270	23	1
156	270	23	2
165	270	23	1
166	271	23	1
168	271	23	3
154	272	23	3
167	272	23	1
168	273	23	1
177	273	23	2
169	274	23	2
167	275	23	1
140	276	23	2
172	276	23	1
166	277	23	2
176	277	23	2
168	278	23	1
176	278	23	1
177	278	23	1
170	279	23	2
179	279	23	1
219	279	23	1
176	280	23	2
168	281	23	1
169	281	23	1
173	282	23	1
176	282	23	1
206	282	23	1
174	283	23	1
173	284	23	1
176	284	23	3
226	284	23	3
222	291	23	1
269	291	23	1
268	292	23	1
271	293	23	2
217	294	23	1
266	294	23	1
269	294	23	1
266	295	23	1
266	298	23	1
267	298	23	2
268	298	23	1
269	298	23	1
190	299	23	1
215	299	23	1
207	301	23	1
235	301	23	2
236	301	23	2
264	301	23	1
268	301	23	1
266	302	23	1
212	304	23	1
237	304	23	1
234	305	23	1
264	305	23	1
265	305	23	1
183	306	23	1
239	306	23	2
181	307	23	1
205	307	23	1
206	307	23	2
207	307	23	5
240	307	23	1
259	307	23	1
241	308	23	1
261	308	23	1
262	308	23	1
179	309	23	1
203	309	23	1
204	309	23	1
257	309	23	1
176	310	23	1
230	311	23	1
240	311	23	1
260	311	23	1
173	312	23	1
175	312	23	1
176	312	23	1
203	312	23	1
237	312	23	1
260	312	23	1
261	312	23	1
239	313	23	1
258	313	23	1
262	313	23	3
176	314	23	2
232	314	23	1
263	314	23	1
203	315	23	3
245	315	23	1
257	315	23	1
258	315	23	4
172	316	23	2
261	316	23	1
264	316	23	1
179	317	23	1
181	317	23	2
265	317	23	2
182	318	23	2
257	318	23	1
261	318	23	1
262	318	23	1
182	319	23	1
241	319	23	1
256	319	23	2
258	319	23	1
261	319	23	1
262	319	23	2
183	321	23	2
187	321	23	1
260	321	23	2
236	322	23	1
256	322	23	3
259	322	23	3
185	323	23	1
260	324	23	1
192	326	23	1
194	326	23	1
259	326	23	1
99	327	23	1
184	327	23	2
97	328	23	1
96	329	23	1
183	329	23	2
186	329	23	1
180	330	23	1
257	330	23	1
259	330	23	1
201	331	23	2
260	331	23	1
180	332	23	2
260	332	23	2
182	333	23	1
192	334	23	2
146	335	23	1
260	336	23	2
240	342	23	3
242	342	23	2
243	343	23	1
240	345	23	1
242	345	23	1
176	358	23	1
181	223	24	2
178	224	24	1
179	224	24	1
160	225	24	1
156	226	24	2
174	226	24	1
178	226	24	1
157	227	24	1
154	229	24	1
157	229	24	1
162	231	24	1
135	234	24	2
138	234	24	2
143	234	24	1
146	234	24	1
151	234	24	1
136	235	24	1
145	235	24	1
151	235	24	1
141	236	24	1
146	236	24	1
151	236	24	1
150	237	24	1
132	238	24	1
137	238	24	1
143	238	24	2
148	238	24	1
150	238	24	1
151	238	24	1
132	239	24	2
137	240	24	1
146	240	24	1
132	241	24	1
140	241	24	1
226	242	24	1
132	243	24	1
134	243	24	1
137	244	24	2
139	244	24	1
141	244	24	2
147	244	24	2
137	245	24	1
227	246	24	1
140	247	24	1
228	247	24	1
215	248	24	1
140	249	24	1
216	249	24	1
230	249	24	2
222	251	24	1
131	252	24	1
134	252	24	1
225	252	24	1
141	253	24	2
140	254	24	1
227	254	24	1
142	256	24	2
194	257	24	1
196	258	24	1
199	258	24	1
118	260	24	1
120	261	24	1
196	261	24	1
116	262	24	1
117	262	24	1
118	262	24	2
119	262	24	1
124	262	24	3
219	262	24	1
223	262	24	2
117	263	24	1
120	263	24	1
217	263	24	1
221	263	24	1
117	264	24	2
117	265	24	1
118	265	24	1
216	265	24	1
117	266	24	1
119	266	24	1
166	268	24	1
210	268	24	1
162	269	24	1
165	269	24	3
184	270	24	1
131	271	24	1
182	273	24	1
166	275	24	1
167	275	24	1
170	276	24	1
171	276	24	1
181	276	24	1
170	277	24	1
176	277	24	1
177	277	24	1
220	277	24	1
179	278	24	4
180	278	24	1
168	279	24	1
170	279	24	1
173	279	24	1
180	279	24	1
169	280	24	2
170	280	24	1
174	280	24	1
168	281	24	1
171	281	24	1
176	282	24	1
173	283	24	1
204	283	24	1
276	286	24	1
275	288	24	2
277	288	24	1
276	289	24	3
225	290	24	1
270	290	24	3
274	290	24	1
222	291	24	1
275	291	24	1
269	292	24	2
271	293	24	1
194	294	24	1
237	294	24	1
271	295	24	1
236	297	24	1
213	299	24	1
236	299	24	1
237	299	24	1
264	299	24	1
265	299	24	1
189	300	24	1
238	300	24	1
235	301	24	1
238	301	24	1
267	301	24	2
235	302	24	1
240	302	24	1
263	302	24	1
266	302	24	3
186	304	24	1
235	304	24	2
237	304	24	3
241	304	24	2
263	304	24	1
240	305	24	1
264	305	24	1
239	306	24	1
241	306	24	2
262	306	24	2
263	306	24	2
259	307	24	1
260	307	24	1
202	308	24	1
260	308	24	1
264	308	24	1
181	309	24	2
237	309	24	1
259	309	24	1
261	309	24	1
240	310	24	1
260	310	24	1
234	311	24	1
257	311	24	1
260	311	24	1
266	311	24	1
200	312	24	1
240	312	24	1
255	312	24	2
177	313	24	1
199	313	24	1
264	313	24	3
175	314	24	1
211	314	24	1
234	314	24	1
257	314	24	1
259	314	24	1
263	314	24	1
175	315	24	2
211	315	24	1
258	315	24	2
185	317	24	1
184	319	24	2
253	319	24	1
257	319	24	1
258	319	24	1
261	319	24	3
166	320	24	2
185	320	24	2
239	320	24	2
164	321	24	1
181	321	24	1
260	321	24	4
179	323	24	1
187	323	24	4
161	324	24	3
186	324	24	1
185	325	24	1
185	326	24	2
258	326	24	1
261	326	24	1
157	327	24	2
183	327	24	1
184	327	24	2
259	328	24	1
99	329	24	1
157	329	24	1
97	330	24	3
101	330	24	1
103	330	24	1
153	331	24	1
180	331	24	2
260	331	24	2
261	331	24	1
97	332	24	2
102	332	24	1
260	332	24	2
258	333	24	2
259	333	24	1
257	334	24	1
258	334	24	3
259	334	24	1
245	335	24	2
257	335	24	2
181	336	24	2
258	336	24	1
259	336	24	3
186	360	24	1
179	222	25	1
180	222	25	1
179	223	25	1
155	228	25	1
158	228	25	2
163	233	25	1
152	234	25	2
134	235	25	1
135	235	25	1
142	235	25	1
150	235	25	1
133	236	25	1
141	237	25	2
247	237	25	1
140	238	25	2
246	238	25	2
131	239	25	1
133	239	25	2
135	239	25	2
136	239	25	1
138	239	25	3
132	240	25	2
228	240	25	2
134	241	25	1
135	241	25	1
131	243	25	2
133	244	25	1
135	244	25	1
134	245	25	2
133	246	25	1
135	246	25	1
144	246	25	3
140	247	25	2
195	249	25	2
138	250	25	2
136	251	25	1
136	253	25	1
225	253	25	3
223	260	25	1
118	261	25	1
121	261	25	1
199	261	25	1
123	262	25	1
119	263	25	1
219	263	25	1
120	264	25	1
215	264	25	2
126	265	25	2
122	266	25	3
123	266	25	2
261	266	25	2
181	271	25	1
180	274	25	2
175	276	25	1
178	276	25	1
176	278	25	1
165	279	25	2
170	279	25	1
177	279	25	1
276	280	25	1
177	281	25	1
165	282	25	2
169	282	25	2
174	282	25	3
277	288	25	1
199	289	25	1
277	290	25	1
271	291	25	1
266	292	25	4
269	294	25	2
266	296	25	1
266	297	25	2
238	299	25	1
237	300	25	1
266	300	25	1
240	301	25	1
264	301	25	1
237	302	25	2
238	302	25	1
234	305	25	1
235	305	25	3
236	305	25	1
233	306	25	1
236	307	25	1
243	308	25	4
230	309	25	1
208	310	25	1
260	310	25	1
206	311	25	1
208	311	25	1
233	311	25	1
258	311	25	2
260	311	25	2
262	311	25	1
208	312	25	2
230	312	25	1
259	312	25	1
260	313	25	2
209	314	25	1
232	314	25	1
256	314	25	1
258	314	25	1
262	314	25	1
176	315	25	2
210	316	25	1
257	317	25	4
261	317	25	2
258	318	25	3
259	318	25	1
256	319	25	2
258	319	25	1
240	320	25	1
257	320	25	1
238	321	25	1
258	321	25	1
239	323	25	4
237	324	25	1
259	324	25	2
258	327	25	1
107	331	25	1
259	331	25	2
153	332	25	1
180	221	26	3
180	222	26	2
183	222	26	2
180	223	26	1
179	224	26	1
178	226	26	2
157	228	26	2
157	230	26	1
159	230	26	2
168	230	26	1
157	231	26	1
142	233	26	1
144	234	26	1
152	234	26	1
136	235	26	1
139	235	26	1
249	235	26	1
250	235	26	1
145	236	26	1
250	236	26	1
134	237	26	1
140	237	26	2
246	237	26	1
248	237	26	1
249	237	26	1
136	238	26	2
143	238	26	1
144	238	26	2
246	238	26	1
248	238	26	3
131	239	26	2
134	239	26	3
240	239	26	1
136	240	26	1
110	241	26	2
131	241	26	1
226	241	26	1
101	242	26	1
132	243	26	2
226	243	26	1
235	243	26	3
136	244	26	1
134	245	26	2
226	246	26	1
228	247	26	2
223	248	26	2
230	248	26	1
125	251	26	1
229	251	26	2
226	252	26	2
227	253	26	1
124	255	26	1
122	257	26	1
120	259	26	1
123	259	26	1
125	266	26	2
120	268	26	1
126	268	26	2
127	268	26	1
211	268	26	1
119	269	26	1
121	269	26	1
122	269	26	3
123	269	26	1
126	269	26	1
122	270	26	1
127	270	26	1
124	271	26	1
178	275	26	2
171	276	26	2
172	276	26	2
177	276	26	1
169	278	26	1
177	278	26	2
163	279	26	1
171	279	26	1
172	279	26	2
176	279	26	2
274	280	26	1
172	281	26	1
273	281	26	2
167	282	26	1
274	282	26	1
176	283	26	1
181	287	26	3
268	293	26	3
272	293	26	1
266	297	26	1
267	298	26	1
231	309	26	1
262	309	26	1
230	310	26	2
209	311	26	1
259	311	26	1
260	311	26	1
262	311	26	2
243	312	26	1
257	312	26	1
208	313	26	2
209	313	26	1
211	314	26	1
260	314	26	1
262	314	26	2
258	315	26	1
210	316	26	3
257	316	26	2
258	316	26	2
260	316	26	2
256	317	26	2
262	317	26	2
258	318	26	3
237	319	26	1
259	319	26	1
241	320	26	1
242	322	26	2
238	323	26	1
259	331	26	1
186	359	26	2
183	222	27	2
180	223	27	1
179	226	27	1
160	229	27	1
161	231	27	1
162	231	27	2
164	231	27	2
161	232	27	5
162	232	27	2
163	232	27	1
166	232	27	1
155	233	27	2
144	234	27	1
146	234	27	1
152	234	27	1
154	234	27	1
245	234	27	1
145	235	27	1
250	235	27	1
245	236	27	1
249	236	27	2
135	237	27	1
136	237	27	1
137	237	27	1
138	237	27	1
241	237	27	2
138	238	27	2
146	238	27	2
241	238	27	1
244	238	27	1
246	238	27	1
249	238	27	1
132	239	27	2
135	239	27	1
182	239	27	3
242	239	27	2
243	239	27	1
135	241	27	1
134	243	27	1
193	251	27	1
226	252	27	1
120	256	27	1
122	256	27	2
122	257	27	2
125	257	27	2
124	258	27	1
119	268	27	1
126	268	27	2
122	270	27	1
126	270	27	1
127	270	27	2
174	276	27	1
167	279	27	1
174	279	27	1
175	279	27	1
175	280	27	1
170	281	27	2
177	281	27	2
275	281	27	2
165	282	27	1
173	282	27	1
178	282	27	1
275	282	27	1
178	283	27	1
273	283	27	1
173	284	27	2
178	286	27	2
271	291	27	1
177	294	27	2
191	294	27	1
195	294	27	1
270	294	27	1
192	295	27	1
264	302	27	2
235	308	27	1
240	308	27	1
203	309	27	1
233	309	27	1
237	309	27	1
257	309	27	1
261	309	27	2
230	310	27	1
209	311	27	1
258	312	27	1
259	312	27	3
213	313	27	2
202	314	27	1
209	315	27	1
210	315	27	1
259	316	27	1
261	317	27	1
239	318	27	1
239	319	27	2
240	320	27	1
238	322	27	1
236	324	27	1
261	324	27	1
233	326	27	3
96	328	27	1
186	360	27	1
115	228	28	1
160	231	28	1
163	231	28	1
166	234	28	2
145	235	28	1
153	235	28	1
243	235	28	1
136	236	28	2
248	236	28	1
249	236	28	1
251	236	28	3
136	237	28	1
242	237	28	1
248	237	28	1
249	237	28	2
147	238	28	2
185	238	28	2
246	238	28	1
250	238	28	1
144	239	28	2
134	240	28	1
139	240	28	1
140	240	28	1
179	241	28	1
185	241	28	1
186	241	28	1
137	242	28	2
230	245	28	2
231	245	28	2
193	246	28	1
234	249	28	1
234	251	28	1
126	252	28	1
127	252	28	1
124	254	28	4
126	254	28	1
125	255	28	2
126	257	28	1
257	264	28	2
259	266	28	1
124	267	28	1
127	267	28	2
121	268	28	1
122	268	28	1
124	269	28	2
127	271	28	2
170	271	28	1
167	272	28	1
134	276	28	1
129	277	28	1
171	277	28	1
173	277	28	1
128	278	28	1
171	279	28	1
172	279	28	1
177	280	28	1
275	280	28	1
274	281	28	1
165	282	28	1
178	282	28	1
275	282	28	2
165	283	28	1
170	283	28	1
171	283	28	1
173	283	28	1
275	283	28	1
168	284	28	1
275	284	28	2
164	285	28	2
167	285	28	1
168	285	28	2
169	285	28	2
178	285	28	1
166	287	28	3
168	288	28	2
192	292	28	4
193	294	28	4
227	307	28	2
228	307	28	1
234	307	28	4
225	308	28	2
204	310	28	2
222	310	28	2
211	311	28	1
247	311	28	1
211	313	28	2
259	313	28	1
260	314	28	1
209	315	28	1
259	315	28	1
259	316	28	1
242	317	28	2
259	317	28	2
261	317	28	1
262	317	28	1
239	319	28	1
241	319	28	1
239	321	28	1
235	323	28	1
232	325	28	2
96	327	28	1
133	328	28	1
96	331	28	1
96	332	28	2
185	357	28	1
116	223	29	2
112	228	29	2
171	231	29	1
162	232	29	3
191	236	29	2
250	236	29	2
142	237	29	1
250	237	29	1
179	238	29	1
250	238	29	3
251	238	29	1
183	239	29	2
186	239	29	4
115	240	29	2
178	240	29	2
179	240	29	2
183	240	29	1
186	240	29	1
185	241	29	1
134	242	29	1
237	242	29	1
188	243	29	1
193	243	29	1
186	244	29	2
192	244	29	1
191	245	29	1
236	246	29	2
226	250	29	1
127	253	29	2
131	257	29	1
134	259	29	1
135	263	29	1
257	268	29	1
168	270	29	2
124	271	29	1
129	271	29	1
121	272	29	1
124	272	29	1
125	272	29	1
166	273	29	1
167	273	29	1
168	273	29	1
137	275	29	1
168	275	29	1
170	275	29	1
171	275	29	2
174	277	29	1
170	279	29	1
175	279	29	1
164	280	29	2
175	280	29	2
175	281	29	1
276	281	29	3
161	282	29	2
162	282	29	1
175	282	29	1
274	282	29	1
275	282	29	2
276	282	29	2
174	283	29	2
276	283	29	1
161	284	29	1
164	284	29	2
167	284	29	2
276	284	29	1
277	284	29	1
176	285	29	1
169	286	29	1
169	287	29	3
177	296	29	2
183	297	29	2
181	299	29	2
235	304	29	1
204	307	29	1
235	307	29	1
236	307	29	1
204	308	29	2
206	308	29	2
203	309	29	1
204	309	29	1
227	309	29	1
111	310	29	1
206	311	29	1
207	311	29	1
249	311	29	1
204	312	29	2
208	312	29	1
211	312	29	2
212	312	29	1
205	313	29	1
221	313	29	2
258	313	29	1
207	314	29	1
212	315	29	1
241	316	29	1
255	316	29	1
262	317	29	2
243	319	29	2
126	324	29	1
123	325	29	1
126	325	29	1
93	327	29	4
94	327	29	1
227	327	29	1
95	328	29	1
96	328	29	4
130	329	29	1
134	329	29	1
95	330	29	2
97	330	29	1
95	331	29	2
97	331	29	2
94	332	29	1
95	333	29	1
191	346	29	4
187	360	29	2
220	360	29	2
187	361	29	1
114	226	30	1
175	238	30	1
181	238	30	1
117	239	30	1
181	239	30	1
184	239	30	1
186	239	30	1
181	240	30	1
184	240	30	2
179	241	30	1
172	242	30	1
181	242	30	1
183	243	30	1
186	243	30	2
189	243	30	2
191	245	30	1
125	255	30	2
250	255	30	1
126	256	30	1
127	256	30	2
129	256	30	1
123	257	30	1
126	258	30	1
250	258	30	1
129	259	30	2
131	260	30	2
259	266	30	1
127	267	30	1
262	267	30	2
258	268	30	2
260	268	30	1
126	269	30	3
259	269	30	2
134	270	30	1
165	270	30	1
168	270	30	1
124	271	30	1
127	271	30	1
138	271	30	2
124	272	30	2
125	272	30	1
129	272	30	1
165	272	30	1
138	273	30	4
167	273	30	1
170	274	30	1
143	275	30	1
142	277	30	1
159	279	30	2
163	279	30	3
164	280	30	4
165	281	30	1
275	282	30	1
276	283	30	2
274	284	30	1
275	284	30	1
165	285	30	1
275	285	30	2
165	287	30	1
170	287	30	1
162	288	30	1
176	292	30	2
194	305	30	1
194	306	30	1
198	307	30	1
189	308	30	1
205	308	30	1
190	309	30	1
208	310	30	1
212	310	30	1
249	310	30	1
207	312	30	1
208	312	30	1
206	313	30	1
210	316	30	2
128	324	30	1
129	324	30	1
99	327	30	2
99	329	30	2
98	330	30	2
93	331	30	1
97	331	30	2
98	331	30	1
141	331	30	1
95	332	30	1
218	361	30	1
220	363	30	1
190	232	31	1
139	239	31	2
178	240	31	1
178	241	31	1
183	241	31	1
188	241	31	1
179	242	31	2
175	243	31	3
184	243	31	1
185	243	31	1
186	243	31	1
188	243	31	1
173	245	31	1
185	245	31	1
186	245	31	1
187	245	31	1
188	245	31	3
190	245	31	1
174	246	31	2
124	256	31	1
128	256	31	1
123	257	31	1
147	257	31	1
133	258	31	3
124	259	31	2
129	259	31	2
255	259	31	2
131	260	31	1
258	262	31	1
257	263	31	1
261	264	31	1
258	265	31	1
259	265	31	1
261	265	31	3
264	266	31	1
127	267	31	2
258	267	31	1
260	267	31	1
261	267	31	2
125	268	31	2
126	268	31	4
260	268	31	1
261	268	31	1
129	269	31	1
125	270	31	1
129	271	31	1
135	271	31	1
136	271	31	1
137	271	31	1
260	271	31	1
163	273	31	1
143	274	31	1
162	274	31	1
166	277	31	1
168	277	31	1
262	279	31	1
259	280	31	1
276	281	31	2
259	282	31	1
261	282	31	1
275	282	31	1
276	282	31	1
165	283	31	1
167	283	31	1
275	283	31	1
276	283	31	2
166	284	31	1
167	284	31	1
275	284	31	1
163	285	31	1
166	285	31	1
162	286	31	1
163	286	31	1
167	287	31	1
162	288	31	3
166	288	31	1
168	288	31	1
169	288	31	2
166	290	31	1
170	292	31	1
172	292	31	2
182	298	31	2
191	307	31	1
197	307	31	1
206	307	31	1
187	308	31	1
188	308	31	1
193	308	31	1
205	308	31	1
190	309	31	2
206	309	31	1
187	310	31	1
210	311	31	1
222	312	31	1
200	315	31	1
211	315	31	1
220	315	31	2
211	317	31	2
206	319	31	3
212	319	31	1
242	321	31	1
236	323	31	2
128	325	31	1
98	326	31	2
96	328	31	1
98	329	31	1
95	330	31	3
93	331	31	1
95	331	31	1
96	331	31	2
97	331	31	1
96	332	31	1
98	332	31	2
97	333	31	1
96	334	31	1
174	339	31	1
187	346	31	1
182	349	31	1
188	349	31	1
184	350	31	3
223	361	31	1
219	363	31	1
113	226	32	1
181	240	32	3
185	241	32	1
181	242	32	2
183	242	32	1
185	242	32	1
186	242	32	1
183	243	32	1
172	244	32	1
173	244	32	1
178	244	32	1
181	244	32	1
182	244	32	1
180	245	32	1
181	245	32	1
186	245	32	1
190	245	32	1
175	247	32	1
149	251	32	1
148	253	32	1
250	255	32	1
134	257	32	1
149	257	32	1
132	258	32	1
165	258	32	3
133	259	32	1
157	259	32	1
128	260	32	1
168	260	32	2
256	261	32	2
126	264	32	1
126	265	32	1
258	265	32	1
259	265	32	1
261	265	32	1
262	265	32	3
124	267	32	1
130	267	32	2
259	267	32	2
126	268	32	2
165	268	32	1
260	268	32	2
126	269	32	1
127	269	32	3
129	269	32	2
130	269	32	1
259	269	32	3
263	270	32	1
124	271	32	1
139	272	32	1
165	272	32	2
140	273	32	1
166	273	32	1
167	273	32	1
167	274	32	2
164	276	32	2
157	277	32	1
262	277	32	4
159	279	32	1
167	280	32	2
261	280	32	1
275	281	32	2
276	281	32	1
276	282	32	1
165	283	32	1
161	284	32	1
164	284	32	2
163	285	32	1
163	287	32	1
166	289	32	1
165	295	32	1
177	298	32	1
116	304	32	1
118	304	32	2
114	307	32	2
114	308	32	1
187	308	32	2
188	308	32	1
194	308	32	1
196	308	32	2
205	308	32	1
188	309	32	2
210	309	32	1
195	310	32	1
196	310	32	1
111	311	32	2
196	311	32	1
198	311	32	2
207	311	32	1
210	311	32	1
225	311	32	3
244	311	32	1
246	311	32	1
112	312	32	1
193	312	32	1
201	312	32	1
207	312	32	1
211	312	32	1
247	312	32	1
212	313	32	1
197	314	32	1
211	315	32	1
223	315	32	1
207	319	32	1
211	320	32	2
212	320	32	1
245	320	32	1
246	320	32	1
209	321	32	1
242	321	32	1
238	323	32	1
92	330	32	1
97	330	32	2
94	331	32	3
99	333	32	1
96	334	32	1
187	345	32	1
188	346	32	2
186	347	32	2
189	347	32	1
180	352	32	1
175	359	32	2
179	360	32	1
215	360	32	1
113	225	33	2
112	228	33	2
176	242	33	2
181	244	33	2
194	244	33	1
183	245	33	3
185	245	33	2
134	253	33	1
134	255	33	4
133	257	33	4
252	258	33	1
257	258	33	1
129	259	33	1
252	259	33	1
132	260	33	1
149	260	33	1
255	260	33	1
128	261	33	1
129	261	33	3
158	261	33	1
256	261	33	1
130	262	33	4
158	262	33	1
128	263	33	1
129	263	33	3
132	263	33	1
169	263	33	1
126	264	33	2
157	264	33	3
126	266	33	1
128	266	33	1
266	266	33	2
128	267	33	1
261	267	33	2
263	267	33	2
266	267	33	1
128	268	33	1
124	269	33	1
127	269	33	1
128	269	33	1
125	270	33	2
263	270	33	1
266	270	33	1
157	273	33	1
262	273	33	2
261	274	33	1
162	275	33	3
158	276	33	1
159	276	33	1
261	276	33	1
164	277	33	1
146	278	33	1
262	278	33	1
152	280	33	2
161	283	33	1
163	283	33	3
165	284	33	1
124	285	33	2
164	285	33	1
160	286	33	1
161	286	33	1
162	286	33	1
161	291	33	2
125	292	33	4
121	293	33	1
118	298	33	1
169	299	33	3
121	300	33	1
117	301	33	1
119	301	33	2
120	301	33	2
118	305	33	1
116	308	33	2
190	308	33	1
199	308	33	2
186	309	33	1
195	309	33	1
198	309	33	1
112	310	33	2
191	310	33	3
193	310	33	1
208	310	33	1
115	311	33	1
194	311	33	1
198	311	33	1
199	311	33	1
206	311	33	1
196	312	33	2
198	312	33	2
199	312	33	2
205	312	33	1
113	313	33	2
248	313	33	2
111	314	33	1
209	314	33	2
247	315	33	1
249	316	33	3
243	318	33	1
199	319	33	1
201	319	33	1
203	319	33	1
206	319	33	1
210	321	33	1
236	321	33	1
243	322	33	2
239	323	33	1
95	329	33	1
100	329	33	2
92	330	33	1
196	331	33	1
98	333	33	4
193	333	33	2
203	333	33	2
204	333	33	1
205	333	33	1
214	341	33	1
215	343	33	2
212	344	33	1
206	345	33	1
208	346	33	2
182	348	33	2
183	348	33	1
187	348	33	1
189	348	33	1
190	348	33	1
197	348	33	2
210	348	33	2
186	349	33	1
192	349	33	1
209	349	33	1
210	349	33	1
181	350	33	1
187	350	33	3
181	352	33	1
184	352	33	1
211	352	33	1
177	353	33	1
181	353	33	1
179	357	33	1
177	360	33	1
116	225	34	1
114	227	34	2
113	228	34	1
139	234	34	2
136	237	34	3
137	237	34	5
140	240	34	1
174	240	34	1
138	243	34	1
176	243	34	3
197	244	34	2
199	245	34	1
134	250	34	1
135	252	34	2
134	253	34	1
136	254	34	3
133	255	34	1
138	256	34	1
147	257	34	1
252	257	34	2
137	258	34	3
148	258	34	1
132	259	34	3
134	259	34	1
151	259	34	1
131	261	34	2
133	261	34	1
134	261	34	1
159	262	34	1
126	263	34	1
127	263	34	2
129	263	34	1
126	265	34	3
129	265	34	1
154	265	34	1
129	266	34	2
130	267	34	1
154	267	34	2
158	267	34	2
264	267	34	1
128	268	34	1
260	268	34	1
263	268	34	2
266	268	34	1
129	269	34	1
126	270	34	1
262	270	34	1
162	271	34	1
166	271	34	1
157	272	34	1
158	272	34	1
159	273	34	1
161	273	34	2
157	274	34	1
260	274	34	1
162	275	34	1
166	275	34	2
262	276	34	2
164	277	34	2
163	278	34	1
158	279	34	1
158	280	34	1
261	281	34	2
262	281	34	1
259	282	34	1
157	283	34	1
165	283	34	1
262	283	34	1
125	284	34	1
124	287	34	1
122	290	34	2
161	290	34	1
165	294	34	3
121	296	34	1
253	296	34	1
122	297	34	1
165	297	34	2
118	298	34	2
170	298	34	2
172	300	34	1
118	301	34	2
121	302	34	1
116	303	34	2
119	304	34	1
114	305	34	2
116	305	34	2
118	308	34	2
188	308	34	2
191	308	34	1
192	308	34	2
112	309	34	1
116	309	34	3
186	309	34	1
195	309	34	1
197	309	34	1
112	310	34	1
187	310	34	1
190	310	34	2
191	310	34	3
192	310	34	1
200	310	34	1
112	311	34	3
115	311	34	2
192	311	34	3
199	311	34	1
110	312	34	1
191	312	34	1
198	312	34	1
205	313	34	1
111	314	34	2
114	314	34	1
113	316	34	1
244	316	34	1
124	317	34	2
244	317	34	2
245	317	34	4
123	318	34	1
241	319	34	2
201	321	34	1
131	322	34	1
236	324	34	1
239	324	34	1
235	325	34	2
146	327	34	1
94	328	34	1
96	328	34	1
96	329	34	1
100	329	34	1
189	331	34	1
98	332	34	1
100	332	34	2
98	333	34	1
126	333	34	4
194	333	34	2
201	333	34	2
193	334	34	1
197	334	34	2
201	334	34	1
202	334	34	1
192	335	34	1
193	335	34	1
192	336	34	1
194	336	34	1
192	337	34	1
194	337	34	1
215	337	34	1
190	340	34	1
213	341	34	2
192	344	34	2
200	344	34	3
201	344	34	2
205	346	34	1
185	348	34	1
207	348	34	1
213	348	34	1
215	348	34	1
205	349	34	1
181	352	34	1
187	352	34	1
204	352	34	1
207	352	34	3
205	353	34	1
187	354	34	2
206	354	34	1
180	355	34	3
182	355	34	3
177	357	34	1
181	358	34	1
180	360	34	1
218	362	34	1
117	226	35	1
114	229	35	1
117	230	35	1
123	232	35	1
121	234	35	2
123	235	35	1
129	236	35	1
139	237	35	1
129	238	35	1
138	238	35	1
139	238	35	1
143	240	35	1
139	241	35	1
140	242	35	1
210	246	35	1
130	252	35	1
134	252	35	1
128	255	35	3
135	255	35	3
138	255	35	1
129	257	35	1
134	257	35	1
136	257	35	1
137	257	35	1
138	257	35	1
136	259	35	2
255	259	35	1
258	259	35	2
143	260	35	1
131	261	35	1
132	261	35	2
126	262	35	1
160	262	35	2
128	263	35	1
156	263	35	2
127	264	35	1
146	264	35	1
157	264	35	1
157	265	35	3
126	266	35	1
263	266	35	1
265	266	35	1
266	266	35	3
263	267	35	1
130	268	35	2
130	269	35	1
135	271	35	1
156	271	35	2
159	272	35	1
255	272	35	1
142	273	35	1
143	273	35	2
159	273	35	2
164	273	35	1
140	274	35	1
146	274	35	1
161	274	35	1
163	274	35	1
258	274	35	1
160	275	35	2
161	275	35	1
162	276	35	2
166	276	35	1
260	276	35	1
145	277	35	2
261	277	35	2
262	277	35	1
149	278	35	2
162	278	35	1
161	279	35	2
163	279	35	2
260	279	35	4
164	280	35	1
158	282	35	1
259	282	35	1
262	282	35	1
161	283	35	1
162	283	35	1
159	284	35	2
146	285	35	2
123	286	35	1
125	286	35	1
123	287	35	2
122	288	35	1
125	289	35	1
123	290	35	1
121	294	35	2
160	294	35	1
162	294	35	1
122	297	35	1
120	298	35	2
118	300	35	1
120	300	35	2
169	300	35	1
173	300	35	2
118	302	35	1
121	303	35	1
175	303	35	2
119	304	35	1
174	304	35	1
175	304	35	2
121	305	35	2
117	306	35	2
114	307	35	1
116	307	35	1
120	307	35	1
176	307	35	1
182	307	35	1
114	308	35	2
115	308	35	1
181	308	35	3
189	308	35	2
112	309	35	1
114	309	35	1
193	309	35	1
196	309	35	1
193	310	35	1
114	311	35	2
190	311	35	3
192	311	35	2
195	311	35	1
198	311	35	1
250	311	35	2
114	312	35	2
116	312	35	2
248	312	35	3
195	313	35	1
110	314	35	2
112	314	35	2
108	316	35	1
109	317	35	1
125	317	35	1
126	317	35	2
122	319	35	1
242	319	35	3
124	320	35	2
241	320	35	1
133	321	35	1
201	321	35	1
239	321	35	1
240	321	35	1
127	322	35	3
199	322	35	1
237	322	35	2
238	323	35	1
236	324	35	1
134	325	35	1
234	325	35	2
239	325	35	1
236	326	35	1
235	327	35	1
96	328	35	1
95	329	35	3
237	329	35	1
189	333	35	1
198	333	35	1
192	334	35	1
195	334	35	1
196	335	35	1
188	336	35	1
189	336	35	1
194	336	35	2
198	336	35	2
199	337	35	1
200	338	35	1
214	339	35	2
189	341	35	2
212	341	35	1
210	342	35	1
212	342	35	2
189	345	35	2
199	345	35	1
189	346	35	1
211	346	35	1
186	347	35	1
187	347	35	3
211	347	35	1
215	347	35	1
186	348	35	2
192	349	35	1
193	349	35	3
213	349	35	1
215	349	35	1
193	351	35	1
208	351	35	1
211	351	35	1
213	351	35	1
180	352	35	2
191	352	35	1
207	352	35	2
209	352	35	2
181	353	35	1
198	353	35	1
210	353	35	1
212	353	35	1
178	354	35	1
185	354	35	1
202	354	35	1
205	354	35	1
178	355	35	1
181	355	35	1
204	355	35	2
172	356	35	2
179	357	35	1
122	231	36	2
125	235	36	1
136	236	36	2
139	237	36	1
139	239	36	4
165	239	36	3
136	240	36	1
142	240	36	2
169	241	36	1
171	244	36	2
173	244	36	2
132	250	36	1
133	251	36	1
137	252	36	1
131	253	36	1
137	253	36	3
135	254	36	2
140	254	36	2
144	254	36	1
136	255	36	2
144	255	36	1
130	256	36	1
132	256	36	1
129	257	36	1
132	257	36	1
131	258	36	1
132	258	36	2
259	258	36	1
134	259	36	1
252	259	36	1
128	260	36	1
134	261	36	2
127	263	36	2
129	263	36	1
132	263	36	1
265	263	36	1
126	264	36	2
146	264	36	1
155	264	36	1
263	264	36	1
129	265	36	4
264	265	36	1
154	266	36	1
264	266	36	3
160	269	36	1
136	271	36	1
157	271	36	1
143	273	36	1
160	273	36	1
163	273	36	1
260	273	36	1
159	274	36	1
162	274	36	1
163	274	36	1
257	274	36	1
138	275	36	1
166	275	36	2
261	275	36	1
162	276	36	1
163	276	36	1
163	279	36	1
262	279	36	1
259	280	36	1
126	282	36	4
149	282	36	2
261	282	36	1
262	282	36	1
125	283	36	2
258	283	36	2
259	283	36	1
161	284	36	1
126	285	36	2
127	286	36	1
158	286	36	2
160	286	36	3
152	288	36	1
154	288	36	1
124	289	36	1
124	290	36	2
122	292	36	2
159	292	36	3
124	295	36	1
257	295	36	1
121	297	36	1
120	298	36	2
171	298	36	3
172	298	36	1
259	298	36	1
171	299	36	1
249	299	36	1
119	300	36	2
174	300	36	1
175	300	36	2
176	300	36	1
174	301	36	1
115	304	36	1
179	304	36	1
249	305	36	2
115	306	36	2
116	306	36	2
121	306	36	1
112	308	36	1
113	308	36	1
117	308	36	2
183	308	36	2
113	309	36	1
186	309	36	2
184	310	36	1
189	310	36	1
190	310	36	1
248	310	36	2
194	311	36	2
196	311	36	1
109	313	36	1
110	313	36	1
108	315	36	1
122	315	36	1
126	316	36	2
114	319	36	2
239	321	36	1
129	322	36	1
238	322	36	1
186	324	36	1
196	324	36	1
234	325	36	1
237	325	36	1
97	326	36	1
233	326	36	1
96	327	36	1
233	327	36	1
183	332	36	1
184	332	36	1
151	333	36	1
182	333	36	1
186	333	36	2
203	333	36	2
186	334	36	1
186	335	36	1
204	336	36	1
198	337	36	1
150	338	36	1
213	338	36	1
211	339	36	1
209	340	36	1
210	340	36	1
212	340	36	1
213	340	36	1
200	344	36	2
189	346	36	1
191	347	36	1
197	348	36	2
213	348	36	1
214	348	36	2
184	350	36	1
187	350	36	1
188	350	36	2
211	350	36	1
214	350	36	1
185	352	36	1
212	352	36	1
213	352	36	1
215	352	36	1
185	353	36	1
207	353	36	1
211	353	36	2
203	355	36	1
204	355	36	1
208	355	36	2
179	356	36	1
181	356	36	3
182	356	36	1
176	357	36	1
177	357	36	3
179	357	36	2
205	357	36	1
207	357	36	1
179	358	36	2
206	358	36	1
126	226	37	1
116	228	37	1
122	229	37	1
175	229	37	1
125	230	37	3
124	232	37	1
127	233	37	1
128	233	37	2
138	233	37	1
126	234	37	1
134	236	37	1
137	236	37	2
138	237	37	1
143	237	37	2
140	238	37	1
144	238	37	2
135	239	37	2
139	239	37	3
143	239	37	3
167	239	37	2
166	240	37	1
167	240	37	1
141	241	37	1
167	241	37	1
173	241	37	1
125	242	37	1
143	242	37	3
138	243	37	1
139	243	37	1
144	243	37	1
173	243	37	1
175	243	37	1
126	244	37	2
169	244	37	2
170	244	37	1
171	244	37	3
175	245	37	2
174	247	37	1
137	252	37	1
139	253	37	1
140	253	37	2
145	253	37	2
133	254	37	1
134	254	37	1
136	254	37	1
143	254	37	1
133	255	37	1
134	256	37	1
145	256	37	1
148	256	37	1
207	256	37	1
208	258	37	1
130	260	37	1
129	261	37	1
133	261	37	1
261	262	37	2
128	263	37	3
131	263	37	4
154	263	37	2
156	263	37	1
131	264	37	3
142	264	37	2
143	264	37	1
155	265	37	1
262	265	37	2
147	266	37	1
128	268	37	1
154	268	37	1
151	269	37	1
162	272	37	2
249	272	37	1
254	272	37	2
143	274	37	1
160	274	37	2
136	276	37	2
162	276	37	1
142	278	37	1
146	278	37	1
162	279	37	1
162	280	37	1
129	281	37	1
161	281	37	1
128	283	37	1
161	283	37	4
128	284	37	1
125	285	37	1
126	286	37	1
160	286	37	1
126	288	37	1
152	288	37	2
153	288	37	1
155	288	37	1
160	292	37	2
256	292	37	1
262	292	37	1
121	293	37	1
256	293	37	1
260	293	37	2
254	294	37	1
259	294	37	2
168	299	37	1
175	299	37	1
175	300	37	1
175	301	37	1
176	301	37	2
250	301	37	2
172	302	37	2
174	303	37	3
176	303	37	2
115	304	37	3
117	304	37	1
114	308	37	1
183	308	37	1
181	309	37	1
252	309	37	1
115	310	37	2
132	311	37	2
188	311	37	2
195	311	37	1
194	312	37	2
112	313	37	2
196	313	37	1
150	315	37	1
118	316	37	1
135	317	37	1
153	317	37	1
117	318	37	1
119	318	37	2
140	318	37	2
148	318	37	1
115	319	37	2
116	319	37	1
146	319	37	1
116	320	37	1
131	320	37	2
138	320	37	2
143	321	37	2
131	322	37	1
137	322	37	1
139	322	37	1
240	323	37	1
138	324	37	2
192	324	37	1
239	324	37	1
242	324	37	1
134	325	37	1
188	327	37	2
148	331	37	1
221	331	37	2
181	332	37	2
185	332	37	1
195	335	37	2
209	338	37	1
175	339	37	1
211	340	37	1
208	341	37	3
209	342	37	1
210	342	37	1
211	342	37	1
200	344	37	2
208	344	37	3
199	345	37	1
203	346	37	2
212	348	37	3
210	349	37	1
215	349	37	1
214	350	37	2
214	351	37	2
186	353	37	1
209	353	37	1
213	353	37	1
183	354	37	1
205	354	37	1
203	355	37	1
205	357	37	1
180	358	37	1
206	358	37	2
114	218	38	1
112	220	38	2
125	225	38	1
126	225	38	1
125	230	38	2
173	230	38	2
174	230	38	2
122	231	38	1
122	232	38	1
138	232	38	2
173	232	38	2
127	233	38	1
129	233	38	1
136	233	38	2
114	234	38	1
130	234	38	1
137	235	38	1
139	235	38	1
197	235	38	1
134	236	38	3
143	237	38	1
166	237	38	1
144	238	38	4
197	238	38	2
137	239	38	1
144	239	38	1
167	239	38	1
168	239	38	1
136	240	38	1
164	240	38	1
166	240	38	1
167	240	38	1
138	241	38	1
143	241	38	1
199	241	38	2
126	242	38	2
144	242	38	1
166	242	38	2
167	242	38	2
197	242	38	1
138	243	38	1
168	243	38	2
121	244	38	1
139	244	38	2
140	244	38	1
173	244	38	1
124	245	38	1
168	245	38	2
169	245	38	2
171	245	38	2
172	245	38	3
175	245	38	2
169	246	38	1
175	246	38	2
167	249	38	1
131	252	38	1
233	252	38	1
132	253	38	1
139	253	38	1
147	253	38	2
152	253	38	2
132	254	38	1
134	254	38	1
141	254	38	2
143	254	38	1
136	255	38	1
139	255	38	1
140	255	38	1
143	255	38	1
144	255	38	1
150	255	38	1
151	255	38	1
134	256	38	2
136	256	38	1
142	256	38	1
151	256	38	1
132	257	38	1
135	258	38	2
207	258	38	2
146	259	38	1
148	259	38	2
169	259	38	1
252	259	38	2
130	260	38	1
142	260	38	1
143	260	38	1
144	260	38	1
168	260	38	2
263	260	38	1
130	261	38	4
146	261	38	1
149	261	38	3
170	261	38	1
260	261	38	2
137	262	38	2
140	262	38	2
142	262	38	1
144	263	38	1
147	263	38	1
154	263	38	2
158	263	38	1
167	263	38	2
263	263	38	2
129	264	38	1
130	264	38	2
131	264	38	2
143	264	38	1
147	264	38	2
151	264	38	2
143	265	38	2
146	265	38	1
154	265	38	1
156	265	38	1
165	265	38	2
151	266	38	2
152	266	38	1
143	267	38	1
149	267	38	1
143	268	38	2
146	268	38	1
152	268	38	2
261	268	38	1
142	270	38	2
140	271	38	1
141	271	38	1
132	272	38	1
141	272	38	1
142	272	38	1
145	272	38	1
147	272	38	1
136	273	38	1
145	273	38	1
138	274	38	1
143	274	38	2
250	274	38	1
252	274	38	1
134	276	38	1
163	276	38	2
161	277	38	2
128	280	38	1
140	280	38	1
141	281	38	1
135	282	38	1
139	282	38	1
125	283	38	1
125	284	38	2
126	284	38	1
136	284	38	1
159	284	38	1
129	285	38	1
149	285	38	1
134	286	38	4
126	288	38	1
154	288	38	1
156	288	38	1
154	292	38	1
156	292	38	2
120	295	38	1
155	295	38	1
156	295	38	1
254	295	38	1
259	295	38	1
260	296	38	1
259	297	38	3
260	297	38	1
170	298	38	2
172	298	38	1
121	300	38	1
173	300	38	1
177	300	38	1
179	300	38	2
170	301	38	1
172	302	38	2
175	302	38	1
125	303	38	2
260	303	38	1
125	304	38	1
177	304	38	2
259	305	38	1
180	306	38	1
257	306	38	1
114	307	38	2
125	310	38	2
259	310	38	2
119	315	38	1
122	315	38	2
116	316	38	2
118	316	38	2
140	316	38	1
145	316	38	1
114	317	38	1
117	317	38	2
119	317	38	1
153	317	38	3
116	318	38	2
121	318	38	1
143	318	38	2
116	319	38	6
136	319	38	1
142	319	38	1
144	319	38	1
138	320	38	2
140	320	38	1
146	320	38	2
150	320	38	2
113	321	38	1
177	321	38	1
144	322	38	1
239	324	38	1
241	324	38	1
133	325	38	2
242	325	38	1
242	326	38	1
237	329	38	1
148	330	38	1
219	331	38	1
152	332	38	2
155	332	38	1
179	334	38	1
186	334	38	1
211	339	38	1
215	339	38	1
214	340	38	1
197	343	38	1
209	344	38	1
192	345	38	3
197	345	38	1
212	345	38	2
190	346	38	1
192	346	38	1
189	347	38	1
215	347	38	1
248	347	38	1
187	348	38	1
211	350	38	1
216	351	38	2
211	352	38	1
215	353	38	1
180	354	38	2
184	354	38	4
209	354	38	1
176	355	38	2
208	355	38	2
211	355	38	1
176	356	38	1
208	356	38	2
174	357	38	2
176	357	38	1
178	357	38	2
181	357	38	3
171	358	38	1
195	361	38	2
201	361	38	3
191	362	38	1
196	363	38	1
114	219	39	3
111	221	39	1
119	223	39	1
122	223	39	2
124	223	39	1
118	224	39	2
120	224	39	1
126	226	39	1
124	227	39	1
138	228	39	3
147	228	39	1
149	228	39	1
136	229	39	2
138	229	39	1
138	230	39	2
139	230	39	1
172	230	39	2
121	231	39	1
174	232	39	1
140	233	39	1
198	233	39	3
199	233	39	1
201	233	39	2
195	234	39	1
202	234	39	1
140	235	39	2
154	235	39	1
136	236	39	2
137	236	39	2
142	236	39	1
144	236	39	2
195	236	39	1
198	236	39	1
118	237	39	1
139	237	39	5
161	237	39	1
168	237	39	1
199	237	39	3
116	238	39	1
140	238	39	1
143	238	39	1
199	238	39	1
201	238	39	2
139	239	39	3
161	239	39	1
127	240	39	2
135	240	39	2
163	240	39	1
166	240	39	2
196	240	39	3
125	241	39	1
137	241	39	2
142	241	39	1
168	241	39	1
126	242	39	1
127	242	39	1
165	242	39	1
168	242	39	1
169	242	39	3
125	243	39	1
128	243	39	2
133	243	39	1
171	243	39	1
124	244	39	2
126	244	39	1
143	244	39	1
176	244	39	2
139	245	39	1
168	245	39	2
178	245	39	1
127	246	39	1
141	246	39	2
173	246	39	2
178	247	39	2
173	248	39	1
140	249	39	1
135	250	39	4
136	251	39	2
123	252	39	1
136	252	39	1
126	253	39	1
135	253	39	1
136	253	39	1
235	253	39	1
247	253	39	1
124	254	39	1
132	254	39	1
140	254	39	1
142	254	39	1
144	254	39	1
151	254	39	1
168	254	39	1
236	254	39	1
136	255	39	1
152	255	39	1
155	255	39	1
156	256	39	2
139	257	39	1
254	257	39	1
134	259	39	1
138	259	39	2
149	259	39	2
170	259	39	2
251	259	39	3
130	260	39	2
138	260	39	1
145	260	39	4
153	260	39	1
168	260	39	1
169	260	39	1
255	260	39	1
256	260	39	1
141	261	39	1
148	261	39	2
150	261	39	1
151	261	39	1
152	261	39	1
167	261	39	2
205	261	39	1
146	262	39	1
156	262	39	1
261	262	39	1
262	262	39	2
131	263	39	2
132	263	39	1
146	263	39	1
150	263	39	1
152	263	39	1
153	263	39	1
157	263	39	1
168	263	39	1
142	264	39	1
145	264	39	2
153	264	39	1
154	264	39	1
155	264	39	1
166	264	39	2
129	265	39	2
167	265	39	1
258	265	39	2
130	266	39	2
145	266	39	1
147	266	39	1
153	266	39	3
163	266	39	1
156	267	39	1
167	268	39	3
259	268	39	1
143	269	39	1
144	269	39	1
152	269	39	1
134	270	39	1
244	270	39	1
245	270	39	1
247	271	39	1
135	272	39	1
141	272	39	1
166	272	39	1
251	272	39	1
134	273	39	1
142	273	39	1
146	273	39	1
142	274	39	2
143	274	39	1
146	274	39	1
130	275	39	1
134	275	39	1
144	275	39	1
132	276	39	2
142	276	39	1
145	276	39	2
149	276	39	1
130	277	39	1
131	277	39	1
133	277	39	1
145	277	39	1
149	277	39	2
129	278	39	2
138	278	39	3
144	278	39	2
148	278	39	1
162	278	39	1
128	279	39	1
142	279	39	1
145	279	39	1
148	279	39	1
152	279	39	1
154	279	39	1
135	280	39	1
137	280	39	2
142	280	39	2
145	280	39	1
138	281	39	3
141	281	39	2
151	281	39	2
130	282	39	1
133	282	39	1
138	282	39	1
127	283	39	1
136	283	39	1
133	284	39	1
134	284	39	1
141	285	39	5
172	286	39	1
134	287	39	2
154	287	39	1
157	288	39	1
135	289	39	2
154	291	39	1
134	293	39	1
139	293	39	2
253	293	39	1
140	294	39	2
258	294	39	2
263	294	39	1
161	295	39	1
249	295	39	1
131	296	39	2
249	296	39	2
259	296	39	3
121	297	39	1
171	297	39	1
247	297	39	2
248	297	39	1
250	297	39	1
123	298	39	1
134	298	39	1
171	298	39	1
171	299	39	1
174	299	39	1
168	300	39	2
174	300	39	2
176	300	39	1
120	301	39	2
121	301	39	1
172	301	39	1
176	301	39	2
173	302	39	1
124	303	39	1
174	303	39	1
177	303	39	1
126	304	39	1
178	304	39	1
180	304	39	3
259	304	39	1
177	305	39	1
125	306	39	1
126	306	39	1
128	306	39	1
115	307	39	1
181	307	39	2
125	308	39	2
260	310	39	2
120	316	39	1
146	316	39	1
115	317	39	1
119	317	39	1
139	317	39	3
141	317	39	3
147	317	39	1
113	318	39	1
115	318	39	1
116	318	39	1
117	318	39	3
139	318	39	2
146	318	39	1
150	319	39	1
117	320	39	1
139	320	39	1
144	320	39	2
149	321	39	2
180	321	39	1
177	322	39	1
181	324	39	2
241	324	39	1
242	325	39	1
242	326	39	1
239	327	39	1
240	328	39	1
241	328	39	1
242	328	39	1
238	329	39	1
153	330	39	1
220	330	39	2
168	331	39	3
181	331	39	1
219	331	39	2
240	331	39	1
157	332	39	2
179	332	39	1
180	332	39	1
219	332	39	3
221	332	39	2
152	333	39	1
154	333	39	1
161	333	39	1
178	333	39	1
219	333	39	3
156	335	39	1
195	335	39	1
153	336	39	1
154	336	39	1
214	336	39	1
242	336	39	2
157	337	39	2
195	337	39	1
152	338	39	1
217	338	39	1
215	340	39	1
211	341	39	2
215	341	39	2
209	344	39	1
211	344	39	1
201	345	39	2
202	345	39	1
191	346	39	1
247	346	39	1
248	346	39	2
191	347	39	1
192	347	39	2
248	347	39	1
213	348	39	1
237	351	39	2
212	352	39	1
213	352	39	1
215	353	39	1
211	354	39	1
214	354	39	1
207	355	39	1
214	355	39	1
207	356	39	1
177	357	39	1
205	357	39	2
192	359	39	1
191	361	39	1
195	361	39	2
192	362	39	1
195	363	39	1
114	218	40	2
113	219	40	3
114	219	40	1
111	221	40	1
121	222	40	1
118	224	40	1
120	224	40	2
122	224	40	2
137	229	40	2
142	229	40	1
150	229	40	1
136	230	40	2
137	231	40	1
141	231	40	1
203	231	40	1
203	232	40	1
204	232	40	2
196	233	40	2
198	233	40	1
141	234	40	2
201	234	40	2
203	234	40	1
118	235	40	2
139	235	40	1
140	235	40	1
203	235	40	1
120	236	40	1
142	236	40	1
146	236	40	2
168	236	40	1
201	236	40	1
136	237	40	1
140	237	40	2
162	237	40	3
197	237	40	1
203	237	40	1
143	238	40	2
146	238	40	1
154	238	40	2
159	238	40	2
160	238	40	2
166	238	40	2
195	238	40	2
203	238	40	2
139	239	40	4
143	239	40	1
142	240	40	2
143	240	40	2
162	240	40	3
165	240	40	2
161	241	40	1
162	241	40	1
168	241	40	1
125	242	40	1
134	242	40	1
167	242	40	2
168	242	40	2
169	242	40	1
170	242	40	1
140	243	40	1
141	243	40	2
165	243	40	1
132	244	40	1
171	244	40	1
176	244	40	1
125	245	40	3
128	245	40	1
163	245	40	1
170	245	40	2
173	245	40	1
179	245	40	1
125	246	40	1
126	246	40	1
171	247	40	1
121	248	40	2
124	248	40	1
125	249	40	1
232	249	40	1
135	250	40	2
139	250	40	1
231	250	40	2
230	251	40	1
232	251	40	2
134	252	40	1
136	252	40	2
132	253	40	1
139	253	40	1
152	254	40	1
154	254	40	1
137	255	40	1
138	255	40	1
127	256	40	1
137	256	40	2
152	256	40	1
212	256	40	2
134	257	40	1
136	257	40	2
139	257	40	1
146	257	40	1
147	257	40	2
156	257	40	1
134	258	40	2
142	258	40	1
149	258	40	1
151	258	40	1
174	258	40	2
136	259	40	1
145	259	40	1
162	259	40	1
176	259	40	1
132	260	40	1
147	260	40	3
148	260	40	1
154	260	40	2
158	260	40	1
164	260	40	1
165	260	40	1
172	260	40	1
205	260	40	1
149	261	40	1
152	261	40	2
167	261	40	1
168	261	40	2
211	261	40	1
252	261	40	1
136	262	40	1
140	262	40	1
143	262	40	1
146	262	40	1
151	262	40	2
153	262	40	1
159	262	40	1
167	262	40	1
222	262	40	2
248	262	40	1
249	262	40	1
140	263	40	1
143	263	40	1
159	263	40	1
234	263	40	1
168	264	40	1
144	265	40	1
151	265	40	1
165	265	40	2
146	266	40	1
150	266	40	2
151	266	40	1
152	266	40	2
153	266	40	1
154	266	40	1
158	266	40	1
258	267	40	2
147	268	40	1
154	268	40	1
246	268	40	2
151	269	40	3
153	269	40	1
167	269	40	1
244	269	40	2
246	269	40	1
132	270	40	1
134	270	40	1
137	270	40	2
142	270	40	1
146	270	40	1
150	270	40	2
249	270	40	2
137	271	40	3
138	271	40	2
150	271	40	1
135	272	40	1
136	272	40	1
147	272	40	1
151	272	40	1
165	272	40	2
223	272	40	1
247	272	40	1
248	272	40	1
251	272	40	2
140	273	40	1
142	273	40	1
146	273	40	2
164	273	40	1
166	273	40	1
167	273	40	1
144	274	40	1
145	274	40	1
148	274	40	1
154	274	40	1
156	274	40	1
247	274	40	1
139	275	40	1
141	275	40	1
142	275	40	1
150	275	40	1
162	275	40	1
130	276	40	1
137	276	40	1
142	276	40	1
154	276	40	1
163	276	40	1
130	277	40	2
136	277	40	2
134	278	40	2
138	278	40	1
142	278	40	2
145	278	40	1
147.5	278	40.5	1
151	278	40	1
161	278	40	1
131	279	40	1
148	279	40	1
152	279	40	2
138	280	40	1
139	280	40	1
140	280	40	1
152	280	40	1
162	280	40	1
133	281	40	1
142	281	40	2
142	282	40	1
150	282	40	1
134	283	40	1
139	283	40	2
138	284	40	1
142	284	40	3
133	286	40	1
137	286	40	1
139	286	40	2
133	287	40	1
156	287	40	1
154	288	40	1
258	288	40	1
250	289	40	1
135	291	40	1
139	291	40	1
133	292	40	1
138	292	40	2
125	293	40	2
163	294	40	2
254	294	40	2
126	295	40	1
252	295	40	2
123	296	40	1
131	296	40	1
253	297	40	1
257	297	40	1
134	298	40	1
136	298	40	1
162	298	40	1
169	299	40	1
123	300	40	2
131	300	40	1
249	300	40	3
140	301	40	1
169	301	40	1
172	301	40	1
177	301	40	2
130	302	40	1
171	302	40	1
261	302	40	2
128	303	40	1
129	303	40	3
139	303	40	1
171	303	40	3
124	304	40	2
130	304	40	1
132	304	40	2
139	304	40	3
170	304	40	1
125	305	40	1
126	305	40	1
140	305	40	1
172	306	40	2
182	307	40	2
124	308	40	1
124	309	40	1
123	310	40	1
119	312	40	1
119	315	40	1
141	315	40	2
115	316	40	1
143	317	40	1
117	318	40	1
146	318	40	1
115	319	40	1
116	319	40	1
117	319	40	1
149	320	40	1
174	326	40	3
176	326	40	1
249	326	40	2
186	327	40	2
241	327	40	1
242	327	40	3
151	328	40	1
242	328	40	1
149	329	40	1
240	329	40	1
175	330	40	1
178	330	40	1
186	330	40	1
243	330	40	1
148	331	40	1
177	331	40	3
241	331	40	2
149	332	40	1
151	332	40	1
157	332	40	1
180	332	40	4
216	332	40	2
217	332	40	2
220	332	40	1
221	332	40	1
156	333	40	1
179	333	40	1
240	333	40	1
153	334	40	1
191	334	40	1
244	334	40	1
156	335	40	2
165	335	40	1
186	335	40	1
247	335	40	3
150	336	40	1
153	338	40	2
216	338	40	1
212	340	40	1
245	340	40	2
208	341	40	5
213	341	40	2
217	341	40	1
221	341	40	1
210	342	40	1
215	342	40	1
222	342	40	1
196	343	40	1
197	343	40	1
208	343	40	1
220	343	40	1
221	343	40	1
232	343	40	1
204	344	40	2
194	345	40	1
202	346	40	3
211	347	40	1
193	349	40	1
210	349	40	1
220	349	40	1
215	351	40	1
212	352	40	1
173	356	40	2
207	357	40	2
208	357	40	2
172	358	40	3
173	358	40	2
207	359	40	2
173	360	40	1
112	220	41	1
111	222	41	1
121	222	41	2
134	226	41	1
141	226	41	1
137	227	41	2
140	227	41	1
136	229	41	1
137	229	41	4
141	231	41	1
140	233	41	2
141	233	41	1
198	233	41	1
136	234	41	1
140	234	41	2
142	234	41	1
146	235	41	1
199	235	41	1
138	236	41	2
161	236	41	1
165	236	41	1
201	236	41	1
204	236	41	1
142	237	41	1
163	237	41	1
164	237	41	2
202	237	41	1
138	238	41	1
141	238	41	1
164	238	41	1
167	238	41	1
202	238	41	1
161	239	41	1
200	239	41	1
201	239	41	1
129	240	41	1
139	240	41	2
127	241	41	1
129	241	41	3
140	241	41	2
142	241	41	1
164	241	41	2
128	242	41	1
132	242	41	1
135	242	41	3
138	243	41	3
169	243	41	1
124	244	41	1
125	244	41	1
170	244	41	2
173	244	41	2
176	244	41	1
128	245	41	1
177	245	41	1
126	246	41	1
128	246	41	1
124	247	41	1
178	247	41	2
173	248	41	2
130	249	41	1
133	249	41	1
230	250	41	2
231	250	41	1
232	250	41	3
123	252	41	2
143	252	41	2
175	252	41	1
234	252	41	2
121	253	41	1
143	253	41	3
227	253	41	2
228	253	41	1
144	254	41	1
119	255	41	1
214	255	41	2
143	256	41	2
152	256	41	1
210	256	41	2
137	257	41	2
174	257	41	1
178	257	41	2
214	257	41	2
138	258	41	2
147	258	41	1
153	258	41	1
154	258	41	1
144	259	41	2
146	259	41	3
173	259	41	2
205	259	41	2
208	259	41	2
212	259	41	1
148	260	41	1
150	260	41	1
157	260	41	1
158	260	41	1
170	260	41	2
175	260	41	1
210	260	41	1
130	261	41	1
148	261	41	1
149	261	41	1
151	261	41	3
210	261	41	1
253	261	41	2
254	261	41	1
142	262	41	2
143	262	41	1
146	262	41	1
148	262	41	2
151	262	41	1
158	262	41	1
167	262	41	1
168	262	41	1
172	262	41	1
175	262	41	2
207	262	41	1
248	262	41	1
249	262	41	2
251	262	41	1
153	263	41	2
162	263	41	1
167	263	41	1
168	263	41	1
201	263	41	1
204	263	41	1
234	263	41	2
255	263	41	1
143	264	41	1
148	264	41	1
149	264	41	1
171	264	41	3
210	264	41	1
249	264	41	1
152	265	41	1
153	265	41	1
256	265	41	2
119	266	41	1
120	266	41	1
149	266	41	2
150	266	41	1
153	266	41	2
167	266	41	1
168	266	41	1
135	267	41	1
148	267	41	1
247	267	41	1
253	267	41	1
258	267	41	1
164	268	41	1
247	269	41	1
254	269	41	2
258	269	41	1
137	270	41	2
139	270	41	1
140	270	41	1
142	270	41	1
152	270	41	1
247	270	41	2
132	271	41	2
135	271	41	2
144	271	41	1
146	271	41	2
148	271	41	1
153	271	41	2
157	271	41	2
203	271	41	1
218	271	41	4
247	271	41	1
136	272	41	1
145	272	41	1
147	272	41	1
152	272	41	1
154	272	41	1
165	272	41	2
220	272	41	1
146	273	41	1
143	274	41	1
147	274	41	2
151	274	41	2
153	274	41	1
157	274	41	1
164	274	41	1
246	274	41	2
247	274	41	1
132	275	41	1
136	275	41	2
137	275	41	1
151	275	41	1
153	275	41	2
157	275	41	1
130	276	41	1
136	276	41	1
146	276	41	1
147	276	41	2
155	276	41	1
156	276	41	1
162	276	41	1
246	276	41	1
247	276	41	1
129	277	41	1
131	277	41	1
132	277	41	2
133	277	41	1
138	277	41	1
161	277	41	1
149	278	41	2
150	278	41	1
153	278	41	1
155	278	41	2
133	279	41	1
138	279	41	1
133	280	41	1
141	280	41	1
142	280	41	2
144	280	41	3
150	280	41	4
152	280	41	1
153	280	41	1
154	280	41	1
152	281	41	2
137	282	41	1
154	282	41	1
134	283	41	1
136	283	41	1
139	283	41	1
151	283	41	1
160	283	41	1
141	284	41	1
142	284	41	2
155	284	41	1
215	284	41	1
155	285	41	2
219	285	41	2
140	286	41	1
219	286	41	2
139	287	41	1
156	287	41	1
137	288	41	1
139	288	41	4
135	289	41	1
141	289	41	1
155	289	41	1
134	290	41	1
135	291	41	1
130	292	41	2
134	292	41	1
157	292	41	1
257	292	41	3
139	293	41	2
128	295	41	1
135	295	41	1
140	295	41	3
150	295	41	1
164	295	41	4
254	295	41	1
150	296	41	1
153	296	41	2
165	297	41	1
259	297	41	1
130	298	41	1
149	298	41	1
152	298	41	1
252	298	41	2
128	299	41	2
129	299	41	1
167	299	41	1
169	299	41	1
164	300	41	1
168	300	41	1
249	300	41	2
260	300	41	4
127	301	41	1
172	301	41	1
250	301	41	1
125	302	41	2
127	302	41	1
134	302	41	2
168	302	41	1
171	302	41	1
123	303	41	2
124	303	41	2
130	303	41	1
144	303	41	1
176	303	41	2
177	303	41	1
181	303	41	1
259	303	41	2
261	303	41	1
129	304	41	1
133	304	41	1
141	304	41	1
181	304	41	1
127	305	41	1
131	305	41	1
172	305	41	1
176	305	41	1
259	305	41	1
132	306	41	1
171	306	41	2
122	307	41	1
126	308	41	1
128	308	41	1
124	309	41	1
140	309	41	2
141	309	41	2
162	309	41	1
165	309	41	2
122	310	41	2
119	314	41	2
121	314	41	3
116	315	41	1
114	316	41	2
140	316	41	1
141	317	41	1
139	319	41	3
143	319	41	2
141	321	41	1
149	321	41	1
179	322	41	1
136	325	41	1
147	325	41	1
149	325	41	1
133	326	41	1
249	326	41	1
252	326	41	3
138	327	41	2
148	327	41	1
244	327	41	1
249	327	41	1
167	328	41	1
130	329	41	1
148	329	41	2
167	329	41	1
179	329	41	2
182	329	41	1
249	329	41	1
126	330	41	1
133	330	41	2
155	330	41	1
175	330	41	1
181	330	41	1
240	330	41	1
242	330	41	1
243	330	41	2
155	331	41	2
158	331	41	2
173	331	41	1
187	331	41	1
240	331	41	1
130	332	41	1
133	332	41	1
165	332	41	1
174	332	41	2
176	332	41	1
192	332	41	1
218	332	41	1
151	333	41	2
152	333	41	1
179	333	41	1
187	333	41	1
189	333	41	3
240	333	41	1
189	334	41	2
216	334	41	1
244	334	41	2
150	335	41	1
151	335	41	1
153	335	41	1
154	335	41	1
238	335	41	1
215	336	41	3
218	336	41	1
246	336	41	1
126	337	41	1
127	337	41	2
129	337	41	1
151	337	41	1
156	337	41	1
151	338	41	1
156	338	41	1
166	338	41	2
222	338	41	1
214	339	41	1
215	339	41	2
247	339	41	1
152	340	41	2
216	340	41	1
219	340	41	2
220	341	41	2
210	342	41	1
208	343	41	1
221	343	41	3
195	344	41	1
207	344	41	1
211	344	41	1
194	345	41	1
196	345	41	1
212	345	41	2
205	346	41	1
206	346	41	2
218	346	41	1
221	347	41	2
233	347	41	1
248	347	41	1
195	349	41	1
237	350	41	2
211	351	41	1
235	351	41	1
209	352	41	1
235	352	41	5
207	355	41	1
207	358	41	2
171	359	41	2
206	359	41	1
207	360	41	1
208	360	41	1
199	363	41	3
200	363	41	1
138	227	42	1
134	228	42	2
136	228	42	1
140	228	42	1
136	229	42	1
134	230	42	1
138	230	42	1
138	232	42	1
136	233	42	1
140	233	42	1
201	234	42	1
141	235	42	2
156	235	42	3
165	235	42	3
199	235	42	1
164	236	42	1
199	236	42	2
158	237	42	1
159	237	42	2
165	237	42	1
204	237	42	2
161	238	42	1
162	238	42	1
164	238	42	1
204	238	42	1
137	239	42	1
167	239	42	1
204	239	42	1
141	240	42	1
143	240	42	1
166	240	42	1
142	241	42	1
137	242	42	1
170	242	42	1
129	243	42	1
164	243	42	1
174	243	42	1
126	245	42	2
126	247	42	2
177	252	42	1
140	254	42	1
176	254	42	1
151	256	42	3
158	256	42	1
141	257	42	1
142	257	42	1
147	257	42	1
151	257	42	1
156	257	42	1
173	257	42	1
174	257	42	1
177	257	42	1
212	257	42	1
213	257	42	1
253	257	42	1
210	258	42	3
212	258	42	1
145	259	42	3
158	259	42	4
173	259	42	1
252	259	42	2
157	260	42	1
169	260	42	1
171	260	42	1
174	260	42	1
176	260	42	2
150	261	42	1
154	261	42	1
167	261	42	1
168	261	42	1
169	261	42	1
173	261	42	1
174	261	42	3
175	261	42	2
176	261	42	1
177	261	42	1
155	262	42	2
163	262	42	1
166	262	42	1
174	262	42	1
175	262	42	1
209	262	42	1
149	263	42	4
150	263	42	3
151	263	42	1
157	263	42	1
163	263	42	1
249	263	42	1
250	263	42	2
121	264	42	1
143	264	42	2
147	264	42	1
151	264	42	4
155	264	42	1
158	264	42	4
252	264	42	1
145	265	42	1
145	266	42	2
154	266	42	1
155	266	42	2
254	267	42	3
141	268	42	1
143	268	42	2
132	270	42	2
142	270	42	1
152	270	42	2
145	271	42	4
223	271	42	2
132	272	42	1
141	272	42	2
143	272	42	1
145	272	42	1
142	273	42	2
147	273	42	1
154	273	42	1
157	273	42	2
158	273	42	1
142	274	42	1
144	274	42	1
143	275	42	1
155	275	42	1
165	275	42	1
249	275	42	1
250	275	42	1
134	276	42	1
143	276	42	1
153	276	42	1
154	276	42	1
140	277	42	1
142	277	42	1
143	277	42	1
131	278	42	2
132	278	42	2
144	278	42	3
148	278	42	1
155	278	42	1
162	278	42	1
137	279	42	1
143	279	42	2
147	279	42	1
151	279	42	2
154	279	42	1
141	280	42	2
145	280	42	1
154	280	42	1
160	280	42	2
210	280	42	1
140	281	42	2
143	281	42	3
151	281	42	1
156	281	42	1
139	282	42	1
148	282	42	1
151	282	42	1
158	282	42	1
162	282	42	1
209	282	42	2
137	283	42	1
149	283	42	3
152	283	42	2
159	283	42	1
253	283	42	4
138	284	42	1
151	284	42	1
153	285	42	1
154	285	42	1
217	285	42	1
141	286	42	1
155	286	42	2
174	287	42	1
153	289	42	1
174	289	42	1
134	290	42	1
135	291	42	1
134	292	42	1
153	292	42	1
130	293	42	2
137	293	42	1
142	293	42	2
138	294	42	1
139	294	42	2
134	295	42	1
142	295	42	1
136	296	42	1
130	297	42	1
140	297	42	2
150	297	42	1
141	298	42	3
151	298	42	2
166	298	42	1
94	299	42	2
133	299	42	1
150	299	42	4
169	299	42	1
125	300	42	1
133	300	42	2
153	300	42	1
249	300	42	1
124	301	42	1
248	301	42	1
138	302	42	2
165	302	42	1
126	303	42	1
138	303	42	1
139	303	42	1
142	303	42	1
150	303	42	1
171	303	42	2
125	304	42	2
144	304	42	4
181	304	42	1
125	305	42	2
126	305	42	1
131	305	42	1
133	305	42	1
134	305	42	1
128	306	42	3
130	307	42	1
143	307	42	2
170	307	42	2
129	308	42	1
130	308	42	1
140	309	42	2
143	310	42	2
139	318	42	1
148	318	42	1
140	319	42	3
138	321	42	1
179	323	42	2
183	323	42	1
253	323	42	1
133	324	42	1
141	324	42	2
181	324	42	3
137	325	42	1
183	325	42	1
133	326	42	1
251	326	42	1
252	327	42	2
154	328	42	3
176	328	42	3
150	329	42	1
187	329	42	2
131	330	42	2
179	330	42	1
184	330	42	1
187	330	42	2
188	330	42	2
132	331	42	1
134	331	42	2
187	331	42	3
242	331	42	1
150	332	42	3
161	332	42	1
164	332	42	1
165	332	42	1
166	332	42	3
180	332	42	1
186	332	42	1
187	332	42	1
217	332	42	1
126	333	42	1
153	333	42	1
176	333	42	1
177	333	42	3
189	333	42	1
222	333	42	1
189	334	42	1
218	334	42	1
245	334	42	1
247	334	42	1
151	335	42	1
218	335	42	4
190	336	42	1
194	336	42	2
220	336	42	1
246	336	42	1
126	337	42	1
152	337	42	1
156	337	42	1
192	337	42	2
216	337	42	1
155	338	42	2
195	340	42	1
221	340	42	1
195	341	42	3
215	341	42	1
211	344	42	1
212	344	42	4
196	345	42	1
230	346	42	1
210	347	42	1
212	348	42	1
234	350	42	2
235	353	42	1
208	356	42	2
207	358	42	2
204	360	42	1
205	361	42	1
137	227	43	3
139	228	43	1
137	229	43	1
138	229	43	1
139	229	43	1
157	230	43	1
140	231	43	1
162	231	43	1
141	232	43	1
164	236	43	1
136	237	43	2
140	238	43	2
143	239	43	2
179	246	43	1
178	247	43	1
179	254	43	1
119	256	43	2
139	256	43	1
143	257	43	2
155	257	43	4
174	257	43	4
175	257	43	1
176	257	43	2
175	258	43	1
215	258	43	1
143	260	43	1
149	260	43	1
151	260	43	2
154	260	43	1
160	260	43	1
161	260	43	1
170	260	43	1
171	260	43	1
175	260	43	1
152	262	43	4
160	262	43	1
163	262	43	1
206	262	43	1
146	263	43	1
147	263	43	1
148	263	43	1
147	264	43	1
151	264	43	1
257	264	43	1
124	265	43	2
147	265	43	1
145	266	43	2
149	266	43	1
147	267	43	1
143	268	43	3
149	268	43	1
146	269	43	1
142	270	43	1
150	270	43	1
151	270	43	2
134	271	43	2
141	272	43	1
143	272	43	2
214	272	43	1
143	273	43	1
146	273	43	1
147	273	43	1
211	273	43	1
255	274	43	4
141	275	43	1
152	275	43	2
155	275	43	3
160	275	43	2
164	276	43	2
145	277	43	2
148	277	43	1
150	277	43	1
164	277	43	1
132	278	43	1
147	278	43	2
151	278	43	2
155	278	43	1
142	279	43	3
148	279	43	3
150	279	43	3
151	279	43	1
152	279	43	3
154	279	43	1
147	280	43	2
152	280	43	1
142	281	43	3
148	281	43	1
152	281	43	1
161	281	43	1
143	282	43	2
214	282	43	2
149	283	43	3
150	283	43	1
148	284	43	5
150	284	43	1
141	285	43	1
148	285	43	1
155	285	43	3
160	285	43	2
137	286	43	1
139	286	43	1
140	286	43	2
143	286	43	3
154	286	43	1
216	286	43	1
216	287	43	3
137	288	43	2
138	288	43	2
134	291	43	1
146	293	43	1
255	293	43	1
254	295	43	1
131	296	43	1
136	296	43	2
137	296	43	1
137	297	43	2
149	297	43	1
140	298	43	1
209	298	43	1
141	299	43	1
165	299	43	2
135	300	43	1
138	300	43	2
152	300	43	1
167	300	43	1
129	301	43	1
140	301	43	3
142	301	43	1
149	301	43	2
133	302	43	1
135	302	43	1
137	302	43	1
170	302	43	1
172	302	43	2
130	303	43	1
135	303	43	1
136	303	43	1
167	303	43	1
170	303	43	1
140	304	43	1
126	305	43	2
131	305	43	2
135	305	43	1
141	305	43	1
143	305	43	2
168	305	43	2
129	306	43	1
131	306	43	1
143	306	43	2
146	306	43	2
148	306	43	2
168	306	43	1
129	307	43	2
129	308	43	1
143	308	43	1
140	313	43	1
142	313	43	1
143	314	43	2
140	318	43	1
142	319	43	1
179	323	43	1
135	324	43	1
140	325	43	1
133	326	43	2
136	326	43	3
136	327	43	2
133	329	43	3
179	329	43	1
188	329	43	1
179	330	43	3
132	331	43	1
153	331	43	2
133	332	43	1
191	332	43	1
192	332	43	2
218	332	43	2
240	332	43	1
133	333	43	1
187	333	43	1
188	333	43	1
217	333	43	1
181	334	43	1
219	334	43	1
128	335	43	1
131	336	43	1
153	336	43	2
217	336	43	2
218	336	43	1
220	336	43	1
244	336	43	1
245	336	43	1
246	336	43	2
249	337	43	2
132	338	43	1
249	338	43	1
213	343	43	2
231	344	43	1
232	345	43	1
233	346	43	1
209	349	43	2
232	349	43	1
236	349	43	2
206	350	43	2
205	352	43	1
207	352	43	1
231	352	43	1
207	353	43	3
206	354	43	1
206	358	43	1
207	358	43	1
186	360	43	2
188	360	43	1
204	360	43	3
206	361	43	2
209	361	43	2
206	363	43	1
137	228	44	3
139	228	44	1
135	230	44	1
137	233	44	1
140	234	44	1
177	243	44	1
180	245	44	1
179	249	44	1
175	257	44	2
158	259	44	1
176	260	44	1
177	260	44	2
156	261	44	1
161	261	44	1
174	261	44	1
211	261	44	3
154	262	44	2
159	262	44	1
160	262	44	1
149	263	44	1
156	263	44	1
157	263	44	2
158	263	44	2
149	265	44	1
146	266	44	1
147	266	44	1
149	266	44	1
150	266	44	1
146	267	44	2
149	267	44	1
147	268	44	1
143	269	44	1
146	269	44	1
148	269	44	2
152	269	44	1
213	269	44	1
147	271	44	1
148	272	44	1
151	272	44	1
142	273	44	2
148	273	44	1
143	275	44	1
154	276	44	1
156	276	44	2
167	276	44	1
252	276	44	1
145	277	44	1
146	277	44	3
148	277	44	1
147	278	44	1
149	278	44	3
151	278	44	1
152	278	44	1
160	278	44	1
143	279	44	2
155	279	44	1
161	279	44	4
147	280	44	1
150	280	44	1
140	281	44	1
146	281	44	2
150	281	44	1
154	281	44	1
156	281	44	1
143	282	44	2
150	282	44	1
152	282	44	2
158	282	44	1
148	283	44	1
212	285	44	1
137	287	44	2
121	290	44	1
144	291	44	1
144	292	44	2
252	292	44	2
145	293	44	1
223	293	44	1
142	294	44	1
225	295	44	1
140	296	44	2
139	297	44	1
141	297	44	1
136	298	44	1
139	299	44	1
142	300	44	1
168	300	44	2
136	301	44	1
145	301	44	1
209	301	44	2
133	302	44	1
127	303	44	1
144	303	44	1
130	304	44	1
128	305	44	1
130	306	44	1
131	306	44	1
144	306	44	2
173	306	44	2
140	308	44	2
174	309	44	1
143	310	44	1
142	316	44	1
140	318	44	1
183	323	44	1
136	326	44	2
133	329	44	1
183	329	44	1
187	329	44	2
179	330	44	1
185	330	44	1
131	333	44	1
180	333	44	1
132	334	44	1
218	334	44	1
215	335	44	2
213	336	44	1
219	336	44	1
220	336	44	2
216	337	44	1
215	338	44	2
247	339	44	2
216	344	44	1
211	346	44	1
228	346	44	1
231	346	44	1
211	347	44	1
228	347	44	2
212	348	44	1
208	354	44	1
192	361	44	1
195	361	44	1
163	233	45	3
176	258	45	4
174	259	45	2
176	259	45	1
159	263	45	1
149	265	45	1
143	270	45	3
145	270	45	2
146	270	45	1
146	271	45	3
151	272	45	1
147	279	45	1
149	279	45	2
150	279	45	1
149	280	45	2
152	281	45	1
161	281	45	2
149	282	45	1
152	282	45	2
142	283	45	1
145	283	45	3
150	283	45	1
142	284	45	2
151	284	45	5
140	285	45	1
146	285	45	1
141	286	45	1
206	286	45	1
214	287	45	1
144	291	45	2
140	294	45	2
145	294	45	1
140	296	45	1
142	297	45	2
128	299	45	1
134	301	45	2
142	301	45	1
127	302	45	1
133	302	45	2
131	303	45	1
133	303	45	1
130	304	45	1
132	304	45	2
137	304	45	1
139	304	45	1
180	318	45	2
182	321	45	2
252	324	45	1
167	326	45	1
186	326	45	1
187	329	45	2
185	330	45	1
193	333	45	3
245	340	45	2
217	344	45	1
209	347	45	1
175	352	45	1
230	354	45	1
134	229	46	1
155	233	46	1
132	236	46	1
173	255	46	2
158	260	46	1
154	262	46	1
154	270	46	2
144	272	46	1
139	273	46	1
145	279	46	2
150	279	46	2
149	280	46	1
152	280	46	1
158	280	46	2
215	280	46	2
144	281	46	1
146	281	46	2
144	282	46	2
146	282	46	1
148	282	46	1
153	282	46	1
154	282	46	3
159	282	46	2
151	283	46	1
157	284	46	2
120	285	46	1
140	285	46	2
146	285	46	1
208	286	46	1
143	290	46	1
145	291	46	4
204	292	46	1
148	293	46	2
146	294	46	2
140	296	46	1
136	298	46	1
139	298	46	2
142	299	46	1
143	299	46	1
144	299	46	1
143	300	46	1
132	301	46	1
130	302	46	1
141	302	46	2
143	302	46	2
146	302	46	1
244	302	46	1
129	303	46	1
134	303	46	1
136	303	46	2
139	305	46	1
194	315	46	1
195	315	46	1
184	319	46	1
188	319	46	1
184	320	46	1
188	320	46	1
191	322	46	1
176	323	46	1
179	323	46	1
183	323	46	2
173	325	46	1
174	325	46	1
183	326	46	1
178	327	46	1
191	327	46	1
238	331	46	2
217	335	46	1
221	340	46	1
217	341	46	1
205	346	46	1
182	353	46	1
230	356	46	1
138	229	47	1
212	261	47	1
151	269	47	1
146	270	47	2
146	277	47	1
120	283	47	2
147	285	47	1
202	295	47	1
139	298	47	1
140	298	47	1
138	300	47	1
229	302	47	2
178	320	47	1
194	321	47	1
179	322	47	2
185	323	47	2
190	323	47	1
179	324	47	1
186	329	47	1
218	341	47	1
212	344	47	1
207	351	47	1
230	353	47	2
203	356	47	2
154	274	48	1
146	275	48	1
140	278	48	1
143	279	48	1
140	285	48	1
137	297	48	1
142	300	48	2
169	324	48	4
157	325	48	3
216	342	48	1
136	222	49	2
140	224	49	1
170	228	49	1
116	230	49	2
135	230	49	1
127	235	49	1
172	237	49	3
149	243	49	2
147	245	49	1
151	248	49	1
154	248	49	1
151	252	49	1
195	252	49	2
139	263	49	3
146	264	49	2
191	267	49	1
139	268	49	1
169	270	49	1
146	276	49	1
155	276	49	1
145	279	49	2
157	279	49	2
143	282	49	3
214	282	49	1
113	284	49	1
169	284	49	2
132	287	49	3
142	291	49	1
147	292	49	1
133	295	49	1
200	296	49	2
140	297	49	1
136	298	49	3
147	298	49	1
133	299	49	1
139	299	49	1
202	299	49	1
225	300	49	1
139	304	49	2
152	304	49	1
126	305	49	1
128	307	49	1
213	311	49	1
170	312	49	1
268	317	49	2
183	319	49	1
178	322	49	2
139	326	49	1
235	326	49	1
152	338	49	2
197	342	49	2
199	346	49	2
160	348	49	1
186	349	49	2
184	352	49	2
186	354	49	3
203	355	49	1
134	227	50	1
131	229	50	1
183	230	50	2
125	234	50	1
162	253	50	2
155	263	50	1
130	265	50	1
134	267	50	1
154	270	50	2
151	272	50	1
134	275	50	2
160	275	50	3
220	277	50	1
146	289	50	1
148	296	50	3
174	298	50	1
132	304	50	1
146	307	50	1
193	307	50	2
240	317	50	1
195	325	50	2
206	340	50	1
