x	y	z	Vitamin B5 (pantothenate) metabolism
132	221	20	1
142	221	20	2
123	222	20	3
127	222	20	2
132	222	20	1
176	222	20	2
175	223	20	1
115	224	20	1
133	224	20	1
134	224	20	1
144	224	20	1
156	224	20	1
167	224	20	1
176	224	20	1
157	225	20	1
159	225	20	1
162	225	20	2
176	225	20	1
115	226	20	2
156	226	20	2
158	226	20	1
172	226	20	1
155	227	20	1
160	227	20	1
189	227	20	2
112	228	20	2
119	228	20	1
132	228	20	1
155	228	20	1
174	228	20	3
179	228	20	1
112	229	20	1
126	229	20	1
153	229	20	1
158	229	20	2
129	230	20	1
186	230	20	1
204	230	20	1
121	231	20	1
132	231	20	2
149	231	20	2
154	231	20	3
160	231	20	1
161	231	20	3
170	231	20	2
177	231	20	1
115	232	20	1
135	232	20	3
137	232	20	1
146	232	20	1
197	232	20	1
147	233	20	2
152	233	20	1
206	233	20	1
114	234	20	3
130	234	20	1
132	234	20	2
213	234	20	1
215	234	20	1
126	235	20	2
129	235	20	2
135	235	20	1
136	235	20	1
143	235	20	1
151	235	20	1
158	235	20	1
134	236	20	1
146	236	20	1
215	236	20	1
129	237	20	1
133	237	20	1
137	237	20	2
145	237	20	1
147	237	20	2
148	237	20	2
154	237	20	1
165	237	20	1
168	237	20	1
169	237	20	1
173	237	20	1
202	237	20	2
204	237	20	4
220	237	20	1
222	237	20	1
248	237	20	1
126	238	20	1
139	238	20	1
152	238	20	1
192	238	20	2
128	239	20	1
139	239	20	1
142	239	20	4
144	239	20	3
160	239	20	1
215	239	20	1
118	240	20	1
126	240	20	1
132	240	20	2
147	240	20	3
152	240	20	1
191	240	20	2
214	240	20	4
216	240	20	1
231	240	20	1
108	241	20	1
111	241	20	1
127	241	20	2
131	241	20	1
138	241	20	1
139	241	20	2
141	241	20	1
145	241	20	3
157	241	20	2
167	241	20	1
237	241	20	1
121	242	20	1
132	242	20	1
141	242	20	1
148	242	20	2
150	242	20	1
183	242	20	1
214	242	20	4
237	242	20	1
116	243	20	3
130	243	20	1
247	243	20	2
118	244	20	1
126	244	20	1
134	244	20	1
145	244	20	3
154	244	20	1
162	244	20	1
188	244	20	1
207	244	20	3
210	244	20	1
214	244	20	1
220	244	20	1
242	244	20	2
108	245	20	2
111	245	20	1
121	245	20	2
137	245	20	1
183	245	20	2
117	246	20	1
122	246	20	1
126	246	20	1
130	246	20	1
149	246	20	3
215	246	20	1
221	246	20	1
237	246	20	1
240	246	20	2
246	246	20	2
252	246	20	1
102	247	20	1
133	247	20	2
139	247	20	1
163	247	20	3
218	247	20	1
235	247	20	1
114	248	20	1
141	248	20	3
158	248	20	1
175	248	20	1
222	248	20	1
233	248	20	2
102	249	20	1
145	249	20	2
151	249	20	1
167	249	20	1
169	249	20	1
191	249	20	1
194	249	20	2
215	249	20	1
218	249	20	1
101	250	20	1
119	250	20	1
131	250	20	3
155	250	20	3
162	250	20	1
172	250	20	1
227	250	20	5
101	251	20	1
207	251	20	1
161	252	20	1
173	252	20	2
175	252	20	2
212	252	20	1
234	252	20	2
120	253	20	2
122	253	20	1
154	253	20	1
161	253	20	1
222	253	20	1
231	253	20	1
111	254	20	1
124	254	20	1
148	254	20	1
161	254	20	4
180	254	20	1
183	254	20	2
226	254	20	1
243	254	20	1
248	254	20	1
255	254	20	1
121	255	20	2
149	255	20	1
198	255	20	1
214	255	20	1
233	255	20	2
251	255	20	2
110	256	20	1
113	256	20	1
128	256	20	1
131	256	20	1
145	256	20	1
157	256	20	1
161	256	20	1
172	256	20	2
205	256	20	2
227	256	20	1
262	256	20	1
124	257	20	1
134	257	20	2
146	257	20	2
162	257	20	1
175	257	20	3
177	257	20	2
228	257	20	1
229	257	20	1
232	257	20	1
234	257	20	1
258	257	20	1
265	257	20	2
128	258	20	1
162	258	20	1
175	258	20	2
198	258	20	1
231	258	20	1
232	258	20	2
233	258	20	4
144	259	20	1
166	259	20	1
167	259	20	2
193	259	20	1
197	259	20	1
203	259	20	2
231	259	20	1
232	259	20	1
252	259	20	1
130	260	20	1
134	260	20	2
158	260	20	2
200	260	20	2
112	261	20	1
130	261	20	1
140	261	20	1
141	261	20	1
147	261	20	3
156	261	20	1
165	261	20	4
191	261	20	1
199	261	20	2
207	261	20	2
226	261	20	2
228	261	20	1
118	262	20	4
144	262	20	1
150	262	20	2
170	262	20	1
223	262	20	1
230	262	20	1
133	263	20	1
142	263	20	2
163	263	20	1
166	263	20	3
191	263	20	2
229	263	20	1
246	263	20	2
105	264	20	1
126	264	20	1
160	264	20	1
163	264	20	1
187	264	20	1
220	264	20	1
249	264	20	1
250	264	20	1
254	264	20	1
264	264	20	1
134	265	20	1
137	265	20	1
147	265	20	1
162	265	20	1
163	265	20	1
176	265	20	1
179	265	20	1
190	265	20	1
218	265	20	2
236	265	20	1
113	266	20	1
118	266	20	1
120	266	20	1
126	266	20	1
129	266	20	1
155	266	20	1
158	266	20	1
160	266	20	1
172	266	20	1
184	266	20	1
251	266	20	1
116	267	20	1
117	267	20	1
132	267	20	1
154	267	20	1
239	267	20	1
121	268	20	1
141	268	20	2
151	268	20	1
167	268	20	2
212	268	20	1
213	268	20	1
107	269	20	1
112	269	20	1
118	269	20	1
119	269	20	2
130	269	20	1
132	269	20	1
140	269	20	2
149	269	20	1
159	269	20	1
165	269	20	1
173	269	20	1
212	269	20	3
214	269	20	2
257	269	20	1
100	270	20	1
113	270	20	1
115	270	20	1
117	270	20	2
147	270	20	1
155	270	20	1
156	270	20	1
162	270	20	2
166	270	20	1
217	270	20	2
224	270	20	2
226	270	20	1
227	270	20	1
119	271	20	1
128	271	20	1
145	271	20	1
152	271	20	1
162	271	20	3
164	271	20	2
165	271	20	1
167	271	20	1
171	271	20	4
201	271	20	2
222	271	20	2
266	271	20	1
113	272	20	2
115	272	20	1
120	272	20	1
121	272	20	1
125	272	20	2
144	272	20	1
154	272	20	4
162	272	20	1
169	272	20	1
170	272	20	1
174	272	20	1
181	272	20	1
218	272	20	4
225	272	20	1
226	272	20	2
255	272	20	2
260	272	20	1
117	273	20	1
123	273	20	1
149	273	20	2
152	273	20	1
165	273	20	3
167	273	20	3
170	273	20	1
178	273	20	2
201	273	20	1
207	273	20	1
211	273	20	2
223	273	20	1
122	274	20	1
165	274	20	2
167	274	20	1
169	274	20	1
174	274	20	2
185	274	20	1
197	274	20	2
226	274	20	2
134	275	20	2
154	275	20	2
169	275	20	1
174	275	20	2
177	275	20	1
205	275	20	2
208	275	20	1
226	275	20	1
235	275	20	1
236	275	20	2
268	275	20	2
122	276	20	2
126	276	20	1
136	276	20	1
137	276	20	3
157	276	20	1
170	276	20	1
174	276	20	2
180	276	20	2
182	276	20	2
222	276	20	1
231	276	20	1
258	276	20	1
266	276	20	2
111	277	20	2
130	277	20	2
171	277	20	1
177	277	20	1
189	277	20	1
217	277	20	2
219	277	20	1
220	277	20	1
227	277	20	1
260	277	20	1
262	277	20	1
129	278	20	3
164	278	20	1
168	278	20	1
256	278	20	1
269	278	20	3
270	278	20	2
150	279	20	1
171	279	20	1
175	279	20	2
178	279	20	1
200	279	20	2
204	279	20	4
217	279	20	1
218	279	20	1
222	279	20	1
225	279	20	1
241	279	20	2
162	280	20	1
163	280	20	1
174	280	20	2
175	280	20	1
176	280	20	2
197	280	20	1
199	280	20	2
217	280	20	4
224	280	20	2
256	280	20	1
269	280	20	2
131	281	20	1
142	281	20	2
168	281	20	2
176	281	20	1
218	281	20	2
226	281	20	1
261	281	20	2
152	282	20	1
158	282	20	1
172	282	20	1
219	282	20	1
130	283	20	2
161	283	20	1
165	283	20	1
167	283	20	1
170	283	20	2
176	283	20	2
189	283	20	1
190	283	20	1
214	283	20	1
216	283	20	1
219	283	20	2
226	283	20	2
266	283	20	1
186	284	20	1
223	284	20	1
224	284	20	1
109	285	20	1
119	285	20	1
141	285	20	1
157	285	20	2
205	285	20	1
210	285	20	1
218	285	20	1
223	285	20	1
230	285	20	1
250	285	20	1
268	285	20	1
101	286	20	2
218	286	20	1
225	286	20	3
236	286	20	1
271	286	20	1
124	287	20	1
146	287	20	4
198	287	20	1
205	287	20	1
221	287	20	1
224	287	20	1
261	287	20	3
268	287	20	1
126	288	20	1
136	288	20	3
162	288	20	1
167	288	20	1
170	288	20	2
218	288	20	1
223	288	20	2
224	288	20	1
225	288	20	1
230	288	20	2
238	288	20	2
124	289	20	1
143	289	20	1
147	289	20	1
149	289	20	2
164	289	20	1
179	289	20	2
224	289	20	1
271	289	20	1
140	290	20	2
143	290	20	1
173	290	20	3
189	290	20	2
195	290	20	1
259	290	20	2
108	291	20	1
151	291	20	1
192	291	20	2
262	291	20	1
104	292	20	1
129	292	20	1
131	292	20	1
140	292	20	2
146	292	20	2
157	292	20	1
173	292	20	1
192	292	20	1
195	292	20	1
199	292	20	2
219	292	20	1
236	292	20	2
237	292	20	1
244	292	20	1
264	292	20	2
133	293	20	1
142	293	20	1
148	293	20	1
161	293	20	3
165	293	20	2
204	293	20	1
219	293	20	1
261	293	20	1
118	294	20	2
136	294	20	1
141	294	20	1
161	294	20	1
177	294	20	1
180	294	20	1
199	294	20	1
209	294	20	1
211	294	20	1
214	294	20	2
216	294	20	3
219	294	20	1
220	294	20	1
264	294	20	1
116	295	20	1
136	295	20	1
196	295	20	2
198	295	20	1
220	295	20	2
271	295	20	1
120	296	20	1
131	296	20	1
136	296	20	1
143	296	20	1
145	296	20	1
157	296	20	4
162	296	20	1
163	296	20	2
178	296	20	1
180	296	20	2
187	296	20	2
193	296	20	1
194	296	20	1
196	296	20	1
212	296	20	2
217	296	20	1
228	296	20	2
151	297	20	2
238	297	20	5
110	298	20	1
123	298	20	1
159	298	20	3
177	298	20	2
193	298	20	1
237	298	20	2
129	299	20	1
134	299	20	2
161	299	20	1
179	299	20	1
194	299	20	2
207	299	20	1
243	299	20	3
257	299	20	1
264	299	20	2
270	299	20	2
139	300	20	1
174	300	20	2
191	300	20	1
114	301	20	1
133	301	20	2
155	301	20	1
159	301	20	1
166	301	20	1
240	301	20	2
114	302	20	1
116	302	20	2
126	302	20	1
167	302	20	3
187	302	20	1
204	302	20	2
219	302	20	1
223	302	20	1
252	302	20	1
257	302	20	1
261	302	20	1
101	303	20	1
127	303	20	1
156	303	20	1
187	303	20	1
194	303	20	3
234	303	20	3
158	304	20	1
166	304	20	1
174	304	20	1
185	304	20	1
203	304	20	2
210	304	20	2
234	304	20	1
236	304	20	2
237	304	20	2
239	304	20	2
243	304	20	1
256	304	20	2
262	304	20	2
130	305	20	1
177	305	20	1
206	305	20	1
208	305	20	1
223	305	20	1
234	305	20	1
237	305	20	1
258	305	20	2
127	306	20	1
132	306	20	3
146	306	20	2
177	306	20	1
182	306	20	1
191	306	20	1
200	306	20	2
209	306	20	1
240	306	20	3
241	306	20	1
246	306	20	2
249	306	20	1
258	306	20	2
259	306	20	2
261	306	20	2
124	307	20	1
128	307	20	1
166	307	20	1
182	307	20	4
211	307	20	3
213	307	20	1
234	307	20	1
238	307	20	2
239	307	20	1
241	307	20	1
103	308	20	1
171	308	20	2
184	308	20	2
200	308	20	1
205	308	20	1
219	308	20	3
235	308	20	1
260	308	20	2
130	309	20	1
134	309	20	1
175	309	20	1
201	309	20	1
203	309	20	2
238	309	20	1
239	309	20	2
260	309	20	1
263	309	20	1
267	309	20	4
268	309	20	1
121	310	20	1
144	310	20	1
178	310	20	2
185	310	20	2
241	310	20	1
245	310	20	2
152	311	20	1
201	311	20	1
238	311	20	1
246	311	20	1
264	311	20	1
93	312	20	1
115	312	20	1
148	312	20	2
168	312	20	1
202	312	20	2
205	312	20	1
247	312	20	1
256	312	20	2
258	312	20	1
260	312	20	2
107	313	20	2
164	313	20	1
174	313	20	1
176	313	20	2
182	313	20	1
227	313	20	1
241	313	20	2
250	313	20	1
262	313	20	1
180	314	20	1
201	314	20	2
202	314	20	1
207	314	20	1
268	314	20	1
110	315	20	1
124	315	20	1
148	315	20	1
156	315	20	1
159	315	20	1
180	315	20	1
215	315	20	1
240	315	20	3
243	315	20	1
250	315	20	1
259	315	20	2
260	315	20	1
263	315	20	1
265	315	20	1
98	316	20	1
119	316	20	1
177	316	20	1
178	316	20	1
182	316	20	1
202	316	20	1
203	316	20	1
228	316	20	1
257	316	20	2
259	316	20	1
103	317	20	1
115	317	20	1
145	317	20	1
162	317	20	1
163	317	20	1
177	317	20	1
212	317	20	1
232	317	20	1
233	317	20	1
267	317	20	2
98	318	20	1
113	318	20	2
121	318	20	2
126	318	20	2
257	318	20	1
260	318	20	1
168	319	20	1
171	319	20	2
190	319	20	1
193	319	20	3
218	319	20	1
233	319	20	1
258	319	20	3
120	320	20	2
141	320	20	1
187	320	20	4
195	320	20	1
234	320	20	2
241	320	20	1
243	320	20	3
244	320	20	1
250	320	20	2
140	321	20	1
183	321	20	1
196	321	20	1
197	321	20	3
210	321	20	1
213	321	20	2
256	321	20	1
97	322	20	1
157	322	20	2
178	322	20	3
180	322	20	1
187	322	20	1
190	322	20	1
193	322	20	3
226	322	20	2
257	322	20	1
258	322	20	1
99	323	20	1
108	323	20	3
118	323	20	1
164	323	20	1
177	323	20	1
178	323	20	1
180	323	20	1
186	323	20	1
193	323	20	1
198	323	20	2
236	323	20	1
149	324	20	1
161	324	20	1
165	324	20	1
169	324	20	1
173	324	20	1
177	324	20	1
185	324	20	1
188	324	20	3
196	324	20	1
203	324	20	1
224	324	20	1
101	325	20	1
126	325	20	2
139	325	20	3
179	325	20	2
180	325	20	2
183	325	20	2
185	325	20	1
187	325	20	1
188	325	20	1
189	325	20	1
195	325	20	1
207	325	20	1
259	325	20	2
128	326	20	1
188	326	20	2
191	326	20	1
196	326	20	1
211	326	20	1
217	326	20	1
219	326	20	2
240	326	20	1
102	327	20	3
139	327	20	1
145	327	20	1
179	327	20	3
188	327	20	3
212	327	20	1
233	327	20	1
258	327	20	1
261	327	20	2
120	328	20	2
144	328	20	2
167	328	20	2
214	328	20	1
221	328	20	1
257	328	20	1
260	328	20	1
261	328	20	2
98	329	20	1
117	329	20	1
120	329	20	2
137	329	20	3
147	329	20	1
169	329	20	1
179	329	20	3
180	329	20	2
187	329	20	1
253	329	20	1
122	330	20	1
131	330	20	1
150	330	20	1
157	330	20	2
179	330	20	2
195	330	20	1
213	330	20	2
259	330	20	2
118	331	20	1
136	331	20	2
145	331	20	3
179	331	20	2
200	331	20	4
201	331	20	1
240	331	20	2
249	331	20	1
255	331	20	1
104	332	20	1
106	332	20	2
140	332	20	1
150	332	20	1
199	332	20	1
209	332	20	1
216	332	20	3
218	332	20	1
226	332	20	1
232	332	20	1
260	332	20	1
96	333	20	1
157	333	20	1
161	333	20	1
174	333	20	1
179	333	20	2
193	333	20	1
227	333	20	1
261	333	20	4
131	334	20	1
153	334	20	1
158	334	20	1
177	334	20	2
183	334	20	2
205	334	20	2
210	334	20	3
224	334	20	1
256	334	20	1
182	335	20	1
210	335	20	1
239	335	20	1
246	335	20	2
134	336	20	1
137	336	20	2
163	336	20	2
169	336	20	1
194	336	20	1
199	336	20	4
200	336	20	1
222	336	20	2
230	336	20	1
144	337	20	2
194	337	20	1
217	337	20	1
220	337	20	1
236	337	20	1
169	338	20	1
183	338	20	2
190	338	20	3
198	338	20	3
226	338	20	1
186	339	20	2
242	339	20	3
249	339	20	2
225	340	20	1
242	340	20	2
248	340	20	1
167	341	20	1
214	341	20	1
237	341	20	2
238	341	20	1
246	341	20	1
173	342	20	2
185	342	20	1
217	342	20	1
231	342	20	3
219	343	20	1
229	343	20	1
245	343	20	3
161	344	20	1
178	344	20	2
216	344	20	1
242	344	20	1
183	345	20	2
209	345	20	2
223	345	20	1
241	345	20	1
217	346	20	1
243	346	20	1
190	347	20	1
198	347	20	1
202	347	20	2
192	348	20	1
232	348	20	1
178	349	20	1
179	349	20	2
195	349	20	1
212	349	20	1
229	349	20	1
235	349	20	2
165	350	20	1
169	350	20	2
184	350	20	2
231	350	20	1
203	351	20	1
186	352	20	1
216	352	20	2
231	352	20	2
173	353	20	1
224	353	20	1
178	354	20	3
210	354	20	2
210	355	20	1
180	357	20	2
182	357	20	2
215	357	20	1
169	358	20	2
211	358	20	1
220	358	20	1
175	359	20	1
178	359	20	1
191	359	20	1
218	359	20	2
176	360	20	2
179	360	20	1
180	360	20	1
186	360	20	2
176	361	20	1
185	361	20	1
182	362	20	1
192	362	20	1
197	365	20	1
129	222	21	3
142	224	21	1
175	225	21	1
177	225	21	2
155	226	21	1
183	226	21	2
146	228	21	2
161	228	21	2
154	230	21	3
173	230	21	1
188	230	21	3
110	231	21	1
162	232	21	1
136	233	21	2
144	233	21	1
141	235	21	1
146	236	21	1
147	236	21	1
214	236	21	1
127	237	21	1
131	237	21	1
136	237	21	1
138	237	21	1
144	237	21	1
164	237	21	1
172	237	21	2
178	237	21	1
131	238	21	1
137	238	21	1
200	238	21	1
129	239	21	2
131	239	21	2
135	239	21	1
136	239	21	1
137	240	21	2
141	240	21	1
190	240	21	1
212	240	21	1
214	240	21	1
129	241	21	1
132	241	21	1
137	241	21	2
152	241	21	1
215	241	21	1
126	242	21	3
128	242	21	2
136	242	21	3
137	242	21	2
215	242	21	1
109	243	21	1
116	243	21	1
128	243	21	2
129	243	21	1
138	243	21	3
142	243	21	1
146	243	21	2
152	243	21	1
141	244	21	1
139	245	21	1
149	245	21	3
194	245	21	2
214	245	21	3
215	245	21	3
217	245	21	1
135	246	21	2
149	247	21	2
197	247	21	3
201	247	21	1
173	248	21	1
212	248	21	3
126	250	21	1
131	250	21	1
217	250	21	2
117	251	21	2
220	251	21	2
148	252	21	1
220	252	21	3
154	253	21	1
197	253	21	2
225	253	21	1
199	254	21	1
223	254	21	3
223	255	21	2
226	255	21	1
230	255	21	1
231	255	21	1
227	256	21	1
107	257	21	2
232	257	21	1
252	258	21	1
160	259	21	1
163	259	21	1
160	260	21	1
231	260	21	1
201	261	21	2
137	262	21	1
163	262	21	2
189	262	21	2
219	263	21	1
162	264	21	2
163	264	21	1
175	264	21	1
181	264	21	2
161	265	21	1
221	266	21	1
164	267	21	1
155	268	21	1
114	269	21	2
124	269	21	1
177	269	21	2
178	269	21	2
120	270	21	3
164	270	21	1
235	270	21	2
115	271	21	2
119	271	21	2
174	271	21	1
176	271	21	5
117	272	21	1
124	272	21	1
129	272	21	1
149	272	21	2
163	272	21	1
164	272	21	1
165	272	21	1
167	272	21	1
173	272	21	1
122	273	21	1
151	273	21	4
166	273	21	1
178	273	21	1
224	273	21	2
225	273	21	1
113	274	21	1
134	274	21	1
149	274	21	2
154	274	21	1
167	274	21	2
224	274	21	2
236	274	21	1
265	274	21	1
114	275	21	1
165	275	21	2
176	275	21	3
177	275	21	1
179	275	21	2
116	276	21	1
117	276	21	2
136	276	21	2
165	276	21	1
169	276	21	1
173	276	21	1
175	276	21	1
219	276	21	1
172	277	21	1
174	277	21	1
218	277	21	1
219	277	21	1
218	278	21	1
170	279	21	2
176	279	21	1
177	279	21	1
178	279	21	2
186	279	21	1
216	279	21	1
225	279	21	1
125	280	21	2
147	280	21	1
172	280	21	2
227	280	21	1
175	281	21	1
219	281	21	1
140	282	21	1
173	282	21	2
215	282	21	1
220	282	21	2
173	283	21	1
217	283	21	3
222	284	21	2
224	284	21	1
125	285	21	1
223	285	21	1
101	286	21	1
217	286	21	1
223	286	21	3
219	287	21	1
220	287	21	2
221	287	21	2
251	287	21	1
186	288	21	3
217	288	21	1
224	288	21	1
271	288	21	1
217	289	21	1
223	289	21	1
219	290	21	1
221	290	21	1
268	292	21	1
271	292	21	1
196	293	21	1
216	293	21	1
217	293	21	3
142	294	21	2
193	294	21	2
194	294	21	2
218	294	21	2
235	294	21	3
217	295	21	1
218	295	21	2
245	295	21	2
154	297	21	1
217	297	21	3
250	297	21	1
230	298	21	1
232	298	21	1
131	300	21	1
239	300	21	1
267	300	21	1
270	301	21	3
189	302	21	2
236	302	21	3
264	302	21	1
146	303	21	1
239	303	21	2
240	303	21	1
187	304	21	1
240	304	21	2
266	304	21	1
267	304	21	1
96	305	21	1
209	305	21	3
242	305	21	1
181	306	21	1
203	306	21	1
208	306	21	1
231	306	21	1
235	306	21	2
238	306	21	2
258	306	21	1
210	307	21	2
236	307	21	1
243	307	21	2
260	307	21	2
180	308	21	1
232	308	21	1
259	308	21	1
260	308	21	1
264	308	21	1
170	309	21	1
209	309	21	1
239	309	21	1
264	309	21	1
265	309	21	1
114	310	21	1
132	310	21	1
149	310	21	2
162	310	21	1
176	310	21	2
180	310	21	1
231	310	21	1
261	310	21	1
204	311	21	1
212	311	21	1
167	312	21	2
199	312	21	1
201	312	21	1
203	312	21	1
227	312	21	3
256	312	21	2
258	312	21	3
116	313	21	1
238	313	21	1
262	313	21	2
172	314	21	1
204	314	21	1
230	314	21	1
237	314	21	1
115	315	21	1
163	315	21	1
179	315	21	1
211	315	21	1
265	315	21	2
208	316	21	2
237	316	21	1
254	316	21	3
180	317	21	1
200	317	21	3
264	317	21	1
177	318	21	3
182	318	21	1
264	318	21	2
166	319	21	1
241	319	21	2
258	319	21	1
261	319	21	1
258	320	21	2
262	320	21	1
118	321	21	1
132	321	21	1
183	321	21	2
249	321	21	2
256	321	21	1
258	321	21	1
260	321	21	2
178	322	21	3
182	322	21	2
187	322	21	1
199	322	21	3
258	322	21	1
179	323	21	1
181	323	21	2
185	323	21	1
192	323	21	1
243	323	21	2
261	323	21	2
141	324	21	2
178	324	21	1
180	324	21	1
184	324	21	3
186	324	21	1
187	324	21	1
188	324	21	1
195	324	21	1
196	324	21	1
181	325	21	3
195	325	21	1
199	325	21	1
96	326	21	2
94	327	21	1
180	327	21	3
147	328	21	4
99	329	21	1
100	329	21	2
98	330	21	2
105	331	21	2
141	331	21	2
257	331	21	1
260	331	21	2
181	333	21	1
210	333	21	2
259	333	21	1
121	334	21	2
223	334	21	2
255	334	21	4
260	334	21	1
134	335	21	3
170	335	21	1
181	335	21	2
259	335	21	1
142	336	21	3
177	336	21	1
178	336	21	3
183	336	21	3
175	337	21	1
177	337	21	1
145	338	21	1
176	338	21	1
240	338	21	1
148	339	21	1
173	339	21	1
189	339	21	1
242	339	21	1
163	340	21	2
177	340	21	1
237	340	21	1
169	342	21	1
239	342	21	2
240	344	21	1
243	345	21	2
180	346	21	1
173	349	21	4
198	349	21	1
212	349	21	3
181	355	21	1
169	356	21	1
179	360	21	1
195	361	21	1
154	229	22	1
147	234	22	1
143	235	22	1
145	235	22	2
148	235	22	1
132	236	22	3
134	238	22	1
139	238	22	1
146	238	22	1
144	239	22	1
149	239	22	1
216	239	22	1
129	240	22	1
139	240	22	2
146	240	22	1
216	240	22	2
136	241	22	1
139	241	22	1
140	241	22	1
148	241	22	1
153	241	22	1
214	241	22	1
129	242	22	2
132	242	22	3
135	242	22	1
144	242	22	2
215	242	22	1
136	243	22	2
133	245	22	1
132	246	22	1
135	247	22	2
216	249	22	2
217	250	22	1
218	252	22	1
223	252	22	1
221	254	22	1
226	254	22	2
161	255	22	1
229	255	22	1
150	256	22	1
196	256	22	2
228	256	22	1
161	257	22	1
163	257	22	2
163	258	22	1
162	259	22	1
161	260	22	3
161	263	22	1
119	267	22	2
120	267	22	1
160	267	22	1
121	268	22	1
157	268	22	1
158	268	22	1
162	268	22	2
165	268	22	2
159	269	22	2
127	270	22	1
158	270	22	1
165	270	22	2
164	271	22	1
181	271	22	1
155	272	22	2
177	272	22	1
118	273	22	2
165	273	22	1
177	273	22	1
179	273	22	1
226	273	22	3
168	274	22	1
169	274	22	2
174	274	22	1
177	274	22	1
164	275	22	1
165	275	22	1
178	275	22	1
227	275	22	1
170	277	22	1
169	278	22	1
169	279	22	1
230	279	22	1
170	280	22	3
173	280	22	2
170	281	22	1
172	281	22	1
172	282	22	1
226	285	22	1
221	287	22	1
271	287	22	2
219	288	22	1
224	288	22	2
198	290	22	1
217	290	22	2
219	292	22	1
218	293	22	3
266	294	22	1
217	295	22	1
269	296	22	1
217	297	22	1
219	297	22	1
268	297	22	3
214	300	22	1
210	301	22	1
238	302	22	1
212	303	22	1
266	303	22	1
268	303	22	1
185	304	22	1
210	304	22	4
236	304	22	2
185	305	22	1
232	306	22	2
238	306	22	1
264	306	22	2
204	307	22	1
205	307	22	1
207	307	22	1
234	307	22	1
203	308	22	1
235	308	22	2
260	308	22	1
201	309	22	2
208	309	22	1
250	310	22	2
259	310	22	2
260	310	22	3
206	311	22	2
231	311	22	1
264	311	22	4
176	312	22	2
258	312	22	1
260	312	22	1
233	313	22	1
260	313	22	4
261	313	22	1
257	314	22	1
179	315	22	1
257	315	22	1
261	315	22	2
262	316	22	2
258	317	22	1
240	318	22	2
258	318	22	1
260	318	22	2
262	318	22	2
184	320	22	1
256	321	22	1
257	321	22	2
259	322	22	1
185	323	22	1
187	323	22	1
191	323	22	3
194	323	22	1
197	323	22	1
258	323	22	1
182	324	22	1
196	324	22	1
146	325	22	1
184	325	22	1
188	325	22	2
215	325	22	1
202	326	22	2
260	326	22	1
202	327	22	1
184	328	22	1
200	328	22	1
99	329	22	1
103	330	22	3
182	330	22	1
94	331	22	1
181	331	22	1
176	335	22	1
240	343	22	1
242	343	22	2
243	343	22	1
244	344	22	1
180	360	22	3
157	225	23	2
157	228	23	1
157	229	23	1
156	230	23	1
157	230	23	1
152	231	23	1
157	231	23	2
144	233	23	2
138	234	23	1
140	234	23	2
146	234	23	2
140	235	23	1
141	235	23	1
144	235	23	1
148	235	23	1
150	236	23	1
133	237	23	2
142	237	23	2
139	238	23	1
145	238	23	1
217	238	23	2
131	239	23	1
148	239	23	1
130	240	23	1
142	240	23	1
130	241	23	2
135	241	23	1
136	241	23	2
138	241	23	1
140	241	23	1
145	241	23	1
132	242	23	2
138	242	23	1
149	242	23	3
215	242	23	1
132	243	23	2
227	243	23	1
145	244	23	1
134	246	23	1
215	248	23	2
227	249	23	2
222	252	23	1
192	253	23	1
196	254	23	1
197	255	23	1
231	255	23	1
198	256	23	1
193	257	23	2
224	257	23	1
197	259	23	2
119	264	23	1
119	267	23	1
121	267	23	2
124	267	23	1
127	268	23	1
163	268	23	1
120	270	23	1
156	270	23	1
165	270	23	2
183	270	23	1
168	271	23	1
154	272	23	2
158	273	23	1
164	273	23	1
177	273	23	2
173	275	23	1
224	275	23	1
140	276	23	1
172	276	23	1
166	277	23	1
174	277	23	2
168	278	23	2
178	278	23	2
179	279	23	1
219	279	23	1
176	280	23	1
169	281	23	1
210	281	23	1
173	282	23	2
176	282	23	2
206	282	23	1
202	285	23	1
271	286	23	1
203	287	23	1
220	291	23	1
268	292	23	1
266	293	23	1
269	293	23	3
271	293	23	1
218	296	23	2
269	297	23	2
268	298	23	2
269	298	23	3
190	299	23	1
215	299	23	1
264	299	23	1
235	301	23	1
236	301	23	1
211	302	23	2
266	302	23	1
136	303	23	3
264	303	23	2
237	304	23	1
264	305	23	1
183	306	23	1
239	306	23	1
241	306	23	1
181	307	23	1
205	307	23	1
206	307	23	1
207	307	23	1
235	307	23	1
241	307	23	1
259	307	23	1
262	307	23	1
261	308	23	1
262	308	23	1
179	309	23	2
261	309	23	1
260	310	23	2
240	311	23	2
176	312	23	1
203	312	23	1
260	312	23	1
176	313	23	1
203	313	23	1
239	313	23	3
258	313	23	2
204	314	23	2
232	314	23	2
257	314	23	1
263	314	23	2
179	315	23	1
238	315	23	2
245	315	23	1
257	315	23	1
258	315	23	2
259	315	23	4
260	315	23	1
262	315	23	1
258	316	23	3
261	316	23	3
264	316	23	2
181	317	23	1
256	317	23	1
257	317	23	1
258	317	23	2
182	318	23	2
254	318	23	1
258	318	23	1
259	318	23	1
261	318	23	2
262	318	23	1
166	319	23	2
241	319	23	1
256	319	23	1
258	319	23	1
259	319	23	2
261	319	23	1
262	319	23	2
187	322	23	1
236	322	23	2
256	322	23	1
182	323	23	1
185	323	23	2
178	324	23	1
182	325	23	1
186	325	23	4
194	326	23	1
99	327	23	1
184	327	23	1
94	328	23	1
96	329	23	1
183	329	23	2
186	329	23	1
259	329	23	2
201	331	23	2
260	331	23	1
180	332	23	1
260	332	23	2
259	333	23	1
260	336	23	1
240	342	23	2
244	344	23	1
240	345	23	2
242	345	23	2
182	221	24	1
181	222	24	1
178	223	24	2
181	223	24	1
178	224	24	2
179	224	24	3
160	225	24	1
176	225	24	3
156	226	24	1
178	226	24	1
157	228	24	1
154	229	24	1
158	229	24	1
151	231	24	2
162	231	24	1
149	232	24	1
153	232	24	1
157	233	24	2
138	234	24	1
141	234	24	1
146	234	24	2
145	235	24	1
151	235	24	1
137	236	24	1
139	236	24	2
144	236	24	1
146	236	24	1
151	236	24	1
137	237	24	1
145	237	24	3
146	238	24	1
149	238	24	1
150	238	24	1
151	238	24	2
145	239	24	1
137	240	24	1
142	240	24	1
146	240	24	1
140	241	24	2
140	242	24	1
226	242	24	2
134	243	24	1
141	243	24	1
149	243	24	1
131	244	24	2
137	244	24	2
139	244	24	3
147	244	24	1
137	245	24	1
227	246	24	2
139	247	24	3
224	248	24	1
138	249	24	1
139	249	24	2
131	252	24	2
134	252	24	1
225	252	24	2
141	253	24	2
222	253	24	1
140	254	24	1
140	255	24	2
163	256	24	2
194	257	24	1
197	257	24	1
196	258	24	1
199	258	24	2
118	260	24	1
225	260	24	2
199	261	24	1
116	262	24	1
117	262	24	2
118	262	24	2
219	262	24	1
223	262	24	1
121	263	24	1
217	263	24	1
221	263	24	1
117	264	24	1
118	264	24	1
119	264	24	2
122	264	24	1
163	264	24	1
118	265	24	2
124	265	24	1
117	266	24	2
119	266	24	1
126	266	24	2
162	269	24	2
165	269	24	2
127	270	24	2
181	271	24	1
165	273	24	1
182	273	24	1
179	274	24	3
167	275	24	1
178	275	24	2
168	277	24	1
169	277	24	1
170	277	24	2
177	277	24	1
180	277	24	2
220	277	24	2
178	278	24	1
179	278	24	4
168	279	24	3
170	279	24	4
173	279	24	1
180	279	24	3
174	280	24	1
168	281	24	3
176	282	24	1
177	284	24	1
206	284	24	2
276	286	24	1
225	290	24	1
270	290	24	1
197	291	24	1
198	291	24	1
275	291	24	2
269	292	24	1
194	294	24	1
237	294	24	2
271	295	24	1
219	296	24	1
269	297	24	1
266	298	24	1
265	299	24	1
189	300	24	3
235	300	24	1
238	300	24	1
238	301	24	3
265	301	24	2
267	301	24	1
235	302	24	1
240	302	24	3
242	302	24	1
188	304	24	1
235	304	24	1
237	304	24	1
238	304	24	1
263	304	24	1
262	305	24	1
206	306	24	1
241	306	24	1
262	306	24	1
263	306	24	2
266	306	24	1
259	307	24	1
260	307	24	1
202	308	24	1
235	308	24	2
260	308	24	1
263	308	24	2
237	309	24	1
259	309	24	1
260	309	24	1
263	309	24	1
178	310	24	1
260	310	24	1
206	311	24	1
231	311	24	1
235	311	24	2
200	312	24	2
255	312	24	1
257	312	24	2
177	313	24	1
199	313	24	1
264	313	24	1
175	314	24	3
176	314	24	1
203	314	24	1
234	314	24	1
237	314	24	1
257	314	24	1
263	314	24	1
171	315	24	1
173	315	24	1
175	315	24	1
177	315	24	1
211	315	24	1
258	315	24	1
260	315	24	2
172	316	24	1
258	316	24	1
167	317	24	1
185	317	24	1
262	317	24	2
167	318	24	1
168	318	24	1
179	318	24	2
258	318	24	4
259	318	24	3
260	318	24	2
184	319	24	1
262	319	24	2
263	319	24	1
166	320	24	1
182	320	24	2
185	320	24	1
187	320	24	2
239	320	24	2
164	321	24	1
181	321	24	1
186	321	24	2
238	321	24	1
259	321	24	1
185	322	24	1
242	322	24	1
179	323	24	3
187	323	24	1
195	323	24	1
236	323	24	2
161	324	24	2
185	325	24	1
188	325	24	1
185	326	24	2
258	326	24	1
157	327	24	1
183	327	24	1
184	327	24	1
154	329	24	3
183	329	24	1
185	329	24	1
186	329	24	1
261	329	24	1
96	330	24	2
97	330	24	1
101	330	24	2
103	330	24	2
132	330	24	2
104	331	24	3
181	331	24	1
261	331	24	1
257	332	24	1
260	332	24	1
178	334	24	1
258	334	24	1
181	335	24	1
245	335	24	2
181	336	24	3
259	336	24	1
181	359	24	1
186	360	24	1
180	222	25	1
157	226	25	1
155	228	25	1
158	228	25	2
152	230	25	1
159	230	25	1
150	233	25	1
137	234	25	2
134	235	25	1
142	235	25	1
143	235	25	1
133	237	25	2
139	237	25	1
141	237	25	1
247	237	25	1
249	237	25	2
140	238	25	2
246	238	25	1
138	239	25	1
134	240	25	5
134	241	25	1
136	241	25	2
226	241	25	3
237	241	25	1
134	242	25	1
131	243	25	1
134	243	25	2
135	244	25	2
133	246	25	1
135	246	25	1
139	246	25	1
140	247	25	1
139	248	25	1
230	248	25	1
195	249	25	1
138	250	25	2
229	250	25	1
230	251	25	1
136	253	25	1
140	253	25	2
224	257	25	1
121	258	25	1
225	258	25	4
118	261	25	1
119	261	25	2
122	261	25	1
199	261	25	2
121	262	25	1
123	262	25	1
119	263	25	2
215	264	25	2
126	265	25	1
122	266	25	1
123	266	25	1
261	266	25	1
180	274	25	1
178	276	25	1
170	278	25	1
177	278	25	1
165	279	25	1
170	279	25	1
177	279	25	2
273	279	25	1
274	280	25	1
276	280	25	1
169	281	25	2
177	281	25	1
165	282	25	1
275	285	25	1
271	290	25	1
271	291	25	1
268	292	25	1
270	293	25	1
269	294	25	2
266	295	25	1
238	297	25	1
266	297	25	1
268	297	25	1
237	300	25	1
264	301	25	1
265	301	25	1
237	302	25	5
238	302	25	3
234	305	25	2
236	305	25	1
232	308	25	2
243	308	25	2
230	309	25	1
262	309	25	1
208	310	25	2
206	311	25	1
208	311	25	2
258	311	25	1
260	311	25	1
262	311	25	1
208	312	25	1
259	312	25	2
260	312	25	1
209	314	25	2
256	314	25	1
257	314	25	2
258	314	25	1
262	314	25	1
176	315	25	2
262	316	25	2
257	317	25	2
261	317	25	2
258	318	25	2
259	318	25	2
261	318	25	1
256	319	25	1
258	319	25	1
240	320	25	3
241	320	25	2
257	320	25	1
241	321	25	2
260	322	25	1
239	323	25	1
259	324	25	3
258	325	25	2
258	327	25	1
183	329	25	2
107	331	25	3
153	332	25	1
144	337	25	1
180	221	26	2
180	222	26	1
181	223	26	2
178	225	26	1
174	226	26	1
178	226	26	1
157	228	26	1
160	230	26	2
168	230	26	1
156	231	26	1
157	231	26	2
142	234	26	2
246	234	26	1
139	235	26	1
140	235	26	1
145	235	26	1
246	235	26	2
250	235	26	1
145	236	26	1
248	236	26	1
134	237	26	1
135	237	26	2
143	237	26	1
248	237	26	1
133	238	26	1
137	238	26	1
143	238	26	1
144	238	26	2
246	238	26	1
248	238	26	1
240	239	26	1
242	239	26	1
135	240	26	2
136	240	26	1
131	241	26	1
136	243	26	2
235	243	26	1
136	244	26	1
134	245	26	2
137	245	26	1
226	246	26	1
223	248	26	1
226	248	26	2
230	248	26	1
125	251	26	2
229	251	26	4
224	253	26	1
227	253	26	2
124	255	26	1
121	257	26	1
121	258	26	1
123	259	26	2
119	269	26	1
121	269	26	1
122	269	26	1
126	269	26	1
122	270	26	1
178	275	26	1
172	276	26	2
169	278	26	1
175	278	26	1
177	278	26	1
163	279	26	1
174	280	26	2
176	280	26	3
172	281	26	1
273	281	26	1
167	282	26	1
177	282	26	1
275	282	26	2
175	283	26	1
176	283	26	1
274	283	26	3
181	287	26	1
183	288	26	1
272	293	26	1
271	294	26	1
268	295	26	1
235	298	26	2
231	307	26	1
237	307	26	1
235	308	26	1
231	309	26	1
262	309	26	2
209	311	26	1
259	311	26	1
257	312	26	1
259	313	26	1
211	315	26	2
211	316	26	1
257	316	26	3
258	316	26	1
260	316	26	1
263	316	26	1
258	318	26	1
261	319	26	2
239	320	26	1
241	320	26	2
240	322	26	2
242	322	26	1
186	359	26	2
183	221	27	1
179	226	27	1
155	231	27	3
161	231	27	2
164	231	27	2
162	232	27	1
163	232	27	1
166	232	27	1
144	234	27	1
152	234	27	1
154	234	27	1
245	234	27	1
145	235	27	1
146	235	27	2
137	236	27	1
245	236	27	1
249	236	27	1
250	236	27	1
135	237	27	1
137	237	27	1
138	237	27	1
176	237	27	3
241	237	27	2
243	237	27	1
138	238	27	1
139	238	27	1
146	238	27	1
244	238	27	1
249	238	27	1
135	239	27	1
182	239	27	1
236	239	27	1
241	239	27	2
242	239	27	2
243	239	27	1
139	240	27	1
226	241	27	1
134	242	27	1
134	243	27	1
226	244	27	2
233	245	27	1
246	245	27	2
250	245	27	3
228	246	27	1
194	247	27	1
228	249	27	1
227	251	27	1
229	251	27	3
226	252	27	1
225	253	27	3
125	255	27	1
122	256	27	1
121	257	27	1
122	257	27	2
125	257	27	2
126	257	27	1
122	258	27	3
124	258	27	1
125	267	27	1
126	267	27	2
259	267	27	2
119	268	27	1
121	268	27	1
126	270	27	2
127	270	27	2
128	270	27	1
174	276	27	1
174	277	27	2
175	277	27	1
175	278	27	1
178	278	27	1
167	279	27	1
172	279	27	2
174	279	27	1
175	279	27	1
176	279	27	4
175	280	27	1
274	280	27	3
170	281	27	1
174	281	27	1
274	281	27	1
275	281	27	1
178	282	27	1
178	283	27	2
271	283	27	1
272	283	27	1
170	284	27	1
173	284	27	2
168	285	27	4
273	285	27	1
271	291	27	1
177	294	27	1
191	294	27	1
195	294	27	1
270	294	27	1
192	295	27	1
236	305	27	2
235	308	27	4
240	308	27	2
237	309	27	1
257	309	27	1
261	309	27	2
258	312	27	1
259	312	27	1
206	313	27	2
202	314	27	2
208	314	27	2
212	314	27	2
210	315	27	1
258	316	27	1
261	317	27	1
239	318	27	1
256	319	27	3
259	319	27	1
240	320	27	1
260	320	27	1
238	322	27	1
236	324	27	2
261	324	27	1
233	326	27	2
96	328	27	1
260	328	27	1
115	228	28	1
163	231	28	1
166	231	28	1
162	232	28	1
165	232	28	2
156	233	28	1
166	234	28	1
146	235	28	1
243	235	28	1
250	235	28	5
136	236	28	1
138	236	28	2
143	236	28	1
144	236	28	1
249	236	28	1
136	237	28	1
138	237	28	1
242	237	28	2
248	237	28	1
249	237	28	1
136	238	28	4
139	238	28	2
140	238	28	1
141	238	28	2
147	238	28	2
244	238	28	1
246	238	28	2
246	239	28	2
134	240	28	2
139	240	28	2
140	240	28	1
184	240	28	1
139	241	28	1
179	241	28	1
186	241	28	2
137	242	28	1
114	243	28	1
227	243	28	2
233	243	28	1
249	243	28	1
189	244	28	1
248	244	28	2
231	245	28	2
193	246	28	2
234	249	28	1
125	251	28	1
126	251	28	2
193	251	28	1
234	251	28	1
123	252	28	1
124	252	28	1
127	252	28	2
124	254	28	1
126	254	28	2
124	255	28	1
127	256	28	1
257	264	28	1
124	267	28	1
127	267	28	2
127	270	28	1
121	271	28	3
123	271	28	1
170	271	28	1
167	272	28	2
134	274	28	2
134	276	28	1
171	277	28	1
173	277	28	1
128	278	28	1
175	279	28	1
176	279	28	2
174	280	28	1
177	280	28	1
178	280	28	1
275	280	28	1
172	281	28	1
174	281	28	2
276	281	28	1
176	282	28	1
177	282	28	3
178	282	28	1
274	282	28	1
275	282	28	3
170	283	28	2
173	283	28	2
175	284	28	1
275	284	28	1
164	285	28	1
168	285	28	1
169	285	28	1
170	285	28	1
178	285	28	1
179	285	28	2
275	285	28	1
168	288	28	3
271	289	28	1
270	290	28	2
192	292	28	1
193	294	28	1
197	295	28	2
179	296	28	1
179	299	28	2
236	305	28	1
230	306	28	2
227	307	28	2
234	307	28	2
207	308	28	1
204	310	28	1
208	310	28	1
222	310	28	1
230	310	28	1
257	312	28	1
211	313	28	1
259	313	28	2
261	313	28	1
208	314	28	1
209	315	28	1
211	315	28	1
259	315	28	1
210	316	28	1
259	316	28	1
240	317	28	1
242	317	28	2
259	317	28	1
261	317	28	3
262	318	28	1
239	319	28	2
241	319	28	1
232	325	28	1
94	328	28	3
133	328	28	2
96	331	28	3
96	332	28	1
185	357	28	3
112	226	29	1
112	228	29	1
162	232	29	3
164	233	29	2
250	235	29	5
191	236	29	1
250	236	29	1
252	236	29	1
142	237	29	1
249	237	29	1
250	237	29	1
179	238	29	1
250	238	29	3
183	239	29	1
115	240	29	2
178	240	29	1
181	240	29	1
182	240	29	2
183	240	29	1
190	240	29	3
180	241	29	2
134	242	29	1
235	242	29	1
188	243	29	1
190	243	29	2
193	243	29	1
234	243	29	1
236	243	29	1
189	244	29	2
192	244	29	1
236	246	29	2
193	247	29	1
189	249	29	2
226	250	29	1
132	259	29	1
134	259	29	2
259	266	29	1
259	267	29	2
261	267	29	1
125	268	29	1
123	270	29	1
124	271	29	1
129	271	29	1
124	272	29	1
125	272	29	1
132	272	29	1
135	272	29	1
136	272	29	1
166	273	29	2
167	273	29	2
168	273	29	1
170	273	29	1
128	274	29	1
168	274	29	3
137	275	29	3
168	275	29	1
170	275	29	1
168	278	29	1
172	280	29	1
161	282	29	2
167	282	29	1
276	282	29	1
166	283	29	1
168	283	29	2
174	283	29	1
276	283	29	1
275	284	29	2
276	284	29	3
176	285	29	2
177	285	29	1
168	286	29	1
167	287	29	1
169	287	29	2
175	295	29	2
177	296	29	1
183	297	29	1
181	299	29	1
183	300	29	1
235	304	29	2
235	307	29	2
236	307	29	1
199	308	29	2
206	308	29	1
233	308	29	2
203	309	29	1
229	309	29	1
111	310	29	1
203	310	29	1
202	311	29	1
207	311	29	1
204	312	29	3
208	312	29	1
211	312	29	1
205	313	29	2
209	313	29	2
207	314	29	1
245	315	29	1
241	316	29	2
255	316	29	2
241	318	29	2
243	319	29	2
243	320	29	2
239	321	29	1
126	324	29	1
126	325	29	1
121	326	29	1
94	327	29	1
127	327	29	3
227	327	29	2
95	328	29	2
96	328	29	1
130	329	29	1
134	329	29	2
97	330	29	2
95	331	29	1
97	331	29	1
94	332	29	1
95	332	29	1
96	333	29	1
185	360	29	1
220	360	29	1
112	227	30	2
192	234	30	2
179	238	30	1
181	238	30	1
181	239	30	1
182	239	30	1
184	239	30	1
177	240	30	2
178	240	30	1
181	240	30	1
179	241	30	1
183	241	30	1
189	241	30	1
172	242	30	1
182	243	30	1
184	244	30	4
193	244	30	1
148	253	30	1
126	256	30	1
127	256	30	1
123	257	30	1
125	257	30	1
250	257	30	1
129	259	30	1
133	259	30	1
131	260	30	2
257	261	30	1
136	263	30	2
262	267	30	1
258	268	30	2
125	270	30	1
137	270	30	2
127	271	30	1
138	271	30	1
166	271	30	1
123	272	30	2
124	272	30	1
135	272	30	1
123	273	30	1
124	273	30	1
140	273	30	2
139	274	30	2
167	274	30	1
170	274	30	1
142	277	30	2
168	278	30	2
159	279	30	3
163	279	30	1
169	279	30	3
276	280	30	1
159	281	30	1
276	281	30	1
275	282	30	1
160	283	30	1
165	283	30	1
276	283	30	5
164	284	30	1
275	284	30	1
276	284	30	1
275	285	30	1
276	285	30	1
165	287	30	2
170	287	30	1
162	288	30	3
177	296	30	1
180	299	30	1
198	307	30	1
189	308	30	2
210	309	30	1
208	310	30	2
249	310	30	1
247	311	30	1
207	312	30	1
208	312	30	1
225	312	30	2
206	313	30	1
246	316	30	2
245	317	30	5
242	318	30	2
128	324	30	1
129	324	30	1
128	325	30	1
98	330	30	1
93	331	30	3
97	331	30	1
98	331	30	1
95	333	30	1
97	333	30	1
96	334	30	2
218	359	30	1
218	361	30	2
220	363	30	1
139	239	31	2
174	239	31	2
179	240	31	2
185	240	31	1
240	240	31	1
175	241	31	1
178	241	31	1
183	241	31	1
185	241	31	4
188	241	31	1
174	242	31	1
176	242	31	1
179	242	31	3
172	243	31	1
174	243	31	2
184	243	31	1
188	243	31	1
189	243	31	2
190	244	31	1
186	245	31	1
188	245	31	2
190	245	31	1
174	246	31	1
123	256	31	1
126	256	31	2
128	256	31	1
124	259	31	1
129	259	31	1
255	259	31	1
256	262	31	1
258	262	31	1
258	265	31	3
261	265	31	1
257	266	31	4
262	266	31	1
126	268	31	1
127	269	31	1
129	269	31	1
123	270	31	1
125	270	31	1
134	270	31	1
136	271	31	2
137	271	31	1
163	271	31	1
164	271	31	1
260	271	31	1
127	272	31	1
132	272	31	1
142	273	31	2
163	273	31	3
162	274	31	2
166	275	31	1
166	277	31	2
168	277	31	1
259	280	31	1
159	281	31	1
261	281	31	1
159	282	31	1
162	282	31	1
259	282	31	1
261	282	31	1
262	282	31	1
275	282	31	2
165	283	31	1
276	283	31	1
164	284	31	2
167	284	31	2
274	284	31	1
275	284	31	2
163	285	31	3
165	285	31	2
166	285	31	1
276	285	31	1
162	286	31	2
163	286	31	2
167	287	31	1
166	288	31	1
168	288	31	1
169	288	31	1
166	290	31	2
172	292	31	1
191	307	31	1
197	307	31	4
197	308	31	1
190	309	31	1
191	309	31	1
192	309	31	1
206	309	31	2
189	311	31	1
203	311	31	1
210	311	31	1
245	311	31	2
205	312	31	1
210	312	31	1
222	312	31	1
190	313	31	2
220	315	31	1
211	317	31	1
212	319	31	3
236	323	31	1
98	326	31	3
92	327	31	1
96	328	31	2
98	329	31	1
94	330	31	1
95	330	31	1
96	331	31	1
97	331	31	2
94	332	31	1
96	332	31	2
97	333	31	1
187	346	31	1
182	349	31	1
186	349	31	1
223	361	31	1
114	225	32	2
112	226	32	3
113	226	32	1
114	226	32	1
181	240	32	2
183	242	32	2
186	242	32	1
188	242	32	1
174	243	32	3
176	243	32	1
194	243	32	3
172	244	32	1
173	244	32	2
176	244	32	3
178	244	32	2
181	244	32	1
182	244	32	1
186	245	32	1
188	245	32	1
190	245	32	2
193	246	32	2
148	253	32	2
134	254	32	2
254	257	32	1
132	258	32	2
253	258	32	1
134	259	32	3
157	259	32	2
256	259	32	1
256	261	32	1
126	265	32	1
128	265	32	1
258	265	32	1
259	265	32	1
261	265	32	1
262	265	32	1
124	267	32	1
130	267	32	1
260	267	32	1
261	267	32	1
263	267	32	1
126	268	32	1
165	268	32	1
261	268	32	2
124	269	32	1
126	269	32	1
127	269	32	3
129	269	32	1
259	269	32	1
262	269	32	1
125	271	32	1
139	271	32	1
260	271	32	3
139	272	32	1
165	274	32	1
167	274	32	1
164	276	32	2
161	279	32	1
261	280	32	1
275	281	32	1
276	281	32	2
276	282	32	1
164	283	32	2
161	284	32	1
167	284	32	1
163	285	32	1
163	286	32	1
162	287	32	1
163	287	32	2
167	287	32	1
165	295	32	1
114	307	32	1
187	307	32	1
114	308	32	1
187	308	32	1
188	308	32	2
194	308	32	4
195	308	32	4
112	309	32	1
188	309	32	2
210	309	32	1
258	309	32	2
195	310	32	1
196	310	32	2
113	311	32	3
195	311	32	1
198	311	32	1
203	311	32	1
201	312	32	1
203	312	32	2
207	312	32	1
211	312	32	2
246	312	32	1
112	313	32	2
200	313	32	1
212	313	32	1
225	313	32	1
197	316	32	2
243	316	32	1
243	317	32	1
245	318	32	1
210	319	32	1
201	320	32	2
212	320	32	1
240	320	32	1
245	320	32	1
236	322	32	3
238	323	32	1
99	327	32	1
92	330	32	2
97	330	32	1
94	332	32	3
97	333	32	1
204	333	32	3
96	334	32	1
184	336	32	2
186	347	32	2
189	347	32	3
188	348	32	1
180	352	32	2
186	354	32	2
177	359	32	1
112	228	33	2
175	243	33	1
188	244	33	1
178	245	33	1
184	245	33	1
200	246	33	1
210	246	33	2
135	254	33	1
133	257	33	2
147	257	33	1
138	258	33	2
254	258	33	1
257	258	33	1
129	259	33	1
252	259	33	2
258	259	33	1
131	260	33	1
257	260	33	1
258	260	33	2
130	262	33	1
158	262	33	2
130	263	33	3
169	263	33	1
127	264	33	1
157	264	33	2
257	265	33	2
126	266	33	1
129	266	33	1
124	267	33	2
261	267	33	1
262	267	33	1
263	267	33	1
266	267	33	2
263	269	33	1
264	269	33	2
263	270	33	1
266	270	33	1
127	271	33	1
157	273	33	2
155	275	33	1
162	275	33	1
164	275	33	1
158	276	33	1
159	276	33	1
261	276	33	1
164	277	33	1
146	278	33	1
163	278	33	1
262	278	33	1
157	279	33	2
262	279	33	2
163	281	33	1
261	281	33	1
161	283	33	2
161	284	33	1
164	284	33	1
165	284	33	1
124	285	33	1
164	285	33	1
160	286	33	1
162	286	33	3
121	293	33	1
118	298	33	3
121	300	33	3
117	301	33	1
119	301	33	1
121	301	33	1
118	303	33	1
119	303	33	1
194	304	33	4
118	305	33	2
115	307	33	1
197	307	33	1
115	308	33	1
184	308	33	2
186	308	33	1
198	308	33	1
199	308	33	1
207	308	33	1
115	309	33	2
185	309	33	1
190	309	33	1
191	309	33	1
195	309	33	1
198	309	33	1
193	310	33	1
197	310	33	1
208	310	33	2
115	311	33	1
191	311	33	2
194	311	33	1
198	311	33	1
199	311	33	1
190	312	33	3
196	312	33	1
198	312	33	1
199	312	33	1
112	313	33	1
113	313	33	1
248	313	33	1
111	314	33	1
207	314	33	2
209	314	33	1
246	314	33	1
247	315	33	2
121	316	33	1
119	318	33	1
198	318	33	1
125	319	33	1
201	319	33	1
206	319	33	1
201	321	33	3
236	321	33	2
238	321	33	1
100	329	33	1
98	333	33	1
193	333	33	2
203	333	33	1
204	333	33	1
217	339	33	1
193	341	33	1
215	341	33	2
212	344	33	1
206	345	33	1
187	346	33	1
190	348	33	1
186	349	33	2
192	349	33	1
207	349	33	1
208	349	33	1
181	350	33	1
184	351	33	1
177	352	33	3
179	352	33	1
184	352	33	2
211	352	33	1
177	353	33	1
181	353	33	1
179	357	33	1
113	225	34	2
114	226	34	1
115	226	34	1
114	227	34	1
113	228	34	2
139	234	34	1
136	237	34	1
137	237	34	1
140	240	34	3
174	240	34	1
139	242	34	2
138	243	34	1
174	243	34	1
190	244	34	1
197	244	34	3
175	245	34	1
199	245	34	2
193	246	34	1
212	247	34	1
134	250	34	2
135	252	34	1
131	254	34	1
131	255	34	2
133	255	34	1
140	255	34	2
131	256	34	1
133	256	34	1
138	256	34	1
139	256	34	1
143	256	34	1
131	257	34	1
133	257	34	2
130	258	34	1
137	258	34	1
148	258	34	2
250	258	34	2
132	259	34	2
133	259	34	1
131	261	34	1
133	261	34	3
134	262	34	1
159	262	34	2
126	263	34	1
127	263	34	1
130	263	34	2
261	264	34	2
265	265	34	1
129	266	34	1
154	267	34	1
262	267	34	1
264	267	34	2
266	267	34	1
164	268	34	1
260	268	34	1
266	268	34	1
157	269	34	1
126	270	34	2
127	270	34	3
154	270	34	1
262	270	34	2
265	270	34	2
266	270	34	1
157	271	34	1
163	271	34	1
166	271	34	2
159	273	34	2
157	274	34	1
158	276	34	1
261	276	34	1
262	276	34	1
146	278	34	1
163	278	34	1
151	279	34	1
158	279	34	3
164	279	34	1
262	279	34	3
262	283	34	1
125	284	34	1
159	284	34	1
125	289	34	1
122	290	34	2
159	290	34	1
161	290	34	2
164	294	34	2
165	294	34	1
166	294	34	1
120	296	34	1
120	297	34	1
122	297	34	1
170	298	34	1
118	301	34	2
118	302	34	1
248	302	34	2
116	303	34	1
116	305	34	1
116	306	34	2
182	306	34	2
186	308	34	1
189	308	34	1
190	308	34	1
191	308	34	1
192	308	34	1
112	309	34	1
116	309	34	1
195	309	34	1
244	309	34	1
112	310	34	2
187	310	34	1
190	310	34	1
192	310	34	1
197	310	34	1
200	310	34	1
112	311	34	1
113	311	34	4
114	311	34	1
115	311	34	1
199	311	34	1
249	311	34	1
110	312	34	1
116	312	34	2
247	312	34	1
112	316	34	1
113	316	34	2
244	316	34	2
124	317	34	2
245	317	34	1
123	318	34	1
245	318	34	1
120	319	34	1
201	321	34	1
127	322	34	1
199	322	34	1
201	322	34	1
242	322	34	1
238	323	34	1
234	324	34	1
239	324	34	1
242	324	34	1
235	325	34	3
94	327	34	1
94	328	34	1
96	328	34	3
98	328	34	1
188	328	34	1
100	329	34	1
100	330	34	1
96	331	34	1
186	331	34	1
189	331	34	1
100	332	34	1
101	332	34	2
98	333	34	1
126	333	34	1
195	333	34	5
199	333	34	3
189	334	34	1
193	334	34	1
201	334	34	2
192	335	34	1
194	335	34	1
194	337	34	1
215	337	34	1
190	340	34	1
191	340	34	1
211	340	34	1
195	341	34	2
212	341	34	1
213	341	34	1
200	344	34	1
199	345	34	1
191	347	34	1
195	347	34	1
196	347	34	1
208	347	34	1
213	347	34	1
215	348	34	1
188	349	34	1
208	349	34	2
187	350	34	1
180	351	34	2
185	351	34	3
179	352	34	1
200	352	34	2
201	352	34	1
204	352	34	1
213	352	34	1
205	353	34	1
207	353	34	1
187	354	34	1
181	355	34	1
182	355	34	1
177	357	34	1
181	358	34	1
180	360	34	2
218	362	34	1
113	225	35	2
112	228	35	1
117	230	35	1
123	232	35	1
121	234	35	3
123	235	35	1
125	235	35	1
117	236	35	3
139	237	35	2
129	238	35	1
139	238	35	1
139	239	35	1
143	240	35	1
139	241	35	1
172	244	35	1
175	246	35	1
130	252	35	1
133	252	35	1
134	252	35	1
133	253	35	2
135	253	35	2
149	253	35	1
137	254	35	4
131	255	35	1
135	255	35	1
138	255	35	1
129	257	35	1
130	257	35	1
136	257	35	2
138	257	35	1
133	258	35	1
138	258	35	1
136	259	35	1
255	259	35	1
258	259	35	1
127	260	35	2
143	260	35	2
149	260	35	1
132	261	35	1
156	261	35	2
256	261	35	1
160	262	35	1
128	263	35	2
132	263	35	1
146	264	35	1
264	265	35	3
266	266	35	1
127	267	35	1
153	267	35	1
263	267	35	1
130	269	35	1
264	271	35	2
132	272	35	3
141	272	35	1
160	272	35	1
163	272	35	1
140	274	35	1
146	274	35	1
162	274	35	1
163	274	35	1
157	275	35	4
160	275	35	1
161	275	35	1
162	276	35	1
166	276	35	2
261	277	35	1
162	278	35	2
159	279	35	2
161	279	35	2
163	279	35	1
125	280	35	3
164	280	35	2
158	282	35	2
262	282	35	1
161	283	35	2
162	283	35	3
146	285	35	3
123	286	35	1
125	286	35	1
125	289	35	4
123	290	35	2
124	290	35	2
121	294	35	1
160	294	35	1
162	294	35	1
124	295	35	2
255	295	35	4
252	296	35	2
119	297	35	2
120	298	35	1
121	298	35	1
122	298	35	2
170	298	35	1
171	299	35	1
247	299	35	2
118	300	35	1
120	300	35	1
169	300	35	1
173	300	35	1
174	300	35	1
118	302	35	2
175	303	35	1
119	304	35	2
175	304	35	1
176	304	35	1
120	306	35	2
114	307	35	1
116	307	35	2
120	307	35	1
176	307	35	1
182	307	35	1
114	308	35	2
118	308	35	1
114	309	35	3
136	309	35	1
186	309	35	1
188	309	35	1
245	309	35	1
116	310	35	2
190	310	35	1
114	311	35	1
184	311	35	1
192	311	35	2
195	311	35	1
116	312	35	1
199	312	35	1
248	312	35	1
111	313	35	1
114	313	35	1
110	314	35	1
245	314	35	1
108	316	35	1
124	316	35	1
110	317	35	1
125	317	35	1
126	317	35	1
244	317	35	1
202	319	35	3
241	320	35	1
132	321	35	2
201	321	35	1
239	321	35	3
240	321	35	1
242	321	35	2
127	322	35	1
199	322	35	1
238	323	35	1
200	324	35	2
236	324	35	1
98	325	35	1
132	325	35	1
134	325	35	1
236	326	35	1
237	329	35	1
189	333	35	1
192	334	35	1
195	334	35	1
186	335	35	1
196	335	35	1
188	336	35	2
189	336	35	1
191	336	35	2
194	336	35	2
192	337	35	1
200	338	35	2
213	339	35	1
214	339	35	1
216	339	35	1
212	341	35	1
193	343	35	1
189	345	35	2
189	346	35	2
206	346	35	1
211	346	35	2
186	347	35	2
187	347	35	1
186	348	35	1
190	348	35	1
195	348	35	2
192	349	35	2
188	351	35	3
193	351	35	3
207	351	35	2
210	351	35	2
212	351	35	1
180	352	35	2
191	352	35	1
207	352	35	2
208	352	35	1
181	353	35	1
183	353	35	1
207	353	35	1
182	354	35	1
185	354	35	2
205	354	35	1
208	354	35	1
209	354	35	1
181	355	35	2
172	356	35	1
204	356	35	1
206	356	35	1
179	357	35	1
122	231	36	2
119	234	36	1
125	234	36	1
125	235	36	1
136	235	36	1
139	239	36	1
165	239	36	1
136	240	36	1
138	240	36	1
142	240	36	1
169	241	36	3
140	242	36	2
170	242	36	1
175	242	36	1
171	244	36	2
174	244	36	2
132	250	36	1
134	250	36	2
137	252	36	2
131	253	36	1
136	253	36	2
137	253	36	1
137	254	36	1
141	254	36	1
132	255	36	1
129	257	36	1
135	257	36	1
132	258	36	1
255	259	36	1
127	261	36	1
128	261	36	1
131	261	36	1
134	261	36	2
127	263	36	1
128	263	36	1
129	263	36	1
143	263	36	1
130	264	36	1
155	264	36	1
129	265	36	1
262	265	36	1
264	265	36	1
265	265	36	1
140	266	36	1
153	266	36	2
264	266	36	1
146	267	36	2
127	268	36	1
136	269	36	2
160	269	36	2
129	270	36	2
136	271	36	1
143	273	36	1
160	273	36	1
163	273	36	1
161	274	36	2
163	274	36	1
138	275	36	1
162	275	36	1
166	275	36	2
261	275	36	1
163	276	36	2
260	276	36	4
158	277	36	2
163	277	36	1
161	279	36	1
262	279	36	1
262	282	36	2
125	283	36	1
127	283	36	2
258	283	36	1
161	284	36	1
124	285	36	1
123	286	36	1
124	286	36	1
127	286	36	1
158	286	36	3
160	286	36	2
152	288	36	1
124	290	36	1
147	290	36	2
121	292	36	2
122	292	36	2
126	292	36	1
159	292	36	1
120	295	36	1
124	295	36	1
257	295	36	1
121	297	36	1
120	298	36	1
172	298	36	1
259	298	36	2
166	299	36	1
249	299	36	2
119	300	36	1
167	300	36	1
171	300	36	1
176	300	36	3
247	300	36	1
176	301	36	1
121	302	36	1
120	303	36	1
175	303	36	1
179	303	36	1
179	304	36	1
118	305	36	1
249	305	36	3
115	306	36	1
116	306	36	1
118	306	36	2
121	306	36	1
112	308	36	1
113	308	36	1
117	308	36	1
113	309	36	3
115	309	36	2
186	309	36	4
189	309	36	1
184	310	36	2
190	310	36	2
248	310	36	1
110	311	36	1
250	311	36	1
252	311	36	2
110	312	36	1
190	312	36	1
191	312	36	1
109	313	36	1
108	315	36	1
122	315	36	2
259	317	36	1
130	320	36	1
239	321	36	1
240	321	36	1
129	322	36	1
130	322	36	2
196	324	36	1
236	324	36	1
240	324	36	1
234	325	36	2
235	325	36	1
97	326	36	1
233	326	36	2
94	327	36	1
97	328	36	1
127	328	36	2
183	332	36	1
184	332	36	1
151	333	36	1
182	333	36	1
186	333	36	1
203	333	36	3
201	335	36	2
204	336	36	1
194	337	36	1
150	338	36	1
198	339	36	1
209	340	36	2
210	340	36	1
212	340	36	2
212	341	36	1
191	347	36	1
213	348	36	1
217	349	36	2
188	350	36	1
211	350	36	1
214	350	36	1
185	352	36	1
210	352	36	1
213	352	36	2
215	352	36	2
185	353	36	2
207	353	36	1
211	353	36	1
182	354	36	3
207	355	36	2
210	355	36	1
183	356	36	1
177	357	36	1
179	357	36	2
207	357	36	1
179	358	36	1
203	361	36	3
123	225	37	1
126	226	37	2
122	229	37	2
124	230	37	1
172	232	37	3
128	233	37	2
129	233	37	1
125	234	37	1
126	234	37	1
127	235	37	2
134	235	37	2
129	236	37	1
134	236	37	1
118	237	37	1
138	238	37	2
140	238	37	2
144	238	37	1
135	239	37	1
139	239	37	3
143	239	37	1
169	240	37	2
141	241	37	1
167	241	37	1
169	241	37	1
165	242	37	1
124	243	37	3
137	243	37	1
139	243	37	1
141	243	37	1
169	243	37	2
173	243	37	1
175	243	37	1
170	244	37	1
171	244	37	1
175	245	37	2
174	247	37	1
139	253	37	3
140	253	37	1
145	253	37	2
148	253	37	1
133	254	37	1
143	254	37	1
144	254	37	1
146	255	37	3
132	256	37	2
134	256	37	2
145	256	37	1
148	256	37	2
132	257	37	1
129	258	37	1
132	260	37	1
133	260	37	2
134	260	37	1
209	260	37	1
129	261	37	1
133	261	37	1
133	262	37	1
128	263	37	1
140	263	37	2
142	263	37	1
145	263	37	1
148	263	37	2
154	263	37	1
156	263	37	1
263	263	37	2
131	264	37	1
142	264	37	1
143	264	37	1
144	265	37	2
262	265	37	2
147	266	37	2
151	269	37	1
158	271	37	1
162	272	37	1
251	272	37	1
254	272	37	5
161	273	37	1
164	274	37	1
165	274	37	3
145	275	37	2
163	275	37	3
136	276	37	2
160	276	37	1
162	276	37	2
258	276	37	1
163	277	37	1
163	278	37	1
162	280	37	2
129	281	37	1
161	281	37	2
259	282	37	1
128	283	37	1
161	283	37	1
128	284	37	1
161	284	37	1
125	285	37	1
160	286	37	2
126	288	37	2
153	288	37	1
126	289	37	2
160	292	37	1
256	292	37	1
256	293	37	1
260	293	37	1
254	294	37	1
259	294	37	1
259	295	37	2
172	300	37	1
173	300	37	1
174	300	37	2
175	300	37	1
173	301	37	3
175	301	37	3
177	301	37	1
247	301	37	1
172	302	37	1
176	302	37	1
178	302	37	1
250	302	37	2
174	303	37	3
176	303	37	3
114	304	37	2
115	304	37	1
117	304	37	1
261	304	37	2
114	308	37	1
116	308	37	1
183	308	37	2
188	309	37	1
252	309	37	1
114	310	37	4
115	310	37	1
132	311	37	1
188	311	37	2
189	311	37	3
195	311	37	1
194	312	37	1
121	314	37	3
148	315	37	1
149	315	37	1
150	315	37	1
121	316	37	4
256	316	37	1
117	318	37	1
119	318	37	1
140	318	37	1
146	318	37	1
153	318	37	1
115	319	37	3
116	319	37	1
138	320	37	1
143	321	37	2
131	322	37	1
137	322	37	3
240	323	37	2
138	324	37	2
192	324	37	1
239	324	37	1
242	324	37	1
188	327	37	1
148	331	37	2
221	331	37	2
180	332	37	4
181	333	37	1
185	333	37	1
185	334	37	1
148	335	37	4
195	335	37	1
214	337	37	2
212	339	37	1
211	340	37	1
208	341	37	1
210	342	37	2
211	342	37	2
197	343	37	1
192	344	37	1
208	344	37	3
189	346	37	3
203	346	37	1
188	349	37	1
212	349	37	1
210	350	37	1
211	350	37	2
214	351	37	1
186	352	37	1
211	352	37	1
215	352	37	2
186	353	37	1
182	354	37	1
205	354	37	1
212	355	37	1
207	356	37	2
208	356	37	1
208	357	37	1
180	358	37	1
206	358	37	1
114	218	38	2
113	219	38	1
112	220	38	1
125	225	38	1
126	225	38	1
126	227	38	3
126	230	38	2
173	230	38	1
174	230	38	3
122	231	38	1
137	231	38	2
140	231	38	3
138	232	38	1
136	233	38	1
138	233	38	2
169	233	38	1
114	234	38	1
130	234	38	1
134	234	38	1
135	234	38	1
117	235	38	1
136	235	38	3
197	235	38	1
134	236	38	1
138	236	38	1
143	237	38	1
141	238	38	1
143	238	38	2
144	238	38	3
126	239	38	1
137	239	38	2
144	239	38	1
166	239	38	2
167	239	38	2
168	239	38	2
138	240	38	3
164	240	38	3
166	240	38	3
169	240	38	1
197	240	38	3
128	241	38	1
138	241	38	1
165	241	38	2
199	241	38	1
144	242	38	2
166	242	38	1
167	242	38	2
171	242	38	2
136	243	38	2
168	243	38	1
121	244	38	1
123	244	38	1
169	244	38	1
167	245	38	1
168	245	38	2
171	245	38	1
123	246	38	2
170	246	38	1
174	246	38	1
168	247	38	2
140	249	38	1
131	252	38	1
142	252	38	3
233	252	38	1
236	252	38	1
132	253	38	2
134	253	38	1
135	253	38	1
139	253	38	1
147	253	38	2
141	254	38	1
132	255	38	1
138	255	38	1
144	255	38	3
150	255	38	1
151	255	38	1
169	255	38	1
142	256	38	1
158	256	38	2
135	258	38	1
146	258	38	1
207	258	38	2
250	258	38	2
146	259	38	1
169	259	38	2
206	259	38	1
207	259	38	2
252	259	38	1
134	260	38	1
143	260	38	1
144	260	38	1
168	260	38	1
146	261	38	2
149	261	38	2
170	261	38	2
260	261	38	1
142	262	38	1
143	262	38	1
144	263	38	1
154	263	38	1
158	263	38	1
164	263	38	1
167	263	38	3
129	264	38	3
131	264	38	1
143	264	38	1
147	264	38	2
152	264	38	1
153	264	38	1
166	264	38	1
143	265	38	1
146	265	38	3
156	265	38	2
165	265	38	2
154	266	38	2
143	267	38	2
149	267	38	1
262	267	38	2
142	270	38	1
140	271	38	1
141	271	38	3
247	271	38	1
132	272	38	1
133	272	38	1
137	272	38	1
140	272	38	2
141	272	38	2
142	272	38	1
145	272	38	1
251	272	38	1
136	273	38	1
139	273	38	1
144	273	38	2
145	273	38	1
134	274	38	1
143	274	38	1
250	274	38	2
251	274	38	1
129	275	38	1
129	276	38	1
134	276	38	3
163	276	38	3
256	276	38	2
152	277	38	1
164	277	38	1
160	278	38	2
164	278	38	2
126	280	38	1
134	280	38	2
140	280	38	1
164	280	38	2
129	281	38	1
129	282	38	1
139	282	38	1
135	283	38	1
126	284	38	1
140	284	38	1
127	285	38	3
153	286	38	1
125	288	38	2
126	288	38	1
154	288	38	2
156	288	38	2
156	289	38	4
257	291	38	1
154	292	38	1
156	292	38	1
253	293	38	1
155	294	38	1
120	295	38	1
155	295	38	1
254	295	38	1
259	295	38	1
157	296	38	2
260	296	38	1
170	298	38	1
121	300	38	1
170	300	38	1
173	300	38	1
179	300	38	1
175	302	38	1
125	303	38	1
126	303	38	1
260	303	38	2
125	304	38	1
174	304	38	2
182	304	38	1
261	304	38	3
259	305	38	3
115	306	38	4
114	307	38	2
257	307	38	2
116	308	38	1
254	309	38	3
125	310	38	1
122	314	38	1
119	315	38	2
122	315	38	2
148	315	38	2
118	316	38	1
145	316	38	1
146	316	38	1
152	316	38	1
153	317	38	1
120	318	38	1
121	318	38	1
143	318	38	2
116	319	38	2
117	319	38	1
142	319	38	1
144	319	38	1
116	320	38	2
138	320	38	1
150	320	38	3
113	321	38	2
177	321	38	2
144	322	38	1
126	323	38	1
137	323	38	2
140	323	38	1
181	324	38	1
242	324	38	2
133	325	38	2
235	325	38	1
237	325	38	1
242	325	38	1
238	327	38	1
240	328	38	1
157	329	38	1
148	330	38	1
219	331	38	2
152	332	38	1
155	332	38	4
159	332	38	1
191	332	38	1
147	333	38	1
150	333	38	3
177	333	38	2
185	333	38	2
188	333	38	2
179	334	38	1
183	334	38	1
189	334	38	1
215	339	38	1
209	340	38	1
191	343	38	2
197	343	38	1
197	345	38	2
212	345	38	1
189	346	38	1
190	346	38	3
192	346	38	3
189	347	38	1
211	347	38	1
214	347	38	1
190	348	38	1
211	349	38	1
211	352	38	1
215	353	38	1
180	354	38	1
184	354	38	3
209	354	38	1
212	354	38	1
176	355	38	1
182	355	38	3
176	356	38	2
180	356	38	1
207	356	38	2
174	357	38	1
176	357	38	1
205	358	38	2
207	358	38	1
191	361	38	1
192	361	38	2
207	361	38	3
193	364	38	4
115	218	39	1
113	219	39	1
111	221	39	1
119	223	39	1
118	224	39	1
136	226	39	1
146	226	39	2
134	228	39	2
147	228	39	1
175	228	39	2
144	229	39	1
138	230	39	1
121	231	39	1
128	233	39	1
201	233	39	1
137	234	39	1
195	234	39	2
140	235	39	1
136	236	39	4
137	236	39	3
144	236	39	1
167	236	39	1
195	236	39	1
198	236	39	1
199	236	39	3
137	237	39	2
139	237	39	2
140	237	39	1
144	237	39	1
168	237	39	3
198	237	39	2
199	237	39	2
200	237	39	2
116	238	39	2
138	238	39	2
140	238	39	1
143	238	39	1
145	238	39	1
199	238	39	2
201	238	39	1
135	239	39	1
161	239	39	3
135	240	39	1
163	240	39	1
166	240	39	1
196	240	39	1
197	240	39	2
128	241	39	2
137	241	39	1
142	241	39	1
168	241	39	1
126	242	39	1
127	242	39	1
165	242	39	1
168	242	39	1
169	242	39	1
125	243	39	2
128	243	39	1
129	243	39	2
131	243	39	1
171	243	39	2
174	243	39	2
121	244	39	2
124	244	39	1
125	244	39	2
136	244	39	1
139	244	39	1
140	244	39	2
141	244	39	2
143	244	39	2
139	245	39	1
167	245	39	1
168	245	39	2
177	245	39	1
178	245	39	1
172	246	39	1
178	247	39	1
123	248	39	1
129	248	39	2
173	248	39	1
133	249	39	1
134	249	39	1
135	249	39	2
140	249	39	1
135	250	39	2
136	251	39	1
143	252	39	2
237	252	39	1
126	253	39	2
135	253	39	1
168	253	39	1
247	253	39	2
132	254	39	1
138	254	39	1
140	254	39	1
142	254	39	2
144	254	39	2
153	254	39	1
154	254	39	2
136	255	39	1
143	255	39	2
155	256	39	1
138	257	39	3
254	257	39	1
147	258	39	1
151	258	39	1
155	258	39	1
134	259	39	1
148	259	39	2
170	259	39	1
251	259	39	2
252	259	39	1
133	260	39	1
145	260	39	2
149	260	39	2
150	260	39	1
153	260	39	1
159	260	39	1
168	260	39	1
256	260	39	1
130	261	39	1
142	261	39	1
148	261	39	1
150	261	39	1
151	261	39	2
167	261	39	1
205	261	39	1
252	261	39	1
254	261	39	1
131	262	39	2
132	262	39	2
146	262	39	1
148	262	39	1
156	262	39	2
231	262	39	1
250	262	39	1
262	262	39	1
129	263	39	2
132	263	39	2
146	263	39	1
150	263	39	1
152	263	39	2
153	263	39	3
154	263	39	1
157	263	39	1
158	263	39	1
167	263	39	1
263	263	39	1
131	264	39	1
142	264	39	5
145	264	39	2
152	264	39	2
153	264	39	1
154	264	39	1
155	264	39	1
166	264	39	1
129	265	39	1
146	265	39	2
147	265	39	1
153	265	39	2
155	265	39	2
167	265	39	2
130	266	39	2
147	266	39	1
153	266	39	1
142	267	39	1
256	267	39	1
134	268	39	1
135	268	39	3
167	268	39	1
259	268	39	1
136	269	39	2
151	269	39	2
152	269	39	1
132	270	39	2
134	270	39	1
142	270	39	1
145	270	39	3
154	270	39	1
167	270	39	1
143	271	39	1
247	271	39	2
147	272	39	1
166	272	39	1
227	272	39	1
252	272	39	3
134	273	39	2
142	273	39	2
132	274	39	1
141	274	39	2
142	274	39	2
144	274	39	1
146	274	39	2
148	274	39	1
162	274	39	1
254	274	39	1
130	275	39	1
131	275	39	1
146	275	39	2
129	276	39	2
133	276	39	1
138	276	39	1
145	276	39	1
148	276	39	1
233	276	39	1
130	277	39	1
133	277	39	1
143	277	39	2
144	277	39	1
147	277	39	2
153	277	39	3
129	278	39	1
147	278	39	1
128	279	39	1
136	279	39	1
143	279	39	2
145	279	39	1
147	279	39	1
148	279	39	1
152	279	39	1
163	279	39	2
135	280	39	1
137	280	39	1
145	280	39	1
151	281	39	1
127	282	39	1
128	282	39	1
136	282	39	1
138	282	39	1
125	283	39	1
127	283	39	1
130	283	39	1
136	283	39	1
142	283	39	1
134	284	39	2
136	284	39	3
172	286	39	2
173	286	39	2
132	287	39	2
134	287	39	2
154	287	39	1
157	288	39	2
158	290	39	2
257	290	39	1
154	291	39	1
248	293	39	1
253	293	39	1
140	294	39	1
170	294	39	1
258	294	39	1
263	294	39	1
159	295	39	2
161	295	39	1
170	295	39	2
249	295	39	1
174	296	39	1
121	297	39	1
133	297	39	1
166	297	39	3
247	297	39	1
248	297	39	1
134	298	39	1
165	298	39	1
123	299	39	1
167	299	39	1
171	299	39	1
174	299	39	1
121	301	39	1
177	301	39	1
131	302	39	1
173	302	39	2
178	302	39	3
180	302	39	1
177	303	39	2
178	303	39	1
172	304	39	1
178	304	39	1
259	304	39	1
176	305	39	1
182	305	39	2
259	305	39	1
125	306	39	1
115	307	39	1
126	307	39	1
147	314	39	2
146	316	39	1
149	316	39	1
115	317	39	1
119	317	39	3
135	317	39	1
139	317	39	1
147	317	39	1
148	317	39	3
114	318	39	1
115	318	39	2
116	318	39	2
117	318	39	1
137	318	39	2
146	318	39	1
150	318	39	2
117	320	39	2
139	320	39	2
181	320	39	2
149	321	39	1
140	322	39	2
241	324	39	1
242	326	39	1
242	328	39	1
152	330	39	1
153	330	39	1
189	330	39	1
220	330	39	1
168	331	39	2
181	331	39	1
218	331	39	1
219	331	39	2
240	331	39	3
153	332	39	2
157	332	39	3
179	332	39	1
180	332	39	1
191	332	39	1
219	332	39	2
221	332	39	1
152	333	39	1
154	333	39	3
183	333	39	1
193	333	39	3
219	333	39	2
151	334	39	2
154	334	39	1
155	334	39	1
189	334	39	2
195	335	39	2
156	336	39	3
214	336	39	1
242	336	39	1
157	337	39	3
195	337	39	1
212	337	39	1
152	338	39	2
155	338	39	1
213	338	39	1
215	340	39	1
214	341	39	1
215	341	39	1
207	343	39	3
208	343	39	2
208	344	39	1
192	345	39	1
202	345	39	1
191	346	39	1
248	346	39	2
248	347	39	1
212	348	39	1
209	349	39	1
210	349	39	3
217	349	39	1
237	351	39	2
209	352	39	1
212	352	39	1
214	354	39	2
207	355	39	2
207	356	39	1
212	357	39	2
191	361	39	2
192	361	39	1
195	361	39	1
192	362	39	2
201	362	39	1
205	362	39	1
195	363	39	1
114	218	40	1
113	219	40	2
112	220	40	1
113	220	40	1
111	221	40	1
121	222	40	1
122	224	40	2
144	225	40	1
138	227	40	1
137	229	40	2
138	229	40	1
140	229	40	1
141	229	40	1
142	229	40	1
150	229	40	1
138	230	40	1
199	231	40	1
196	233	40	1
201	233	40	1
118	234	40	1
141	234	40	1
201	234	40	1
140	235	40	1
142	235	40	1
195	235	40	1
199	235	40	1
203	235	40	1
120	236	40	1
142	236	40	1
146	236	40	2
201	236	40	1
202	236	40	1
136	237	40	3
140	237	40	1
162	237	40	3
163	237	40	1
197	237	40	2
198	237	40	1
142	238	40	2
143	238	40	2
146	238	40	1
160	238	40	1
166	238	40	1
204	238	40	1
126	239	40	1
136	239	40	1
126	240	40	1
136	240	40	1
145	240	40	1
165	240	40	1
196	240	40	1
125	241	40	1
136	241	40	1
162	241	40	1
164	241	40	1
133	242	40	1
134	242	40	2
168	242	40	1
169	242	40	1
128	243	40	2
140	243	40	1
142	243	40	1
165	243	40	1
175	243	40	1
176	243	40	1
124	244	40	1
171	244	40	1
127	245	40	2
140	245	40	3
170	245	40	1
173	245	40	1
179	245	40	2
126	246	40	1
139	246	40	1
171	247	40	1
125	248	40	1
126	248	40	1
137	248	40	2
174	248	40	1
232	249	40	4
231	250	40	1
230	251	40	1
232	251	40	1
134	252	40	1
136	252	40	1
231	252	40	1
139	253	40	2
223	253	40	1
138	254	40	1
154	254	40	2
134	255	40	2
137	255	40	1
143	256	40	2
136	257	40	1
139	257	40	1
146	257	40	1
154	257	40	1
134	258	40	1
149	258	40	2
145	259	40	2
147	259	40	1
156	259	40	1
157	259	40	1
160	259	40	2
176	259	40	1
204	259	40	1
142	260	40	1
147	260	40	1
157	260	40	1
158	260	40	1
164	260	40	2
165	260	40	2
140	261	40	1
149	261	40	1
151	261	40	3
152	261	40	1
161	261	40	1
168	261	40	1
210	261	40	3
250	261	40	1
251	261	40	2
252	261	40	2
257	261	40	1
139	262	40	1
140	262	40	1
143	262	40	1
146	262	40	1
151	262	40	2
153	262	40	1
159	262	40	3
168	262	40	1
222	262	40	4
248	262	40	1
249	262	40	1
143	263	40	1
150	263	40	1
151	263	40	2
153	263	40	3
166	263	40	2
234	263	40	1
130	264	40	1
168	264	40	1
144	265	40	2
159	265	40	2
164	265	40	2
222	265	40	1
142	266	40	1
150	266	40	1
152	266	40	4
153	266	40	1
154	266	40	1
157	266	40	2
158	266	40	1
167	266	40	1
219	266	40	2
168	267	40	1
258	267	40	1
150	268	40	1
154	268	40	1
246	268	40	1
253	268	40	1
152	269	40	1
153	269	40	2
165	269	40	1
244	269	40	2
250	269	40	2
252	269	40	1
132	270	40	1
135	270	40	2
150	270	40	1
164	270	40	1
137	271	40	1
138	271	40	2
146	271	40	1
148	271	40	2
150	271	40	1
135	272	40	1
136	272	40	2
143	272	40	2
147	272	40	1
151	272	40	1
223	272	40	1
247	272	40	2
251	272	40	1
131	273	40	1
140	273	40	2
142	273	40	1
146	273	40	1
150	273	40	2
156	273	40	1
167	273	40	1
143	274	40	1
147	274	40	2
148	274	40	1
156	274	40	1
132	275	40	1
137	275	40	1
141	275	40	1
142	275	40	1
162	275	40	1
129	276	40	1
130	276	40	1
131	276	40	1
155	276	40	1
130	277	40	1
129	278	40	2
139	278	40	1
141	278	40	1
145	278	40	1
157	278	40	2
164	278	40	3
131	279	40	1
149	279	40	1
134	280	40	1
138	280	40	2
139	280	40	1
140	280	40	1
152	280	40	1
135	281	40	1
142	281	40	2
150	282	40	1
133	283	40	1
138	284	40	2
158	284	40	1
135	285	40	2
132	286	40	2
133	286	40	1
139	286	40	2
154	286	40	1
158	286	40	2
160	286	40	1
133	287	40	2
137	287	40	1
156	287	40	1
258	288	40	1
257	291	40	2
138	292	40	3
156	292	40	2
125	293	40	1
140	293	40	1
139	294	40	1
160	294	40	3
126	295	40	2
162	295	40	1
252	295	40	1
130	296	40	4
131	296	40	1
160	296	40	4
133	297	40	1
149	297	40	2
257	297	40	3
134	298	40	3
136	298	40	1
169	298	40	2
259	298	40	1
123	300	40	1
249	300	40	3
257	300	40	1
260	300	40	1
142	301	40	2
168	301	40	1
172	301	40	3
177	301	40	1
250	301	40	1
143	302	40	1
261	302	40	1
129	303	40	1
175	303	40	3
181	303	40	1
130	304	40	1
171	304	40	1
180	304	40	1
127	305	40	2
181	306	40	3
124	308	40	1
139	308	40	1
124	309	40	1
119	312	40	2
121	312	40	1
123	312	40	1
140	313	40	1
118	315	40	1
147	315	40	3
148	315	40	1
150	315	40	1
115	316	40	3
143	317	40	1
147	317	40	1
116	318	40	1
117	318	40	3
138	318	40	2
146	318	40	1
148	318	40	2
149	320	40	3
152	320	40	1
249	326	40	2
241	327	40	1
239	328	40	3
244	329	40	1
175	330	40	2
178	330	40	5
148	331	40	1
221	331	40	1
174	332	40	1
177	332	40	2
181	332	40	1
188	332	40	1
218	332	40	1
158	333	40	1
176	333	40	1
179	333	40	1
219	333	40	1
151	334	40	1
153	334	40	1
154	334	40	1
156	334	40	2
156	335	40	1
247	335	40	1
150	336	40	1
153	336	40	1
158	337	40	2
153	338	40	2
216	338	40	2
156	339	40	1
223	339	40	2
213	340	40	1
213	341	40	3
216	341	40	2
217	341	40	1
221	341	40	2
220	342	40	1
197	343	40	1
208	343	40	1
220	343	40	1
221	343	40	1
222	343	40	2
204	344	40	2
209	344	40	1
193	345	40	1
194	345	40	2
204	345	40	1
209	345	40	1
203	347	40	1
193	349	40	1
210	349	40	1
236	349	40	1
235	350	40	1
215	351	40	1
235	351	40	3
211	352	40	1
212	352	40	3
177	356	40	2
174	357	40	1
207	357	40	1
208	357	40	1
172	358	40	1
173	358	40	1
204	359	40	2
173	360	40	1
172	361	40	3
112	220	41	3
113	220	41	5
111	222	41	1
121	222	41	2
135	227	41	2
137	227	41	1
140	227	41	1
138	231	41	2
141	231	41	2
143	232	41	1
136	233	41	3
140	233	41	1
198	233	41	2
136	234	41	1
140	234	41	1
199	234	41	1
146	235	41	2
199	235	41	3
201	235	41	2
161	236	41	3
201	236	41	1
141	237	41	2
142	237	41	1
158	237	41	1
163	237	41	2
134	238	41	1
138	238	41	1
146	238	41	1
164	238	41	1
166	238	41	2
202	238	41	1
141	239	41	3
144	239	41	1
162	239	41	1
200	239	41	2
201	239	41	1
129	240	41	1
165	240	41	1
198	240	41	1
127	241	41	2
129	241	41	1
142	241	41	1
143	241	41	2
164	241	41	1
166	241	41	1
167	241	41	4
169	241	41	1
128	242	41	1
137	242	41	1
141	242	41	2
170	242	41	1
129	243	41	1
139	243	41	1
169	243	41	1
124	244	41	1
127	244	41	1
165	244	41	2
166	244	41	2
167	244	41	1
168	244	41	1
170	244	41	2
176	244	41	1
177	245	41	1
126	246	41	3
128	246	41	2
178	247	41	1
179	247	41	1
181	247	41	2
122	248	41	1
173	248	41	1
230	250	41	1
123	252	41	3
141	252	41	1
143	252	41	3
175	252	41	2
229	252	41	1
234	252	41	1
119	253	41	1
121	253	41	2
142	253	41	1
143	253	41	2
228	253	41	2
232	253	41	1
141	254	41	2
144	254	41	1
243	254	41	1
141	255	41	1
152	255	41	1
120	256	41	1
143	256	41	1
155	257	41	2
158	257	41	2
174	257	41	2
177	257	41	2
178	257	41	1
210	257	41	1
213	257	41	1
214	257	41	3
254	257	41	3
138	258	41	1
146	258	41	1
155	258	41	1
172	258	41	2
211	258	41	2
215	258	41	1
146	259	41	2
205	259	41	2
208	259	41	1
212	259	41	4
213	259	41	1
146	260	41	3
150	260	41	2
157	260	41	3
158	260	41	1
170	260	41	1
175	260	41	2
250	260	41	2
253	260	41	1
130	261	41	1
143	261	41	1
144	261	41	1
148	261	41	1
151	261	41	1
174	261	41	1
250	261	41	2
254	261	41	3
119	262	41	1
139	262	41	2
143	262	41	1
146	262	41	2
148	262	41	2
151	262	41	1
173	262	41	1
251	262	41	1
143	263	41	2
151	263	41	1
153	263	41	1
168	263	41	1
204	263	41	1
232	263	41	2
145	264	41	1
147	264	41	1
151	264	41	1
158	264	41	1
171	264	41	1
209	264	41	1
249	264	41	1
124	265	41	4
143	265	41	2
149	265	41	1
153	265	41	1
256	265	41	1
120	266	41	2
142	266	41	1
143	266	41	1
145	266	41	1
153	266	41	1
148	267	41	1
247	267	41	2
253	267	41	1
258	267	41	1
145	268	41	1
148	268	41	1
153	268	41	1
206	268	41	2
247	269	41	1
248	269	41	1
254	269	41	2
135	270	41	2
137	270	41	2
142	270	41	1
151	270	41	1
152	270	41	1
247	270	41	1
132	271	41	4
144	271	41	1
146	271	41	4
153	271	41	1
154	271	41	2
157	271	41	1
203	271	41	1
218	271	41	3
139	272	41	1
147	272	41	1
151	272	41	3
154	272	41	2
219	272	41	2
146	273	41	3
151	273	41	1
157	273	41	2
134	274	41	1
136	274	41	1
143	274	41	1
146	274	41	1
155	274	41	1
156	274	41	2
157	274	41	1
164	274	41	3
247	274	41	2
132	275	41	2
141	275	41	2
147	275	41	1
151	275	41	1
130	276	41	1
136	276	41	1
139	276	41	2
141	276	41	1
145	276	41	1
147	276	41	1
155	276	41	2
156	276	41	1
131	277	41	2
132	277	41	1
157	277	41	1
161	277	41	1
131	278	41	1
135	278	41	1
136	278	41	1
150	278	41	1
152	278	41	1
247	278	41	2
133	279	41	1
138	279	41	1
133	280	41	1
142	280	41	2
148	280	41	3
154	280	41	2
142	281	41	2
137	282	41	1
154	282	41	1
162	282	41	1
134	283	41	2
139	283	41	1
138	284	41	1
142	284	41	2
156	284	41	1
155	285	41	2
218	285	41	3
219	285	41	4
135	286	41	1
158	286	41	1
159	286	41	1
160	286	41	1
139	287	41	1
140	287	41	1
141	287	41	1
139	288	41	2
139	289	41	1
134	290	41	2
135	291	41	1
155	292	41	1
132	293	41	1
139	293	41	2
132	294	41	1
142	294	41	2
159	294	41	1
140	295	41	3
150	295	41	1
164	295	41	1
254	295	41	1
150	296	41	2
160	296	41	1
252	296	41	1
129	297	41	1
259	297	41	1
138	298	41	1
152	298	41	1
252	298	41	3
129	299	41	1
149	299	41	1
166	299	41	2
130	300	41	3
164	300	41	1
168	300	41	1
172	300	41	1
260	300	41	1
123	301	41	2
250	301	41	1
125	302	41	1
127	302	41	1
131	302	41	1
132	302	41	1
134	302	41	2
167	302	41	1
171	302	41	1
123	303	41	1
138	303	41	1
139	303	41	1
179	303	41	1
181	303	41	2
259	303	41	1
122	304	41	2
125	304	41	1
126	304	41	1
128	304	41	1
132	304	41	2
141	304	41	2
181	304	41	2
131	305	41	1
172	305	41	1
182	305	41	1
132	306	41	1
122	307	41	2
129	307	41	2
130	307	41	2
126	308	41	1
127	308	41	2
141	309	41	1
162	309	41	2
122	310	41	1
143	310	41	1
116	315	41	1
114	316	41	1
140	316	41	2
141	317	41	1
139	319	41	1
143	319	41	1
138	320	41	1
150	320	41	1
137	322	41	1
181	322	41	1
249	322	41	2
176	323	41	1
179	324	41	2
149	325	41	1
247	325	41	1
134	326	41	1
179	326	41	2
249	326	41	2
252	326	41	1
136	327	41	1
138	327	41	3
148	327	41	1
181	327	41	2
244	327	41	2
249	327	41	1
131	328	41	1
156	328	41	3
242	328	41	1
130	329	41	2
148	329	41	2
179	329	41	1
182	329	41	3
186	329	41	1
238	329	41	1
147	330	41	1
155	330	41	1
178	330	41	1
181	330	41	1
182	330	41	1
184	330	41	2
185	330	41	1
240	330	41	2
243	330	41	1
251	330	41	2
154	331	41	2
155	331	41	1
158	331	41	2
174	331	41	2
187	331	41	1
238	331	41	1
240	331	41	1
243	331	41	1
133	332	41	2
165	332	41	1
168	332	41	1
189	332	41	2
192	332	41	1
221	332	41	1
240	332	41	3
134	333	41	1
151	333	41	2
154	333	41	2
181	333	41	1
189	333	41	2
216	333	41	1
153	334	41	1
189	334	41	1
243	334	41	1
154	335	41	1
164	335	41	2
238	335	41	1
242	335	41	1
215	336	41	1
218	336	41	1
246	336	41	1
126	337	41	1
127	337	41	2
128	337	41	1
151	337	41	2
251	337	41	2
151	338	41	1
152	338	41	1
156	338	41	1
166	338	41	1
222	338	41	3
250	338	41	1
214	339	41	2
247	339	41	3
194	340	41	1
214	340	41	1
216	340	41	2
219	340	41	1
213	341	41	1
220	341	41	1
210	342	41	2
214	342	41	1
222	342	41	1
216	343	41	1
195	344	41	1
211	344	41	3
194	345	41	1
196	345	41	1
249	345	41	2
206	346	41	1
210	346	41	1
221	347	41	1
231	347	41	1
248	347	41	2
233	349	41	2
193	350	41	1
237	351	41	2
209	352	41	2
235	352	41	2
207	355	41	2
169	359	41	4
171	359	41	1
206	359	41	1
202	361	41	1
200	363	41	3
138	227	42	1
136	228	42	1
138	228	42	1
139	228	42	2
140	228	42	1
134	230	42	1
138	230	42	2
139	231	42	1
135	232	42	1
138	232	42	1
140	233	42	3
203	233	42	2
201	234	42	1
156	235	42	1
163	235	42	1
165	235	42	2
201	235	42	2
203	235	42	4
143	236	42	1
144	236	42	3
156	236	42	1
166	236	42	1
139	237	42	2
158	237	42	1
141	238	42	2
162	238	42	1
164	238	42	1
166	238	42	2
204	238	42	1
138	239	42	2
167	239	42	2
204	239	42	1
141	240	42	1
143	240	42	1
166	240	42	2
142	241	42	1
137	242	42	1
169	242	42	2
139	244	42	1
178	244	42	1
179	244	42	1
182	244	42	1
126	247	42	1
122	252	42	3
177	252	42	1
178	252	42	1
140	253	42	2
138	254	42	1
140	254	42	2
176	254	42	2
144	256	42	3
151	256	42	3
213	256	42	1
151	257	42	2
156	257	42	1
157	257	42	1
173	257	42	2
174	257	42	2
212	257	42	2
253	257	42	1
150	258	42	1
151	258	42	2
172	258	42	1
173	258	42	1
175	258	42	1
208	258	42	1
213	258	42	1
154	259	42	2
158	259	42	1
160	259	42	1
173	259	42	1
211	259	42	1
248	259	42	2
153	260	42	1
169	260	42	1
172	260	42	3
176	260	42	3
153	261	42	1
154	261	42	3
155	261	42	1
157	261	42	2
167	261	42	1
168	261	42	1
169	261	42	1
173	261	42	1
174	261	42	2
175	261	42	2
177	261	42	2
149	262	42	4
171	262	42	1
175	262	42	1
209	262	42	2
146	263	42	1
149	263	42	1
150	263	42	3
151	263	42	1
153	263	42	1
163	263	42	3
249	263	42	1
121	264	42	2
152	264	42	1
252	264	42	1
144	265	42	1
145	265	42	1
124	266	42	3
145	266	42	1
149	266	42	1
155	266	42	1
143	267	42	2
147	267	42	2
149	267	42	1
254	267	42	1
141	268	42	1
143	268	42	1
146	268	42	1
151	268	42	3
250	269	42	1
132	270	42	2
150	270	42	1
145	271	42	1
156	271	42	1
143	272	42	1
144	274	42	1
148	274	42	1
250	274	42	1
134	275	42	1
143	275	42	1
153	275	42	2
162	275	42	1
250	275	42	1
143	276	42	1
157	276	42	3
134	277	42	1
138	277	42	1
142	277	42	1
146	277	42	1
131	278	42	1
132	278	42	1
148	278	42	3
155	278	42	2
137	279	42	1
143	279	42	1
147	279	42	2
149	279	42	1
151	279	42	1
152	279	42	2
154	279	42	1
164	279	42	1
141	280	42	1
151	280	42	1
154	280	42	1
160	280	42	2
210	280	42	1
143	281	42	1
153	281	42	2
156	281	42	1
139	282	42	1
151	282	42	1
154	282	42	1
137	283	42	3
149	283	42	1
152	283	42	2
159	283	42	1
137	284	42	1
149	284	42	1
152	285	42	2
153	285	42	1
154	285	42	1
217	285	42	2
141	286	42	1
140	287	42	2
141	287	42	2
136	288	42	1
137	288	42	2
133	289	42	2
137	289	42	4
153	289	42	2
174	289	42	2
134	290	42	2
135	291	42	2
140	291	42	1
153	292	42	2
130	293	42	3
138	293	42	1
131	294	42	1
137	294	42	2
138	294	42	2
139	294	42	2
141	294	42	1
152	294	42	1
136	297	42	2
140	297	42	1
136	298	42	1
141	298	42	2
166	298	42	1
215	298	42	1
133	299	42	2
125	300	42	1
131	300	42	1
133	300	42	1
139	300	42	2
249	300	42	1
124	301	42	3
136	301	42	2
137	301	42	2
142	301	42	1
144	301	42	1
165	302	42	1
126	303	42	1
139	303	42	2
140	303	42	1
150	303	42	1
171	303	42	2
144	304	42	1
168	304	42	1
181	304	42	2
131	305	42	1
170	305	42	1
128	306	42	2
170	306	42	1
125	307	42	2
143	307	42	1
129	308	42	1
130	308	42	1
169	308	42	1
140	309	42	1
162	310	42	1
137	315	42	1
148	318	42	1
140	319	42	2
139	320	42	1
138	321	42	1
179	323	42	1
253	323	42	1
133	324	42	2
141	324	42	1
181	324	42	1
183	325	42	1
135	326	42	2
249	326	42	2
252	327	42	1
176	328	42	1
186	328	42	2
250	328	42	1
150	329	42	1
187	329	42	1
131	330	42	1
150	330	42	2
160	330	42	1
161	330	42	2
132	331	42	2
154	331	42	1
176	331	42	1
180	331	42	1
187	331	42	1
133	332	42	1
161	332	42	1
164	332	42	1
166	332	42	1
176	332	42	1
180	332	42	1
187	332	42	1
242	332	42	1
153	333	42	1
176	333	42	2
177	333	42	1
181	333	42	1
183	333	42	2
222	333	42	1
133	334	42	1
158	334	42	1
178	334	42	1
188	334	42	2
218	334	42	1
219	334	42	1
247	334	42	3
134	335	42	1
151	336	42	1
190	336	42	1
194	336	42	1
246	336	42	2
248	336	42	1
192	337	42	1
247	337	42	1
155	338	42	1
154	339	42	2
159	340	42	1
193	340	42	1
195	340	42	1
221	340	42	2
195	341	42	1
215	341	42	3
212	344	42	1
230	346	42	1
212	348	42	1
231	349	42	1
206	350	42	1
233	350	42	1
234	350	42	1
207	355	42	2
208	356	42	1
208	357	42	2
207	358	42	1
183	361	42	1
200	364	42	1
206	364	42	1
137	227	43	1
139	229	43	1
157	230	43	1
140	231	43	2
138	232	43	1
141	232	43	1
137	233	43	1
139	233	43	2
203	234	43	1
136	236	43	1
143	237	43	1
154	237	43	1
138	238	43	1
140	238	43	1
166	238	43	2
138	239	43	1
143	239	43	1
165	240	43	1
178	247	43	2
179	254	43	1
119	256	43	2
139	256	43	1
174	257	43	1
175	257	43	2
176	257	43	1
215	257	43	1
216	258	43	2
143	260	43	2
149	260	43	2
151	260	43	1
159	260	43	1
160	260	43	1
171	260	43	2
175	260	43	2
178	260	43	1
146	261	43	2
178	261	43	3
209	261	43	1
152	262	43	2
158	262	43	1
160	262	43	1
163	262	43	1
167	262	43	4
208	262	43	1
147	263	43	2
154	263	43	1
144	264	43	1
147	264	43	1
156	264	43	1
257	264	43	2
124	265	43	2
144	265	43	1
145	265	43	1
151	265	43	2
145	266	43	1
149	266	43	3
158	266	43	1
143	267	43	2
148	267	43	1
143	268	43	2
147	268	43	2
149	268	43	1
142	270	43	1
150	270	43	2
151	270	43	1
134	271	43	1
143	271	43	1
148	271	43	2
141	272	43	1
147	272	43	1
148	272	43	1
149	272	43	1
214	272	43	2
147	273	43	1
211	273	43	2
141	274	43	1
214	274	43	1
255	274	43	1
129	275	43	1
131	275	43	2
132	275	43	2
141	275	43	1
145	275	43	1
152	275	43	1
155	275	43	2
182	275	43	1
144	276	43	3
148	276	43	1
151	276	43	2
164	276	43	1
143	277	43	2
148	277	43	2
150	277	43	1
156	277	43	1
164	277	43	2
131	278	43	2
151	278	43	2
162	278	43	2
142	279	43	2
150	279	43	1
152	279	43	2
158	279	43	1
147	280	43	1
155	280	43	3
161	280	43	2
210	280	43	5
161	281	43	3
141	282	43	1
144	282	43	3
154	282	43	2
158	282	43	1
214	282	43	1
143	283	43	2
149	283	43	2
152	283	43	1
250	283	43	1
139	284	43	1
141	284	43	1
149	284	43	1
150	284	43	1
152	284	43	1
141	285	43	3
148	285	43	3
152	285	43	2
137	286	43	2
139	286	43	1
154	286	43	3
216	286	43	2
140	287	43	1
216	287	43	1
138	288	43	2
140	288	43	2
173	288	43	1
134	289	43	2
134	291	43	1
143	292	43	2
139	293	43	2
143	293	43	1
146	293	43	1
132	294	43	1
141	294	43	1
151	295	43	1
254	295	43	3
137	296	43	2
140	298	43	1
141	299	43	1
143	299	43	1
165	299	43	1
129	300	43	2
135	300	43	1
138	300	43	1
141	300	43	3
152	300	43	1
167	300	43	1
129	301	43	1
133	301	43	1
140	301	43	1
129	302	43	1
131	302	43	1
133	302	43	2
135	302	43	1
143	302	43	1
169	302	43	1
170	302	43	1
172	302	43	1
136	303	43	1
170	303	43	1
140	304	43	1
143	304	43	2
135	305	43	4
141	305	43	2
143	305	43	3
168	305	43	1
127	306	43	1
131	306	43	1
132	306	43	2
143	306	43	1
148	306	43	1
126	307	43	1
128	308	43	2
129	308	43	2
143	308	43	2
167	309	43	2
144	312	43	1
142	313	43	1
140	314	43	1
143	314	43	1
140	318	43	1
142	319	43	1
138	321	43	2
179	323	43	2
135	324	43	2
138	324	43	2
150	324	43	1
135	325	43	2
140	325	43	2
174	325	43	2
177	326	43	1
249	326	43	1
136	327	43	1
156	328	43	1
251	328	43	2
133	329	43	1
177	329	43	1
179	329	43	1
179	330	43	2
132	331	43	1
189	331	43	1
131	332	43	1
133	332	43	1
191	332	43	3
192	332	43	1
218	332	43	2
133	333	43	1
179	333	43	1
187	333	43	2
188	333	43	2
216	333	43	1
151	334	43	1
189	334	43	1
222	334	43	2
153	336	43	1
218	336	43	1
220	336	43	3
244	336	43	2
245	336	43	1
246	336	43	1
132	338	43	1
155	338	43	2
247	338	43	1
195	340	43	2
209	342	43	1
211	343	43	1
222	343	43	1
211	344	43	3
231	344	43	1
232	345	43	2
211	346	43	1
233	346	43	3
208	347	43	3
231	347	43	1
210	349	43	1
232	349	43	3
236	349	43	1
200	350	43	1
206	350	43	1
233	350	43	3
207	352	43	1
206	353	43	2
204	354	43	2
206	354	43	1
208	354	43	1
207	358	43	2
206	359	43	1
207	359	43	1
186	360	43	2
206	361	43	2
204	362	43	2
206	363	43	1
137	228	44	1
139	228	44	2
140	228	44	1
141	229	44	2
135	230	44	3
136	232	44	1
164	232	44	1
143	237	44	2
141	239	44	1
177	243	44	1
180	245	44	3
181	245	44	1
179	249	44	1
175	257	44	1
176	258	44	1
147	261	44	2
156	261	44	1
161	261	44	1
174	261	44	1
175	261	44	1
154	262	44	1
156	262	44	1
160	262	44	1
147	263	44	1
149	263	44	3
156	263	44	1
157	263	44	1
158	263	44	1
159	263	44	1
210	263	44	1
146	264	44	2
152	264	44	1
156	265	44	2
146	266	44	1
147	266	44	2
147	268	44	1
143	269	44	1
146	269	44	2
148	269	44	1
152	269	44	1
146	270	44	2
147	271	44	1
181	272	44	1
143	273	44	1
148	273	44	1
146	274	44	3
181	274	44	3
143	275	44	1
144	275	44	1
146	275	44	1
152	276	44	2
154	276	44	2
156	276	44	2
167	276	44	2
148	277	44	1
158	277	44	1
147	278	44	1
151	278	44	2
152	278	44	2
154	278	44	1
143	279	44	2
144	279	44	2
154	279	44	1
155	279	44	2
161	279	44	3
164	279	44	1
150	280	44	3
210	280	44	2
140	281	44	3
156	281	44	1
204	281	44	2
143	282	44	1
151	282	44	1
152	282	44	1
158	282	44	1
142	283	44	2
148	283	44	3
158	283	44	1
219	283	44	2
145	284	44	3
149	284	44	1
143	285	44	2
212	285	44	2
217	285	44	1
218	286	44	1
121	290	44	2
136	291	44	1
139	291	44	1
144	292	44	3
252	292	44	1
145	293	44	1
223	293	44	2
132	294	44	1
143	294	44	2
144	294	44	2
141	297	44	2
136	298	44	1
130	299	44	2
135	299	44	1
137	299	44	1
140	300	44	2
142	300	44	1
143	300	44	1
168	300	44	2
145	301	44	3
209	301	44	1
133	302	44	1
140	302	44	1
127	303	44	2
140	303	44	1
144	303	44	4
126	304	44	1
130	304	44	2
139	304	44	1
128	305	44	1
131	306	44	1
170	309	44	1
171	309	44	1
174	309	44	2
143	310	44	1
170	310	44	3
141	315	44	1
142	316	44	1
141	317	44	1
140	318	44	1
141	318	44	1
113	322	44	2
136	326	44	1
131	328	44	1
183	329	44	1
187	329	44	1
185	330	44	1
182	332	44	2
132	334	44	1
213	336	44	1
214	336	44	1
217	337	44	1
247	339	44	1
228	346	44	1
228	347	44	1
234	347	44	1
211	348	44	2
211	349	44	3
209	351	44	2
195	361	44	3
163	233	45	1
143	237	45	1
175	257	45	1
176	258	45	2
174	259	45	2
176	259	45	1
158	262	45	1
156	263	45	1
149	265	45	2
145	270	45	1
148	270	45	1
136	271	45	2
144	272	45	1
151	272	45	1
158	272	45	1
164	277	45	1
152	278	45	1
147	279	45	1
150	279	45	1
150	280	45	2
148	281	45	1
152	281	45	1
144	282	45	1
152	282	45	1
145	283	45	1
150	283	45	1
251	283	45	1
217	285	45	1
141	286	45	2
206	286	45	1
218	286	45	1
144	291	45	1
145	292	45	1
144	294	45	1
145	294	45	1
143	295	45	1
140	296	45	1
143	296	45	1
142	297	45	2
135	299	45	1
138	299	45	1
140	299	45	1
134	301	45	1
138	301	45	3
142	301	45	1
133	302	45	2
137	302	45	1
143	302	45	1
244	302	45	1
133	303	45	3
132	304	45	2
143	308	45	3
180	318	45	2
182	321	45	1
186	326	45	2
187	329	45	1
245	340	45	1
215	343	45	1
211	345	45	1
217	345	45	3
231	346	45	1
210	347	45	1
175	352	45	1
155	233	46	1
132	236	46	1
173	255	46	1
158	260	46	1
154	262	46	2
159	263	46	1
147	266	46	2
145	270	46	1
154	270	46	1
139	273	46	1
161	277	46	1
148	278	46	2
145	279	46	2
155	279	46	2
152	280	46	2
215	280	46	1
144	281	46	1
144	282	46	2
148	282	46	1
152	282	46	2
153	282	46	1
154	283	46	1
250	283	46	3
140	284	46	1
157	284	46	1
120	285	46	1
146	285	46	1
120	286	46	1
143	290	46	2
144	293	46	1
148	293	46	1
146	294	46	1
139	295	46	1
140	296	46	1
207	296	46	1
140	298	46	1
144	299	46	2
135	301	46	1
136	301	46	2
131	302	46	2
141	302	46	1
143	302	46	1
146	302	46	2
244	302	46	1
133	303	46	2
136	303	46	1
139	303	46	2
143	303	46	1
137	304	46	2
240	304	46	1
192	306	46	1
194	315	46	2
195	315	46	1
188	319	46	2
179	322	46	5
191	322	46	1
176	323	46	1
183	323	46	1
189	323	46	2
173	325	46	1
172	326	46	1
182	326	46	1
183	326	46	1
178	327	46	3
191	327	46	4
183	328	46	1
188	328	46	1
215	336	46	3
221	340	46	1
217	341	46	1
222	342	46	2
222	343	46	1
232	343	46	1
205	346	46	1
209	351	46	2
131	223	47	2
149	265	47	4
146	270	47	1
164	281	47	1
162	282	47	1
120	283	47	2
149	284	47	3
147	285	47	2
140	292	47	1
144	294	47	1
140	297	47	2
134	298	47	1
190	323	47	1
179	324	47	1
218	341	47	1
212	344	47	2
206	348	47	1
207	351	47	1
230	353	47	2
207	355	47	1
231	356	47	3
144	225	48	1
146	275	48	1
154	276	48	2
140	278	48	1
143	279	48	1
159	279	48	1
147	281	48	1
149	288	48	3
142	290	48	1
140	295	48	1
142	300	48	1
124	319	48	1
157	325	48	1
216	342	48	1
217	344	48	2
207	351	48	1
140	224	49	1
170	228	49	2
126	245	49	1
151	252	49	1
195	252	49	1
173	256	49	1
171	260	49	1
145	262	49	1
146	264	49	1
191	267	49	3
169	270	49	1
144	271	49	1
156	274	49	1
146	276	49	1
155	276	49	2
150	278	49	1
145	279	49	1
147	279	49	2
134	280	49	1
145	280	49	1
143	282	49	1
214	282	49	1
169	284	49	2
132	287	49	1
146	288	49	1
142	291	49	4
140	293	49	1
144	294	49	2
133	295	49	1
200	296	49	4
133	299	49	1
139	299	49	1
144	299	49	2
225	300	49	1
133	303	49	1
139	304	49	1
126	305	49	4
128	307	49	3
213	311	49	1
170	312	49	1
149	313	49	1
145	316	49	1
268	317	49	1
138	333	49	1
148	337	49	1
152	338	49	2
197	342	49	2
199	346	49	2
211	346	49	2
224	346	49	1
160	348	49	1
197	348	49	1
204	348	49	1
179	349	49	1
184	352	49	2
203	355	49	3
134	227	50	1
136	230	50	1
121	234	50	3
127	235	50	2
234	246	50	1
162	253	50	1
139	263	50	2
149	263	50	1
155	263	50	1
130	265	50	3
134	267	50	1
155	273	50	2
134	275	50	2
160	275	50	2
150	276	50	1
220	277	50	1
150	283	50	1
249	286	50	3
146	289	50	2
143	291	50	2
131	294	50	1
139	294	50	3
140	294	50	1
148	296	50	2
237	300	50	2
244	301	50	1
140	302	50	2
132	304	50	1
131	306	50	2
146	307	50	1
157	313	50	1
240	317	50	1
212	318	50	1
195	325	50	1
225	341	50	1
