x	y	z	Deregulated CDK5 triggers multiple neurodegenerative pathways in Alzheimer's disease models
240	286	21	1
239	272	24	1
244	286	24	1
239	287	24	1
244	289	24	1
246	289	24	1
244	290	24	1
232	265	25	1
233	269	25	1
234	271	25	1
227	272	25	1
230	272	25	1
233	272	25	2
238	272	25	1
236	273	25	1
238	274	25	1
237	275	25	1
232.5	276.5	25.5	1
237	276	25	1
234	277	25	2
236	277	25	2
231	278	25	2
238	278	25	1
239	279	25	3
247	279	25	1
232	280	25	1
233	280	25	1
239	280	25	1
241	280	25	1
231	281	25	2
240	281	25	2
241	281	25	1
243	281	25	1
248	281	25	1
249	281	25	1
232	282	25	1
239	282	25	1
247	282	25	1
231	283	25	1
233	283	25	1
237	283	25	1
247	283	25	1
247	284	25	1
250	284	25	1
215	285	25	1
234	285	25	3
238	285	25	1
239	285	25	1
240	285	25	1
241	285	25	1
243	285	25	1
244	285	25	1
246	285	25	1
232	286	25	1
234	286	25	2
241	286	25	1
243	286	25	2
237	287	25	1
242	287	25	1
249	287	25	1
224	288	25	1
237	288	25	1
238	289	25	1
234	290	25	1
235	290	25	1
238	290	25	1
240	290	25	1
244	290	25	1
234	291	25	1
236	291	25	1
238	291	25	1
246	291	25	1
227	292	25	1
249	292	25	1
240	293	25	3
244	293	25	1
247	293	25	1
243	294	25	1
247	294	25	1
237	295	25	1
243	295	25	1
239	296	25	1
176	259	26	1
182	259	26	3
229	264	26	1
230	264	26	1
232	265	26	1
237	266	26	1
235	267	26	2
241	267	26	1
235	268	26	1
236	269	26	2
227	270	26	1
228	270	26	3
233	270	26	3
237	270	26	1
240	270	26	1
250	270	26	1
236	271	26	1
215	272	26	1
223	272	26	1
230	272	26	1
232	272	26	1
239	272	26	1
236	273	26	1
236	274	26	1
238	274	26	2
232	275	26	1
233	275	26	3
235	275	26	1
237	275	26	3
245	275	26	1
246	275	26	1
207	276	26	1
234	276	26	2
239	276	26	1
248	276	26	1
207	277	26	1
213	277	26	1
230	277	26	1
234	277	26	1
239	277	26	2
240	277	26	1
247	277	26	1
240	278	26	1
251	278	26	1
231	279	26	1
232	279	26	3
236	279	26	1
248	279	26	1
250	279	26	1
208	280	26	1
233	280	26	1
236	280	26	1
238	280	26	1
240	280	26	1
242	280	26	1
246	281	26	1
212	282	26	1
215	282	26	1
229	282	26	1
233	282	26	1
242	282	26	1
245	282	26	1
251	282	26	1
253	282	26	1
227	283	26	1
231	283	26	1
239	283	26	1
245	283	26	1
253	283	26	1
236	284	26	1
246	284	26	2
248	284	26	1
250	284	26	1
214	285	26	1
234	285	26	1
240	285	26	1
246	285	26	2
255	285	26	1
225	286	26	1
237	286	26	1
246	286	26	2
247	286	26	1
249	286	26	1
224	287	26	1
232	287	26	1
236	287	26	1
237	287	26	1
250	287	26	2
252	287	26	1
232	288	26	1
253	288	26	2
223	289	26	1
231	289	26	1
235	289	26	1
236	289	26	1
237	289	26	1
243	289	26	1
248	289	26	1
251	289	26	1
252	289	26	1
239	290	26	1
222	291	26	1
226	291	26	1
229	291	26	1
238	291	26	1
240	291	26	1
250	291	26	2
227	292	26	1
240	292	26	1
242	292	26	1
252	292	26	1
234	293	26	1
240	293	26	1
244	293	26	1
247	293	26	1
239	294	26	1
239	295	26	1
240	295	26	2
245	295	26	1
237	297	26	1
240	297	26	2
236	298	26	1
239	298	26	1
227	300	26	1
184	255	27	1
181	257	27	1
183	257	27	1
181	258	27	1
215	258	27	1
232	258	27	1
183	259	27	1
184	259	27	1
226	259	27	1
231	259	27	1
232	259	27	1
185	260	27	1
226	260	27	1
228	260	27	1
233	260	27	1
237	260	27	1
181	261	27	2
182	261	27	1
227	261	27	1
237	261	27	1
227	262	27	1
233	262	27	1
236	262	27	1
175	263	27	1
182	263	27	1
183	263	27	2
185	263	27	1
215	263	27	1
229	263	27	1
232	263	27	1
238	263	27	1
239	263	27	1
244	263	27	1
175	264	27	1
176	264	27	2
225	264	27	1
230	264	27	1
181	265	27	1
234	265	27	1
237	265	27	1
238	265	27	1
215	266	27	1
224	266	27	1
226	266	27	1
227	266	27	1
230	266	27	1
232	266	27	1
233	266	27	1
237	266	27	1
215	267	27	2
217	267	27	1
229	267	27	1
231	267	27	1
235	267	27	2
236	267	27	1
239	267	27	1
250	267	27	1
216	268	27	1
223	268	27	1
224	268	27	1
225	268	27	1
227	268	27	1
230	268	27	1
234	268	27	1
235	268	27	1
236	268	27	1
238	268	27	2
240	268	27	1
243	268	27	1
178	269	27	1
201	269	27	1
205	269	27	1
213	269	27	1
228	269	27	1
229	269	27	1
233	269	27	2
234	269	27	1
240	269	27	1
215	270	27	1
218	270	27	1
221	270	27	1
231	270	27	1
232	270	27	1
237	270	27	2
242	270	27	1
248	270	27	1
207	271	27	2
208	271	27	1
209	271	27	2
215	271	27	1
216	271	27	1
217	271	27	1
222	271	27	1
226	271	27	1
236	271	27	1
242	271	27	1
248	271	27	1
249	271	27	1
203	272	27	1
204	272	27	1
206	272	27	1
214	272	27	1
216	272	27	2
220	272	27	1
229	272	27	1
230	272	27	2
231	272	27	2
234	272	27	2
235	272	27	1
236	272	27	1
183	273	27	1
205	273	27	1
211	273	27	1
213	273	27	2
214	273	27	1
215	273	27	1
220	273	27	1
229	273	27	1
231	273	27	1
232	273	27	1
238	273	27	1
251	273	27	1
204	274	27	1
216	274	27	1
221	274	27	1
235	274	27	1
236	274	27	1
250	274	27	1
254	274	27	1
212	275	27	1
216	275	27	1
218	275	27	1
228	275	27	1
235	275	27	1
239	275	27	1
240	275	27	1
246	275	27	1
250	275	27	1
207	276	27	1
210	276	27	1
215	276	27	2
217	276	27	1
219	276	27	1
232	276	27	1
205	277	27	1
213	277	27	1
232	277	27	1
233	277	27	1
235	277	27	1
238	277	27	1
243	277	27	1
248	277	27	1
204	278	27	1
208	278	27	1
220	278	27	1
224	278	27	1
231	278	27	1
235	278	27	1
238	278	27	1
248	278	27	1
249	278	27	1
219	279	27	1
234	279	27	1
235	279	27	2
239	279	27	2
241	279	27	1
245	279	27	1
249	279	27	1
251	279	27	1
206	280	27	2
234	280	27	2
240	280	27	1
243	280	27	1
245	280	27	1
250	280	27	1
207	281	27	1
209	281	27	2
228	281	27	1
230	281	27	1
231	281	27	2
235	281	27	1
248	281	27	1
256	281	27	2
257	281	27	1
205	282	27	1
209	282	27	1
213	282	27	1
214	282	27	1
216	282	27	1
227	282	27	1
231	282	27	1
233	282	27	1
236	282	27	1
237	282	27	1
239	282	27	1
241	282	27	2
242	282	27	2
245	282	27	1
246	282	27	1
248	282	27	1
201	283	27	1
206	283	27	1
227	283	27	1
231	283	27	2
234	283	27	1
238	283	27	1
243	283	27	1
253	283	27	1
254	283	27	1
207	284	27	1
208	284	27	1
210	284	27	1
215	284	27	1
230	284	27	1
232	284	27	1
243	284	27	2
210	285	27	1
211	285	27	1
212	285	27	1
213	285	27	1
215	285	27	1
235	285	27	1
237	285	27	1
239	285	27	1
240	285	27	1
241	285	27	3
247	285	27	1
256	285	27	1
204	286	27	1
209	286	27	1
216	286	27	1
232	286	27	1
234	286	27	2
236	286	27	2
239	286	27	1
244	286	27	1
249	286	27	1
255	286	27	1
207	287	27	1
214	287	27	1
236	287	27	1
240	287	27	2
249	287	27	2
250	287	27	1
207	288	27	1
223	288	27	1
224	288	27	2
234	288	27	1
242	288	27	1
245	288	27	1
249	288	27	1
250	288	27	2
251	288	27	1
253	288	27	1
223	289	27	1
226	289	27	1
227	289	27	1
231	289	27	1
238	289	27	1
246	289	27	2
252	289	27	1
254	289	27	1
256	289	27	1
214	290	27	1
225	290	27	1
227	290	27	1
230	290	27	1
232	290	27	1
246	290	27	1
250	290	27	1
251	290	27	1
253	290	27	2
222	291	27	1
236	291	27	1
242	291	27	1
247	291	27	2
250	291	27	1
257	291	27	1
212	292	27	1
219	292	27	1
222	292	27	1
226	292	27	1
227	292	27	1
234	292	27	1
237	292	27	2
241	292	27	1
222	293	27	3
226	293	27	1
229	293	27	1
237	293	27	1
240	293	27	2
247	293	27	1
249	293	27	2
253	293	27	1
254	293	27	1
211	294	27	2
217	294	27	1
224	294	27	1
226	294	27	1
231	294	27	2
236	294	27	1
238	294	27	2
250	294	27	1
252	294	27	1
253	294	27	1
219	295	27	1
221	295	27	2
226	295	27	1
221	296	27	1
241	296	27	1
245	296	27	1
246	296	27	1
217	297	27	1
240	297	27	2
242	297	27	2
248	297	27	1
249	297	27	1
224	298	27	1
236	298	27	1
241	298	27	1
243	298	27	1
229	299	27	2
236	299	27	2
242	299	27	1
243	299	27	1
247	299	27	1
252	299	27	1
226	300	27	1
231	300	27	1
236	300	27	1
240	300	27	1
234	301	27	1
240	301	27	1
241	301	27	1
243	301	27	1
245	301	27	1
247	301	27	1
251	301	27	1
235	302	27	1
244	302	27	2
238	304	27	1
232	266	28	1
231	267	28	1
237	268	28	1
237	269	28	1
238	269	28	3
237	270	28	1
206	272	28	1
233	272	28	1
234	272	28	1
235	273	28	1
214	274	28	1
232	274	28	1
249	275	28	1
233	276	28	1
235	276	28	1
236	277	28	1
238	277	28	1
235	280	28	1
239	280	28	1
252	281	28	1
235	282	28	1
237	283	28	2
235	284	28	1
250	284	28	1
244	285	28	1
232	286	28	1
235	286	28	1
247	286	28	1
248	286	28	1
249	286	28	2
244	287	28	1
248	287	28	1
251	287	28	1
224	288	28	1
244	288	28	2
253	289	28	1
242	290	28	1
244	290	28	1
237	291	28	1
245	291	28	1
250	291	28	2
240	292	28	1
242	292	28	1
240	293	28	1
242	294	28	1
251	294	28	1
240	295	28	1
241	295	28	2
242	295	28	1
245	295	28	1
240	296	28	2
240	299	28	1
240	300	28	1
234	256	29	1
235	256	29	2
233	258	29	1
235	258	29	1
188	259	29	2
238	259	29	1
187	261	29	1
230	261	29	1
220	262	29	2
222	263	29	2
232	263	29	1
237	264	29	1
245	264	29	1
226	265	29	1
249	265	29	2
195	266	29	1
228	266	29	1
232	266	29	1
234	266	29	1
245	266	29	1
248	266	29	1
226	267	29	1
237	267	29	1
249	267	29	1
231	268	29	1
235	268	29	1
250	268	29	1
193	269	29	1
204	269	29	2
232	269	29	1
196	270	29	1
234	270	29	1
235	270	29	1
237	270	29	1
182	271	29	1
233	271	29	2
249	271	29	1
215	272	29	1
233	272	29	1
249	272	29	1
182	273	29	1
249	273	29	1
180	274	29	1
213	274	29	1
232	274	29	1
235	274	29	1
215	275	29	1
237	275	29	2
240	275	29	1
204	276	29	1
237	276	29	1
205	277	29	1
235	278	29	1
238	278	29	1
244	278	29	1
247	278	29	1
206	279	29	2
245	279	29	1
246	279	29	1
256	279	29	1
234	280	29	1
237	280	29	2
238	280	29	1
247	280	29	1
251	280	29	1
233	281	29	1
238	281	29	2
245	281	29	1
251	281	29	1
213	282	29	1
233	282	29	2
241	282	29	1
244	282	29	2
215	283	29	1
236	283	29	2
248	283	29	1
235	284	29	1
236	284	29	1
237	284	29	1
238	284	29	1
245	284	29	2
246	284	29	1
226	285	29	1
233	285	29	1
234	285	29	2
236	285	29	1
243	285	29	1
246	285	29	1
248	285	29	1
254	285	29	1
235	286	29	1
236	286	29	2
231	287	29	1
232	287	29	1
238	287	29	1
240	287	29	1
241	287	29	1
245	287	29	1
224	288	29	2
228	288	29	1
235	288	29	1
241	288	29	2
242	288	29	1
236	289	29	1
240	289	29	2
244	289	29	1
254	289	29	1
224	290	29	1
228	290	29	1
230	290	29	1
238	290	29	2
240	290	29	1
245	290	29	1
241	291	29	1
247	291	29	1
227	292	29	1
241	292	29	1
245	292	29	1
247	292	29	1
257	292	29	1
223	293	29	1
237	293	29	1
247	293	29	1
236	294	29	1
238	294	29	2
241	294	29	1
242	294	29	2
244	294	29	1
220	295	29	1
221	295	29	2
223	295	29	1
241	295	29	1
243	295	29	1
244	295	29	1
247	295	29	1
239	296	29	1
249	296	29	1
255	296	29	1
238	297	29	1
240	297	29	1
247	297	29	3
221	298	29	1
248	298	29	1
222	299	29	1
226	299	29	1
227	299	29	1
237	299	29	2
221	300	29	1
225	300	29	1
226	300	29	1
227	300	29	1
235	300	29	1
236	300	29	1
237	300	29	1
239	300	29	1
240	300	29	1
221	301	29	1
224	301	29	1
230	301	29	1
236	301	29	1
235	302	29	1
236	305	29	1
225	251	30	1
228	251	30	1
228	253	30	1
232	253	30	1
215	254	30	1
191	255	30	1
231	256	30	1
232	256	30	1
233	256	30	1
236	256	30	1
209	257	30	1
240	257	30	1
203	258	30	1
227	258	30	1
228	258	30	1
231	258	30	1
189	259	30	1
216	259	30	1
218	259	30	2
219	259	30	3
224	259	30	2
227	259	30	1
237	259	30	1
196	260	30	1
197	260	30	1
216	260	30	1
227	260	30	1
236	260	30	1
194	261	30	1
208	261	30	1
212	261	30	1
216	261	30	1
217	261	30	1
229	261	30	1
238	261	30	1
239	261	30	1
244	261	30	3
249	261	30	1
179	262	30	3
222	262	30	1
225	262	30	1
226	262	30	1
231	262	30	1
233	262	30	1
240	262	30	1
182	263	30	2
186	263	30	1
197	263	30	1
218	263	30	1
195	264	30	1
211	264	30	1
222	264	30	1
225	264	30	2
227	264	30	2
228	264	30	1
232	264	30	1
245	264	30	1
197	265	30	1
200	265	30	1
212	265	30	2
231	265	30	1
238	265	30	1
239	265	30	2
244	265	30	2
248	265	30	1
188	266	30	1
212	266	30	1
214	266	30	2
230	266	30	2
231	266	30	3
233	266	30	1
238	266	30	2
240	266	30	1
182	267	30	1
191	267	30	3
193	267	30	1
196	267	30	1
208	267	30	2
219	267	30	1
225	267	30	1
236	267	30	2
238	267	30	1
240	267	30	1
247	267	30	1
250	267	30	2
172	268	30	1
191	268	30	1
194	268	30	1
206	268	30	2
217	268	30	1
226	268	30	2
235	268	30	1
241	268	30	2
248	268	30	1
250	268	30	1
178	269	30	1
193	269	30	1
197	269	30	1
198	269	30	2
213	269	30	1
215	269	30	1
232	269	30	1
235	269	30	1
238	269	30	1
240	269	30	1
201	270	30	1
207	270	30	1
216	270	30	2
217	270	30	1
227	270	30	1
234	270	30	1
245	270	30	1
250	270	30	1
185	271	30	1
193	271	30	1
199	271	30	1
206	271	30	1
208	271	30	1
229	271	30	1
249	271	30	1
181	272	30	2
182	272	30	1
206	272	30	1
224	272	30	1
239	272	30	1
204	273	30	1
208	273	30	3
213	273	30	1
227	273	30	1
234	273	30	1
235	273	30	1
240	273	30	1
241	273	30	1
180	274	30	1
185	274	30	2
209	274	30	2
214	274	30	1
236	274	30	1
238	274	30	1
244	274	30	1
247	274	30	1
215	275	30	1
233	275	30	2
236	275	30	1
251	275	30	1
186	276	30	1
206	276	30	1
207	276	30	1
233	276	30	3
241	276	30	1
246	276	30	1
248	276	30	1
249	276	30	1
253	276	30	1
180	277	30	1
241	277	30	1
245	277	30	1
250	277	30	2
175	278	30	2
201	278	30	1
226	278	30	1
230	278	30	1
239	278	30	1
236	279	30	1
243	279	30	1
244	279	30	1
245	279	30	1
250	279	30	2
251	279	30	2
252	279	30	1
175	280	30	2
183	280	30	1
235	280	30	1
241	280	30	3
242	280	30	1
244	280	30	1
179	281	30	1
181	281	30	1
217	281	30	1
233	281	30	2
235	281	30	2
237	281	30	1
240	281	30	1
241	281	30	1
243	281	30	1
244	281	30	1
249	281	30	1
177	282	30	1
181	282	30	1
210	282	30	1
229	282	30	1
232	282	30	1
238	282	30	1
241	282	30	1
246	282	30	1
250	282	30	1
251	282	30	1
254	282	30	1
179	283	30	1
205	283	30	1
209	283	30	1
239	283	30	1
240	283	30	1
241	283	30	1
248	283	30	1
249	283	30	1
181	284	30	1
220	284	30	2
226	284	30	1
236	284	30	1
241.666666666667	284.666666666667	31	1
242	284	30	3
243	284	30	2
249	284	30	1
250	284	30	1
256	284	30	1
206	285	30	1
225	285	30	1
232	285	30	1
234	285	30	1
245	285.666666666667	31	1
248	285	30	1
251	285	30	1
206	286	30	1
219	286	30	1
222	286	30	2
227	286	30	1
246	286	30	1
250	286	30	1
255	286	30	1
256	286	30	1
219	287	30	1
237	287.5	30.5	1
243	287	30	1
244	287	30	1
221	288	30	1
223	288	30	1
226	288	30	2
232	288	30	1
235	288	30	1
236	288	30	1
237	288	30	2
244	288	30	1
248	288	30	1
253	288	30	1
184	289	30	2
199	289	30	2
222	289	30	1
223	289	30	1
228	289	30	1
234	289	30	1
245	289	30	2
247	289	30	1
256	289	30	1
198	290	30	1
233	290	30	1
240	290	30	1
257	290	30	1
225	291	30	1
226	291	30	1
235	291	30	1
239	291	30	1
244	291	30	1
245	291	30	1
198	292	30	1
220	292	30	3
223	292	30	1
246	292	30	1
257	292	30	1
219	293	30	1
222	293	30	1
246	293	30	2
247	293	30	1
251	293	30	4
253	293	30	1
229	294	30	1
231	294	30	1
232	294	30	1
235	294	30	1
237	294	30	1
241	294	30	1
250	294	30	1
253	294	30	1
258	294	30	1
221	295	30	1
222	295	30	1
229	295	30	1
251	295	30	1
254	295	30	2
186	296	30	1
220	296	30	1
222	296	30	1
232	296	30	1
235	296	30	2
241	296	30	1
244	296	30	1
246	296	30	1
221	297	30	1
229	297	30	1
237	297	30	1
238	297	30	1
239	297	30	1
243	297	30	1
244	297	30	2
246	297	30	1
248	297	30	1
220	298	30	1
222	298	30	1
226	298	30	1
228	298	30	1
229	298	30	2
236	298	30	1
239	298	30	2
251	298	30	1
252	298	30	1
221	299	30	1
224	299	30	1
242	299	30	1
244	299	30	1
246	299	30	1
247	299	30	1
214	300	30	1
218	300	30	1
226	300	30	1
228	300	30	1
241	300	30	1
247	300	30	1
223	301	30	1
226	301	30	1
236	301	30	1
237	301	30	1
242	301	30	2
243	301	30	2
246	301	30	1
238	302	30	1
247	302	30	1
217	303	30	1
220	304	30	1
237	304	30	1
242	304	30	1
233	305	30	1
238	305	30	1
240	305	30	1
238	306	30	2
240	306	30	1
224	250	31	1
227	250	31	2
215	251	31	1
226	252	31	2
193	253	31	1
225	253	31	1
228	253	31	2
193	254	31	1
229	254	31	1
232	254	31	1
238	254	31	1
195	255	31	1
229	255	31	1
233	255	31	1
234	255	31	1
235	255	31	3
236	255	31	1
240	255	31	1
207	256	31	1
236	256	31	1
239	256	31	1
232	257	31	1
236	257	31	1
188	258	31	1
205	258	31	1
229	258	31	1
231	258	31	1
218	259	31	1
226	259	31	1
227	259	31	1
231	259	31	1
239	259	31	1
186	260	31	1
188	260	31	2
191	260	31	2
220	260	31	1
227	260	31	1
228	260	31	1
237	260	31	1
239	260	31	1
246	260	31	1
187	261	31	1
188	261	31	1
195	261	31	1
211	261	31	1
226	261	31	1
229	261	31	1
237	261	31	1
239	261	31	1
245	261	31	1
249	261	31	1
193	262	31	1
219	262	31	1
220	262	31	1
223	262	31	2
225	262	31	1
242	262	31	2
248	262	31	1
186	263	31	1
216	263	31	2
230	263	31	1
232	263	31	1
235	263	31	1
238	263	31	1
178	264	31	1
184	264	31	1
189	264	31	2
190	264	31	1
194	264	31	2
197	264	31	1
199	264	31	1
218	264	31	1
220	264	31	2
226	264	31	1
240	264	31	1
249	264	31	1
186	265	31	1
196	265	31	1
214	265	31	1
223	265	31	1
231	265	31	1
234	265	31	1
246	265	31	1
250	265	31	1
186	266	31	1
194	266	31	1
198	266	31	1
213	266	31	1
219	266	31	1
220	266	31	2
221	266	31	1
231	266	31	1
241	266	31	1
248	266	31	1
183	267	31	1
229	267	31	1
230	267	31	1
247	267	31	1
184	268	31	1
188	268	31	1
197	268	31	1
198	268	31	1
203	268	31	1
205	268	31	1
225	268	31	3
232	268	31	2
244	268	31	1
182	269	31	2
188	269	31	1
191	269	31	1
193	269	31	1
194	269	31	1
204	269	31	1
234	269	31	1
242	269	31	1
248	269	31	1
250	269	31	1
173	270	31	1
186	270	31	1
198	270	31	1
200	270	31	1
207	270	31	1
231	270	31	1
237	270	31	1
250	270	31	1
204	271	31	1
213	271	31	1
217	271	31	1
224	271	31	1
238	271	31	1
239	271	31	1
246	271	31	1
247	271	31	2
203	272	31	1
205	272	31	2
206	272	31	1
212	272	31	2
214	272	31	1
218	272	31	1
232	272	31	2
235	272	31	1
237	272	31	1
238	272	31	1
209	273	31	1
211	273	31	1
229	273	31	1
236	273	31	1
237	273	31	1
238	273	31	2
239	273	31	1
242	273	31	1
244	273	31	1
179	274	31	1
180	274	31	1
203	274	31	2
214	274	31	1
216	274	31	1
225	274	31	1
237	274	31	1
248	274	31	1
201	275	31	1
206	275	31	1
236	275	31	1
243	275	31	1
250	275	31	1
226	276	31	1
236	276	31	1
241	276	31	1
246	276	31	1
253	276	31	1
204	277	31	2
205	277	31	1
238	277	31	1
241	277	31	1
243	277	31	1
203	278	31	1
204	278	31	1
205	278	31	1
207	278	31	1
243	278	31	1
247	278	31	1
180	279	31	1
207	279	31	1
237	279	31	1
238	279	31	1
245	279	31	1
246	279	31	1
249	279	31	1
232	280	31	1
235	280	31	2
241	280	31	1
181	281	31	1
204	281	31	1
210	281	31	2
219	281	31	1
223	281	31	1
231	281	31	1
237	281	31	1
243	281	31	1
244	281	31	1
248	281	31	1
250	281	31	2
251	281	31	1
173	282	31	1
180	282	31	1
181	282	31	1
234	282	31	1
247	282	31	1
256	282	31	1
176	283	31	1
184	283	31	1
208	283	31	1
209	283	31	1
223	283	31	1
235	283	31	1
243	283	31	1
251	283	31	1
252	283	31	1
175	284	31	1
177	284	31	1
180	284	31	1
250	284	31	1
223	285	31	1
226	285	31	1
229	285	31	1
231	285	31	1
236	285	31	1
243	285	31	1
244	285	31	1
247	285	31	2
250	285	31	2
253	285	31	1
220	286	31	1
227	286	31	1
231	286	31	1
249	286	31	1
222	287	31	1
223	287	31	1
227	287	31	2
228	287	31	1
229	287	31	1
237	287	31	1
241	287	31	1
251	287	31	1
220	288	31	1
222	288	31	1
236	288	31	3
240.5	288.5	31.5	1
242	288	31	2
246	288	31	1
247	288	31	2
251	288	31	1
185	289	31	1
200	289	31	2
222	289	31	1
228	289	31	1
231	289	31	1
240	289	31	1
243	289	31	1
250	289	31	1
200	290	31	1
227	290	31	1
231	290	31	1
242	290	31	1
199	291	31	1
223	291	31	1
227	291	31	1
228	291	31	1
229	291	31	1
230	291	31	1
242	291	31	1
244	291	31	1
199	292	31	1
221	292	31	1
222	292	31	1
227	292	31	2
232	292	31	1
250	292	31	1
254	292	31	3
256	292	31	1
221	293	31	1
225	293	31	1
229	293	31	1
234	293	31	1
236	293	31	1
248	293	31	1
198	294	31	1
222	294	31	1
226	294	31	1
227	294	31	1
235	294	31	1
240	294	31	1
220	295	31	1
225	295	31	1
234	295	31	2
242	295	31	1
243	295	31	3
247	295	31	1
250	295	31	1
228	296	31	1
234	296	31	1
242	296	31	2
248	296	31	2
250	296	31	1
254	296	31	1
221	297	31	1
227	297	31	1
234	297	31	1
236	297	31	1
239	297	31	1
242	297	31	1
252	297	31	1
196	298	31	1
205	298	31	1
223	298	31	1
229	298	31	1
235	298	31	1
237	298	31	1
245	298	31	1
249	298	31	1
251	298	31	2
233	299	31	1
240	299	31	1
246	299	31	2
218	300	31	1
224	300	31	1
225	300	31	2
228	300	31	1
230	300	31	1
231	300	31	1
229	301	31	1
237	301	31	1
245	301	31	1
249	301	31	1
229	302	31	1
232	302	31	1
235	302	31	1
239	302	31	2
240	302	31	2
242	302	31	1
244	302	31	1
246	302	31	1
233	303	31	1
242	303	31	1
244	303	31	2
246	303	31	2
243	304	31	1
237	305	31	1
242	305	31	1
226	309	31	1
215	251	32	1
228	251	32	1
229	251	32	1
193	253	32	1
215	253	32	1
216	253	32	1
229	253	32	1
227	254	32	1
228	254	32	1
230	254	32	1
232	254	32	1
238	254	32	1
215	255	32	1
221	255	32	1
226	255	32	1
228	255	32	1
235	255	32	1
237	255	32	1
210	256	32	2
216	256	32	1
219	256	32	1
234	256	32	2
242	256	32	1
202	257	32	1
208	257	32	1
218	257	32	2
221	257	32	1
229	257	32	1
238	257	32	1
190	258	32	2
215	258	32	1
219	258	32	2
231	258	32	2
233	258	32	1
239	258	32	1
192	259	32	1
216	259	32	1
227	259	32	3
231	259	32	1
234	259	32	1
240	259	32	1
247	259	32	1
192	260	32	2
236	260	32	1
240	260	32	1
216	261	32	1
229	261	32	1
239	261	32	1
246	261	32	1
189	262	32	1
197	262	32	1
224	262	32	1
225	262	32	1
228	262	32	1
230	262	32	1
236	262	32	1
240	262	32	2
242	262	32	1
243	262	32	1
245	262	32	1
249	262	32	2
250	262	32	1
211	263	32	1
215	263	32	2
220	263	32	1
221	263	32	2
226	263	32	1
232	263	32	1
233	263	32	1
249	263	32	2
186	264	32	1
188	264	32	1
193	264	32	1
194	264	32	1
199	264	32	1
202	264	32	1
210	264	32	1
214	264	32	1
217	264	32	1
222	264	32	3
233	264	32	1
247	264	32	1
192	265	32	1
212	265	32	1
213	265	32	1
226	265	32	1
230	265	32	2
232	265	32	2
235	265	32	1
186	266	32	1
189	266	32	1
194	266	32	2
195	266	32	2
217	266	32	1
218	266	32	1
230	266	32	1
241	266	32	1
245	266	32	1
247	266	32	1
252	266	32	1
186	267	32	1
205	267	32	1
216	267	32	1
222	267	32	1
225	267	32	1
230	267	32	1
233	267	32	1
239	267	32	2
247	267	32	1
249	267	32	1
188	268	32	1
189	268	32	1
193	268	32	1
198	268	32	2
206	268	32	1
212	268	32	1
220	268	32	1
225	268	32	1
239	268	32	1
245	268	32	2
246	268	32	2
248	268	32	1
176	269	32	1
193	269	32	1
218	269	32	1
222	269	32	1
232	269	32	1
239	269	32	1
241	269	32	1
242	269	32	1
245	269	32	2
249	269	32	1
173	270	32	2
195	270	32	3
196	270	32	3
211	270	32	1
214	270	32	1
222	270	32	1
224	270	32	1
227	270	32	1
248	270	32	1
249	270	32	2
250	270	32	1
184	271	32	1
186	271	32	1
212	271	32	1
216	271	32	2
233	271	32	1
238	271	32	1
244	271	32	1
176	272	32	1
181	272	32	2
185	272	32	1
202	272	32	1
203	272	32	1
230	272	32	1
237	272	32	2
238	272	32	2
239	272	32	1
240	272	32	1
241	272	32	1
243	272	32	1
245	272	32	1
246	272	32	1
248	272	32	1
174	273	32	1
207	273	32	2
209	273	32	1
212	273	32	1
213	273	32	1
240	273	32	1
245	273	32	1
249	273	32	1
172	274	32	1
179	274	32	1
181	274	32	1
183	274	32	1
184	274	32	1
185	274	32	1
235	274	32	2
236	274	32	1
240	274	32	1
181	275	32	2
183	275	32	1
184	275	32	2
186	275	32	1
202	275	32	1
210	275	32	1
235	275	32	1
236	275	32	2
249	275	32	1
250	275	32	2
234	276	32	1
236	276	32	1
239	276	32	1
175	277	32	1
204	277	32	1
214	277	32	3
215	277	32	3
232	277	32	1
236	277	32	1
244	277	32	1
245	277	32	1
254	277	32	1
206	278	32	1
234	278	32	1
235	278	32	1
236	278	32	1
241	278	32	1
255	278	32	1
175	279	32	1
178	279	32	1
181	279	32	1
242	279	32	1
244	279	32	1
245	279	32	2
247	279	32	1
255	279	32	1
173	280	32	1
174	280	32	1
189	280	32	1
205	280	32	1
219	280	32	1
220	280	32	1
221	280	32	1
239	280	32	1
176	281	32	1
223	281	32	1
231	281	32	1
232	281	32	1
245	281	32	1
252	281	32	1
175	282	32	1
182	282	32	1
231	282	32	1
233	282	32	1
250	282	32	1
254	282	32	1
178	283	32	1
179	283	32	2
208	283	32	1
211	283	32	2
221	283	32	1
222	283	32	2
230	283	32	1
237	283	32	1
239	283	32	1
244	283	32	1
246	283	32	2
249	283	32	1
253	283	32	1
176	284	32	1
179	284	32	1
181	284	32	1
219	284	32	1
220	284	32	1
222	284	32	1
225	284	32	2
227	284	32	1
236	284	32	2
240	284	32	1
241	284	32	1
242	284	32	1
244	284	32	1
257	284	32	2
179	285	32	1
205	285	32	1
206	285	32	1
219	285	32	1
222	285	32	2
229	285	32	1
233	285	32	1
240	285	32	1
243	285	32	2
245	285	32	2
246	285	32	2
254	285	32	1
255	285	32	2
222	286	32	1
223	286	32	1
224	286	32	1
231	286	32	1
234	286	32	1
247	286	32	2
252	286	32	1
256	286	32	1
176	287	32	1
187	287	32	1
207	287	32	1
208	287	32	1
219	287	32	2
224	287	32	1
225	287	32	1
226	287	32	1
227	287	32	1
236.5	287.5	32.5	1
237	287	32	1
242	287	32	1
246	287	32	2
255	287	32	1
221	288	32	1
222	288	32	2
234	288	32	1
242	288	32	1
243	288	32	1
249	288	32	1
253	288	32	2
258	288	32	1
187	289	32	1
222	289	32	1
223	289	32	1
224	289	32	1
226	289	32	2
233	289	32	1
237	289	32	1
243	289	32	1
253	289	32	1
199	290	32	1
221	290	32	1
222	290	32	2
225	290	32	1
233	290	32	1
237	290	32	1
244	290	32	1
246	290	32	1
198	291	32	1
200	291	32	1
229	291	32	1
235	291	32	1
238	291	32	1
244	291	32	1
248	291	32	3
250	291	32	1
254	291	32	2
203	292	32	1
218	292	32	1
224	292	32	2
227	292	32	1
229	292	32	2
233	292	32	1
246	292	32	1
250	292	32	1
198	293	32	2
221	293	32	1
224	293	32	1
248	293	32	1
249	293	32	1
256	293	32	1
198	294	32	3
221	294	32	1
227	294	32	1
231	294	32	2
235	294	32	1
242	294	32	1
246	294	32	1
247	294	32	1
251	294	32	2
253	294	32	1
256	294	32	1
224	295	32	1
225	295	32	2
228	295	32	1
232	295	32	1
239	295	32	1
240	295	32	2
241	295	32	1
245	295	32	2
249	295	32	1
253	295	32	1
197	296	32	1
202	296	32	1
223	296	32	1
226	296	32	2
228	296	32	1
231	296	32	3
235	296	32	1
255	296	32	2
225	297	32	2
229	297	32	1
236	297	32	2
241	297	32	1
242	297	32	1
243	297	32	1
250	297	32	1
195	298	32	1
198	298	32	1
199	298	32	1
221	298	32	1
223	298	32	2
227	298	32	1
232	298	32	1
237	298	32	1
238	298	32	2
239	298	32	2
240	298	32	1
241	298	32	1
246	298	32	1
247	298	32	1
196	299	32	2
227	299	32	3
240	299	32	1
242	299	32	1
243	299	32	1
247	299	32	1
227	300	32	1
228	300	32	1
236	300	32	1
237	300	32	2
246	300	32	1
198	301	32	1
221	301	32	1
223	301	32	2
225	301	32	1
227	301	32	1
229	301	32	1
246	301	32	1
222	302	32	1
230	302	32	1
233	302	32	1
238	302	32	1
239	302	32	1
223	303	32	2
226	303	32	1
244	303	32	1
245	303	32	1
217	304	32	1
230	304	32	1
234	304	32	1
235	304	32	1
244	304	32	1
204	305	32	1
222	305	32	1
242	305	32	1
208	306	32	1
222	306	32	1
224	306	32	1
230	306	32	1
234	306	32	1
221	307	32	1
225	307	32	1
237	307	32	1
221	308	32	1
229	308	32	1
224	309	32	1
225	309	32	1
227	309	32	2
228	309	32	1
230	310	32	1
235	313	32	3
223	252	33	1
227	252	33	1
216	253	33	1
229	253	33	2
232	253	33	1
240	253	33	1
241	253	33	2
217	254	33	1
225	254	33	1
226	254	33	1
220	255	33	1
236	255	33	1
221	256	33	2
232	256	33	1
240	256	33	1
241	256	33	2
214	257	33	1
221	257	33	1
227	257	33	1
237	257	33	1
215	258	33	1
223	258	33	1
231	258	33	1
232	258	33	1
233	258	33	2
242	258	33	1
189	259	33	1
211	259	33	1
220	259	33	2
225	259	33	1
229	259	33	1
232	259	33	2
246	259	33	1
212	260	33	2
220	260	33	1
223	260	33	2
233	260	33	1
237	260	33	1
238	260	33	1
243	260	33	1
182	261	33	1
193	261	33	1
195	261	33	1
208	261	33	1
214	261	33	1
220	261	33	1
222	261	33	1
225	261	33	1
230	261	33	1
232	261	33	1
234	261	33	1
236	261	33	1
239	261	33	1
241	261	33	1
196	262	33	2
203	262	33	2
210	262	33	1
214	262	33	2
216	262	33	1
218	262	33	1
223	262	33	2
224	262	33	1
226	262	33	1
228	262	33	1
230	262	33	1
242	262	33	1
245	262	33	1
191	263	33	1
198	263	33	1
199	263	33	1
211	263	33	1
227	263	33	1
228	263	33	1
242	263	33	1
245	263	33	1
189	264	33	1
192	264	33	1
195	264	33	1
211	264	33	1
214	264	33	1
223	264	33	1
235	264	33	1
237	264	33	1
239	264	33	1
242	264	33	1
245	264	33	1
246	264	33	1
188	265	33	1
189	265	33	1
195	265	33	1
211	265	33	1
213	265	33	1
222	265	33	1
225	265	33	1
233	265	33	1
235	265	33	2
242	265	33	1
251	265	33	2
184	266	33	1
187	266	33	2
191	266	33	1
193	266	33	2
208	266	33	2
219	266	33	1
225	266	33	2
239	266	33	1
240	266	33	2
247	266	33	1
184	267	33	1
188	267	33	1
194	267	33	1
216	267	33	1
219	267	33	1
223	267	33	1
229	267	33	1
231	267	33	1
240	267	33	1
242	267	33	1
247	267	33	1
193	268	33	1
196	268	33	1
208	268	33	2
210	268	33	1
213	268	33	1
216	268	33	1
231	268	33	1
249	268	33	2
250	268	33	1
193	269	33	1
215	269	33	1
216	269	33	1
224	269	33	2
233	269	33	1
240	269	33	1
241	269	33	1
243	269	33	1
245	269	33	1
251	269	33	1
183	270	33	1
185	270	33	2
205	270	33	1
210	270	33	1
223	270	33	1
231	270	33	1
240	270	33	2
243	270	33	1
248	270	33	1
249	270	33	2
251	270	33	1
179	271	33	1
205	271	33	1
206	271	33	1
208	271	33	2
210	271	33	1
225	271	33	1
233	271	33	1
238	271	33	1
240	271	33	2
247	271	33	1
253	271	33	1
176	272	33	2
177	272	33	1
189	272	33	1
207	272	33	1
213	272	33	1
216	272	33	1
225	272	33	2
232	272	33	1
235	272	33	1
242	272	33	1
244	272	33	1
254	272	33	1
173	273	33	1
176	273	33	2
184	273	33	1
205	273	33	1
214	273	33	1
216	273	33	2
253	273	33	1
177	274	33	1
183	274	33	1
190	274	33	2
193	274	33	1
203	274	33	1
204	274	33	1
206	274	33	1
208	274	33	1
209	274	33	1
210	274	33	1
212	274	33	1
235	274	33	1
250	274	33	1
188	275	33	1
207	275	33	1
212	275	33	1
217	275	33	2
237	275	33	1
240	275	33	1
241	275	33	1
243	275	33	1
244	275	33	1
246	275	33	1
250	275	33	1
176	276	33	2
186	276	33	1
190	276	33	2
201	276	33	1
215	276	33	1
235	276	33	1
236	276	33	2
173	277	33	1
178	277	33	1
180	277	33	1
206	277	33	1
208	277	33	1
237	277	33	1
238	277	33	1
239	277	33	1
242	277	33	3
246	277	33	1
204	278	33	1
209	278	33	2
234	278	33	1
168	279	33	2
175	279	33	2
181	279	33	1
222	279	33	1
231	279	33	2
240	279	33	2
249	279	33	2
177	280	33	1
180	280	33	1
191	280	33	1
211	280	33	1
223	280	33	1
229	280	33	1
241	280	33	1
242	280	33	1
248	280	33	1
173	281	33	1
175	281	33	1
178	281	33	1
180	281	33	1
186	281	33	2
206	281	33	1
232	281	33	1
233	281	33	1
241	281	33	1
243	281	33	1
248	281	33	1
188	282	33	1
207	282	33	1
213	282	33	1
221	282	33	1
229	282	33	1
230	282	33	1
233	282	33	1
250	282	33	1
253	282	33	1
204	283	33	1
206	283	33	1
212	283	33	1
218	283	33	1
233	283	33	1
241	283	33	1
206	284	33	2
209	284	33	1
219	284	33	2
221	284	33	1
236	284	33	1
237	284	33	2
240	284	33	1
244	284	33	1
248	284	33	2
249	284	33	1
252	284	33	2
254	284	33	1
202	285	33	1
204	285	33	1
212	285	33	1
220	285	33	1
227	285	33	1
230	285	33	1
232	285	33	1
236	285	33	1
237.5	285.5	33.5	1
240	285	33	1
241	285	33	1
246	285	33	1
204	286	33	1
209	286	33	1
211	286	33	1
219	286	33	1
226	286	33	1
229	286	33	1
236	286	33	1
241.5	286.5	33.5	1
242	286	33	1
244	286	33	1
255	286	33	1
199	287	33	1
205	287	33	1
222	287	33	1
227	287	33	1
229	287	33	1
233	287	33	1
243	287	33	1
184	288	33	1
196	288	33	1
231	288	33	1
233	288	33	1
236	288	33	1
239	288	33	1
250	288	33	1
241.5	289.5	33.5	1
244	289	33	1
250	289	33	1
197	290	33	3
200	290	33	2
222	290	33	1
223	290	33	1
225	290	33	1
228	290	33	1
232	290	33	1
233	290	33	1
234	290	33	1
243	290	33	1
247	290	33	1
257	290	33	2
185	291	33	1
198	291	33	1
200	291	33	1
223	291	33	1
229	291	33	1
231	291	33	1
233	291	33	1
234	291	33	1
236	291	33	1
242	291	33	1
246	291	33	1
248	291	33	1
257	291	33	1
202	292	33	2
233	292	33	1
249	292	33	1
188	293	33	1
223	293	33	1
228	293	33	1
243	293	33	1
254	293	33	1
213	294	33	1
223	294	33	1
227	294	33	1
228	294	33	1
229	294	33	2
235	294	33	1
238	294	33	2
245	294	33	1
252	294	33	1
201	295	33	1
218	295	33	1
232	295	33	2
245	295	33	1
247	295	33	1
248	295	33	2
250	295	33	2
254	295	33	1
195	296	33	1
198	296	33	2
199	296	33	1
220	296	33	1
229	296	33	1
231	296	33	1
236	296	33	1
243	296	33	1
252	296	33	1
255	296	33	1
196	297	33	1
197	297	33	1
198	297	33	1
226	297	33	1
231	297	33	1
232	297	33	1
233	297	33	1
236	297	33	1
241	297	33	2
182	298	33	2
194	298	33	1
195	298	33	1
220	298	33	1
223	298	33	1
228	298	33	1
233	298	33	2
236	298	33	1
243	298	33	1
244	298	33	1
195	299	33	1
196	299	33	1
201	299	33	1
228	299	33	1
229	299	33	1
234	299	33	1
236	299	33	1
237	299	33	1
242	299	33	1
243	299	33	1
246	299	33	1
196	300	33	1
225	300	33	1
196	301	33	1
229	301	33	1
235	301	33	1
236	301	33	1
237	301	33	1
238	301	33	1
240	301	33	1
242	301	33	1
245	301	33	1
227	302	33	2
228	302	33	1
229	302	33	1
234	302	33	1
237	302	33	1
245	302	33	1
228	303	33	1
232	303	33	1
233	303	33	1
236	303	33	1
241	303	33	1
206	304	33	1
227	304	33	1
236	304	33	1
207	305	33	1
208	305	33	1
240	305	33	1
199	306	33	1
220	306	33	2
235	306	33	2
238	306	33	1
201	307	33	1
224	307	33	1
217	308	33	2
223	308	33	1
224	308	33	1
235	308	33	2
239	308	33	1
240	308	33	2
224	309	33	4
229	309	33	1
233	309	33	1
235	309	33	1
237	309	33	1
217	310	33	1
231	310	33	1
238	310	33	1
218	311	33	1
226	311	33	1
231	311	33	1
233	311	33	1
235	311	33	1
225	312	33	1
228	312	33	1
230	313	33	1
233	313	33	2
234	313	33	1
234	314	33	1
236	314	33	1
230	315	33	1
224	252	34	1
225	252	34	1
227	252	34	1
226	253	34	1
228	253	34	1
232	253	34	1
225	254	34	2
221	255	34	2
226	255	34	1
227	255	34	1
237	255	34	1
242	255	34	2
218	256	34	1
221	256	34	1
226	256	34	1
232	256	34	2
243	256	34	1
216	257	34	1
217	257	34	1
220	257	34	1
228	257	34	1
237	257	34	1
242	257	34	1
243	257	34	1
212	258	34	1
216	258	34	2
218	258	34	1
219	258	34	1
221	258	34	1
222	258	34	1
227	258	34	1
228	258	34	1
233	258	34	1
241	258	34	1
218	259	34	1
220	259	34	1
228	259	34	1
238	259	34	1
241	259	34	1
211	260	34	1
218	260	34	1
224	260	34	1
226	260	34	1
235	260	34	1
243	260	34	2
190	261	34	1
214	261	34	1
216	261	34	1
223	261	34	1
225	261	34	1
229	261	34	1
241	261	34	2
244	261	34	1
193	262	34	1
216	262	34	2
217	262	34	1
219	262	34	1
224	262	34	1
226	262	34	1
228	262	34	1
236	262	34	2
240	262	34	2
245	262	34	1
246	262	34	2
188	263	34	1
189	263	34	1
197	263	34	1
204	263	34	1
211	263	34	1
219	263	34	1
222	263	34	1
231	263	34	1
238	263	34	1
240	263	34	1
244	263	34	1
187	264	34	1
191	264	34	1
206	264	34	1
209	264	34	1
210	264	34	1
215	264	34	1
224	264	34	1
236	264	34	1
237	264	34	1
243	264	34	1
249	264	34	1
176	265	34	1
193	265	34	2
194	265	34	1
196	265	34	1
204	265	34	1
211	265	34	1
217	265	34	1
221	265	34	1
223	265	34	1
228	265	34	1
234	265	34	2
241	265	34	1
248	265	34	1
184	266	34	1
186	266	34	1
188	266	34	2
195	266	34	1
210	266	34	1
225	266	34	2
241	266	34	1
249	266	34	1
250	266	34	1
182	267	34	1
183	267	34	2
186	267	34	1
188	267	34	2
195	267	34	1
196	267	34	1
210	267	34	1
217	267	34	1
221	267	34	2
224	267	34	1
229	267	34	1
230	267	34	2
232	267	34	1
246	267	34	1
247	267	34	1
250	267	34	1
176	268	34	1
188	268	34	1
195	268	34	1
208	268	34	1
217	268	34	1
218	268	34	1
240	268	34	1
246	268	34	1
249	268	34	1
183	269	34	1
185	269	34	1
188	269	34	2
189	269	34	1
192	269	34	1
204	269	34	1
218	269	34	1
220	269	34	1
232	269	34	1
239	269	34	1
249	269	34	1
250	269	34	2
175	270	34	1
179	270	34	1
180	270	34	1
186	270	34	1
192	270	34	1
194	270	34	2
195	270	34	1
197	270	34	1
199	270	34	1
201	270	34	1
214	270	34	1
215	270	34	1
217	270	34	1
228	270	34	1
231	270	34	1
233	270	34	1
240	270	34	1
241	270	34	1
243	270	34	1
252	270	34	1
175	271	34	2
186	271	34	1
187	271	34	1
188	271	34	1
211	271	34	1
214	271	34	1
217	271	34	2
220	271	34	1
231	271	34	1
234	271	34	3
235	271	34	2
239	271	34	1
244	271	34	1
246	271	34	1
248	271	34	2
177	272	34	1
183	272	34	1
185	272	34	1
197	272	34	1
203	272	34	1
205	272	34	1
206	272	34	1
213	272	34	1
214	272	34	1
225	272	34	2
226	272	34	1
230	272	34	1
238	272	34	2
239	272	34	1
240	272	34	1
245	272	34	1
176	273	34	1
184	273	34	1
188	273	34	1
205	273	34	1
207	273	34	2
209	273	34	1
213	273	34	1
214	273	34	1
218	273	34	1
229	273	34	1
241	273	34	1
243	273	34	1
174	274	34	1
178	274	34	2
179	274	34	1
182	274	34	1
187	274	34	1
197	274	34	1
204	274	34	1
206	274	34	1
209	274	34	2
211	274	34	1
212	274	34	1
216	274	34	2
217	274	34	1
218	274	34	1
232	274	34	2
234	274	34	1
239	274	34	1
241	274	34	1
246	274	34	1
250	274	34	1
176	275	34	1
181	275	34	1
201	275	34	1
215	275	34	1
216	275	34	1
235	275	34	1
240	275	34	1
245	275	34	1
187	276	34	1
202	276	34	1
206	276	34	1
211	276	34	1
212	276	34	1
219	276	34	1
229	276	34	1
250	276	34	1
175	277	34	1
176	277	34	1
184	277	34	2
204	277	34	1
208	277	34	1
212	277	34	2
229	277	34	1
238	277	34	1
241	277	34	1
175	278	34	1
178	278	34	1
190	278	34	1
201	278	34	1
210	278	34	1
212	278	34	1
243	278	34	1
174	279	34	1
179	279	34	1
180	279	34	1
181	279	34	1
210	279	34	1
215	279	34	1
217	279	34	1
231	279	34	1
232	279	34	1
237	279	34	1
241	279	34	1
242	279	34	2
243	279	34	1
244	279	34	1
246	279	34	1
174	280	34	1
177	280	34	1
178	280	34	2
192	280	34	1
204	280	34	3
233	280	34	1
242	280	34	1
245	280	34	1
248	280	34	1
173	281	34	1
174	281	34	1
177	281	34	2
189	281	34	1
204	281	34	1
206	281	34	1
210	281	34	1
213	281	34	1
237	281	34	2
182	282	34	1
187	282	34	1
204	282	34	1
207	282	34	2
209	282	34	1
213	282	34	1
214	282	34	1
215	282	34	1
222	282	34	2
224	282	34	2
233	282	34	1
234	282	34	1
249	282	34	1
251	282	34	1
181	283	34	1
192	283	34	1
206	283	34	2
210	283	34	1
223	283	34	2
230	283	34	1
231	283	34	1
232	283	34	1
237	283	34	1
238	283	34	1
243	283	34	1
253	283	34	1
203	284	34	1
205	284	34	1
210	284	34	2
212	284	34	1
219	284	34	1
220	284	34	1
238	284	34	1
245	284	34	1
185	285	34	1
203	285	34	1
205	285	34	1
209	285	34	1
220	285	34	1
226	285	34	1
230	285	34	2
231	285	34	1
232	285	34	1
240	285	34	1
242	285	34	1
177	286	34	1
188	286	34	1
199	286	34	2
204	286	34	2
213	286	34	1
220	286	34	1
228	286	34	1
231	286	34	1
240	286	34	1
242	286	34	1
246	286	34	1
247	286	34	1
248	286	34	1
219	287	34	1
226	287	34	1
228	287	34	1
231	287	34	1
235	287	34	1
236	287	34	1
239	287	34	1
245	287	34	1
247	287	34	1
187	288	34	1
203	288	34	1
226	288	34	1
228	288	34	2
230	288	34	2
235	288	34	3
237	288	34	1
239	288	34	1
248	288	34	2
253	288	34	1
175	289	34	1
185	289	34	3
226	289	34	1
233	289	34	1
235	289	34	1
245	289	34	1
185	290	34	1
186	290	34	1
198	290	34	2
203	290	34	1
204	290	34	1
220	290	34	1
233	290	34	1
237	290	34	1
246	290	34	1
247	290	34	1
248	290	34	1
185	291	34	1
221	291	34	1
224	291	34	1
236	291	34	1
237	291	34	1
244	291	34	1
249	291	34	1
250	291	34	1
255	291	34	1
187	292	34	1
196	292	34	1
200	292	34	1
222	292	34	1
228	292	34	1
229	292	34	1
236	292	34	1
241	292	34	1
243	292	34	1
182	293	34	1
188	293	34	2
197	293	34	1
207	293	34	1
225	293	34	1
227	293	34	1
231	293	34	1
232	293	34	1
235	293	34	1
237	293	34	1
238	293	34	1
242	293	34	1
177	294	34	1
190	294	34	1
199	294	34	1
206	294	34	1
224	294	34	2
235	294	34	1
246	294	34	1
202	295	34	1
203	295	34	1
218	295	34	1
228	295	34	1
232	295	34	1
239	295	34	1
183	296	34	1
198	296	34	1
199	296	34	2
201	296	34	1
205	296	34	1
229	296	34	2
241	296	34	1
244	296	34	1
194	297	34	1
199	297	34	1
200	297	34	1
202	297	34	1
203	297	34	2
219	297	34	1
227	297	34	1
231	297	34	1
234	297	34	1
239	297	34	1
247	297	34	1
182	298	34	1
194	298	34	1
196	298	34	1
220	298	34	1
236	298	34	1
239	298	34	1
244	298	34	1
246	298	34	1
251	298	34	1
182	299	34	1
195	299	34	1
196	299	34	1
228	299	34	1
242	299	34	1
243	299	34	1
224	300	34	1
226	300	34	1
228	300	34	1
229	300	34	1
233	300	34	1
236	300	34	1
239	300	34	1
244	300	34	1
198	301	34	2
207	301	34	2
229	301	34	1
236	301	34	1
237	302	34	1
239	302	34	2
243	302	34	1
225	303	34	1
226	303	34	1
227	303	34	1
232	303	34	1
233	303	34	1
243	303	34	1
245	303	34	1
230	304	34	1
222	305	34	1
223	305	34	1
225	305	34	1
229	305	34	1
232	305	34	1
233	305	34	1
236	305	34	2
198	306	34	1
203	306	34	1
222	306	34	1
226	306	34	1
227	306	34	1
228	306	34	2
232	306	34	1
234	306	34	1
241	306	34	1
242	306	34	2
201	307	34	2
221	307	34	1
223	307	34	1
232	307	34	1
237	307	34	1
222	308	34	2
226	308	34	1
221	309	34	2
229	309	34	1
235	309	34	1
216	310	34	1
227	310	34	1
228	310	34	2
229	310	34	1
231	310	34	1
233	310	34	1
236	310	34	2
239	310	34	1
222	311	34	1
228	311	34	1
231	311	34	1
235	311	34	1
222	312	34	1
229	312	34	1
230	312	34	1
232	312	34	1
224	313	34	1
225	313	34	1
227	313	34	1
232	313	34	1
233	313	34	2
230	314	34	1
232	314	34	1
226	316	34	1
228	316	34	2
231	317	34	1
230	248	35	1
228	250	35	1
229	250	35	1
225	251	35	1
229	252	35	1
219	253	35	1
232	253	35	1
223	254	35	1
231	254	35	1
218	255	35	1
219	255	35	1
221	255	35	1
227	255	35	1
215	256	35	1
222	256	35	1
243	256	35	1
191	257	35	1
209	257	35	1
218	257	35	2
225	257	35	1
239	257	35	1
217	258	35	2
218	258	35	1
223	258	35	1
224	258	35	2
227	258	35	1
228	258	35	2
240	258	35	1
242	258	35	1
244	258	35	1
182	259	35	1
201	259	35	1
211	259	35	1
217	259	35	1
220	259	35	3
226.5	259.5	35.5	1
228	259	35	1
233	259	35	1
241	259	35	1
244	259	35	1
218	260	35	1
234	260	35	1
238	260	35	1
241	260	35	1
243	260	35	3
247	260	35	1
193	261	35	1
194	261	35	1
217	261	35	1
221	261	35	1
222	261	35	3
223	261	35	1
226	261	35	1
228	261	35	1
229	261	35	1
230	261	35	1
232	261	35	1
240	261	35	1
207	262	35	1
208	262	35	1
210	262	35	1
226	262	35	1
230	262	35	1
237	262	35	1
191	263	35	1
205	263	35	1
211	263	35	1
220	263	35	1
224	263	35	1
228	263	35	1
231	263	35	1
235	263	35	1
237	263	35	1
244	263	35	2
245	263	35	1
246	263	35	1
247	263	35	2
249	263	35	2
250	263	35	1
188	264	35	1
190	264	35	1
192	264	35	1
200	264	35	2
213	264	35	1
221	264	35	1
227	264	35	1
245	264	35	1
248	264	35	1
185	265	35	1
187	265	35	2
191	265	35	1
194	265	35	1
200	265	35	1
204	265	35	2
208	265	35	1
209	265	35	1
211	265	35	1
213	265	35	2
214	265	35	1
216	265	35	1
220	265	35	1
221	265	35	1
223	265	35	1
224	265	35	1
229	265	35	1
233	265	35	1
234	265	35	1
238	265	35	1
239	265	35	1
242	265	35	2
178	266	35	2
190	266	35	1
194	266	35	1
195	266	35	1
206	266	35	1
208	266	35	1
220	266	35	1
223	266	35	1
228	266	35	1
230	266	35	1
236	266	35	1
240	266	35	1
242	266	35	1
243	266	35	1
250	266	35	1
185	267	35	1
187	267	35	1
188	267	35	1
190	267	35	2
194	267	35	1
206	267	35	1
209	267	35	1
212	267	35	1
214	267	35	1
231	267	35	1
233	267	35	1
235	267	35	1
238	267	35	1
242	267	35	2
187	268	35	1
193	268	35	2
202	268	35	1
207	268	35	1
209	268	35	1
213	268	35	1
234	268	35	1
242	268	35	1
248	268	35	1
249	268	35	1
252	268	35	2
180	269	35	1
184	269	35	1
188	269	35	1
197	269	35	2
201	269	35	1
235	269	35	1
245	269	35	2
247	269	35	1
249	269	35	1
250	269	35	1
188	270	35	1
196	270	35	1
199	270	35	1
206	270	35	1
213	270	35	1
223	270	35	2
239	270	35	2
245	270	35	1
249	270	35	1
250	270	35	2
176	271	35	1
179	271	35	1
186	271	35	2
190	271	35	1
196	271	35	1
207	271	35	1
214	271	35	1
217	271	35	2
225	271	35	1
233	271	35	1
236	271	35	1
247	271	35	1
248	271	35	1
179	272	35	2
180	272	35	2
183	272	35	1
189	272	35	1
190	272	35	2
203	272	35	1
206	272	35	1
208	272	35	1
214	272	35	1
215	272	35	4
218	272	35	1
229	272	35	1
235	272	35	1
237	272	35	1
238	272	35	1
244	272	35	1
246	272	35	1
179	273	35	1
182	273	35	2
184	273	35	1
230	273	35	1
231	273	35	1
238	273	35	1
242	273	35	1
245	273	35	1
250	273	35	1
170	274	35	1
171	274	35	1
179	274	35	1
182	274	35	1
186	274	35	1
196	274	35	1
201	274	35	1
210	274	35	1
211	274	35	1
212	274	35	1
233	274	35	1
236	274	35	1
239	274	35	1
241	274	35	1
243	274	35	1
178	275	35	1
185	275	35	1
189	275	35	1
191	275	35	1
212	275	35	1
213	275	35	1
219	275	35	1
239	275	35	1
242	275	35	1
177	276	35	1
204	276	35	2
209	276	35	1
217	276	35	1
218	276	35	2
219	276	35	1
222	276	35	1
239	276	35	2
243	276	35	1
244	276	35	1
187	277	35	1
204	277	35	2
211	277	35	2
218	277	35	1
219	277	35	1
220	277	35	1
229	277	35	1
234	277	35	1
235	277	35	1
237	277	35	2
248	277	35	1
171	278	35	1
174	278	35	1
175	278	35	2
176	278	35	1
187	278	35	1
215	278	35	1
221	278	35	1
234	278	35	1
235	278	35	1
238	278	35	1
243	278	35	1
244	278	35	1
245	278	35	1
172	279	35	1
177	279	35	1
180	279	35	2
190	279	35	1
194	279	35	1
195	279	35	1
201	279	35	1
203	279	35	2
205	279	35	2
210	279	35	1
217	279	35	1
233	279	35	1
234	279	35	1
238	279	35	1
172	280	35	1
190	280	35	1
191	280	35	1
193	280	35	1
208	280	35	1
212	280	35	1
217	280	35	1
232	280	35	1
233	280	35	1
203	281	35	1
206	281	35	1
210	281	35	2
217	281	35	2
228	281	35	1
232	281	35	1
235	281	35	1
240	281	35	1
244	281	35	1
245	281	35	1
173	282	35	1
179	282	35	1
189	282	35	1
202	282	35	1
207	282	35	1
215	282	35	1
218	282	35	1
219	282	35	1
225	282	35	1
226	282	35	1
227	282	35	1
233	282	35	1
173	283	35	1
175	283	35	2
180	283	35	1
190	283	35	1
203	283	35	1
207	283	35	1
232	283	35	1
240	283	35	1
176	284	35	1
177	284	35	1
184	284	35	1
187	284	35	1
189	284	35	2
191	284	35	2
204	284	35	2
214	284	35	2
221	284	35	1
225	284	35	1
229	284	35	1
230	284	35	2
232	284	35	1
233	284	35	1
237	284	35	1
241	284	35	3
246	284	35	1
248	284	35	1
249	284	35	2
198	285	35	1
206	285	35	1
218	285	35	1
231	285	35	1
234	285	35	1
236	285	35	1
242	285	35	1
250	285	35	1
183	286	35	1
188	286	35	1
202	286	35	1
204	286	35	2
211	286	35	1
216	286	35	1
223	286	35	3
224	286	35	2
231	286	35	1
233	286	35	1
234	286	35	1
185	287	35	1
189	287	35	1
196	287	35	2
206	287	35	1
208	287	35	1
220	287	35	1
224	287	35	2
230	287	35	1
243	287	35	1
244	287	35	1
247	287	35	1
176	288	35	1
186	288	35	1
190	288	35	1
192	288	35	1
201	288	35	1
220	288	35	1
224	288	35	1
230	288	35	1
242	288	35	1
245	288	35	2
175	289	35	1
176	289	35	1
200	289	35	1
220	289	35	1
222	289	35	1
224	289	35	1
226	289	35	1
238	289	35	2
239	289	35	2
243	289	35	1
244	289	35	1
245	289	35	1
246	289	35	1
248	289	35	1
184	290	35	1
198	290	35	2
201	290	35	1
203	290	35	1
204	290	35	1
222	290	35	1
232	290	35	1
241	290	35	1
244	290	35	1
183	291	35	1
194	291	35	1
196	291	35	1
198	291	35	1
199	291	35	1
200	291	35	1
202	291	35	1
226	291	35	1
237	291	35	1
242	291	35	1
244	291	35	1
182	292	35	1
193	292	35	1
197	292	35	1
200	292	35	1
204	292	35	2
220	292	35	2
222	292	35	1
230	292	35	1
235	292	35	1
238	292	35	1
245	292	35	1
247	292	35	1
204	293	35	1
206	293	35	1
218	293	35	1
223	293	35	2
225	293	35	1
228	293	35	2
231	293	35	1
232	293	35	1
235	293	35	1
236	293	35	1
238	293	35	1
239	293	35	1
183	294	35	1
190	294	35	1
198	294	35	1
219	294	35	2
220	294	35	2
237	294	35	1
244	294	35	1
193	295	35	1
224	295	35	1
228	295	35	1
230	295	35	1
238	295	35	1
180	296	35	1
193	296	35	1
195	296	35	1
196	296	35	1
199	296	35	1
204	296	35	1
217	296	35	2
222	296	35	1
229	296	35	1
241	296	35	1
242	296	35	1
243	296	35	1
194	297	35	1
198	297	35	1
222	297	35	1
227	297	35	1
229	297	35	1
237	297	35	1
243	297	35	2
244	297	35	1
245	297	35	1
181	298	35	1
198	298	35	1
203	298	35	1
222	298	35	1
228	298	35	1
245	298	35	2
196	299	35	1
236	299	35	1
238	299	35	1
239	299	35	1
241	299	35	1
242	299	35	2
229	300	35	1
235	300	35	1
239	300	35	1
241	300	35	1
242	300	35	2
194	301	35	1
224	301	35	2
227	301	35	1
228	301	35	2
229	301	35	1
236	301	35	1
239	301	35	1
244	301	35	1
222	302	35	1
225	302	35	1
227	302	35	1
229	302	35	1
231	302	35	1
233	302	35	1
238	302	35	2
244	302	35	1
223	303	35	1
225	303	35	1
226	303	35	1
229	303	35	1
233	303	35	1
236	303	35	1
243	303	35	1
244	303	35	1
191	304	35	2
227	304	35	1
228	304	35	4
243	304	35	2
222	305	35	1
223	305	35	1
232	305	35	1
233	305	35	1
240	305	35	1
204	306	35	1
206	306	35	1
220	306	35	1
230	306	35	1
233	306	35	1
239	306	35	1
242	306	35	1
221	307	35	2
223	307	35	1
224	307	35	1
231	307	35	2
236	307	35	1
242	307	35	1
220	308	35	1
228	308	35	1
229	308	35	1
239	308	35	1
222	309	35	1
223	309	35	1
235	309	35	1
237	309	35	1
219	310	35	1
221	310	35	1
232	310	35	1
234	310	35	1
213	311	35	1
215	311	35	1
219	311	35	1
221	311	35	1
224	311	35	2
236	311	35	1
240	311	35	1
217	312	35	1
225	312	35	1
226	312	35	1
232	312	35	1
223	313	35	2
229	313	35	2
236	313	35	2
240	313	35	1
221	314	35	1
232	314	35	1
233	314	35	1
236	314	35	1
226	315	35	1
237	315	35	1
236	316	35	1
233	317	35	1
238	317	35	1
240	317	35	1
231	318	35	1
236	318	35	1
229	252	36	1
224	257	36	1
226	257	36	1
216	258	36	1
218	258	36	2
220	258	36	1
221	258	36	1
225	258	36	1
226	258	36	1
229	258	36	1
218	259	36	1
220	259	36	1
224	259	36	1
217	260	36	1
223	260	36	1
229	260	36	1
232	260	36	1
216	261	36	1
222	261	36	1
226	261	36	1
234	261	36	1
212	262	36	1
214	262	36	1
229	262	36	1
230	262	36	1
231	262	36	1
242	262	36	1
193	263	36	1
216	263	36	1
221	263	36	1
227	263	36	1
231	263	36	1
236	263	36	2
240	263	36	1
244	263	36	1
213	264	36	2
214	264	36	1
215	264	36	1
218	264	36	2
223	264	36	1
225	264	36	1
226	264	36	3
232	264	36	1
238	264	36	2
249	264	36	2
250	264	36	1
185	265	36	1
191	265	36	1
208	265	36	1
230	265	36	1
245	265	36	1
246	265	36	1
248	265	36	1
189	266	36	1
191	266	36	1
195	266	36	1
219	266	36	1
221	266	36	1
222	266	36	1
230	266	36	1
231	266	36	1
237	266	36	1
238	266	36	2
241	266	36	1
244	266	36	2
248	266	36	1
195	267	36	1
212	267	36	1
229	267	36	1
242	267	36	1
249	267	36	1
189	268	36	1
195	268	36	1
219	268	36	1
223	268	36	1
236	268	36	1
237	268	36	1
239	268	36	1
243	268	36	1
185	269	36	2
238	269	36	1
249	269	36	1
185	270	36	1
188	270	36	1
192	270	36	1
194	270	36	1
206	270	36	1
212	270	36	2
216	270	36	2
217	270	36	1
238	270	36	2
240	270	36	2
241	270	36	1
244	270	36	1
193	271	36	1
206	271	36	1
207	271	36	1
214	271	36	1
218	271	36	1
225	271	36	1
233	271	36	1
249	271	36	1
177	272	36	1
197	272	36	1
203	272	36	1
206	272	36	1
207	272	36	1
208	272	36	1
215	272	36	2
219	272	36	1
235	272	36	1
178	273	36	1
181	273	36	1
191	273	36	1
205	273	36	1
188	274	36	1
204	274	36	1
205	274	36	1
206	274	36	1
208	274	36	1
215	274	36	1
236	274	36	1
239	274	36	1
208	275	36	1
209	275	36	1
219	275	36	1
220	275	36	2
181	276	36	1
186	276	36	3
203	276	36	2
206	276	36	1
208	276	36	1
215	276	36	2
217	276	36	1
232	276	36	1
237	276	36	2
207	277	36	1
209	277	36	1
213	277	36	1
215	277	36	3
217	277	36	1
205	278	36	1
207	278	36	2
208	278	36	1
211	278	36	1
213	278	36	1
218	278	36	1
234	278	36	2
239	278	36	1
173	279	36	1
187	279	36	1
204	279	36	2
206	279	36	2
214	279	36	2
231	279	36	1
234	279	36	2
173	280	36	2
199	280	36	1
204	280	36	2
206	280	36	1
208	280	36	2
210	280	36	1
219	280	36	1
232	280	36	1
189	281	36	1
191	281	36	2
207	281	36	2
209	281	36	1
214	281	36	1
222	281	36	1
223	281	36	1
228	281	36	1
243	281	36	1
191	282	36	1
206	282	36	1
209	282	36	2
213	282	36	2
214	282	36	1
222	282	36	1
231	282	36	1
181	283	36	1
187	283	36	1
189	283	36	1
202	283	36	1
204	283	36	1
205	283	36	1
211	283	36	1
226	283	36	1
227	283	36	1
231	283	36	1
239	283	36	1
240	283	36	1
177	284	36	1
205	284	36	2
206	284	36	1
214	284	36	1
215	284	36	1
224	284	36	1
201	285	36	1
202	285	36	2
215	285	36	1
217	285	36	1
220	285	36	1
223	285	36	1
226	285	36	1
242	285	36	1
247	285	36	1
187	286	36	1
189	286	36	1
198	286	36	2
200	286	36	1
203	286	36	1
218	286	36	2
237	286	36	2
239	286	36	1
240	286	36	2
242	286	36	1
243	286	36	1
185	287	36	1
190	287	36	1
203	287	36	2
208	287	36	1
224	287	36	5
226	287	36	1
228	287	36	1
230	287	36	1
231	287	36	1
234	287	36	1
236	287	36	1
238	287	36	1
244	287	36	2
246	287	36	1
187	288	36	1
206	288	36	1
220	288	36	1
229	288	36	1
234	288	36	1
241	288	36	1
185	289	36	1
193	289	36	1
195	289	36	1
199	289	36	1
223	289	36	1
239	289	36	1
242	289	36	1
185	290	36	1
187	290	36	1
197	290	36	1
202	290	36	1
220	290	36	2
240	290	36	1
247	290	36	1
186	291	36	1
197	291	36	1
202	291	36	1
204	291	36	2
222	291	36	1
231	291	36	1
237	291	36	1
241	291	36	2
194	292	36	2
196	292	36	1
202	292	36	1
204	292	36	1
207	292	36	1
220	292	36	1
229	292	36	1
230	292	36	1
233	292	36	1
238	292	36	1
244	292	36	3
196	293	36	1
197	293	36	1
199	293	36	1
205	293	36	1
207	293	36	1
222	293	36	1
223	293	36	1
225	293	36	1
234	293	36	1
237	293	36	1
187	294	36	1
188	294	36	1
223	294	36	1
228	294	36	1
233	294	36	2
243	294	36	1
198	295	36	1
223	295	36	1
233	295	36	1
240	295	36	2
242	295	36	1
245	295	36	1
198	296	36	2
199	296	36	3
201	296	36	1
222	296	36	1
231	296	36	1
234	296	36	1
237	296	36	3
244	296	36	1
198	297	36	1
219	297	36	1
231	297	36	1
244	297	36	4
203	298	36	1
234	298	36	1
204	299	36	1
230	299	36	1
232	299	36	1
245	299	36	1
223	301	36	1
225	301	36	1
227	301	36	1
232	301	36	2
235	301	36	2
240	301	36	1
243	301	36	1
245	301	36	1
244	302	36	1
225	303	36	1
228	303	36	1
233	303	36	1
238	303	36	1
223	304	36	1
233	304	36	1
242	305	36	1
235	306	36	1
240	306	36	1
194	307	36	1
224	307	36	1
226	307	36	1
234	307	36	1
240	307	36	1
242	307	36	1
242	308	36	1
220	309	36	1
232	309	36	1
233	309	36	1
242	309	36	1
236	310	36	1
240	310	36	1
213	311	36	1
217	311	36	1
221	311	36	1
223	311	36	1
225	311	36	1
226	311	36	1
233	311	36	1
235	311	36	1
238	311	36	1
242	311	36	1
216	312	36	1
217	312	36	1
218	312	36	1
221	312	36	2
235	312	36	1
244	312	36	3
216	313	36	1
227	313	36	1
238	313	36	1
226	314	36	1
238	314	36	1
242	314	36	1
220	315	36	1
230	315	36	1
235	315	36	1
231	316	36	1
235	317	36	1
235	318	36	1
237	318	36	1
238	318	36	2
232	319	36	1
238	319	36	1
228	257	37	1
226	259	37	1
228	260	37	1
230	260	37	1
229	261	37	1
227	262	37	1
217	263	37	1
222	263	37	1
238	264	37	1
207	265	37	1
230	266	37	1
188	267	37	1
191	267	37	1
229	267	37	1
237	267	37	1
238	267	37	1
188	268	37	1
217	268	37	1
219	268	37	1
220	268	37	1
204	269	37	2
211	269	37	3
216	269	37	1
236	269	37	2
237	269	37	1
188	270	37	1
217	270	37	1
220	270	37	1
237	270	37	1
214	272	37	1
208	273	37	1
216	273	37	1
236	273	37	1
216	274	37	1
207	275	37	1
208	275	37	1
213	275	37	2
215	275	37	1
219	275	37	1
207	276	37	1
208	276	37	1
209	276	37	1
215	276	37	1
218	277	37	1
205	278	37	1
206	278	37	1
212	278	37	1
191	279	37	3
206	279	37	1
207	279	37	3
216	279	37	1
231	279	37	2
192	280	37	1
212	280	37	1
189	281	37	1
192	281	37	1
193	281	37	2
208	281	37	1
189	282	37	1
208	282	37	1
221	282	37	2
223	282	37	1
228	283	37	2
206	284	37	1
195	285	37	1
204	285	37	1
233	285	37	2
239	285	37	1
241	285	37	1
187	286	37	1
189	286	37	1
216	286	37	1
219	286	37	1
220	286	37	1
225	286	37	1
232	286	37	1
236	286	37	1
204	287	37	1
220	287	37	1
230	287	37	1
203	288	37	1
205	288	37	2
233	288	37	1
238	288	37	1
240	288	37	1
200	289	37	1
202	289	37	1
203	289	37	1
219	289	37	1
221	289	37	1
223	289	37	1
232	289	37	1
237	289	37	1
186	290	37	1
200	290	37	1
202	290	37	1
222	290	37	1
230	290	37	1
233	290	37	1
242	290	37	1
188	291	37	1
195	291	37	1
229	291	37	1
232	291	37	1
234	291	37	1
235	291	37	2
238	291	37	2
200	292	37	1
203	292	37	1
234	292	37	1
243	292	37	1
197	293	37	2
199	293	37	1
204	293	37	1
205	293	37	1
239	293	37	1
240	293	37	2
201	294	37	1
202	294	37	1
225	294	37	1
228	294	37	1
232	294	37	1
233	294	37	2
235	294	37	1
203	295	37	1
204	295	37	1
231	295	37	1
235	295	37	1
244	295	37	1
245	295	37	1
198	296	37	1
199	296	37	2
200	296	37	1
203	296	37	1
228	296	37	1
229	296	37	1
234	296	37	1
237	296	37	1
242	296	37	2
243	296	37	1
245	296	37	1
235	297	37	2
241	297	37	1
242	297	37	1
243	297	37	1
229	298	37	1
231	298	37	1
228	299	37	2
244	299	37	1
227	300	37	2
239	300	37	2
241	300	37	1
242	300	37	1
227	301	37	1
230	301	37	1
233	301	37	1
244	301	37	2
232	302	37	1
244	302	37	1
230	303	37	1
232	303	37	1
235	303	37	1
223	306	37	1
240	306	37	1
242	306	37	1
225	307	37	4
223	308	37	1
225	308	37	1
240	308	37	1
241	308	37	1
221	309	37	2
226	309	37	1
227	309	37	1
229	309	37	1
217	310	37	1
225	310	37	2
227	310	37	1
214	311	37	1
221	311	37	1
225	311	37	1
226	311	37	1
218	312	37	1
221	312	37	1
229	312	37	1
230	312	37	1
240	312	37	1
221	313	37	1
225	313	37	2
227	313	37	1
230	313	37	1
238	313	37	1
219	314	37	1
229	314	37	1
235	314	37	2
236	314	37	1
237	314	37	1
238	314	37	1
229	315	37	1
230	317	37	2
238	317	37	1
237	318	37	1
238	318	37	1
228	320	37	1
228	260	38	1
227	261	38	1
224	262	38	1
232	263	38	1
230	265	38	1
231	266	38	1
193	267	38	2
194	269	38	1
217	269	38	2
218	269	38	1
219	269	38	1
240	269	38	1
218	270	38	1
211	271	38	1
218	271	38	1
203	272	38	1
211	272	38	1
214	272	38	1
218	272	38	1
232	272	38	1
236	272	38	1
215	273	38	1
206	274	38	1
210	274	38	1
216	274	38	1
217	274	38	2
218	274	38	2
207	275	38	1
207	276	38	1
214	276	38	1
219	276	38	1
213	277	38	1
220	277	38	1
203	278	38	1
208	278	38	1
209	278	38	1
211	278	38	1
218	278	38	1
230	278	38	1
217	279	38	1
220	279	38	1
214	280	38	1
215	280	38	1
221	280	38	1
208	281	38	2
189	282	38	1
191	282	38	1
193	282	38	1
212	282	38	1
213	282	38	1
214	282	38	1
215	282	38	1
210	283	38	1
219	283	38	1
188	284	38	1
199	284	38	1
211	284	38	1
214	284	38	1
216	284	38	1
190	285	38	1
192	285	38	2
193	285	38	1
202	285	38	1
215	285	38	1
216	285	38	1
232	285	38	1
196	286	38	1
208	286	38	1
211	286	38	1
216	286	38	1
218	286	38	1
219	286	38	2
230	286	38	1
195	287	38	1
219	287	38	1
230	287	38	1
232	287	38	1
189	288	38	1
197	288	38	1
207	288	38	1
214	288	38	1
220	288	38	1
235	288	38	1
187	289	38	1
200	289	38	1
204	289	38	1
215	289	38	1
234	289	38	1
188	290	38	1
192	290	38	1
211	290	38	1
224	290	38	1
237	290	38	1
202	291	38	1
214	291	38	1
238	291	38	1
194	292	38	1
197	292	38	1
199	292	38	2
223	292	38	1
236	292	38	1
196	293	38	2
197	293	38	1
200	293	38	2
208	293	38	1
220	293	38	1
223	293	38	2
229	293	38	2
199	294	38	1
204	294	38	1
210	294	38	2
221	294	38	1
225	294	38	1
228	294	38	2
235	294	38	1
239	294	38	1
240	294	38	1
242	294	38	1
243	294	38	1
204	295	38	1
218	295	38	1
231	295	38	1
233	295	38	1
241	295	38	1
201	296	38	2
202	296	38	2
206	296	38	1
207	296	38	1
228	296	38	1
232	296	38	1
235	296	38	1
240	296	38	1
195	297	38	1
201	297	38	2
204	297	38	1
219	297	38	1
223	297	38	1
231	297	38	1
234	297	38	1
236	297	38	1
237	297	38	1
241	297	38	1
244	297	38	1
216	298	38	1
225	298	38	1
231	298	38	1
244	298	38	1
193	299	38	1
227	299	38	1
231	299	38	2
236	299	38	1
241	299	38	1
244	299	38	1
228	300	38	1
240	300	38	1
238	301	38	1
233	302	38	1
234	302	38	1
235	302	38	2
237	302	38	1
227	303	38	1
229	303	38	2
233	303	38	1
234	303	38	1
225	304	38	2
227	304	38	1
230	304	38	1
233	304	38	1
244	304	38	1
246	304	38	1
226	305	38	1
227	305	38	1
234	305	38	2
236	305	38	1
210	306	38	1
229	306	38	1
232	306	38	1
236	306	38	1
239	306	38	1
234	307	38	1
246	307	38	1
222	308	38	1
223	308	38	1
224	309	38	1
227	309	38	1
244	309	38	2
217	310	38	1
220	310	38	1
223	310	38	1
226	310	38	1
227	310	38	1
228	310	38	1
230	310	38	1
219	311	38	1
221	311	38	1
222	311	38	2
225	311	38	1
226	311	38	1
227	311	38	1
231	311	38	2
237	311	38	2
217	312	38	1
218	312	38	1
221	312	38	1
223	312	38	2
229	312	38	2
232	312	38	1
241	312	38	1
216	313	38	1
217	313	38	1
218	313	38	1
221	313	38	1
229	313	38	1
234	313	38	2
241	313	38	1
242	313	38	1
245	313	38	1
230	314	38	1
221	315	38	1
237	315	38	1
238	315	38	1
239	315	38	1
241	315	38	1
243	315	38	1
244	315	38	1
236	316	38	1
238	316	38	1
240	316	38	1
219	317	38	2
221	317	38	1
226	317	38	1
230	317	38	1
231	317	38	1
232	317	38	1
235	317	38	1
237	317	38	1
239	317	38	1
233	318	38	2
237	318	38	1
241	318	38	1
243	318	38	1
238	319	38	1
239	319	38	1
230	320	38	1
231	320	38	1
233	320	38	1
221	321	38	1
231	322	38	1
233	322	38	2
232	323	38	2
215	265	39	2
189	273	39	1
216	275	39	2
218	276	39	1
214	277	39	1
214	278	39	1
221	278	39	1
206	279	39	1
215	279	39	1
190	282	39	2
215	282	39	1
202	283	39	1
205	284	39	1
216	284	39	1
195	285	39	1
196	286	39	2
221	286	39	2
190	287	39	2
205	287	39	1
195	288	39	1
218	288	39	1
224	288	39	1
189	289	39	3
195	289	39	1
211	289	39	1
186	290	39	1
211	290	39	2
215	290	39	1
214	291	39	1
217	291	39	1
235	291	39	2
188	292	39	1
199	292	39	1
208	292	39	2
211	292	39	2
234	292	39	1
237	292	39	1
242	292	39	1
200	293	39	2
224	293	39	1
234	293	39	1
238	293	39	1
240	293	39	1
241	293	39	1
200	294	39	1
233	294	39	1
235	294	39	1
232	295	39	2
240	295	39	1
241	295	39	1
243	295	39	1
200	296	39	1
205	296	39	1
206	296	39	1
219	296	39	1
234	296	39	1
235	296	39	2
195	297	39	2
199	297	39	1
220	297	39	1
233	297	39	1
235	297	39	1
203	298	39	1
214	298	39	1
226	298	39	1
228	298	39	1
230	298	39	2
231	298	39	1
232	298	39	3
233	298	39	1
239	298	39	1
214	299	39	1
225	299	39	1
226	299	39	1
233	299	39	1
239	299	39	1
241	299	39	1
242	299	39	1
243	299	39	1
227	300	39	1
230	300	39	2
233	300	39	1
224	301	39	1
233	301	39	1
238	301	39	1
230	303	39	1
235	303	39	2
225	304	39	1
230	304	39	1
231	304	39	1
233	304	39	2
237	304	39	1
244	304	39	1
194	305	39	1
223	305	39	1
224	305	39	1
229	305	39	1
230	305	39	1
242	305	39	1
224	306	39	1
225	306	39	1
229	306	39	2
225	307	39	1
194	308	39	1
222	308	39	1
223	308	39	1
225	308	39	1
216	309	39	1
228	309	39	1
232	309	39	1
233	309	39	2
239	309	39	1
219	310	39	1
220	310	39	1
221	310	39	2
223	310	39	2
226	310	39	1
211	311	39	1
218	311	39	1
222	311	39	2
228	311	39	2
229	311	39	1
244	311	39	1
246	311	39	1
211	312	39	1
213	312	39	1
218	312	39	1
220	312	39	2
222	312	39	1
230	312	39	1
232	312	39	2
239	312	39	1
241	312	39	1
242	312	39	1
244	312	39	1
230	313	39	1
243	313	39	1
228	314	39	3
238	314	39	1
237	315	39	1
238	315	39	1
239	315	39	2
242	315	39	1
243	315	39	1
229	316	39	2
239	316	39	1
240	316	39	2
244	316	39	1
225	317	39	1
232	317	39	1
235	317	39	1
229	318	39	1
228	319	39	1
230	319	39	1
230	320	39	2
234	320	39	1
215	321	39	1
219	321	39	1
234	321	39	1
220	324	39	1
212	325	39	1
212	327	39	1
201	278	40	1
195	284	40	1
191	285	40	1
206	285	40	1
192	289	40	1
193	289	40	1
218	290	40	1
191	291	40	1
192	291	40	1
196	291	40	1
208	291	40	1
209	292	40	1
210	292	40	1
227	292	40	1
192	293	40	1
207	293	40	1
213	293	40	1
227	294	40	1
228	294	40	1
203	296	40	1
205	296	40	1
234	296	40	1
207	297	40	1
215	297	40	1
229	297	40	1
230	297	40	1
236	297	40	1
203	298	40	1
212	298	40	1
215	298	40	1
223	298	40	1
226	298	40	1
234	298	40	1
235	298	40	1
230	299	40	1
231	299	40	2
237	299	40	1
225	300	40	1
227	300	40	1
229	300	40	1
237	301	40	1
243	302	40	1
228	303	40	1
241	303	40	1
235	304	40	1
241	304	40	1
224	306	40	1
228	306	40	1
239	306	40	1
192	307	40	1
215	307	40	2
228	307	40	1
238	307	40	1
240	307	40	1
223	308	40	3
225	308	40	1
239	308	40	1
241	308	40	1
224	309	40	1
233	309	40	1
218	310	40	1
219	310	40	1
225	310	40	1
234	310	40	1
239	310	40	1
219	311	40	1
228	311	40	2
241	311	40	1
219	312	40	1
229	312	40	1
243	312	40	1
213	313	40	1
216	313	40	1
220	313	40	1
223	313	40	1
241	313	40	1
219	314	40	1
243	314	40	1
240	315	40	2
242	315	40	1
243	315	40	1
219	316	40	2
234	316	40	1
236	316	40	2
237	316	40	1
236	317	40	1
229	318	40	1
236	318	40	1
238	318	40	1
218	319	40	1
223	320	40	2
240	320	40	1
227	321	40	1
240	321	40	2
230	322	40	2
231	322	40	2
228	323	40	1
212	324	40	1
229	324	40	1
197	282	41	1
209	294	41	1
210	294	41	1
199	296	41	2
205	296	41	1
237	299	41	1
234	301	41	1
220	304	41	2
232	304	41	2
243	304	41	1
227	305	41	1
229	305	41	1
231	305	41	1
217	306	41	1
222	306	41	1
223	307	41	2
220	308	41	1
239	308	41	1
223	309	41	2
224	309	41	1
219	310	41	1
220	310	41	1
224	310	41	1
236	310	41	1
221	311	41	2
222	311	41	1
221	312	41	2
225	312	41	1
235	312	41	2
240	312	41	2
245	313	41	1
232	314	41	1
249	314	41	1
221	317	41	1
229	318	41	1
223	319	41	1
242	319	41	1
216	321	41	2
229	321	41	1
231	321	41	1
240	321	41	1
231	322	41	1
228	323	41	2
236	323	41	2
213	302	42	1
212	305	42	1
214	305	42	1
229	305	42	2
230	306	42	1
220	308	42	1
223	308	42	1
240	308	42	1
220	309	42	1
222	310	42	1
220	311	42	1
240	311	42	2
214	312	42	1
221	313	42	1
223	313	42	2
224	313	42	1
234	313	42	1
221	314	42	1
236	314	42	1
242	314	42	1
240	315	42	1
218	316	42	1
225	316	42	2
238	316	42	1
239	316	42	1
219	317	42	2
224	317	42	2
226	317	42	1
239	317	42	1
240	317	42	1
240	318	42	1
226	319	42	2
229	319	42	1
230	319	42	2
241	319	42	1
242	319	42	1
231	320	42	1
218	321	42	1
224	321	42	1
230	321	42	1
239	321	42	2
220	304	43	1
221	305	43	2
222	308	43	1
220	309	43	2
218	310	43	1
236	311	43	1
239	311	43	1
241	311	43	2
211	312	43	1
242	312	43	1
236	313	43	2
237	314	43	1
223	315	43	1
229	315	43	1
204	316	43	1
227	317	43	2
229	318	43	1
242	319	43	2
226	322	43	1
220	304	44	1
219	306	44	1
220	308	44	2
223	308	44	1
220	309	44	1
234	310	44	1
235	311	44	1
239	311	44	1
243	312	44	1
211	314	44	1
241	314	44	1
220	315	44	2
222	316	44	1
225	317	44	1
231	317	44	1
242	317	44	1
223	318	44	3
230	318	44	2
224	321	44	1
216	316	45	2
134	222	20	1
141	225	20	1
139	226	20	1
156	226	20	1
136	233	20	2
169	233	20	1
132	234	20	1
138	234	20	1
154	234	20	1
145	235	20	1
158	235	20	1
139	236	20	1
154	236	20	1
129	237	20	1
169	237	20	1
220	237	20	1
150	238	20	1
213	238	20	1
132	240	20	1
129	241	20	1
139	241	20	1
183	242	20	1
123	244	20	1
135	244	20	1
241	245	20	1
122	246	20	1
163	248	20	2
194	249	20	1
119	250	20	1
175	252	20	2
222	253	20	1
148	254	20	1
228	254	20	1
244	254	20	1
232	255	20	1
204	256	20	1
241	256	20	2
164	257	20	1
234	257	20	2
144	259	20	1
195	259	20	2
252	259	20	1
141	261	20	1
142	261	20	1
226	261	20	1
228	261	20	1
250	264	20	1
158	266	20	1
132	267	20	1
213	268	20	1
132	269	20	1
257	269	20	1
125	270	20	1
147	270	20	1
250	270	20	1
119	271	20	1
119	272	20	1
154	272	20	1
101	273	20	1
117	273	20	1
178	273	20	1
134	275	20	1
205	275	20	1
122	276	20	1
142	276	20	1
154	277	20	1
177	277	20	1
168	278	20	1
176	278	20	1
109	280	20	1
162	280	20	1
216	281	20	1
261	281	20	1
149	282	20	1
219	282	20	1
190	283	20	1
232	283	20	2
265	284	20	1
208	285	20	1
151	286	20	1
146	287	20	1
152	289	20	1
164	289	20	1
181	289	20	2
163	291	20	1
140	292	20	1
157	292	20	1
207	292	20	1
249	292	20	1
118	294	20	1
143	296	20	1
157	296	20	1
187	296	20	1
193	298	20	1
266	300	20	1
118	301	20	1
166	301	20	1
213	302	20	1
219	302	20	1
234	303	20	1
208	305	20	1
209	306	20	1
229	307	20	1
103	308	20	1
201	308	20	1
220	308	20	1
249	308	20	1
239	309	20	1
144	310	20	1
255	310	20	1
263	312	20	1
94	313	20	2
158	313	20	1
182	313	20	1
212	313	20	1
227	313	20	1
250	313	20	1
207	314	20	1
259	314	20	1
215	315	20	1
263	315	20	1
115	317	20	1
172	317	20	2
251	317	20	1
98	318	20	1
193	319	20	1
108	323	20	1
233	323	20	1
224	324	20	2
191	326	20	1
217	326	20	1
190	327	20	1
212	327	20	1
244	327	20	1
258	327	20	1
261	327	20	1
167	328	20	1
198	328	20	1
200	328	20	1
261	328	20	1
221	329	20	1
253	329	20	1
179	331	20	1
191	332	20	1
176	333	20	1
235	333	20	1
250	333	20	1
261	333	20	1
182	335	20	1
200	336	20	1
226	338	20	1
177	340	20	1
201	340	20	2
202	347	20	1
186	349	20	1
231	352	20	1
219	360	20	1
188	230	21	2
136	233	21	1
144	233	21	1
131	238	21	1
132	238	21	1
149	238	21	1
132	240	21	1
134	241	21	1
129	243	21	1
116	245	21	1
137	246	21	1
217	250	21	1
154	253	21	1
228	253	21	2
231	255	21	1
196	260	21	1
201	261	21	1
115	271	21	1
165	272	21	1
225	273	21	1
165	275	21	1
175	275	21	1
173	276	21	1
169	277	21	1
174	277	21	1
169	279	21	2
186	279	21	1
205	280	21	1
270	282	21	1
206	284	21	1
217	286	21	1
223	289	21	1
220	290	21	1
106	291	21	2
217	293	21	1
150	297	21	1
214	297	21	1
153	300	21	1
239	300	21	1
186	303	21	1
186	304	21	1
209	305	21	1
235	306	21	2
232	308	21	1
256	308	21	1
259	308	21	1
264	309	21	1
177	311	21	1
199	311	21	1
212	311	21	1
203	312	21	1
258	313	21	1
260	313	21	1
256	315	21	1
264	317	21	1
261	319	21	1
258	320	21	1
132	321	21	1
260	321	21	1
126	323	21	1
162	324	21	1
202	325	21	1
98	330	21	1
181	332	21	1
260	336	21	1
240	338	21	1
244	341	21	1
179	355	21	2
126	226	22	1
162	230	22	1
148	235	22	2
133	236	22	1
149	239	22	1
146	241	22	1
224	253	22	1
226	254	22	1
163	257	22	1
197	258	22	1
160	267	22	1
165	268	22	1
118	273	22	1
154	274	22	1
165	274	22	1
177	275	22	1
168	280	22	1
226	285	22	1
207	308	22	1
231	309	22	1
204	310	22	1
233	313	22	1
191	323	22	1
200	324	22	1
184	328	22	1
259	331	22	1
259	334	22	1
243	343	22	2
245	343	22	1
157	225	23	1
146	234	23	1
146	236	23	1
130	238	23	2
214	243	23	1
119	263	23	1
117	269	23	1
166	271	23	1
158	273	23	1
166	273	23	1
172	276	23	1
174	282	23	1
219	294	23	1
267	306	23	2
261	308	23	1
257	310	23	1
263	312	23	1
257	314	23	1
238	315	23	1
187	321	23	1
162	324	23	1
186	325	23	1
97	328	23	1
96	329	23	1
184	330	23	1
201	331	23	1
259	333	23	1
182	221	24	1
141	234	24	1
140	236	24	1
132	238	24	1
151	238	24	1
147	244	24	1
142	246	24	1
117	266	24	1
130	269	24	1
162	269	24	1
170	276	24	1
176	277	24	1
178	278	24	1
170	279	24	1
179	279	24	1
168	281	24	1
219	296	24	1
263	300	24	1
235	301	24	1
238	304	24	1
263	304	24	1
266	306	24	1
265	307	24	1
257	309	24	1
238	310	24	1
234	311	24	1
199	313	24	1
176	314	24	1
263	314	24	1
175	315	24	1
177	315	24	1
172	316	24	1
260	318	24	1
182	325	24	1
157	329	24	1
97	330	24	1
103	330	24	1
180	331	24	1
260	331	24	2
180	222	25	1
181	223	25	1
152	234	25	1
134	237	25	1
247	237	25	1
224	257	25	1
122	261	25	1
126	265	25	1
170	279	25	1
176	281	25	1
169	282	25	1
238	299	25	1
240	301	25	1
230	309	25	1
240	320	25	1
237	324	25	1
182	222	26	1
157	229	26	1
136	238	26	2
242	239	26	1
121	257	26	1
126	268	26	1
123	269	26	1
209	311	26	1
259	311	26	1
258	313	26	1
210	316	26	1
257	316	26	1
259	319	26	1
179	226	27	1
249	236	27	1
241	237	27	1
244	238	27	1
120	256	27	1
126	267	27	1
175	278	27	1
175	279	27	1
174	281	27	1
170	284	27	1
273	285	27	1
259	312	27	1
212	314	27	1
186	357	27	1
162	231	28	1
163	231	28	1
251	236	28	1
243	237	28	1
235	243	28	1
124	254	28	1
276	280	28	1
175	284	28	1
228	307	28	2
204	313	28	1
235	244	29	1
127	253	29	1
128	254	29	1
132	254	29	1
259	267	29	1
125	268	29	1
137	273	29	1
175	280	29	1
166	283	29	1
168	284	29	1
276	285	29	1
177	296	29	2
235	304	29	1
211	314	29	1
245	315	29	1
241	318	29	1
93	330	29	1
95	333	29	1
184	239	30	1
184	240	30	1
181	242	30	1
148	253	30	1
260	268	30	1
142	277	30	1
163	284	30	1
178	294	30	1
194	306	30	1
139	239	31	1
126	256	31	1
258	262	31	1
261	265	31	1
126	268	31	1
129	269	31	1
162	282	31	1
193	308	31	1
190	313	31	1
242	321	31	1
98	329	31	1
95	330	31	1
94	332	31	3
96	332	31	1
96	334	31	1
188	349	31	2
223	361	31	1
172	244	32	1
134	254	32	1
132	258	32	1
126	265	32	1
128	265	32	1
130	269	32	1
263	270	32	1
114	307	32	1
195	308	32	1
186	309	32	1
202	310	32	1
198	311	32	1
225	313	32	1
243	317	32	1
245	318	32	1
207	319	32	1
236	322	32	1
92	330	32	1
186	347	32	1
177	359	32	1
190	245	33	1
134	253	33	1
255	260	33	1
256	260	33	1
158	261	33	1
132	263	33	1
157	264	33	1
261	267	33	1
124	269	33	1
263	269	33	1
261	274	33	1
164	277	33	1
262	278	33	1
161	286	33	1
183	307	33	1
197	307	33	1
115	311	33	1
194	311	33	1
239	323	33	1
93	327	33	1
183	348	33	1
189	348	33	2
210	348	33	1
180	350	33	1
179	357	33	1
114	226	34	1
174	243	34	1
147	259	34	1
151	259	34	1
130	260	34	1
157	270	34	1
262	270	34	1
162	271	34	1
158	272	34	1
261	274	34	1
151	279	34	1
259	282	34	1
262	283	34	1
125	284	34	1
165	294	34	1
166	294	34	1
120	297	34	1
122	298	34	1
195	311	34	1
191	312	34	1
109	313	34	1
123	318	34	1
197	334	34	1
191	340	34	1
205	345	34	1
198	347	34	1
214	347	34	2
205	349	34	1
179	352	34	1
207	353	34	1
139	237	35	1
133	252	35	1
134	252	35	1
149	253	35	1
134	257	35	1
133	258	35	1
131	263	35	1
146	264	35	1
157	265	35	1
126	266	35	1
153	267	35	1
163	274	35	1
163	276	35	1
255	295	35	1
118	304	35	1
118	308	35	1
114	309	35	1
196	311	35	1
116	312	35	1
199	312	35	1
122	319	35	1
199	322	35	1
200	324	35	1
192	334	35	1
196	335	35	1
199	337	35	1
187	347	35	1
212	350	35	1
211	352	35	1
194	354	35	1
202	354	35	1
125	235	36	1
138	239	36	1
142	240	36	1
174	244	36	1
137	254	36	1
140	254	36	1
144	255	36	1
128	263	36	1
129	263	36	1
143	263	36	1
140	266	36	1
127	268	36	1
260	273	36	1
261	282	36	2
123	286	36	1
158	286	36	1
154	288	36	1
175	300	36	1
117	302	36	1
115	306	36	1
185	308	36	1
115	310	36	1
250	311	36	1
130	322	36	1
236	324	36	1
211	339	36	1
181	356	36	1
183	356	36	1
179	357	36	1
177	359	36	1
137	243	37	1
172	244	37	1
145	256	37	2
134	260	37	1
142	264	37	1
162	279	37	1
162	280	37	1
125	283	37	1
160	286	37	1
155	288	37	1
256	293	37	1
259	293	37	2
174	300	37	1
181	303	37	1
114	308	37	1
114	310	37	1
189	311	37	1
118	316	37	1
256	316	37	1
115	319	37	1
131	322	37	1
134	325	37	1
181	332	37	1
185	332	37	1
209	338	37	1
200	344	37	1
199	345	37	1
125	223	38	1
140	231	38	1
138	232	38	1
127	233	38	1
143	238	38	1
123	246	38	1
151	253	38	1
143	255	38	1
144	255	38	2
136	256	38	1
146	258	38	1
167	263	38	1
130	264	38	1
144	273	38	1
134	276	38	1
160	283	38	1
127	285	38	1
153	286	38	2
154	292	38	1
155	294	38	1
255	294	38	1
155	295	38	1
260	296	38	1
170	298	38	1
172	302	38	1
257	307	38	2
125	310	38	1
260	310	38	1
148	315	38	1
119	316	38	1
143	318	38	1
151	318	38	1
140	320	38	1
146	320	38	1
150	320	38	1
238	327	38	1
188	333	38	2
186	334	38	1
210	339	38	1
209	340	38	2
180	354	38	1
182	355	38	1
204	359	38	1
193	361	38	1
147	228	39	1
172	230	39	1
121	231	39	1
128	233	39	1
140	233	39	1
130	234	39	1
198	236	39	1
199	236	39	1
199	237	39	1
169	242	39	1
125	243	39	1
174	243	39	1
169	244	39	1
123	248	39	1
168	254	39	1
156	256	39	2
133	257	39	1
141	257	39	1
145	260	39	1
150	260	39	1
131	262	39	1
146	263	39	2
131	264	39	1
263	264	39	1
145	266	39	1
259	267	39	1
167	268	39	1
154	270	39	1
167	270	39	1
143	271	39	1
134	272	39	1
147	277	39	1
128	279	39	1
128	282	39	1
125	283	39	1
139	285	39	1
134	293	39	1
131	296	39	1
133	297	39	2
121	301	39	1
259	302	39	1
171	304	39	1
177	304	39	2
126	306	39	1
115	307	39	1
124	311	39	1
141	317	39	1
181	324	39	1
155	338	39	1
211	341	39	1
208	343	39	1
191	345	39	1
192	345	39	1
191	347	39	1
211	347	39	1
214	355	39	1
191	361	39	1
195	361	39	1
192	364	39	1
114	218	40	1
140	229	40	1
136	230	40	1
137	230	40	1
198	233	40	1
140	235	40	1
203	235	40	1
168	236	40	1
198	237	40	1
142	238	40	1
159	238	40	1
197	238	40	1
143	242	40	1
170	242	40	1
163	245	40	1
125	246	40	1
235	253	40	1
167	262	40	2
168	262	40	1
140	263	40	1
142	263	40	1
130	264	40	1
165	265	40	1
153	266	40	1
168	267	40	1
167	269	40	1
245	269	40	1
252	269	40	1
145	274	40	1
148	274	40	1
154	274	40	1
142	275	40	1
131	276	40	1
136	276	40	1
134	278	40	1
141	278	40	1
145	278	40	1
161	280	40	1
158	284	40	1
135	288	40	1
163	294	40	1
133	297	40	1
168	299	40	1
171	302	40	1
144	304	40	1
119	312	40	1
139	317	40	1
241	331	40	1
216	332	40	1
217	332	40	1
179	333	40	1
219	333	40	1
151	334	40	1
153	334	40	1
220	342	40	1
111	222	41	1
136	230	41	1
202	238	41	1
129	243	41	1
179	247	41	1
230	250	41	1
234	252	41	1
228	253	41	1
232	253	41	1
141	255	41	1
214	257	41	1
172	258	41	1
140	259	41	1
208	259	41	1
158	260	41	1
130	261	41	1
143	261	41	1
151	263	41	1
153	265	41	1
132	267	41	1
258	267	41	1
248	269	41	1
140	270	41	1
132	271	41	1
147	273	41	1
156	274	41	1
245	276	41	1
133	277	41	1
138	277	41	1
135	278	41	1
152	280	41	1
141	284	41	1
160	286	41	1
135	291	41	1
132	293	41	1
134	293	41	1
139	303	41	1
133	304	41	1
181	304	41	2
123	306	41	1
130	306	41	1
119	315	41	1
179	324	41	1
181	326	41	1
239	328	41	1
249	329	41	1
184	330	41	1
154	331	41	1
185	332	41	1
238	335	41	1
126	337	41	1
152	338	41	1
250	338	41	1
194	345	41	1
218	346	41	1
233	347	41	1
209	352	41	1
208	360	41	1
156	236	42	1
162	237	42	1
165	237	42	1
161	238	42	2
140	254	42	1
176	254	42	1
151	257	42	1
157	257	42	1
177	261	42	1
165	263	42	2
121	264	42	1
145	266	42	1
147	267	42	1
144	269	42	1
150	270	42	1
158	273	42	1
148	274	42	1
249	275	42	1
134	276	42	1
144	279	42	1
156	281	42	1
209	282	42	1
141	283	42	1
149	284	42	1
141	286	42	1
155	286	42	1
152	294	42	1
150	297	42	1
170	306	42	1
125	307	42	1
130	307	42	1
154	328	42	1
187	329	42	1
179	330	42	1
176	331	42	1
217	332	42	1
245	334	42	1
151	336	42	1
247	337	42	1
221	340	42	1
207	344	42	1
212	348	42	1
206	356	42	1
179	246	43	1
143	257	43	1
149	258	43	2
151	260	43	1
167	262	43	1
205	263	43	1
147	268	43	1
149	268	43	1
146	269	43	1
141	272	43	1
211	273	43	1
141	275	43	1
155	275	43	1
131	277	43	1
164	277	43	1
158	281	43	1
214	282	43	1
143	283	43	1
140	286	43	1
140	288	43	1
130	303	43	1
143	308	43	2
140	313	43	1
186	327	43	1
133	329	43	1
153	331	43	1
151	334	43	1
244	336	43	1
211	343	43	1
211	344	43	1
232	345	43	1
231	352	43	1
208	354	43	1
206	359	43	2
205	361	43	1
164	232	44	1
137	233	44	1
158	259	44	1
177	260	44	1
175	261	44	1
211	261	44	1
156	262	44	1
146	264	44	1
152	264	44	1
149	266	44	1
154	276	44	1
154	279	44	1
159	281	44	1
204	281	44	1
151	282	44	1
152	282	44	1
155	284	44	1
136	291	44	1
142	291	44	1
132	294	44	1
140	296	44	1
137	299	44	1
143	300	44	1
145	301	44	1
209	301	44	1
183	329	44	1
132	334	44	1
215	338	44	1
209	351	44	1
192	361	44	1
148	269	45	1
147	279	45	1
149	279	45	1
144	282	45	1
142	283	45	1
141	286	45	1
218	286	45	1
143	296	45	1
142	297	45	1
142	301	45	1
244	302	45	1
210	347	45	1
154	262	46	1
148	293	46	1
140	296	46	1
207	296	46	1
225	297	46	1
140	298	46	1
244	302	46	1
189	323	46	1
238	331	46	1
217	334	46	1
209	351	46	1
149	284	47	1
140	298	47	1
230	353	47	1
203	356	47	1
159	279	48	1
140	224	49	1
139	268	49	1
169	270	49	1
154	274	49	1
146	276	49	1
144	299	49	1
169	308	49	1
152	338	49	1
239	344	49	1
186	349	49	1
203	355	49	1
162	253	50	2
149	263	50	1
148	296	50	1
157	313	50	1
240	317	50	1
179	329	50	1
225	341	50	1
