x	y	z	Leading Strand Synthesis
216.157603775171	275.673637444315	34.5586340221659	1
244	284	21	2
246	292	21	1
239	272	24	1
237	278	24	1
239	278	24	1
248	286	24	1
245	287	24	1
244	289	24	2
246	289	24	2
247	289	24	1
231	264	25	1
236	268	25	1
228	272	25	1
230	272	25	1
233	272	25	1
238	272	25	2
236	273	25	2
230	274	25	1
234	274	25	1
235	274	25	1
235	275	25	1
236	275	25	1
232.5	276.5	25.5	1
235	276	25	1
236	276	25	1
248	276	25	1
234	277	25	1
247	277	25	2
231	278	25	1
234	278	25	1
237	278	25	1
238	278	25	1
232	279	25	1
237	279	25	1
238	279	25	2
234	280	25	2
248	280	25	1
235	281	25	2
237	281	25	1
240	281	25	1
243	281	25	1
214	282	25	1
231	282	25	1
232	282	25	3
235	282	25	1
239	282	25	1
240	282	25	1
247	282	25	1
232	283	25	1
235	283	25	1
237	283	25	1
238	283	25	1
247	283	25	1
213	284	25	1
234	284	25	1
235	284	25	1
236	284	25	1
237	284	25	2
241	284	25	1
242	284	25	1
249	284	25	1
237	285	25	1
243	285	25	1
244	285	25	3
253	285	25	1
233	286	25	1
234	286	25	1
243	286	25	1
245	286	25	1
223	287	25	1
238	287	25	1
242	287	25	1
242	288	25	1
235	289	25	1
238	289	25	1
250	289	25	2
236	290	25	1
238	290	25	1
250	290	25	1
238	291	25	1
251	291	25	1
235	292	25	1
238	292	25	1
249	292	25	1
239	293	25	1
240	293	25	1
239	294	25	1
242	294	25	1
246	294	25	2
245	295	25	1
239	296	25	1
242	296	25	1
247	296	25	2
239	297	25	2
241	299	25	1
227	300	25	2
232	263	26	1
215	265	26	1
237	266	26	1
235	267	26	1
233	268	26	1
236	268	26	1
228	269	26	1
229	269	26	2
234	270	26	1
235	270	26	2
229	271	26	1
235	271	26	1
236	271	26	1
215	272	26	1
223	272	26	1
226	272	26	1
239	272	26	1
239	273	26	1
248	273	26	1
249	273	26	1
236	274	26	1
238	274	26	1
233	275	26	1
236	275	26	2
239	275	26	1
245	275	26	2
246	275	26	1
248	275	26	1
207	276	26	1
233	276	26	2
238	276	26	1
210	277	26	1
231	277	26	2
237	277	26	1
250	277	26	2
231	278	26	1
233	278	26	1
234	278	26	1
239	278	26	2
240	278	26	1
249	278	26	1
251	278	26	1
252	278	26	2
233	279	26	1
239	279	26	1
241	279	26	1
248	279	26	1
249	279	26	1
230	280	26	1
238	280	26	2
241	280	26	1
247	280	26	1
250	280	26	1
234	281	26	1
235	281	26	1
240	281	26	1
246	281	26	1
248	281	26	1
212	282	26	1
237	282	26	1
238	282	26	1
240	282	26	1
242	282	26	1
247	282	26	1
253	282	26	1
254	282	26	2
209	283	26	1
227	283	26	1
234	283	26	1
238	283	26	1
243	283	26	2
249	283	26	2
252	283	26	1
212	284	26	1
233	284	26	3
236	284	26	1
237	284	26	1
241	284	26	1
242	284	26	1
245	284	26	1
250	284	26	1
252	284	26	1
211	285	26	1
212	285	26	1
237	285	26	2
241	285	26	1
245	285	26	1
252	285	26	1
254	285	26	1
233	286	26	2
240	286	26	1
243	286	26	2
251	286	26	3
254	286	26	1
228	287	26	2
234	287	26	1
236	287	26	1
248	287	26	1
251	287	26	1
252	287	26	1
253	287	26	1
235	288	26	2
243	288	26	1
245	288	26	1
248	288	26	2
250	288	26	2
222	289	26	1
231	289	26	1
242	289	26	1
252	289	26	2
228	290	26	1
236	290	26	1
242	290	26	2
243	290	26	2
229	291	26	1
239	291	26	2
240	291	26	2
242	291	26	1
246	291	26	1
249	291	26	1
225	292	26	1
239	292	26	2
249	292	26	2
252	292	26	1
225	293	26	2
247	293	26	2
243	294	26	1
244	294	26	1
245	294	26	1
246	294	26	1
222	295	26	1
241	295	26	1
242	295	26	1
245	295	26	2
254	295	26	2
235	296	26	1
240	296	26	1
244	296	26	1
236	297	26	1
239	297	26	1
240	297	26	1
239	299	26	2
240	299	26	2
241	299	26	2
243	299	26	1
225	300	26	1
227	300	26	1
241	300	26	1
184	255	27	2
184	256	27	1
181	257	27	1
183	258	27	1
229	259	27	1
231	259	27	1
183	260	27	2
226	260	27	1
228	260	27	1
233	260	27	1
235	260	27	1
177	261	27	1
183	261	27	1
185	261	27	1
187	261	27	1
222	261	27	1
227	261	27	1
230	261	27	1
232	261	27	1
234	261	27	1
235	261	27	1
236	261	27	1
237	261	27	1
182	262	27	1
184	262	27	2
186	262	27	1
233	262	27	1
175	263	27	1
178	263	27	1
210	263	27	1
211	263	27	1
225	263	27	1
229	263	27	1
233	263	27	1
238	263	27	1
209	264	27	2
224	264	27	1
226	264	27	1
228	264	27	1
229	264	27	1
231	264	27	1
232	264	27	1
184	265	27	1
225	265	27	1
230	265	27	1
231	265	27	1
232	265	27	2
233	265	27	2
234	265	27	3
238	265	27	2
239	265	27	1
240	265	27	1
178	266	27	1
180	266	27	1
201	266	27	1
215	266	27	2
219	266	27	1
226	266	27	1
234	266	27	1
235	266	27	1
239	266	27	1
179	267	27	1
226	267	27	1
228	267	27	1
231	267	27	1
180	268	27	1
197	268	27	1
213	268	27	1
214	268	27	1
216	268	27	1
225	268	27	1
226	268	27	1
227	268	27	1
230	268	27	2
232	268	27	1
233	268	27	1
236	268	27	1
237	268	27	3
247	268	27	1
177	269	27	1
205	269	27	1
211	269	27	1
215	269	27	2
218	269	27	2
229	269	27	1
235	269	27	1
237	269	27	1
241	269	27	2
179	270	27	1
184	270	27	1
197	270	27	2
215	270	27	1
217	270	27	1
227	270	27	1
230	270	27	1
231	270	27	2
239	270	27	1
242	270	27	1
243	270	27	1
244	270	27	1
248	270	27	1
250	270	27	1
177	271	27	1
178	271	27	1
181	271	27	1
206	271	27	1
207	271	27	2
209	271	27	1
217	271	27	1
222	271	27	1
225	271	27	2
236	271	27	1
237	271	27	2
249	271	27	1
176	272	27	1
181	272	27	1
204	272	27	1
206	272	27	1
208	272	27	1
214	272	27	1
215	272	27	1
216	272	27	1
225	272	27	1
228	272	27	1
229	272	27	1
230	272	27	2
231	272	27	1
237	272	27	2
238	272	27	2
239	272	27	1
240	272	27	1
249	272	27	1
205	273	27	1
207	273	27	1
211	273	27	1
213	273	27	1
227	273	27	1
234	273	27	3
237	273	27	1
241	273	27	2
246	273	27	2
248	273	27	1
251	273	27	1
253	273	27	1
204	274	27	3
206	274	27	1
207	274	27	1
209	274	27	2
213	274	27	1
214	274	27	1
221	274	27	1
224	274	27	1
227	274	27	1
228	274	27	1
230	274	27	1
238	274	27	2
239	274	27	1
241	274	27	2
247	274	27	1
252	274	27	1
208	275	27	2
213	275	27	1
214	275	27	1
216	275	27	2
220	275	27	1
222	275	27	1
223	275	27	2
233	275	27	1
235	275	27	1
236	275	27	1
240	275	27	1
250	275	27	4
204	276	27	1
209	276	27	1
210	276	27	1
212	276	27	2
213	276	27	1
220	276	27	1
232	276	27	1
233	276	27	2
234	276	27	2
244	276	27	1
246	276	27	1
247	276	27	2
210	277	27	3
212	277	27	1
218	277	27	2
219	277	27	1
220	277	27	1
231	277	27	1
232	277	27	1
238	277	27	1
239	277	27	1
248	277	27	2
249	277	27	1
208	278	27	1
221	278	27	1
227	278	27	3
229	278	27	1
234	278	27	1
239	278	27	1
245	278	27	1
246	278	27	1
250	278	27	1
220	279	27	1
230	279	27	2
234	279	27	1
236	279	27	1
238	279	27	2
239	279	27	2
240	279	27	3
243	279	27	1
245	279	27	1
248	279	27	1
249	279	27	1
206	280	27	1
207	280	27	1
208	280	27	1
214	280	27	1
232	280	27	2
233	280	27	3
235	280	27	1
238	280	27	1
243	280	27	1
247	280	27	2
248	280	27	1
249	280	27	1
209	281	27	1
210	281	27	2
214	281	27	1
215	281	27	1
217	281	27	1
229	281	27	1
235	281	27	1
237	281	27	1
240	281	27	1
241	281	27	1
245	281	27	1
248	281	27	1
251	281	27	3
256	281	27	1
257	281	27	1
214	282	27	2
216	282	27	2
229	282	27	1
231	282	27	1
233	282	27	4
235	282	27	1
237	282	27	1
240	282	27	1
246	282	27	2
206	283	27	1
209	283	27	1
215	283	27	1
216	283	27	1
228	283	27	1
231	283	27	1
239	283	27	1
242	283	27	1
247	283	27	1
248	283	27	2
253	283	27	1
256	283	27	1
205	284	27	2
207	284	27	1
230	284	27	1
236	284	27	1
237	284	27	1
241	284	27	1
243	284	27	2
249	284	27	1
254	284	27	1
256	284	27	1
199	285	27	1
212	285	27	1
213	285	27	1
219	285	27	1
228	285	27	1
233	285	27	3
234	285	27	1
236	285	27	1
237	285	27	1
238	285	27	1
240	285	27	1
256	285	27	1
204	286	27	1
208	286	27	2
209	286	27	2
214	286	27	2
216	286	27	3
233	286	27	2
234	286	27	1
241	286	27	2
246	286	27	1
248	286	27	2
251	286	27	3
255	286	27	1
256	286	27	2
258	286	27	3
222	287	27	1
223	287	27	1
231	287	27	1
238	287	27	1
247	287	27	1
250	287	27	1
253	287	27	1
255	287	27	1
204	288	27	2
224	288	27	1
229	288	27	1
234	288	27	1
236	288	27	1
240	288	27	3
242	288	27	2
246	288	27	1
250	288	27	1
251	288	27	4
252	288	27	2
210	289	27	1
224	289	27	3
226	289	27	5
231	289	27	2
232	289	27	1
233	289	27	1
234	289	27	2
238	289	27	1
246	289	27	2
251	289	27	1
252	289	27	2
253	289	27	1
254	289	27	1
214	290	27	2
219	290	27	1
222	290	27	1
227	290	27	1
234	290	27	1
237	290	27	1
240	290	27	1
243	290	27	2
250	290	27	2
211	291	27	1
225	291	27	2
228	291	27	1
238	291	27	3
251	291	27	2
252	291	27	1
220	292	27	1
226	292	27	1
230	292	27	1
234	292	27	1
237	292	27	1
246	292	27	1
249	292	27	1
210	293	27	1
217	293	27	1
218	293	27	2
219	293	27	1
224	293	27	2
225	293	27	3
227	293	27	2
229	293	27	1
240	293	27	1
243	293	27	1
244	293	27	1
248	293	27	2
250	293	27	1
211	294	27	1
220	294	27	1
224	294	27	1
231	294	27	1
235	294	27	1
237	294	27	1
246	294	27	1
255	294	27	2
211	295	27	2
219	295	27	1
244	295	27	1
249	295	27	1
250	295	27	1
251	295	27	1
255	295	27	1
240	296	27	1
244	296	27	1
245	296	27	1
247	296	27	1
225	297	27	1
236	297	27	2
239	297	27	1
245	297	27	1
246	297	27	1
252	297	27	1
253	297	27	1
221	298	27	1
224	298	27	1
237	298	27	1
239	298	27	2
241	298	27	1
243	298	27	1
244	298	27	1
248	298	27	3
223	299	27	1
226	299	27	1
237	299	27	3
239	299	27	1
240	299	27	1
242	299	27	1
246	299	27	1
247	299	27	1
248	299	27	1
228	300	27	1
238	300	27	1
240	300	27	2
247	300	27	1
248	300	27	1
224	301	27	2
236	301	27	1
240	301	27	1
243	301	27	2
247	301	27	2
250	301	27	1
245	302	27	2
235	304	27	1
238	304	27	1
237	305	27	2
230	262	28	1
231	264	28	1
232	266	28	1
236	267	28	1
231	268	28	1
236	268	28	1
238	268	28	2
236	269	28	1
237	269	28	1
238	270	28	1
236	272	28	1
250	272	28	1
235	273	28	2
235	274	28	1
233	276	28	1
235	276	28	1
238	277	28	1
236	278	28	1
210	279	28	1
235	280	28	1
250	281	28	1
252	281	28	2
234	282	28	1
246	282	28	1
238	283	28	1
246	283	28	2
249	283	28	1
254	284	28	1
245	285	28	2
248	285	28	2
232	286	28	2
235	286	28	1
247	286	28	1
244	287	28	1
245	287	28	1
246	287	28	1
245	288	28	2
243	289	28	1
246	289	28	1
253	289	28	1
237	290	28	1
242	290	28	1
237	291	28	1
239	291	28	1
240	291	28	1
241	291	28	2
245	291	28	1
247	291	28	1
249	291	28	1
222	292	28	1
242	292	28	1
245	292	28	3
248	292	28	2
243	293	28	1
248	293	28	1
241	294	28	1
242	294	28	2
249	294	28	1
242	295	28	1
248	295	28	1
233	256	29	2
233	258	29	1
234	258	29	1
188	259	29	1
183	261	29	1
187	261	29	1
199	261	29	1
226	261	29	1
221	262	29	1
227	262	29	1
232	263	29	1
234	263	29	1
245	263	29	1
215	264	29	1
216	264	29	1
224	264	29	1
231	264	29	2
181	265	29	1
232	265	29	2
233	265	29	1
235	265	29	1
239	265	29	2
249	265	29	1
195	266	29	1
197	266	29	1
228	266	29	1
245	266	29	1
192	267	29	1
194	267	29	1
226	267	29	1
230	267	29	2
231	267	29	1
232	267	29	1
234	267	29	1
237	267	29	1
241	267	29	1
231	268	29	1
235	268	29	1
236	268	29	1
250	268	29	1
196	269	29	1
232	269	29	1
235	269	29	1
237	269	29	2
240	269	29	1
248	269	29	1
196	270	29	2
200	270	29	1
215	270	29	1
231	270	29	1
234	270	29	1
235	270	29	1
238	270	29	2
239	270	29	1
250	270	29	1
182	271	29	1
203	271	29	1
216	271	29	1
229	271	29	1
233	271	29	1
237	271	29	1
249	271	29	1
213	272	29	1
224	272	29	1
239	272	29	1
225	273	29	1
238	273	29	2
213	274	29	2
235	274	29	1
236	274	29	1
184	275	29	1
206	275	29	2
215	275	29	1
235	275	29	2
245	275	29	4
204	276	29	1
205	276	29	2
206	276	29	1
208	276	29	1
228	276	29	1
232	276	29	1
237	276	29	1
238	276	29	3
240	276	29	1
246	276	29	1
249	276	29	1
250	276	29	1
234	277	29	1
238	277	29	1
239	277	29	2
250	277	29	1
251	277	29	1
204	278	29	1
237	278	29	1
238	278	29	1
206	279	29	1
234	279	29	1
236	279	29	1
245	279	29	1
246	279	29	1
249	279	29	1
252	279	29	2
205	280	29	2
234	280	29	2
236	280	29	1
249	280	29	1
254	280	29	1
208	281	29	1
232	281	29	1
237	281	29	3
238	281	29	1
241	281	29	1
245	281	29	1
246	281	29	1
247	281	29	1
249	281	29	1
250	281	29	1
233	282	29	1
241	282	29	1
244	282	29	1
245	282	29	1
246	282	29	1
248	282	29	1
249	282	29	3
254	282	29	1
209	283	29	3
231	283	29	1
233	283	29	1
234	283	29	1
238	283	29	2
248	283	29	1
251	283	29	2
220	284	29	2
222	284	29	1
232	284	29	1
234	284	29	1
244	284	29	2
245	284	29	1
249	284	29	1
219	285	29	4
226	285	29	1
227	285	29	2
238	285	29	1
242	285	29	1
247	285	29	1
250	285	29	1
233	286	29	1
234	286	29	1
241	286	29	1
242	286	29	1
243	286	29	1
236	287	29	1
249	287	29	1
226	288	29	1
232	288	29	1
240	288	29	1
243	288	29	1
224	289	29	1
227	289	29	2
228	289	29	1
236	289	29	1
237	289	29	1
243	289	29	1
245	289	29	1
254	289	29	1
224	290	29	1
227	290	29	1
239	290	29	1
240	290	29	1
245	290	29	1
246	290	29	1
247	290	29	2
226	291	29	1
248	291	29	1
222	292	29	1
225	292	29	1
227	292	29	2
237	292	29	1
239	292	29	1
250	292	29	2
237	293	29	2
239	293	29	2
248	293	29	1
249	293	29	1
236	294	29	2
238	294	29	1
242	294	29	1
243	294	29	1
245	294	29	1
248	294	29	1
220	295	29	1
241	295	29	1
243	295	29	1
219	296	29	1
223	296	29	2
253	296	29	1
240	297	29	1
243	297	29	1
246	297	29	1
247	297	29	1
248	297	29	1
215	298	29	1
221	298	29	1
237	298	29	1
248	298	29	3
227	299	29	1
241	299	29	1
252	299	29	1
240	300	29	1
223	301	29	1
227	301	29	1
236	301	29	1
250	302	29	1
237	304	29	1
236	305	29	1
225	251	30	1
233	252	30	1
231	253	30	1
231	254	30	3
235	254	30	1
229	255	30	2
230	255	30	1
234	255	30	1
236	255	30	1
237	255	30	1
204	256	30	1
229	256	30	1
230	256	30	1
232	256	30	2
235	256	30	1
236	256	30	1
181	257	30	1
192	257	30	1
215	257	30	2
230	257	30	1
237	257	30	1
239	257	30	1
186	258	30	1
215	258	30	1
228	258	30	2
236	258	30	2
237	258	30	1
239	258	30	3
183	259	30	1
189	259	30	1
205	259	30	1
206	259	30	1
209	259	30	1
210	259	30	1
222	259	30	2
224	259	30	1
227	259	30	1
228	259	30	2
230	259	30	2
231	259	30	1
235	259	30	1
184	260	30	1
190	260	30	1
196	260	30	2
217	260	30	1
225	260	30	2
228	260	30	1
238	260	30	1
240	260	30	1
245	260	30	1
187	261	30	1
196	261	30	1
209	261	30	1
212	261	30	3
215	261	30	1
219	261	30	1
224	261	30	1
226	261	30	2
227	261	30	1
230	261	30	2
236	261	30	2
239	261	30	1
246	261	30	1
249	261	30	1
188	262	30	1
219	262	30	1
220	262	30	1
227	262	30	1
249	262	30	1
251	262	30	1
179	263	30	1
185	263	30	4
186	263	30	2
210	263	30	1
224	263	30	1
228	263	30	1
232	263	30	1
246	263	30	2
249	263	30	1
178	264	30	1
186	264	30	1
188	264	30	1
194	264	30	1
211	264	30	1
225	264	30	1
245	264	30	1
246	264	30	1
250	264	30	2
183	265	30	2
191	265	30	1
192	265	30	2
193	265	30	1
196	265	30	1
200	265	30	1
208	265	30	1
212	265	30	2
214	265	30	1
230	265	30	1
231	265	30	1
232	265	30	1
233	265	30	1
239	265	30	1
242	265	30	1
246	265	30	1
248	265	30	1
187	266	30	1
188	266	30	1
189	266	30	1
195	266	30	2
197	266	30	2
213	266	30	1
214	266	30	2
215	266	30	1
226	266	30	2
229	266	30	1
239.5	266.5	30.5	2
241	266	30	1
247	266	30	1
176	267	30	1
182	267	30	1
183	267	30	1
192	267	30	1
208	267	30	1
209	267	30	2
214	267	30	1
232	267	30	1
235	267	30	1
237	267	30	1
238	267	30	3
240	267	30	2
246	267	30	1
250	267	30	2
190	268	30	1
207	268	30	1
213	268	30	1
216	268	30	2
228	268	30	1
231	268	30	1
235	268	30	1
237	268	30	1
245	268	30	2
247	268	30	1
249	268	30	3
180	269	30	1
182	269	30	1
196	269	30	1
197	269	30	1
213	269	30	1
214	269	30	2
216	269	30	1
219	269	30	1
236	269	30	1
240	269	30	1
243	269	30	1
245	269	30	1
248	269	30	1
249	269	30	1
252	269	30	1
194	270	30	1
196	270	30	1
198	270	30	1
200	270	30	2
201	270	30	1
205	270	30	1
207	270	30	2
215	270	30	2
217	270	30	1
235	270	30	1
238	270	30	1
175	271	30	2
176	271	30	2
183	271	30	1
193	271	30	1
199	271	30	3
204	271	30	1
212	271	30	1
233	271	30	1
234	271	30	1
249	271	30	1
182	272	30	1
185	272	30	1
197	272	30	1
206	272	30	1
207	272	30	1
216	272	30	1
227	272	30	1
233	272	30	1
242	272	30	2
244	272	30	1
247	272	30	1
181	273	30	3
182	273	30	1
211	273	30	1
213	273	30	1
214	273	30	1
227	273	30	1
231	273	30	2
233	273	30	1
235	273	30	2
236	273	30	2
239	273	30	1
241	273	30	1
177	274	30	1
180	274	30	1
181	274	30	1
182	274	30	1
183	274	30	1
209	274	30	1
229	274	30	1
239	274	30	2
241	274	30	1
251	274	30	1
175	275	30	1
179	275	30	1
182	275	30	1
183	275	30	1
203	275	30	1
211	275	30	2
212	275	30	1
235	275	30	1
238	275	30	1
244	275	30	2
249	275	30	1
186	276	30	1
205	276	30	1
207	276	30	1
236	276	30	1
240	276	30	1
241	276	30	1
243	276	30	1
174	277	30	1
180	277	30	1
205	277	30	1
232	277	30	1
235	277	30	1
237	277	30	1
239	277	30	1
241	277	30	1
251	277	30	2
203	278	30	2
208	278	30	2
226	278	30	1
230	278	30	2
236	278	30	1
239	278	30	1
246	278	30	1
247	278	30	2
238	279	30	1
244	279	30	1
245	279	30	2
248	279	30	1
249	279	30	1
251	279	30	1
178	280	30	1
183	280	30	2
226	280	30	1
237	280	30	1
248	280	30	1
249	280	30	1
218	281	30	2
224	281	30	1
234	281	30	1
235	281	30	1
237	281	30	1
239	281	30	1
242	281	30	1
243	281	30	1
244	281	30	1
246	281	30	1
247	281	30	1
251	281	30	1
252	281	30	1
177	282	30	1
179	282	30	1
181	282	30	2
210	282	30	1
213	282	30	2
221	282	30	1
232	282	30	1
233	282	30	2
234	282	30	1
236	282	30	2
237	282	30	1
238	282	30	1
239	282	30	1
241	282	30	1
244	282	30	1
245	282	30	1
246	282	30	1
250	282	30	1
251	282	30	1
252	282	30	2
179	283	30	1
202	283	30	1
205	283	30	1
209	283	30	1
215	283	30	1
220	283	30	1
234	283	30	1
236	283	30	1
240	283	30	1
242	283	30	1
244	283	30	1
250	283	30	1
251	283	30	1
254	283	30	1
173	284	30	1
177	284	30	2
181	284	30	1
221	284	30	2
226	284	30	2
250	284	30	1
222.5	285.5	30.5	1
225	285	30	1
227	285	30	4
234	285	30	2
236	285	30	1
242	285	30	2
251	285	30	2
180	286	30	1
205	286	30	1
206	286	30	1
231	286	30	1
234	286	30	1
236	286	30	1
239	286	30	1
244	286	30	1
245	286	30	1
246	286	30	1
248	286	30	1
256	286	30	1
207	287	30	1
220	287	30	1
222	287	30	2
225	287	30	3
231	287	30	1
233	287	30	1
244	287	30	1
248	287	30	1
254	287	30	1
221	288	30	1
223	288	30	1
228	288	30	1
231	288	30	1
234	288	30	2
236	288	30	1
237	288	30	1
239	288	30	1
247	288	30	1
248	288	30	1
252	288	30	1
184	289	30	1
199	289	30	1
221	289	30	1
232	289	30	1
233	289	30	2
235	289	30	1
237	289	30	2
250	289	30	1
256	289	30	2
198	290	30	1
226	290	30	1
232	290	30	1
236	290	30	1
240	290	30	1
241	290	30	1
244	290	30	2
246	290	30	1
248	290	30	2
253	290	30	1
225	291	30	2
229	291	30	1
235	291	30	2
247	291	30	3
250	291	30	1
251	291	30	1
255	291	30	2
213	292	30	1
226	292	30	1
230	292	30	1
231	292	30	1
236	292	30	1
238	292	30	1
241	292	30	1
245	292	30	1
246	292	30	1
247	292	30	1
201	293	30	1
220	293	30	1
225	293	30	1
229	293	30	2
232	293	30	1
245	293	30	1
247	293	30	1
249	293	30	1
253	293	30	1
231	294	30	1
237	294	30	1
244	294	30	1
245	294	30	1
253	294	30	1
257	294	30	1
220	295	30	3
241	295	30	3
247	295	30	1
251	295	30	1
254	295	30	2
186	296	30	1
220	296	30	1
222	296	30	2
234	296	30	1
237	296	30	1
239	296	30	1
242	296	30	1
244	296	30	2
220	297	30	2
223	297	30	1
227	297	30	1
229	297	30	1
232	297	30	1
238	297	30	1
240	297	30	1
248	297	30	1
252	297	30	1
215	298	30	1
221	298	30	2
226	298	30	1
230	298	30	1
241	298	30	1
252	298	30	1
224	299	30	1
225	299	30	1
241	299	30	1
247	299	30	1
248	299	30	1
218	300	30	2
223	300	30	1
226	300	30	1
227	300	30	1
231	300	30	1
233	300	30	1
240	300	30	1
249	300	30	1
251	300	30	1
225	301	30	1
230	301	30	1
238	301	30	1
239	301	30	2
242	301	30	2
243	301	30	4
248	301	30	1
221	302	30	1
226	302	30	1
231	302	30	1
237	302	30	1
239	302	30	2
247	302	30	1
238	303	30	2
239	303	30	1
240	303	30	1
241	303	30	1
243	303	30	1
246	303	30	1
235	304	30	1
238	304	30	1
240	304	30	1
223	305	30	1
238	305	30	2
240	305	30	2
215	251	31	1
235	251	31	2
229	252	31	1
215	253	31	1
217	253	31	2
233	253	31	1
237	253	31	2
238	253	31	2
226	254	31	1
227	254	31	2
238	254	31	1
226	255	31	1
230	255	31	1
234	255	31	1
235	255	31	1
237	255	31	1
238	255	31	1
215	256	31	1
216	256	31	1
233	256	31	1
239	256	31	1
177	257	31	1
214	257	31	1
216	257	31	1
230	257	31	2
237	257	31	2
240	257	31	1
235	258	31	1
239	258	31	1
240	258	31	1
218	259	31	2
226	259	31	1
229	259	31	1
232	259	31	1
237	259	31	1
242	259	31	1
186	260	31	1
187	260	31	1
191	260	31	2
195	260	31	1
216	260	31	1
221	260	31	3
224	260	31	2
234	260	31	1
237	260	31	4
238	260	31	1
245	260	31	1
184	261	31	1
187	261	31	1
195	261	31	1
208	261	31	1
210	261	31	1
216	261	31	1
224	261	31	3
227	261	31	1
228	261	31	1
231	261	31	1
234	261	31	1
239	261	31	1
195	262	31	1
218	262	31	1
219	262	31	2
220	262	31	1
222	262	31	1
225	262	31	1
226	262	31	1
227	262	31	2
229	262	31	2
246	262	31	1
248	262	31	1
189	263	31	1
194	263	31	1
198	263	31	1
200	263	31	1
211	263	31	2
216	263	31	1
217	263	31	1
218	263	31	1
221	263	31	1
223	263	31	1
229	263	31	1
232	263	31	2
233	263	31	2
244	263	31	1
245	263	31	1
248	263	31	1
249	263	31	1
178	264	31	1
184	264	31	2
189	264	31	1
190	264	31	1
204	264	31	1
215	264	31	1
217	264	31	2
222	264	31	1
224	264	31	1
226	264	31	1
232	264	31	1
234	264	31	1
237	264	31	1
238	264	31	1
245	264	31	1
248	264	31	1
249	264	31	1
185	265	31	3
186	265	31	1
192	265	31	2
200	265	31	1
213	265	31	1
216	265	31	1
235	265	31	1
238	265	31	2
250	265	31	2
186	266	31	1
197	266	31	1
215	266	31	1
219	266	31	1
220	266	31	1
229	266	31	1
232	266	31	1
233	266	31	1
236	266	31	1
241	266	31	2
243	266	31	1
244	266	31	1
251	266	31	1
186	267	31	1
195	267	31	1
197	267	31	1
216	267	31	2
217	267	31	1
219	267	31	1
228	267	31	1
229	267	31	2
247	267	31	2
248	267	31	1
183	268	31	1
184	268	31	2
188	268	31	1
195	268	31	4
198	268	31	1
203	268	31	1
205	268	31	1
215	268	31	1
219	268	31	1
222	268	31	1
224	268	31	1
232	268	31	1
234	268	31	1
241	268	31	1
242	268	31	1
243	268	31	1
245	268	31	1
173	269	31	1
182	269	31	1
184	269	31	1
191	269	31	1
193	269	31	1
201	269	31	1
231	269	31	1
232	269	31	1
235	269	31	2
238	269	31	1
239	269	31	2
243	269	31	1
248	269	31	1
178	270	31	1
180	270	31	1
181	270	31	1
186	270	31	1
194	270	31	1
212	270	31	1
216	270	31	1
217	270	31	3
231	270	31	1
237	270	31	1
239	270	31	1
247	270	31	1
249	270	31	1
172	271	31	1
175	271	31	1
216	271	31	1
217	271	31	1
225	271	31	1
237	271	31	2
238	271	31	1
240	271	31	1
241	271	31	1
246	271	31	1
247	271	31	1
176	272	31	2
199	272	31	1
205	272	31	3
206	272	31	1
211	272	31	1
213	272	31	1
214	272	31	1
215	272	31	1
218	272	31	1
226	272	31	1
227	272	31	1
230	272	31	1
232	272	31	1
237	272	31	1
240	272	31	1
248	272	31	1
250	272	31	1
251	272	31	1
176	273	31	1
184	273	31	1
207	273	31	2
234	273	31	2
236	273	31	2
238	273	31	1
242	273	31	1
244	273	31	1
250	273	31	1
179	274	31	1
210	274	31	1
226	274	31	2
232	274	31	1
233	274	31	2
236	274	31	1
237	274	31	1
240	274	31	1
250	274	31	2
252	274	31	2
184	275	31	1
206	275	31	1
211	275	31	2
235	275	31	1
236	275	31	2
241	275	31	1
226	276	31	2
237	276	31	1
239	276	31	1
240	276	31	2
246	276	31	1
174	277	31	1
204	277	31	3
205	277	31	1
235	277	31	2
237	277	31	2
243	277	31	4
244	277	31	1
245	277	31	1
247	277	31	1
180	278	31	1
203	278	31	1
205	278	31	2
206	278	31	1
224	278	31	2
237	278	31	1
242	278	31	2
247	278	31	1
249	278	31	1
216	279	31	1
219	279	31	1
235	279	31	1
236	279	31	1
238	279	31	2
244	279	31	1
246	279	31	1
247	279	31	2
181	280	31	2
232	280	31	1
237	280	31	1
238	280	31	2
245	280	31	1
179	281	31	1
184	281	31	1
204	281	31	1
210	281	31	1
222	281	31	1
224	281	31	1
233	281	31	1
235	281	31	1
236	281	31	2
237	281	31	1
239	281	31	1
240	281	31	2
241	281	31	1
243	281	31	2
250	281	31	2
254	281	31	1
173	282	31	1
179	282	31	1
180	282	31	1
223	282	31	1
225	282	31	1
231	282	31	1
234	282	31	3
239	282	31	1
241	282	31	1
248	282	31	1
252	282	31	1
254	282	31	2
179	283	31	2
181	283	31	1
208	283	31	1
209	283	31	1
219	283	31	1
223	283	31	1
224	283	31	1
233	283	31	1
241	283	31	1
242	283	31	1
251	283	31	1
252	283	31	1
253	283	31	1
175	284	31	1
179	284	31	1
180	284	31	1
219	284	31	1
222	284	31	1
231	284	31	1
236	284	31	1
237	284	31	1
239	284	31	1
241	284	31	2
244	284	31	1
249	284	31	1
250	284	31	1
177	285	31	2
183	285	31	2
222	285	31	1
223	285	31	3
224	285	31	1
231	285	31	1
244	285	31	1
248	285	31	1
250	285	31	1
251	285	31	1
252	285	31	1
253	285	31	1
255	285	31	1
256	285	31	2
178	286	31	2
180	286	31	1
219	286	31	1
220	286	31	1
222	286	31	1
231	286	31	1
252	286	31	1
187	287	31	1
221	287	31	1
222	287	31	1
229	287	31	1
230	287	31	1
234	287	31	1
237	287	31	1
240	287	31	1
243	287	31	1
244	287	31	1
246	287	31	2
248	287	31	1
253	287	31	1
255	287	31	1
187	288	31	1
221	288	31	2
222	288	31	1
225	288	31	1
226	288	31	1
244	288	31	1
246	288	31	1
249	288	31	1
251	288	31	1
205	289	31	1
225	289	31	1
228	289	31	1
232	289	31	1
233	289	31	1
235	289	31	1
237	289	31	1
240	289	31	1
241	289	31	1
246	289	31	1
227	290	31	1
230	290	31	2
237	290	31	3
242	290	31	1
250	290	31	1
197	291	31	1
198	291	31	2
200	291	31	1
204	291	31	1
222	291	31	2
229	291	31	1
237	291	31	2
241	291	31	1
242	291	31	1
244	291	31	1
245	291	31	1
247	291	31	1
248	291	31	1
255	291	31	1
227	292	31	2
230	292	31	1
250	292	31	1
251	292	31	1
252	292	31	1
253	292	31	1
256	292	31	1
222	293	31	2
230	293	31	1
231	293	31	1
232	293	31	2
233	293	31	1
243	293	31	1
248	293	31	1
198	294	31	1
202	294	31	1
220	294	31	1
224	294	31	1
225	294	31	1
227	294	31	1
228	294	31	1
230	294	31	1
233	294	31	1
235	294	31	1
237	294	31	1
245	294	31	1
247	294	31	2
252	294	31	1
220	295	31	2
221	295	31	2
232	295	31	1
235	295	31	1
250	295	31	3
197	296	31	1
199	296	31	1
215	296	31	1
222	296	31	1
231	296	31	1
235	296	31	2
240	296	31	2
248	296	31	2
250	296	31	1
252	296	31	1
253	296	31	2
195	297	31	1
225	297	31	1
226	297	31	1
227	297	31	1
234	297	31	1
235	297	31	2
236	297	31	1
241	297	31	1
248	297	31	1
252	297	31	1
226	298	31	1
229	298	31	2
249	298	31	1
253	298	31	2
224	299	31	1
229	299	31	2
236	299	31	1
237	299	31	1
246	299	31	1
218	300	31	3
228	300	31	1
230	300	31	2
231	300	31	1
237	300	31	1
244	300	31	1
246	300	31	1
247	300	31	1
248	300	31	1
250	300	31	1
221	301	31	1
229	301	31	1
230	301	31	1
232	301	31	1
242	301	31	1
243	301	31	1
246	301	31	1
247	301	31	1
224	302	31	1
232	302	31	1
236	302	31	1
239	302	31	2
244	302	31	1
245	302	31	1
247	302	31	1
248	302	31	1
224	303	31	1
231	303	31	1
232	303	31	1
235	303	31	1
236	303	31	2
237	303	31	2
239	303	31	2
241	303	31	1
243	303	31	1
247	303	31	1
235	304	31	1
223	305	31	1
224	305	31	1
237	305	31	1
238	305	31	3
242	305	31	1
223	306	31	1
236	306	31	1
226	309	31	1
227	251	32	1
214	252	32	2
217	252	32	1
193	253	32	1
218	253	32	2
240	253	32	1
223	254	32	1
226	254	32	1
227	254	32	1
216	255	32	1
217	255	32	2
224	255	32	1
230	255	32	1
177	256	32	1
219	256	32	1
195	257	32	1
208	257	32	2
210	257	32	1
219	257	32	1
229	257	32	1
193	258	32	1
216	258	32	2
219	258	32	3
220	258	32	1
233	258	32	1
237	258	32	1
240	258	32	1
211	259	32	2
215	259	32	1
216	259	32	2
219	259	32	5
220	259	32	1
227	259	32	1
229	259	32	2
234	259	32	1
242	259	32	1
243	259	32	1
245	259	32	1
210	260	32	3
220	260	32	1
222	260	32	1
228	260	32	2
236	260	32	1
239	260	32	1
244	260	32	1
248	260	32	1
186	261	32	1
212	261	32	1
218	261	32	2
220	261	32	1
225	261	32	1
228	261	32	1
242	261	32	1
194	262	32	1
196	262	32	2
197	262	32	1
198	262	32	1
216	262	32	1
221	262.666666666667	33	1
230	262	32	2
231	262	32	1
235	262	32	1
236	262	32	1
238	262	32	1
244	262	32	1
247	262	32	1
249	262	32	2
250	262	32	1
184	263	32	1
208	263	32	1
212	263	32	2
216	263	32	1
218	263	32	1
220	263	32	2
221	263	32	1
224	263	32	1
226	263	32	1
228	263	32	2
231	263	32	1
236	263	32	2
246	263	32	1
247	263	32	1
249	263	32	1
251	263	32	1
200	264	32	1
210	264	32	1
216	264	32	1
230	264	32	1
231	264	32	3
233	264	32	1
238	264	32	1
239	264	32	1
240	264	32	1
246	264	32	1
247	264	32	1
248	264	32	2
176	265	32	1
188	265	32	1
191	265	32	2
212	265	32	1
217	265	32	2
220	265	32	1
224	265	32	1
226	265	32	1
229	265	32	2
233	265	32	1
234	265	32	1
239	265	32	1
184	266	32	1
188	266	32	1
213	266	32	2
214	266	32	1
218	266	32	2
221	266	32	1
222	266	32	1
228	266	32	3
235	266	32	1
237	266	32	1
239	266	32	1
241	266	32	2
243	266	32	1
251	266	32	1
182	267	32	1
184	267	32	1
188	267	32	1
192	267	32	2
193	267	32	1
197	267	32	1
205	267	32	2
211	267	32	1
215	267	32	1
222	267	32	1
225	267	32	1
237	267	32	1
240	267	32	1
243	267	32	2
248	267	32	1
183	268	32	1
186	268	32	1
193	268	32	2
194	268	32	2
215	268	32	1
224	268	32	1
231	268	32	2
238	268	32	1
243	268	32	1
182	269	32	1
191	269	32	1
193	269	32	2
196	269	32	1
204	269	32	1
210	269	32	1
222	269	32	2
223	269	32	2
232	269	32	1
238	269	32	1
243	269	32	1
246	269	32	1
248	269	32	2
252	269	32	1
172	270	32	2
187	270	32	2
195	270	32	1
197	270	32	3
201	270	32	1
203	270	32	2
210	270	32	1
211	270	32	1
222	270	32	1
227	270	32	1
233	270	32	1
234	270	32	1
177	271	32	1
183	271	32	1
184	271	32	1
188	271	32	1
207	271	32	1
209	271	32	1
212	271	32	1
215	271	32	1
216	271	32	1
228	271	32	2
235	271	32	1
238	271	32	1
239	271	32	1
240	271	32	1
246	271	32	1
251	271	32	2
176	272	32	1
182	272	32	1
184	272	32	1
200	272	32	1
201	272	32	1
213	272	32	1
214	272	32	1
225	272	32	1
230	272	32	2
249	272	32	1
251	272	32	2
255	272	32	1
182	273	32	1
185	273	32	1
209	273	32	2
210	273	32	1
214	273	32	2
228	273	32	1
235	273	32	2
236	273	32	1
239	273	32	1
240	273	32	3
241	273	32	1
243	273	32	1
249	273	32	1
250	273	32	1
181	274	32	1
182	274	32	1
183	274	32	1
202	274	32	2
210	274	32	2
215	274	32	2
233	274	32	1
234	274	32	2
237	274	32	1
244	274	32	1
246	274	32	2
250	274	32	2
181	275	32	2
184	275	32	1
186	275	32	3
213	275	32	2
214	275	32	1
215	275	32	1
238	275	32	2
240	275	32	1
247	275	32	2
249	275	32	2
174	276	32	2
203	276	32	1
210	276	32	1
228	276	32	1
233	276	32	1
243	276	32	1
249	276	32	1
174	277	32	1
175	277	32	1
176	277	32	1
216	277	32	1
232	277	32	1
236	277	32	1
241	277	32	1
243	277	32	1
245	277	32	1
248	277	32	1
175	278	32	1
203	278	32	1
204	278	32	1
225	278	32	1
240	278	32	1
241	278	32	1
243	278	32	1
246	278	32	1
177	279	32	1
179	279	32	1
207	279	32	1
214	279	32	1
223	279	32	1
236	279	32	3
237	279	32	1
239	279	32	2
244	279	32	1
245	279	32	1
255	279	32	1
176	280	32	1
189	280	32	1
219	280	32	3
222	280	32	1
229	280	32	1
232	280	32	1
239	280	32	1
241	280	32	1
242	280	32	1
248	280	32	1
251	280	32	1
175	281	32	1
179	281	32	1
186	281	32	1
217	281	32	1
220	281	32	1
222	281	32	1
232	281	32	1
233	281	32	2
241	281	32	1
243	281	32	1
244	281	32	1
246	281	32	1
248	281	32	2
187	282	32	2
220	282	32	2
222	282	32	1
223	282	32	1
226	282	32	1
227	282	32	1
231	282	32	1
237	282	32	1
245	282	32	1
246	282	32	1
250	282	32	1
179	283	32	1
236	283	32	1
238	283	32	1
242	283	32	1
244	283	32	1
251	283	32	1
209	284	32	1
210	284	32	1
219	284	32	1
220	284	32	1
225	284	32	2
226	284	32	2
232	284	32	1
237	284	32	2
248	284	32	1
251	284	32	1
254	284	32	1
176	285	32	4
177	285	32	1
178	285	32	1
180	285	32	1
204	285	32	1
205	285	32	1
215	285	32	1
221	285	32	1
222	285	32	1
225	285	32	1
231	285	32	1
232	285	32	1
234	285	32	1
235	285	32	1
240	285	32	1
243	285	32	2
246	285	32	1
249	285	32	1
253	285	32	1
178	286	32	2
204	286	32	1
206	286	32	2
209	286	32	2
219	286	32	1
221	286	32	1
226	286	32	1
231	286	32	1
234	286	32	1
236	286	32	2
239	286	32	1
240	286	32	1
249	286	32	2
250	286	32	2
252	286	32	1
176	287	32	1
187	287	32	1
208	287	32	1
219	287	32	2
223	287	32	1
245	287	32	1
248	287	32	2
225	288	32	1
226	288	32	1
235	288	32	1
236	288	32	2
239	288	32	1
240	288	32	1
243	288	32	2
249	288	32	1
222	289	32	2
224	289	32	1
231	289	32	1
233	289	32	1
234	289	32	1
235	289	32	1
244	289	32	1
247	289	32	1
248	289	32	1
200	290	32	1
220	290	32	1
221	290	32	3
222	290	32	1
232	290	32	1
234	290	32	2
235	290	32	2
239	290	32	2
241	290	32	2
244	290	32	1
246	290	32	1
247	290	32	3
229	291	32	2
236	291	32	1
243	291	32	1
244	291	32	1
246	291	32	1
254	291	32	1
256	291	32	3
197	292	32	1
198	292	32	1
204	292	32	1
218	292	32	1
221	292	32	1
225	292	32	1
227	292	32	2
234	292	32	1
238	292	32	3
246	292	32	1
248	292	32	1
250	292	32	1
252	292	32	1
254	292	32	1
197	293	32	2
198	293	32	2
199	293	32	1
200	293	32	1
227	293	32	1
229	293	32	1
232	293	32	1
241	293	32	1
242	293	32	1
244	293	32	1
249	293	32	1
250	293	32	1
256	293	32	1
202	294	32	1
204	294	32	1
230	295	33	1
230	294	32	1
231	294	32	1
236	294	32	1
237	294	32	1
239	294	32	1
242	294	32	1
244	294	32	2
245	294	32	1
247	294	32	1
252	294	32	3
256	294	32	1
181	295	32	1
192	295	32	2
195	295	32	2
218	295	32	1
223	295	32	1
232	295	32	1
236	295	32	1
239	295	32	3
241	295	32	1
244	295	32	1
247	295	32	1
248	295	32	1
251	295	32	1
253	295	32	2
187	296	32	1
202	296	32	2
223	296	32	1
226	296	32	1
235	296	32	1
237	296	32	1
241	296	32	1
243	296	32	1
245	296	32	1
247	296	32	1
249	296	32	1
252	296	32	4
221	297	32	1
226	297	32	1
227	297	32	1
230	297	32	1
234	297	32	1
236	297	32	1
249	297	32	2
250	297	32	1
251	297	32	2
252	297	32	1
198	298	32	1
220	298	32	1
232	298	32	1
234	298	32	1
236	298	32	2
238	298	32	1
247	298	32	1
249	298	32	1
252	298	32	2
196	299	32	1
231	299	32	1
236	299	32	1
240	299	32	2
243	299	32	1
244	299	32	1
248	299	32	1
185	300	32	1
196	300	32	2
225	300	32	1
237	300	32	1
239	300	32	2
240	300	32	1
245	300	32	1
221	301	32	1
231	301	32	1
233	301	32	1
236	301	32	3
240	301	32	1
241	301	32	2
245	301	32	1
246	301	32	1
248	301	32	1
249	301	32	1
230	302	32	1
231	302	32	1
233	302	32	1
236	302	32	1
245	302	32	2
249	302	32	1
207	303	32	2
223	303	32	1
229	303	32	1
234	303	32	3
241	303	32	1
242	303	32	2
230	304	32	1
231	304	32	1
233	304	32	1
234	304	32	1
237	304	32	1
239	304	32	1
245	304	32	1
204	305	32	1
221	305	32	1
237	305	32	2
238	305	32	1
242	305	32	1
208	306	32	1
224	306	32	1
230	306	32	1
236	306	32	2
221	307	32	2
220	308	32	1
227	308	32	1
229	308	32	1
236	308	32	1
220	309	32	1
228	309	32	1
234	309	32	2
225	311	32	1
234	311	32	2
229	312	32	1
226	251	33	1
227	251	33	1
228	251	33	1
223	252	33	2
227	252	33	1
217	253	33	1
224	253	33	1
193	254	33	1
227	254	33	1
230	254	33	2
231	254	33	1
232	254	33	1
235	254	33	1
236	254	33	1
239	254	33	1
241	254	33	1
220	255	33	1
224	255	33	1
235	255	33	1
237	255	33	1
215	256	33	2
222	256	33	1
225	256	33	1
230	256	33	2
237	256	33	1
214	257	33	1
216	257	33	1
217	257	33	1
218	257	33	1
215	258	33	2
218	258	33	1
222	258	33	1
230	258	33	2
234	258	33	1
243	258	33	1
189	259	33	2
201	259	33	2
213	259	33	1
224	259	33	1
225	259	33	1
226	259	33	1
227	259	33	2
228	259	33	2
243	259	33	1
244	259	33	2
208	260	33	1
213	260	33	2
224	260	33	1
230	260	33	1
231	260	33	1
237	260	33	1
241	260	33	1
182	261	33	1
209	261	33	1
214	261	33	1
217.5	261.5	33.5	1
224	261	33	1
226	261	33	2
228	261	33	1
229	261	33	1
231	261	33	3
232	261	33	2
238	261	33	1
240	261	33	1
241	261	33	1
244	261	33	1
247	261	33	1
211	262	33	1
214	262	33	1
215	262	33	1
216	262	33	2
218	262	33	1
221	262	33	2
233	262	33	1
238	262	33	1
185	263	33	2
188	263	33	1
190	263	33	3
191	263	33	1
203	263	33	1
213	263	33	1
217	263	33	1
218	263	33	2
220	263	33	1
223	263	33	1
231	263	33	1
242	263	33	1
243	263	33	1
244	263	33	1
245	263	33	1
186	264	33	1
190	264	33	1
192	264	33	1
193	264	33	1
195	264	33	2
199	264	33	2
209	264	33	1
210	264	33	1
211	264	33	1
214	264	33	1
215	264	33	1
216	264	33	2
217	264	33	1
218	264	33	1
220	264	33	2
224	264	33	1
225	264	33	1
226	264	33	2
228	264	33	3
231	264	33	2
238	264	33	1
242	264	33	1
245	264	33	1
249	264	33	1
189	265	33	1
195	265	33	2
211	265	33	1
212	265	33	1
214	265	33	1
217	265	33	2
218	265	33	1
220	265	33	1
221	265	33	1
225	265	33	1
226	265	33	1
233	265	33	1
235	265	33	1
243	265	33	1
244	265	33	1
245	265	33	1
247	265	33	2
251	265	33	1
184	266	33	1
185	266	33	1
190	266	33	1
191	266	33	1
192	266	33	1
194	266	33	1
195	266	33	1
211	266	33	1
213	266	33	1
217	266	33	2
222	266	33	1
225	266	33	1
228	266	33	1
237	266	33	1
240	266	33	1
242	266	33	1
246	266	33	1
184	267	33	1
188	267	33	2
192	267	33	3
205	267	33	1
209	267	33	2
216	267	33	1
217	267	33	1
240	267	33	1
241	267	33	3
242	267	33	1
244	267	33	2
245	267	33	1
247	267	33	2
248	267	33	1
253	267	33	2
183	268	33	1
189	268	33	1
206	268	33	1
208	268	33	1
209	268	33	1
210	268	33	2
212	268	33	1
213	268	33	1
216	268	33	1
219	268	33	2
220	268	33	1
231	268	33	2
232	268	33	2
245	268	33	1
252	268	33	1
185	269	33	1
193	269	33	1
204	269	33	1
209	269	33	1
219	269	33	1
227	269	33	1
232	269	33	1
234	269	33	1
239	269	33	1
244	269	33	1
251	269	33	1
178	270	33	1
184	270	33	1
186	270	33	2
187	270	33	1
194	270	33	1
212	270	33	2
223	270	33	1
233	270	33	1
240	270	33	1
241	270	33	1
242	270	33	1
244	270	33	1
245	270	33	1
247	270	33	2
251	270	33	1
252	270	33	1
175	271	33	1
177	271	33	1
181	271	33	1
190	271	33	1
205	271	33	1
211	271	33	1
215	271	33	1
216	271	33	2
217	271	33	1
235	271	33	2
238	271	33	1
239	271	33	1
240	271	33	1
242	271	33	1
246	271	33	1
253	271	33	2
172	272	33	1
180	272	33	1
186	272	33	1
203	272	33	1
210	272	33	2
213	272	33	1
225	272	33	1
232	272	33	1
233	272	33	2
237	272	33	1
238	272	33	1
239	272	33	1
244	272	33	1
245	272	33	2
249	272	33	1
250	272	33	1
251	272	33	1
171	273	33	1
173	273	33	1
176	273	33	1
183	273	33	2
196	273	33	1
201	273	33	1
214	273	33	1
217	273	33	1
226	273	33	1
230	273	33	1
238	273	33	2
247	273	33	1
248	273	33	1
169	274	33	1
174	274	33	2
177	274	33	1
186	274	33	1
203	274	33	1
205	274	33	1
206	274	33	1
207	274	33	1
208	274	33	2
211	274	33	1
212	274	33	1
232	274	33	1
235	274	33	1
237	274	33	1
239	274	33	1
242	274	33	1
243	274	33	2
183	275	33	1
185	275	33	4
186	275	33	1
188	275	33	1
211	275	33	1
214	275	33	1
216	275	33	1
217	275	33	1
227	275	33	1
243	275	33	1
251	275	33	1
174	276	33	1
177	276	33	1
192	276	33	1
214	276	33	1
215	276	33	1
235	276	33	1
239	276	33	1
240	276	33	1
241	276	33	1
242	276	33	1
244	276	33	1
183	277	33	2
202	277	33	1
205	277	33	1
209	277	33	1
234	277	33	1
236	277	33	1
238	277	33	2
239	277	33	1
243	277	33	1
244	277	33	1
245	277	33	2
191	278	33	1
204	278	33	2
207	278	33	1
210	278	33	1
240	278	33	1
244	278	33	1
176	279	33	1
222	279	33	1
231	279	33	2
244	279	33	1
248	279	33	1
175	280	33	1
177	280	33	1
180	280	33	2
191	280	33	1
210	280	33	1
211	280	33	2
217	280	33	2
223	280	33	1
224	280	33	1
226	280	33	1
232	280	33	1
241	280	33	1
173	281	33	2
175	281	33	1
176	281	33	1
178	281	33	1
179	281	33	1
204	281	33	1
207	281	33	1
217	281	33	2
234	281	33	2
241	281	33	1
243	281	33	1
249	281	33	1
250	281	33	1
207	282	33	1
209	282	33	1
212	282	33	1
213	282	33	1
220	282	33	1
222	282	33	1
226	282	33	1
232	282	33	1
233	282	33	3
237	282	33	1
238	282	33	1
242	282	33	1
248	282	33	1
183	283	33	1
189	283	33	2
206	283	33	1
207	283	33	1
220	283	33	1
227	283	33	2
236	283	33	1
246	283	33	1
180	284	33	1
205	284	33	3
206	284	33	1
209	284	33	1
221	284	33	1
222	284	33	1
225	284	33	1
233	284	33	1
235	284	33	1
241	284	33	1
242	284	33	1
244	284	33	1
175	285	33	1
204	285	33	1
208	285	33	1
220	285	33	1
221	285	33	1
226	285	33	1
230	285	33	1
232	285	33	1
233	285	33	1
236	285	33	1
237.5	285.5	33.5	1
241	285	33	1
243	285	33	2
245	285	33	1
253	285	33	1
204	286	33	1
223	286	33	1
225	286	33	1
228	286	33	3
229	286	33	1
230	286	33	1
239	286	33	1
241.5	286.5	33.5	1
243	286	33	1
244	286	33	1
245	286	33	1
249	286	33	1
221	287	33	1
222	287	33	1
223	287	33	1
226	287	33	2
227	287	33	1
228	287	33	1
233	287	33	1
234	287	33	1
236	287	33	2
242	287	33	1
245	287	33	1
246	287	33	2
184	288	33	2
219	288	33	1
223	288	33	1
239	288	33	1
247	288	33	1
249	288	33	1
203	289	33	2
222	289	33	1
223	289	33	1
224	289	33	1
234	289	33	1
235	289	33	1
237	289	33	1
245	289	33	1
253	289	33	1
184	290	33	1
197	290	33	1
199	290	33	1
202	290	33	1
223	290	33	1
228	290	33	1
233	290	33	2
234	290	33	2
235	290	33	2
238	290	33	1
239	290	33	1
246	290	33	1
247	290	33	1
248	290	33	1
257	290	33	1
185	291	33	1
198	291	33	3
203	291	33	1
231	291	33	1
237	291	33	1
241	291	33	1
242	291	33	1
244	291	33	1
249	291	33	1
183	292	33	1
226	292	33	2
232	292	33	2
235	292	33	1
238	292	33	1
239	292	33	1
253	292	33	3
220	293	33	2
226	293	33	1
229	293	33	1
233	293	33	1
239	293	33	1
247	293	33	1
248	293	33	2
251	293	33	1
199	294	33	1
202	294	33	1
213	294	33	1
223	294	33	2
231	294	33	2
235	294	33	1
236	294	33	1
237	294	33	2
238	294	33	1
246	294	33	1
197	295	33	2
204	295	33	1
218	295	33	1
229	295	33	1
231	295	33	2
233	295	33	1
238	295	33	2
246	295	33	1
253	295	33	1
179	296	33	1
198	296	33	1
199	296	33	2
222	296	33	2
223	296	33	1
228	296	33	1
235	296	33	1
246	296	33	1
195	297	33	1
196	297	33	1
198	297	33	1
226	297	33	1
231	297	33	1
235	297	33	1
236	297	33	1
240	297	33	2
182	298	33	2
200	298	33	1
220	298	33	1
223	298	33	1
234	298	33	2
242	298	33	2
248	298	33	1
197	299	33	1
201	299	33	1
223	299	33	2
229	299	33	1
236	299	33	1
241	299	33	1
242	299	33	1
246	299	33	1
247	299	33	1
196	300	33	1
226	300	33	1
227	300	33	1
228	300	33	2
230	300	33	1
244	300	33	1
246	300	33	1
196	301	33	1
224	301	33	1
226	301	33	1
237	301	33	2
249	301	33	1
225	302	33	1
228	302	33	1
229	302	33	1
236	302	33	1
245	302	33	1
246	302	33	1
207	303	33	1
229	303	33	1
231	303	33	1
235	303	33	3
237	303	33	1
229	304	33	1
230	304	33	1
231	304	33	1
232	304	33	1
237	304	33	1
238	304	33	2
243	304	33	1
207	305	33	2
222	305	33	1
234	305	33	1
237	305	33	2
240	305	33	1
220	306	33	1
232	306	33	1
236	306	33	2
221	307	33	1
222	307	33	3
224	307	33	2
225	307	33	2
235	307	33	1
223	308	33	2
227	308	33	1
229	308	33	1
233	308	33	1
240	308	33	2
221	309	33	1
222	309	33	1
223	309	33	1
226	309	33	2
229	309	33	1
237	309	33	1
221	310	33	1
223	310	33	1
225	310	33	1
226	310	33	1
227	310	33	1
218	311	33	1
226	311	33	1
228	311	33	1
232	311	33	1
234	311	33	1
238	311	33	1
225	312	33	1
226	312	33	1
232	312	33	1
228	313	33	2
230	313	33	1
235	313	33	1
228	314	33	1
234	314	33	1
230	315	33	1
226	250	34	1
229	250	34	1
228	251	34	3
225	252	34	1
230	252	34	1
225	253	34	1
226	253	34	1
228	253	34	1
217	254	34	1
219	254	34	2
225	254	34	1
233	254	34	1
235	254	34	2
227	255	34	2
215	256	34	2
218	256	34	1
223	256	34	1
226	256	34	1
227	256	34	1
218	257	34	1
220	257	34	1
221	257	34	1
225	257	34	1
227	257	34	1
242	257	34	1
216	258	34	1
218	258	34	2
226	258	34	2
235	258	34	1
239	258	34	1
244	258	34	2
216	259	34	1
217	259	34	1
227	259	34	2
228	259	34	1
233	259	34	1
235	259	34	1
238	259	34	2
241	259	34	1
242	259	34	1
192	260	34	1
214	260	34	1
219	260	34	1
224	260	34	1
226	260	34	1
228	260	34	1
229	260	34	1
237	260	34	2
240	260	34	1
245	260	34	1
211	261	34	3
215	261	34	1
216	261	34	2
230	261	34	1
232	261	34	1
235	261	34	1
244	261	34	1
190	262	34	1
192	262	34	1
194	262	34	1
215	262	34	2
219	262	34	1
229	262	34	1
230	262	34	1
236	262	34	1
240	262	34	1
244	262	34	1
250	262	34	1
185	263	34	2
188	263	34	3
189	263	34	1
192	263	34	2
193	263	34	1
204	263	34	1
210	263	34	1
213	263	34	1
216	263	34	2
217	263	34	1
223	263	34	1
225	263	34	1
232	263	34	1
233	263	34	1
238	263	34	2
239	263	34	1
240	263	34	1
249	263	34	1
252	263	34	2
188	264	34	3
192	264	34	2
200	264	34	1
202	264	34	1
205	264	34	1
215	264	34	3
220	264	34	3
222	264	34	1
223	264	34	1
226	264	34	1
227	264	34	1
229	264	34	1
237	264	34	2
242	264	34	1
247	264	34	1
249	264	34	1
192	265	34	1
211	265	34	1
223	265	34	1
226	265	34	1
230	265	34	1
232	265	34	1
233	265	34	1
241	265	34	1
250	265	34	2
251	265	34	1
184	266	34	1
188	266	34	1
193	266	34	1
196	266	34	1
204	266	34	1
209	266	34	2
211	266	34	1
221	266	34	2
233	266	34	1
240	266	34	1
242	266	34	1
183	267	34	1
186	267	34	2
194	267	34	1
196	267	34	1
206	267	34	1
208	267	34	1
209	267	34	1
210	267	34	1
214	267	34	1
217	267	34	2
229	267	34	1
242	267	34	1
246	267	34	2
247	267	34	1
248	267	34	1
249	267	34	1
250	267	34	1
194	268	34	1
195	268	34	1
207	268	34	2
214	268	34	2
220	268	34	1
222	268	34	1
227	268	34	1
233	268	34	2
242	268	34	1
245	268	34	1
246	268	34	1
249	268	34	1
250	268	34	1
252	268	34	1
171	269	34	1
184	269	34	2
187	269	34	1
188	269	34	2
189	269	34	1
192	269	34	1
193	269	34	1
194	269	34	1
208	269	34	1
210	269	34	1
230	269	34	2
239	269	34	1
242	269	34	1
180	270	34	1
184	270	34	1
185	270	34	2
186	270	34	1
189	270	34	1
192	270	34	1
197	270	34	1
201	270	34	1
203	270	34	1
206	270	34	1
216	270	34	1
217	270	34	1
218	270	34	2
223	270	34	1
242	270	34	1
244	270	34	1
246	270	34	1
249	270	34	1
172	271	34	1
173	271	34	1
175	271	34	1
177	271	34	2
178	271	34	1
180	271	34	1
187	271	34	1
201	271	34	1
206	271	34	1
212	271	34	1
213	271	34	1
214	271	34	2
220	271	34	1
231	271	34	2
234	271	34	1
237	271	34	1
241	271	34	1
245	271	34	1
248	271	34	1
249	271	34	1
173	272	34	3
176	272	34	1
179	272	34	1
180	272	34	1
181	272	34	1
186	272	34	1
188	272	34	1
211	272	34	1
214	272	34	1
216	272	34	1
226	272	34	1
227	272	34	1
229	272	34	1
232	272	34	1
238	272	34	2
240	272	34	1
247	272	34	1
248	272	34	1
249	272	34	1
170	273	34	2
181	273	34	1
182	273	34	1
184	273	34	1
185	273	34	1
186	273	34	2
205	273	34	1
207	273	34	1
208	273	34	2
212	273	34	1
214	273	34	1
215	273	34	1
219	273	34	1
179	274	34	2
182	274	34	1
183	274	34	1
186	274	34	1
203	274	34	1
206	274	34	1
211	274	34	1
231	274	34	1
233	274	34	1
234	274	34	1
235	274	34	1
236	274	34	2
185	275	34	1
206	275	34	2
208	275	34	2
213	275	34	1
231	275	34	4
233	275	34	1
238	275	34	1
240	275	34	1
175	276	34	1
180	276	34	2
202	276	34	1
210	276	34	1
211	276	34	1
212	276	34	1
232	276	34	3
235	276	34	1
236	276	34	1
241	276	34	1
245	276	34	1
175	277	34	2
176	277	34	1
202	277	34	2
204	277	34	1
206	277	34	1
208	277	34	1
209	277	34	1
215	277	34	3
235	277	34	2
236	277	34	2
237	277	34	1
238	277	34	2
244	277	34	1
186	278	34	2
202	278	34	2
203	278	34	3
209	278	34	1
211	278	34	2
232	278	34	3
174	279	34	1
181	279	34	1
192	279	34	1
203	279	34	1
207	279	34	1
215	279	34	1
217	279	34	1
219	279	34	2
231	279	34	1
232	279	34	1
236	279	34	1
242	279	34	2
243	279	34	1
245	279	34	1
249	279	34	1
178	280	34	1
187	280	34	1
192	280	34	1
193	280	34	1
204	280	34	1
206	280	34	2
207	280	34	1
240	280	34	1
242	280	34	1
245	280	34	1
246	280	34	2
248	280	34	1
173	281	34	1
176	281	34	1
179	281	34	1
180	281	34	1
189	281	34	1
192	281	34	1
203	281	34	1
204	281	34	1
205	281	34	1
207	281	34	1
209	281	34	1
213	281	34	1
223	281	34	1
228	281	34	1
231	281	34	1
232	281	34	1
237	281	34	1
241	281	34	1
175	282	34	1
178	282	34	1
181	282	34	1
187	282	34	1
207	282	34	1
212	282	34	1
213	282	34	1
215	282	34	1
224	282	34	1
226	282	34	1
230	282	34	1
235	282	34	1
240	282	34	1
249	282	34	2
175	283	34	2
181	283	34	1
187	283	34	1
207	283	34	1
215	283	34	1
218	283	34	1
227	283	34	1
237	283	34	2
239	283	34	1
243	283	34	1
245	283	34	2
250	283	34	2
176	284	34	3
178	284	34	1
191	284	34	1
203	284	34	1
208	284	34	1
212	284	34	1
215	284	34	2
219	284	34	1
224	284	34	1
227	284	34	1
236	284	34	2
243	284	34	1
246	284	34	1
247	284	34	1
249	284	34	1
254	284	34	1
177	285	34	1
187	285	34	1
202	285	34	1
206	285	34	1
211	285	34	1
220	285	34	2
221	285	34	1
223	285	34	2
224	285	34	1
233	285	34	1
237	285	34	1
240	285	34	1
242	285	34	3
246	285	34	2
176	286	34	3
186	286	34	1
188	286	34	1
189	286	34	2
190	286	34	1
202	286	34	1
203	286	34	1
204	286	34	2
213	286	34	1
223	286	34	2
239	286	34	1
240	286	34	1
246	286	34	2
247	286	34	1
254	286	34	1
184	287	34	1
187	287	34	1
207	287	34	1
220	287	34	1
223	287	34	1
226	287	34	3
228	287	34	1
235	287	34	1
247	287	34	1
251	287	34	2
252	287	34	1
177	288	34	1
184	288	34	1
187	288	34	2
190	288	34	1
199	288	34	1
201	288	34	1
204	288	34	1
221	288	34	1
222	288	34	2
226	288	34	1
227	288	34	2
229	288	34	1
230	288	34	1
231	288	34	1
235	288	34	2
240	288	34	1
245	288	34	1
249	288	34	1
255	288	34	1
184	289	34	2
186	289	34	1
200	289	34	1
202	289	34	1
203	289	34	1
228	289	34	1
230	289	34	1
235	289	34	1
238	289	34	2
241	289	34	1
246	289	34	1
249	289	34	1
186	290	34	2
199	290	34	1
220	290	34	1
225	290	34	1
230	290	34	1
235	290	34	1
246	290	34	1
247	290	34	1
253	290	34	1
185	291	34	1
200	291	34	1
202	291	34	2
224	291	34	1
225	291	34	1
229	291	34	2
231	291	34	3
237	291	34	2
241	291	34	2
199	292	34	1
200	292	34	1
201	292	34	1
202	292	34	4
221	292	34	1
222	292	34	1
223	292	34	2
226	292	34	1
227	292	34	1
228	292	34	1
233	292	34	1
241	292	34	1
243	292	34	1
247	292	34	4
188	293	34	1
190	293	34	1
196	293	34	1
224	293	34	1
225	293	34	1
230	293	34	1
237	293	34	1
238	293	34	2
248	293	34	1
177	294	34	1
183	294	34	1
198	294	34	1
220	294	34	2
225	294	34	1
235	294	34	1
236	294	34	1
243	294	34	1
184	295	34	1
196	295	34	2
204	295	34	1
224	295	34	1
229	295	34	1
232	295	34	2
233	295	34	1
240	295	34	1
244	295	34	1
183	296	34	2
184	296	34	1
191	296	34	2
196	296	34	1
199	296	34	1
221	296	34	1
222	296	34	1
237	296	34	1
238	296	34	1
239	296	34	1
241	296	34	2
242	296	34	1
179	297	34	1
194	297	34	1
195	297	34	1
196	297	34	1
199	297	34	2
219	297	34	1
223	297	34	1
232	297	34	2
233	297	34	2
242	297	34	1
244	297	34	2
194	298	34	1
220	298	34	1
228	298	34	1
235	298	34	1
236	298	34	2
237	298	34	1
239	298	34	1
241	298	34	1
242	298	34	2
248	298	34	1
195	299	34	1
199	299	34	1
236	299	34	1
239	299	34	2
241	299	34	2
243	299	34	1
244	299	34	1
245	299	34	1
224	300	34	2
226	300	34	1
230	300	34	3
233	300	34	1
237	300	34	2
239	300	34	1
242	300	34	2
243	300	34	2
196	301	34	1
225	301	34	1
227	301	34	2
229	301	34	1
231	301	34	1
241	301	34	1
228	302	34	2
230	302	34	1
235	302	34	2
237	302	34	1
239	302	34	2
242	302	34	1
233	303	34	1
235	303	34	1
240	303	34	1
241	303	34	1
244	303	34	1
245	303	34	1
199	304	34	1
227	304	34	1
230	304	34	1
232	304	34	2
233	304	34	1
237	304	34	2
241	304	34	2
244	304	34	1
235	305	34	2
236	305	34	1
237	305	34	1
222	306	34	1
232	306	34	1
233	306	34	3
234	306	34	1
238	306	34	1
242	306	34	1
206	307	34	1
221	307	34	2
234	307	34	2
236	307	34	1
241	307	34	2
243	307	34	1
222	308	34	1
225	308	34	2
226	308	34	1
239	308	34	3
242	308	34	2
223	309	34	2
224	309	34	1
225	309	34	1
233	309	34	2
237	309	34	1
242	309	34	1
222	310	34	1
224	310	34	1
227	310	34	1
228	310	34	1
236	310	34	1
239	310	34	1
240	310	34	2
232	311	34	1
228	312	34	1
229	312	34	1
230	312	34	1
232	312	34	1
235	312	34	1
237	312	34	1
212	313	34	1
221	313	34	1
225	313	34	2
232	313	34	2
233	313	34	1
234	313	34	1
235	313	34	2
234	314	34	1
230	315	34	1
238	315	34	1
226	316	34	1
228	316	34	1
230	316	34	1
227	317	34	1
232	317	34	1
233	317	34	1
226	250	35	1
226	252	35	1
229	252	35	1
221	253	35	1
223	253	35	2
224	253	35	1
225	253	35	1
226	253	35	1
227	254	35	1
231	254	35	1
240	254	35	1
222	255	35	1
224	255	35	1
225	255	35	2
227	255	35	1
230	255	35	1
218	256	35	1
221	256	35	1
222	256	35	1
225	256	35	1
243	256	35	1
209	257	35	1
218	257	35	1
227	257	35	1
230	257	35	1
237	257	35	1
240	257	35	1
243	257	35	1
203	258	35	1
222	258	35	1
223	258	35	2
226	258	35	1
227	258	35	1
228	258	35	1
234	258	35	2
237	258	35	1
182	259	35	1
201	259	35	1
211	259	35	1
217	259	35	1
218	259	35	2
223	259	35	1
225	259	35	1
226.5	259.5	35.5	1
227	259	35	1
230	259	35	1
238	259	35	1
239	259	35	2
240	259	35	1
241	259	35	2
242	259	35	1
244	259	35	1
190	260	35	2
210	260	35	3
216	260	35	2
218	260	35	1
221	260	35	2
224	260	35	1
230	260	35	2
233	260	35	3
240	260	35	1
247	260	35	1
191	261	35	1
208	261	35	1
219	261	35	1
222	261	35	1
226	261	35	2
230	261	35	1
233	261	35	2
234	261	35	1
236	261	35	1
240	261	35	1
189	262	35	2
207	262	35	1
210	262	35	1
213	262	35	1
218	262	35	1
219	262	35	2
226	262	35	1
231	262	35	1
233	262	35	1
240	262	35	1
241	262	35	1
245	262	35	1
248	262	35	1
189	263	35	1
209	263	35	2
211	263	35	1
213	263	35	1
216	263	35	1
221	263	35	1
225	263	35	1
233	263	35	3
237	263	35	1
243	263	35	1
244	263	35	2
247	263	35	1
248	263	35	1
249	263	35	1
250	263	35	1
186	264	35	2
190	264	35	2
191	264	35	2
209	264	35	2
212	264	35	1
213	264	35	1
218	264	35	1
220	264	35	1
225	264	35	1
227	264	35	1
228	264	35	1
230	264	35	1
232	264	35	1
237	264	35	1
238	264	35	1
240	264	35	1
243	264	35	1
185	265	35	1
188	265	35	1
189	265	35	1
193	265	35	1
194	265	35	1
196	265	35	1
200	265	35	1
207	265	35	1
208	265	35	1
209	265	35	1
211	265	35	1
212	265	35	2
213	265	35	2
214	265	35	1
216	265	35	2
217	265	35	1
225	265	35	2
226	265	35	1
231	265	35	1
233	265	35	2
234	265	35	1
238	265	35	1
243	265	35	1
187	266	35	1
197	266	35	1
205	266	35	2
209	266	35	1
220	266	35	1
223	266	35	1
234	266	35	1
242	266	35	1
247	266	35	1
187	267	35	1
188	267	35	1
206	267	35	1
207	267	35	1
210	267	35	2
216	267	35	1
225	267	35	2
226	267	35	2
227	267	35	1
229	267	35	1
243	267	35	1
245	267	35	1
250	267	35	1
188	268	35	1
189	268	35	1
195	268	35	1
202	268	35	1
203	268	35	1
207	268	35	2
209	268	35	1
213	268	35	1
214	268	35	1
216	268	35	1
218	268	35	2
239	268	35	1
243	268	35	1
246	268	35	1
247	268	35	2
248	268	35	1
178	269	35	1
180	269	35	1
184	269	35	1
185	269	35	2
186	269	35	1
196	269	35	2
202	269	35	1
210	269	35	1
214	269	35	1
215	269	35	1
216	269	35	1
217	269	35	1
220	269	35	1
235	269	35	1
238	269	35	1
247	269	35	1
178	270	35	1
191	270	35	1
195	270	35	2
196	270	35	1
198	270	35	1
210	270	35	1
211	270	35	1
213	270	35	1
214	270	35	1
216	270	35	2
220	270	35	1
223	270	35	1
235	270	35	1
239	270	35	1
249	270	35	1
250	270	35	1
171	271	35	1
177	271	35	1
179	271	35	1
183	271	35	1
185	271	35	1
186	271	35	3
188	271	35	2
192	271	35	1
195	271	35	1
196	271	35	1
198	271	35	1
205	271	35	1
206	271	35	1
209	271	35	1
210	271	35	2
213	271	35	1
214	271	35	1
216	271	35	1
218	271	35	1
238	271	35	1
243	271	35	1
245	271	35	1
247	271	35	1
248	271	35	1
250	271	35	1
173	272	35	1
174	272	35	1
178	272	35	1
180	272	35	1
183	272	35	1
190	272	35	2
192	272	35	1
193	272	35	1
197	272	35	1
203	272	35	1
205	272	35	2
209	272	35	2
213	272	35	1
214	272	35	1
219	272	35	1
229	272	35	1
232	272	35	1
235	272	35	1
239	272	35	1
246	272	35	1
176	273	35	1
178	273	35	2
179	273	35	1
181	273	35	1
182	273	35	1
183	273	35	2
185	273	35	1
204	273	35	1
206	273	35	2
208	273	35	1
228	273	35	1
241	273	35	2
248	273	35	1
250	273	35	2
170	274	35	1
171	274	35	1
173	274	35	1
179	274	35	1
181	274	35	1
182	274	35	1
187	274	35	2
190	274	35	1
196	274	35	1
201	274	35	1
210	274	35	1
213	274	35	1
232	274	35	1
239	274	35	1
250	274	35	1
178	275	35	1
184	275	35	2
200	275	35	1
207	275	35	2
210	275	35	2
213	275	35	1
235	275	35	1
237	275	35	1
238	275	35	1
239	275	35	1
242	275	35	1
243	275	35	1
245	275	35	1
178	276	35	1
204	276	35	1
209	276	35	1
211	276	35	1
212	276	35	1
217	276	35	1
218	276	35	1
219	276	35	1
239	276	35	1
240	276	35	2
242	276	35	3
248	276	35	1
175	277	35	1
202	277	35	1
208	277	35	1
229	277	35	1
232	277	35	1
242	277	35	1
244	277	35	1
175	278	35	1
176	278	35	1
178	278	35	2
188	278	35	1
203	278	35	1
204	278	35	1
205	278	35	1
210	278	35	1
214	278	35	2
221	278	35	1
222	278	35	1
223	278	35	1
227	278	35	2
229	278	35	1
230	278	35	1
233	278	35	1
234	278	35	1
179	279	35	1
190	279	35	1
194	279	35	1
201	279	35	1
204	279	35	1
210	279	35	2
222	279	35	2
245	279	35	1
172	280	35	1
173	280	35	1
174	280	35	1
177	280	35	1
179	280	35	1
191	280	35	2
193	280	35	1
203	280	35	2
206	280	35	2
211	280	35	1
212	280	35	1
219	280	35	1
221	280	35	1
224	280	35	1
226	280	35	1
233	280	35	1
234	280	35	1
237	280	35	2
248	280	35	1
182	281	35	1
204	281	35	1
205	281	35	1
207	281	35	1
210	281	35	3
213	281	35	1
217	281	35	1
219	281	35	3
221	281	35	1
222	281	35	1
224	281	35	1
226	281	35	1
229	281	35	1
234	281	35	1
235	281	35	1
245	281	35	1
179	282	35	2
189	282	35	1
190	282	35	1
208	282	35	2
210	282	35	1
214	282	35	1
215	282	35	1
218	282	35	1
223	282	35	1
225	282	35	1
227	282	35	1
244	282	35	1
181	283	35	1
183	283	35	1
188	283	35	1
204	283	35	1
205	283	35	1
211	283	35	2
214	283	35	1
215	283	35	2
222	283	35	2
223	283	35	1
228	283	35	1
233	283	35	1
236	283	35	2
243	283	35	1
177	284	35	1
181	284	35	1
189	284	35	1
200	284	35	1
203	284	35	1
205	284	35	1
209	284	35	1
214	284	35	1
216	284	35	1
218	284	35	1
220	284	35	1
232	284	35	1
236	284	35	1
238	284	35	2
242	284	35	1
247	284	35	1
178	285	35	1
182	285	35	1
205	285	35	1
206	285	35	1
208	285	35	1
225	285	35	1
231	285	35	1
236	285	35	1
241	285	35	1
242	285	35	2
243	285	35	2
250	285	35	1
174	286	35	1
178	286	35	2
181	286	35	2
187	286	35	1
191	286	35	1
201	286	35	1
202	286	35	1
208	286	35	2
209	286	35	1
213	286	35	1
223	286	35	1
224	286	35	1
228	286	35	1
233	286	35	1
238	286	35	1
247	286	35	1
175	287	35	1
186	287	35	1
187	287	35	2
188	287	35	1
190	287	35	4
194	287	35	1
202	287	35	2
203	287	35	1
205	287	35	1
206	287	35	1
208	287	35	2
220	287	35	1
221	287	35	2
242	287	35	1
243	287	35	1
246	287	35	1
185	288	35	1
187	288	35	1
188	288	35	1
194	288	35	2
201	288	35	2
218	288	35	1
221	288	35	1
222	288	35	1
246	288	35	1
247	288	35	1
184	289	35	1
190	289	35	3
193	289	35	1
200	289	35	1
222	289	35	2
239	289	35	2
245	289	35	1
248	289	35	1
184	290	35	1
190	290	35	1
200	290	35	1
201	290	35	1
203	290	35	1
205	290	35	1
223	290	35	3
235	290	35	1
185	291	35	2
187	291	35	1
196	291	35	2
200	291	35	1
202	291	35	1
205	291	35	2
222	291	35	1
223	291	35	1
224	291	35	1
226	291	35	1
230	291	35	1
234	291	35	1
241	291	35	1
185	292	35	1
186	292	35	1
187	292	35	2
188	292	35	1
193	292	35	1
203	292	35	2
221	292	35	1
222	292	35	2
228	292	35	1
233	292	35	1
181	293	35	1
182	293	35	2
195	293	35	4
198	293	35	1
204	293	35	1
218	293	35	2
222	293	35	1
227	293	35	1
228	293	35	1
231	293	35	3
232	293	35	1
233	293	35	1
187	294	35	1
188	294	35	1
190	294	35	1
199	294	35	2
218	294	35	1
220	294	35	2
222	294	35	1
223	294	35	1
234	294	35	1
236	294	35	1
191	295	35	1
203	295	35	1
204	295	35	1
218	295	35	1
225	295	35	2
227	295	35	3
230	295	35	1
231	295	35	1
238	295	35	1
196	296	35	1
198	296	35	1
204	296	35	1
220	296	35	1
245	296	35	1
197	297	35	1
200	297	35	3
202	297	35	1
221	297	35	3
230	297	35	1
237	297	35	1
240	297	35	1
196	298	35	1
200	298	35	1
203	298	35	1
219	298	35	1
220	298	35	1
221	298	35	1
222	298	35	1
229	298	35	1
236	298	35	1
245	298	35	1
247	298	35	1
196	299	35	1
235	299	35	1
240	299	35	1
226	300	35	1
228	300	35	2
235	301	35	2
240	301	35	1
242	301	35	1
243	301	35	1
245	301	35	1
222	302	35	1
224	302	35	2
229	302	35	1
230	302	35	1
233	302	35	1
240	302	35	2
242	302	35	1
226	303	35	1
229	303	35	1
233	303	35	1
236	303	35	1
241	303	35	1
242	303	35	1
221	304	35	1
225	304	35	1
228	304	35	1
234	304	35	1
241	304	35	1
243	304	35	1
207	305	35	1
227	305	35	1
232	305	35	2
233	305	35	1
240	305	35	1
242	305	35	1
233	306	35	2
235	306	35	2
239	306	35	3
240	306	35	3
198	307	35	2
207	307	35	1
222	307	35	1
234	307	35	1
203	308	35	1
206	308	35	2
220	308	35	1
226	308	35	1
237	308	35	1
239	308	35	1
240	308	35	1
241	308	35	2
202	309	35	1
222	309	35	1
223	309	35	2
235	309	35	1
240	309	35	1
232	310	35	1
235	310	35	1
236	310	35	1
219	311	35	1
220	311	35	1
222	311	35	1
223	311	35	2
228	311	35	1
234	311	35	2
240	311	35	1
213	312	35	1
236	312	35	1
237	312	35	1
242	312	35	1
221	313	35	1
229	313	35	1
235	313	35	2
237	313	35	1
238	313	35	1
221	314	35	1
234	314	35	1
235	314	35	1
236	314	35	1
233	315	35	1
240	315	35	1
210	316	35	1
232	316	35	1
227	317	35	2
230	317	35	2
233	317	35	1
238	317	35	1
239	317	35	3
233	318	35	2
240	319	35	1
224	253	36	1
229	254	36	1
226	255	36	3
223	256	36	1
216	257	36	1
218	257	36	1
219	257	36	2
227	257	36	1
220	258	36	1
221	258	36	1
224	258	36	1
227	258	36	1
231	258	36	2
218	259	36	1
221	259	36	1
222	259	36	1
223	259	36	1
228	259	36	1
232	259	36	1
216	260	36	1
217	260	36	1
226	260	36	2
230	260	36	1
238	260	36	1
211	261	36	1
217	261	36	1
219	261	36	2
222	261	36	1
223	261	36	2
224	261	36	2
226	261	36	1
227	261	36	2
229	261	36	1
230	261	36	1
232	261	36	1
239	261	36	2
243	261	36	1
190	262	36	2
217	262	36	2
221	262	36	1
223	262	36	1
224	262	36	1
229	262	36	1
240	262	36	1
211	263	36	1
214	263	36	1
216	263	36	1
219	263	36	1
229	263	36	1
231	263	36	1
233	263	36	2
235	263	36	1
236	263	36	1
239	263	36	1
240	263	36	1
242	263	36	1
245	263	36	1
249	263	36	1
188	264	36	1
206	264	36	1
209	264	36	1
212	264	36	1
217	264	36	2
222	264	36	1
232	264	36	1
234	264	36	1
188	265	36	1
189	265	36	1
191	265	36	1
208	265	36	1
209	265	36	1
215	265	36	1
216	265	36	1
222	265	36	1
235	265	36	1
242	265	36	2
247	265	36	1
187	266	36	1
189	266	36	1
191	266	36	1
195	266	36	1
208	266	36	2
211	266	36	1
215	266	36	1
219	266	36	1
220	266	36	1
222	266	36	2
223	266	36	2
229	266	36	2
230	266	36	1
233	266	36	1
244	266	36	2
189	267	36	1
194	267	36	1
195	267	36	1
208	267	36	2
209	267	36	1
210	267	36	1
212	267	36	2
216	267	36	1
217	267	36	2
218	267	36	2
219	267	36	1
229	267	36	2
236	267	36	1
239	267	36	1
242	267	36	3
249	267	36	1
211	268	36	1
213	268	36	1
215	268	36	2
223	268	36	1
234	268	36	1
236	268	36	1
238	268	36	1
239	268	36	2
240	268	36	1
241	268	36	1
243	268	36	1
186	269	36	1
188	269	36	2
193	269	36	2
194	269	36	1
200	269	36	1
213	269	36	1
215	269	36	1
225	269	36	1
234	269	36	1
248	269	36	1
191	270	36	1
194	270	36	1
195	270	36	1
198	270	36	1
221	270	36	1
230	270	36	1
231	270	36	4
232	270	36	1
238	270	36	1
240	270	36	1
176	271	36	1
178	271	36	1
188	271	36	1
192	271	36	1
207	271	36	1
215	271	36	1
216	271	36	3
220	271	36	2
225	271	36	2
236	271	36	1
238	271	36	1
239	271	36	1
248	271	36	1
175	272	36	2
181	272	36	1
190	272	36	2
213	272	36	2
217	272	36	1
218	272	36	1
219	272	36	1
222	272	36	1
231	272	36	3
239	272	36	2
240	272	36	1
181	273	36	1
185	273	36	3
186	273	36	1
205	273	36	1
207	273	36	2
209	273	36	1
216	273	36	1
217	273	36	2
235	273	36	2
238	273	36	1
176	274	36	1
188	274	36	1
201	274	36	1
203	274	36	1
204	274	36	1
205	274	36	2
209	274	36	1
211	274	36	1
215	274	36	1
218	274	36	1
233	274	36	1
236	274	36	1
205	275	36	1
209	275	36	2
210	275	36	1
212	275	36	1
214	275	36	2
218	275	36	1
220	275	36	3
231	275	36	1
243	275	36	1
177	276	36	2
186	276	36	1
206	276	36	2
208	276	36	2
211	276	36	1
214	276	36	2
237	276	36	2
240	276	36	1
241	276	36	1
175	277	36	1
204	277	36	1
205	277	36	3
207	277	36	1
209	277	36	1
211	277	36	1
215	277	36	1
217	277	36	1
234	277	36	1
201	278	36	1
204	278	36	1
207	278	36	1
208	278	36	1
213	278	36	1
219	278	36	2
223	278	36	1
231	278	36	1
173	279	36	2
187	279	36	1
204	279	36	1
208	279	36	1
209	279	36	1
219	279	36	1
220	279	36	1
223	279	36	1
231	279	36	1
173	280	36	2
191	280	36	1
193	280	36	2
205	280	36	1
208	280	36	1
209	280	36	1
210	280	36	1
214	280	36	1
219	280	36	2
226	280	36	1
173	281	36	1
178	281	36	1
189	281	36	1
190	281	36	1
192	281	36	1
193	281	36	1
200	281	36	1
206	281	36	2
207	281	36	1
211	281	36	1
213	281	36	1
214	281	36	1
217	281	36	1
228	281	36	1
230	281	36	1
191	282	36	1
213	282	36	1
215	282	36	1
221	282	36	1
222	282	36	1
187	283	36	1
204	283	36	1
208	283	36	1
219	283	36	3
222	283	36	1
240	283	36	1
187	284	36	1
199	284	36	1
208	284	36	1
209	284	36	1
210	284	36	1
214	284	36	1
215	284	36	1
219	284	36	3
220	284	36	1
239	284	36	1
240	284	36	1
242	284	36	1
245	284	36	1
201	285	36	1
202	285	36	1
207	285	36	1
208	285	36	1
210	285	36	1
212	285	36	1
234	285	36	1
243	285	36	2
187	286	36	1
200	286	36	3
204	286	36	1
218	286	36	1
225	286	36	1
230	286	36	2
234	286	36	1
235	286	36	1
236	286	36	2
237	286	36	2
238	286	36	1
239	286	36	1
242	286	36	1
176	287	36	2
200	287	36	1
205	287	36	2
207	287	36	1
208	287	36	1
219	287	36	1
221	287	36	1
224	287	36	1
226	287	36	1
240	287	36	1
241	287	36	2
243	287	36	2
244	287	36	1
248	287	36	2
176	288	36	1
186	288	36	1
192	288	36	1
194	288	36	1
204	288	36	1
210	288	36	2
219	288	36	1
223	288	36	2
230	288	36	1
231	288	36	1
234	288	36	1
238	288	36	3
241	288	36	1
244	288	36	1
185	289	36	1
201	289	36	1
231	289	36	1
232	289	36	1
239	289	36	1
240	289	36	1
244	289	36	1
195	290	36	1
197	290	36	2
203	290	36	1
220	290	36	1
226	290	36	1
233	290	36	1
234	290	36	1
237	290	36	1
238	290	36	1
247	290	36	2
186	291	36	1
195	291	36	1
196	291	36	2
199	291	36	1
204	291	36	1
224	291	36	1
174	292	36	1
194	292	36	1
196	292	36	1
204	292	36	1
206	292	36	1
223	292	36	1
227	292	36	1
228	292	36	1
230	292	36	1
233	292	36	1
244	292	36	1
182	293	36	1
201	293	36	1
202	293	36	1
235	293	36	1
236	293	36	2
241	293	36	2
182	294	36	1
188	294	36	1
201	294	36	1
202	294	36	1
223	294	36	1
225	294	36	1
233	294	36	1
234	294	36	1
235	294	36	1
237	294	36	1
198	295	36	1
199	295	36	1
201	295	36	1
221	295	36	1
225	295	36	1
230	295	36	1
232	295	36	1
234	295	36	1
235	295	36	1
237	295	36	1
240	295	36	1
241	295	36	1
242	295	36	1
244	295	36	1
245	295	36	1
196	296	36	3
222	296	36	2
228	296	36	2
234	296	36	1
239	296	36	1
241	296	36	1
243	296	36	1
244	296	36	1
198	297	36	1
227	297	36	1
235	297	36	1
236	297	36	1
239	297	36	1
242	297	36	1
199	298	36	2
202	298	36	1
233	298	36	2
239	298	36	1
243	298	36	1
199	299	36	1
233	299	36	1
241	299	36	1
242	299	36	1
244	299	36	1
245	299	36	2
226	300	36	1
228	300	36	1
237	300	36	1
198	301	36	1
223	301	36	1
225	301	36	1
228	301	36	1
234	301	36	1
235	301	36	1
240	301	36	1
243	301	36	2
223	302	36	1
237	302	36	1
228	303	36	1
231	303	36	1
233	303	36	1
235	303	36	2
238	303	36	2
242	303	36	1
223	304	36	3
225	304	36	1
230	304	36	1
233	304	36	1
199	305	36	1
234	305	36	1
223	306	36	1
224	306	36	1
228	306	36	1
235	306	36	1
240	306	36	2
242	306	36	1
240	307	36	1
243	307	36	2
222	308	36	2
223	308	36	1
225	308	36	1
227	308	36	1
237	308	36	1
241	308	36	1
242	308	36	2
223	309	36	1
224	309	36	2
225	309	36	1
227	309	36	1
232	309	36	1
233	309	36	2
221	310	36	1
222	310	36	2
223	310	36	1
226	310	36	1
228	310	36	2
236	310	36	1
214	311	36	1
217	311	36	1
221	311	36	1
222	311	36	1
225	311	36	2
233	311	36	2
216	312	36	1
220	312	36	1
221	312	36	1
231	312	36	1
232	312	36	1
240	312	36	1
227	313	36	1
229	313	36	1
231	313	36	1
235	313	36	1
225	314	36	1
232	314	36	1
235	314	36	1
220	315	36	1
228	315	36	1
230	315	36	1
238	315	36	1
243	315	36	1
228	316	36	1
231	316	36	1
232	316	36	1
234	316	36	1
227	317	36	1
237	317	36	1
233	318	36	2
237	318	36	1
238	318	36	1
227	257	37	1
228	257	37	1
226	260	37	1
227	260	37	1
228	260	37	1
226	261	37	1
227	261	37	2
228	261	37	1
229	261	37	2
230	261	37	1
216	262	37	1
224	262	37	1
229	262	37	2
230	262	37	1
231	262	37	1
232	262	37	1
214	263	37	1
217	263	37	1
231	263	37	1
189	264	37	1
215	264	37	1
231	264	37	1
236	264	37	1
237	264	37	1
215	266	37	2
230	266	37	2
243	266	37	2
183	267	37	1
229	267	37	2
233	267	37	1
238	267	37	1
239	267	37	1
241	267	37	1
188	268	37	2
189	268	37	2
193	268	37	1
217	268	37	1
219	268	37	1
220	268	37	3
241	268	37	1
211	269	37	1
219	269	37	1
188	270	37	1
194	270	37	1
210	270	37	1
212	270	37	1
216	270	37	2
232	270	37	1
192	271	37	1
213	271	37	1
214	271	37	1
221	271	37	1
196	272	37	1
216	272	37	2
214	273	37	2
216	274	37	1
205	275	37	3
208	275	37	1
211	275	37	1
212	275	37	2
207	276	37	1
211	276	37	1
214	276	37	1
204	277	37	2
206	277	37	1
210	277	37	1
217	277	37	1
218	277	37	1
195	278	37	1
206	278	37	2
175	279	37	1
195	279	37	1
206	279	37	1
210	279	37	1
214	279	37	1
217	279	37	1
192	280	37	1
208	280	37	1
212	280	37	1
175	281	37	1
191	281	37	1
213	281	37	1
214	281	37	1
215	281	37	2
189	282	37	1
211	282	37	1
219	282	37	1
223	282	37	1
193	283	37	1
201	283	37	1
207	283	37	1
186	284	37	1
205	284	37	1
206	284	37	1
237	284	37	2
187	285	37	1
201	285	37	1
202	285	37	1
204	285	37	1
187	286	37	1
189	286	37	1
200	286	37	1
202	286	37	1
206	286	37	1
216	286	37	1
219	286	37	1
230	286	37	1
236	286	37	1
187	287	37	1
194	287	37	1
202	287	37	1
207	287	37	1
208	287	37	2
219	287	37	1
222	287	37	1
230	287	37	1
233	287	37	1
238	287	37	1
239	287	37	1
248	287	37	1
195	288	37	2
203	288	37	3
205	288	37	1
224	288	37	2
233	288	37	1
234	288	37	1
240	288	37	1
191	289	37	1
230	289	37	1
232	289	37	3
233	289	37	1
235	289	37	1
236	289	37	1
237	289	37	1
200	290	37	1
222	290	37	1
232	290	37	1
243	290	37	1
195	291	37	1
203	291	37	1
204	291	37	1
221	291	37	1
238	291	37	1
204	292	37	1
208	292	37	1
225	292	37	2
233	292	37	1
235	292	37	1
242	292	37	1
185	293	37	1
206	293	37	1
207	293	37	1
223	293	37	1
225	293	37	1
230	293	37	1
238	293	37	1
240	293	37	1
241	293	37	2
190	294	37	1
202	294	37	1
204	294	37	1
205	294	37	3
228	294	37	1
230	294	37	2
234	294	37	1
237	294	37	2
240	294	37	1
245	294	37	1
197	295	37	1
202	295	37	2
234	295	37	1
235	295	37	1
237	295	37	1
241	295	37	1
244	295	37	1
200	296	37	1
201	296	37	1
217	296	37	2
223	296	37	1
225	296	37	1
228	296	37	1
229	296	37	1
237	296	37	1
241	296	37	1
242	296	37	1
196	297	37	1
198	297	37	1
220	297	37	1
230	297	37	1
239	297	37	1
242	297	37	2
231	298	37	1
244	298	37	1
245	298	37	1
228	299	37	2
233	299	37	1
241	299	37	1
245	299	37	1
226	300	37	1
230	300	37	1
231	300	37	2
236	300	37	1
244	300	37	1
227	301	37	1
232	301	37	1
242	301	37	1
226	302	37	1
236	302	37	1
230	303	37	1
227	305	37	2
228	305	37	1
223	306	37	1
240	306	37	1
225	307	37	1
241	307	37	1
243	307	37	1
225	308	37	1
226	308	37	2
240	308	37	1
220	309	37	1
239	309	37	1
216	310	37	1
219	311	37	1
222	311	37	1
226	311	37	1
232	311	37	2
237	311	37	1
218	312	37	1
230	312	37	1
236	312	37	1
240	312	37	1
216	313	37	1
217	313	37	1
218	313	37	1
225	313	37	1
230	313	37	1
238	313	37	2
219	314	37	1
228	314	37	2
229	314	37	2
235	314	37	1
230	315	37	1
236	315	37	2
238	315	37	2
236	316	37	1
235	317	37	1
238	317	37	1
236	318	37	2
237	318	37	1
238	319	37	1
228	320	37	1
226	260	38	1
228	260	38	1
238	261	38	4
238	262	38	1
229	263	38	1
232	263	38	1
223	264	38	1
231	264	38	1
232	264	38	1
238	264	38	1
226	265	38	1
230	265	38	2
211	266	38	1
229	266	38	2
231	266	38	1
211	268	38	1
240	269	38	2
193	270	38	2
211	271	38	1
215	271	38	1
217	271	38	1
218	271	38	3
203	272	38	2
214	272	38	1
217	272	38	1
214	273	38	1
215	273	38	1
209	274	38	2
212	274	38	1
215	274	38	1
240	274	38	1
206	275	38	1
217	275	38	1
191	276	38	2
207	276	38	1
211	276	38	1
214	276	38	1
219	276	38	1
194	277	38	1
207	277	38	1
214	277	38	1
220	277	38	2
206	278	38	2
208	278	38	1
211	278	38	1
221	278	38	2
222	278	38	1
206	279	38	1
209	279	38	1
220	279	38	1
208	280	38	1
209	280	38	1
210	280	38	1
211	280	38	1
191	281	38	1
192	281	38	1
193	281	38	2
216	281	38	1
192	282	38	3
193	282	38	1
210	282	38	1
188	284	38	1
193	284	38	1
214	284	38	2
216	284	38	1
190	285	38	1
191	285	38	1
192	285	38	1
193	285	38	2
202	285	38	1
204	285	38	1
208	285	38	1
217	285	38	2
188	286	38	2
196	286	38	1
208	286	38	1
230	286	38	1
233	286	38	2
188	287	38	1
193	287	38	1
202	287	38	1
215	287	38	1
217	287	38	1
219	287	38	1
187	288	38	1
209	288	38	1
219	288	38	2
235	288	38	1
185	289	38	1
189	289	38	1
193	289	38	1
201	289	38	1
203	289	38	1
204	289	38	1
232	289	38	1
236	289	38	1
207	290	38	3
209	290	38	1
216	290	38	1
218	290	38	1
197	291	38	1
203	291	38	1
206	291	38	2
214	291	38	1
232	291	38	1
234	291	38	1
189	292	38	1
192	292	38	2
201	292	38	1
206	292	38	1
213	292	38	1
221	292	38	1
236	292	38	1
237	292	38	1
239	292	38	1
196	293	38	2
204	293	38	1
205	293	38	1
226	293	38	1
230	293	38	1
231	293	38	1
239	293	38	1
240	293	38	1
204	294	38	1
210	294	38	1
228	294	38	1
234	294	38	1
240	294	38	1
242	294	38	1
243	294	38	1
198	295	38	1
203	295	38	1
207	295	38	1
216	295	38	1
220	295	38	2
230	295	38	1
235	295	38	2
244	295	38	1
198	296	38	2
205	296	38	2
206	296	38	3
233	296	38	1
237	296	38	1
239	296	38	1
241	296	38	1
195	297	38	1
201	297	38	1
204	297	38	1
205	297	38	1
224	297	38	2
226	297	38	2
229	297	38	1
230	297	38	2
231	297	38	1
232	297	38	1
233	297	38	1
234	297	38	1
236	297	38	1
240	297	38	2
241	297	38	2
228	298	38	1
193	299	38	1
196	299	38	3
204	299	38	1
214	299	38	2
232	299	38	1
239	299	38	2
240	299	38	1
241	299	38	1
242	299	38	1
245	299	38	1
204	300	38	1
230	300	38	1
231	300	38	1
234	300	38	1
240	300	38	1
242	300	38	2
230	301	38	1
227	302	38	2
228	302	38	1
231	302	38	1
233	302	38	1
234	302	38	1
235	302	38	1
227	303	38	1
228	303	38	1
231	303	38	2
234	303	38	3
225	304	38	2
228	304	38	1
234	304	38	1
237	304	38	1
240	304	38	1
243	304	38	1
244	304	38	2
226	305	38	2
228	305	38	2
234	305	38	1
241	305	38	1
245	305	38	1
226	306	38	1
227	306	38	1
223	307	38	1
226	307	38	1
227	307	38	1
234	307	38	1
237	307	38	2
239	307	38	1
241	307	38	2
243	307	38	1
226	308	38	1
235	308	38	1
242	308	38	1
224	309	38	1
225	309	38	1
228	309	38	1
229	309	38	1
242	309	38	1
219	310	38	1
220	310	38	1
224	310	38	1
225	310	38	1
233	310	38	1
213	311	38	1
217	311	38	1
218	311	38	1
219	311	38	1
221	311	38	2
226	311	38	1
230	311	38	2
231	311	38	1
218	312	38	1
219	312	38	1
221	312	38	1
227	312	38	1
234	312	38	1
240	312	38	2
242	312	38	2
223	313	38	1
228	313	38	2
229	313	38	1
234	313	38	1
240	313	38	1
241	313	38	1
200	314	38	1
211	315	38	1
214	315	38	1
220	315	38	1
236	315	38	1
239	315	38	1
243	315	38	1
225	316	38	1
226	316	38	1
228	316	38	2
240	316	38	1
244	316	38	2
211	317	38	1
214	317	38	1
235	317	38	1
236	317	38	3
240	317	38	1
220	318	38	1
233	318	38	1
241	318	38	1
218	319	38	1
242	319	38	2
230	320	38	1
233	320	38	1
221	321	38	1
229	321	38	1
233	321	38	2
220	322	38	1
231	322	38	2
236	322	38	1
232	323	38	1
194	270	39	1
201	270	39	2
216	270	39	1
217	270	39	1
218	271	39	1
215	273	39	1
212	275	39	2
213	275	39	2
214	275	39	3
204	277	39	1
212	277	39	1
214	277	39	3
195	278	39	1
208	278	39	1
210	278	39	1
214	278	39	1
220	278	39	1
221	278	39	1
215	279	39	1
217	279	39	1
215	280	39	1
221	280	39	2
217	281	39	1
190	282	39	2
195	282	39	1
212	282	39	1
191	283	39	1
237	283	39	1
206	284	39	1
207	284	39	1
191	285	39	1
195	285	39	1
197	285	39	1
196	286	39	1
205	286	39	1
206	286	39	1
216	286	39	1
233	286	39	1
188	287	39	1
192	288	39	1
193	288	39	1
195	288	39	2
205	288	39	1
210	288	39	1
189	289	39	1
191	289	39	1
217	289	39	1
190	290	39	1
195	290	39	1
207	290	39	1
211	290	39	1
215	290	39	1
218	290	39	1
233	290	39	1
190	291	39	1
191	291	39	1
193	291	39	1
199	291	39	1
213	291	39	1
214	291	39	1
217	291	39	1
239	291	39	1
199	292	39	1
213	292	39	1
221	292	39	1
232	292	39	1
234	292	39	1
237	292	39	2
240	292	39	1
200	293	39	1
208	293	39	2
222	293	39	1
225	293	39	1
227	293	39	2
229	293	39	1
241	293	39	1
201	294	39	1
204	294	39	1
206	294	39	1
225	294	39	1
238	294	39	1
207	295	39	1
216	295	39	1
220	295	39	1
229	295	39	1
232	295	39	1
234	295	39	1
200	296	39	1
205	296	39	1
234	296	39	1
195	297	39	1
221	297	39	1
235	297	39	1
236	297	39	1
223	298	39	1
224	298	39	1
225	298	39	1
229	298	39	1
233	298	39	1
224	299	39	2
229	299	39	3
230	299	39	1
233	299	39	1
242	299	39	1
228	300	39	1
232	300	39	2
235	300	39	1
240	300	39	1
224	301	39	2
228	301	39	1
229	301	39	2
240	302	39	1
226	303	39	1
239	303	39	1
210	304	39	1
225	304	39	1
227	304	39	1
230	304	39	1
237	304	39	1
227	305	39	1
242	305	39	1
211	306	39	1
224	306	39	1
229	306	39	1
230	306	39	1
235	306	39	1
236	306	39	2
239	306	39	1
214	307	39	2
224	307	39	1
225	307	39	3
232	307	39	1
220	308	39	1
223	308	39	1
229	308	39	1
233	308	39	1
240	308	39	1
241	308	39	1
242	308	39	1
223	309	39	1
225	309	39	1
227	309	39	1
228	309	39	2
235	309	39	1
242	309	39	1
196	310	39	1
198	310	39	3
218	310	39	2
219	310	39	1
223	310	39	1
224	310	39	2
226	310	39	2
211	311	39	2
220	311	39	1
222	311	39	1
225	311	39	2
228	311	39	2
233	311	39	1
236	311	39	1
240	311	39	1
244	311	39	2
196	312	39	1
211	312	39	1
213	312	39	1
222	312	39	1
229	312	39	1
230	312	39	1
232	312	39	1
242	312	39	1
217	313	39	2
221	313	39	2
229	313	39	1
230	313	39	1
242	313	39	1
217	314	39	1
220	314	39	1
236	314	39	1
238	314	39	2
240	314	39	2
241	314	39	1
237	315	39	1
242	315	39	1
243	315	39	1
245	315	39	1
217	316	39	1
229	316	39	1
233	316	39	1
242	316	39	1
211	317	39	1
236	317	39	1
229	318	39	1
237	318	39	1
243	318	39	1
220	319	39	1
228	319	39	1
230	319	39	1
233	319	39	1
241	320	39	1
215	321	39	1
218	321	39	1
219	321	39	1
229	321	39	1
232	321	39	1
230	322	39	1
233	322	39	1
211	324	39	1
212	324	39	1
214	274	40	1
237	283	40	1
194	285	40	1
206	286	40	1
193	288	40	2
211	288	40	1
192	289	40	2
193	290	40	1
208	291	40	1
221	292	40	1
194	293	40	1
207	293	40	2
209	293	40	1
214	293	40	1
223	293	40	2
234	293	40	1
210	294	40	1
217	294	40	1
221	294	40	1
225	294	40	1
227	294	40	2
228	294	40	1
237	294	40	1
204	295	40	1
234	295	40	1
200	296	40	1
211	296	40	1
236	296	40	1
205	297	40	1
215	297	40	2
216	297	40	1
221	297	40	1
229	297	40	1
230	297	40	1
203	298	40	1
223	298	40	1
225	298	40	2
226	298	40	1
228	298	40	1
231	298	40	1
214	299	40	1
224	299	40	2
225	299	40	1
242	299	40	1
225	300	40	1
229	300	40	1
229	301	40	3
230	301	40	1
236	301	40	1
219	302	40	1
233	302	40	1
228	303	40	1
241	303	40	1
241	304	40	1
243	304	40	1
245	304	40	2
234	305	40	1
210	306	40	1
225	306	40	1
229	306	40	1
239	306	40	1
241	306	40	1
242	306	40	1
240	307	40	1
243	307	40	1
228	308	40	1
220	309	40	1
224	309	40	1
232	309	40	1
240	309	40	2
194	310	40	1
217	310	40	1
218	310	40	1
219	310	40	1
231	310	40	1
234	310	40	1
239	310	40	2
231	311	40	1
237	311	40	1
217	312	40	4
219	312	40	1
232	312	40	1
242	312	40	1
216	313	40	2
219	313	40	1
221	313	40	1
236	313	40	1
217	314	40	1
220	314	40	1
237	314	40	1
217	315	40	1
219	315	40	1
220	315	40	1
221	315	40	1
243	315	40	1
216	316	40	1
219	316	40	1
220	316	40	2
234	316	40	1
237	316	40	1
238	316	40	1
207	317	40	1
219	317	40	1
242	317	40	2
236	318	40	1
243	318	40	1
218	319	40	2
221	319	40	1
232	319	40	3
238	319	40	1
240	319	40	1
217	320	40	1
227	321	40	1
208	330	40	2
193	280	41	2
192	292	41	1
217	292	41	1
193	293	41	1
210	294	41	1
213	294	41	1
225	294	41	1
199	296	41	1
204	297	41	1
224	297	41	2
214	298	41	1
231	300	41	2
234	301	41	1
222	303	41	2
221	305	41	1
229	305	41	1
223	306	41	1
224	306	41	2
223	307	41	1
225	307	41	1
227	307	41	1
211	308	41	1
222	308	41	1
224	308	41	1
226	308	41	1
239	308	41	1
241	308	41	2
243	308	41	1
225	309	41	2
240	309	41	2
222	310	41	1
223	310	41	2
224	310	41	1
236	310	41	1
220	311	41	1
216	312	41	1
221	312	41	1
241	312	41	1
219	313	41	1
221	313	41	1
223	313	41	1
239	313	41	1
221	314	41	1
238	314	41	1
242	314	41	2
249	314	41	1
238	315	41	2
243	315	41	1
219	316	41	1
236	316	41	1
238	316	41	1
240	316	41	1
249	316	41	1
218	317	41	1
221	317	41	1
223	317	41	1
235	317	41	2
243	318	41	1
223	319	41	1
230	319	41	1
216	321	41	2
230	321	41	1
231	321	41	1
231	300	42	1
221	301	42	2
213	302	42	1
220	303	42	1
222	303	42	2
214	305	42	2
220	306	42	2
223	306	42	1
232	306	42	1
221	307	42	1
223	308	42	2
240	308	42	1
223	309	42	1
225	309	42	1
226	309	42	1
235	309	42	1
242	309	42	1
238	310	42	1
223	311	42	1
239	311	42	1
242	311	42	1
220	312	42	1
222	312	42	1
223	312	42	2
217	313	42	1
218	313	42	1
221	313	42	1
226	313	42	1
226	314	42	2
222	315	42	1
226	315	42	1
240	315	42	2
220	316	42	2
225	316	42	1
226	316	42	1
238	316	42	1
239	316	42	1
241	316	42	1
219	317	42	1
223	317	42	1
226	317	42	1
227	317	42	1
238	317	42	1
240	317	42	1
219	318	42	1
229	318	42	1
240	318	42	1
245	318	42	1
247	318	42	3
230	319	42	1
231	319	42	3
241	319	42	1
228	320	42	1
231	320	42	1
218	321	42	1
224	321	42	2
230	321	42	1
231	322	42	1
220	304	43	1
227	304	43	3
228	305	43	2
223	308	43	1
242	309	43	1
219	310	43	1
222	310	43	1
219	311	43	1
221	311	43	2
225	311	43	2
219	312	43	1
236	313	43	1
238	315	43	1
230	316	43	1
238	317	43	1
244	319	43	1
227	320	43	3
220	304	44	2
223	308	44	1
220	309	44	1
219	310	44	1
224	310	44	1
239	311	44	1
223	312	44	1
243	312	44	1
219	313	44	1
229	313	44	2
221	314	44	1
237	314	44	1
241	314	44	1
222	315	44	2
204	316	44	1
222	316	44	1
227	317	44	1
238	317	44	1
243	318	44	2
206	319	44	1
230	321	44	1
242	321	44	1
224	322	44	1
220	312	45	1
216	316	45	1
222	317	45	3
