x	y	z	Synthesis of bile acids and bile salts via 7alpha-hydroxycholesterol
216.157603775171	275.673637444315	34.5586340221659	1
240	286	21	1
246	292	21	2
239	272	24	1
232	278	24	1
241	279	24	1
246	284	24	1
245	287	24	1
246	289	24	1
235	270	25	1
234	271	25	1
236	273	25	2
230	274	25	1
234	274	25	1
235	275	25	1
236	277	25	1
233	278	25	2
236	278	25	2
237	278	25	1
232	279	25	1
237	279	25	1
239	279	25	1
234	280	25	2
241	280	25	1
237	281	25	1
243	281	25	1
245	281	25	1
214	282	25	1
231	282	25	1
237	282	25	1
241	283	25	1
243	283	25	1
213	284	25	1
234	284	25	1
235	284	25	2
237	284	25	1
242	284	25	1
243	284	25	1
247	284	25	1
250	284	25	1
252	284	25	1
215	285	25	3
240	285	25	1
244	285	25	1
248	285	25	1
241	286	25	1
250	286	25	1
245	287	25	1
246	287	25	1
236	288	25	1
237	288	25	1
241	289	25	1
250	289	25	1
250	290	25	1
234	291	25	1
238	291	25	2
242	291	25	1
251	291	25	1
227	292	25	1
237	292	25	1
238	292	25	1
239	292	25	1
242	292	25	1
240	293	25	2
244	293	25	1
240	294	25	1
241	294	25	1
243	295	25	1
239	296	25	2
240	298	25	1
241	299	25	1
240	300	25	2
183	258	26	1
230	264	26	2
230	267	26	1
228	269	26	1
236	269	26	1
227	270	26	1
233	270	26	1
235	271	26	2
215	272	26	1
223	272	26	1
226	272	26	1
230	272	26	1
234	272	26	1
239	272	26	1
236	273	26	1
235	275	26	1
239	275	26	2
245	275	26	1
250	275	26	1
238	276	26	1
244	276	26	1
207	277	26	1
230	277	26	1
250	277	26	1
232	278	26	1
233	278	26	1
235	278	26	1
236	278	26	2
237	278	26	1
249	278	26	1
232	279	26	1
246	279	26	1
249	280	26	1
250	280	26	1
217	281	26	1
230	281	26	1
237	281	26	1
239	281	26	1
246	281	26	2
215	282	26	1
229	282	26	1
234	282	26	1
246	282	26	1
247	282	26	1
253	282	26	1
231	283	26	1
234	283	26	1
238	283	26	2
245	283	26	1
252	283	26	1
254	283	26	1
214	284	26	1
233	284	26	1
236	284	26	1
241	284	26	1
244	284	26	2
234	285	26	1
240	285	26	1
246	285	26	1
250	285	26	1
234	286	26	1
236	286	26	1
237	286	26	1
238	286	26	1
250	286	26	1
252	286	26	1
224	287	26	1
237	287	26	1
236	288	26	1
248	288	26	1
250	288	26	1
252	288	26	2
223	289	26	1
227	289	26	1
233	289	26	1
235	289	26	1
236	289	26	1
238	289	26	2
242	289	26	2
243	289	26	1
248	289	26	2
250	289	26	1
251	289	26	1
233	290	26	1
236	290	26	2
239	290	26	1
242	290	26	1
229	291	26	1
237	291	26	1
238	291	26	1
239	291	26	1
240	291	26	1
245	291	26	1
226	292	26	1
245	292	26	1
225	293	26	1
236	293	26	1
238	293	26	1
247	293	26	1
220	294	26	1
249	294	26	1
221	295	26	1
241	295	26	1
254	295	26	1
244	297	26	2
235	298	26	1
239	299	26	2
243	299	26	3
184	255	27	1
181	257	27	1
184	258	27	1
215	258	27	1
232	258	27	1
228	259	27	1
231	259	27	1
232	259	27	1
180	261	27	1
220	261	27	1
235	261	27	1
239	261	27	1
182	262	27	2
179	263	27	1
182	263	27	2
185	263	27	1
210	263	27	1
211	263	27	1
215	263	27	1
220	263	27	1
231	263	27	1
233	263	27	1
176	264	27	1
186	264	27	1
219	264	27	1
228	264	27	1
231	264	27	1
234	264	27	1
237	264	27	1
230	265	27	1
232	265	27	1
233	265	27	1
238	265	27	1
216	266	27	2
221	266	27	1
226	266	27	1
229	266	27	1
230	266	27	1
231	266	27	1
232	266	27	1
179	267	27	2
182	267	27	1
214	267	27	1
232	267	27	1
233	267	27	1
234	267	27	1
239	267	27	1
249	267	27	1
250	267	27	2
197	268	27	1
216	268	27	1
217	268	27	1
223	268	27	1
225	268	27	1
230	268	27	1
234	268	27	1
236	268	27	1
237	268	27	1
239	268	27	1
241	268	27	1
243	268	27	1
177	269	27	1
201	269	27	1
218	269	27	1
224	269	27	1
232	269	27	1
233	269	27	1
234	269	27	1
235	269	27	1
178	270	27	1
179	270	27	1
215	270	27	1
216	270	27	1
226	270	27	1
227	270	27	1
233	270	27	1
240	270	27	2
243	270	27	1
244	270	27	2
177	271	27	1
178	271	27	1
208	271	27	1
215	271	27	1
222	271	27	1
223	271	27	1
226	271	27	1
237	271	27	1
238	271	27	1
239	271	27	1
243	271	27	1
249	271	27	1
181	272	27	1
206	272	27	1
207	272	27	1
214	272	27	1
215	272	27	1
217	272	27	1
223	272	27	1
231	272	27	2
232	272	27	1
238	272	27	1
239	272	27	1
240	272	27	1
241	272	27	1
203	273	27	1
205	273	27	1
207	273	27	1
213	273	27	1
214	273	27	1
215	273	27	1
220	273	27	2
224	273	27	1
229	273	27	1
231	273	27	2
235	273	27	2
237	273	27	1
239	273	27	2
249	273	27	1
179	274	27	1
206	274	27	1
208	274	27	1
211	274	27	1
214	274	27	1
216	274	27	1
226	274	27	2
233	274	27	1
184	275	27	2
205	275	27	1
208	275	27	1
212	275	27	1
217	275	27	1
218	275	27	1
223	275	27	1
236	275	27	1
204	276	27	1
209	276	27	2
210	276	27	1
212	276	27	1
232	276	27	1
240	276	27	1
245	276	27	1
204	277	27	1
210	277	27	1
211	277	27	1
212	277	27	1
213	277	27	1
232	277	27	1
235	277	27	1
237	277	27	1
240	277	27	1
252	277	27	1
211	278	27	1
214	278	27	1
224	278	27	1
227	278	27	1
230	278	27	1
238	278	27	1
250	278	27	2
252	278	27	1
207	279	27	1
231	279	27	1
238	279	27	1
241	279	27	1
243	279	27	2
252	279	27	1
257	279	27	1
207	280	27	1
232	280	27	1
235	280	27	1
242	280	27	1
243	280	27	1
247	280	27	1
248	280	27	1
250	280	27	2
252	280	27	1
209	281	27	1
210	281	27	1
215	281	27	1
218	281	27	1
237	281	27	1
238	281	27	1
245	281	27	1
256	281	27	1
257	281	27	1
205	282	27	1
206	282	27	1
212	282	27	1
227	282	27	1
229	282	27	1
233	282	27	1
235	282	27	1
237	282	27	2
242	282	27	1
245	282	27	1
248	282	27	1
249	282	27	1
252	282	27	1
215	283	27	1
218	283	27	1
232	283	27	1
234	283	27	1
235	283	27	1
241	283	27	1
243	283	27	1
247	283	27	1
253	283	27	1
256	283	27	1
212	284	27	1
214	284	27	1
232	284	27	1
235	284	27	1
236	284	27	2
240	284	27	1
241	284	27	1
249	284	27	2
251	284	27	2
253	284	27	1
256	284	27	1
206	285	27	1
234	285	27	1
241	285	27	1
247	285	27	1
250	285	27	1
253	285	27	1
256	285	27	1
204	286	27	2
211	286	27	1
218	286	27	1
222	286	27	2
224	286	27	1
234	286	27	1
236	286	27	1
239	286	27	1
240	286	27	1
245	286	27	1
251	286	27	2
254	286	27	1
258	286	27	2
207	287	27	1
221	287	27	1
239	287	27	1
240	287	27	1
242	287	27	1
247	287	27	1
228	288	27	1
241	288	27	1
242	288	27	1
252	288	27	1
255	288	27	1
203	289	27	1
219	289	27	1
226	289	27	1
230	289	27	1
234	289	27	1
238	289	27	1
239	289	27	1
248	289	27	2
252	289	27	1
219	290	27	1
222	290	27	1
226	290	27	1
227	290	27	1
233	290	27	1
234	290	27	1
236	290	27	1
241	290	27	1
243	290	27	1
247	290	27	1
251	290	27	1
225	291	27	1
228	291	27	1
250	291	27	1
257	291	27	1
211	292	27	1
213	292	27	1
222	292	27	1
224	292	27	1
230	292	27	1
239	292	27	1
247	292	27	1
250	292	27	1
253	292	27	1
224	293	27	2
229	293	27	1
240	293	27	1
245	293	27	1
247	293	27	1
253	293	27	2
254	293	27	1
256	293	27	1
220	294	27	1
238	294	27	1
245	294	27	2
249	294	27	1
251	294	27	1
226	295	27	2
239	295	27	1
238	296	27	1
237	297	27	1
242	297	27	1
252	297	27	1
223	298	27	2
239	298	27	1
229	299	27	1
241	299	27	1
245	299	27	2
252	299	27	1
226	300	27	1
237	300	27	1
240	300	27	1
234	301	27	1
236	301	27	1
238	301	27	1
239	301	27	1
237	302	27	1
238	302	27	1
244	302	27	1
245	302	27	1
244	304	27	1
232	266	28	1
231	268	28	1
236	268	28	1
238	268	28	1
237	269	28	1
235	270	28	3
236	270	28	1
206	272	28	1
232	272	28	1
250	272	28	1
214	274	28	1
232	274	28	1
235	274	28	2
233	276	28	2
234	276	28	1
237	276	28	1
238	277	28	1
237	278	28	1
210	279	28	1
248	279	28	1
239	280	28	1
251	280	28	1
210	281	28	1
252	281	28	2
246	282	28	1
249	282	28	1
254	283	28	1
235	284	28	1
248	284	28	1
240	285	28	1
248	285	28	1
232	286	28	1
240	287	28	1
244	287	28	1
242	288	28	1
247	289	28	1
248	289	28	2
249	289	28	2
253	289	28	1
226	290	28	2
242	290	28	1
226	291	28	1
237	291	28	1
242	292	28	1
245	292	28	1
250	292	28	1
240	293	28	3
243	293	28	1
241	294	28	1
241	295	28	1
245	297	28	1
240	299	28	1
240	300	28	1
230	257	29	1
235	258	29	1
230	259	29	1
238	259	29	1
240	260	29	2
227	261	29	1
229	262	29	1
248	262	29	2
231	263	29	1
232	263	29	1
215	264	29	2
233	265	29	1
239	265	29	3
249	265	29	1
195	266	29	1
226	266	29	1
229	266	29	3
230	266	29	1
237	266	29	1
245	266	29	1
194	267	29	1
214	267	29	2
235	267	29	1
217	268	29	1
231	268	29	1
239	268	29	1
180	269	29	1
234	269	29	2
215	270	29	1
234	270	29	1
237	270	29	1
238	270	29	3
182	271	29	1
234	271	29	1
235	271	29	1
238	271	29	1
215	272	29	1
232	272	29	1
238	272	29	1
239	272	29	1
241	272	29	2
211	273	29	2
225	273	29	1
238	273	29	1
180	274	29	2
206	274	29	1
236	274	29	2
240	274	29	1
184	275	29	1
240	275	29	1
205	276	29	1
228	276	29	1
232	276	29	1
236	276	29	1
246	276	29	1
232	277	29	1
236	277	29	1
237	277	29	1
235	278	29	1
239	278	29	1
235	279	29	1
247	279	29	1
233	280	29	1
235	280	29	1
236	280	29	1
254	280	29	1
256	280	29	1
233	281	29	1
235	281	29	1
237	281	29	2
248	281	29	1
249	281	29	1
251	281	29	1
213	282	29	1
233	282	29	2
242	282	29	1
250	282	29	1
251	282	29	1
215	283	29	1
239	283	29	1
244	283	29	1
249	283	29	1
220	284	29	2
222	284	29	1
232	284	29	1
233	284	29	1
238	284	29	1
244	284	29	1
246	284	29	1
252	284	29	2
256	284	29	2
226	285	29	1
227	285	29	1
233	285	29	1
234	285	29	1
238	285	29	1
240	285	29	1
244	285	29	1
250	285	29	1
253	285	29	1
236	286	29	1
248	286	29	1
225	287	29	1
244	287	29	2
249	287	29	1
225	288	29	1
234	288	29	1
243	288	29	1
243	289	29	1
247	289	29	1
254	289	29	1
222	290	29	1
224	290	29	2
243	290	29	2
239	291	29	1
246	291	29	2
250	291	29	1
251	291	29	1
222	292	29	1
237	292	29	2
238	292	29	1
239	292	29	1
241	292	29	1
245	292	29	2
222	293	29	1
223	293	29	1
227	293	29	1
242	293	29	1
247	293	29	1
252	293	29	1
244	294	29	1
245	294	29	1
248	294	29	1
251	294	29	1
247	295	29	1
222	296	29	1
239	296	29	1
252	296	29	1
253	296	29	1
255	296	29	1
238	297	29	1
240	297	29	1
243	297	29	1
246	297	29	1
248	297	29	1
219	298	29	1
224	298	29	1
221	299	29	1
222	299	29	1
237	299	29	2
240	299	29	1
241	299	29	1
221	300	29	1
225	300	29	1
226	300	29	1
235	300	29	2
236	300	29	2
240	300	29	1
247	300	29	1
221	301	29	1
247	301	29	1
235	302	29	2
250	302	29	1
225	251	30	1
215	252	30	1
235	254	30	2
191	255	30	1
227	255	30	1
229	255	30	1
232	255	30	1
234	255	30	1
230	256	30	1
190	257	30	1
230	257	30	2
240	257	30	1
175	258	30	1
203	258	30	1
227	258	30	1
231	258	30	1
239	258	30	1
175	259	30	1
195	259	30	1
206	259	30	1
210	259	30	1
216	259	30	1
219	259	30	1
222	259	30	1
226	259	30	3
228	259	30	3
232	259	30	1
234	259	30	1
235	259	30	1
190	260	30	1
197	260	30	1
216	260	30	1
184	261	30	1
187	261	30	2
188	261	30	1
194	261	30	1
198	261	30	1
209	261	30	1
216	261	30	1
217	261	30	1
230	261	30	1
236	261	30	1
239	261	30	1
244	261	30	1
246	261	30	1
187	262	30	1
188	262	30	1
206	262	30	1
218	262	30	1
220	262	30	1
221	262	30	1
226	262	30	1
245	262	30	2
251	262	30	1
193	263	30	2
197	263	30	1
210	263	30	1
218	263	30	1
233	263	30	1
240	263	30	1
246	263	30	1
248	263	30	1
222	264	30	2
229	264	30	1
230	264	30	1
232	264	30	1
245	264	30	1
249	264	30	2
191	265	30	1
192	265	30	1
197	265	30	1
208	265	30	1
211	265	30	2
212	265	30	1
213	265	30	1
234	265	30	1
184	266	30	1
189	266	30	1
197	266	30	1
212	266	30	1
226	266	30	1
228	266	30	1
241	266	30	1
194	267	30	1
202	267	30	1
231	267	30	1
239	267	30	1
240	267	30	1
247	267	30	1
248	267	30	1
249	267	30	3
172	268	30	1
182	268	30	1
191	268	30	1
216	268	30	2
223	268	30	1
228	268	30	1
230	268	30	2
239	268	30	1
249	268	30	1
172	269	30	1
177	269	30	1
182	269	30	1
193	269	30	1
196	269	30	2
233	269	30	1
235	269	30	2
236	269	30	1
242	269	30	1
249	269	30	1
250	269	30	1
252	269	30	1
179	270	30	1
183	270	30	2
187	270	30	1
200	270	30	1
205	270	30	1
216	270	30	1
231	270	30	1
185	271	30	1
198	271	30	1
208	271	30	1
215	271	30	1
233	271	30	1
239	271	30	1
247	271	30	1
181	272	30	1
206	272	30	1
223	272	30	1
236	272	30	1
238	272	30	1
242	272	30	1
203	273	30	1
204	273	30	1
206	273	30	1
210	273	30	1
236	273	30	1
182	274	30	1
183	274	30	1
185	274	30	1
209	274	30	1
229	274	30	2
251	274	30	1
184	275	30	1
185	275	30	1
203	275	30	1
237	275	30	1
240	275	30	1
186	276	30	1
207	276	30	1
232	276	30	1
233	276	30	1
239	276	30	2
240	276	30	1
241	276	30	1
243	276	30	1
250	276	30	1
237	277	30	2
239	277	30	1
245	277	30	1
247	277	30	2
190	278	30	2
226	278	30	1
230	278	30	2
237	278	30	1
238	278	30	1
248	278	30	1
249	278	30	2
250	278	30	1
253	278	30	1
221	279	30	1
236	279	30	1
240	279	30	2
241	279	30	1
248	279	30	1
226	280	30	1
247	280	30	1
251	280	30	1
252	280	30	1
181	281	30	1
217	281	30	1
218	281	30	1
233	281	30	1
239	281	30	1
246	281	30	1
181	282	30	1
182	282	30	1
213	282	30	2
219	282	30	1
222	282	30	1
229	282	30	1
238	282	30	2
241	282	30	1
244	282	30	1
215	283	30	1
219	283	30	1
220	283	30	1
221	283	30	2
232	283	30	1
234	283	30	1
252	283	30	1
220	284	30	1
221	284	30	1
224	284	30	1
230	284	30	1
231	284	30	1
236	284	30	1
245	284	30	1
250	284	30	1
252	284	30	1
253	284	30	1
222.5	285.5	30.5	2
227	285	30	1
229	285	30	1
232	285	30	1
233	285	30	1
242	285	30	1
246	285	30	1
252	285	30	1
219	286	30	1
223	286	30	1
224	286	30	1
226	286	30	1
229	286	30	1
235	286	30	1
238	286	30	1
239	286	30	1
240	286	30	1
241	286	30	1
244	286	30	1
246	286	30	2
250	286	30	2
252	286	30	1
255	286	30	1
257	286	30	1
224	287	30	1
225	287	30	1
231	287	30	1
234	287	30	1
248	287	30	1
252	287	30	2
199	288	30	2
233	288	30	1
238	288	30	1
243	288	30	1
245	288	30	1
252	288	30	1
199	289	30	1
232	289	30	1
235	289	30	1
239	289	30	1
240	289	30	1
224	290	30	2
244	290	30	1
245	290	30	1
250	290	30	2
257	290	30	1
223	291	30	1
225	291	30	1
226	291	30	1
227	291	30	1
232	291	30	1
237	291	30	2
247	291	30	1
250	291	30	1
255	291	30	2
198	292	30	1
220	292	30	1
230	292	30	1
241	292	30	1
249	292	30	1
221	293	30	2
223	293	30	1
231	293	30	1
232	293	30	1
236	293	30	1
238	293	30	1
240	293	30	1
210	294	30	1
221	294	30	1
231	294	30	1
243	294	30	1
251	294	30	1
253	294	30	1
257	294	30	1
220	295	30	1
234	295	30	1
250	295	30	1
257	295	30	1
186	296	30	1
232	296	30	2
241	296	30	1
242	296	30	1
226	297	30	1
227	297	30	1
239	297	30	1
245	297	30	1
246	297	30	1
252	297	30	1
220	298	30	1
221	298	30	3
228	298	30	1
240	298	30	1
242	298	30	2
246	298	30	1
249	298	30	2
224	299	30	1
227	299	30	1
241	299	30	1
242	299	30	1
248	299	30	1
252	299	30	2
214	300	30	1
226	300	30	1
233	300	30	1
236	300	30	2
237	300	30	1
223	301	30	1
230	301	30	3
238	301	30	2
243	301	30	1
247	301	30	1
223	302	30	1
229	302	30	2
237	302	30	1
238	302	30	1
239	302	30	1
240	302	30	1
248	302	30	1
217	303	30	1
225	303	30	1
237	303	30	1
238	303	30	1
244	303	30	2
233	304	30	2
238	304	30	1
242	304	30	1
233	305	30	2
237	305	30	1
238	305	30	1
240	306	30	1
227	253	31	1
228	253	31	1
227	254	31	1
229	254	31	1
235	254	31	1
195	255	31	3
233	255	31	1
234	255	31	2
235	255	31	1
236	255	31	1
238	255	31	1
233	256	31	1
216	257	31	1
229	257	31	1
236	257	31	1
238	257	31	1
240	257	31	1
215	258	31	2
233	258	31	1
235	258	31	1
239	258	31	1
209	259	31	1
226	259	31	1
227	259	31	1
232	259	31	1
235	259	31	1
191	260	31	1
216	260	31	1
218	260	31	1
220	260	31	1
227	260	31	1
239	260	31	1
240	260	31	1
245	260	31	1
246	260	31	1
181	261	31	1
211	261	31	1
213	261	31	1
217	261	31	1
227	261	31	1
230	261	31	2
193	262	31	2
195	262	31	1
218	262	31	1
220	262	31	1
225	262	31	1
229	262	31	1
235	262	31	1
249	262	31	2
186	263	31	1
189	263	31	1
198	263	31	1
211	263	31	1
223	263	31	1
228	263	31	1
229	263	31	1
233	263	31	1
236	263	31	1
244	263	31	1
249	263	31	1
185	264	31	2
187	264	31	1
197	264	31	1
199	264	31	1
227	264	31	1
234	264	31	1
238	264	31	1
244	264	31	1
248	264	31	1
184	265	31	1
185	265	31	1
196	265	31	2
215	265	31	1
216	265	31	1
222	265	31	1
223	265	31	1
238	265	31	1
239	265	31	1
248	265	31	1
187	266	31	1
189	266	31	1
197	266	31	1
211	266	31	1
215	266	31	2
220	266	31	1
236	266	31	2
243	266	31	1
177	267	31	1
194	267	31	1
216	267	31	2
217	267	31	1
219	267	31	1
229	267	31	2
232	267	31	1
244	267	31	1
193	268	31	1
195	268	31	1
197	268	31	1
210	268	31	2
213	268	31	2
215	268	31	1
220	268	31	2
222	268	31	1
232	268	31	1
242	268	31	1
244	268	31	1
173	269	31	1
188	269	31	2
201	269	31	1
230	269	31	2
242	269	31	1
243	269	31	1
180	270	31	1
181	270	31	1
186	270	31	1
198	270	31	1
199	270	31	1
207	270	31	1
242	270	31	1
250	270	31	1
172	271	31	3
176	271	31	1
177	271	31	1
217	271	31	2
246	271	31	1
247	271	31	1
249	271	31	1
184	272	31	1
185	272	31	1
203	272	31	1
205	272	31	1
208	272	31	1
213	272	31	2
215	272	31	1
226	272	31	1
234	272	31	1
243	272	31	1
248	272	31	1
251	272	31	1
176	273	31	1
183	273	31	1
207	273	31	1
212	273	31	1
214	273	31	1
215	273	31	1
234	273	31	1
236	273	31	1
238	273	31	1
239	273	31	1
246	273	31	1
185	274	31	1
203	274	31	1
213	274	31	1
214	274	31	1
216	274	31	1
226	274	31	1
229	274	31	1
230	274	31	1
232	274	31	1
233	274	31	1
241	274	31	2
243	274	31	1
244	274	31	1
247	274	31	1
250	274	31	1
252	274	31	1
237	275	31	1
238	275	31	2
241	275	31	1
243	275	31	1
181	276	31	1
234	276	31	1
236	276	31	1
174	277	31	1
235	277	31	1
237	277	31	1
238	277	31	1
249	277	31	1
174	278	31	1
178	278	31	1
204	278	31	1
205	278	31	1
237	278	31	1
238	278	31	1
243	278	31	1
244	278	31	1
249	278	31	1
178	279	31	1
205	279	31	1
206	279	31	1
208	279	31	1
216	279	31	1
246	279	31	1
205	280	31	2
217	280	31	1
226	280	31	1
238	280	31	1
247	280	31	1
251	280	31	1
179	281	31	1
204	281	31	1
210	281	31	3
233	281	31	1
241	281	31	1
243	281	31	1
248	281	31	2
206	282	31	1
221	282	31	2
232	282	31	1
233	282	31	1
235	282	31	1
241	282	31	1
244	282	31	1
246	282	31	1
249	282	31	1
256	282	31	1
176	283	31	3
224	283	31	1
232	283	31	1
233	283	31	1
234	283	31	1
235	283	31	1
239	283	31	1
240	283	31	1
246	283	31	1
176	284	31	1
179	284	31	1
180	284	31	1
182	284	31	1
239	284	31	1
241	284	31	2
243	284	31	1
177	285	31	1
178	285	31	1
206	285	31	1
218	285	31	1
224	285	31	1
229	285	31	2
243	285	31	1
221	286	31	3
222	286	31	1
229	286	31	1
231	286	31	1
237	286	31	1
238	286	31	1
240	286	31	1
244	286	31	1
249	286	31	1
252	286	31	1
190	287	31	1
220	287	31	1
223	287	31	2
228	287	31	2
237	287	31	1
238	287	31	1
244	287	31	1
246	287	31	2
248	287	31	1
250	287	31	1
252	287	31	1
255	287	31	2
186	288	31	1
225	288	31	1
230	288	31	1
236	288	31	2
241	288	31	1
242	288	31	1
245	288	31	1
247	288	31	1
205	289	31	2
231	289	31	2
238	289	31	1
240	289	31	2
244	289	31	1
245	289	31	1
246	289	31	1
250	289	31	1
222	290	31	1
225	290	31	1
231	290	31	1
235	290	31	1
247	290	31	1
248	290	31	1
250	290	31	1
197	291	31	1
230	291	31	1
237	291	31	2
238	291	31	1
241	291	31	1
244	291	31	1
245	291	31	1
255	291	31	1
198	292	31	1
221	292	31	1
227	292	31	1
230	292	31	1
232	292	31	1
243	292	31	1
246	292	31	1
250	292	31	2
257	292	31	1
198	293	31	1
223	293	31	1
230	293	31	1
231	293	31	2
236	293	31	1
241	294	32.8	1
246	293	31	1
247	293	31	1
256	293	31	2
202	294	31	1
221	294	31	1
222	294	31	1
224	294	31	1
226	294	31	2
228	294	31	1
237	294	31	1
241	294	31	1
243	294	31	1
244	294	31	1
225	295	31	1
232	295	31	1
241	295	31	1
242	295	31	1
244	295	31	1
200	296	31	1
234	296	31	1
242	296	31	1
247	296	31	1
221	297	31	1
226	297	31	1
230	297	31	1
231	297	31	1
234	297	31	1
236	297	31	1
242	297	31	1
243	297	31	1
255	297	31	2
223	298	31	1
228	298	31	1
238	298	31	1
250	298	31	1
253	298	31	1
221	299	31	1
224	299	31	1
229	299	31	1
237	299	31	1
245	299	31	1
248	299	31	1
224	300	31	1
237	300	31	1
244	300	31	1
248	300	31	1
250	300	31	1
224	301	31	1
225	301	31	1
226	301	31	2
229	301	31	1
233	301	31	1
234	301	31	1
236	301	31	1
237	301	31	1
241	301	31	1
242	301	31	1
246	301	31	1
247	301	31	1
220	302	31	1
222	302	31	1
224	302	31	1
226	302	31	2
231	302	31	1
235	302	31	1
242	302	31	1
243	302	31	1
232	303	31	1
234	303	31	1
244	303	31	2
247	303	31	1
232	304	31	1
225	305	31	1
233	306	31	1
226	309	31	1
226	250	32	1
215	251	32	2
226	251	32	1
227	251	32	1
214	252	32	1
231	252	32	1
193	253	32	2
223	253	32	1
224	253	32	1
225	253	32	1
229	253	32	1
225	254	32	1
226	254	32	1
230	254	32	1
238	254	32	1
218	255	32	1
227	255	32	1
232	255	32	1
234	255	32	1
240	255	32	1
210	256	32	1
215	256	32	1
229	256	32	1
237	256	32	1
192	257	32	2
202	257	32	1
203	257	32	1
208	257	32	1
219	257	32	1
229	257	32	1
238	257	32	1
193	258	32	1
214	258	32	1
215	258	32	1
216	258	32	1
220	258	32	1
231	258	32	1
235	258	32	2
241	258	32	1
188	259	32	1
191	259	32	2
209	259	32	1
213	259	32	1
216	259	32	1
220	259	32	1
222	259	32	2
203	260	32	1
210	260	32	1
211	260	32	1
218	260	32	1
228	260	32	1
237	260	32	1
238	260	32	1
245	260	32	2
248	260	32	1
194	261	32	2
219	261	32	1
228	261	32	1
229	261	32	1
237	261	32	1
238	261	32	1
239	261	32	1
217	262	32	1
218	262	32	1
221	262.666666666667	33	1
224	262	32	1
227	262	32	1
238	262	32	2
242	262	32	2
243	262	32	1
244	262	32	1
248	262	32	1
249	262	32	1
208	263	32	1
211	263	32	1
218	263	32	1
222	263	32	1
230	263	32	1
237	263	32	1
186	264	32	1
189	264	32	2
200	264	32	1
204	264	32	1
221	264	32	1
227	264	32	1
228	264	32	1
232	264	32	2
238	264	32	1
247	264	32	1
250	264	32	1
189	265	32	1
217	265	32	1
221	265	32	1
226	265	32	1
232	265	32	2
239	265	32	1
244	265	32	1
248	265	32	1
251	265	32	1
178	266	32	1
184	266	32	1
189	266	32	2
197	266	32	1
203	266	32	1
212	266	32	1
213	266	32	1
214	266	32	1
224	266	32	1
229	266	32	1
236	266	32	1
238	266	32	1
239	266	32	2
243	266	32	1
245	266	32	1
251	266	32	1
182	267	32	2
183	267	32	1
184	267	32	1
197	267	32	1
209	267	32	1
214	267	32	1
222	267	32	2
229	267	32	1
243	267	32	1
246	267	32	2
183	268	32	1
186	268	32	1
194	268	32	1
195	268	32	1
198	268	32	1
213	268	32	1
224	268	32	1
225	268	32	1
231	268	32	1
239	268	32	1
241	268	32	1
175	269	32	1
176	269	32	1
181	269	32	1
186	269	32	1
191	269	32	2
194	269	32	1
204	269	32	1
215	269	32	2
218	269	32	1
228	269	32	1
241	269	32	1
244	269	32	1
249	269	32	1
181	270	32	1
212	270	32	1
227	270	32	1
234	270	32	1
173	271	32	1
196	271	32	1
206	271	32	1
209	271	32	1
211	271	32	1
212	271	32	1
228	271	32	2
231	271	32	1
234	271	32	1
238	271	32	1
240	271	32	1
246	271	32	1
247	271	32	1
175	272	32	1
176	272	32	1
186	272	32	1
198	272	32	1
200	272	32	1
201	272	32	1
209	272	32	1
211	272	32	2
226	272	32	1
239	272	32	1
240	272	32	1
241	272	32	1
243	272	32	1
248	272	32	2
252	272	32	1
182	273	32	1
208	273	32	1
213	273	32	1
215	273	32	1
228	273	32	1
229	273	32	1
238	273	32	1
239	273	32	1
254	273	32	1
174	274	32	1
183	274	32	1
185	274	32	1
208	274	32	1
213	274	32	2
214	274	32	1
235	274	32	1
237	274	32	1
243	274	32	1
246	274	32	1
184	275	32	2
208	275	32	1
211	275	32	1
235	275	32	1
240	275	32	1
249	275	32	1
175	276	32	2
184	276	32	1
204	276	32	1
205	276	32	1
206	276	32	1
228	276	32	1
235	276	32	1
236	276	32	1
175	277	32	1
176	277	32	2
205	277	32	1
232	277	32	1
249	277	32	1
206	278	32	1
235	278	32	2
239	278	32	1
243	278	32	1
244	278	32	1
245	278	32	1
249	278	32	1
250	278	32	1
175	279	32	1
177	279	32	1
179	279	32	1
245	279	32	1
246	279	32	1
247	279	32	1
175	280	32	1
177	280	32	1
178	280	32	1
208	280	32	1
220	280	32	1
229	280	32	1
232	280	32	1
238	280	32	1
239	280	32	1
245	280	32	1
173	281	32	1
175	281	32	1
181	281	32	2
182	281	32	1
211	281	32	1
221	281	32	2
222	281	32	1
223	281	32	1
231	281	32	1
237	281	32	2
250	281	32	1
173	282	32	1
188	282	32	1
221	282	32	3
226	282	32	2
229	282	32	1
253	282	32	1
256	282	32	1
181	283	32	1
208	283	32	1
211	283	32	1
222	283	32	1
223	283	32	2
224	283	32	1
236	283	32	1
237	283	32	1
245	283	32	1
246	283	32	1
253	283	32	1
176	284	32	1
179	284	32	1
184	284	32	1
209	284	32	1
220	284	32	1
221	284	32	2
227	284	32	1
232	284	32	1
236	284	32	1
247	284	32	1
251	284	32	1
254	284	32	1
182	285	32	1
206	285	32	1
222	285	32	1
223	285	32	2
237	285	32	1
244	285	32	1
245	285	32	1
246	285	32	1
250	285	32	1
174	286	32	1
175	286	32	1
177	286	32	1
183	286	32	1
204	286	32	1
219	286	32	1
228	286	32	1
242	286	32	1
187	287	32	1
207	287	32	1
228	287	32	1
231	287	32	1
236.5	287.5	32.5	2
240	287	32	1
241	287	32	1
247	287	32	1
249	287	32	2
254	287	32	1
222	288	32	1
226	288	32	1
234	288	32	1
235	288	32	1
247	288	32	2
249	288	32	1
237	289	32	1
243	289	32	1
187	290	32	1
199	290	32	1
222	290	32	1
225	290	32	1
229	290	32	1
235	290	32	1
237	290	32	1
239	290	32	1
252	290	32	1
253	290	32	2
235	291	32	2
243	291	32	1
245	291	32	1
246	291	32	1
250	291	32	1
254	291	32	1
198	292	32	1
199	292	32	1
203	292	32	2
218	292	32	1
221	292	32	1
246	292	32	1
249	292	32	1
197	293	32	1
207	293	32	1
218	293	32	1
220	293	32	1
221	293	32	1
222	293	32	1
223	293	32	1
224	293	32	1
233	293	32	1
234	293	32	1
237	293	32	1
244	293	32	1
245	293	32	1
249	293	32	1
256	293	32	1
198	294	32	1
199	294	32	1
204	294	32	1
221	294	32	1
225	294	32	1
231	294	32	1
239	294	32	1
245	294	32	1
246	294	32	1
247	294	32	1
253	294	32	1
256	294	32	1
224	295	32	1
229	295	32	1
230	295	32	1
231	295	32	1
241	295	32	1
243	295	32	1
202	296	32	1
218	296	32	1
225	296	32	1
229	296	32	1
233	296	32	1
237	296	32	1
241	296	32	1
247	296	32	1
198	297	32	2
199	297	32	1
229	297	32	1
230	297	32	1
237	297	32	1
241	297	32	1
248	297	32	2
250	297	32	2
252	297	32	1
255	297	32	1
219	298	32	1
220	298	32	1
227	298	32	1
230	298	32	1
236	298	32	2
237	298	32	1
239	298	32	1
247	298	32	2
248	298	32	2
253	298	32	1
196	299	32	2
197	299	32	1
233	299	32	1
241	299	32	2
242	299	32	2
244	299	32	1
249	299	32	1
185	300	32	1
196	300	32	1
197	300	32	1
227	300	32	1
246	300	32	2
247	300	32	1
196	301	32	1
198	301	32	1
221	301	32	1
235	301	32	1
236	301	32	1
239	301	32	1
243	301	32	1
249	301	32	1
223	302	32	1
229	302	32	1
233	302	32	1
236	302	32	2
239	302	32	2
240	302	32	1
241	302	32	1
247	302	32	2
234	303	32	1
241	303	32	1
245	303	32	2
217	304	32	2
231	304	32	1
234	304	32	1
237	304	32	1
238	304	32	1
239	304	32	1
234	305	32	1
235	305	32	1
224	306	32	1
230	306	32	1
233	306	32	1
225	307	32	2
234	307	32	1
236	307	32	1
237	307	32	1
235	308	32	1
220	309	32	1
225	309	32	1
226	309	32	2
225	310	32	1
227	312	32	1
229	312	32	1
232	312	32	1
232	249	33	1
228	251	33	1
223	252	33	1
227	252	33	1
222	253	33	1
226	254	33	1
231	254	33	1
232	254	33	1
240	254	33	1
218	255	33	1
221	255	33	1
223	255	33	1
237	255	33	1
215	256	33	1
223	256	33	1
227	256	33	1
238	256	33	1
215	257	33	1
217	257	33	1
220	257	33	1
222	257	33	1
235	257	33	1
219	258	33	1
223	258	33	1
226	258	33	2
234	258	33	1
235	258	33	1
239	258	33	1
242	258	33	1
211	259	33	1
217	259	33	1
218	259	33	1
222	259	33	1
224	259	33	1
227	259	33	2
237	259	33	1
242	259	33	3
192	260	33	1
213	260	33	1
215	260	33	1
217	260	33	1
219	260	33	1
229	260	33	1
188	261	33	1
216	261	33	1
217.5	261.5	33.5	1
218	261	33	1
219	261	33	1
228	261	33	1
236	261	33	1
239	261	33	1
211	262	33	1
212	262	33	1
214	262	33	2
218	262	33	1
224	262	33	1
231	262	33	1
233	262	33	1
240	262	33	1
243	262	33	1
183	263	33	1
189	263	33	2
190	263	33	1
199	263	33	1
203	263	33	1
217	263	33	1
222	263	33	1
223	263	33	1
224	263	33	1
225	263	33	1
227	263	33	1
231	263	33	1
237	263	33	1
240	263	33	1
185	264	33	1
188	264	33	1
191	264	33	1
192	264	33	1
193	264	33	1
199	264	33	2
214	264	33	1
221	264	33	1
225	264	33	1
226	264	33	1
238	264	33	3
242	264	33	1
246	264	33	1
185	265	33	1
188	265	33	2
195	265	33	1
202	265	33	1
207	265	33	1
212	265	33	1
218	265	33	1
235	265	33	1
242	265	33	1
248	265	33	2
252	265	33	1
184	266	33	1
185	266	33	1
187	266	33	1
190	266	33	1
193	266	33	1
196	266	33	1
208	266	33	2
214	266	33	2
215	266	33	1
216	266	33	1
217	266	33	1
218	266	33	1
221	266	33	1
222	266	33	1
224	266	33	2
237	266	33	1
240	266	33	1
241	266	33	1
242	266	33	1
246	266	33	1
186	267	33	1
192	267	33	1
209	267	33	2
210	267	33	1
215	267	33	1
217	267	33	1
229	267	33	1
248	267	33	1
252	267	33	1
192	268	33	1
195	268	33	1
208	268	33	1
212	268	33	1
215	268	33	2
217	268	33	1
219	268	33	1
243	268	33	1
187	269	33	1
191	269	33	1
194	269	33	2
204	269	33	1
208	269	33	1
240	269	33	2
183	270	33	2
186	270	33	1
209	270	33	1
212	270	33	1
215	270	33	1
240	270	33	1
242	270	33	1
244	270	33	1
252	270	33	1
173	271	33	1
205	271	33	2
216	271	33	1
229	271	33	1
235	271	33	1
240	271	33	1
242	271	33	1
245	271	33	1
246	271	33	1
248	271	33	1
253	271	33	1
172	272	33	2
180	272	33	1
182	272	33	1
189	272	33	1
203	272	33	2
207	272	33	1
208	272	33	2
239	272	33	1
241	272	33	1
244	272	33	1
245	272	33	1
171	273	33	1
190	273	33	1
209	273	33	2
211	273	33	1
238	273	33	1
249	273	33	1
174	274	33	1
176	274	33	1
185	274	33	1
190	274	33	1
201	274	33	1
204	274	33	1
211	274	33	1
212	274	33	1
237	274	33	1
242	274	33	1
183	275	33	1
200	275	33	1
205	275	33	2
214	275	33	1
239	275	33	1
240	275	33	2
251	275	33	2
177	276	33	1
186	276	33	1
190	276	33	2
237	276	33	1
243	276	33	1
174	277	33	1
206	277	33	1
207	277	33	1
209	277	33	1
211	277	33	1
216	277	33	4
241	277	33	1
244	277	33	1
245	277	33	2
246	277	33	1
247	277	33	1
174	278	33	1
191	278	33	1
205	278	33	2
234	278	33	2
235	278	33	1
237	278	33	1
240	278	33	2
175	279	33	1
181	279	33	1
201	279	33	1
208	279	33	1
187	280	33	1
206	280	33	1
208	280	33	1
209	280	33	1
217	280	33	1
224	280	33	1
225	280	33	1
226	280	33	1
232	280	33	1
239	280	33	1
242	280	33	1
246	280	33	2
251	280	33	1
173	281	33	1
179	281	33	1
180	281	33	1
186	281	33	1
204	281	33	1
222	281	33	1
245	281	33	1
210	282	33	1
211	282	33	1
213	282	33	1
223	282	33	1
224	282	33	2
231	282	33	1
234	282	33	1
238	282	33	1
241	282	33	1
252	282	33	1
174	283	33	1
181	283	33	1
183	283	33	1
220	283	33	1
228	283	33	2
230	283	33	2
232	283	33	1
237	283	33	1
240	283	33	2
242	283	33	1
253	283	33	1
224	284	33	1
242	284	33	1
244	284	33	1
247	284	33	1
252	284	33	1
221	285	33	1
227	285	33	1
236	285	33	1
201	286	33	1
221	286	33	1
229	286	33	1
248	286	33	1
249	286	33	1
255	286	33	1
179	287	33	1
185	287	33	1
204	287	33	1
227	287	33	2
230	287	33	1
234	287	33	1
236	287	33	1
202	288	33	1
219	288	33	1
234	288	33	1
244	288	33	2
249	288	33	1
250	288	33	1
255	288	33	1
200	289	33	2
222	289	33	1
224	289	33	1
231	289	33	1
232	289	33	1
244	289	33	1
250	289	33	2
187	290	33	1
225	290	33	1
234	290	33	1
235	290	33	1
242	290	33	1
185	291	33	1
223	291	33	1
229	291	33	1
231	291	33	2
232	291	33	2
240	291	33	1
242	291	33	1
245	291	33	1
247	291	33	1
183	292	33	1
197	292	33	1
201	292	33	2
202	292	33	1
223	292	33	1
225	292	33	1
228	292	33	1
232	292	33	1
238	292	33	1
239	292	33	2
245	292	33	2
247	292	33	1
248	292	33	2
254	292	33	2
177	293	33	1
229	293	33	1
233	293	33	1
237	293	33	1
241	293	33	2
254	293	33	1
180	294	33	1
204	294	33	1
243	294	33	1
245	294	33	1
251	294	33	1
182	295	33	1
197	295	33	1
199	295	33	1
201	295	33	1
237	295	33	1
245	295	33	1
246	295	33	2
248	295	33	1
250	295	33	1
253	295	33	1
254	295	33	1
191	296	33	1
194	296	33	1
200	296	33	2
222	296	33	1
225	296	33	1
229	296	33	1
230	296	33	2
243	296	33	1
245	296	33	2
202	297	33	2
224	297	33	1
225	297	33	1
231	297	33	1
236	297	33	2
241	297	33	1
246	297	33	1
196	298	33	1
220	298	33	1
234	298	33	1
235	298	33	1
236	298	33	2
238	298	33	1
239	298	33	3
240	298	33	1
245	298	33	1
196	299	33	2
198	299	33	2
201	299	33	1
222	299	33	1
224	299	33	1
227	299	33	1
240	300	33	1
244	300	33	1
196	301	33	1
223	301	33	1
225	301	33	1
240	301	33	2
243	301	33	1
246	301	33	2
209	302	33	1
223	302	33	1
226	302	33	1
236	302	33	1
237	302	33	4
243	302	33	1
246	302	33	1
207	303	33	1
222	303	33	1
224	303	33	1
236	303	33	1
240	303	33	1
206	304	33	1
227	304	33	1
232	304	33	1
233	304	33	1
235	304	33	1
238	304	33	1
207	305	33	1
233	305	33	2
237	305	33	1
238	305	33	1
224	306	33	1
230	306	33	1
231	306	33	1
232	306	33	2
236	306	33	1
223	307	33	1
234	307	33	2
235	308	33	1
225	309	33	1
228	309	33	1
234	309	33	1
235	309	33	1
234	310	33	1
224	311	33	1
233	311	33	1
234	311	33	1
226	312	33	1
228	312	33	1
234	313	33	1
235	313	33	1
228	314	33	1
234	314	33	1
229	250	34	1
224	252	34	1
228	252	34	1
230	252	34	1
225	254	34	4
228	254	34	1
241	254	34	2
224	255	34	1
215	256	34	2
221	256	34	1
218	257	34	1
219	257	34	1
223	257	34	2
228	257	34	1
243	257	34	1
200	258	34	2
212	258	34	1
218	258	34	1
227	258	34	1
228	258	34	2
232	258	34	1
233	258	34	1
235	258	34	1
189	259	34	1
217	259	34	2
219	259	34	1
222	259	34	1
226	259	34	1
230	259	34	1
215	260	34	1
216	260	34	1
220	260	34	1
221	260	34	1
223	260	34	2
224	260	34	1
226	260	34	2
235	260	34	1
236	260	34	1
242	260	34	1
244	260	34	1
190	261	34	1
208	261	34	1
225	261	34	1
235	261	34	1
242	261	34	1
244	261	34	1
211	262	34	1
226	262	34	2
228	262	34	1
235	262	34	1
238	262	34	1
245	262	34	1
246	262	34	2
247	262	34	2
188	263	34	1
193	263	34	1
197	263	34	3
210	263	34	1
216	263	34	1
218	263	34	1
224	263	34	1
225	263	34	1
234	263	34	1
238	263	34	1
241	263	34	1
248	263	34	1
252	263	34	1
187	264	34	1
188	264	34	1
191	264	34	1
193	264	34	1
194	264	34	1
200	264	34	1
202	264	34	1
214	264	34	1
217	264	34	1
220	264	34	1
228	264	34	1
239	264	34	1
242	264	34	1
249	264	34	1
176	265	34	1
203	265	34	2
205	265	34	1
221	265	34	1
223	265	34	1
232	265	34	1
234	265	34	2
239	265	34	1
248	265	34	1
188	266	34	1
193	266	34	1
195	266	34	1
196	266	34	1
225	266	34	1
227	266	34	1
229	266	34	1
230	266	34	1
233	266	34	1
237	266	34	1
238	266	34	1
240	266	34	1
242	266	34	1
246	266	34	1
182	267	34	2
183	267	34	3
193	267	34	2
194	267	34	2
206	267	34	1
220	267	34	1
221	267	34	1
223	267	34	3
225	267	34	1
235	267	34	1
239	267	34	1
243	267	34	2
245	267	34	1
193	268	34	1
195	268	34	1
218	268	34	1
244	268	34	1
175	269	34	2
183	269	34	2
194	269	34	1
196	269	34	3
197	269	34	1
210	269	34	1
213	269	34	1
215	269	34	1
218	269	34	1
219	269	34	1
233	269	34	2
241	269	34	3
242	269	34	2
245	269	34	1
251	269	34	1
180	270	34	1
183	270	34	1
184	270	34	1
205	270	34	1
210	270	34	2
214	270	34	1
221	270	34	2
231	270	34	1
242	270	34	1
243	270	34	1
245	270	34	1
246	270	34	1
249	270	34	1
175	271	34	1
178	271	34	1
186	271	34	2
209	271	34	1
213	271	34	1
214	271	34	1
215	271	34	1
230	271	34	2
176	272	34	1
179	272	34	1
180	272	34	1
203	272	34	2
211	272	34	1
237	272	34	1
239	272	34	1
241	272	34	1
249	272	34	1
186	273	34	1
208	273	34	1
210	273	34	1
211	273	34	1
213	273	34	1
215	273	34	1
218	273	34	2
231	273	34	1
249	273	34	1
185	274	34	1
186	274	34	2
197	274	34	1
203	274	34	1
206	274	34	1
209	274	34	1
215	274	34	1
226	274	34	1
231	274	34	1
235	274	34	1
237	274	34	1
239	274	34	1
240	274	34	1
185	275	34	1
207	275	34	2
212	275	34	2
213	275	34	1
216	275	34	1
227	275	34	1
233	275	34	1
240	275	34	2
206	276	34	1
209	276	34	1
212	276	34	2
232	276	34	1
235	276	34	1
240	276	34	2
242	276	34	1
245	276	34	1
175	277	34	1
182	277	34	1
186	277	34	1
189	277	34	2
202	277	34	2
204	277	34	1
206	277	34	3
211	277	34	1
215	277	34	2
229	277	34	1
235	277	34	1
244	277	34	1
176	278	34	1
186	278	34	1
193	278	34	1
201	278	34	1
205	278	34	1
214	278	34	1
239	278	34	1
244	278	34	1
174	279	34	1
175	279	34	1
227	279	34	1
245	279	34	1
174	280	34	1
180	280	34	1
181	280	34	1
187	280	34	1
224	280	34	1
233	280	34	1
235	280	34	1
236	280	34	1
242	280	34	1
248	280	34	1
249	280	34	1
173	281	34	1
174	281	34	1
175	281	34	1
176	281	34	1
180	281	34	1
192	281	34	1
205	281	34	1
213	281	34	1
221	281	34	2
222	281	34	1
228	281	34	1
230	281	34	1
232	281	34	1
241	281	34	1
245	281	34	1
190	282	34	1
209	282	34	2
211	282	34	1
215	282	34	1
220	282	34	2
222	282	34	1
223	282	34	2
224	282	34	1
229	282	34	1
233	282	34	1
234	282	34	1
235	282	34	1
247	282	34	1
181	283	34	1
211	283	34	1
219	283	34	2
222	283	34	1
223	283	34	1
224	283	34	1
243	283	34	1
177	284	34	1
185	284	34	1
191	284	34	2
205	284	34	1
207	284	34	1
208	284	34	1
209	284	34	1
211	284	34	1
214	284	34	1
222	284	34	1
254	284	34	2
181	285	34	1
187	285	34	1
188	285	34	1
203	285	34	1
218	285	34	1
223	285	34	1
231	285	34	2
237	285	34	1
240	285	34	1
245	285	34	1
176	286	34	1
186	286	34	1
187	286	34	1
188	286	34	1
199	286	34	2
203	286	34	1
208	286	34	1
237	286	34	2
246	286	34	1
247	286	34	1
254	286	34	1
209	287	34	1
222	287	34	1
223	287	34	2
225	287	34	2
229	287	34	1
233	287	34	1
238	287	34	2
243	287	34	1
251	287	34	1
252	287	34	1
202	288	34	1
203	288	34	1
206	288	34	1
221	288	34	2
226	288	34	2
230	288	34	1
231	288	34	1
235	288	34	1
237	288	34	1
240	288	34	2
245	288	34	1
255	288	34	1
186	289	34	1
238	289	34	1
204	290	34	1
220	290	34	1
223	290	34	1
225	290	34	1
229	290	34	1
200	291	34	1
202	291	34	2
221	291	34	1
224	291	34	2
232	291	34	1
234	291	34	2
235	291	34	2
241	291	34	1
246	291	34	1
249	291	34	2
255	291	34	1
196	292	34	1
198	292	34	1
200	292	34	1
201	292	34	1
202	292	34	1
226	292	34	1
228	292	34	1
241	292	34	1
242	292	34	1
243	292	34	1
244	292	34	1
182	293	34	2
194	293	34	1
230	293	34	1
241	293	34	1
244	293	34	1
247	293	34	1
190	294	34	1
199	294	34	2
206	294	34	1
221	294	34	1
223	294	34	1
225	294	34	1
229	294	34	1
235	294	34	1
246	294	34	1
184	295	34	1
194	295	34	1
204	295	34	1
222	295	34	1
224	295	34	1
236	295	34	1
240	295	34	1
202	296	34	1
205	296	34	1
221	296	34	2
223	296	34	1
237	296	34	1
239	296	34	1
241	296	34	1
242	296	34	1
243	296	34	1
194	297	34	1
195	297	34	2
220	297	34	1
221	297	34	1
224	297	34	1
234	297	34	2
235	297	34	1
236	297	34	1
238	297	34	1
245	297	34	1
247	297	34	1
182	298	34	1
196	298	34	1
220	298	34	1
224	298	34	1
228	298	34	2
233	298	34	1
195	299	34	1
226	299	34	1
236	299	34	1
245	299	34	1
247	299	34	1
224	300	34	1
226	300	34	1
228	300	34	1
229	300	34	1
230	300	34	1
233	300	34	1
236	300	34	1
238	300	34	1
242	300	34	1
243	300	34	1
227	301	34	1
233	301	34	1
241	301	34	2
243	301	34	1
235	302	34	1
225	303	34	1
228	303	34	2
233	303	34	2
236	303	34	1
244	303	34	1
232	304	34	1
233	304	34	2
240	304	34	1
241	304	34	2
204	305	34	1
237	305	34	1
203	306	34	1
223	306	34	1
224	306	34	1
227	306	34	3
228	306	34	1
233	306	34	1
234	306	34	1
238	306	34	1
241	306	34	1
242	306	34	1
201	307	34	1
240	307	34	2
241	308	34	1
242	308	34	1
220	309	34	3
224	309	34	1
228	309	34	1
233	309	34	1
237	309	34	1
216	310	34	2
228	310	34	1
232	310	34	1
234	310	34	1
237	310	34	1
218	311	34	1
228	311	34	1
230	311	34	2
232	311	34	1
235	311	34	1
216	312	34	1
226	312	34	1
235	312	34	1
232	313	34	2
234	313	34	1
235	313	34	1
230	314	34	2
234	314	34	1
227	315	34	1
228	315	34	1
238	315	34	1
226	316	34	1
230	316	34	1
211	318	34	1
226	250	35	1
228	250	35	1
224	251	35	1
225	252	35	1
219	253	35	1
226	254	35	1
225	255	35	1
227	255	35	2
230	255	35	2
215	256	35	1
221	256	35	1
226	256	35	1
229	256	35	1
230	256	35	2
240	256	35	1
243	256	35	1
191	257	35	1
223	257	35	1
226	257	35	1
239	257	35	2
241	257	35	1
217	258	35	2
228	258	35	1
234	258	35	1
235	258	35	1
239	258	35	1
210	259	35	1
220	259	35	1
226.5	259.5	35.5	2
230	259	35	1
231	259	35	2
240	259	35	1
191	260	35	1
221	260	35	1
223	260	35	1
224	260	35	2
227	260	35	1
230	260	35	2
231	260	35	1
235	260	35	2
188	261	35	2
191	261	35	1
213	261	35	1
226	261	35	2
232	261	35	1
234	261	35	1
237	261	35	1
245	261	35	1
189	262	35	1
213	262	35	1
219	262	35	1
226	262	35	1
236	262	35	1
248	262	35	1
188	263	35	2
189	263	35	1
196	263	35	1
205	263	35	1
209	263	35	1
211	263	35	4
212	263	35	1
213	263	35	1
221	263	35	1
228	263	35	1
230	263	35	1
233	263	35	1
234	263	35	3
235	263	35	1
237	263	35	1
238	263	35	1
243	263	35	1
244	263	35	1
191	264	35	2
214	264	35	1
220	264	35	1
222	264	35	1
224	264	35	2
239	264	35	1
242	264	35	1
243	264	35	1
248	264	35	1
184	265	35	1
187	265	35	1
189	265	35	1
193	265	35	1
207	265	35	1
209	265	35	1
213	265	35	1
214	265	35	1
222	265	35	1
223	265	35	1
241	265	35	1
242	265	35	2
178	266	35	2
183	266	35	1
186	266	35	1
187	266	35	1
230	266	35	1
233	266	35	1
236	266	35	1
238	266	35	1
239	266	35	2
243	266	35	1
247	266	35	1
188	267	35	1
190	267	35	1
194	267	35	1
195	267	35	2
207	267	35	1
209	267	35	1
210	267	35	1
212	267	35	1
227	267	35	1
229	267	35	1
239	267	35	1
247	267	35	1
248	267	35	1
249	267	35	1
183	268	35	1
187	268	35	1
188	268	35	1
192	268	35	1
193	268	35	1
195	268	35	1
203	268	35	2
210	268	35	1
214	268	35	1
238	268	35	2
247	268	35	3
248	268	35	1
249	268	35	1
176	269	35	1
178	269	35	1
188	269	35	1
197	269	35	1
202	269	35	2
212	269	35	1
214	269	35	1
216	269	35	1
222	269	35	1
234	269	35	1
235	269	35	1
238	269	35	2
248	269	35	1
172	270	35	1
186	270	35	1
190	270	35	2
191	270	35	1
195	270	35	1
212	270	35	1
214	270	35	1
221	270	35	1
227	270	35	1
235	270	35	1
238	270	35	1
241	270	35	1
246	270	35	1
171	271	35	1
173	271	35	1
193	271	35	1
196	271	35	1
207	271	35	1
216	271	35	1
217	271	35	1
218	271	35	1
234	271	35	1
237	271	35	2
249	271	35	1
250	271	35	1
173	272	35	1
176	272	35	1
178	272	35	1
179	272	35	2
182	272	35	1
184	272	35	1
202	272	35	1
207	272	35	1
210	272	35	1
231	272	35	1
234	272	35	1
240	272	35	1
173	273	35	1
176	273	35	1
183	273	35	1
186	273	35	1
228	273	35	1
232	273	35	1
235	273	35	1
238	273	35	1
245	273	35	1
250	273	35	1
176	274	35	1
181	274	35	1
183	274	35	1
203	274	35	1
207	274	35	1
212	274	35	1
213	274	35	1
232	274	35	1
235	274	35	1
244	274	35	1
250	274	35	1
205	275	35	1
210	275	35	1
235	275	35	1
237	275	35	1
238	275	35	1
242	275	35	1
206	276	35	2
209	276	35	1
211	276	35	1
230	276	35	1
232	276	35	1
237	276	35	1
239	276	35	1
243	276	35	2
248	276	35	1
178	277	35	2
182	277	35	1
205	277	35	2
206	277	35	1
213	277	35	1
220	277	35	1
235	277	35	1
237	277	35	1
242	277	35	1
176	278	35	1
178	278	35	1
183	278	35	1
195	278	35	1
205	278	35	2
213	278	35	1
222	278	35	2
224	278	35	1
235	278	35	1
238	278	35	1
192	279	35	2
193	279	35	1
201	279	35	1
205	279	35	2
207	279	35	1
209	279	35	1
212	279	35	1
222	279	35	1
227	279	35	1
236	279	35	1
173	280	35	1
179	280	35	2
180	280	35	1
203	280	35	1
206	280	35	1
211	280	35	1
214	280	35	1
223	280	35	1
226	280	35	1
234	280	35	1
237	280	35	1
245	280	35	1
246	280	35	1
180	281	35	1
204	281	35	1
211	281	35	2
212	281	35	3
214	281	35	1
221	281	35	1
223	281	35	1
230	281	35	1
179	282	35	1
186	282	35	2
187	282	35	1
189	282	35	1
210	282	35	1
214	282	35	1
224	282	35	1
225	282	35	1
229	282	35	1
232	282	35	1
202	283	35	1
203	283	35	1
208	283	35	1
209	283	35	1
212	283	35	1
220	283	35	1
223	283	35	1
229	283	35	1
238	283	35	3
240	283	35	1
244	283	35	1
245	283	35	1
247	283	35	1
250	283	35	1
184	284	35	1
189	284	35	1
203	284	35	1
207	284	35	1
215	284	35	1
218	284	35	2
221	284	35	1
224	284	35	1
242	284	35	1
245	284	35	1
249	284	35	1
180	285	35	1
188	285	35	1
189	285	35	1
200	285	35	1
208	285	35	1
209	285	35	1
222	285	35	1
226	285	35	1
234	285	35	1
242	285	35	3
243	285	35	1
245	285	35	1
178	286	35	1
181	286	35	1
188	286	35	1
191	286	35	1
199	286	35	2
200	286	35	1
204	286	35	1
207	286	35	1
211	286	35	3
215	286	35	1
219	286	35	1
221	286	35	1
229	286	35	1
236	286	35	1
248	286	35	1
249	286	35	1
175	287	35	2
185	287	35	1
186	287	35	1
188	287	35	1
196	287	35	1
204	287	35	1
228	287	35	1
239	287	35	1
192	288	35	1
218	288	35	1
223	288	35	1
237	288	35	2
242	288	35	1
245	288	35	1
174	289	35	1
175	289	35	1
177	289	35	1
185	289	35	1
187	289	35	1
195	289	35	1
200	289	35	1
204	289	35	1
220	289	35	1
226	289	35	1
230	289	35	1
236	289	35	3
238	289	35	1
239	289	35	1
245	289	35	2
250	289	35	1
190	290	35	1
195	290	35	1
200	290	35	1
201	290	35	1
227	290	35	1
231	290	35	1
232	290	35	1
238	290	35	1
183	291	35	1
198	291	35	1
200	291	35	1
204	291	35	1
222	291	35	1
224	291	35	1
230	291	35	1
231	291	35	2
241	291	35	1
244	291	35	2
183	292	35	1
185	292	35	1
187	292	35	1
223	292	35	1
231	292	35	1
232	292	35	1
235	292	35	1
243	292	35	1
195	293	35	1
196	293	35	1
198	293	35	1
201	293	35	1
222	293	35	2
223	293	35	1
229	293	35	1
239	293	35	1
188	294	35	1
197	294	35	1
204	294	35	2
218	294	35	1
219	294	35	2
221	294	35	1
236	294	35	1
244	294	35	1
197	295	35	1
223	295	35	1
228	295	35	1
233	295	35	1
238	295	35	1
242	295	35	1
181	296	35	1
198	296	35	1
200	296	35	1
217	296	35	1
220	296	35	1
221	296	35	1
228	296	35	1
238	296	35	1
242	296	35	1
194	297	35	1
200	297	35	1
202	297	35	1
221	297	35	2
222	297	35	1
233	297	35	1
238	297	35	1
242	297	35	1
245	297	35	1
191	298	35	1
220	298	35	1
221	298	35	1
223	298	35	1
228	298	35	1
236	298	35	1
244	298	35	1
228	299	35	2
236	299	35	1
241	299	35	1
194	300	35	1
197	300	35	1
226	300	35	1
227	300	35	1
229	300	35	1
233	300	35	1
235	300	35	1
198	301	35	1
227	301	35	1
231	301	35	1
236	301	35	1
241	301	35	1
245	301	35	1
229	302	35	1
199	303	35	1
223	303	35	1
225	303	35	1
229	303	35	1
233	303	35	2
242	303	35	1
244	303	35	1
191	304	35	2
207	304	35	1
240	304	35	2
244	304	35	1
195	305	35	1
225	305	35	2
232	305	35	1
234	305	35	1
235	305	35	1
204	306	35	1
223	306	35	1
227	306	35	1
228	306	35	1
230	306	35	1
232	306	35	1
240	306	35	1
198	307	35	1
226	307	35	1
227	307	35	1
233	307	35	2
235	307	35	1
237	307	35	1
239	307	35	1
242	307	35	1
203	308	35	1
206	308	35	1
227	308	35	2
239	308	35	1
241	308	35	1
202	309	35	1
237	309	35	1
220	310	35	1
221	310	35	1
222	310	35	2
223	310	35	1
225	310	35	2
230	310	35	1
232	310	35	3
236	310	35	1
214	311	35	2
220	311	35	1
221	311	35	1
222	311	35	1
224	311	35	1
241	311	35	1
213	312	35	2
214	312	35	1
234	312	35	1
226	313	35	2
230	313	35	1
234	313	35	1
236	313	35	1
232	314	35	1
234	314	35	1
235	314	35	1
240	315	35	1
236	316	35	1
238	316	35	1
227	317	35	1
230	317	35	1
237	317	35	1
240	317	35	1
231	318	35	2
233	318	35	1
237	318	35	1
232	319	35	2
233	319	35	4
218	256	36	1
228	257	36	2
227	258	36	1
229	258	36	1
231	258	36	1
223	259	36	1
225	259	36	1
228	259	36	1
229	259	36	1
232	259	36	1
233	259	36	1
216	260	36	1
225	260	36	1
229	260	36	1
230	260	36	1
235	260	36	2
240	260	36	1
217	261	36	1
219	261	36	1
229	261	36	1
237	261	36	1
222	262	36	1
227	262	36	1
228	262	36	1
230	262	36	1
231	262	36	1
238	262	36	2
240	262	36	1
244	262	36	1
210	263	36	1
214	263	36	1
226	263	36	1
236	263	36	1
237	263	36	1
239	263	36	1
240	263	36	2
242	263	36	1
244	263	36	1
249	263	36	1
206	264	36	1
215	264	36	1
226	264	36	2
230	264	36	1
232	264	36	1
233	264	36	2
238	264	36	1
239	264	36	1
240	264	36	1
242	264	36	1
207	265	36	1
215	265	36	1
222	265	36	1
232	265	36	1
235	265	36	2
248	265	36	1
205	266	36	1
216	266	36	1
220	266	36	1
223	266	36	1
228	266	36	1
234	266	36	1
237	266	36	1
238	266	36	1
211	267	36	1
214	267	36	2
217	267	36	1
233	267	36	1
241	267	36	1
194	268	36	1
209	268	36	1
211	268	36	1
214	268	36	1
236	268	36	1
240	268	36	1
241	268	36	2
185	269	36	1
188	269	36	1
193	269	36	1
214	269	36	2
216	269	36	1
218	269	36	1
229	269	36	1
232	269	36	1
233	269	36	1
238	269	36	1
249	269	36	1
187	270	36	1
188	270	36	1
191	270	36	1
192	270	36	1
194	270	36	1
196	270	36	1
212	270	36	1
216	270	36	1
217	270	36	1
221	270	36	1
230	270	36	1
231	270	36	1
232	270	36	1
237	270	36	1
241	270	36	1
244	270	36	1
176	271	36	2
193	271	36	2
206	271	36	1
212	271	36	1
214	271	36	1
215	271	36	1
220	271	36	1
225	271	36	1
248	271	36	1
175	272	36	1
181	272	36	2
190	272	36	1
207	272	36	1
211	272	36	2
213	272	36	2
214	272	36	1
230	272	36	2
232	272	36	1
233	272	36	1
240	272	36	1
186	273	36	1
190	273	36	1
216	273	36	1
232	273	36	2
238	273	36	1
203	274	36	1
208	274	36	1
211	274	36	2
212	274	36	1
213	274	36	1
217	274	36	2
221	274	36	1
236	274	36	1
239	274	36	2
206	275	36	1
209	275	36	1
210	275	36	1
214	275	36	3
217	275	36	1
243	275	36	1
186	276	36	1
211	276	36	2
216	276	36	2
228	276	36	2
206	277	36	1
213	277	36	1
223	277	36	2
226	277	36	1
181	278	36	1
207	278	36	1
219	278	36	1
224	278	36	2
201	279	36	1
206	279	36	1
208	279	36	1
223	279	36	1
173	280	36	2
205	280	36	1
206	280	36	1
207	280	36	1
232	280	36	1
207	281	36	2
222	281	36	1
223	281	36	1
224	281	36	2
228	281	36	1
230	281	36	1
208	282	36	1
212	282	36	1
215	282	36	1
220	282	36	1
222	282	36	1
231	282	36	3
205	283	36	2
207	283	36	1
209	283	36	1
218	283	36	1
226	283	36	2
230	283	36	1
233	283	36	1
205	284	36	1
209	284	36	1
225	284	36	1
226	284	36	1
231	284	36	2
232	284	36	1
233	284	36	1
176	285	36	1
217	285	36	1
224	285	36	2
226	285	36	1
235	285	36	2
237	285	36	1
238	285	36	1
242	285	36	1
243	285	36	1
205	286	36	1
209	286	36	1
216	286	36	1
218	286	36	1
222	286	36	3
225	286	36	1
227	286	36	1
235	286	36	3
236	286	36	1
238	286	36	2
241	286	36	1
176	287	36	1
198	287	36	1
200	287	36	1
201	287	36	2
204	287	36	1
205	287	36	1
214	287	36	2
224	287	36	1
228	287	36	3
230	287	36	1
234	287	36	2
236	287	36	1
239	287	36	2
240	287	36	1
243	287	36	1
245	287	36	1
246	287	36	1
192	288	36	1
203	288	36	1
206	288	36	1
245	288	36	1
185	289	36	2
198	289	36	1
201	289	36	1
217	289	36	1
219	289	36	1
234	289	36	1
240	289	36	1
241	289	36	1
242	289	36	2
203	290	36	1
222	290	36	1
226	290	36	1
234	290	36	1
236	290	36	1
239	290	36	1
243	290	36	1
184	291	36	1
195	291	36	1
196	291	36	2
224	291	36	1
231	291	36	1
234	291	36	1
240	291	36	1
189	292	36	2
196	292	36	1
204	292	36	1
206	292	36	1
207	292	36	1
221	292	36	3
223	292	36	1
225	292	36	1
226	292	36	1
228	292	36	1
230	292	36	1
233	292	36	3
237	292	36	1
244	292	36	3
206	293	36	1
208	293	36	1
226	293	36	1
228	293	36	1
235	293	36	1
237	293	36	1
242	293	36	1
182	294	36	1
187	294	36	1
195	294	36	1
225	294	36	1
230	294	36	1
231	294	36	2
233	294	36	1
235	294	36	1
237	294	36	1
238	294	36	1
243	294	36	1
197	295	36	2
198	295	36	1
199	295	36	1
201	295	36	1
220	295	36	1
223	295	36	1
226	295	36	1
230	295	36	1
231	295	36	1
237	295	36	1
241	295	36	1
242	295	36	1
199	296	36	1
222	296	36	1
227	296	36	1
228	296	36	1
235	296	36	1
245	296	36	1
195	297	36	1
201	297	36	1
227	297	36	1
232	297	36	1
241	297	36	1
244	297	36	1
202	298	36	2
229	298	36	1
234	298	36	1
239	298	36	1
240	298	36	1
243	298	36	1
200	299	36	1
204	299	36	1
229	299	36	1
230	299	36	1
239	299	36	1
245	299	36	1
237	300	36	1
240	300	36	1
226	301	36	1
228	301	36	1
230	301	36	1
233	301	36	1
236	301	36	1
240	301	36	1
244	301	36	1
245	301	36	1
223	302	36	1
225	302	36	1
244	302	36	1
226	303	36	1
232	303	36	1
236	303	36	1
241	303	36	2
232	304	36	1
226	305	36	1
228	305	36	1
223	306	36	1
226	306	36	1
235	306	36	1
239	306	36	1
242	306	36	2
243	306	36	1
244	306	36	1
223	307	36	1
226	307	36	1
234	307	36	1
223	308	36	1
223	309	36	1
233	309	36	2
236	309	36	1
226	310	36	1
213	311	36	1
217	311	36	1
221	311	36	1
223	311	36	1
228	311	36	1
242	311	36	1
213	312	36	1
217	312	36	1
220	312	36	1
226	312	36	1
230	312	36	2
233	312	36	1
236	312	36	2
216	313	36	1
225	313	36	1
232	313	36	1
234	313	36	1
225	314	36	1
226	314	36	1
230	314	36	1
235	314	36	1
241	314	36	1
235	315	36	1
238	315	36	1
243	315	36	1
236	316	36	1
237	316	36	1
230	318	36	1
240	318	36	1
231	319	36	1
238	319	36	1
227	260	37	1
234	260	37	1
235	260	37	1
242	260	37	1
228	261	37	1
230	261	37	1
231	263	37	1
215	264	37	1
215	265	37	1
228	265	37	1
193	266	37	1
212	266	37	1
243	266	37	1
183	267	37	1
229	267	37	1
238	267	37	1
215	268	37	1
219	268	37	1
235	268	37	1
193	269	37	1
194	269	37	1
216	269	37	1
218	269	37	1
219	269	37	1
237	269	37	1
239	269	37	1
192	270	37	1
197	270	37	1
221	270	37	1
238	270	37	3
192	271	37	1
196	271	37	3
207	271	37	1
218	271	37	2
220	271	37	1
196	272	37	1
213	272	37	1
213	273	37	1
215	273	37	1
219	273	37	1
236	273	37	1
213	274	37	1
215	274	37	1
205	275	37	1
214	275	37	1
215	275	37	1
216	275	37	2
219	275	37	1
211	276	37	1
214	276	37	1
214	277	37	1
207	279	37	1
212	279	37	1
216	279	37	1
209	280	37	1
215	280	37	3
175	281	37	1
192	281	37	1
193	281	37	1
210	281	37	1
214	281	37	1
223	281	37	1
192	282	37	2
219	282	37	1
223	282	37	1
189	283	37	1
193	283	37	1
201	283	37	1
237	283	37	1
186	284	37	1
195	284	37	1
196	284	37	1
197	285	37	1
205	285	37	1
206	285	37	1
210	285	37	1
188	286	37	1
199	286	37	2
200	286	37	1
202	286	37	1
205	286	37	1
207	286	37	1
216	286	37	1
230	286	37	1
236	286	37	1
241	286	37	1
188	287	37	1
194	287	37	1
220	287	37	1
231	287	37	2
237	287	37	1
239	287	37	1
240	287	37	1
190	288	37	2
201	288	37	1
202	288	37	1
204	288	37	1
221	288	37	1
233	288	37	1
234	288	37	2
241	288	37	1
201	289	37	1
219	289	37	1
224	289	37	1
233	289	37	1
234	289	37	2
236	289	37	1
237	289	37	1
239	289	37	1
186	290	37	1
197	290	37	1
200	290	37	1
230	290	37	2
231	290	37	1
236	290	37	2
242	290	37	1
243	290	37	1
188	291	37	2
204	291	37	1
221	291	37	1
229	291	37	1
232	291	37	1
233	291	37	1
236	291	37	1
198	292	37	1
201	292	37	1
203	292	37	1
208	292	37	1
236	292	37	2
243	292	37	1
185	293	37	1
197	293	37	1
202	293	37	1
205	293	37	1
207	293	37	1
240	293	37	1
201	294	37	2
224	294	37	2
233	294	37	1
203	295	37	1
234	295	37	1
237	295	37	1
241	295	37	1
199	296	37	1
202	296	37	1
204	296	37	1
215	296	37	1
217	296	37	1
229	296	37	1
242	296	37	1
198	297	37	1
204	297	37	1
229	297	37	1
230	297	37	1
199	298	37	1
238	298	37	1
245	298	37	1
231	299	37	1
233	299	37	1
240	299	37	1
227	300	37	1
229	300	37	1
233	300	37	1
240	300	37	1
241	300	37	1
242	300	37	1
227	301	37	2
232	301	37	1
242	301	37	1
236	302	37	1
236	303	37	1
226	305	37	1
229	305	37	1
234	306	37	1
225	307	37	1
223	308	37	1
224	308	37	1
225	308	37	1
226	308	37	1
229	308	37	1
235	308	37	2
241	308	37	1
220	309	37	1
229	310	37	1
225	311	37	1
227	311	37	1
232	312	37	1
212	313	37	1
236	313	37	1
234	314	37	1
237	314	37	1
227	315	37	1
230	315	37	2
236	315	37	1
239	315	37	2
238	317	37	1
235	318	37	1
240	318	37	1
238	319	37	1
233	322	37	1
227	261	38	1
228	261	38	1
238	261	38	1
225	262	38	1
229	263	38	1
219	264	38	2
232	264	38	1
226	265	38	2
211	266	38	1
217	266	38	1
211	268	38	1
187	269	38	1
217	270	38	1
193	271	38	2
211	271	38	1
216	271	38	1
215	272	38	1
218	272	38	1
232	272	38	2
236	272	38	1
210	273	38	1
213	273	38	1
215	273	38	1
217	273	38	1
209	274	38	1
212	274	38	1
213	274	38	1
217	274	38	1
207	275	38	1
191	276	38	1
207	277	38	1
220	277	38	1
212	278	38	2
213	278	38	1
214	278	38	1
215	278	38	1
206	279	38	1
214	279	38	1
220	279	38	1
190	281	38	1
210	281	38	1
212	281	38	1
213	281	38	1
215	281	38	1
208	282	38	2
207	283	38	1
216	283	38	2
217	283	38	1
188	284	38	1
191	284	38	1
199	284	38	1
216	284	38	2
222	284	38	1
188	285	38	1
190	285	38	1
191	285	38	1
193	285	38	3
195	285	38	1
204	285	38	1
212	285	38	1
203	286	38	2
208	286	38	1
216	286	38	1
218	286	38	2
232	286	38	1
237	286	38	1
188	287	38	1
198	287	38	1
205	287	38	1
207	287	38	1
220	287	38	2
222	287	38	2
238	287	38	2
206	288	38	1
190	289	38	1
192	289	38	1
200	289	38	1
204	289	38	1
208	289	38	1
215	289	38	1
223	289	38	1
236	289	38	1
188	290	38	1
192	290	38	1
216	290	38	1
218	290	38	1
223	290	38	2
224	290	38	1
238	290	38	2
189	291	38	1
197	291	38	2
207	291	38	1
210	291	38	1
222	291	38	2
233	291	38	2
196	292	38	1
201	292	38	1
220	292	38	1
236	292	38	1
197	293	38	1
198	293	38	1
199	293	38	1
204	293	38	1
223	293	38	1
225	293	38	1
227	293	38	1
229	293	38	1
231	293	38	1
233	293	38	1
210	294	38	1
212	294	38	1
213	294	38	1
217	294	38	1
226	294	38	1
236	294	38	1
197	295	38	1
204	295	38	1
231	295	38	2
234	295	38	1
241	295	38	1
198	296	38	1
200	296	38	1
205	296	38	2
207	296	38	1
234	296	38	1
236	296	38	1
240	296	38	2
243	296	38	1
226	297	38	1
231	297	38	2
234	297	38	2
241	297	38	1
226	298	38	1
237	298	38	1
196	299	38	1
227	299	38	1
231	299	38	1
225	300	38	1
231	300	38	1
234	300	38	2
240	300	38	1
233	301	38	2
238	301	38	1
234	302	38	1
234	303	38	1
227	304	38	1
228	304	38	1
232	304	38	2
245	304	38	1
246	304	38	3
230	305	38	1
233	305	38	1
234	305	38	1
235	305	38	2
236	305	38	1
244	305	38	1
245	305	38	1
226	306	38	1
239	306	38	1
193	307	38	1
226	307	38	1
241	307	38	1
223	308	38	1
206	309	38	1
222	309	38	1
223	309	38	2
225	309	38	1
227	309	38	1
241	309	38	1
222	310	38	2
224	310	38	2
213	311	38	1
217	311	38	1
220	311	38	1
227	311	38	1
217	312	38	2
218	312	38	1
220	312	38	1
231	312	38	1
232	312	38	1
241	312	38	2
219	313	38	1
223	313	38	1
228	313	38	1
234	313	38	1
235	313	38	1
242	313	38	1
200	314	38	1
219	314	38	1
236	314	38	1
240	314	38	2
213	315	38	1
214	315	38	1
221	315	38	1
223	315	38	2
226	315	38	1
244	315	38	1
226	316	38	1
234	316	38	1
244	316	38	1
211	317	38	2
214	317	38	1
226	317	38	1
227	317	38	1
230	317	38	1
237	317	38	1
239	317	38	1
240	317	38	1
243	317	38	1
237	318	38	1
241	318	38	1
243	318	38	1
230	319	38	1
237	319	38	1
238	319	38	1
239	319	38	1
241	319	38	1
242	319	38	1
229	320	38	1
231	320	38	1
212	321	38	1
229	321	38	1
231	321	38	2
220	322	38	1
231	322	38	1
233	322	38	3
219	323	38	1
220	323	38	1
235	323	38	2
233	324	38	1
237	265	39	1
191	268	39	2
195	270	39	1
218	271	39	1
214	274	39	1
204	277	39	1
212	277	39	1
195	278	39	1
201	278	39	2
221	278	39	1
206	279	39	1
215	279	39	1
217	279	39	1
215	280	39	1
218	280	39	1
221	280	39	1
217	281	39	1
212	282	39	1
191	283	39	1
201	283	39	1
215	283	39	1
237	283	39	1
206	284	39	1
191	285	39	1
197	285	39	1
193	286	39	1
187	287	39	1
190	287	39	1
191	287	39	1
219	287	39	1
193	288	39	1
204	288	39	2
217	288	39	1
218	288	39	1
224	288	39	1
189	289	39	1
193	289	39	2
211	289	39	1
217	289	39	1
218	290	39	1
190	291	39	1
206	291	39	1
207	291	39	1
240	291	39	1
210	292	39	1
211	292	39	1
232	292	39	1
234	292	39	1
237	292	39	1
200	293	39	3
201	293	39	1
208	293	39	1
209	293	39	1
222	293	39	1
227	293	39	1
234	293	39	1
233	294	39	1
241	294	39	1
197	295	39	1
203	295	39	1
204	295	39	1
216	295	39	1
223	295	39	1
224	295	39	1
241	295	39	1
206	296	39	1
222	296	39	1
228	296	39	1
240	296	39	1
194	297	39	1
195	297	39	1
198	297	39	2
203	297	39	1
205	297	39	1
206	297	39	1
215	297	39	1
225	297	39	1
232	297	39	1
243	297	39	1
201	298	39	2
225	298	39	1
229	298	39	3
232	298	39	2
233	298	39	1
239	298	39	3
214	299	39	1
222	299	39	1
228	299	39	1
229	299	39	1
230	299	39	1
236	299	39	1
237	299	39	1
242	299	39	1
233	300	39	2
229	301	39	1
240	302	39	1
233	303	39	1
225	304	39	1
231	304	39	1
237	304	39	1
243	304	39	1
228	305	39	1
230	305	39	1
241	305	39	1
223	306	39	1
229	306	39	1
223	307	39	1
225	307	39	3
235	307	39	1
220	308	39	1
225	308	39	1
227	308	39	1
229	308	39	2
241	308	39	1
242	308	39	1
223	309	39	1
227	309	39	1
228	309	39	3
239	309	39	1
240	309	39	1
195	310	39	1
221	310	39	1
224	310	39	1
228	310	39	1
234	310	39	1
239	310	39	1
206	311	39	1
218	311	39	1
219	311	39	1
227	311	39	1
229	311	39	1
231	311	39	1
233	311	39	1
213	312	39	1
217	312	39	1
222	312	39	1
229	312	39	2
244	312	39	1
221	313	39	1
225	313	39	1
229	313	39	1
230	313	39	2
235	313	39	1
239	313	39	1
242	313	39	1
218	314	39	2
219	314	39	1
227	314	39	1
229	315	39	1
238	315	39	2
239	315	39	1
217	316	39	1
225	316	39	1
229	316	39	1
233	316	39	1
241	316	39	1
236	317	39	1
230	318	39	1
237	318	39	1
217	320	39	1
229	320	39	1
231	320	39	1
238	320	39	1
241	320	39	1
218	321	39	1
233	321	39	1
230	322	39	2
212	324	39	1
212	325	39	1
197	328	39	2
195	284	40	1
198	286	40	1
206	286	40	2
193	288	40	2
193	290	40	1
211	290	40	1
191	291	40	1
206	291	40	1
191	292	40	1
192	292	40	1
227	292	40	1
242	292	40	2
204	293	40	1
214	293	40	1
223	293	40	2
209	294	40	1
225	294	40	2
227	294	40	1
197	295	40	1
220	295	40	1
225	295	40	1
206	296	40	2
235	296	40	1
215	298	40	1
222	298	40	1
231	298	40	1
225	299	40	1
212	300	40	1
236	300	40	1
234	303	40	1
241	303	40	1
235	304	40	1
229	305	40	1
230	305	40	1
210	306	40	3
213	306	40	2
226	306	40	2
229	306	40	1
230	306	40	1
234	307	40	1
223	308	40	1
225	308	40	1
233	308	40	1
203	309	40	1
215	309	40	2
220	309	40	1
223	309	40	1
224	309	40	1
232	309	40	1
219	310	40	1
225	310	40	2
229	310	40	1
231	310	40	1
234	310	40	1
239	310	40	1
218	312	40	1
221	312	40	1
241	312	40	1
242	312	40	1
216	313	40	2
218	313	40	2
219	313	40	2
236	313	40	1
220	314	40	1
237	314	40	1
219	315	40	1
238	315	40	1
243	315	40	2
245	315	40	1
217	316	40	1
234	316	40	1
236	316	40	1
237	316	40	3
238	316	40	1
240	316	40	1
207	317	40	1
227	317	40	1
240	318	40	1
243	318	40	1
219	319	40	1
221	319	40	1
232	319	40	1
241	319	40	1
243	319	40	1
223	320	40	1
225	320	40	1
232	320	40	1
241	320	40	1
229	322	40	1
212	324	40	1
208	330	40	1
197	282	41	1
192	292	41	1
193	293	41	1
195	294	41	1
214	298	41	1
226	298	41	1
230	300	41	1
235	300	41	2
232	304	41	4
224	305	41	3
228	305	41	1
222	306	41	1
224	306	41	1
228	306	41	1
230	306	41	1
223	307	41	1
222	308	41	1
226	308	41	2
196	309	41	2
220	309	41	2
224	309	41	1
219	310	41	2
220	310	41	1
222	310	41	1
224	310	41	1
231	310	41	1
236	311	41	1
216	312	41	1
217	312	41	1
234	312	41	1
241	312	41	1
219	313	41	1
238	313	41	1
245	313	41	1
221	314	41	1
235	314	41	1
249	314	41	1
218	315	41	1
221	317	41	1
242	317	41	3
218	318	41	2
229	318	41	1
230	318	41	1
241	318	41	1
245	319	41	1
231	320	41	1
240	320	41	2
229	321	41	1
236	323	41	1
231	300	42	1
220	303	42	1
212	305	42	1
224	305	42	1
229	305	42	1
223	306	42	1
232	306	42	1
239	306	42	1
220	308	42	1
223	308	42	1
226	309	42	1
235	309	42	2
242	309	42	1
219	310	42	2
236	310	42	1
238	310	42	2
240	310	42	1
223	311	42	1
242	311	42	1
222	312	42	2
217	313	42	1
222	313	42	1
224	313	42	1
240	313	42	1
244	313	42	2
220	315	42	1
230	315	42	2
218	316	42	1
220	316	42	1
221	316	42	1
239	316	42	1
243	316	42	1
217	318	42	1
247	318	42	1
204	319	42	1
224	319	42	1
227	319	42	1
228	319	42	1
231	319	42	1
241	319	42	3
224	321	42	3
226	322	42	1
222	307	43	1
220	309	43	2
222	311	43	1
236	311	43	2
223	315	43	1
230	315	43	1
238	315	43	1
245	315	43	1
223	316	43	1
230	316	43	1
238	317	43	1
229	318	43	1
220	308	44	1
224	310	44	1
234	310	44	2
221	314	44	2
241	314	44	1
238	315	44	3
225	317	44	1
230	317	44	1
223	318	44	2
206	319	44	1
223	319	44	1
220	312	45	1
183.039773122643	289.659001437601	35.0807824929564	1
142	222	20	1
130	228	20	1
204	230	20	1
113	231	20	1
170	233	20	1
129	235	20	1
129	237	20	1
169	237	20	1
248	237	20	1
143	238	20	1
145	238	20	1
149	240	20	1
123	242	20	1
185	242	20	1
116	243	20	1
162	244	20	1
111	245	20	1
160	245	20	1
169	245	20	1
102	247	20	1
137	247	20	1
166	248	20	1
215	248	20	1
194	249	20	1
215	249	20	1
223	251	20	1
207	252	20	1
122	253	20	1
140	253	20	1
175	253	20	1
124	254	20	1
217	254	20	2
244	254	20	1
121	255	20	1
143	255	20	1
113	256	20	1
241	256	20	1
258	257	20	1
132	258	20	1
231	258	20	1
232	258	20	1
203	259	20	1
231	259	20	1
265	259	20	1
184	260	20	1
200	260	20	1
163	261	20	1
133	263	20	1
168	264	20	1
113	266	20	1
118	266	20	1
170	266	20	1
184	266	20	1
197	266	20	1
116	267	20	1
214	269	20	1
115	270	20	1
117	270	20	1
165	270	20	1
118	271	20	1
145	271	20	1
162	271	20	1
165	271	20	1
173	271	20	1
268	271	20	1
101	273	20	1
119	273	20	1
211	273	20	1
220	273	20	1
223	273	20	1
185	274	20	1
214	274	20	1
172	275	20	1
222	276	20	1
219	277	20	1
178	279	20	1
217	279	20	1
109	280	20	1
172	280	20	1
134	281	20	1
218	281	20	1
226	281	20	1
106	282	20	1
173	283	20	1
217	283	20	1
223	284	20	1
124	287	20	1
196	288	20	1
224	288	20	1
149	289	20	1
142	290	20	1
259	290	20	1
126	294	20	1
151	295	20	1
170	296	20	1
193	296	20	1
216	296	20	1
151	297	20	1
268	297	20	1
189	298	20	1
194	299	20	1
207	299	20	1
174	300	20	1
266	300	20	1
118	301	20	1
223	302	20	1
141	303	20	1
222	303	20	1
234	303	20	1
239	304	20	1
206	305	20	1
249	305	20	1
191	306	20	1
213	307	20	1
201	308	20	1
203	309	20	1
224	309	20	1
182	310	20	1
264	311	20	1
263	312	20	1
107	313	20	1
176	313	20	1
229	313	20	1
262	313	20	1
152	314	20	2
210	314	20	1
237	314	20	1
266	314	20	1
148	315	20	1
159	315	20	1
180	315	20	1
265	315	20	1
202	316	20	1
228	316	20	1
234	316	20	1
113	317	20	1
115	317	20	1
162	317	20	1
267	317	20	1
168	319	20	1
258	319	20	1
120	320	20	2
200	320	20	1
201	320	20	1
197	321	20	1
92	322	20	1
178	322	20	2
106	323	20	1
108	323	20	1
180	323	20	1
214	323	20	1
185	324	20	1
193	324	20	1
195	325	20	1
203	326	20	1
181	328	20	1
212	328	20	1
147	329	20	1
169	329	20	1
210	329	20	1
221	329	20	1
260	330	20	1
240	331	20	1
249	331	20	1
204	333	20	2
131	334	20	1
207	334	20	1
210	334	20	1
179	335	20	1
237	335	20	1
239	335	20	2
134	336	20	1
205	336	20	1
248	336	20	1
183	338	20	1
186	339	20	2
201	340	20	1
167	341	20	1
213	341	20	1
245	343	20	1
209	345	20	1
241	345	20	1
161	348	20	3
173	348	20	1
192	349	20	1
235	349	20	1
231	350	20	1
186	352	20	2
165	353	20	1
184	353	20	1
212	353	20	2
208	354	20	1
210	354	20	1
210	355	20	1
182	357	20	1
199	357	20	1
222	358	20	1
218	359	20	1
186	360	20	1
193	364	20	1
159	225	21	1
175	225	21	1
110	231	21	1
162	232	21	1
140	235	21	1
129	239	21	1
131	239	21	1
132	240	21	1
151	240	21	1
212	240	21	1
241	240	21	1
132	241	21	1
215	241	21	1
152	243	21	1
141	244	21	2
214	245	21	1
220	251	21	1
225	253	21	1
223	255	21	1
227	256	21	1
124	258	21	1
160	259	21	1
133	263	21	1
161	264	21	1
164	270	21	1
235	270	21	1
173	272	21	1
166	273	21	1
224	273	21	1
154	274	21	1
236	274	21	1
173	276	21	1
219	276	21	1
219	277	21	1
168	280	21	1
225	281	21	1
170	282	21	2
173	282	21	1
223	287	21	2
251	287	21	1
186	288	21	1
220	288	21	1
220	290	21	2
193	296	21	2
154	297	21	1
230	298	21	1
232	298	21	1
214	300	21	1
207	303	21	1
211	303	21	1
208	306	21	1
210	307	21	1
112	310	21	1
149	310	21	1
201	312	21	1
258	313	21	1
115	315	21	1
179	315	21	1
257	315	21	1
258	321	21	1
149	324	21	1
178	324	21	1
196	324	21	1
156	327	21	1
100	329	21	1
257	331	21	1
210	333	21	1
177	337	21	1
180	338	21	1
180	346	21	1
236	348	21	1
173	349	21	1
143	235	22	1
125	240	22	1
152	240	22	1
136	241	22	1
129	242	22	1
163	256	22	1
161	260	22	1
122	267	22	1
132	267	22	1
159	269	22	1
125	270	22	1
155	270	22	1
158	270	22	1
165	274	22	1
177	276	22	1
178	279	22	1
217	279	22	1
168	280	22	1
170	281	22	2
175	282	22	1
218	293	22	1
189	301	22	1
264	302	22	1
258	305	22	2
235	308	22	1
201	309	22	1
207	310	22	1
257	315	22	1
260	320	22	1
191	321	22	1
256	321	22	1
187	323	22	1
258	323	22	1
179	324	22	1
199	328	22	1
178	334	22	1
235	340	22	1
175	225	23	1
180	225	23	1
157	229	23	1
156	230	23	1
146	235	23	1
215	242	23	1
215	246	23	1
227	249	23	1
222	252	23	2
168	271	23	1
158	273	23	1
169	274	23	1
179	276	23	1
178	278	23	1
175	279	23	1
173	284	23	1
271	285	23	1
269	293	23	2
267	299	23	1
264	301	23	2
203	309	23	1
257	310	23	1
230	311	23	1
258	315	23	1
256	317	23	1
166	319	23	1
256	319	23	1
259	319	23	1
260	321	23	1
188	325	23	2
194	326	23	1
182	223	24	1
154	229	24	1
151	231	24	1
149	232	24	1
151	234	24	1
140	236	24	1
146	238	24	1
222	251	24	1
227	254	24	1
120	261	24	1
119	265	24	1
162	269	24	1
179	279	24	1
180	279	24	1
173	283	24	1
277	288	24	1
270	290	24	1
194	294	24	1
271	295	24	1
238	300	24	1
265	301	24	1
267	301	24	1
234	303	24	1
237	303	24	1
235	304	24	1
206	306	24	1
263	306	24	1
237	309	24	1
261	309	24	1
255	312	24	1
173	315	24	1
258	315	24	1
262	317	24	1
164	321	24	1
238	321	24	1
237	322	24	1
185	326	24	1
157	327	24	1
260	331	24	1
260	332	24	1
259	334	24	1
257	335	24	1
259	337	24	1
179	224	25	1
155	228	25	2
134	237	25	1
133	246	25	1
230	248	25	1
121	259	25	1
121	261	25	1
122	266	25	1
181	271	25	1
180	274	25	1
169	281	25	2
176	281	25	1
165	282	25	1
266	292	25	2
269	296	25	1
266	300	25	1
240	301	25	1
234	305	25	1
256	316	25	1
258	318	25	1
259	318	25	1
144	337	25	1
180	223	26	1
178	225	26	1
168	230	26	1
145	236	26	1
246	237	26	1
135	240	26	1
132	243	26	1
226	243	26	1
123	259	26	1
126	269	26	1
127	270	26	1
169	278	26	1
175	283	26	1
176	283	26	1
273	283	26	1
229	308	26	1
230	310	26	1
260	311	26	1
257	312	26	1
259	313	26	1
257	316	26	1
258	316	26	1
237	319	26	1
164	231	27	1
245	234	27	1
250	235	27	1
250	236	27	1
135	237	27	2
241	238	27	1
248	238	27	1
242	239	27	1
229	251	27	1
225	253	27	1
125	267	27	1
259	267	27	1
127	270	27	1
175	278	27	1
176	279	27	1
173	282	27	1
275	282	27	1
273	285	27	1
177	294	27	1
259	313	27	1
210	315	27	1
260	320	27	1
244	235	28	1
141	238	28	1
232	239	28	1
244	239	28	2
246	239	28	1
229	250	28	1
126	251	28	1
124	256	28	1
257	264	28	1
127	267	28	1
121	268	28	1
167	272	28	1
134	276	28	1
173	277	28	1
172	281	28	1
276	281	28	1
179	285	28	1
232	304	28	1
227	307	28	1
208	310	28	1
206	313	28	1
210	316	28	1
259	317	28	1
239	319	28	1
94	328	28	1
96	332	28	1
171	231	29	1
249	237	29	1
189	244	29	1
123	270	29	1
175	280	29	1
206	308	29	1
206	311	29	1
207	311	29	1
204	312	29	2
209	313	29	1
258	313	29	1
259	317	29	1
96	328	29	1
93	330	29	3
95	330	29	1
187	360	29	1
112	227	30	1
179	241	30	1
129	256	30	1
123	257	30	1
250	258	30	2
127	267	30	1
123	270	30	1
168	270	30	1
124	273	30	1
169	279	30	1
176	292	30	1
243	317	30	1
246	317	30	1
98	330	30	1
97	331	30	1
95	333	30	1
190	232	31	1
178	241	31	3
185	241	31	1
188	243	31	1
124	256	31	1
129	256	31	1
124	259	31	2
255	259	31	1
129	265	31	1
261	265	31	1
132	270	31	1
125	271	31	1
140	274	31	1
162	282	31	1
261	282	31	1
166	288	31	1
170	292	31	1
174	293	31	1
193	307	31	2
188	308	31	1
193	308	31	1
96	328	31	1
97	334	31	1
182	349	31	1
178	244	32	1
149	251	32	1
168	260	32	1
256	261	32	1
259	265	32	1
261	265	32	1
139	272	32	1
166	273	32	1
163	283	32	1
114	307	32	1
199	308	32	1
202	310	32	1
195	311	32	1
207	311	32	1
203	312	32	1
112	313	32	1
211	315	32	1
210	319	32	1
96	334	32	1
220	363	32	1
115	224	33	1
188	244	33	1
178	245	33	1
134	253	33	1
135	254	33	1
130	262	33	1
132	263	33	1
126	266	33	1
129	266	33	1
129	269	33	1
127	271	33	2
261	272	33	1
152	280	33	1
121	300	33	1
118	301	33	1
189	308	33	1
115	309	33	1
112	310	33	1
192	312	33	1
111	313	33	1
113	313	33	1
246	316	33	1
119	318	33	1
125	319	33	1
239	323	33	1
100	329	33	1
193	333	33	1
214	341	33	1
199	346	33	1
187	348	33	1
188	348	33	1
190	348	33	1
180	350	33	1
211	352	33	1
177	355	33	1
175	245	34	1
138	254	34	1
131	255	34	1
139	256	34	1
143	256	34	1
137	258	34	1
132	259	34	1
147	259	34	1
131	261	34	1
133	261	34	1
134	261	34	1
261	264	34	1
126	265	34	1
154	265	34	1
265	270	34	1
163	279	34	1
164	279	34	1
262	279	34	1
158	280	34	1
159	284	34	1
165	294	34	2
118	301	34	1
173	301	34	1
182	306	34	1
189	308	34	1
193	309	34	1
198	312	34	1
205	313	34	2
241	319	34	1
242	322	34	1
94	328	34	1
100	329	34	1
194	337	34	1
191	340	34	1
190	345	34	1
199	345	34	1
191	347	34	1
192	347	34	1
195	347	34	1
182	348	34	1
185	348	34	1
198	349	34	1
205	353	34	1
180	355	34	1
181	355	34	1
218	362	34	1
113	227	35	1
117	230	35	1
129	238	35	1
254	256	35	1
137	257	35	1
255	259	35	1
258	259	35	1
256	261	35	1
126	262	35	1
263	267	35	1
140	274	35	1
159	274	35	1
258	274	35	2
145	277	35	1
125	282	35	1
158	282	35	1
162	283	35	1
160	285	35	1
123	286	35	1
252	292	35	2
133	309	35	1
193	310	35	1
195	311	35	1
196	311	35	1
113	315	35	1
127	322	35	1
234	325	35	1
96	328	35	1
189	345	35	1
195	348	35	1
212	350	35	1
178	354	35	1
182	354	35	1
181	355	35	1
136	235	36	1
138	240	36	1
137	252	36	1
127	261	36	1
131	261	36	1
129	263	36	1
136	271	36	1
159	274	36	2
257	274	36	1
158	277	36	1
123	286	36	1
160	286	36	1
120	295	36	1
172	301	36	1
176	301	36	1
175	303	36	1
185	310	36	1
126	326	36	1
151	333	36	1
148	337	36	1
198	339	36	1
189	343	36	1
191	347	36	1
187	350	36	1
185	352	36	1
212	352	36	1
185	353	36	1
203	355	36	1
179	357	36	1
126	226	37	1
116	232	37	1
123	233	37	1
127	233	37	1
138	237	37	1
124	243	37	1
141	243	37	1
169	243	37	1
170	244	37	1
136	249	37	1
141	253	37	1
129	258	37	1
131	263	37	1
133	263	37	1
148	263	37	1
142	264	37	1
155	265	37	1
258	276	37	2
163	278	37	1
126	279	37	1
258	280	37	1
128	284	37	1
160	286	37	1
155	288	37	1
148	289	37	1
160	292	37	1
159	293	37	1
259	295	37	1
174	300	37	1
176	303	37	1
117	304	37	1
188	309	37	1
112	310	37	1
191	312	37	1
149	315	37	1
153	317	37	2
115	319	37	1
240	323	37	1
238	324	37	1
185	332	37	1
209	338	37	1
211	340	37	1
213	341	37	1
186	349	37	2
210	349	37	1
186	353	37	1
206	357	37	1
127	233	38	1
128	241	38	1
126	242	38	1
166	242	38	1
169	245	38	1
170	246	38	1
140	249	38	1
134	254	38	1
136	256	38	1
134	260	38	2
260	261	38	1
137	262	38	1
142	262	38	1
152	262	38	1
143	267	38	2
136	269	38	1
133	272	38	1
141	272	38	1
136	273	38	1
134	276	38	1
164	277	38	2
129	280	38	1
164	280	38	1
136	284	38	1
140	284	38	1
157	290	38	1
155	294	38	1
251	297	38	2
121	300	38	1
175	302	38	1
178	302	38	1
259	305	38	1
180	306	38	1
122	314	38	1
148	315	38	1
116	319	38	1
235	325	38	2
237	329	38	1
152	333	38	1
181	333	38	1
197	343	38	1
192	346	38	1
247	346	38	1
214	347	38	1
176	356	38	1
180	356	38	1
174	357	38	1
195	361	38	2
144	229	39	2
202	234	39	1
137	236	39	1
161	237	39	1
142	241	39	1
168	241	39	1
126	242	39	1
131	243	39	1
174	243	39	1
127	246	39	1
141	246	39	1
173	246	39	1
127	247	39	1
136	251	39	1
153	255	39	1
168	258	39	1
132	259	39	1
133	260	39	1
150	260	39	1
169	260	39	2
254	261	39	1
131	264	39	1
261	266	39	1
134	268	39	1
141	271	39	1
227	272	39	1
139	274	39	1
141	274	39	1
144	275	39	2
129	276	39	1
142	276	39	1
131	277	39	1
142	279	39	1
147	279	39	1
149	279	39	2
137	280	39	1
138	282	39	1
158	290	39	1
134	293	39	1
161	295	39	1
249	295	39	1
253	298	39	1
120	301	39	1
121	301	39	1
177	303	39	1
176	305	39	1
125	308	39	1
120	316	39	2
137	318	39	1
144	318	39	1
179	321	39	1
242	323	39	1
153	331	39	2
218	331	39	1
219	331	39	1
157	337	39	1
215	340	39	1
201	342	39	1
191	346	39	1
211	354	39	2
176	357	39	1
192	359	39	1
192	361	39	1
111	221	40	1
203	231	40	1
203	234	40	2
139	235	40	1
168	236	40	1
197	237	40	1
154	238	40	1
168	241	40	1
126	242	40	1
176	243	40	2
176	244	40	2
125	245	40	1
127	245	40	2
126	246	40	1
139	254	40	1
138	255	40	1
146	257	40	1
151	258	40	1
174	258	40	1
132	260	40	1
158	260	40	1
211	261	40	1
252	261	40	1
136	262	40	1
153	263	40	2
160	264	40	1
163	264	40	2
142	266	40	1
150	266	40	1
166	268	40	1
253	268	40	1
151	269	40	1
165	269	40	1
167	269	40	1
143	272	40	1
156	273	40	1
167	273	40	1
138	275	40	1
142	275	40	1
147	275	40	1
136	276	40	1
154	276	40	1
151	278	40	1
148	279	40	1
142	281	40	1
140	284	40	1
158	286	40	1
134	288	40	1
139	294	40	1
163	294	40	1
130	296	40	1
162	298	40	1
123	300	40	1
142	301	40	1
168	301	40	1
177	301	40	1
171	302	40	1
133	303	40	1
175	303	40	1
132	304	40	1
144	304	40	1
171	304	40	1
123	310	40	1
147	315	40	1
145	316	40	1
147	317	40	1
146	318	40	1
242	327	40	1
240	329	40	1
149	332	40	2
220	332	40	1
156	333	40	1
184	333	40	1
151	334	40	1
156	334	40	1
215	342	40	1
193	349	40	1
236	349	40	1
172	358	40	1
113	220	41	1
111	221	41	1
111	222	41	1
135	227	41	1
136	234	41	1
142	234	41	1
199	235	41	1
138	236	41	1
161	236	41	1
142	237	41	1
163	237	41	1
164	237	41	1
162	239	41	1
165	240	41	1
198	240	41	1
128	242	41	1
125	244	41	1
168	244	41	1
173	244	41	1
177	245	41	1
122	248	41	1
121	253	41	1
174	257	41	1
214	257	41	1
153	258	41	1
154	258	41	2
155	258	41	1
211	258	41	1
213	259	41	1
148	260	41	1
146	261	41	1
153	263	41	1
204	263	41	1
147	264	41	1
148	264	41	1
209	264	41	1
120	266	41	1
142	266	41	1
168	266	41	1
148	267	41	1
142	268	41	1
146	268	41	1
139	270	41	1
142	270	41	1
151	270	41	1
151	272	41	1
154	272	41	1
165	272	41	1
146	274	41	1
147	274	41	1
157	274	41	1
132	275	41	1
153	275	41	1
141	276	41	1
133	277	41	1
157	277	41	1
142	278	41	1
155	278	41	1
150	280	41	1
153	280	41	2
145	281	41	1
215	284	41	2
154	294	41	1
160	294	41	1
131	295	41	1
162	297	41	1
128	302	41	1
139	303	41	1
181	303	41	1
119	315	41	1
147	325	41	1
136	327	41	1
239	328	41	1
252	328	41	1
167	329	41	1
182	329	41	1
186	329	41	1
175	330	41	1
242	330	41	1
187	331	41	1
238	331	41	1
133	332	41	1
192	332	41	1
221	332	41	2
157	333	41	1
218	334	41	1
244	334	41	1
246	335	41	1
152	336	41	1
156	338	41	1
194	340	41	1
214	340	41	1
213	341	41	1
214	342	41	1
208	343	41	1
211	344	41	1
196	345	41	1
233	347	41	1
199	363	41	1
200	363	41	2
201	235	42	1
202	235	42	1
144	236	42	1
166	236	42	1
199	236	42	1
161	238	42	1
141	240	42	1
166	240	42	1
174	243	42	1
179	244	42	1
144	254	42	1
173	257	42	1
145	259	42	1
148	259	42	1
173	259	42	2
248	259	42	1
175	261	42	1
163	262	42	1
157	263	42	1
157	264	42	2
158	264	42	1
144	265	42	1
145	265	42	1
149	266	42	1
154	266	42	1
146	268	42	1
250	269	42	1
142	270	42	1
150	270	42	1
223	271	42	2
157	273	42	2
158	273	42	1
154	274	42	1
153	275	42	1
132	278	42	1
154	280	42	1
154	282	42	1
149	283	42	1
153	285	42	2
137	289	42	1
153	292	42	1
137	294	42	1
126	301	42	1
143	302	42	1
126	303	42	1
140	303	42	1
170	303	42	1
125	304	42	1
131	305	42	1
125	307	42	1
141	311	42	1
142	317	42	1
138	321	42	2
141	324	42	1
181	324	42	1
150	330	42	1
160	330	42	1
180	331	42	1
183	333	42	1
219	334	42	1
151	335	42	1
246	336	42	1
126	337	42	1
194	338	42	1
159	340	42	1
215	341	42	1
211	342	42	1
211	344	42	1
231	349	42	1
137	229	43	1
138	230	43	1
140	231	43	1
162	231	43	1
138	232	43	1
138	237	43	1
139	256	43	1
177	257	43	1
175	258	43	2
179	259	43	1
149	260	43	1
167	262	43	1
177	262	43	1
208	262	43	1
144	264	43	2
147	267	43	1
148	272	43	2
151	276	43	1
164	276	43	1
165	276	43	1
145	277	43	1
131	278	43	1
142	281	43	1
139	284	43	1
152	284	43	1
141	285	43	1
139	293	43	1
136	296	43	1
138	300	43	1
137	302	43	1
126	305	43	2
135	305	43	1
143	305	43	1
174	308	43	1
144	312	43	1
240	332	43	1
155	338	43	1
210	344	43	1
232	345	43	1
236	349	43	1
238	349	43	1
231	352	43	1
206	353	43	1
206	354	43	1
186	360	43	1
143	237	44	1
180	245	44	1
177	258	44	1
158	260	44	1
177	260	44	1
213	269	44	1
145	270	44	1
142	273	44	1
181	274	44	1
156	276	44	1
158	277	44	1
144	279	44	1
210	280	44	1
146	281	44	1
217	289	44	1
136	291	44	1
144	291	44	1
225	295	44	1
223	296	44	2
139	299	44	1
133	302	44	2
140	302	44	1
127	303	44	1
130	306	44	1
170	309	44	1
143	310	44	1
141	318	44	1
128	335	44	1
214	336	44	1
219	336	44	1
215	337	44	1
213	338	44	1
247	339	44	1
211	346	44	1
143	270	45	1
179	274	45	1
152	278	45	1
149	280	45	1
217	285	45	1
140	294	45	1
143	302	45	1
131	303	45	1
217	344	45	1
233	349	45	1
230	354	45	1
134	229	46	1
145	269	46	1
146	282	46	1
120	286	46	1
201	292	46	1
131	302	46	1
143	303	46	1
184	320	46	1
188	320	46	1
182	326	46	1
217	334	46	1
140	298	47	1
136	299	47	1
186	329	47	1
140	278	48	1
159	279	48	1
147	281	48	1
124	319	48	1
207	351	48	1
136	222	49	1
127	235	49	1
195	252	49	1
145	279	49	1
134	280	49	1
113	284	49	1
140	293	49	1
200	296	49	1
139	304	49	1
239	344	49	1
206	353	49	1
183	230	50	1
139	263	50	1
220	277	50	1
146	289	50	1
212	318	50	1
179	329	50	1
225	341	50	1
