x	y	z	RIP-mediated NFkB activation via ZBP1
216.157603775171	275.673637444315	34.5586340221659	1
244	284	21	1
240	286	21	1
246	292	21	1
232	278	24	1
239	278	24	1
245	284	24	1
246	284	24	1
248	286	24	1
239	287	24	1
244	287	24	1
243	288	24	1
248	289	24	1
231	264	25	1
236	268	25	1
233	269	25	1
235	270	25	2
227	272	25	1
233	272	25	2
238	272	25	1
235	273	25	1
238	273	25	1
231	274	25	1
235	274	25	1
234	276	25	1
240	276	25	1
231	277	25	1
237	277	25	1
247	277	25	1
231	278	25	2
232	278	25	1
236	278	25	1
237	278	25	1
238	278	25	1
240	279	25	1
241	279	25	2
247	279	25	1
249	279	25	1
233	280	25	1
235	281	25	1
237	281	25	1
249	281	25	1
214	282	25	1
232	282	25	3
237	282	25	1
238	282	25	1
240	282	25	1
245	282	25	1
249	282	25	1
238	283	25	1
241	283	25	1
243	283	25	1
242	284	25	5
215	285	25	1
234	285	25	1
236	285	25	1
240	285	25	2
244	285	25	1
232	286	25	1
243	286	25	1
245	286	25	1
254	286	25	1
237	287	25	1
238	287	25	1
242	287	25	2
245	287	25	1
246	287	25	1
249	287	25	1
251	287	25	1
235	288	25	1
237	288	25	1
250	288	25	1
236	289	25	1
237	289	25	1
242	289	25	1
244	289	25	1
248.5	289.5	25.5	1
250	289	25	1
234	290	25	1
237	290	25	1
243	290	25	1
244	290	25	1
246	290	25	1
249	290	25	1
250	290	25	2
234	291	25	1
238	291	25	1
250	291	25	2
251	291	25	1
235	292	25	2
237	292	25	1
244	292	25	1
250	292	25	1
243	293	25	1
239	294	25	2
242	294	25	1
243	294	25	1
244	294	25	1
238	296	25	1
239	296	25	1
242	296	25	1
239	297	25	1
227	300	25	1
239	300	25	1
239	302	25	2
183	258	26	1
182	260	26	1
229	262	26	2
231	264	26	1
230	267	26	1
235	267	26	1
236	268	26	1
237	269	26	2
233	270	26	1
234	270	26	1
229	271	26	1
215	272	26	2
217	272	26	1
223	272	26	1
224	272	26	1
230	272	26	1
236	273	26	1
237	273	26	1
239	273	26	1
249	273	26	1
231	274	26	1
236	274	26	1
232	275	26	1
237	275	26	1
249	275	26	2
250	275	26	2
215	276	26	1
235	276	26	1
250	276	26	1
207	277	26	1
209	277	26	1
230	277	26	1
231	277	26	2
234	277	26	1
239	277	26	1
250	277	26	1
233	278	26	3
235	278	26	1
251	278	26	1
231	279	26	2
232	279	26	1
233	279	26	1
234	279	26	1
237	279	26	1
246	279	26	2
248	279	26	1
250	279	26	1
208	280	26	2
230	280	26	1
232	280	26	2
234	280	26	1
248	280	26	1
231	281	26	1
239	281	26	1
208	282	26	1
231	282	26	1
235	282	26	1
240	282	26	1
227	283	26	1
245	283	26	1
246	283	26	1
248	283	26	1
251	283	26	2
252	283	26	1
212	284	26	1
235	284	26	1
236	284	26	1
237	284	26	1
243	284	26	2
250	284	26	1
211	285	26	1
232	285	26	1
235	285	26	1
240	285	26	1
236	286	26	1
237	286	26	1
238	286	26	1
243	286	26	1
246	286	26	1
250	286	26	1
223	287	26	1
243	287	26	1
249	287	26	2
250	287	26	1
253	287	26	1
231	289	26	1
232	289	26	1
233	289	26	1
240	289	26	2
233	290	26	1
237	290	26	2
232	291	26	3
238	291	26	1
240	291	26	1
225	292	26	1
227	292	26	1
238	292	26	1
240	292	26	1
242	292	26	2
247	292	26	3
249	292	26	2
252	292	26	1
225	293	26	1
234	293	26	1
236	293	26	1
239	293	26	1
245	293	26	1
237	294	26	1
239	294	26	1
246	294	26	1
222	295	26	2
240	295	26	1
242	295	26	2
248	295	26	1
254	295	26	1
235	296	26	2
239	296	26	1
240	296	26	1
237	297	26	2
239	297	26	1
240	297	26	1
246	297	26	2
242	298	26	1
236	299	26	2
239	299	26	1
240	299	26	1
225	300	26	2
227	301	26	1
182	255	27	1
181	257	27	1
186	257	27	1
181	258	27	2
184	258	27	1
215	258	27	1
232	258	27	1
184	259	27	1
188	259	27	2
226	259	27	1
176	260	27	2
183	260	27	1
185	260	27	2
186	260	27	1
227	260	27	1
233	260	27	2
234	260	27	2
235	260	27	1
237	260	27	1
240	260	27	2
177	261	27	1
181	261	27	1
185	261	27	2
187	261	27	1
222	261	27	3
237	261	27	1
177	262	27	1
182	262	27	2
184	262	27	1
232	262	27	1
238	262	27	1
179	263	27	1
181	263	27	1
220	263	27	1
229	263	27	1
232	263	27	1
233	263	27	2
234	263	27	1
236	263	27	1
238	263	27	1
219	264	27	1
238	264	27	1
248	264	27	1
212	265	27	1
225	265	27	1
230	265	27	1
231	265	27	1
237	265	27	1
239	265	27	1
178	266	27	1
180	266	27	1
201	266	27	1
221	266	27	1
224	266	27	3
227	266	27	1
228	266	27	2
229	266	27	1
230	266	27	1
232	266	27	1
179	267	27	1
229	267	27	1
230	267	27	1
234	267	27	1
239	267	27	1
240	267	27	1
249	267	27	1
180	268	27	1
197	268	27	1
214	268	27	1
217	268	27	1
219	268	27	1
222	268	27	1
225	268	27	1
231	268	27	3
232	268	27	1
235	268	27	1
241	268	27	1
178	269	27	1
179	269	27	2
180	269	27	2
214	269	27	1
224	269	27	1
229	269	27	2
231	269	27	1
234	269	27	1
235	269	27	1
237	269	27	2
239	269	27	2
240	269	27	2
252	269	27	1
178	270	27	1
184	270	27	1
217	270	27	1
227	270	27	1
231	270	27	1
233	270	27	1
239	270	27	1
243	270	27	2
250	270	27	2
177	271	27	2
180	271	27	1
208	271	27	1
211	271	27	1
217	271	27	1
233	271	27	1
234	271	27	1
243	271	27	1
251	271	27	2
179	272	27	1
213	272	27	1
216	272	27	1
237	272	27	1
238	272	27	1
240	272	27	1
247	272	27	1
250	272	27	1
205	273	27	1
207	273	27	1
212	273	27	1
215	273	27	1
224	273	27	1
231	273	27	1
232	273	27	1
234	273	27	1
237	273	27	1
248	273	27	1
249	273	27	1
253	273	27	1
179	274	27	1
182	274	27	1
212	274	27	1
213	274	27	1
216	274	27	1
224	274	27	1
226	274	27	1
247	274	27	1
250	274	27	1
182	275	27	1
185	275	27	1
206	275	27	1
208	275	27	2
212	275	27	1
217	275	27	1
218	275	27	4
222	275	27	1
223	275	27	1
224	275	27	1
228	275	27	1
230	275	27	1
232	275	27	2
233	275	27	1
235	275	27	1
236	275	27	2
177	276	27	1
210	276	27	1
212	276	27	1
222	276	27	1
227	276	27	1
204	277	27	2
205	277	27	1
208	277	27	1
212	277	27	1
215	277	27	1
224	277	27	1
231	277	27	2
245	277	27	1
246	277	27	1
248	277	27	1
249	277	27	1
250	277	27	1
204	278	27	2
206	278	27	1
209	278	27	1
210	278	27	1
225	278	27	1
227	278	27	3
231	278	27	1
235	278	27	1
245	278	27	1
250	278	27	1
201	279	27	2
234	279	27	1
235	279	27	1
237	279	27	1
241	279	27	1
242	279	27	1
250	279	27	1
251	279	27	1
252	279	27	1
205	280	27	1
208	280	27	1
210	280	27	1
242	280	27	1
248	280	27	1
250	280	27	1
256	280	27	1
210	281	27	1
214	281	27	1
229	281	27	1
234	281	27	1
237	281	27	1
239	281	27	1
240	281	27	1
246	281	27	1
251	281	27	1
257	281	27	2
206	282	27	1
215	282	27	1
217	282	27	1
240	282	27	1
246	282	27	1
248	282	27	1
201	283	27	2
206	283	27	1
208	283	27	2
210	283	27	1
228	283	27	1
232	283	27	1
239	283	27	1
240	283	27	1
244	283	27	1
245	283	27	1
247	283	27	1
248	283	27	1
249	283	27	1
253	283	27	1
255	283	27	1
256	283	27	1
206	284	27	1
208	284	27	1
212	284	27	1
230	284	27	1
237	284	27	3
240	284	27	1
241	284	27	1
254	284	27	3
255	284	27	1
206	285	27	1
215	285	27	1
223	285	27	3
233	285	27	1
235	285	27	1
241	285	27	1
247	285	27	1
250	285	27	1
214	286	27	1
216	286	27	1
219	286	27	2
222	286	27	1
232	286	27	1
234	286	27	2
240	286	27	1
252	286	27	1
255	286	27	1
219	287	27	1
222	287	27	1
223	287	27	1
231	287	27	3
233	287	27	1
239	287	27	1
241	287	27	2
243	287	27	1
246	287	27	1
247	287	27	1
251	287	27	2
211	288	27	1
223	288	27	2
225	288	27	3
226	288	27	1
231	288	27	1
236	288	27	1
237	288	27	1
240	288	27	1
242	288	27	1
243	288	27	1
246	288	27	1
247	288	27	1
250	288	27	1
209	289	27	1
210	289	27	1
224	289	27	1
231	289	27	1
236	289	27	1
237	289	27	1
246	289	27	3
254	289	27	1
230	290	27	1
232	290	27	1
240	290	27	1
241	290	27	1
249	290	27	1
250	290	27	1
252	290	27	2
210	291	27	2
224	291	27	1
228	291	27	1
230	291	27	1
233	291	27	2
234	291	27	1
235	291	27	1
237	291	27	1
247	291	27	1
250	291	27	1
211	292	27	1
218	292	27	1
224	292	27	1
228	292	27	1
234	292	27	1
235	292	27	2
237	292	27	1
241	292	27	1
244	292	27	2
246	292	27	1
247	292	27	1
252	292	27	1
254	292	27	1
210	293	27	1
217	293	27	1
218	293	27	1
222	293	27	1
224	293	27	3
225	293	27	1
239	293	27	2
244	293	27	1
249	293	27	1
211	294	27	1
219	294	27	1
225	294	27	1
231	294	27	1
235	294	27	1
237	294	27	1
238	294	27	2
245	294	27	1
251	294	27	1
252	294	27	1
253	294	27	1
255	294	27	2
223	295	27	1
226	295	27	1
244	295	27	1
252	295	27	1
255	295	27	2
211	296	27	1
220	296	27	1
221	296	27	3
238	296	27	1
240	296	27	1
245	296	27	1
225	297	27	1
237	297	27	2
239	297	27	1
242	297	27	1
248	297	27	1
253	297	27	1
224	298	27	3
237	298	27	1
230	299	27	1
237	299	27	1
245	299	27	1
246	299	27	1
228	300	27	2
231	300	27	2
240	300	27	1
242	300	27	1
236	301	27	1
238	301	27	1
240	301	27	1
250	301	27	1
226	302	27	1
237	302	27	1
238	302	27	1
235	304	27	1
236	304	27	1
234	265	28	1
231	266	28	1
235	268	28	1
236	269	28	1
237	269	28	2
236	270	28	1
238	270	28	1
240	271	28	1
236	272	28	1
234	274	28	1
235	274	28	1
233	276	28	1
237	276	28	1
236	277	28	2
236	278	28	1
237	279	28	1
235	280	28	1
239	280	28	1
241	280	28	1
249	282	28	1
237	283	28	1
238	283	28	1
246	283	28	2
247	283	28	1
238	285	28	3
240	285	28	2
244	285	28	1
235	286	28	1
249	286	28	1
246	287	28	1
248	287	28	1
224	288	28	1
238	288	28	1
242	288	28	1
244	288	28	1
227	289	28	1
245	289	28	1
247	289	28	1
248	289	28	1
226	290	28	1
242	290	28	1
245	290	28	1
226	291	28	1
237	291	28	2
239	291	28	1
247	291	28	1
248	291	28	2
249	291	28	2
250	292	28	1
248	293	28	1
250	293	28	1
240	294	28	1
249	294	28	1
225	300	28	1
240	300	28	1
233	256	29	2
234	256	29	2
182	257	29	1
235	257	29	2
233	258	29	1
237	258	29	1
183	261	29	1
187	261	29	1
227	261	29	1
227	262	29	1
222	263	29	1
231	263	29	1
215	264	29	1
229	264	29	1
230	264	29	1
232	264	29	1
237	264	29	1
238	264	29	1
232	265	29	1
234	265	29	1
238	265	29	1
249	265	29	1
195	266	29	1
230	266	29	2
232	266	29	1
234	266	29	1
197	267	29	1
199	267	29	1
214	267	29	1
230	267	29	1
232	267	29	1
249	267	29	2
194	268	29	1
217	268	29	1
236	268	29	1
239	268	29	1
244	268	29	1
180	269	29	1
196	269	29	1
232	269	29	1
235	269	29	1
237	269	29	1
240	269	29	1
248	269	29	2
200	270	29	1
231	270	29	1
234	270	29	1
239	270	29	1
250	270	29	1
182	271	29	1
204	271	29	1
214	271	29	1
242	271	29	1
249	271	29	1
224	272	29	2
232	272	29	1
234	272	29	1
235	272	29	1
241	272	29	1
245	272	29	1
249	272	29	1
251	272	29	1
207	273	29	1
225	273	29	1
238	273	29	1
250	273	29	1
206	274	29	1
214	274	29	1
233	274	29	1
238	274	29	3
247	274	29	2
184	275	29	1
206	275	29	2
215	275	29	1
235	275	29	1
245	275	29	1
232	276	29	1
240	276	29	1
246	276	29	1
205	277	29	1
234	277	29	1
236	277	29	2
237	277	29	3
239	277	29	2
240	277	29	1
247	277	29	2
250	277	29	2
208	278	29	1
245	278	29	1
234	279	29	2
238	279	29	1
246	279	29	1
248	279	29	1
252	279	29	1
254	279	29	1
233	280	29	1
238	280	29	1
241	280	29	1
245	280	29	1
249	280	29	1
251	280	29	1
256	280	29	1
208	281	29	2
214	281	29	1
241	281	29	1
251	281	29	1
206	282	29	2
213	282	29	1
241	282	29	1
242	282	29	1
249	282	29	1
250	282	29	1
209	283	29	1
215	283	29	1
232	283	29	1
233	283	29	1
239	283	29	1
246	283	29	1
248	283	29	1
250	283	29	1
211	284	29	2
234	284	29	1
237	284	29	1
241	284	29	1
243	284	29	2
245	284	29	1
248	284	29	2
226	285	29	1
227	285	29	1
236	285	29	2
248	285	29	1
253	285	29	1
211	286	29	1
234	286	29	1
252	286	29	1
225	287	29	1
228	287	29	2
236	287	29	1
238	287	29	1
244	287	29	1
245	287	29	1
224	288	29	1
225	288	29	1
226	288	29	1
232	288	29	1
233	288	29	1
235	288	29	1
244	288	29	1
224	289	29	1
235	289	29	1
237	289	29	1
243	289	29	2
245	289	29	1
254	289	29	1
226	290	29	1
230	290	29	1
240	290	29	2
242	290	29	2
246	290	29	2
240	291	29	1
250	291	29	1
251	291	29	1
243	292	29	1
249	292	29	1
222	293	29	1
223	293	29	2
225	293	29	1
227	293	29	1
242	293	29	1
246	293	29	2
253	293	29	1
243	294	29	1
249	294	29	1
220	295	29	1
223	295	29	1
241	295	29	2
243	295	29	1
253	296	29	1
227	297	29	1
215	298	29	1
219	298	29	1
221	298	29	1
249	298	29	1
221	301	29	2
224	301	29	1
225	301	29	1
230	301	29	1
236	301	29	1
235	302	29	2
215	252	30	1
231	253	30	1
232	253	30	1
230	254	30	2
231	254	30	1
233	254	30	1
236	255	30	1
237	255	30	1
231	256	30	1
235	256	30	1
183	257	30	1
204	257	30	1
229	257	30	2
236	257	30	1
240	257	30	1
181	258	30	2
226	258	30	1
228	258	30	1
236	258	30	1
237	258	30	1
238	258	30	1
175	259	30	1
183	259	30	2
189	259	30	1
195	259	30	1
206	259	30	1
209	259	30	3
219	259	30	1
224	259	30	1
228	259	30	1
231	259	30	1
232	259	30	1
237	259	30	4
184	260	30	1
217	260	30	1
231	260	30	1
235	260	30	1
239	260	30	1
245	260	30	1
186	261	30	1
194	261	30	1
198	261	30	1
211	261	30	2
215	261	30	1
216	261	30	1
218	261	30	1
219	261	30	1
225	261	30	1
227	261	30	3
229	261	30	1
231	261	30	1
232	261	30	1
236	261	30	1
239	261	30	1
178	262	30	1
179	262	30	2
188	262	30	1
209	262	30	2
221	262	30	2
222	262	30	1
223	262	30	1
227	262	30	1
247	262	30	1
248	262	30	1
182	263	30	1
185	263	30	2
186	263	30	3
188	263	30	1
193	263	30	1
210	263	30	2
215	263	30	2
219	263	30	1
222	263	30	1
228	263	30	1
230	263	30	1
240	263	30	1
186	264	30	1
225	264	30	1
227	264	30	1
238	264	30	1
241	264	30	1
245	264	30	1
249	264	30	1
250	264	30	1
183	265	30	2
191	265	30	2
193	265	30	1
200	265	30	1
211	265	30	1
214	265	30	1
217	265	30	1
238	265	30	1
248	265	30	1
193	266	30	1
194	266	30	1
211	266	30	1
212	266	30	2
238	266	30	1
243	266	30	1
247	266	30	1
249	266	30	2
193	267	30	1
194	267	30	1
202	267	30	1
209	267	30	1
231	267	30	1
237	267	30	1
239	267	30	2
241	267	30	1
244	267	30	1
247	267	30	1
182	268	30	2
205	268	30	2
216	268	30	1
226	268	30	1
228	268	30	2
244	268	30	1
246	268	30	1
247	268	30	1
180	269	30	1
196	269	30	2
199	269	30	1
211	269	30	2
213	269	30	1
215	269	30	2
232	269	30	2
238	269	30	1
247	269	30	1
248	269	30	1
184	270	30	2
187	270	30	1
195	270	30	1
196	270	30	2
205	270	30	1
223	270	30	1
231	270	30	1
232	270	30	1
233	270	30	1
175	271	30	1
188	271	30	1
193	271	30	1
200	271	30	1
201	271	30	2
215	271	30	1
232	271	30	1
233	271	30	1
243	271	30	1
249	271	30	1
179	272	30	1
181	272	30	1
184	272	30	1
203	272	30	1
206	272	30	1
223	272	30	1
233	272	30	1
250	272	30	1
181	273	30	1
182	273	30	1
211	273	30	1
227	273	30	1
231	273	30	2
232	273	30	1
233	273	30	2
181	274	30	1
182	274	30	1
183	274	30	1
212	274	30	1
229	274	30	1
236	274	30	3
180	275	30	1
182	275	30	1
203	275	30	1
211	275	30	1
212	275	30	2
213	275	30	1
233	275	30	1
239	275	30	1
242	275	30	1
244	275	30	1
206	276	30	2
232	276	30	2
236	276	30	1
250	276	30	1
174	277	30	1
208	277	30	1
235	277	30	1
247	277	30	1
249	277	30	1
250	277	30	1
175	278	30	1
190	278	30	1
203	278	30	3
226	278	30	1
238	278	30	1
246	278	30	2
249	278	30	1
253	278	30	1
219	279	30	1
221	279	30	1
236	279	30	2
238	279	30	1
249	279	30	1
254	279	30	1
178	280	30	1
219	280	30	2
232	280	30	2
235	280	30	1
242	280	30	1
246	280	30	1
179	281	30	1
214	281	30	1
233	281	30	2
244	281	30	1
249	281	30	1
177	282	30	1
187	282	30	1
221	282	30	4
222	282	30	3
233	282	30	1
234	282	30	1
235	282	30	1
236	282	30	1
239	282	30	2
244	282	30	1
248	282	30	1
250	282	30	1
252	282	30	1
179	283	30	1
220	283	30	1
221	283	30	2
223	283	30	1
232	283	30	1
249	283	30	1
251	283	30	1
252	283	30	1
177	284	30	1
219	284	30	1
221	284	30	1
224	284	30	1
225	284	30	1
238	284	30	1
243	284	30	1
252	284	30	1
211	285	30	2
226	285	30	1
245	285.666666666667	31	1
248	285	30	2
254	285	30	2
219	286	30	1
222	286	30	1
226	286	30	1
230	286	30	1
231	286	30	1
234	286	30	1
235	286	30	2
244	286	30	1
245	286	30	1
251	286	30	1
256	286	30	1
224	287	30	1
226	287	30	1
228	287	30	1
231	287	30	1
238.5	287.5	30.5	1
241	287	30	1
248	287	30	1
251	287	30	2
255	287	30	2
221	288	30	1
226	288	30	1
229	288	30	1
238	288	30	1
239	288	30	1
246	288	30	2
252	288	30	2
184	289	30	1
221	289	30	1
222	289	30	1
224	289	30	1
234	289	30	2
250	289	30	1
256	289	30	1
222	290	30	1
226	290	30	1
239	290	30	1
241	290	30	1
244	290	30	1
245	290	30	1
250	290	30	1
253	290	30	1
226	291	30	1
232	291	30	1
235	291	30	1
238	291	30	1
241	291	30	1
242	291	30	1
247	291	30	1
248	291	30	2
249	291	30	1
250	291	30	1
203	292	30	1
227	292	30	1
229	292	30	1
232	292	30	1
235	292	30	1
243	292	30	1
257	292	30	2
201	293	30	1
219	293	30	1
231	293	30	1
239	293	30	1
244	293	30	1
246	293	30	1
247	293	30	2
220	294	30	1
221	294	30	1
225	294	30	1
233	294	30	2
237	294	30	1
238	294	30	1
245	294	30	1
246	294	30	1
249	294	30	1
253	294	30	1
257	294	30	1
258	294	30	1
221	295	30	1
224	295	30	1
256	295	30	2
186	296	30	1
222	296	30	2
241	296	30	2
252	296	30	2
253	296	30	3
226	297	30	1
229	297	30	1
231	297	30	1
240	297	30	1
244	297	30	2
250	297	30	1
215	298	30	1
222	298	30	1
225	298	30	1
228	298	30	1
229	298	30	1
230	298	30	1
231	298	30	1
235	298	30	1
237	298	30	1
239	298	30	2
242	298	30	1
246	298	30	1
249	298	30	2
215	299	30	1
221	299	30	1
225	299	30	1
231	299	30	2
252	299	30	1
222	300	30	1
225	300	30	1
227	300	30	1
228	300	30	1
231	300	30	2
233	300	30	2
236	300	30	1
246	300	30	1
247	300	30	1
223	301	30	3
224	301	30	1
230	301	30	1
237	301	30	2
240	301	30	1
244	301	30	1
245	301	30	2
246	301	30	1
248	301	30	2
229	302	30	2
231	302	30	1
242	302	30	1
247	302	30	1
248	302	30	1
225	303	30	1
240	303	30	1
241	303	30	1
243	303	30	1
233	304	30	1
235	304	30	1
242	304	30	1
223	305	30	1
233	305	30	1
238	305	30	1
236	306	30	2
226	249	31	1
215	251	31	1
229	251	31	1
235	251	31	1
235	252	31	1
224	253	31	1
227	253	31	1
233	253	31	1
193	254	31	1
238	254	31	1
215	255	31	1
229	255	31	1
236	255	31	2
240	255	31	1
207	256	31	1
216	256	31	1
233	256	31	1
202	257	31	1
216	257	31	1
230	257	31	1
239	257	31	1
188	258	31	1
216	258	31	1
239	258	31	1
218	259	31	1
239	259	31	2
186	260	31	1
190	260	31	1
228	260	31	1
237	260	31	1
238	260	31	1
246	260	31	2
193	261	31	1
195	261	31	2
208	261	31	2
213	261	31	1
224	261	31	2
231	261	31	1
235	261	31	1
249	261	31	1
195	262	31	1
210	262	31	1
222	262	31	1
223	262	31	2
230	262	31	1
233	262	31	1
238	262	31	1
242	262	31	1
248	262	31	1
186	263	31	1
188	263	31	1
194	263	31	1
200	263	31	1
218	263	31	1
221	263	31	1
226	263	31	2
227	263	31	1
236	263	31	2
238	263	31	1
244	263	31	1
248	263	31	1
178	264	31	2
187	264	31	1
194	264	31	1
197	264	31	1
209	264	31	1
214	264	31	1
216	264	31	1
217	264	31	1
222	264	31	1
223	264	31	1
228	264	31	1
232	264	31	1
234	264	31	1
237	264	31	1
245	264	31	1
248	264	31	2
196	265	31	1
200	265	31	1
205	265	31	1
223	265	31	1
229	265	31	1
231	265	31	1
234	265	31	1
235	265	31	1
238	265	31	1
245	265	31	1
248	265	31	1
249	265	31	1
250	265	31	1
198	266	31	3
215	266	31	3
219	266	31	1
232	266	31	1
243	266	31	1
245	266	31	1
247	266	31	2
176	267	31	1
182	267	31	1
195	267	31	1
197	267	31	1
228	267	31	1
230	267	31	1
235	267	31	1
241	267	31	1
183	268	31	1
198	268	31	2
203	268	31	1
219	268	31	1
242	268	31	1
244	268	31	1
183	269	31	1
184	269	31	1
188	269	31	1
194	269	31	1
201	269	31	1
204	269	31	1
214	269	31	1
230	269	31	1
232	269	31	1
235	269	31	1
173	270	31	1
178	270	31	1
201	270	31	1
237	270	31	1
239	270	31	1
244	270	31	3
171	271	31	1
177	271	31	1
178	271	31	1
184	271	31	2
199	271	31	1
210	271	31	1
212	271	31	1
215	271	31	1
224	271	31	1
225	271	31	1
235	271	31	1
238	271	31	1
246	271	31	2
247	271	31	1
251	271	31	2
176	272	31	1
182	272	31	1
212	272	31	1
226	272	31	2
230	272	31	1
234	272	31	1
238	272	31	3
243	272	31	1
209	273	31	1
211	273	31	2
235	273	31	1
244	273	31	1
246	273	31	1
180	274	31	1
209	274	31	1
216	274	31	1
225	274	31	1
243	274	31	1
248	274	31	1
205	275	31	1
229	275	31	1
236	275	31	2
237	275	31	2
184	276	31	1
198	276	31	1
241	276	31	1
243	276	31	1
174	277	31	1
204	277	31	1
209	277	31	1
234	277	31	1
236	277	31	1
245	277	31	1
249	277	31	1
207	278	31	2
224	278	31	1
237	278	31	1
242	278	31	1
245	278	31	1
246	278	31	2
249	278	31	1
178	279	31	1
180	279	31	1
235	279	31	1
236	279	31	1
237	279	31	1
246	279	31	1
253	279	31	1
254	279	31	1
176	280	31	1
181	280	31	1
208	280	31	1
219	280	31	1
241	280	31	1
246	280	31	1
247	280	31	1
176	281	31	1
179	281	31	1
181	281	31	1
204	281	31	1
220	281	31	1
222	281	31	1
223	281	31	1
228	281	31	1
235	281	31	1
241	281	31	1
244	281	31	1
245	281	31	2
248	281	31	1
250	281	31	1
175	282	31	1
178	282	31	1
180	282	31	2
181	282	31	2
225	282	31	1
233	282	31	2
238	282	31	3
241	282	31	1
244	282	31	1
247	282	31	1
250	282	31	1
254	282	31	1
256	282	31	1
184	283	31	1
224	283	31	1
228	283	31	1
233	283	31	1
234	283	31	2
239	283	31	1
242	283	31	1
246	283	31	1
251	283	31	2
253	283	31	1
175	284	31	1
182	284	31	1
222	284	31	1
231	284	31	1
236	284	31	1
241	284	31	1
244	284	31	1
250	284	31	1
173	285	31	1
179	285	31	1
183	285	31	1
222	285	31	1
226	285	31	1
235	285	31	1
248	285	31	1
250	285	31	1
178	286	31	1
180	286	31	1
204	286	31	1
222	286	31	1
225	286	31	1
227	286	31	1
229	286	31	1
237	286	31	1
238	286	31	2
246	286	31	1
252	286	31	2
187	287	31	1
220	287	31	1
227	287	31	2
229	287	31	1
230	287	31	2
241	287	31	1
255	287	31	1
220	288	31	1
221	288	31	1
226	288	31	1
230	288	31	1
234	288	31	1
236	288	31	1
249	288	31	1
185	289	31	1
221	289	31	1
231	289	31	1
232	289	31	1
235	289	31	1
241	289	31	1
245	289	31	1
254	289	31	1
221	290	31	1
226	290	31	2
230	290	31	1
235	290	31	2
237	290	31	2
240	290	31	1
241	290	31	1
243	290	31	1
247	290	31	2
248	290	31	1
250	290	31	1
198	291	31	2
199	291	31	1
223	291	31	1
226	291	31	1
244	291	31	1
245	291	31	2
249	291	31	2
254	291	31	1
255	291	31	1
230	292	31	1
232	292	31	1
236	292	31	1
246	292	31	1
257	292	31	1
198	293	31	2
223	293	31	1
225	293	31	1
228	293	31	1
232	293	31	1
233	293	31	1
241	294	32.8	1
248	293	31	2
209	294	31	1
221	294	31	2
225	294	31	1
226	294	31	1
227	294	31	1
228	294	31	1
235	294	31	1
241	294	31	2
247	294	31	4
198	295	31	1
202	295	31	1
225	295	31	1
229	295	31	1
231	295	31	1
233	295	31	1
234	295	31	2
235	295	31	3
242	295	31	1
247	295	31	1
248	295	31	1
249	295	31	1
257	295	31	1
188	296	31	2
245	296	31	1
248	296	31	1
252	296	31	1
195	297	31	1
225	297	31	1
234	297	31	1
239	297	31	1
226	298	31	1
232	298	31	2
238	298	31	1
247	298	31	1
251	298	31	1
232	299	31	1
233	299	31	2
240	299	31	1
218	300	31	1
223	300	31	1
227	300	31	1
228	300	31	1
230	300	31	1
237	300	31	1
241	300	31	2
250	300	31	1
228	301	31	1
229	301	31	1
233	301	31	1
234	301	31	1
236	301	31	1
241	301	31	1
243	301	31	1
245	301	31	1
247	301	31	2
240	302	31	1
243	302	31	1
244	302	31	2
245	302	31	2
246	302	31	1
232	303	31	1
233	303	31	2
235	303	31	2
236	303	31	1
239	303	31	2
244	303	31	1
232	304	31	1
235	304	31	1
225	305	31	1
234	305	31	2
240	305	31	1
223	306	31	1
231	306	31	1
233	306	31	1
234	307	31	1
237	307	31	2
225	308	31	1
226	250	32	1
227	251	32	1
229	251	32	1
217	252	32	1
235	252	32	1
193	253	32	1
217	253	32	1
223	253	32	1
231	253	32	1
232	253	32	1
240	253	32	1
215	254	32	1
225	254	32	1
227	254	32	1
239	254	32	1
217	255	32	1
218	255	32	1
223	255	32	1
227	255	32	1
230	255	32	1
234	255	32	1
236	255	32	1
237	255	32	1
240	255	32	1
203	257	32	1
209	257	32	1
219	257	32	2
238	257	32	1
240	257	32	1
207	258	32	1
215	258	32	1
216	258	32	1
220	258	32	2
228	258	32	2
235	258	32	1
239	258	32	2
240	258	32	2
188	259	32	1
193	259	32	1
207	259	32	1
213	259	32	1
215	259	32	1
220	259	32	2
229	259	32	1
242	259	32	2
243	259	32	1
182	260	32	1
192	260	32	1
203	260	32	1
210	260	32	1
211	260	32	2
214	260	32	1
228	260	32	1
236	260	32	1
245	260	32	1
194	261	32	1
210	261	32	1
211	261	32	1
215	261	32	1
217	261	32	1
218	261	32	1
220	261	32	2
226	261	32	2
228	261	32	1
242	261	32	1
189	262	32	1
197	262	32	1
203	262	32	2
207	262	32	1
224	262	32	1
227	262	32	1
230	262	32	1
231	262	32	1
236	262	32	1
238	262	32	1
242	262	32	1
245	262	32	3
246	262	32	1
184	263	32	1
200	263	32	1
204	263	32	1
211	263	32	1
225	263	32	1
226	263	32	1
228	263	32	1
231	263	32	1
233	263	32	1
241	263	32	1
243	263	32	1
245	263	32	1
246	263	32	1
188	264	32	1
192	264	32	1
194	264	32	1
212	264	32	1
223	264	32	1
244	264	32	1
245	264	32	1
246	264	32	1
248	264	32	1
188	265	32	1
195	265	32	1
211	265	32	1
215	265	32	1
216	265	32	1
217	265	32	1
221	265	32	2
222	265	32	1
224	265	32	1
234	265	32	2
235	265	32	1
178	266	32	1
186	266	32	1
194	266	32	1
197	266	32	1
214	266	32	1
218	266	32	1
221	266	32	2
230	266	32	1
234	266	32	1
241	266	32	1
248	266	32	2
251	266	32	1
252	266	32	1
183	267	32	1
186	267	32	1
194	267	32	1
196	267	32	1
209	267	32	1
211	267	32	1
219	267	32	1
225	267	32	1
239	267	32	2
240	267	32	1
242	267	32	1
247	267	32	1
188	268	32	1
189	268	32	2
193	268	32	1
198	268	32	1
211	268	32	1
214	268	32	1
216	268	32	2
224	268	32	1
231	268	32	3
239	268	32	1
241	268	32	1
243	268	32	1
246	268	32	1
248	268	32	1
184	269	32	1
186	269	32	2
187	269	32	2
194	269	32	1
196	269	32	1
210	269	32	1
218	269	32	1
238	269	32	1
239	269	32	1
242	269	32	1
243	269	32	1
244	269	32	1
249	269	32	1
250	269	32	1
180	270	32	1
184	270	32	1
195	270	32	1
200	270	32	1
207	270	32	1
210	270	32	1
214	270	32	1
227	270	32	1
234	270	32	1
239	270	32	1
244	270	32	2
247	270	32	2
248	270	32	1
249	270	32	1
174	271	32	1
175	271	32	1
176	271	32	1
177	271	32	1
180	271	32	1
186	271	32	2
206	271	32	1
209	271	32	2
210	271	32	1
212	271	32	1
214	271	32	1
215	271	32	1
216	271	32	2
235	271	32	1
238	271	32	1
249	271	32	1
250	271	32	1
251	271	32	1
176	272	32	1
181	272	32	1
185	272	32	1
186	272	32	1
198	272	32	1
201	272	32	1
202	272	32	1
203	272	32	1
206	272	32	2
207	272	32	1
209	272	32	1
213	272	32	1
214	272	32	1
227	272	32	1
228	272	32	2
238	272	32	1
240	272	32	1
243	272	32	1
245	272	32	1
251	272	32	1
255	272	32	1
174	273	32	1
181	273	32	1
186	273	32	1
201	273	32	1
208	273	32	1
210	273	32	1
213	273	32	2
241	273	32	1
243	273	32	1
245	273	32	1
249	273	32	1
173	274	32	1
174	274	32	1
181	274	32	1
183	274	32	1
184	274	32	1
204	274	32	2
206	274	32	1
208	274	32	1
215	274	32	2
233	274	32	1
236	274	32	2
237	274	32	1
238	274	32	1
181	275	32	1
183	275	32	1
186	275	32	1
210	275	32	1
211	275	32	1
214	275	32	1
252	275	32	1
228	276	32	1
234	276	32	2
236	276	32	1
246	276	32	1
249	276	32	2
175	277	32	1
204	277	32	1
224	277	32	1
239	277	32	2
241	277	32	1
245	277	32	1
177	278	32	1
206	278	32	2
225	278	32	3
234	278	32	1
239	278	32	2
246	278	32	1
249	278	32	1
175	279	32	1
177	279	32	1
178	279	32	1
179	279	32	1
207	279	32	1
214	279	32	2
234	279	32	2
236	279	32	1
242	279	32	1
244	279	32	1
255	279	32	2
173	280	32	2
174	280	32	1
178	280	32	1
180	280	32	1
205	280	32	1
219	280	32	2
221	280	32	1
223	280	32	1
232	280	32	1
238	280	32	2
239	280	32	1
241	280	32	1
242	280	32	1
245	280	32	1
246	280	32	1
176	281	32	1
222	281	32	1
234	281	32	1
239	281	32	1
241	281	32	2
243	281	32	1
245	281	32	1
246	281	32	1
250	281	32	1
174	282	32	1
178	282	32	1
187	282	32	1
220	282	32	2
222	282	32	1
240	282	32	1
242	282	32	1
244	282	32	1
245	282	32	2
247	282	32	1
248	282	32	1
249	282	32	1
256	282	32	1
173	283	32	1
175	283	32	1
176	283	32	1
178	283	32	1
179	283	32	1
181	283	32	1
211	283	32	1
221	283	32	2
222	283	32	1
224	283	32	1
242	283	32	1
248	283	32	1
249	283	32	1
251	283	32	1
254	283	32	1
178	284	32	1
184	284	32	1
186	284	32	1
206	284	32	1
220	284	32	2
225	284	32	1
226	284	32	1
229	284	32	1
230	284	32	1
244	284	32	1
247	284	32	1
254	284	32	1
177	285	32	1
178	285	32	2
179	285	32	1
206	285	32	1
215	285	32	1
220	285	32	1
231	285	32	1
232	285	32	1
233	285	32	1
237	285	32	2
238	285	32	1
240	285	32	1
243	285	32	1
246	285	32	1
253	285	32	1
254	285	32	1
255	285	32	2
180	286	32	1
207	286	32	1
209	286	32	1
218	286	32	1
222	286	32	2
223	286	32	1
226	286	32	1
229	286	32	1
231	286	32	2
246	286	32	1
247	286	32	1
256	286	32	1
177	287	32	1
187	287	32	1
208	287	32	1
221	287	32	1
222	287	32	1
223	287	32	1
233	287	32	1
237	287	32	1
247	287	32	1
248	287	32	2
254	287	32	1
256	287	32	1
201	288	32	1
203	288	32	1
220	288	32	2
223	288	32	1
231	288	32	4
236	288	32	1
237	288	32	1
239	288	32	1
240	288	32	1
243	288	32	1
245	288	32	1
248	288	32	1
249	288	32	1
250	288	32	1
258	288	32	1
200	289	32	1
223	289	32	1
234	289	32	1
235	289	32	2
238	289	32	2
242	289	32	1
248	289	32	2
256	289	32	1
206	290	32	1
226	290	32	1
232	290	32	1
236	290	32	1
241	290	32	1
244	290	32	1
245	290	32	1
246	290	32	1
247	290	32	2
248	290	32	1
253	290	32	1
222	291	32	1
223	291	32	1
224	291	32	1
233.333333333333	291.333333333333	33	1
236	291	32	1
241	291	32	1
243	291	32	1
248	291	32	1
250	291	32	1
188	292	32	1
201	292	32	1
221	292	32	1
223	292	32	1
225	292	32	2
227	292	32	2
236.75	292.75	33	1
242	292	32	1
255	292	32	1
256	292	32	1
257	292	32	1
179	293	32	1
197	293	32	2
207	293	32	2
220	293	32	1
223	293	32	1
230	293	32	1
236	293	32	1
256	293	32	1
221	294	32	2
224	294	32	1
228	294	32	1
231	294	32	1
233	294	32	1
236	294	32	1
244	294	32	1
245	294	32	1
200	295	32	1
217	295	32	1
224	295	32	1
225	295	32	2
227	295	32	1
230	295	32	1
236	295	32	3
244	295	32	1
247	295	32	1
200	296	32	1
220	296	32	1
226	296	32	2
231	296	32	2
235	296	32	2
241	296	32	1
243	296	32	1
244	296	32	1
249	296	32	2
199	297	32	1
219	297	32	1
221	297	32	1
225	297	32	1
246	297	32	1
247	297	32	2
248	297	32	1
255	297	32	1
202	298	32	1
219	298	32	1
220	298	32	2
232	298	32	1
233	298	32	2
238	298	32	1
239	298	32	1
241	298	32	1
251	298	32	1
228	299	32	1
241	299	32	1
242	299	32	1
197	300	32	1
228	300	32	1
236	300	32	1
245	300	32	1
247	300	32	1
248	300	32	1
224	301	32	1
225	301	32	1
227	301	32	1
229	301	32	1
236	301	32	1
237	301	32	2
239	301	32	1
240	301	32	1
243	301	32	1
244	301	32	2
245	301	32	1
248	301	32	1
233	302	32	2
248	302	32	1
223	303	32	1
226	303	32	1
241	303	32	1
242	303	32	1
244	303	32	2
217	304	32	2
220	304	32	1
225	304	32	1
231	304	32	1
235	304	32	1
236	304	32	1
237	304	32	1
239	304	32	1
221	305	32	1
222	305	32	2
234	305	32	1
235	305	32	1
237	305	32	1
238	305	32	1
224	306	32	2
233	306	32	1
237	306	32	1
241	306	32	1
242	306	32	1
206	307	32	1
236	307	32	1
225	308	32	1
235	308	32	1
236	308	32	2
220	309	32	1
226	309	32	1
232	309	32	2
227	310	32	1
229	310	32	1
230	310	32	1
225	311	32	1
232	249	33	2
228	251	33	1
223	252	33	1
226	252	33	1
218	253	33	1
232	253	33	1
241	253	33	1
225	254	33	1
227	254	33	2
236	254	33	1
239	254	33	2
217	255	33	1
218	255	33	1
219	255	33	1
221	255	33	1
224	255	33	1
231	255	33	1
223	256	33	3
228	256	33	1
232	256	33	2
238	256	33	1
241	256	33	1
215	257	33	1
216	257	33	1
224	257	33	2
227	257	33	1
215	258	33	1
217	258	33	2
221	258	33	1
230	258	33	1
242	258	33	2
223	259	33	1
224	259	33	1
225	259	33	1
226	259	33	1
228	259	33	2
229	259	33	1
239	259	33	1
242	259	33	2
244	259	33	1
212	260	33	2
217	260	33	1
220	260	33	1
223	260	33	1
224	260	33	2
229	260	33	1
238	260	33	2
243	260	33	1
193	261	33	1
208	261	33	1
216	261	33	2
219	261	33	1
229	261	33	1
232	261	33	1
239	261	33	1
191	262	33	1
192	262	33	1
209	262	33	1
221	262	33	1
236	262	33	1
242	262	33	1
243	262	33	1
248	262	33	1
185	263	33	1
188	263	33	1
189	263	33	1
198	263	33	1
200	263	33	1
211	263	33	1
223	263	33	1
227	263	33	1
228	263	33	1
231	263	33	1
242	263	33	1
244	263	33	1
245	263	33	1
248	263	33	1
251	263	33	2
199	264	33	1
211	264	33	1
214	264	33	1
215	264	33	2
216	264	33	1
217	264	33	1
218	264	33	1
224	264	33	1
226	264	33	1
228	264	33	2
235	264	33	2
245	264	33	1
247	264	33	1
191	265	33	1
194	265	33	1
195	265	33	1
202	265	33	1
207	265	33	1
214	265	33	1
220	265	33	1
221	265	33	1
223	265	33	1
224	265	33	1
237	265	33	2
243	265	33	2
244	265	33	1
190	266	33	1
196	266	33	1
219	266	33	1
221	266	33	1
222	266	33	1
224	266	33	1
237	266	33	1
239	266	33	1
240	266	33	1
246	266	33	1
183	267	33	1
194	267	33	2
197	267	33	1
209	267	33	1
212	267	33	1
216	267	33	1
220	267	33	1
221	267	33	1
223	267	33	1
235	267	33	1
242	267	33	1
246	267	33	1
250	267	33	1
252	267	33	1
253	267	33	1
189	268	33	1
192	268	33	1
193	268	33	1
196	268	33	1
208	268	33	1
210	268	33	1
211	268	33	1
216	268	33	1
218	268	33	1
252	268	33	1
184	269	33	2
195	269	33	1
196	269	33	1
198	269	33	1
201	269	33	1
208	269	33	2
209	269	33	2
216	269	33	1
217	269	33	1
227	269	33	1
233	269	33	1
235	269	33	1
241	269	33	1
174	270	33	1
179	270	33	1
206	270	33	1
209	270	33	1
210	270	33	3
214	270	33	1
215	270	33	1
234	270	33	1
239	270	33	1
240	270	33	1
243	270	33	1
244	270	33	1
245	270	33	1
177	271	33	2
205	271	33	1
210	271	33	1
214	271	33	1
215	271	33	1
225	271	33	1
237	271	33	1
239	271	33	1
240	271	33	2
245	271	33	1
246	271	33	1
247	271	33	1
172	272	33	2
173	272	33	1
176	272	33	2
177	272	33	1
178	272	33	1
185	272	33	1
186	272	33	2
189	272	33	1
205	272	33	1
216	272	33	1
225	272	33	1
231	272	33	1
234	272	33	1
237	272	33	1
239	272	33	1
244	272	33	1
247	272	33	1
250	272	33	1
171	273	33	1
176	273	33	1
182	273	33	2
184	273	33	1
188	273	33	1
227	273	33	1
230	273	33	1
238	273	33	1
243	273	33	1
169	274	33	3
185	274	33	1
190	274	33	1
202	274	33	1
203	274	33	1
209	274	33	1
211	274	33	1
212	274	33	1
227	274	33	1
239	274	33	2
185	275	33	1
200	275	33	1
206	275	33	1
215	275	33	1
227	275	33	1
235	275	33	1
239	275	33	1
242	275	33	1
250	275	33	2
176	276	33	1
177	276	33	2
186	276	33	1
192	276	33	1
201	276	33	1
207	276	33	1
214	276	33	1
237	276	33	1
240	276	33	1
241	276	33	2
244	276	33	1
176	277	33	1
178	277	33	1
205	277	33	1
208	277	33	1
209	277	33	1
211	277	33	1
224	277	33	1
227	277	33	1
234	277	33	1
238	277	33	2
241	277	33	2
246	277	33	1
176	278	33	1
204	278	33	1
210	278	33	1
211	278	33	2
223	278	33	1
238	278	33	1
175	279	33	1
178	279	33	1
207	279	33	1
210	279	33	1
234	279	33	2
187	280	33	1
208	280	33	2
224	280	33	1
229	280	33	1
241	280	33	1
248	280	33	1
250	280	33	1
173	281	33	1
175	281	33	1
178	281	33	1
179	281	33	1
186	281	33	1
206	281	33	1
209	281	33	1
217	281	33	1
221	281	33	1
224	281	33	1
232	281	33	1
239	281	33	1
243	281	33	1
250	281	33	1
190	282	33	1
207	282	33	2
212	282	33	1
214	282	33	1
218	282	33	1
234	282	33	1
238	282	33	1
242	282	33	1
253	282	33	1
176	283	33	2
181	283	33	1
183	283	33	1
185	283	33	2
204	283	33	1
207	283	33	1
209	283	33	1
221	283	33	1
225	283	33	1
236	283	33	1
237	283	33	2
243	283	33	1
207	284	33	1
208	284	33	1
209	284	33	1
211	284	33	1
225	284	33	1
230	284	33	1
231	284	33	1
242	284	33	1
178	285	33	1
202	285	33	2
204	285	33	1
220	285	33	1
222	285	33	1
225	285	33	1
226	285	33	1
228	285	33	1
230	285	33	1
233	285	33	1
234	285	33	1
241	285	33	2
245	285	33	2
246	285	33	1
247	285	33	1
248	285	33	1
253	285	33	2
203	286	33	1
209	286	33	2
218	286	33	1
220	286	33	1
226	286	33	3
228	286	33	1
235	286	33	1
236	286	33	1
237	286	33	2
243	286	33	2
199	287	33	1
204	287	33	1
208	287	33	1
223	287	33	1
227	287	33	1
228	287	33	1
229	287	33	1
235	287	33	1
242	287	33	1
244	287	33	1
246	287	33	1
253	287	33	1
202	288	33	1
234	288	33	1
239	288	33	1
244	288	33	1
184	289	33	1
186	289	33	1
200	289	33	1
205	289	33	1
224	289	33	3
232	289	33	1
234	289	33	1
244	289	33	2
245	289	33	1
246	289	33	1
249	289	33	2
184	290	33	2
200	290	33	1
223	290	33	1
232	290	33	1
233	290	33	1
235	290	33	1
247	290	33	1
248	290	33	1
185	291	33	1
199	291	33	2
200	291	33	1
225	291	33	1
229	291	33	1
233	291	33	1
242	291	33	2
244	291	33	1
247	291	33	2
257	291	33	1
183	292	33	1
200	292	33	1
202	292	33	1
221	292	33	1
226	292	33	1
229	292	33	1
236	292	33	1
237	292	33	1
239	292	33	1
242	292	33	1
249	292	33	1
177	293	33	1
185	293	33	1
220	293	33	1
226	293	33	1
230	293	33	2
233	293	33	1
235	293	33	1
239	293	33	3
241	293	33	1
244	293	33	2
251	293	33	1
177	294	33	1
195	294	33	1
228	294	33	1
237	294	33	1
243	294	33	1
252	294	33	1
199	295	33	1
220	295	33	1
228	295	33	1
231	295	33	1
237	295	33	1
243	295	33	1
222	296	33	1
228	296	33	1
229	296	33	1
230	296	33	1
233	296	33	1
237	296	33	1
243	296	33	1
198	297	33	1
202	297	33	1
223	297	33	1
231	297	33	1
232	297	33	2
233	297	33	1
235	297	33	1
241	297	33	1
242	297	33	1
245	297	33	1
182	298	33	1
194	298	33	1
198	298	33	1
200	298	33	1
223	298	33	1
226	298	33	1
233	298	33	1
234	298	33	1
238	298	33	2
243	298	33	1
245	298	33	2
248	298	33	1
197	299	33	1
198	299	33	1
222	299	33	1
224	299	33	1
234	299	33	2
240	299	33	1
228	300	33	1
229	300	33	1
230	300	33	1
235	300	33	1
236	300	33	1
244	300	33	2
246	300	33	2
247	300	33	1
196	301	33	1
225	301	33	1
228	301	33	1
229	301	33	1
238	301	33	1
240	301	33	1
241	301	33	1
243	301	33	1
244	301	33	1
249	301	33	1
211	302	33	1
227	302	33	1
231	302	33	1
234	302	33	1
223	303	33	1
232	303	33	1
233	303	33	1
234	303	33	1
240	303	33	1
241	303	33	1
206	304	33	1
220	304	33	1
223	304	33	1
227	304	33	1
232	304	33	1
233	304	33	1
236	304	33	1
243	304	33	1
207	305	33	1
222	305	33	2
225	305	33	1
230	305	33	2
234	305	33	1
235	305	33	1
236	306	33	1
237	306	33	1
227	307	33	1
241	307	33	1
217	308	33	1
220	308	33	2
221	308	33	1
239	308	33	1
232	309	33	1
237	309	33	1
233	310	33	1
234	310	33	1
225	312	33	2
226	312	33	1
228	312	33	1
231	312	33	1
232	312	33	2
228	313	33	1
230	314	33	1
230	318	33	2
228	251	34	2
224	252	34	1
226	252	34	2
225	253	34	1
227	253	34	1
228	253	34	1
229	253	34	1
232	253	34	1
217	254	34	2
235	254	34	1
221	255	34	1
226	255	34	1
227	255	34	1
242	255	34	1
224	256	34	1
226	256	34	1
210	257	34	1
217	257	34	1
227	257	34	1
201	258	34	1
218	258	34	1
221	258	34	1
223	258	34	2
224	258	34	1
232	258	34	1
233	258	34	1
237	258	34	1
244	258	34	1
219	259	34	1
222	259	34	1
223	259	34	1
227	259	34	1
231	259	34	2
235	259	34	2
241	259	34	1
242	259	34	1
244	259	34	1
228	260	34	2
235	260	34	1
188	261	34	1
190	261	34	1
204	261	34	1
221	261	34	1
223	261	34	2
226	261	34	1
242	261	34	1
244	261	34	1
246	261	34	1
189	262	34	1
210	262	34	1
215	262	34	1
219	262	34	1
223	262	34	1
224	262	34	1
229	262	34	1
235	262	34	1
242	262	34	1
244	262	34	1
245	262	34	2
247	262	34	2
211	263	34	1
218	263	34	1
220	263	34	1
222	263	34	1
224	263	34	1
226	263	34	3
227	263	34	1
228	263	34	1
229	263	34	1
232	263	34	2
238	263	34	1
240	263	34	1
189	264	34	1
193	264	34	1
213	264	34	3
214	264	34	1
218	264	34	1
236	264	34	1
237	264	34	1
239	264	34	3
240	264	34	1
243	264	34	2
247	264	34	2
248	264	34	1
187	265	34	2
190	265	34	1
191	265	34	1
204	265	34	2
207	265	34	1
218	265	34	2
219	265	34	1
222	265	34	1
228	265	34	3
243	265	34	1
245	265	34	1
250	265	34	1
175	266	34	1
186	266	34	1
193	266	34	1
194	266	34	1
211	266	34	1
214	266	34	1
227	266	34	1
233	266	34	1
237	266	34	2
238	266	34	1
250	266	34	1
251	266	34	2
252	266	34	1
183	267	34	2
188	267	34	1
193	267	34	1
197	267	34	1
214	267	34	1
221	267	34	1
232	267	34	1
235	267	34	1
173	268	34	1
194	268	34	2
215	268	34	1
217	268	34	1
222	268	34	1
227	268	34	1
244	268	34	1
250	268	34	1
252	268	34	1
187	269	34	1
189	269	34	1
191	269	34	1
192	269	34	2
194	269	34	1
196	269	34	2
198	269	34	1
210	269	34	1
216	269	34	2
217	269	34	1
231	269	34	1
233	269	34	1
235	269	34	1
245	269	34	1
252	269	34	1
254	269	34	1
179	270	34	1
189	270	34	1
192	270	34	1
194	270	34	1
201	270	34	2
206	270	34	1
215	270	34	1
216	270	34	1
223	270	34	1
233	270	34	1
239	270	34	1
244	270	34	1
245	270	34	1
246	270	34	2
252	270	34	1
172	271	34	1
173	271	34	1
179	271	34	1
180	271	34	1
185	271	34	1
186	271	34	1
205	271	34	2
212	271	34	1
214	271	34	1
218	271	34	1
220	271	34	1
226	271	34	1
230	271	34	1
234	271	34	1
239	271	34	1
248	271	34	2
173	272	34	1
176	272	34	1
198	272	34	1
203	272	34	1
207	272	34	2
225	272	34	1
226	272	34	1
228	272	34	1
235	272	34	1
239	272	34	1
245	272	34	1
249	272	34	1
170	273	34	1
173	273	34	1
181	273	34	1
182	273	34	1
184	273	34	1
207	273	34	1
208	273	34	2
218	273	34	1
219	273	34	1
230	273	34	1
233	273	34	1
239	273	34	1
241	273	34	1
243	273	34	3
178	274	34	1
179	274	34	1
182	274	34	1
185	274	34	1
186	274	34	1
187	274	34	2
203	274	34	3
212	274	34	1
215	274	34	1
216	274	34	1
218	274	34	1
234	274	34	1
236	274	34	1
237	274	34	1
246	274	34	1
250	274	34	1
176	275	34	1
179	275	34	1
181	275	34	2
183	275	34	2
184	275	34	1
201	275	34	1
203	275	34	1
206	275	34	1
207	275	34	1
208	275	34	1
209	275	34	1
213	275	34	1
219	275	34	1
226	275	34	1
227	275	34	1
235	275	34	1
237	275	34	2
239	275	34	2
240	275	34	1
245	275	34	1
175	276	34	1
209	276	34	1
219	276	34	1
233	276	34	1
235	276	34	1
236	276	34	2
237	276	34	1
250	276	34	1
175	277	34	2
186	277	34	1
203	277	34	1
206	277	34	1
208	277	34	1
211	277	34	1
212	277	34	1
213	277	34	1
215	277	34	1
229	277	34	1
193	278	34	1
205	278	34	1
206	278	34	1
207	278	34	1
211	278	34	1
226	278	34	1
239	278	34	2
244	278	34	1
176	279	34	1
181	279	34	2
208	279	34	1
210	279	34	1
215	279	34	2
231	279	34	1
236	279	34	2
237	279	34	2
241	279	34	1
245	279	34	1
178	280	34	1
188	280	34	1
193	280	34	1
204	280	34	2
206	280	34	1
209	280	34	1
212	280	34	1
221	280	34	1
236	280	34	1
239	280	34	1
249	280	34	1
180	281	34	2
206	281	34	1
210	281	34	1
231	281	34	2
241	281	34	1
248	281	34	1
181	282	34	1
206	282	34	1
207	282	34	1
215	282	34	1
232	282	34	2
245	282	34	1
247	282	34	1
251	282	34	1
175	283	34	1
187	283	34	2
192	283	34	1
215	283	34	2
218	283	34	1
224	283	34	1
230	283	34	1
233	283	34	1
234	283	34	1
238	283	34	1
240	283	34	1
243	283	34	1
245	283	34	2
250	283	34	1
251	283	34	1
185	284	34	2
208	284	34	1
210	284	34	1
220	284	34	1
222	284	34	1
225	284	34	1
233	284	34	1
236	284	34	1
238	284	34	1
241	284	34	1
242	284	34	1
247	284	34	2
249	284	34	1
181	285	34	1
208	285	34	1
218	285	34	1
224	285	34	1
231	285	34	1
242	285	34	1
245	285	34	1
190	286	34	1
202	286	34	1
207	286	34	1
213	286	34	2
220	286	34	1
237	286	34	1
242	286	34	1
243	286	34	1
199	287	34	2
220	287	34	1
221	287	34	1
224	287	34	2
227	287	34	1
228	287	34	1
229	287	34	1
238	287	34	2
176	288	34	1
200	288	34	1
201	288	34	2
227	288	34	1
228	288	34	1
230	288	34	1
237	288	34	1
240	288	34	1
245	288	34	1
246	288	34	1
248	288	34	1
255	288	34	2
184	289	34	1
199	289	34	1
232	289	34	1
233	289	34	1
238	289	34	1
242	289	34	2
245	289	34	1
246	289	34	1
176	290	34	1
197	290	34	1
199	290	34	1
203	290	34	1
222	290	34	1
223	290	34	1
224	290	34	1
229	290	34	1
235	290	34	1
244	290	34	1
182	291	34	2
200	291	34	1
222	291	34	2
224	291	34	1
232	291	34	1
236	291	34	1
237	291	34	1
242	291	34	2
245	291	34	1
247	291	34	1
187	292	34	2
198	292	34	1
200	292	34	1
202	292	34	1
223	292	34	1
225	292	34	1
234	292	34	1
235	292	34	1
188	293	34	1
194	293	34	1
196	293	34	1
201	293	34	1
204	293	34	1
222	293	34	1
224	293	34	1
227	293	34	1
230	293	34	2
231	293	34	1
232	293	34	1
235	293	34	1
237	293	34	1
182	294	34	1
195	294	34	1
220	294	34	1
224	294	34	1
225	294	34	1
236	294	34	2
237	294	34	1
243	294	34	1
246	294	34	1
179	295	34	1
192	295	34	3
194	295	34	1
202	295	34	2
204	295	34	1
220	295	34	1
222	295	34	1
225	295	34	1
228	295	34	1
231	295	34	1
233	295	34	1
236	295	34	1
238	295	34	1
239	295	34	1
244	295	34	1
184	296	34	1
191	296	34	1
196	296	34	1
199	296	34	1
201	296	34	1
202	296	34	1
221	296	34	1
223	296	34	2
226	296	34	1
228	296	34	1
230	296	34	1
237	296	34	1
241	296	34	1
244	296	34	2
245	296	34	1
195	297	34	1
196	297	34	1
219	297	34	1
221	297	34	1
233	297	34	1
236	297	34	2
237	297	34	2
242	297	34	1
245	297	34	1
196	298	34	3
200	298	34	1
203	298	34	1
220	298	34	1
223	298	34	1
224	298	34	1
234	298	34	1
236	298	34	1
244	298	34	1
251	298	34	1
180	299	34	1
229	299	34	1
232	299	34	1
236	299	34	1
241	299	34	1
242	299	34	2
244	299	34	1
228	300	34	2
230	300	34	1
237	300	34	1
242	300	34	1
243	300	34	1
244	300	34	1
224	301	34	1
236	301	34	1
240	301	34	1
228	302	34	1
230	302	34	1
232	302	34	1
235	302	34	1
236	302	34	1
228	303	34	1
231	303	34	1
233	303	34	1
199	304	34	1
227	304	34	1
231	304	34	1
232	304	34	1
235	304	34	1
241	304	34	1
222	305	34	1
223	305	34	1
227	305	34	1
239	305	34	1
226	306	34	1
233	306	34	1
234	306	34	1
242	306	34	2
201	307	34	1
221	307	34	1
224	307	34	1
225	307	34	1
230	307	34	2
241	307	34	2
225	308	34	1
226	308	34	2
232	308	34	1
236	308	34	1
237	308	34	1
241	308	34	2
242	308	34	1
243	308	34	1
223	309	34	3
242	309	34	1
222	310	34	1
229	310	34	1
231	310	34	1
233	310	34	2
240	310	34	3
228	311	34	1
231	311	34	1
216	312	34	1
222	312	34	3
224	312	34	1
235	312	34	1
212	313	34	1
225	313	34	1
226	313	34	1
228	313	34	1
232	313	34	1
234	313	34	1
226	314	34	1
229	314	34	1
232	314	34	1
233	315	34	1
226	316	34	1
228	316	34	1
233	316	34	1
227	317	34	2
232	317	34	1
211	318	34	2
237	318	34	1
226	252	35	1
229	252	35	2
225	253	35	1
229	253	35	2
232	253	35	1
221	254	35	1
224	254	35	2
230	254	35	1
231	254	35	1
222	255	35	1
224	255	35	1
225	255	35	1
226	255	35	2
231	255	35	1
216	256	35	1
218	256	35	1
222	256	35	1
223	256	35	1
225	256	35	1
226	256	35	1
241	256	35	1
243	256	35	1
210	257	35	1
218	257	35	2
226	257	35	3
241	257	35	1
203	258	35	1
218	258	35	1
225	258	35	1
226	258	35	1
230	258	35	1
240	258	35	1
242	258	35	1
210	259	35	1
220	259	35	1
221	259	35	1
222	259	35	3
225	259	35	1
226.5	259.5	35.5	2
233	259	35	1
234	259	35	1
242	259	35	1
190	260	35	1
212	260	35	1
215	260	35	1
217	260	35	1
218	260	35	2
222	260	35	1
226	260	35	2
231	260	35	1
234	260	35	1
236	260	35	1
244	260	35	1
245	260	35	1
189	261	35	1
211	261	35	1
212	261	35	1
213	261	35	1
216	261	35	1
228	261	35	2
238	261	35	1
240	261	35	2
190	262	35	1
203	262	35	1
206	262	35	1
208	262	35	1
210	262	35	1
211	262	35	1
215	262	35	2
218	262	35	2
219	262	35	2
223	262	35	1
224	262	35	1
231	262	35	1
245	262	35	1
248	262	35	1
188	263	35	1
205	263	35	1
208	263	35	1
209	263	35	1
216	263	35	1
219	263	35	1
225	263	35	1
227	263	35	1
235	263	35	1
241	263	35	1
245	263	35	1
246	263	35	1
250	263	35	1
186	264	35	1
191	264	35	1
209	264	35	2
212	264	35	1
214	264	35	1
220	264	35	1
224	264	35	2
232	264	35	2
238	264	35	1
240	264	35	1
242	264	35	1
178	265	35	1
184	265	35	1
190	265	35	1
194	265	35	3
196	265	35	1
216	265	35	1
217	265	35	2
219	265	35	1
223	265	35	2
226	265	35	1
229	265	35	2
233	265	35	1
238	265	35	1
241	265	35	1
242	265	35	1
184	266	35	1
190	266	35	1
191	266	35	1
197	266	35	1
220	266	35	1
221	266	35	1
226	266	35	1
229	266	35	2
233	266	35	2
240	266	35	1
247	266	35	1
250	266	35	1
251	266	35	1
185	267	35	1
188	267	35	2
195	267	35	2
206	267	35	1
207	267	35	1
210	267	35	1
212	267	35	1
216	267	35	1
217	267	35	1
223	267	35	1
228	267	35	1
231	267	35	1
238	267	35	1
243	267	35	1
246	267	35	1
247	267	35	1
249	267	35	1
250	267	35	1
177	268	35	3
188	268	35	1
189	268	35	1
192	268	35	1
203	268	35	1
206	268	35	1
207	268	35	2
209	268	35	1
213	268	35	1
214	268	35	2
215	268	35	1
217	268	35	1
219	268	35	2
225	268	35	1
229	268	35	1
232	268	35	2
233	268	35	1
234	268	35	1
242	268	35	1
243	268	35	1
248	268	35	1
250	268	35	1
176	269	35	1
180	269	35	1
181	269	35	1
210	269	35	1
213	269	35	1
216	269	35	1
222	269	35	1
232	269	35	2
234	269	35	2
235	269	35	1
238	269	35	1
179	270	35	1
187	270	35	1
188	270	35	1
195	270	35	1
198	270	35	1
202	270	35	1
206	270	35	1
210	270	35	2
212	270	35	1
231	270	35	3
239	270	35	4
240	270	35	1
245	270	35	2
246	270	35	1
249	270	35	1
173	271	35	1
177	271	35	1
187	271	35	1
189	271	35	1
195	271	35	1
199	271	35	2
201	271	35	1
205	271	35	1
218	271	35	1
225	271	35	1
228	271	35	2
234	271	35	2
237	271	35	1
238	271	35	2
240	271	35	1
241	271	35	1
249	271	35	2
250	271	35	1
191	272	35	1
192	272	35	1
201	272	35	1
207	272	35	1
211	272	35	2
213	272	35	1
215	272	35	2
218	272	35	1
219	272	35	1
235	272	35	2
244	272	35	1
246	272	35	2
176	273	35	1
178	273	35	1
179	273	35	2
181	273	35	2
185	273	35	2
204	273	35	1
212	273	35	1
218	273	35	2
231	273	35	1
232	273	35	1
250	273	35	1
171	274	35	2
181	274	35	1
183	274	35	1
186	274	35	1
187	274	35	1
203	274	35	2
207	274	35	1
210	274	35	1
225	274	35	1
236	274	35	1
241	274	35	1
245	274	35	1
203	275	35	1
205	275	35	1
209	275	35	1
212	275	35	1
218	275	35	1
219	275	35	1
220	275	35	1
238	275	35	2
239	275	35	1
242	275	35	1
243	275	35	1
175	276	35	1
177	276	35	1
187	276	35	1
202	276	35	1
211	276	35	1
220	276	35	1
222	276	35	1
232	276	35	1
237	276	35	1
240	276	35	1
173	277	35	2
178	277	35	1
183	277	35	1
188	277	35	1
202	277	35	1
204	277	35	1
206	277	35	1
213	277	35	1
215	277	35	1
219	277	35	1
220	277	35	1
224	277	35	1
232	277	35	2
237	277	35	1
244	277	35	1
248	277	35	1
175	278	35	1
178	278	35	1
190	278	35	1
202	278	35	2
203	278	35	1
214	278	35	1
215	278	35	3
221	278	35	1
222	278	35	1
223	278	35	4
231	278	35	1
233	278	35	2
234	278	35	1
236	278	35	1
195	279	35	1
210	279	35	2
222	279	35	1
227	279	35	1
234	279	35	1
238	279	35	1
172	280	35	1
177	280	35	1
179	280	35	1
190	280	35	1
191	280	35	1
203	280	35	1
205	280	35	1
214	280	35	2
219	280	35	1
221	280	35	1
237	280	35	1
187	281	35	1
203	281	35	1
210	281	35	2
222	281	35	1
223	281	35	1
240	281	35	1
244	281	35	1
245	281	35	1
248	281	35	2
202	282	35	1
207	282	35	2
208	282	35	1
213	282	35	1
216	282	35	1
222	282	35	1
227	282	35	1
204	283	35	1
205	283	35	1
212	283	35	1
223	283	35	1
226	283	35	1
227	283	35	1
232	283	35	1
233	283	35	2
238	283	35	1
241	283	35	2
244	283	35	1
246	283	35	1
247	283	35	1
177	284	35	1
181	284	35	4
187	284	35	1
189	284	35	1
200	284	35	1
203	284	35	1
206	284	35	1
208	284	35	1
216	284	35	1
218	284	35	1
219	284	35	1
221	284	35	1
224	284	35	1
230	284	35	1
232	284	35	1
233	284	35	1
244	284	35	1
248	284	35	1
249	284	35	1
176	285	35	1
187	285	35	1
198	285	35	1
205	285	35	1
208	285	35	1
222	285	35	2
224	285	35	1
229	285	35	2
230	285	35	1
240	285	35	1
245	285	35	2
250	285	35	3
178	286	35	1
188	286	35	1
191	286	35	1
200	286	35	1
208	286	35	1
218	286	35	1
219	286	35	1
220	286	35	1
221	286	35	2
231	286	35	2
236	286	35	1
238	286	35	1
244	286	35	1
174	287	35	2
175	287	35	1
187	287	35	2
188	287	35	1
189	287	35	1
196	287	35	1
198	287	35	1
200	287	35	1
208	287	35	1
220	287	35	1
221	287	35	1
224	287	35	1
225	287	35	1
226	287	35	1
230	287	35	1
239	287	35	1
244	287	35	1
183	288	35	1
186	288	35	2
194	288	35	1
196	288	35	1
220	288	35	1
221	288	35	2
236	288	35	1
238	288	35	1
174	289	35	1
186	289	35	1
228	289	35	1
243	289	35	1
244	289	35	2
245	289	35	2
248	289	35	1
184	290	35	3
200	290	35	1
205	290	35	1
220	290	35	1
222	290	35	1
225	290	35	1
227	290	35	2
231	290	35	1
241	290	35	1
242	290	35	1
245	290	35	1
248	290	35	1
176	291	35	1
179	291	35	1
195	291	35	3
198	291	35	1
199	291	35	1
201	291	35	1
205	291	35	1
206	291	35	1
224	291	35	1
230	291	35	1
232	291	35	1
237	291	35	1
241	291	35	1
182	292	35	2
185	292	35	1
188	292	35	1
193	292	35	1
194	292	35	1
197	292	35	1
199	292	35	1
201	292	35	1
224	292	35	1
228	292	35	1
229	292	35	1
233	292	35	4
235	292	35	1
243	292	35	1
182	293	35	1
185	293	35	1
197	293	35	1
200	293	35	1
201	293	35	1
203	293	35	1
229	293	35	1
230	293	35	1
233	293	35	1
235	293	35	1
238	293	35	1
183	294	35	1
188	294	35	1
190	294	35	1
197	294	35	1
199	294	35	1
201	294	35	1
218	294	35	1
219	294	35	2
221	294	35	1
223	294	35	2
224	294	35	1
231	294	35	1
236	294	35	1
184	295	35	2
202	295	35	1
203	295	35	1
204	295	35	1
218	295	35	1
220	295	35	1
223	295	35	1
225	295	35	2
226	295	35	1
227	295	35	1
240	295	35	1
245	295	35	1
177	296	35	1
180	296	35	1
181	296	35	2
193	296	35	1
197	296	35	2
199	296	35	5
217	296	35	3
228	296	35	1
238	296	35	1
242	296	35	1
245	296	35	2
196	297	35	1
199	297	35	2
200	297	35	2
219	297	35	2
221	297	35	1
225	297	35	1
226	297	35	1
227	297	35	1
228	297	35	1
230	297	35	1
233	297	35	1
238	297	35	1
239	297	35	1
243	297	35	1
245	297	35	2
196	298	35	1
203	298	35	1
221	298	35	1
236	298	35	1
241	298	35	1
244	298	35	1
196	299	35	1
239	299	35	1
241	299	35	1
242	299	35	2
225	300	35	2
227	300	35	1
229	300	35	2
233	300	35	1
235	300	35	1
236	300	35	1
237	300	35	2
227	301	35	1
235	301	35	1
239	301	35	1
241	301	35	1
243	301	35	1
244	301	35	2
222	302	35	1
223	302	35	1
225	302	35	1
227	302	35	1
230	302	35	1
231	302	35	1
233	302	35	1
239	302	35	1
240	302	35	2
199	303	35	1
225	303	35	1
227	303	35	1
233	303	35	1
238	303	35	1
242	303	35	1
244	303	35	1
221	304	35	1
223	304	35	1
225	304	35	1
226	304	35	1
227	304	35	1
240	304	35	2
241	304	35	1
223	305	35	1
225	305	35	2
230	305	35	1
237	305	35	2
241	305	35	1
227	306	35	2
233	306	35	1
236	306	35	1
239	306	35	1
207	307	35	1
223	307	35	1
226	307	35	2
231	307	35	2
237	307	35	1
239	307	35	1
206	308	35	1
239	308	35	2
240	308	35	1
229	309	35	1
242	309	35	1
223	310	35	1
229	310	35	1
230	310	35	1
231	310	35	2
214	311	35	1
215	311	35	1
220	311	35	1
222	311	35	1
223	311	35	1
228	311	35	2
232	311	35	1
234	311	35	1
236	311	35	1
214	312	35	1
217	312	35	1
226	312	35	1
232	312	35	1
234	312	35	1
226	313	35	1
232	313	35	1
234	313	35	1
235	313	35	2
236	313	35	1
237	313	35	1
240	313	35	1
227	314	35	1
228	314	35	1
235	314	35	1
237	314	35	2
226	315	35	2
232	316	35	1
236	316	35	1
234	317	35	1
235	317	35	1
238	318	35	1
240	319	35	1
224	253	36	1
225	253	36	1
223	255	36	1
226	255	36	1
219	256	36	1
225	256	36	1
226	256	36	1
216	257	36	2
224	257	36	1
226	257	36	1
227	257	36	1
218	258	36	3
224	258	36	1
226	258	36	1
227	258	36	1
228	258	36	1
232	258	36	1
224	259	36	1
225	259	36	1
226	259	36	1
227	259	36	1
237	259	36	2
216	260	36	1
223	260	36	1
225	260	36	1
240	260	36	1
211	261	36	1
224	261	36	2
227	261	36	1
228	261	36	2
229	261	36	1
230	261	36	1
237	261	36	1
243	261	36	1
246	261	36	1
210	262	36	1
212	262	36	2
215	262	36	1
217	262	36	2
221	262	36	1
226	262	36	1
229	262	36	1
230	262	36	2
193	263	36	1
214	263	36	1
226	263	36	1
227	263	36	2
234	263	36	1
239	263	36	1
240	263	36	1
242	263	36	3
210	264	36	2
222	264	36	1
231	264	36	2
233	264	36	1
242	264	36	1
249	264	36	1
191	265	36	1
207	265	36	1
216	265	36	1
226	265	36	1
242	265	36	1
243	265	36	1
246	265	36	2
248	265	36	2
186	266	36	1
211	266	36	1
220	266	36	1
228	266	36	1
235	266	36	1
237	266	36	1
241	266	36	2
192	267	36	1
193	267	36	1
196	267	36	2
202	267	36	1
209	267	36	1
210	267	36	1
211	267	36	1
212	267	36	1
214	267	36	1
217	267	36	2
232	267	36	1
240	267	36	2
188	268	36	2
189	268	36	1
206	268	36	2
210	268	36	1
211	268	36	1
215	268	36	1
233	268	36	2
234	268	36	1
243	268	36	1
245	268	36	1
188	269	36	1
191	269	36	1
210	269	36	1
215	269	36	1
225	269	36	2
229	269	36	1
233	269	36	2
234	269	36	1
240	269	36	1
248	269	36	1
249	269	36	1
185	270	36	1
188	270	36	1
189	270	36	1
195	270	36	1
196	270	36	1
198	270	36	2
203	270	36	1
213	270	36	1
217	270	36	1
220	270	36	1
232	270	36	1
235	270	36	2
237	270	36	1
238	270	36	1
239	270	36	1
198	271	36	2
211	271	36	1
214	271	36	1
248	271	36	1
249	271	36	1
177	272	36	1
185	272	36	1
193	272	36	1
197	272	36	1
203	272	36	2
207	272	36	2
217	272	36	2
181	273	36	1
198	273	36	1
208	273	36	1
209	273	36	1
211	273	36	1
241	273	36	1
188	274	36	1
201	274	36	1
212	274	36	2
215	274	36	1
218	274	36	1
236	274	36	1
239	274	36	1
207	275	36	1
209	275	36	1
214	275	36	1
218	275	36	1
177	276	36	1
180	276	36	1
186	276	36	1
207	276	36	1
215	276	36	1
216	276	36	1
222	276	36	1
232	276	36	2
237	276	36	1
204	277	36	3
206	277	36	2
209	277	36	2
211	277	36	2
215	277	36	1
220	277	36	1
232	277	36	1
188	278	36	1
202	278	36	1
204	278	36	1
207	278	36	1
210	278	36	1
211	278	36	2
224	278	36	1
234	278	36	1
239	278	36	2
173	279	36	1
204	279	36	1
209	279	36	1
219	279	36	1
180	280	36	3
205	280	36	2
208	280	36	1
212	280	36	2
232	280	36	1
187	281	36	1
189	281	36	1
207	281	36	1
208	281	36	1
217	281	36	1
224	281	36	1
228	281	36	1
230	281	36	1
243	281	36	2
172	282	36	1
201	282	36	2
208	282	36	1
209	282	36	1
221	282	36	1
222	282	36	1
226	282	36	2
181	283	36	1
187	283	36	1
205	283	36	1
212	283	36	1
215	283	36	2
219	283	36	1
226	283	36	1
227	283	36	1
230	283	36	1
203	284	36	1
208	284	36	1
209	284	36	1
219	284	36	1
225	284	36	1
226	284	36	1
231	284	36	2
232	284	36	1
240	284	36	2
204	285	36	1
207	285	36	1
224	285	36	1
233	285	36	1
235	285	36	1
240	285	36	1
241	285	36	1
244	285	36	1
187	286	36	1
188	286	36	1
193	286	36	1
202	286	36	1
204	286	36	1
208	286	36	1
209	286	36	1
211	286	36	1
213	286	36	1
218	286	36	1
235	286	36	1
236	286	36	1
237	286	36	1
239	286	36	1
177	287	36	1
185	287	36	1
190	287	36	1
191	287	36	1
202	287	36	2
205	287	36	1
207	287	36	1
222	287	36	1
224	287	36	3
228	287	36	1
231	287	36	1
234	287	36	1
241	287	36	1
244	287	36	1
246	287	36	1
192	288	36	1
203	288	36	1
219	288	36	1
220	288	36	1
221	288	36	1
223	288	36	1
230	288	36	1
233	288	36	2
234	288	36	1
238	288	36	1
241	288	36	2
184	289	36	1
187	289	36	2
198	289	36	1
201	289	36	1
217	289	36	1
234	289	36	1
237	289	36	1
242	289	36	2
220	290	36	1
225	290	36	1
226	290	36	1
233	290	36	3
237	290	36	2
239	290	36	1
242	290	36	1
184	291	36	1
194	291	36	1
202	291	36	1
204	291	36	1
221	291	36	1
231	291	36	1
234	291	36	2
238	291	36	1
242	291	36	2
245	291	36	1
174	292	36	1
194	292	36	2
196	292	36	1
220	292	36	1
224	292	36	1
225	292	36	1
232	292	36	2
235	292	36	1
245	292	36	1
182	293	36	1
188	293	36	1
195	293	36	2
196	293	36	1
200	293	36	1
202	293	36	1
206	293	36	1
227	293	36	1
234	293	36	1
236	293	36	2
240	293	36	1
241	293	36	1
190	294	36	1
199	294	36	1
204	294	36	1
225	294	36	1
244	294	36	1
197	295	36	1
201	295	36	1
218	295	36	1
220	295	36	3
223	295	36	1
225	295	36	1
229	295	36	1
233	295	36	1
237	295	36	2
239	295	36	2
194	296	36	1
196	296	36	1
202	296	36	2
205	296	36	1
222	296	36	1
228	296	36	1
234	296	36	1
238	296	36	1
239	296	36	1
244	296	36	1
245	296	36	1
204	297	36	1
228	297	36	1
233	297	36	2
236	297	36	2
238	297	36	1
239	297	36	1
241	297	36	1
199	298	36	2
205	298	36	1
236	298	36	1
240	298	36	1
241	298	36	1
204	299	36	1
240	299	36	1
241	299	36	1
225	300	36	1
230	300	36	1
232	300	36	1
233	300	36	2
241	300	36	1
225	301	36	1
230	301	36	2
233	301	36	1
244	301	36	1
227	302	36	1
229	302	36	1
243	302	36	1
232	303	36	1
234	303	36	1
235	303	36	1
242	303	36	2
245	303	36	1
225	304	36	2
227	304	36	1
235	304	36	1
223	305	36	1
223	306	36	1
224	306	36	1
226	306	36	1
228	306	36	1
244	306	36	1
194	307	36	1
240	307	36	2
241	307	36	1
220	309	36	1
227	309	36	1
230	309	36	1
236	309	36	2
216	310	36	1
219	310	36	1
221	310	36	1
222	310	36	1
226	310	36	1
227	310	36	1
229	310	36	2
240	310	36	1
221	311	36	1
223	311	36	1
225	311	36	2
226	311	36	1
228	311	36	1
231	311	36	1
213	312	36	1
217	312	36	1
225	312	36	1
232	312	36	1
226	313	36	1
229	313	36	1
226	314	36	1
234	314	36	1
228	315	36	1
233	315	36	1
236	315	36	1
238	315	36	1
236	316	36	1
238	316	36	1
240	316	36	1
242	316	36	1
227	317	36	2
232	317	36	1
235	317	36	1
236	317	36	1
238	317	36	1
230	318	36	1
235	318	36	1
240	318	36	1
231	319	36	1
236	319	36	1
238	319	36	1
227	257	37	1
228	257	37	1
227	258	37	1
227	259	37	1
230	260	37	1
242	260	37	1
226	261	37	1
230	261	37	1
217	263	37	1
215	264	37	1
188	266	37	1
215	266	37	1
243	266	37	1
188	267	37	1
214	267	37	3
219	267	37	1
229	267	37	1
233	267	37	2
236	267	37	1
241	267	37	1
188	268	37	1
217	268	37	1
220	268	37	1
241	268	37	1
204	269	37	1
219	269	37	1
236	269	37	2
237	269	37	2
188	270	37	1
194	270	37	1
210	270	37	1
187	271	37	1
192	271	37	1
196	271	37	1
214	271	37	3
220	271	37	1
196	272	37	1
213	272	37	1
215	272	37	1
211	273	37	1
212	273	37	1
213	273	37	2
214	273	37	1
219	273	37	1
210	274	37	1
211	274	37	1
212	274	37	2
231	274	37	2
205	275	37	1
207	275	37	1
208	275	37	1
211	275	37	1
213	275	37	1
214	275	37	1
216	275	37	1
207	276	37	1
211	276	37	1
204	277	37	1
218	277	37	1
195	278	37	1
208	278	37	1
212	278	37	1
191	279	37	1
207	279	37	1
214	279	37	1
216	279	37	1
215	280	37	2
175	281	37	2
192	281	37	1
215	281	37	1
192	282	37	2
213	282	37	2
221	282	37	1
223	282	37	1
189	283	37	1
201	283	37	1
214	283	37	1
203	284	37	2
205	284	37	1
197	285	37	1
198	285	37	1
202	285	37	1
206	285	37	1
210	285	37	1
237	285	37	1
189	286	37	1
199	286	37	2
203	286	37	1
205	286	37	1
206	286	37	1
207	286	37	1
215	286	37	1
226	286	37	1
187	287	37	2
193	287	37	1
202	287	37	1
219	287	37	1
230	287	37	1
231	287	37	1
233	287	37	2
236	287	37	3
239	287	37	2
240	287	37	2
196	288	37	1
201	288	37	1
202	288	37	1
221	288	37	1
224	288	37	1
233	288	37	2
241	288	37	2
195	289	37	2
201	289	37	1
219	289	37	1
230	289	37	1
233	289	37	2
236	289	37	1
186	290	37	1
200	290	37	1
204	290	37	1
231	290	37	1
237	290	37	1
242	290	37	1
203	291	37	1
224	291	37	1
229	291	37	1
233	291	37	1
239	291	37	1
204	292	37	2
226	292	37	1
242	292	37	1
185	293	37	1
197	293	37	1
223	293	37	2
225	293	37	1
240	293	37	1
204	294	37	2
225	294	37	1
230	294	37	1
232	294	37	2
233	294	37	1
237	294	37	1
239	294	37	2
217	295	37	2
225	295	37	1
234	295	37	2
240	295	37	1
241	295	37	1
245	295	37	1
202	296	37	1
215	296	37	1
239	296	37	1
240	296	37	1
241	296	37	1
244	296	37	2
198	297	37	1
218	297	37	1
229	297	37	1
230	297	37	3
234	297	37	1
235	297	37	1
231	298	37	2
240	298	37	2
242	298	37	1
245	298	37	1
233	299	37	1
245	299	37	1
225	300	37	1
226	300	37	1
227	300	37	1
230	300	37	1
231	300	37	1
236	300	37	1
239	300	37	1
240	300	37	1
227	301	37	1
232	301	37	1
244	301	37	1
244	302	37	1
227	304	37	1
228	305	37	1
236	305	37	1
242	305	37	1
223	306	37	1
224	306	37	1
241	307	37	1
224	308	37	1
241	308	37	1
227	309	37	1
229	309	37	1
242	309	37	1
216	310	37	1
225	310	37	2
228	310	37	1
219	311	37	1
221	311	37	1
224	311	37	1
226	311	37	1
234	311	37	1
221	312	37	1
229	312	37	1
230	312	37	1
232	312	37	2
235	312	37	1
242	312	37	1
218	313	37	1
225	313	37	1
229	313	37	1
237	313	37	1
238	313	37	1
219	314	37	1
232	314	37	1
234	314	37	1
242	314	37	1
238	315	37	1
239	315	37	1
238	317	37	1
237	318	37	2
232	319	37	1
237	319	37	2
226	259	38	1
238	261	38	1
224	262	38	1
232	263	38	1
232	264	38	2
237	265	38	3
214	266	38	1
231	266	38	1
237	266	38	2
193	267	38	1
213	268	38	1
209	269	38	1
240	269	38	1
192	270	38	1
211	271	38	1
215	272	38	1
201	273	38	1
209	273	38	1
213	274	38	2
207	275	38	1
208	276	38	1
213	276	38	1
212	277	38	2
213	277	38	2
219	277	38	2
214	278	38	1
217	278	38	1
218	278	38	2
212	279	38	1
193	280	38	1
208	280	38	1
210	280	38	1
215	280	38	2
191	281	38	1
210	281	38	1
213	281	38	1
216	281	38	1
189	282	38	2
193	282	38	1
211	282	38	1
213	282	38	1
189	283	38	1
214	284	38	2
190	285	38	1
192	285	38	1
193	285	38	1
195	285	38	1
202	285	38	1
205	285	38	1
208	285	38	1
188	286	38	1
193	286	38	1
196	286	38	1
188	287	38	1
207	287	38	1
219	287	38	1
222	287	38	1
230	287	38	1
232	287	38	2
188	288	38	1
190	288	38	2
193	288	38	1
205	288	38	1
209	288	38	1
214	288	38	3
220	288	38	1
235	288	38	2
236	288	38	1
201	289	38	1
217	289	38	1
232	289	38	1
206	290	38	2
207	290	38	1
223	290	38	1
238	290	38	1
189	291	38	2
192	291	38	1
203	291	38	1
204	291	38	1
207	291	38	1
211	291	38	1
233	291	38	2
234	291	38	1
192	292	38	2
194	292	38	1
197	292	38	1
199	292	38	1
206	292	38	1
223	292	38	1
230	292	38	1
236	292	38	1
237	292	38	1
199	293	38	1
200	293	38	1
202	293	38	1
206	293	38	1
217	293	38	1
223	293	38	1
224	293	38	1
227	293	38	1
230	293	38	1
234	293	38	1
237	293	38	1
221	294	38	1
239	294	38	1
202	295	38	1
207	295	38	1
216	295	38	1
227	295	38	1
229	295	38	1
231	295	38	1
240	295	38	1
241	295	38	1
244	295	38	1
198	296	38	1
201	296	38	1
205	296	38	1
217	296	38	1
228	296	38	2
237	296	38	1
242	296	38	1
243	296	38	1
195	297	38	1
199	297	38	1
219	297	38	1
225	297	38	1
230	297	38	1
231	297	38	1
233	297	38	1
239	297	38	2
215	298	38	1
216	298	38	1
225	298	38	1
226	298	38	1
231	298	38	1
234	298	38	1
244	298	38	1
214	299	38	1
227	299	38	1
239	299	38	1
243	299	38	1
245	299	38	1
204	300	38	1
227	300	38	1
231	300	38	1
233	300	38	2
234	300	38	1
240	300	38	1
241	300	38	1
228	301	38	1
230	301	38	1
236	301	38	1
238	301	38	2
239	301	38	1
226	302	38	1
231	302	38	1
232	302	38	2
237	302	38	1
245	302	38	1
234	303	38	1
227	304	38	1
231	304	38	1
243	304	38	2
244	304	38	1
229	305	38	1
234	305	38	1
210	306	38	2
242	306	38	1
223	307	38	1
227	307	38	1
234	307	38	3
241	307	38	2
244	307	38	1
246	307	38	2
223	308	38	1
229	308	38	1
235	308	38	1
240	308	38	1
222	309	38	1
223	309	38	1
224	309	38	1
243	309	38	1
217	310	38	3
219	310	38	1
221	310	38	1
222	310	38	1
226	310	38	1
236	310	38	1
219	311	38	1
221	311	38	1
227	311	38	2
230	311	38	1
244	311	38	2
218	312	38	1
220	312	38	1
226	312	38	1
229	312	38	3
231	312	38	1
220	313	38	1
234	313	38	1
236	313	38	1
240	313	38	2
241	313	38	1
242	313	38	1
244	313	38	2
245	313	38	1
200	314	38	1
217	314	38	1
232	314	38	1
211	315	38	1
236	315	38	1
243	315	38	1
244	315	38	1
236	316	38	1
238	316	38	1
239	316	38	1
242	316	38	1
219	317	38	2
242	317	38	1
230	318	38	1
233	318	38	1
236	318	38	2
237	318	38	1
238	319	38	1
239	319	38	1
229	320	38	1
230	320	38	1
231	320	38	1
212	321	38	1
229	321	38	2
231	321	38	2
215	265	39	1
237	265	39	1
191	268	39	1
188	269	39	1
214	273	39	1
213	274	39	1
214	274	39	1
195	278	39	1
208	278	39	1
216	278	39	2
220	278	39	2
221	278	39	1
217	279	39	2
217	281	39	1
215	282	39	1
191	283	39	1
203	284	39	2
206	284	39	1
207	284	39	1
191	285	39	1
195	285	39	3
216	286	39	1
188	287	39	2
190	287	39	1
191	287	39	1
219	287	39	1
222	287	39	2
195	288	39	1
210	288	39	1
218	288	39	1
190	289	39	1
201	289	39	1
207	290	39	1
202	291	39	1
204	291	39	1
206	291	39	1
213	291	39	2
233	291	39	3
225	292	39	1
226	292	39	1
230	292	39	2
232	292	39	1
239	292	39	1
242	292	39	1
207	293	39	1
209	293	39	1
220	293	39	1
221	293	39	1
227	293	39	1
229	293	39	1
241	293	39	1
200	294	39	1
213	294	39	2
230	294	39	1
238	294	39	1
241	294	39	1
212	295	39	1
227	295	39	1
229	295	39	1
213	296	39	1
215	296	39	2
223	296	39	1
234	296	39	2
195	297	39	1
200	297	39	1
204	297	39	1
233	297	39	1
236	297	39	1
240	297	39	2
200	298	39	2
202	298	39	1
229	298	39	1
232	298	39	1
239	298	39	1
214	299	39	1
224	299	39	1
228	299	39	2
229	299	39	2
230	299	39	1
236	299	39	1
239	299	39	1
243	299	39	1
232	300	39	1
227	301	39	1
230	301	39	1
234	301	39	1
229	302	39	1
230	303	39	1
233	303	39	1
235	303	39	1
225	304	39	1
234	304	39	2
237	304	39	2
223	305	39	1
226	305	39	1
228	305	39	1
236	305	39	1
238	305	39	1
241	305	39	1
211	306	39	2
224	306	39	1
225	306	39	1
229	306	39	2
230	306	39	1
236	306	39	1
241	306	39	2
198	307	39	1
214	307	39	1
223	307	39	1
229	307	39	1
194	308	39	1
223	308	39	1
229	308	39	1
233	308	39	1
240	308	39	1
241	308	39	2
242	308	39	1
212	309	39	1
216	309	39	3
218	309	39	1
220	309	39	1
221	309	39	1
224	309	39	1
225	309	39	1
239	309	39	2
217	310	39	1
218	310	39	1
220	310	39	1
226	310	39	1
228	310	39	3
234	310	39	1
220	311	39	1
224	311	39	1
226	311	39	2
227	311	39	1
230	311	39	2
231	311	39	1
232	311	39	2
240	311	39	1
211	312	39	1
213	312	39	1
219	312	39	1
229	312	39	1
241	312	39	1
242	312	39	1
219	313	39	1
224	313	39	2
227	313	39	1
229	313	39	1
235	313	39	1
240	313	39	1
243	313	39	1
216	314	39	1
227	314	39	1
228	314	39	1
235	314	39	2
236	314	39	1
238	314	39	1
239	314	39	1
242	314	39	2
237	315	39	1
238	315	39	1
236	316	39	1
238	316	39	1
241	316	39	1
244	316	39	1
211	317	39	2
225	317	39	1
236	317	39	1
238	317	39	1
230	318	39	2
237	318	39	2
228	319	39	1
240	319	39	1
226	320	39	1
230	320	39	1
241	320	39	1
215	321	39	1
232	321	39	1
234	322	39	1
234	323	39	1
211	324	39	1
212	325	39	1
212	327	39	2
201	278	40	1
190	283	40	1
237	283	40	1
197	284	40	1
206	288	40	1
211	290	40	1
218	290	40	2
206	291	40	1
191	292	40	1
193	292	40	1
206	292	40	2
209	292	40	1
210	292	40	1
204	293	40	1
216	293	40	2
229	293	40	1
234	293	40	1
207	294	40	2
209	294	40	1
221	294	40	2
228	294	40	2
238	294	40	2
227	295	40	1
198	296	40	1
200	296	40	1
203	296	40	2
217	296	40	1
235	296	40	1
205	297	40	1
221	297	40	1
229	297	40	1
212	298	40	1
222	298	40	1
223	298	40	1
226	298	40	2
229	298	40	1
234	298	40	1
235	298	40	1
199	299	40	1
231	299	40	1
212	300	40	2
215	301	40	1
233	302	40	1
243	302	40	1
228	303	40	1
234	303	40	1
229	304	40	1
223	305	40	1
229	305	40	1
231	305	40	2
214	306	40	1
242	306	40	1
202	307	40	1
226	309	40	1
194	310	40	1
221	310	40	1
226	310	40	1
196	311	40	2
228	311	40	1
238	311	40	1
241	311	40	1
216	312	40	2
217	312	40	1
219	312	40	1
220	312	40	1
235	312	40	1
243	312	40	1
213	313	40	1
218	313	40	2
221	313	40	1
234	313	40	1
235	313	40	1
243	313	40	1
215	314	40	1
237	314	40	1
220	315	40	1
240	315	40	1
245	315	40	1
217	316	40	1
220	316	40	2
221	316	40	1
236	316	40	1
237	316	40	1
243	316	40	1
220	318	40	1
231	318	40	1
240	318	40	1
232	319	40	1
238	319	40	1
242	319	40	1
221	320	40	1
225	320	40	2
230	320	40	3
241	320	40	1
240	321	40	1
229	322	40	1
231	322	40	1
228	323	40	1
229	324	40	1
212	325	40	1
213	329	40	1
193	293	41	1
225	293	41	2
209	294	41	1
217	294	41	1
213	297	41	1
227	299	41	2
237	299	41	1
229	302	41	1
222	303	41	3
220	304	41	1
243	304	41	1
226	305	41	3
224	306	41	1
223	307	41	1
225	307	41	1
227	307	41	1
229	307	41	1
211	308	41	1
220	308	41	1
229	308	41	2
243	308	41	1
239	309	41	1
196	310	41	1
220	310	41	1
222	310	41	1
221	312	41	1
234	312	41	1
240	312	41	1
219	313	41	1
223	313	41	1
238	313	41	1
220	314	41	1
228	314	41	1
235	314	41	1
242	314	41	2
218	315	41	1
243	315	41	1
220	316	41	1
240	316	41	1
241	316	41	1
243	316	41	2
249	316	41	1
244	317	41	1
245	317	41	1
217	318	41	2
218	318	41	2
229	318	41	1
241	318	41	1
245	318	41	1
217	319	41	1
242	319	41	1
245	319	41	1
231	320	41	2
240	320	41	1
229	321	41	1
230	322	41	1
231	322	41	1
231	300	42	1
221	301	42	2
213	302	42	1
220	303	42	1
212	305	42	1
230	306	42	1
232	306	42	1
220	308	42	1
227	308	42	1
240	308	42	1
224	309	42	1
225	309	42	1
226	309	42	1
219	310	42	1
221	310	42	1
239	310	42	2
241	310	42	2
221	311	42	1
238	311	42	1
241	312	42	1
242	312	42	1
217	313	42	1
218	313	42	1
223	313	42	1
224	313	42	2
244	313	42	1
221	314	42	2
226	314	42	1
236	314	42	1
204	315	42	1
217	315	42	3
219	315	42	1
220	315	42	1
230	315	42	1
240	315	42	1
218	316	42	1
220	316	42	1
241	316	42	3
243	316	42	2
218	317	42	1
224	317	42	1
227	317	42	1
232	317	42	1
228	318	42	1
229	318	42	1
245	318	42	2
246	318	42	1
224	319	42	1
228	319	42	1
232	319	42	1
241	319	42	1
226	320	42	1
228	320	42	2
229	320	42	1
229	321	42	1
226	322	42	1
220	304	43	1
227	304	43	1
222	307	43	1
220	308	43	1
220	309	43	1
217	310	43	1
234	310	43	1
222	311	43	1
225	311	43	1
236	311	43	1
219	312	43	1
236	313	43	1
238	313	43	1
240	313	43	1
245	315	43	2
238	317	43	1
218	318	43	1
217	319	43	1
242	319	43	1
227	320	43	2
227	321	43	2
220	305	44	2
211	310	44	2
219	311	44	1
231	312	44	1
243	312	44	1
231	317	44	1
238	317	44	1
230	318	44	1
243	318	44	1
229	321	44	1
230	321	44	1
224	322	44	2
220	312	45	1
222	317	45	1
