x	y	z	Interleukin-12 family signaling
216.157603775171	275.673637444315	34.5586340221659	1
244	284	21	1
240	286	21	1
237	278	24	1
241	279	24	1
244	286	24	2
246	287	24	1
244	288	24	1
245	288	24	1
248	289	24	1
244	290	24	1
231	268	25	1
236	268	25	1
235	270	25	2
227	272	25	1
228	272	25	1
227	273	25	1
236	273	25	1
231	274	25	1
234	274	25	1
235	274	25	1
236	275	25	1
238	275	25	1
236	276	25	2
233	277	25	1
236	277	25	1
237	277	25	1
247	277	25	2
236	278	25	1
238	278	25	1
232	279	25	1
236	279	25	1
238	279	25	2
232	280	25	1
236	280	25	1
234	281	25	1
235	281	25	1
237	281	25	1
241	281	25	1
231	282	25	1
232	282	25	1
240	282	25	1
230	283	25	1
231	283	25	1
234	283	25	1
235	283	25	1
238	283	25	1
249	283	25	3
213	284	25	2
234	284	25	1
235	284	25	1
241	284	25	1
242	284	25	2
243	284	25	1
245	284	25	1
215	285	25	1
236	285	25	1
248	285	25	1
250	285	25	1
252	285	25	1
242	286	25	1
245	286	25	1
242	287	25	1
245	287	25	1
239	288	25	1
242	288	25	2
250	288	25	1
237	289	25	2
238	289	25	1
242	289	25	1
248.5	289.5	25.5	1
250	289	25	1
252	289	25	1
234	290	25	1
235	290	25	1
238	290	25	1
243	290	25	1
246	290	25	1
226	291	25	1
234	291	25	1
237	291	25	2
240	291	25	1
243	292	25	1
240	293	25	1
244	293	25	1
240	294	25	1
241	294	25	1
242	294	25	1
246	294	25	1
234	295	25	1
241	295	25	1
245	295	25	1
238	296	25	1
247	296	25	1
239	297	25	1
241	299	25	2
227	300	25	1
176	259	26	1
182	260	26	1
232	263	26	1
215	265	26	1
234	265	26	2
237	266	26	1
234	267	26	1
236	269	26	1
237	269	26	1
235	270	26	1
250	270	26	1
229	271	26	1
236	271	26	2
226	272	26	1
231	273	26	1
236	273	26	1
237	273	26	1
236	274	26	1
238	274	26	1
232	275	26	1
239	275	26	1
215	276	26	1
231	276	26	1
233	276	26	1
237	276	26	1
248	276	26	1
213	277	26	1
232	277	26	1
234	277	26	1
240	277	26	1
231	278	26	1
232	278	26	1
233	278	26	1
235	278	26	1
239	278	26	1
240	278	26	1
243	278	26	3
233	279	26	1
239	279	26	1
246	279	26	1
249	279	26	1
250	279	26	1
233	280	26	1
242	280	26	1
250	280	26	1
217	281	26	1
230	281	26	1
232	281	26	1
234	281	26	1
249	281	26	2
208	282	26	1
234	282	26	1
242	282	26	2
247	282	26	1
250	282	26	1
209	283	26	1
231	283	26	1
233	283	26	1
238	283	26	1
249	283	26	1
251	283	26	1
254	283	26	1
232	284	26	1
242	284	26	2
243	284	26	2
252	284	26	1
211	285	26	1
241	285	26	1
245	285	26	1
250	285	26	1
252	285	26	2
234	286	26	1
235	286	26	2
243	286	26	1
246	286	26	1
251	286	26	1
252	286	26	1
253	286	26	1
254	286	26	2
224	287	26	1
239	287	26	1
253	287	26	1
236	288	26	1
243	288	26	2
245	288	26	1
235	289	26	1
237	289	26	1
240	289	26	1
248	289	26	1
251	289	26	2
228	290	26	1
233	290	26	1
236	290	26	1
238	290	26	1
242	290	26	1
232	291	26	2
235	291	26	1
237	291	26	2
239	291	26	1
240	291	26	1
226	292	26	1
227	292	26	1
244	292	26	1
246	292	26	1
247	292	26	1
234	293	26	1
238	293	26	1
244	293	26	1
253	293	26	1
235	294	26	1
244	294	26	1
221	295	26	1
222	295	26	1
237	295	26	1
248	295	26	1
242	296	26	2
246	297	26	2
235	298	26	1
241	299	26	1
227	300	26	1
227	301	26	1
184	256	27	1
181	257	27	1
186	257	27	1
183	258	27	1
188	259	27	1
184	260	27	2
186	260	27	1
226	260	27	2
177	261	27	1
184	261	27	1
185	261	27	1
186	261	27	1
231	261	27	1
232	261	27	3
235	261	27	1
237	261	27	1
239	261	27	2
211	263	27	1
215	263	27	1
227	263	27	1
229	263	27	1
233	263	27	1
234	263	27	2
236	263	27	1
244	263	27	2
209	264	27	2
225	264	27	3
229	264	27	1
234	264	27	1
181	265	27	1
225	265	27	1
235	265	27	1
179	266	27	1
180	266	27	1
215	266	27	1
216	266	27	1
221	266	27	2
227	266	27	1
228	266	27	1
230	266	27	2
231	266	27	1
235	266	27	1
239	266	27	1
182	267	27	1
231	267	27	1
235	267	27	1
236	267	27	1
239	267	27	1
249	267	27	2
197	268	27	2
207	268	27	3
216	268	27	1
222	268	27	1
223	268	27	1
228	268	27	1
234	268	27	1
240	268	27	1
243	268	27	1
178	269	27	2
179	269	27	1
182	269	27	1
201	269	27	1
205	269	27	1
211	269	27	2
229	269	27	1
231	269	27	2
232	269	27	1
236	269	27	1
238	269	27	1
252	269	27	1
178	270	27	1
179	270	27	1
197	270	27	1
207	270	27	2
217	270	27	1
228	270	27	1
230	270	27	1
231	270	27	1
232	270	27	3
233	270	27	1
234	270	27	1
238	270	27	1
239	270	27	1
244	270	27	2
248	270	27	1
178	271	27	1
210	271	27	1
211	271	27	1
223	271	27	1
228	271	27	1
231	271	27	1
237	271	27	1
239	271	27	2
249	271	27	2
250	271	27	1
179	272	27	1
181	272	27	1
204	272	27	1
213	272	27	1
217	272	27	1
220	272	27	1
228	272	27	2
234	272	27	1
247	272	27	3
250	272	27	1
211	273	27	1
214	273	27	1
215	273	27	1
223	273	27	1
227	273	27	1
234	273	27	1
239	273	27	1
240	273	27	1
247	273	27	1
178	274	27	2
182	274	27	1
208	274	27	1
226	274	27	1
227	274	27	1
229	274	27	1
230	274	27	1
232	274	27	1
233	274	27	1
238	274	27	1
240	274	27	1
241	274	27	4
247	274	27	1
250	274	27	1
205	275	27	1
208	275	27	2
212	275	27	1
216	275	27	2
235	275	27	1
236	275	27	1
237	275	27	1
238	275	27	2
239	275	27	1
242	275	27	1
246	275	27	1
247	275	27	1
249	275	27	1
254	275	27	1
177	276	27	1
204	276	27	2
205	276	27	1
210	276	27	1
227	276	27	1
238	276	27	1
246	276	27	1
250	276	27	1
215	277	27	2
218	277	27	1
219	277	27	1
224	277	27	1
232	277	27	1
235	277	27	1
236	277	27	1
243	277	27	1
244	277	27	1
252	277	27	1
203	278	27	1
206	278	27	1
214	278	27	2
220	278	27	1
227	278	27	1
229	278	27	1
233	278	27	1
240	278	27	1
245	278	27	1
249	278	27	1
219	279	27	1
220	279	27	1
231	279	27	1
235	279	27	1
238	279	27	1
239	279	27	1
244	279	27	1
245	279	27	1
250	279	27	1
204	280	27	1
205	280	27	1
208	280	27	1
210	280	27	1
214	280	27	2
232	280	27	1
236	280	27	1
239	280	27	1
245	280	27	1
250	280	27	1
251	280	27	1
252	280	27	1
214	281	27	3
222	281	27	1
229	281	27	1
231	281	27	3
236	281	27	1
237	281	27	2
238	281	27	1
239	281	27	1
241	281	27	1
254	281	27	1
205	282	27	1
206	282	27	2
209	282	27	1
215	282	27	1
231	282	27	1
235	282	27	1
239	282	27	1
240	282	27	1
252	282	27	1
253	282	27	1
209	283	27	2
215	283	27	1
216	283	27	1
221	283	27	1
227	283	27	1
232	283	27	1
243	283	27	1
245	283	27	1
209	284	27	2
212	284	27	1
213	284	27	1
214	284	27	1
230	284	27	2
232	284	27	2
236	284	27	1
238	284	27	1
249	284	27	1
250	284	27	1
251	284	27	1
254	284	27	1
255	284	27	1
210	285	27	3
211	285	27	1
212	285	27	1
215	285	27	1
224	285	27	1
228	285	27	1
233	285	27	1
236	285	27	1
238	285	27	2
240	285	27	1
246	285	27	1
255	285	27	1
256	285	27	1
209	286	27	1
211	286	27	1
216	286	27	1
218	286	27	1
232	286	27	1
233	286	27	1
240	286	27	1
244	286	27	1
245	286	27	1
247	286	27	1
249	286	27	1
251	286	27	1
252	286	27	1
256	286	27	1
222	287	27	1
232	287	27	1
233	287	27	1
250	287	27	1
211	288	27	1
231	288	27	1
232	288	27	1
237	288	27	1
245	288	27	1
249	288	27	3
251	288	27	4
255	288	27	1
209	289	27	1
222	289	27	2
226	289	27	1
230	289	27	1
231	289	27	2
232	289	27	1
235	289	27	1
237	289	27	1
243	289	27	2
248	289	27	1
252	289	27	2
214	290	27	1
221	290	27	1
224	290	27	2
236	290	27	1
240	290	27	1
246	290	27	1
210	291	27	1
211	291	27	1
213	291	27	1
222	291	27	1
225	291	27	1
228	291	27	1
229	291	27	1
230	291	27	1
235	291	27	1
238	291	27	1
239	291	27	1
240	291	27	1
241	291	27	1
242	291	27	2
257	291	27	1
219	292	27	2
222	292	27	2
230	292	27	1
237	292	27	1
238	292	27	1
249	292	27	3
210	293	27	1
218	293	27	2
220	293	27	1
222	293	27	1
234	293	27	1
238	293	27	1
239	293	27	1
243	293	27	1
248	293	27	1
251	293	27	1
254	293	27	3
211	294	27	1
217	294	27	2
219	294	27	1
220	294	27	1
231	294	27	2
235	294	27	1
245	294	27	2
246	294	27	1
251	294	27	1
252	294	27	1
253	294	27	1
257	294	27	1
211	295	27	1
218	295	27	2
220	295	27	1
221	295	27	1
222	295	27	1
223	295	27	1
241	295	27	2
246	295	27	2
248	295	27	1
211	296	27	1
239	296	27	1
240	296	27	1
245	296	27	2
249	296	27	1
225	297	27	1
246	297	27	2
248	297	27	1
249	297	27	1
253	297	27	1
221	298	27	3
223	298	27	1
235	298	27	1
239	298	27	1
243	298	27	1
245	298	27	1
215	299	27	1
236	299	27	3
237	299	27	1
242	299	27	1
247	299	27	1
248	299	27	3
249	299	27	1
227	300	27	1
231	300	27	1
237	300	27	1
238	300	27	1
239	300	27	2
241	300	27	1
224	301	27	2
227	301	27	2
237	301	27	1
238	301	27	1
239	301	27	1
245	301	27	1
250	301	27	1
226	302	27	2
245	302	27	1
235	304	27	1
243	304	27	2
231	264	28	1
232	264	28	2
234	265	28	1
231	266	28	1
231	268	28	2
238	269	28	2
235	270	28	2
238	270	28	1
236	271	28	1
235	273	28	1
237	276	28	1
236	277	28	1
237	277	28	1
238	277	28	1
236	278	28	2
235	280	28	2
239	280	28	1
208	281	28	1
235	281	28	1
252	281	28	1
237	283	28	1
246	283	28	1
248	284	28	1
238	285	28	1
242	285	28	2
248	285	28	1
232	286	28	1
244	287	28	2
248	289	28	2
249	289	28	1
253	289	28	1
226	290	28	1
242	290	28	2
237	291	28	2
239	292	28	1
240	292	28	1
250	292	28	1
249	293	28	1
250	294	28	1
239	297	28	1
240	298	28	1
236	300	28	1
240	300	28	1
182	257	29	2
190	258	29	1
233	258	29	1
235	258	29	1
229	259	29	1
181	260	29	1
199	261	29	1
231	261	29	2
227	262	29	1
229	262	29	1
248	262	29	1
231	263	29	1
234	263	29	1
178	264	29	1
215	264	29	1
229	264	29	1
231	264	29	1
238	264	29	1
245	264	29	2
248	264	29	1
215	265	29	2
235	265	29	1
239	265	29	1
249	265	29	1
178	266	29	1
195	266	29	1
230	266	29	1
234	266	29	2
237	266	29	1
199	267	29	1
226	267	29	2
230	267	29	1
241	267	29	2
201	268	29	1
217	268	29	2
234	268	29	1
244	268	29	1
180	269	29	1
193	269	29	1
196	269	29	1
232	269	29	1
248	269	29	1
175	270	29	2
200	270	29	1
230	270	29	1
231	270	29	1
232	270	29	1
234	270	29	1
173	271	29	1
204	271	29	1
233	271	29	1
242	271	29	1
224	272	29	1
232	272	29	1
234	272	29	1
235	272	29	1
245	272	29	1
236	273	29	1
238	273	29	1
206	274	29	1
213	274	29	1
235	274	29	1
206	275	29	1
236	275	29	1
237	275	29	1
238	275	29	1
241	275	29	2
204	276	29	1
205	276	29	1
206	276	29	1
234	276	29	1
237	276	29	1
241	276	29	1
236	277	29	1
250	277	29	1
236	278	29	1
245	278	29	1
247	278	29	1
238	279	29	2
249	279	29	2
254	279	29	1
237	280	29	1
241	280	29	1
249	280	29	1
254	280	29	2
208	281	29	1
214	281	29	1
224	281	29	1
245	281	29	3
247	281	29	1
248	281	29	1
251	281	29	1
206	282	29	1
212	282	29	1
233	282	29	2
244	282	29	1
246	282	29	1
250	282	29	1
254	282	29	1
233	283	29	1
237	283	29	1
244	283	29	1
247	283	29	1
237	284	29	1
243	284	29	2
255	284	29	1
256	284	29	1
219	285	29	1
227	285	29	1
246	285	29	1
232	286	29	1
234	286	29	1
236	286	29	1
243	286	29	1
248	286	29	1
225	287	29	2
231	287	29	2
232	287	29	1
233	287	29	1
240	287	29	1
246	287	29	1
247	287	29	1
249	287	29	1
225	288	29	1
233	288	29	2
234	288	29	2
244	288	29	1
245	288	29	1
249	288	29	1
237	289	29	1
250	289	29	3
254	289	29	1
224	290	29	2
237	290	29	1
242	290	29	1
243	290	29	1
245	290	29	1
247	290	29	1
239	291	29	1
241	291	29	1
245	291	29	1
222	292	29	1
237	292	29	2
238	292	29	1
242	292	29	1
243	292	29	1
257	292	29	1
225	293	29	1
242	293	29	1
246	293	29	1
249	293	29	1
252	293	29	1
253	293	29	1
236	294	29	1
238	294	29	2
248	294	29	1
249	294	29	1
221	295	29	3
223	295	29	1
240	295	29	1
222	296	29	1
239	296	29	1
249	296	29	1
238	297	29	1
242	297	29	1
248	297	29	1
226	298	29	1
247	298	29	1
221	299	29	1
222	299	29	1
239	299	29	1
252	299	29	1
226	300	29	1
237	300	29	1
239	300	29	2
221	301	29	2
224	301	29	1
230	301	29	1
238	301	29	1
247	301	29	1
237	304	29	1
236	305	29	1
232	253	30	1
233	254	30	1
238	254	30	1
191	255	30	1
227	255	30	1
229	255	30	3
232	255	30	1
237	255	30	1
230	256	30	1
231	256	30	1
181	257	30	1
190	257	30	1
203	257	30	1
204	257	30	1
175	258	30	1
215	258	30	2
227	258	30	1
231	258	30	1
236	258	30	1
239	258	30	2
195	259	30	1
206	259	30	2
209	259	30	1
214	259	30	1
226	259	30	2
229	259	30	1
237	259	30	1
197	260	30	2
219	260	30	1
225	260	30	1
227	260	30	2
235	260	30	1
237	260	30	1
186	261	30	1
215	261	30	1
216	261	30	1
219	261	30	1
224	261	30	1
225	261	30	3
244	261	30	1
246	261	30	2
218	262	30	2
220	262	30	1
222	262	30	1
225	262	30	1
231	262	30	1
247	262	30	1
251	262	30	2
182	263	30	1
186	263	30	1
210	263	30	1
218	263	30	1
222	263	30	1
230	263	30	1
232	263	30	1
247	263	30	1
248	263	30	1
186	264	30	1
211	264	30	1
222	264	30	1
227	264	30	1
231	264	30	1
236	264	30	1
238	264	30	1
239	264	30	1
241	264	30	1
245	264	30	1
249	264	30	1
183	265	30	1
200	265	30	1
224	265	30	1
228	265	30	1
232	265	30	1
242	265	30	1
246	265	30	1
247	265	30	1
188	266	30	1
193	266	30	1
195	266	30	1
211	266	30	1
213	266	30	4
230	266	30	1
239.5	266.5	30.5	1
240	266	30	1
249	266	30	1
176	267	30	1
194	267	30	1
202	267	30	3
208	267	30	1
219	267	30	3
228	267	30	1
232	267	30	1
236	267	30	1
239	267	30	1
240	267	30	2
246	267	30	1
247	267	30	1
190	268	30	1
206	268	30	1
211	268	30	1
216	268	30	1
217	268	30	1
228	268	30	1
230	268	30	1
231	268	30	1
235	268	30	1
238	268	30	1
244	268	30	1
245	268	30	1
250	268	30	1
182	269	30	1
197	269	30	2
199	269	30	1
213	269	30	2
214	269	30	1
233	269	30	1
235	269	30	1
236	269	30	1
242	269	30	1
247	269	30	1
248	269	30	1
178	270	30	1
181	270	30	1
186	270	30	1
196	270	30	1
214	270	30	1
215	270	30	1
216	270	30	1
217	270	30	1
227	270	30	1
231	270	30	1
238	270	30	1
245	270	30	1
175	271	30	1
181	271	30	1
183	271	30	1
185	271	30	1
194	271	30	1
200	271	30	1
204	271	30	1
208	271	30	1
216	271	30	1
225	271	30	1
234	271	30	1
239	271	30	2
243	271	30	1
244	271	30	1
179	272	30	1
181	272	30	1
206	272	30	1
238	272	30	1
239	272	30	2
240	272	30	1
247	272	30	2
211	273	30	1
214	273	30	1
232	273	30	1
233	273	30	1
234	273	30	2
235	273	30	1
240	273	30	1
181	274	30	1
203	274	30	1
211	274	30	1
233	274	30	2
236	274	30	2
180	275	30	2
182	275	30	1
185	275	30	2
203	275	30	1
211	275	30	1
233	275	30	1
235	275	30	1
244	275	30	1
249	275	30	1
206	276	30	1
235	276	30	2
236	276	30	1
238	276	30	1
241	276	30	1
243	276	30	1
249	276	30	1
201	278	30	2
203	278	30	2
236	278	30	1
237	278	30	2
239	278	30	1
243	278	30	1
247	278	30	1
250	278	30	1
207	279	30	1
235	279	30	1
237	279	30	1
243	279	30	1
244	279	30	1
248	279	30	1
252	279	30	1
206	280	30	1
226	280	30	1
242	280	30	1
244	280	30	2
217	281	30	1
224	281	30	1
234	281	30	1
244	281	30	1
252	281	30	1
254	281	30	1
177	282	30	1
181	282	30	1
215	282	30	2
221	282	30	3
237	282	30	1
244	282	30	2
251	282	30	1
254	282	30	1
202	283	30	1
205	283	30	1
209	283	30	1
232	283	30	1
238	283	30	2
246	283	30	1
250	283	30	2
257	283	30	1
173	284	30	1
180	284	30	1
181	284	30	1
231	284	30	1
238	284	30	1
240	284	30	1
242	284	30	1
244	284	30	1
245	284	30	1
249	284	30	1
251	284	30	1
258	284	30	1
206	285	30	1
220	285	30	1
223	285	30	2
224	285	30	1
236	285	30	1
242	285	30	2
246	285	30	1
248	285	30	1
251	285	30	1
252	285	30	2
255	285	30	1
219	286	30	1
223	286	30	1
225	286	30	1
227	286	30	1
239	286	30	1
240	286	30	1
248	286	30	1
250	286	30	1
251	286	30	1
256	286	30	1
257	286	30	2
222	287	30	1
224	287	30	1
225	287	30	1
228	287	30	3
231	287	30	1
238.5	287.5	30.5	1
243	287	30	1
251	287	30	1
255	287	30	1
228	288	30	1
229	288	30	2
239	288	30	1
244	288	30	1
249	288	30	1
250	288	30	1
252	288	30	1
184	289	30	1
200	289	30	1
201	289	30	1
228	289	30	2
230	289	30	2
231	289	30	1
235	289	30	1
246	289	30	1
248	289	30	1
244	290	30	1
246	290	30	1
253	290	30	1
197	291	30	2
225	291	30	1
229	291	30	1
235	291	30	1
239	291	30	1
249	291	30	1
194	292	30	1
203	292	30	2
220	292	30	2
223	292	30	1
224	292	30	1
226	292	30	1
228	292	30	1
229	292	30	1
235	292	30	1
238	292	30	1
248	292	30	1
251	292	30	1
201	293	30	1
225	293	30	1
227	293	30	1
229	293	30	1
232	293	30	1
236	293	30	1
240	293	30	1
245	293	30	1
210	294	30	1
220	294	30	2
227	294	30	2
229	294	30	2
230	294	30	1
232	294	30	1
233	294	30	1
236	294	30	2
240	294	30	1
243	294	30	1
244	294	30	1
245	294	30	1
246	294	30	1
249	294	30	1
250	294	30	2
251	294	30	1
257	294	30	2
225	295	30	1
228	295	30	3
234	295	30	1
243	295	30	2
247	295	30	1
250	295	30	1
252	295	30	1
253	295	30	2
254	295	30	1
255	295	30	1
228	296	30	1
232	296	30	1
237	296	30	1
242	296	30	1
246	296	30	2
252	296	30	1
220	297	30	1
221	297	30	1
226	297	30	1
232	297	30	1
244	297	30	1
246	297	30	1
248	297	30	1
250	297	30	2
215	298	30	2
220	298	30	1
229	298	30	2
232	298	30	1
235	298	30	1
236	298	30	1
247	298	30	2
248	298	30	2
249	298	30	1
216	299	30	3
221	299	30	2
225	299	30	1
230	299	30	1
241	299	30	1
218	300	30	2
226	300	30	1
227	300	30	1
230	300	30	1
240	300	30	1
244	300	30	1
248	300	30	1
223	301	30	2
239	301	30	1
243	301	30	1
248	301	30	1
226	302	30	1
229	302	30	2
239	302	30	1
247	302	30	1
223	303	30	1
240	303	30	2
241	303	30	1
243	303	30	1
246	303	30	2
220	304	30	1
240	304	30	1
242	304	30	1
236	305	30	1
238	305	30	2
236	306	30	1
224	250	31	1
226	250	31	1
227	250	31	1
216	252	31	1
226	252	31	1
193	253	31	1
227	253	31	1
228	253	31	1
233	253	31	1
226	254	31	1
229	254	31	1
215	255	31	1
229	255	31	3
238	255	31	1
240	255	31	2
215	256	31	1
216	256	31	2
216	257	31	1
237	257	31	1
239	257	31	1
190	258	31	3
215	258	31	1
216	258	31	1
227	258	31	1
239	258	31	1
206	259	31	1
219	259	31	1
229	259	31	1
231	259	31	1
242	259	31	1
212	260	31	1
218	260	31	1
234	260	31	1
237	260	31	1
240	260	31	1
241	260	31	1
244	260	31	1
245	260	31	1
246	260	31	1
181	261	31	1
211	261	31	1
225	261	31	1
228	261	31	1
231	261	31	1
235	261	31	1
244	261	31	3
186	262	31	3
193	262	31	1
194	262	31	1
195	262	31	2
211	262	31	1
217	262	31	2
222	262	31	1
223	262	31	1
227	262	31	1
233	262	31	1
238	262	31	1
242	262	31	1
185	263	31	1
187	263	31	2
189	263	31	1
197	263	31	2
198	263	31	2
221	263	31	1
229	263	31	2
233	263	31	1
238	263	31	1
240	263	31	1
244	263	31	1
185	264	31	1
187	264	31	1
188	264	31	1
189	264	31	1
190	264	31	1
194	264	31	1
195	264	31	1
204	264	31	2
209	264	31	2
220	264	31	1
222	264	31	2
224	264	31	1
249	264	31	1
186	265	31	1
214	265	31	2
215	265	31	1
226	265	31	1
229	265	31	1
231	265	31	1
232	265	31	1
233	265	31	1
238	265	31	1
243	265	31	2
246	265	31	1
186	266	31	1
189	266	31	1
219	266	31	1
229	266	31	2
232	266	31	1
236	266	31	1
241	266	31	1
251	266	31	2
183	267	31	1
192	267	31	1
193	267	31	1
195	267	31	1
228	267	31	1
235	267	31	1
237	267	31	1
246	267	31	2
247	267	31	1
183	268	31	1
188	268	31	1
193	268	31	1
197	268	31	2
210	268	31	1
222	268	31	2
231	268	31	1
241	268	31	1
244	268	31	1
182	269	31	1
183	269	31	2
188	269	31	3
194	269	31	1
201	269	31	1
204	269	31	1
246	269	31	1
178	270	31	1
186	270	31	1
201	270	31	1
207	270	31	1
239	270	31	1
244	270	31	1
247	270	31	2
171	271	31	1
174	271	31	1
177	271	31	1
185	271	31	1
198	271	31	1
199	271	31	1
203	271	31	1
210	271	31	1
215	271	31	2
217	271	31	1
231	271	31	2
237	271	31	1
241	271	31	1
249	271	31	1
182	272	31	3
199	272	31	1
203	272	31	1
208	272	31	1
212	272	31	1
213	272	31	1
214	272	31	1
215	272	31	1
226	272	31	1
232	272	31	1
236	272	31	2
240	272	31	1
248	272	31	1
214	273	31	2
229	273	31	1
232	273	31	1
235	273	31	1
236	273	31	2
237	273	31	1
238	273	31	1
246	273	31	1
250	273	31	2
179	274	31	1
180	274	31	1
182	274	31	1
205	274	31	1
210	274	31	1
229	274	31	1
230	274	31	1
237	274	31	1
248	274	31	1
250	274	31	1
252	274	31	1
184	275	31	2
201	275	31	1
206	275	31	1
211	275	31	1
243	275	31	1
198	276	31	1
226	276	31	2
237	276	31	1
238	276	31	2
239	276	31	1
240	276	31	1
244	276	31	2
246	276	31	2
252	276	31	1
253	276	31	1
204	277	31	1
205	277	31	2
209	277	31	1
233	277	31	2
239	277	31	1
240	277	31	2
245	277	31	2
205	278	31	1
224	278	31	1
244	278	31	1
245	278	31	1
249	278	31	1
178	279	31	1
216	279	31	1
234	279	31	2
235	279	31	1
242	279	31	1
243	279	31	1
245	279	31	2
246	279	31	1
247	279	31	1
249	279	31	2
232	280	31	1
237	280	31	1
241	280	31	1
246	280	31	1
210	281	31	1
223	281	31	1
224	281	31	1
233	281	31	2
234	281	31	1
237	281	31	1
240	281	31	1
244	281	31	2
250	281	31	1
173	282	31	1
175	282	31	1
179	282	31	1
180	282	31	1
223	282	31	1
234	282	31	1
239	282	31	1
240	282	31	1
241	282	31	1
245	282	31	1
250	282	31	1
253	282	31	2
181	283	31	1
208	283	31	1
224	283	31	1
231	283	31	1
233	283	31	1
235	283	31	1
236	283	31	1
242	283	31	2
251	283	31	1
253	283	31	1
206	284	31	2
219	284	31	1
238	284	31	1
239	284	31	1
248	284	31	1
257	284	31	1
177	285	31	1
206	285	31	1
218	285	31	1
233	285	31	1
236	285	31	1
247	285	31	1
250	285	31	1
256	285	31	1
180	286	31	1
227	286	31	1
239	286	31	1
240	286	31	1
187	287	31	1
230	287	31	1
231	287	31	1
237	287	31	1
240	287	31	1
243	287	31	1
250	287	31	2
255	287	31	2
186	288	31	2
221	288	31	1
223	288	31	2
225	288	31	1
226	288	31	1
228	288	31	1
233	288	31	1
236	288	31	2
249	288	31	1
253	288	31	1
221	289	31	1
245	289	31	1
246	289	31	1
252	289	31	1
200	290	31	1
222	290	31	1
226	290	31	1
243	290	31	1
250	290	31	2
197	291	31	1
200	291	31	1
237	291	31	2
238	291	31	1
247	291	31	1
255	291	31	1
198	292	31	1
222	292	31	2
227	292	31	1
230	292	31	2
235	292	31	1
238	292	31	1
242	292	31	1
250	292	31	2
256	292	31	1
198	293	31	1
223	293	31	1
229	293	31	1
231	293	31	2
232	293	31	1
236	293	31	2
243	293	31	1
247	293	31	2
248	293	31	1
253	293	31	2
202	294	31	2
220	294	31	1
222	294	31	1
225	294	31	1
235	294	31	1
240	294	31	1
202	295	31	1
225	295	31	1
233	295	31	1
234	295	31	1
235	295	31	1
257	295	31	1
197	296	31	1
199	296	31	2
200	296	31	3
215	296	31	1
225	296	31	2
228	296	31	1
231	296	31	1
235	296	31	1
236	296	31	1
242	296	31	1
243	296	31	1
245	296	31	1
248	296	31	1
250	296	31	1
252	296	31	1
224	297	31	1
241	297	31	2
242	297	31	1
246	297	31	1
248	297	31	1
252	297	31	1
255	297	31	1
196	298	31	1
205	298	31	1
223	298	31	1
232	298	31	1
235	298	31	1
242	298	31	1
245	298	31	1
247	298	31	1
248	298	31	2
249	298	31	1
221	299	31	1
230	299	31	1
232	299	31	1
237	299	31	2
245	299	31	1
246	299	31	1
247	299	31	3
251	299	31	1
224	300	31	1
225	300	31	1
226	300	31	1
227	300	31	2
228	300	31	1
230	300	31	1
232	300	31	2
241	300	31	2
246	300	31	2
216	301	31	2
224	301	31	1
232	301	31	1
233	301	31	1
241	301	31	1
242	301	31	1
222	302	31	1
223	302	31	1
226	302	31	1
231	302	31	1
235	302	31	1
236	302	31	1
239	302	31	1
242	302	31	1
243	302	31	1
247	302	31	1
232	303	31	1
233	303	31	1
244	303	31	2
247	303	31	1
237	304	31	1
243	304	31	1
235	305	31	1
238	305	31	1
231	306	31	1
224	307	31	1
234	307	31	2
237	307	31	1
227	251	32	2
228	251	32	2
229	251	32	1
226	252	32	2
193	253	32	1
217	253	32	1
223	253	32	1
224	253	32	1
225	253	32	1
229	253	32	1
237	253	32	1
225	254	32	1
227	254	32	1
188	255	32	1
214	255	32	1
215	255	32	1
216	255	32	1
218	255	32	1
224	255	32	1
228	255	32	1
177	256	32	1
229	256	32	1
232	256	32	2
209	257	32	2
228	257	32	2
229	257	32	1
230	257	32	2
238	257	32	1
213	258	32	1
214	258	32	1
216	258	32	1
217	258	32	1
218	258	32	1
228	258	32	1
230	258	32	1
231	258	32	1
232	258	32	1
233	258	32	1
240	258	32	1
246	258	32	1
211	259	32	1
228	259	32	1
234	259	32	1
240	259	32	2
203	260	32	2
210	260	32	1
218	260	32	1
220	260	32	1
228	260	32	2
234	260	32	1
236	260	32	1
239	260	32	1
242	260	32	1
210	261	32	1
211	261	32	1
225	261	32	1
230	261	32	2
237	261	32	1
239	261	32	1
246	261	32	2
186	262	32	2
189	262	32	1
197	262	32	2
216	262	32	1
218	262	32	1
221	262.666666666667	33	1
230	262	32	1
236	262	32	1
244	262	32	1
246	262	32	1
247	262	32	1
250	262	32	1
184	263	32	1
204	263	32	1
213	263	32	1
215	263	32	1
222	263	32	1
225	263	32	1
227	263	32	1
241	263	32	1
249	263	32	1
251	263	32	1
186	264	32	1
188	264	32	1
192	264	32	1
216	264	32	1
217	264	32	1
228	264	32	1
232	264	32	1
239	264	32	2
247	264	32	1
250	264	32	2
176	265	32	1
188	265	32	1
192	265	32	1
194	265	32	1
195	265	32	1
198	265	32	1
206	265	32	1
213	265	32	1
215	265	32	2
217	265	32	1
226	265	32	1
229	265	32	1
233	265	32	1
234	265	32	1
235	265	32	1
238	265	32	1
203	266	32	1
213	266	32	1
218	266	32	1
221	266	32	1
229	266	32	1
230	266	32	2
238	266	32	1
239	266	32	1
240	266	32	2
241	266	32	1
243	266	32	1
251	266	32	1
252	266	32	1
192	267	32	2
193	267	32	1
196	267	32	1
208	267	32	1
216	267	32	1
221	267	32	1
222	267	32	1
225	267	32	1
231	267	32	1
237	267	32	1
238	267	32	1
239	267	32	1
240	267	32	1
243	267	32	1
245.5	267.5	32.5	1
249	267	32	1
189	268	32	2
206	268	32	2
211	268	32	1
220	268	32	1
224	268	32	1
228	268	32	3
233	268	32	2
239	268	32	1
241	268	32	1
246	268	32	1
247	268	32	1
252	268	32	1
253	268	32	1
176	269	32	1
180	269	32	1
187	269	32	1
204	269	32	1
209	269	32	1
213	269	32	1
215	269	32	1
240	269	32	1
241	269	32	2
244	269	32	1
245	269	32	1
246	269	32	1
250	269	32	1
252	269	32	1
173	270	32	1
174	270	32	1
185	270	32	1
195	270	32	1
203	270	32	1
211	270	32	1
224	270	32	2
173	271	32	1
176	271	32	1
183	271	32	1
184	271	32	1
186	271	32	1
188	271	32	1
206	271	32	1
233	271	32	1
234	271	32	2
243	271	32	1
247	271	32	1
249	271	32	3
251	271	32	1
173	272	32	1
183	272	32	1
186	272	32	1
208	272	32	1
212	272	32	1
213	272	32	1
228	272	32	1
237	272	32	1
238	272	32	2
240	272	32	1
241	272	32	1
245	272	32	1
246	272	32	1
252	272	32	1
182	273	32	1
183	273	32	1
185	273	32	1
204	273	32	1
208	273	32	1
213	273	32	1
235	273	32	1
238	273	32	2
242	273	32	1
174	274	32	1
179	274	32	1
181	274	32	1
182	274	32	1
185	274	32	1
202	274	32	2
203	274	32	1
204	274	32	1
205	274	32	1
206	274	32	1
208	274	32	1
213	274	32	1
214	274	32	2
234	274	32	1
236	274	32	1
240	274	32	1
243	274	32	1
246	274	32	2
184	275	32	1
186	275	32	1
202	275	32	1
203	275	32	3
211	275	32	2
213	275	32	2
214	275	32	1
226	275	32	1
235	275	32	1
237	275	32	1
247	275	32	1
252	275	32	1
174	276	32	1
184	276	32	1
205	276	32	1
206	276	32	1
235	276	32	1
239	276	32	1
246	276	32	2
210	277	32	1
216	277	32	1
224	277	32	1
236	277	32	1
237	277	32	1
241	277	32	1
243	277	32	1
184	278	32	2
206	278	32	1
225	278	32	2
248	278	32	2
255	278	32	1
178	279	32	3
181	279	32	1
214	279	32	1
219	279	32	1
236	279	32	1
237	279	32	1
241	279	32	1
242	279	32	1
244	279	32	1
245	279	32	1
255	279	32	2
174	280	32	1
205	280	32	1
217	280	32	1
223	280	32	1
232	280	32	1
173	281	32	1
175	281	32	1
179	281	32	2
181	281	32	2
182	281	32	1
220	281	32	1
234	281	32	1
240	281	32	1
244	281	32	1
248	281	32	1
250	281	32	1
174	282	32	1
175	282	32	1
178	282	32	1
182	282	32	1
187	282	32	1
188	282	32	2
204	282	32	1
229	282	32	1
232	282	32	1
241	282	32	1
245	282	32	2
246	282	32	1
254	282	32	1
175	283	32	2
176	283	32	2
179	283	32	2
221	283	32	1
223	283	32	1
224	283	32	2
236	283	32	1
237	283	32	1
240	283	32	2
241	283	32	1
244	283	32	1
246	283	32	1
251	283	32	1
178	284	32	1
209	284	32	1
219	284	32	1
220	284	32	2
222	284	32	1
236	284	32	1
240	284	32	1
242	284	32	1
245	284	32	3
248	284	32	1
185	285	32	1
234	285	32	1
235	285	32	1
240	285	32	1
241	285	32	2
246	285	32	2
252	285	32	1
178	286	32	2
180	286	32	2
218	286	32	1
219	286	32	1
221	286	32	1
224	286	32	1
237	286	32	1
240	286	32	1
252	286	32	1
208	287	32	1
222	287	32	1
223	287	32	1
224	287	32	1
228	287	32	1
242	287	32	1
243	287	32	3
246	287	32	1
202	288	32	1
203	288	32	1
229	288	32	1
231	288	32	1
234	288	32	1
236	288	32	1
239	288	32	1
242	288	32	2
243	288	32	2
245	288	32	1
253	288	32	1
200	289	32	2
201	289	32	1
230	289	32	2
243	289	32	1
253	289	32	2
185	290	32	1
187	290	32	1
199	290	32	2
229	290	32	1
230	290	32	1
234	290	32	2
239	290	32	1
246	290	32	1
252	290	32	1
253	290	32	1
224	291	32	1
226	291	32	1
231	291	32	1
238	291	32	1
248	291	32	2
254	291	32	1
188	292	32	1
198	292	32	1
201	292	32	1
224	292	32	1
228	292	32	1
233	292	32	2
243	292	32	1
248	292	32	1
250	292	32	1
254	292	32	1
257	292	32	1
218	293	32	1
223	293	32	2
225	293	32	1
241	293	32	1
242	293	32	1
247	293	32	1
248	293	32	1
249	293	32	1
198	294	32	1
199	294	32	1
227	294	32	1
231	294	32	2
233	294	32	1
235	294	32	1
237	294	32	1
251	294	32	1
195	295	32	1
223	295	32	1
227	295	32	1
229	295	32	1
231	295	32	2
236	295	32	1
197	296	32	1
200	296	32	1
223	296	32	2
229	296	32	1
231	296	32	1
233	296	32	1
237	296	32	1
242	296	32	1
244	296	32	1
249	296	32	1
199	297	32	1
225	297	32	1
226	297	32	1
233	297	32	1
236	297	32	1
243	297	32	1
247	297	32	1
250	297	32	1
252	297	32	1
220	298	32	1
223	298	32	1
228	298	32	1
230	298	32	1
233	298	32	1
234	298	32	1
237	298	32	1
241	298	32	1
248	298	32	2
253	298	32	1
227	299	32	1
231	299	32	1
236	299	32	2
240	299	32	1
248	299	32	1
185	300	32	2
225	300	32	1
232	300	32	1
237	300	32	1
239	300	32	2
210	301	32	1
224	301	32	1
229	301	32	1
236	301	32	1
240	301	32	1
241	301	32	1
245	301	32	1
246	301	32	1
222	302	32	1
229	302	32	1
230	302	32	3
234	302	32	1
239	302	32	1
240	302	32	1
245	302	32	2
247	302	32	1
248	302	32	1
249	302	32	1
222	303	32	1
225	303	32	1
226	303	32	1
234	303	32	1
245	303	32	1
217	304	32	1
234	304	32	1
245	304	32	2
234	305	32	2
242	305	32	1
224	306	32	1
230	306	32	2
234	306	32	1
242	306	32	1
237	307	32	1
220	308	32	2
225	308	32	2
227	308	32	1
236	308	32	1
220	309	32	2
224	309	32	1
228	309	32	1
233	310	32	1
234	311	32	1
232	312	32	1
230	313	32	1
228	249	33	1
227	251	33	1
228	251	33	1
230	251	33	1
223	252	33	1
226	252	33	1
229	252	33	1
218	253	33	1
224	253	33	1
228	253	33	1
232	253	33	1
241	253	33	1
193	254	33	1
217	254	33	2
219	254	33	1
227	254	33	1
231	254	33	1
235	254	33	1
239	254	33	1
241	254	33	1
217	255	33	1
218	255	33	1
231	255	33	1
216	256	33	1
228	256	33	1
238	256	33	1
241	256	33	1
220	257	33	1
221	257	33	1
222	257	33	1
224	257	33	1
227	257	33	1
215	258	33	1
219	258	33	1
220	258	33	2
231	258	33	1
234	258	33	1
239	258	33	2
189	259	33	1
201	259	33	2
209	259	33	1
216	259	33	1
227	259	33	1
229	259	33	1
233	259	33	2
215	260	33	1
217	260	33	2
219	260	33	2
220	260	33	2
223	260	33	1
231	260	33	2
233	260	33	1
236	260	33	1
241	260	33	1
208	261	33	2
216	261	33	1
224	261	33	1
228	261	33	1
229	261	33	1
232	261	33	1
234	261	33	1
240	261	33	1
241	261	33	1
191	262	33	2
210	262	33	2
212	262	33	1
215	262	33	1
216	262	33	1
226	262	33	1
227	262	33	1
233	262	33	2
238	262	33	1
240	262	33	1
241	262	33	1
243	262	33	1
193	263	33	2
199	263	33	1
212	263	33	1
213	263	33	1
218	263	33	2
219	263	33	1
220	263	33	1
233	263	33	1
251	263	33	1
186	264	33	2
190	264	33	1
195	264	33	2
210	264	33	1
216	264	33	1
217	264	33	1
237	264	33	1
239	264	33	2
245	264	33	1
247	264	33	1
248	264	33	1
249	264	33	1
250	264	33	1
189	265	33	1
195	265	33	1
212	265	33	1
217	265	33	1
219	265	33	1
225	265	33	1
226	265	33	1
235	265	33	1
239	265	33	1
248	265	33	2
185	266	33	2
186	266	33	3
187	266	33	1
188	266	33	1
191	266	33	1
193	266	33	1
195	266	33	1
204	266	33	1
213	266	33	1
215	266	33	1
216	266	33	1
217	266	33	2
222	266	33	1
224	266	33	1
230	266	33	1
242	266	33	1
246	266	33	1
250	266	33	1
188	267	33	1
191	267	33	1
194	267	33	1
200	267	33	1
210	267	33	1
212	267	33	1
214	267	33	1
215	267	33	1
216	267	33	1
219	267	33	1
241	267	33	1
242	267	33	1
247	267	33	1
250	267	33	2
253	267	33	1
188	268	33	1
208	268	33	1
209	268	33	1
215	268	33	1
216	268	33	2
217	268	33	1
220	268	33	1
225	268	33	2
232	268	33	1
240	268	33	1
241	268	33	1
249	268	33	1
252	268	33	1
184	269	33	1
196	269	33	1
198	269	33	1
201	269	33	2
217	269	33	1
227	269	33	1
232	269	33	1
234	269	33	2
243	269	33	1
245	269	33	1
250	269	33	1
184	270	33	1
185	270	33	1
186	270	33	3
209	270	33	1
212	270	33	1
213	270	33	2
214	270	33	1
241	270	33	1
242	270	33	1
251	270	33	2
252	270	33	1
173	271	33	1
175	271	33	1
180	271	33	1
182	271	33	1
187	271	33	2
204	271	33	1
205	271	33	1
208	271	33	1
214	271	33	1
224	271	33	1
240	271	33	1
245	271	33	1
172	272	33	1
175	272	33	1
178	272	33	1
184	272	33	1
186	272	33	1
203	272	33	1
205	272	33	1
213	272	33	1
217	272	33	1
225	272	33	1
234	272	33	1
238	272	33	1
245	272	33	1
174	273	33	1
176	273	33	1
188	273	33	1
204	273	33	2
210	273	33	1
227	273	33	1
248	273	33	1
249	273	33	1
169	274	33	2
174	274	33	1
208	274	33	1
209	274	33	1
210	274	33	1
217	274	33	1
239	274	33	1
184	275	33	1
206	275	33	1
209	275	33	1
213	275	33	1
216	275	33	1
235	275	33	1
237	275	33	1
239	275	33	2
240	275	33	2
241	275	33	1
251	275	33	1
174	276	33	1
177	276	33	1
189	276	33	1
192	276	33	1
206	276	33	1
207	276	33	1
214	276	33	1
241	276	33	1
243	276	33	1
244	276	33	1
187	277	33	1
205	277	33	1
206	277	33	2
209	277	33	1
215	277	33	2
216	277	33	1
232	277	33	1
234	277	33	1
237	277	33	1
245	277	33	1
247	277	33	1
176	278	33	1
204	278	33	2
235	278	33	2
237	278	33	1
238	278	33	1
240	278	33	1
246	278	33	2
168	279	33	2
175	279	33	1
176	279	33	1
178	279	33	1
201	279	33	1
208	279	33	1
222	279	33	1
231	279	33	1
240	279	33	1
248	279	33	2
249	279	33	1
175	280	33	1
206	280	33	2
208	280	33	1
211	280	33	1
217	280	33	1
224	280	33	1
226	280	33	1
248	280	33	1
249	280	33	1
178	281	33	1
179	281	33	2
180	281	33	1
206	281	33	1
219	281	33	1
221	281	33	1
223	281	33	1
230	281	33	1
234	281	33	1
244	281	33	1
178	282	33	1
210	282	33	1
213	282	33	1
218	282	33	1
222	282	33	2
226	282	33	1
229	282	33	1
231	282	33	1
233	282	33	1
235	282	33	1
237	282	33	2
242	282	33	1
244	282	33	1
245	282	33	1
247	282	33	1
248	282	33	1
252	282	33	1
174	283	33	2
207	283	33	2
215	283	33	2
230	283	33	1
232	283	33	1
246	283	33	1
253	283	33	1
188	284	33	2
206	284	33	1
208	284	33	1
211	284	33	1
222	284	33	1
226	284	33	1
229	284	33	1
233	284	33	1
244	284	33	1
247	284	33	1
248	284	33	1
176	285	33	1
202	285	33	3
204	285	33	1
221	285	33	1
223	285	33	1
224	285	33	1
227	285	33	3
229	285	33	1
232	285	33	3
240	285	33	1
241	285	33	1
247	285	33	1
178	286	33	2
203	286	33	1
206	286	33	1
208	286	33	1
219	286	33	1
225	286	33	1
236	286	33	1
237	286	33	1
239	286	33	1
241.5	286.5	33.5	1
246	286	33	1
252	286	33	2
255	286	33	1
179	287	33	1
219	287	33	2
227	287	33	1
242	287	33	1
245	287	33	1
246	288	33	1
250	288	33	1
255	288	33	1
184	289	33	2
186	289	33	1
200	289	33	1
201	289	33	1
203	289	33	1
222	289	33	2
223	289	33	1
245	289	33	1
184	290	33	1
200	290	33	1
202	290	33	1
207	290	33	1
222	290	33	1
223	290	33	2
232	290	33	3
241	290	33	1
243	290	33	1
247	290	33	2
257	290	33	1
197	291	33	1
232	291	33	1
234	291	33	1
244	291	33	1
197	292	33	1
221	292	33	1
223	292	33	1
238	292	33	1
246	292	33	1
247	292	33	1
256	292	33	1
185	293	33	1
197	293	33	1
223	293	33	1
225	293	33	1
240	293	33	1
244	293	33	1
248	293	33	1
254	293	33	1
180	294	33	1
199	294	33	1
204	294	33	1
213	294	33	2
235	294	33	1
236	294	33	1
239	294	33	1
246	294	33	1
201	295	33	1
220	295	33	1
225	295	33	1
237	295	33	1
246	295	33	1
250	295	33	1
253	295	33	1
179	296	33	1
225	296	33	2
226	296	33	1
229	296	33	1
233	296	33	1
236	296	33	1
237	296	33	1
242	296	33	1
245	296	33	2
246	296	33	1
255	296	33	1
224	297	33	1
225	297	33	1
226	297	33	2
231	297	33	1
233	297	33	1
245	297	33	1
182	298	33	2
194	298	33	1
195	298	33	1
220	298	33	1
235	298	33	1
236	298	33	1
238	298	33	2
241	298	33	2
244	298	33	1
222	299	33	1
229	299	33	1
235	299	33	1
240	299	33	2
245	299	33	1
246	299	33	1
196	300	33	1
236	300	33	1
246	300	33	1
196	301	33	1
226	301	33	1
227	301	33	1
228	301	33	2
234	301	33	1
235	301	33	3
237	301	33	2
239	301	33	1
240	301	33	1
245	301	33	1
223	302	33	2
225	302	33	1
231	302	33	1
236	302	33	1
207	303	33	1
222	303	33	1
223	303	33	2
236	303	33	1
241	303	33	1
242	303	33	1
206	304	33	1
227	304	33	1
231	304	33	2
235	304	33	2
208	305	33	1
222	305	33	2
238	305	33	1
220	306	33	2
224	306	33	2
230	306	33	1
231	306	33	1
232	306	33	1
221	307	33	1
223	307	33	1
225	307	33	2
233	307	33	2
234	307	33	1
235	307	33	1
241	307	33	1
217	308	33	1
222	308	33	1
224	308	33	1
227	308	33	1
229	308	33	1
239	308	33	2
222	309	33	1
224	309	33	1
229	309	33	2
223	310	33	1
225	310	33	1
228	310	33	1
231	310	33	1
234	310	33	1
239	310	33	2
226	311	33	1
227	311	33	1
225	312	33	2
228	312	33	2
231	312	33	1
223	313	33	1
229	313	33	1
230	313	33	1
237	313	33	1
232	314	33	1
230	318	33	1
228	251	34	1
229	251	34	1
228	252	34	1
228	253	34	1
232	253	34	1
225	254	34	2
231	254	34	1
221	255	34	2
227	255	34	1
242	255	34	1
190	256	34	1
216	256	34	1
218	256	34	1
219	256	34	2
227	256	34	1
241	256	34	1
210	257	34	1
221	257	34	1
223	257	34	1
227	257	34	1
237	257	34	2
242	257	34	1
243	257	34	1
217	258	34	1
218	258	34	1
227	258	34	1
232	258	34	1
234	258	34	1
241	258	34	2
219	259	34	1
220	259	34	1
223	259	34	1
226	259	34	1
230	259	34	1
237	259	34	1
238	259	34	1
244	259	34	1
211	260	34	1
215	260	34	2
216	260	34	1
217	260	34	1
218	260	34	1
226	260	34	1
228	260	34	2
235	260	34	1
236	260	34	1
245	260	34	1
204	261	34	1
211	261	34	1
216	261	34	1
217	261	34	1
221	261	34	1
227	261	34	1
232	261	34	1
246	261	34	2
192	262	34	1
193	262	34	1
194	262	34	1
210	262	34	2
224	262	34	2
228	262	34	1
229	262	34	1
230	262	34	3
236	262	34	1
185	263	34	1
192	263	34	1
217	263	34	1
218	263	34	1
220	263	34	1
223	263	34	1
231	263	34	1
235	263	34	1
240	263	34	1
241	263	34	1
251	263	34	3
186	264	34	1
188	264	34	1
192	264	34	2
193	264	34	1
200	264	34	1
213	264	34	1
215	264	34	2
218	264	34	1
223	264	34	2
233	264	34	1
247	264	34	1
248	264	34	1
188	265	34	1
190	265	34	1
191	265	34	1
193	265	34	1
194	265	34	2
196	265	34	1
205	265	34	2
207	265	34	1
211	265	34	1
213	265	34	1
220	265	34	1
222	265	34	2
232	265	34	1
233	265	34	1
234	265	34	1
245	265	34	1
249	265	34	1
250	265	34	2
184	266	34	1
193	266	34	1
194	266	34	1
196	266	34	2
217	266	34	1
220	266	34	1
221	266	34	1
225	266	34	1
240	266	34	3
241	266	34	1
246	266	34	1
249	266	34	2
250	266	34	1
186	267	34	1
192	267	34	1
193	267	34	1
194	267	34	1
195	267	34	1
196	267	34	1
197	267	34	1
206	267	34	1
210	267	34	2
211	267	34	1
216	267	34	2
221	267	34	1
232	267	34	2
243	267	34	1
246	267	34	1
247	267	34	1
248	267	34	2
173	268	34	1
188	268	34	1
207	268	34	1
215	268	34	2
218	268	34	1
222	268	34	1
233	268	34	1
242	268	34	1
245	268	34	1
247	268	34	2
249	268	34	1
250	268	34	1
171	269	34	1
176	269	34	2
182	269	34	1
184	269	34	1
194	269	34	1
198	269	34	1
208	269	34	1
210	269	34	1
212	269	34	1
217	269	34	1
218	269	34	3
220	269	34	1
222	269	34	3
233	269	34	1
234	269	34	1
235	269	34	1
251	269	34	1
252	269	34	1
253	269	34	1
254	269	34	1
186	270	34	1
195	270	34	1
197	270	34	2
199	270	34	1
206	270	34	1
244	270	34	1
245	270	34	1
246	270	34	1
186	271	34	1
205	271	34	1
215	271	34	1
220	271	34	1
221	271	34	1
230	271	34	1
234	271	34	1
239	271	34	1
240	271	34	1
243	271	34	3
245	271	34	2
247	271	34	2
249	271	34	1
250	271	34	1
173	272	34	1
176	272	34	1
185	272	34	1
190	272	34	1
198	272	34	1
203	272	34	1
205	272	34	1
206	272	34	1
207	272	34	1
213	272	34	2
226	272	34	1
230	272	34	1
232	272	34	1
235	272	34	1
241	272	34	2
247	272	34	1
182	273	34	1
186	273	34	1
188	273	34	1
209	273	34	1
212	273	34	1
215	273	34	1
230	273	34	1
233	273	34	1
236	273	34	1
241	273	34	1
248	273	34	1
178	274	34	1
182	274	34	3
187	274	34	1
197	274	34	1
212	274	34	1
215	274	34	1
216	274	34	1
226	274	34	1
231	274	34	1
232	274	34	1
234	274	34	1
236	274	34	1
240	274	34	1
246	274	34	2
176	275	34	1
184	275	34	1
206	275	34	1
208	275	34	1
214	275	34	1
215	275	34	1
219	275	34	1
233	275	34	1
177	276	34	2
180	276	34	1
187	276	34	2
211	276	34	1
212	276	34	1
214	276	34	2
229	276	34	1
232	276	34	1
237	276	34	1
240	276	34	1
244	276	34	1
245	276	34	1
250	276	34	1
182	277	34	1
202	277	34	2
203	277	34	1
204	277	34	1
205	277	34	1
209	277	34	1
244	277	34	1
245	277	34	1
190	278	34	2
202	278	34	1
207	278	34	2
239	278	34	2
244	278	34	1
180	279	34	1
204	279	34	1
207	279	34	1
219	279	34	1
227	279	34	1
231	279	34	1
242	279	34	1
247	279	34	1
174	280	34	1
176	280	34	1
181	280	34	1
221	280	34	1
236	280	34	1
240	280	34	2
173	281	34	1
176	281	34	1
180	281	34	1
204	281	34	3
210	281	34	1
222	281	34	1
231	281	34	1
232	281	34	2
237	281	34	1
250	281	34	1
189	282	34	1
207	282	34	1
208	282	34	2
209	282	34	1
210	282	34	1
211	282	34	1
218	282	34	1
220	282	34	1
222	282	34	1
223	282	34	1
226	282	34	1
230	282	34	1
234	282	34	1
235	282	34	1
248	282	34	1
251	282	34	1
179	283	34	1
187	283	34	1
204	283	34	1
206	283	34	1
207	283	34	1
208	283	34	2
209	283	34	1
231	283	34	1
243	283	34	1
250	283	34	1
176	284	34	1
178	284	34	1
184	284	34	1
203	284	34	1
207	284	34	1
208	284	34	1
214	284	34	1
215	284	34	1
224	284	34	1
233	284	34	1
235	284	34	2
245	284	34	1
246	284	34	2
247	284	34	2
202	285	34	1
205	285	34	2
211	285	34	1
219	285	34	1
220	285	34	1
224	285	34	1
233	285	34	2
240	285	34	1
242	285	34	2
248	285	34	1
187	286	34	1
202	286	34	1
207	286	34	1
222	286	34	1
231	286	34	1
234	286	34	1
237	286	34	1
242	286	34	1
248	286	34	1
254	286	34	1
255	286	34	1
187	287	34	1
190	287	34	2
219	287	34	2
220	287	34	1
222	287	34	1
227	287	34	3
228	287	34	2
230	287	34	1
231	287	34	1
233	287	34	2
238	287	34	1
239	287	34	1
252	287	34	1
220	288	34	1
226	288	34	1
231	288	34	2
235	288	34	1
239	288	34	1
240	288	34	1
245	288	34	2
249	288	34	1
255	288	34	1
184	289	34	1
186	289	34	1
200	289	34	2
228	289	34	1
232	289	34	1
233	289	34	1
235	289	34	2
238	289	34	1
241	289	34	1
246	289	34	1
257	289	34	1
185	290	34	2
199	290	34	1
203	290	34	1
223	290	34	1
224	290	34	1
233	290	34	1
243	290	34	1
244	290	34	1
247	290	34	1
248	290	34	1
185	291	34	3
200	291	34	1
202	291	34	2
222	291	34	2
223	291	34	1
224	291	34	2
229	291	34	1
249	291	34	1
255	291	34	1
199	292	34	1
201	292	34	2
202	292	34	1
203	292	34	1
204	292	34	1
223	292	34	1
225	292	34	1
231	292	34	1
233	292	34	1
234	292	34	1
252	292	34	1
188	293	34	1
205	293	34	1
224	293	34	1
237	293	34	1
238	293	34	3
243	293	34	1
198	294	34	1
217	294	34	1
220	294	34	1
236	294	34	1
242	294	34	1
246	294	34	1
184	295	34	1
196	295	34	1
202	295	34	3
218	295	34	1
228	295	34	1
229	295	34	1
238	295	34	1
240	295	34	1
183	296	34	1
184	296	34	1
191	296	34	1
196	296	34	1
198	296	34	1
199	296	34	1
205	296	34	3
221	296	34	1
223	296	34	1
225	296	34	1
243	296	34	1
244	296	34	1
194	297	34	2
195	297	34	1
200	297	34	1
202	297	34	1
223	297	34	1
227	297	34	1
235	297	34	1
236	297	34	1
237	297	34	1
244	297	34	1
245	297	34	1
247	297	34	2
234	298	34	2
246	298	34	1
248	298	34	1
200	299	34	1
207	299	34	1
226	299	34	2
229	299	34	1
243	299	34	1
244	299	34	1
225	300	34	1
242	300	34	1
197	301	34	1
224	301	34	1
227	301	34	1
242	301	34	1
243	301	34	1
244	301	34	1
223	302	34	2
226	302	34	1
228	302	34	1
235	302	34	1
236	302	34	1
225	303	34	1
226	303	34	2
235	303	34	1
237	303	34	1
241	303	34	1
245	303	34	1
194	304	34	1
227	304	34	1
231	304	34	1
236	304	34	1
240	304	34	1
230	305	34	1
235	305	34	1
222	306	34	1
223	306	34	2
227	306	34	1
234	306	34	1
235	306	34	1
242	306	34	1
201	307	34	1
206	307	34	1
221	307	34	1
225	307	34	1
226	307	34	1
232	307	34	3
236	307	34	1
222	308	34	1
224	308	34	1
225	308	34	1
233	308	34	1
243	308	34	1
221	309	34	1
222	309	34	1
224	309	34	1
228	309	34	1
233	309	34	1
234	309	34	1
237	309	34	1
228	310	34	1
232	310	34	2
236	310	34	1
222	311	34	2
224	311	34	1
230	311	34	1
233	311	34	1
222	312	34	2
225	312	34	1
226	312	34	1
228	312	34	1
225	313	34	1
233	313	34	1
236	313	34	3
226	314	34	2
230	314	34	1
232	314	34	1
230	315	34	2
231	315	34	1
232	316	34	1
234	316	34	1
231	317	34	1
237	318	34	1
226	250	35	1
224	251	35	2
226	251	35	1
229	252	35	1
219	253	35	1
232	253	35	1
224	254	35	1
226	254	35	1
209	255	35	1
218	255	35	1
221	255	35	1
227	255	35	2
216	256	35	1
222	256	35	2
225	256	35	1
228	256	35	1
229	256	35	1
191	257	35	1
215	257	35	1
216	257	35	1
225	257	35	2
227	257	35	1
240	257	35	2
218	258	35	1
224	258	35	1
226	258	35	1
237	258	35	1
244	258	35	2
223	259	35	1
225	259	35	2
226.5	259.5	35.5	1
233	259	35	1
239	259	35	1
240	259	35	2
242	259	35	2
190	260	35	2
221	260	35	1
225	260	35	1
226	260	35	1
229	260	35	1
234	260	35	2
235	260	35	1
237	260	35	1
239	260	35	1
242	260	35	1
244	260	35	1
189	261	35	1
194	261	35	1
208	261	35	1
212	261	35	1
213	261	35	1
215	261	35	1
217	261	35	1
220	261	35	1
223	261	35	1
236	261	35	1
237	261	35	1
241	261	35	1
245	261	35	1
189	262	35	1
210	262	35	2
213	262	35	1
215	262	35	1
223	262	35	1
233	262	35	2
236	262	35	2
238	262	35	2
248	262	35	1
188	263	35	1
190	263	35	1
209	263	35	1
213	263	35	1
220	263	35	2
224	263	35	1
238	263	35	1
243	263	35	1
244	263	35	1
247	263	35	1
186	264	35	2
192	264	35	1
216	264	35	1
217	264	35	1
221	264	35	1
222	264	35	1
231	264	35	1
232	264	35	1
233	264	35	1
236	264	35	1
237	264	35	2
239	264	35	1
245	264	35	1
248	264	35	2
193	265	35	1
204	265	35	1
207	265	35	1
208	265	35	1
209	265	35	1
221	265	35	1
226	265	35	1
228	265	35	1
232	265	35	1
234	265	35	1
242	265	35	1
243	265	35	2
249	265	35	1
183	266	35	1
184	266	35	1
195	266	35	2
196	266	35	1
197	266	35	1
205	266	35	1
211	266	35	1
214	266	35	1
219	266	35	1
221	266	35	1
224	266	35	1
233	266	35	1
239	266	35	1
241	266	35	1
245	266	35	1
246	266	35	1
185	267	35	2
187	267	35	1
192	267	35	1
195	267	35	1
196	267	35	1
205	267	35	1
212	267	35	1
216	267	35	1
223	267	35	1
229	267	35	1
232	267	35	1
235	267	35	1
245	267	35	1
249	267	35	1
250	267	35	1
183	268	35	1
194	268	35	1
202	268	35	1
205	268	35	1
216	268	35	1
217	268	35	1
223	268	35	1
225	268	35	1
233	268	35	2
234	268	35	2
239	268	35	1
249	268	35	1
250	268	35	1
176	269	35	1
178	269	35	1
188	269	35	1
191	269	35	1
217	269	35	2
222	269	35	1
238	269	35	1
239	269	35	1
240	269	35	2
245	269	35	1
247	269	35	1
185	270	35	1
187	270	35	1
193	270	35	1
194	270	35	1
198	270	35	1
199	270	35	1
213	270	35	1
216	270	35	1
218	270	35	1
223	270	35	1
227	270	35	1
235	270	35	2
236	270	35	2
239	270	35	1
241	270	35	1
243	270	35	1
244	270	35	1
247	270	35	1
248	270	35	1
171	271	35	1
173	271	35	1
180	271	35	1
181	271	35	3
183	271	35	1
189	271	35	1
194	271	35	1
199	271	35	1
209	271	35	1
210	271	35	1
220	271	35	1
231	271	35	1
233	271	35	1
235	271	35	1
237	271	35	1
240	271	35	1
241	271	35	1
250	271	35	1
173	272	35	1
176	272	35	1
179	272	35	1
182	272	35	1
191	272	35	1
192	272	35	1
201	272	35	1
202	272	35	1
205	272	35	1
208	272	35	1
214	272	35	1
234	272	35	2
239	272	35	1
244	272	35	1
246	272	35	1
178	273	35	1
204	273	35	1
216	273	35	1
217	273	35	1
228	273	35	1
230	273	35	2
232	273	35	1
239	273	35	2
248	273	35	1
250	273	35	1
181	274	35	1
184	274	35	1
186	274	35	1
201	274	35	1
202	274	35	2
204	274	35	1
207	274	35	1
212	274	35	1
213	274	35	2
217	274	35	1
223	274	35	1
232	274	35	2
233	274	35	5
235	274	35	2
236	274	35	1
242	274	35	1
243	274	35	1
245	274	35	1
178	275	35	1
189	275	35	1
203	275	35	1
210	275	35	1
214	275	35	1
220	275	35	2
225	275	35	1
237	275	35	1
238	275	35	1
245	275	35	2
175	276	35	1
186	276	35	2
187	276	35	1
188	276	35	1
204	276	35	1
206	276	35	1
209	276	35	1
212	276	35	1
217	276	35	1
219	276	35	1
221	276	35	2
237	276	35	1
242	276	35	2
176	277	35	1
182	277	35	1
185	277	35	1
187	277	35	1
204	277	35	1
236	277	35	1
248	277	35	1
171	278	35	1
175	278	35	2
179	278	35	1
187	278	35	2
188	278	35	1
190	278	35	1
195	278	35	1
202	278	35	1
210	278	35	1
221	278	35	1
223	278	35	1
224	278	35	1
230	278	35	1
234	278	35	1
235	278	35	2
244	278	35	1
194	279	35	2
205	279	35	1
206	279	35	1
209	279	35	3
210	279	35	1
212	279	35	1
232	279	35	1
233	279	35	1
241	279	35	1
172	280	35	1
175	280	35	1
177	280	35	1
203	280	35	1
205	280	35	1
206	280	35	1
208	280	35	1
217	280	35	1
223	280	35	1
224	280	35	1
226	280	35	1
234	280	35	1
237	280	35	1
238	280	35	1
248	280	35	1
174	281	35	2
203	281	35	1
211	281	35	1
213	281	35	2
216	281	35	1
217	281	35	1
222	281	35	1
226	281	35	1
230	281	35	1
240	281	35	1
245	281	35	1
173	282	35	1
187	282	35	2
189	282	35	1
190	282	35	1
208	282	35	1
210	282	35	1
214	282	35	1
218	282	35	1
220	282	35	2
222	282	35	1
224	282	35	1
226	282	35	1
227	282	35	1
233	282	35	1
242	282	35	1
244	282	35	2
245	282	35	1
187	283	35	2
191	283	35	1
203	283	35	1
205	283	35	1
207	283	35	1
209	283	35	3
216	283	35	1
223	283	35	1
232	283	35	1
238	283	35	1
243	283	35	1
184	284	35	1
185	284	35	1
187	284	35	1
200	284	35	2
205	284	35	1
218	284	35	1
219	284	35	1
221	284	35	1
224	284	35	2
235	284	35	2
236	284	35	2
241	284	35	1
244	284	35	1
248	284	35	1
249	284	35	1
176	285	35	1
177	285	35	1
178	285	35	1
180	285	35	1
182	285	35	1
187	285	35	1
188	285	35	1
189	285	35	1
200	285	35	1
201	285	35	1
207	285	35	1
208	285	35	1
217	285	35	1
218	285	35	1
220	285	35	1
224	285	35	1
230	285	35	1
236	285	35	1
241	285	35	1
250	285	35	2
175	286	35	2
178	286	35	1
181	286	35	3
200	286	35	1
209	286	35	1
213	286	35	1
215	286	35	1
218	286	35	1
227	286	35	1
233	286	35	2
236	286	35	2
247	286	35	1
248	286	35	2
249	286	35	1
174	287	35	1
185	287	35	1
188	287	35	1
196	287	35	2
198	287	35	1
200	287	35	1
202	287	35	2
206	287	35	2
208	287	35	1
224	287	35	1
228	287	35	1
229	287	35	1
237	287	35	1
239	287	35	1
242	287	35	1
183	288	35	1
185	288	35	1
187	288	35	1
199	288	35	1
204	288	35	1
218	288	35	1
223	288	35	1
236	288	35	1
237	288	35	1
238	288	35	1
239	288	35	2
242	288	35	2
247	288	35	1
175	289	35	1
176	289	35	1
177	289	35	1
184	289	35	1
187	289	35	2
193	289	35	1
199	289	35	1
205	289	35	1
220	289	35	1
224	289	35	2
239	289	35	2
241	289	35	1
247	289	35	1
187	290	35	2
200	290	35	1
201	290	35	1
223	290	35	1
231	290	35	1
234	290	35	1
235	290	35	1
247	290	35	2
248	290	35	1
195	291	35	1
216	291	35	1
225	291	35	1
226	291	35	1
247	291	35	1
182	292	35	1
185	292	35	1
198	292	35	1
201	292	35	1
205	292	35	1
220	292	35	1
221	292	35	2
225	292	35	1
226	292	35	1
228	292	35	1
230	292	35	1
232	292	35	2
245	292	35	1
200	293	35	2
203	293	35	1
204	293	35	1
218	293	35	1
227	293	35	1
230	293	35	2
233	293	35	1
242	293	35	1
183	294	35	1
187	294	35	1
198	294	35	1
218	294	35	1
224	294	35	1
228	294	35	1
231	294	35	1
236	294	35	1
245	294	35	1
184	295	35	1
194	295	35	1
197	295	35	1
220	295	35	1
223	295	35	1
224	295	35	1
225	295	35	1
227	295	35	1
231	295	35	1
236	295	35	1
240	295	35	1
241	295	35	1
242	295	35	2
180	296	35	2
195	296	35	1
197	296	35	1
198	296	35	1
200	296	35	1
202	296	35	1
222	296	35	1
229	296	35	2
236	296	35	1
243	296	35	1
194	297	35	3
196	297	35	1
200	297	35	2
202	297	35	1
221	297	35	1
222	297	35	2
225	297	35	1
227	297	35	1
232	297	35	1
233	297	35	2
240	297	35	1
243	297	35	1
219	298	35	2
222	298	35	1
223	298	35	1
195	299	35	1
202	299	35	1
241	299	35	2
242	299	35	1
208	300	35	1
225	300	35	1
239	300	35	1
241	300	35	1
242	300	35	1
194	301	35	1
196	301	35	1
224	301	35	1
229	301	35	1
238	301	35	2
239	301	35	1
245	301	35	1
222	302	35	1
223	302	35	1
226	302	35	1
227	302	35	2
230	302	35	1
240	302	35	1
242	302	35	1
226	303	35	1
191	304	35	2
235	304	35	1
239	304	35	1
240	304	35	1
241	304	35	3
195	305	35	1
227	305	35	2
233	305	35	2
236	305	35	1
237	305	35	1
238	305	35	2
220	306	35	1
222	306	35	2
223	306	35	1
231	306	35	1
236	306	35	1
221	307	35	1
223	307	35	1
224	307	35	2
227	307	35	1
232	307	35	1
237	307	35	1
238	307	35	1
242	307	35	1
203	308	35	1
222	308	35	1
231	308	35	1
232	308	35	1
236	308	35	1
240	308	35	1
242	309	35	1
218	310	35	1
232	310	35	1
236	310	35	1
214	311	35	1
224	311	35	1
234	311	35	1
236	311	35	2
240	311	35	1
231	312	35	1
232	312	35	2
234	312	35	1
228	313	35	2
230	313	35	1
241	313	35	1
225	314	35	1
226	315	35	1
234	315	35	1
235	315	35	2
210	316	35	1
232	316	35	1
234	317	35	1
239	317	35	1
240	317	35	1
236	318	35	1
238	318	35	1
233	319	35	2
222	253	36	1
218	256	36	1
216	257	36	1
218	257	36	1
224	257	36	1
225	257	36	1
227	257	36	5
228	257	36	1
216	258	36	1
218	258	36	2
223	258	36	1
225	258	36	1
231	258	36	1
232	258	36	1
218	259	36	1
220	259	36	2
230	259	36	3
217	260	36	1
219	260	36	3
238	260	36	1
218	261	36	1
220	261	36	1
222	261	36	1
223	261	36	1
224	261	36	2
239	261	36	1
215	262	36	1
217	262	36	1
224	262	36	1
226	262	36	1
229	262	36	1
232	262	36	1
238	262	36	1
245	262	36	1
189	263	36	1
193	263	36	1
216	263	36	1
221	263	36	1
222	263	36	1
237	263	36	1
244	263	36	1
249	263	36	1
212	264	36	2
216	264	36	1
233	264	36	1
188	265	36	2
191	265	36	1
194	265	36	1
207	265	36	1
208	265	36	1
215	265	36	1
222	265	36	1
235	265	36	1
240	265	36	1
242	265	36	1
243	265	36	1
246	265	36	1
195	266	36	1
211	266	36	1
216	266	36	1
219	266	36	1
222	266	36	2
229	266	36	1
230	266	36	1
235	266	36	1
238	266	36	1
244	266	36	1
248	266	36	1
194	267	36	1
209	267	36	1
210	267	36	1
229	267	36	2
241	267	36	1
249	267	36	1
193	268	36	1
205	268	36	1
213	268	36	1
214	268	36	1
219	268	36	2
237	268	36	1
239	268	36	3
240	268	36	1
241	268	36	1
243	268	36	1
188	269	36	2
208	269	36	1
215	269	36	1
216	269	36	1
225	269	36	1
229	269	36	1
232	269	36	1
234	269	36	1
240	269	36	1
187	270	36	1
189	270	36	1
191	270	36	1
192	270	36	1
193	270	36	2
195	270	36	1
203	270	36	1
206	270	36	1
213	270	36	1
220	270	36	1
231	270	36	2
240	270	36	1
188	271	36	1
193	271	36	1
198	271	36	1
206	271	36	1
211	271	36	1
212	271	36	1
213	271	36	1
215	271	36	1
216	271	36	1
220	271	36	1
225	271	36	1
233	271	36	1
238	271	36	2
178	272	36	1
185	272	36	1
190	272	36	1
199	272	36	1
207	272	36	1
208	272	36	1
214	272	36	1
217	272	36	2
231	272	36	1
178	273	36	1
186	273	36	1
198	273	36	1
204	273	36	1
207	273	36	1
217	273	36	1
241	273	36	1
178	274	36	1
201	274	36	1
203	274	36	1
204	274	36	1
206	274	36	1
208	274	36	1
211	274	36	2
214	274	36	1
216	274	36	1
217	274	36	1
220	274	36	1
236	274	36	1
239	274	36	1
175	275	36	1
209	275	36	1
216	275	36	2
243	275	36	1
177	276	36	2
204	276	36	1
208	276	36	1
217	276	36	1
219	276	36	1
220	276	36	1
240	276	36	1
241	276	36	1
189	277	36	1
205	277	36	1
207	277	36	1
211	277	36	1
213	277	36	1
201	278	36	1
208	278	36	1
210	278	36	3
239	278	36	2
204	279	36	1
208	279	36	1
209	279	36	1
219	279	36	1
234	279	36	1
192	280	36	1
199	280	36	1
212	280	36	2
223	280	36	1
176	281	36	1
179	281	36	1
190	281	36	1
191	281	36	1
192	281	36	2
207	281	36	1
208	281	36	1
209	281	36	1
211	281	36	1
213	281	36	1
230	281	36	1
175	282	36	1
181	282	36	1
191	282	36	2
209	282	36	2
213	282	36	1
220	282	36	1
221	282	36	1
205	283	36	1
208	283	36	1
210	283	36	1
215	283	36	1
216	283	36	1
218	283	36	1
219	283	36	2
208	284	36	1
211	284	36	1
214	284	36	1
190	285	36	1
200	285	36	1
205	285	36	1
210	285	36	1
217	285	36	2
218	285	36	3
220	285	36	2
221	285	36	1
234	285	36	1
240	285	36	1
243	285	36	2
245	285	36	1
247	285	36	1
189	286	36	1
198	286	36	1
202	286	36	1
203	286	36	1
204	286	36	1
213	286	36	1
225	286	36	1
228	286	36	1
230	286	36	1
238	286	36	1
241	286	36	1
243	286	36	2
214	287	36	1
222	287	36	1
224	287	36	1
231	287	36	1
240	287	36	1
243	287	36	1
248	287	36	1
186	288	36	1
187	288	36	1
188	288	36	1
196	288	36	2
203	288	36	1
220	288	36	2
231	288	36	2
233	288	36	2
237	288	36	1
244	288	36	1
199	289	36	1
201	289	36	2
203	289	36	2
206	289	36	1
219	289	36	1
223	289	36	2
230	289	36	1
231	289	36	1
232	289	36	1
237	289	36	1
244	289	36	2
185	290	36	2
198	290	36	1
199	290	36	1
202	290	36	1
204	290	36	1
223	290	36	1
233	290	36	2
237	290	36	2
238	290	36	1
240	290	36	1
247	290	36	1
196	291	36	2
199	291	36	1
201	291	36	1
234	291	36	2
239	291	36	1
208	292	36	1
219	292	36	1
226	292	36	1
227	292	36	1
228	292	36	1
233	292	36	1
238	292	36	1
239	292	36	1
195	293	36	1
200	293	36	1
201	293	36	1
222	293	36	1
223	293	36	1
237	293	36	1
182	294	36	1
190	294	36	1
195	294	36	1
198	294	36	2
202	294	36	2
224	294	36	1
235	294	36	1
238	294	36	1
243	294	36	1
202	295	36	1
204	295	36	1
221	295	36	1
225	295	36	1
230	295	36	1
231	295	36	1
232	295	36	1
233	295	36	1
234	295	36	1
237	295	36	1
244	295	36	1
199	296	36	1
200	296	36	1
222	296	36	1
227	296	36	1
236	296	36	1
195	297	36	1
202	297	36	1
205	297	36	1
219	297	36	1
227	297	36	1
229	297	36	1
230	297	36	2
232	297	36	1
234	297	36	1
242	297	36	1
201	298	36	1
240	298	36	2
196	299	36	2
228	299	36	2
229	299	36	1
230	299	36	1
236	299	36	2
242	299	36	1
232	300	36	1
233	300	36	1
237	300	36	1
244	300	36	1
223	301	36	3
240	301	36	1
243	301	36	1
244	301	36	1
245	301	36	2
225	302	36	1
231	302	36	1
237	302	36	1
243	302	36	1
234	303	36	2
241	303	36	1
223	304	36	1
230	304	36	2
228	305	36	1
235	306	36	1
240	306	36	1
241	306	36	2
243	306	36	1
240	307	36	1
223	308	36	1
224	308	36	1
227	308	36	1
237	308	36	1
239	308	36	1
243	308	36	1
220	309	36	2
236	309	36	1
242	309	36	2
216	310	36	1
221	310	36	1
224	310	36	1
236	310	36	1
243	310	36	3
211	311	36	1
213	311	36	1
215	311	36	1
222	311	36	1
226	311	36	1
230	311	36	1
231	311	36	1
236	311	36	2
238	311	36	1
216	312	36	1
217	312	36	1
220	312	36	1
226	312	36	2
236	312	36	1
240	312	36	2
244	312	36	2
225	313	36	1
235	313	36	1
236	313	36	1
225	314	36	1
230	314	36	1
235	314	36	1
238	314	36	2
242	314	36	2
220	315	36	1
228	315	36	1
231	316	36	1
234	316	36	1
232	317	36	2
236	317	36	1
237	317	36	2
230	318	36	2
235	318	36	1
236	319	36	1
238	319	36	2
228	258	37	2
228	259	37	1
229	261	37	1
230	261	37	1
230	262	37	1
214	263	37	1
222	263	37	1
209	264	37	1
245	264	37	1
228	265	37	2
246	265	37	1
194	266	37	1
243	266	37	1
193	267	37	1
214	267	37	2
237	267	37	1
238	267	37	2
239	267	37	1
215	268	37	1
217	268	37	1
236	268	37	1
240	268	37	1
241	268	37	1
194	269	37	1
218	269	37	1
236	269	37	1
239	269	37	1
192	270	37	1
197	270	37	2
238	270	37	1
214	271	37	1
220	271	37	1
207	272	37	1
214	272	37	1
215	272	37	1
216	272	37	2
209	273	37	1
210	273	37	1
211	273	37	2
214	273	37	1
215	273	37	1
216	273	37	1
217	273	37	1
210	274	37	1
211	274	37	1
213	274	37	1
216	274	37	1
206	275	37	1
207	275	37	2
212	275	37	2
214	275	37	2
215	275	37	1
219	275	37	1
220	275	37	2
214	276	37	1
215	276	37	1
206	277	37	1
211	277	37	1
205	278	37	1
208	278	37	1
217	279	37	1
208	280	37	1
209	280	37	1
213	281	37	1
193	283	37	1
207	283	37	1
214	283	37	1
230	283	37	1
202	285	37	1
205	285	37	1
206	285	37	1
226	285	37	1
199	286	37	1
202	286	37	1
204	286	37	1
215	286	37	1
234	286	37	1
236	286	37	2
204	287	37	1
221	287	37	1
230	287	37	2
237	287	37	1
193	288	37	1
195	288	37	1
202	288	37	1
210	288	37	1
224	288	37	1
240	288	37	1
195	289	37	1
200	289	37	1
232	289	37	1
233	289	37	1
236	289	37	2
197	290	37	1
202	290	37	2
204	290	37	1
206	290	37	3
230	290	37	1
231	290	37	1
243	290	37	1
195	291	37	1
221	291	37	1
238	291	37	1
203	292	37	1
208	292	37	1
225	292	37	1
226	292	37	1
234	292	37	1
193	293	37	1
202	293	37	1
205	293	37	1
206	293	37	1
238	293	37	2
241	293	37	1
205	294	37	1
228	294	37	1
245	294	37	1
197	295	37	1
203	295	37	1
231	295	37	1
235	295	37	1
245	295	37	1
203	296	37	1
229	296	37	1
240	296	37	1
242	296	37	1
245	296	37	1
220	297	37	1
227	297	37	1
230	297	37	1
232	297	37	2
234	297	37	1
229	298	37	2
238	298	37	1
244	298	37	1
228	299	37	1
232	299	37	1
240	299	37	1
241	299	37	1
244	299	37	1
230	300	37	1
231	300	37	1
235	300	37	2
230	301	37	1
244	301	37	2
233	302	37	1
244	302	37	2
232	303	37	1
227	304	37	1
227	305	37	1
234	305	37	2
236	305	37	1
242	306	37	2
225	307	37	2
241	307	37	1
243	307	37	1
224	308	37	2
226	308	37	1
227	308	37	2
243	308	37	1
224	309	37	1
227	309	37	1
229	309	37	1
216	310	37	1
224	310	37	1
229	310	37	1
214	311	37	1
227	311	37	1
234	311	37	1
218	312	37	1
228	312	37	2
231	312	37	1
240	312	37	1
212	313	37	1
217	313	37	2
218	313	37	2
225	313	37	1
227	313	37	2
221	314	37	1
229	314	37	1
230	314	37	1
236	314	37	2
236	315	37	1
239	315	37	1
234	316	37	1
240	316	37	2
230	317	37	1
235	318	37	1
236	318	37	1
238	318	37	1
228	320	37	1
231	322	37	1
233	322	37	1
226	260	38	1
225	261	38	1
227	261	38	1
224	262	38	1
229	263	38	1
232	263	38	1
223	264	38	1
231	264	38	1
211	269	38	2
240	269	38	1
211	270	38	1
193	271	38	1
215	271	38	1
216	271	38	2
217	271	38	1
232	272	38	1
236	272	38	1
209	273	38	2
213	273	38	2
212	274	38	1
189	275	38	1
213	275	38	1
216	275	38	2
217	275	38	1
207	276	38	1
208	276	38	1
213	276	38	2
214	276	38	1
207	277	38	2
209	277	38	1
210	277	38	1
211	277	38	3
203	278	38	2
208	278	38	1
217	278	38	1
221	278	38	2
209	280	38	1
210	280	38	1
211	280	38	1
214	280	38	2
191	281	38	1
208	281	38	1
210	281	38	1
212	282	38	1
213	282	38	1
210	283	38	1
195	284	38	1
201	284	38	1
211	284	38	2
222	284	38	1
190	285	38	1
205	285	38	1
212	285	38	1
217	285	38	1
232	285	38	1
206	286	38	1
230	286	38	2
237	286	38	1
217	287	38	1
230	287	38	1
232	287	38	1
238	287	38	1
190	288	38	1
192	288	38	1
197	288	38	1
206	288	38	1
207	288	38	1
224	288	38	1
235	288	38	1
189	289	38	1
190	289	38	1
195	289	38	2
200	289	38	1
201	289	38	1
203	289	38	1
215	289	38	1
217	289	38	1
219	289	38	1
223	289	38	1
232	289	38	1
192	290	38	1
193	290	38	3
198	290	38	1
207	290	38	1
209	290	38	1
220	290	38	2
237	290	38	1
192	291	38	1
200	291	38	1
204	291	38	1
214	291	38	2
238	291	38	1
189	292	38	1
196	292	38	1
208	292	38	1
211	292	38	1
236	292	38	1
237	292	38	1
239	292	38	2
196	293	38	1
199	293	38	1
220	293	38	1
229	293	38	2
231	293	38	1
233	293	38	1
237	293	38	1
202	294	38	1
206	294	38	1
211	294	38	1
217	294	38	1
226	294	38	2
235	294	38	1
239	294	38	2
240	294	38	1
197	295	38	1
204	295	38	1
216	295	38	1
220	295	38	1
231	295	38	1
197	296	38	1
198	296	38	2
206	296	38	2
217	296	38	1
221	296	38	1
239	296	38	1
242	296	38	1
199	297	38	1
219	297	38	1
227	297	38	1
229	297	38	1
232	297	38	1
243	297	38	1
228	298	38	1
230	298	38	1
193	299	38	1
196	299	38	1
214	299	38	1
226	299	38	1
229	299	38	1
231	299	38	1
232	299	38	1
236	299	38	1
241	299	38	1
242	299	38	1
218	300	38	1
234	300	38	2
240	300	38	1
241	300	38	2
242	300	38	1
233	301	38	1
235	301	38	1
236	301	38	1
238	301	38	1
226	302	38	1
232	302	38	1
234	302	38	1
235	302	38	1
237	302	38	3
231	303	38	2
234	303	38	1
229	304	38	1
232	304	38	2
245	304	38	2
228	305	38	1
229	305	38	1
232	305	38	1
236	305	38	1
241	305	38	1
245	305	38	1
232	306	38	1
236	306	38	1
193	307	38	3
227	307	38	1
237	307	38	1
244	307	38	1
226	308	38	1
235	308	38	1
239	308	38	1
240	308	38	1
241	308	38	2
243	308	38	1
195	309	38	1
206	309	38	1
223	309	38	1
225	309	38	1
233	309	38	1
241	309	38	1
243	309	38	1
222	310	38	2
223	310	38	1
228	310	38	1
229	310	38	1
230	310	38	1
232	310	38	1
236	310	38	1
217	311	38	1
220	311	38	1
221	311	38	1
224	311	38	1
225	311	38	1
230	311	38	1
235	311	38	2
244	311	38	1
219	312	38	1
221	312	38	1
228	312	38	1
231	312	38	1
232	312	38	1
239	312	38	1
240	312	38	1
242	312	38	1
216	313	38	1
220	313	38	1
228	313	38	1
241	313	38	1
245	313	38	1
200	314	38	1
230	314	38	1
239	314	38	1
240	314	38	1
221	315	38	1
225	315	38	1
244	315	38	1
225	316	38	1
236	316	38	1
214	317	38	1
219	317	38	1
226	317	38	1
236	317	38	1
212	318	38	2
233	318	38	1
240	318	38	2
243	318	38	1
230	319	38	1
231	319	38	1
241	319	38	3
230	320	38	2
236	322	38	1
219	323	38	1
235	323	38	2
233	324	38	1
217	268	39	1
201	270	39	2
218	271	39	1
189	273	39	1
214	274	39	1
214	275	39	1
216	275	39	1
218	276	39	1
204	277	39	1
213	277	39	1
195	278	39	1
201	278	39	1
208	278	39	2
216	278	39	1
220	278	39	2
215	279	39	1
216	279	39	1
204	281	39	1
217	281	39	1
195	282	39	2
219	282	39	1
226	282	39	1
190	283	39	1
202	283	39	1
215	283	39	1
237	283	39	1
207	284	39	1
192	285	39	1
195	285	39	1
187	286	39	1
201	286	39	1
205	286	39	1
198	287	39	1
207	287	39	2
193	288	39	1
204	288	39	1
193	289	39	1
195	289	39	1
239	289	39	1
186	290	39	1
195	290	39	1
211	290	39	1
218	290	39	1
193	291	39	1
202	291	39	1
217	291	39	1
213	292	39	1
221	292	39	1
225	292	39	1
240	292	39	1
220	293	39	2
227	293	39	1
200	294	39	1
204	294	39	2
206	294	39	1
235	294	39	1
207	295	39	2
232	295	39	1
234	295	39	1
241	295	39	2
197	296	39	1
200	296	39	2
215	296	39	1
222	296	39	1
223	296	39	1
194	297	39	1
195	297	39	2
196	297	39	3
197	297	39	1
204	297	39	1
215	297	39	1
216	297	39	1
224	297	39	1
233	297	39	2
200	298	39	1
201	298	39	1
215	298	39	1
223	298	39	2
226	298	39	1
232	298	39	1
240	298	39	1
242	298	39	1
222	299	39	1
225	299	39	2
230	299	39	2
233	299	39	1
237	299	39	1
239	299	39	1
227	300	39	1
231	300	39	1
228	302	39	1
226	303	39	1
210	304	39	2
227	304	39	1
234	304	39	1
237	304	39	1
243	304	39	1
212	305	39	1
224	305	39	1
227	305	39	1
211	306	39	1
223	306	39	1
224	306	39	2
229	306	39	1
230	306	39	1
236	306	39	1
239	306	39	1
241	306	39	1
198	307	39	2
224	307	39	1
227	307	39	2
241	307	39	1
216	308	39	1
220	308	39	1
222	308	39	1
225	308	39	1
235	308	39	1
240	308	39	1
242	308	39	1
223	309	39	1
225	309	39	1
234	309	39	1
196	310	39	1
198	310	39	1
220	310	39	1
222	310	39	1
226	310	39	1
228	310	39	1
224	311	39	1
229	311	39	1
236	311	39	1
240	311	39	1
244	311	39	2
246	311	39	1
213	312	39	1
219	312	39	1
220	312	39	1
230	312	39	1
240	312	39	2
217	313	39	1
218	313	39	1
220	313	39	2
221	313	39	1
227	313	39	1
240	313	39	1
243	313	39	1
218	314	39	2
219	314	39	2
227	314	39	1
236	314	39	1
239	314	39	1
220	315	39	2
230	315	39	1
237	315	39	1
238	315	39	2
243	315	39	1
239	316	39	1
244	316	39	1
225	317	39	1
235	317	39	1
237	317	39	1
229	318	39	1
231	318	39	1
235	318	39	1
237	318	39	1
243	318	39	1
226	320	39	1
229	320	39	1
234	320	39	2
238	320	39	1
232	323	39	2
234	323	39	1
211	324	39	1
212	324	39	1
214	274	40	1
190	283	40	1
192	283	40	2
191	285	40	1
206	286	40	1
211	288	40	1
193	289	40	2
218	290	40	1
191	291	40	1
192	291	40	1
189	292	40	1
191	292	40	1
193	292	40	1
206	292	40	1
208	292	40	1
212	292	40	2
207	293	40	1
213	293	40	1
223	293	40	1
207	294	40	1
209	294	40	1
225	294	40	1
237	294	40	1
238	294	40	1
239	294	40	1
241	295	40	1
198	296	40	1
217	296	40	1
235	296	40	1
240	296	40	1
221	297	40	1
230	297	40	1
241	297	40	1
216	298	40	1
223	298	40	2
229	298	40	1
224	299	40	3
229	299	40	1
212	300	40	1
227	300	40	1
228	301	40	1
229	301	40	1
236	301	40	2
229	305	40	2
232	305	40	1
212	306	40	1
229	306	40	1
241	306	40	1
194	307	40	1
241	307	40	1
243	307	40	1
223	308	40	2
239	308	40	1
218	309	40	1
222	309	40	2
233	309	40	1
218	310	40	1
229	310	40	1
234	310	40	1
242	310	40	1
234	311	40	1
240	311	40	1
218	312	40	1
229	312	40	1
235	312	40	2
240	312	40	1
213	313	40	1
215	313	40	1
218	313	40	1
236	313	40	2
240	313	40	1
243	313	40	1
215	314	40	1
217	314	40	1
219	314	40	1
225	314	40	1
242	314	40	1
243	314	40	2
217	315	40	1
219	315	40	1
221	315	40	1
229	315	40	2
230	315	40	1
241	315	40	1
242	315	40	2
217	316	40	1
243	316	40	1
219	317	40	1
227	317	40	1
235	317	40	1
236	317	40	1
220	318	40	1
229	318	40	1
241	318	40	1
243	318	40	1
215	319	40	1
221	319	40	1
237	319	40	1
241	319	40	1
242	319	40	1
217	320	40	1
221	320	40	1
216	321	40	2
230	323	40	1
212	324	40	1
212	325	40	1
225	293	41	1
209	294	41	2
226	298	41	2
227	299	41	2
235	300	41	1
235	301	41	1
227	304	41	1
226	305	41	1
229	305	41	2
231	305	41	1
223	306	41	1
224	306	41	1
227	306	41	1
230	306	41	1
229	307	41	1
222	308	41	1
225	308	41	1
196	309	41	1
223	309	41	1
196	310	41	1
224	310	41	1
236	310	41	1
239	310	41	3
240	310	41	1
222	311	41	3
233	311	41	1
242	312	41	1
219	313	41	1
223	313	41	1
245	313	41	2
228	314	41	1
232	314	41	1
238	314	41	1
238	315	41	1
243	315	41	1
216	316	41	1
219	316	41	2
241	316	41	1
218	317	41	1
242	317	41	1
219	318	41	1
245	319	41	1
229	321	41	1
231	321	41	1
228	322	41	1
230	323	41	1
228	299	42	1
213	302	42	2
221	302	42	1
229	305	42	1
220	306	42	1
226	307	42	1
220	308	42	1
223	308	42	1
220	309	42	1
226	309	42	1
236	309	42	1
242	309	42	1
219	310	42	2
236	310	42	1
238	310	42	1
236	311	42	1
242	311	42	1
214	312	42	1
244	312	42	1
221	313	42	1
223	313	42	1
234	313	42	1
244	313	42	1
221	314	42	1
219	315	42	3
222	315	42	1
239	316	42	1
226	317	42	1
232	317	42	1
217	318	42	1
220	318	42	1
228	318	42	1
243	318	42	2
246	318	42	1
204	319	42	1
230	319	42	1
241	319	42	1
242	319	42	1
218	321	42	1
229	321	42	3
225	303	43	1
219	304	43	1
227	304	43	1
220	305	43	1
223	308	43	1
219	310	43	1
211	312	43	1
236	313	43	1
238	313	43	1
240	313	43	3
245	315	43	1
223	316	43	3
227	317	43	1
229	318	43	1
227	319	43	1
242	319	43	1
227	321	43	1
219	310	44	2
219	311	44	1
235	311	44	1
219	313	44	1
223	313	44	1
229	313	44	1
211	314	44	1
221	314	44	1
222	315	44	1
225	317	44	1
230	317	44	1
238	317	44	1
242	317	44	1
223	318	44	1
243	318	44	1
230	321	44	1
224	322	44	1
123	222	20	1
148	223	20	2
175	223	20	1
144	224	20	1
167	224	20	1
172	224	20	1
135	225	20	1
162	225	20	1
176	225	20	1
172	226	20	1
160	227	20	1
119	228	20	2
115	229	20	1
118	229	20	2
159	229	20	1
160	229	20	1
129	230	20	2
157	230	20	1
169	230	20	1
186	230	20	1
160	231	20	1
161	231	20	1
146	232	20	1
197	232	20	1
136	233	20	1
144	233	20	1
152	233	20	1
214	233	20	1
114	234	20	2
215	234	20	1
129	235	20	1
141	235	20	1
141	236	20	1
154	236	20	1
163	236	20	1
137	237	20	1
154	237	20	1
169	237	20	2
204	237	20	1
127	238	20	1
213	238	20	1
160	239	20	1
131	240	20	1
191	240	20	1
122	241	20	1
131	241	20	1
138	241	20	1
167	241	20	1
237	241	20	1
121	242	20	2
128	242	20	1
163	242	20	1
207	242	20	2
214	242	20	1
237	242	20	3
116	243	20	1
130	243	20	1
240	243	20	1
118	244	20	1
135	244	20	1
154	244	20	1
183	244	20	1
188	244	20	1
207	244	20	2
213	244	20	1
220	244	20	1
137	245	20	1
183	245	20	1
241	245	20	1
122	246	20	1
215	246	20	1
133	247	20	1
139	247	20	1
235	247	20	1
175	248	20	1
190	248	20	1
151	249	20	1
215	249	20	1
162	250	20	1
260	250	20	2
101	251	20	2
161	252	20	1
148	254	20	1
217	254	20	1
243	254	20	1
248	254	20	1
233	255	20	1
131	256	20	1
172	256	20	1
146	257	20	1
159	257	20	1
162	257	20	3
170	257	20	1
198	257	20	3
243	257	20	2
128	258	20	1
232	258	20	1
136	259	20	1
145	259	20	1
197	259	20	1
252	259	20	1
108	260	20	1
184	260	20	1
200	260	20	1
112	261	20	1
141	261	20	1
147	261	20	2
163	261	20	2
199	261	20	1
215	261	20	1
144	262	20	1
150	262	20	1
170	262	20	1
225	262	20	1
191	263	20	1
259	263	20	1
265	263	20	1
126	264	20	1
163	264	20	1
220	264	20	1
124	265	20	1
134	265	20	1
147	265	20	1
120	266	20	1
126	266	20	1
129	266	20	1
170	266	20	1
172	266	20	1
184	266	20	1
211	266	20	1
160	267	20	1
154	268	20	1
156	268	20	2
157	268	20	1
162	268	20	3
167	268	20	1
209	268	20	1
255	268	20	2
118	269	20	1
165	269	20	3
197	269	20	1
246	269	20	1
113	270	20	2
115	270	20	1
117	270	20	1
147	270	20	1
155	270	20	2
156	270	20	1
145	271	20	1
225	271	20	2
119	272	20	1
158	272	20	1
168	272	20	1
174	272	20	1
226	272	20	1
149	273	20	1
167	273	20	1
170	273	20	1
139	274	20	1
169	274	20	1
170	274	20	1
197	274	20	1
147	275	20	2
176	275	20	1
158	276	20	1
162	276	20	1
163	276	20	2
167	276	20	1
231	276	20	1
171	277	20	1
189	277	20	1
227	277	20	1
249	277	20	1
170	278	20	1
208	278	20	1
256	278	20	1
120	279	20	1
150	279	20	2
156	279	20	1
218	279	20	1
232	279	20	2
234	279	20	1
166	280	20	2
174	280	20	1
176	280	20	1
142	281	20	1
172	281	20	1
222	281	20	1
106	282	20	1
203	282	20	1
189	283	20	2
216	283	20	1
219	283	20	1
149	284	20	1
228	284	20	1
109	285	20	1
141	285	20	1
157	285	20	1
202	285	20	2
208	285	20	2
250	285	20	1
101	286	20	1
129	286	20	1
213	286	20	3
124	287	20	1
146	287	20	1
198	287	20	1
269	287	20	1
121	288	20	1
162	288	20	1
223	288	20	1
225	288	20	1
230	288	20	1
164	289	20	1
201	289	20	1
143	290	20	1
161	290	20	1
259	290	20	1
149	291	20	1
262	291	20	1
157	292	20	1
213	292	20	1
237	292	20	1
244	292	20	1
264	292	20	1
268	292	20	1
148	293	20	1
165	293	20	3
222	293	20	1
225	293	20	1
261	293	20	2
118	294	20	2
136	294	20	1
161	294	20	1
174	294	20	2
209	294	20	1
222	294	20	1
116	295	20	1
151	295	20	1
196	295	20	1
198	295	20	1
218	295	20	1
220	295	20	1
131	296	20	1
136	296	20	1
163	296	20	1
180	296	20	1
193	296	20	1
196	296	20	2
212	296	20	1
228	296	20	2
161	297	20	1
249	297	20	1
256	297	20	3
270	297	20	1
110	298	20	2
153	298	20	1
159	298	20	1
165	298	20	1
192	298	20	4
265	298	20	2
129	299	20	1
134	299	20	1
156	299	20	2
257	299	20	1
120	300	20	1
139	300	20	1
161	301	20	1
216	301	20	1
250	301	20	1
114	302	20	2
167	302	20	1
187	302	20	2
213	302	20	1
264	302	20	1
141	303	20	2
194	303	20	1
157	304	20	1
174	304	20	1
203	304	20	1
236	304	20	1
238	304	20	1
258	305	20	1
172	306	20	1
236	306	20	1
246	306	20	1
258	306	20	1
177	307	20	1
213	307	20	1
239	307	20	2
220	308	20	1
232	308	20	2
233	308	20	1
235	308	20	1
257	308	20	1
260	309	20	1
118	310	20	1
200	311	20	1
201	311	20	1
173	312	20	1
205	312	20	2
256	312	20	1
115	313	20	1
139	313	20	1
158	313	20	1
182	313	20	1
229	313	20	1
262	313	20	1
142	314	20	2
152	314	20	1
180	314	20	1
266	314	20	1
268	314	20	1
110	315	20	2
159	315	20	1
175	315	20	1
198	315	20	1
250	315	20	1
256	315	20	1
260	315	20	2
263	315	20	1
198	316	20	2
257	316	20	1
103	317	20	1
113	317	20	1
129	317	20	1
251	317	20	1
129	318	20	1
237	318	20	1
98	319	20	1
140	319	20	1
120	320	20	1
168	320	20	1
241	320	20	2
259	320	20	1
112	321	20	1
195	321	20	1
210	321	20	1
97	322	20	1
198	322	20	1
200	322	20	1
194	324	20	1
196	324	20	1
179	325	20	1
122	326	20	1
177	326	20	1
194	326	20	1
199	326	20	2
203	326	20	1
219	326	20	1
240	326	20	1
106	327	20	1
145	327	20	2
161	327	20	1
256	327	20	1
135	328	20	3
156	328	20	1
179	328	20	1
257	328	20	1
117	329	20	1
165	329	20	1
180	329	20	1
187	329	20	1
253	329	20	1
122	330	20	1
259	330	20	1
136	331	20	2
186	331	20	1
205	331	20	1
114	332	20	1
172	332	20	1
179	332	20	1
226	332	20	1
179	333	20	1
244	333	20	1
250	333	20	1
151	334	20	1
256	334	20	1
210	335	20	1
227	335	20	1
134	336	20	1
137	336	20	1
144	336	20	1
169	336	20	1
175	336	20	1
260	336	20	1
173	337	20	1
236	337	20	2
198	338	20	2
248	340	20	1
238	341	20	1
242	341	20	1
231	342	20	1
194	343	20	1
240	343	20	2
178	344	20	1
198	347	20	1
201	347	20	1
202	347	20	1
192	348	20	1
235	349	20	1
221	350	20	1
237	350	20	1
206	351	20	1
178	352	20	1
183	352	20	1
216	352	20	1
231	352	20	1
178	353	20	2
229	356	20	1
182	357	20	1
173	359	20	1
176	360	20	1
179	360	20	1
206	360	20	1
176	361	20	1
199	361	20	1
205	361	20	1
204	363	20	1
139	228	21	1
154	229	21	1
154	230	21	2
110	231	21	2
134	235	21	1
140	236	21	1
214	236	21	1
131	237	21	2
136	237	21	1
128	238	21	1
151	238	21	1
129	239	21	1
131	239	21	1
126	240	21	1
127	240	21	1
128	240	21	1
132	240	21	1
141	240	21	1
130	241	21	1
140	242	21	1
215	242	21	2
116	243	21	1
128	243	21	1
141	243	21	1
146	243	21	1
102	245	21	1
139	245	21	1
149	245	21	1
173	248	21	1
216	249	21	1
131	250	21	1
148	252	21	1
228	253	21	1
225	254	21	1
230	255	21	1
219	263	21	1
161	264	21	1
181	264	21	2
162	265	21	1
139	266	21	1
155	268	21	1
160	268	21	1
114	269	21	1
154	269	21	1
160	269	21	2
178	269	21	1
156	270	21	1
235	270	21	1
120	271	21	1
117	272	21	1
149	272	21	2
158	272	21	1
165	272	21	2
166	272	21	1
167	272	21	1
164	273	21	1
224	273	21	1
176	274	21	1
114	275	21	2
179	275	21	1
169	276	21	1
173	276	21	1
172	277	21	1
169	279	21	1
176	279	21	1
225	279	21	1
266	279	21	1
271	282	21	1
150	283	21	1
180	285	21	1
101	286	21	1
220	286	21	1
223	286	21	1
134	288	21	1
224	288	21	1
271	288	21	1
225	289	21	1
219	290	21	1
271	292	21	1
217	293	21	1
194	294	21	1
215	295	21	1
245	295	21	1
126	296	21	1
150	297	21	1
194	297	21	1
214	297	21	1
250	297	21	1
153	300	21	2
211	300	21	1
239	300	21	1
267	300	21	1
105	303	21	1
207	303	21	1
239	303	21	1
186	304	21	1
187	304	21	1
190	304	21	1
208	304	21	1
96	305	21	1
223	305	21	1
241	305	21	2
181	306	21	1
203	306	21	1
208	306	21	1
238	306	21	1
207	307	21	1
210	307	21	1
236	307	21	1
261	308	21	2
264	308	21	1
265	309	21	1
166	310	21	1
261	310	21	1
177	311	21	1
260	311	21	1
203	312	21	1
116	313	21	1
175	314	21	1
182	314	21	1
203	314	21	1
230	314	21	1
214	315	21	1
181	316	21	3
203	316	21	1
208	316	21	1
256	316	21	1
180	317	21	1
260	318	21	1
266	318	21	1
261	319	21	1
257	320	21	1
132	321	21	1
183	321	21	1
185	321	21	1
199	322	21	1
179	323	21	1
185	323	21	1
243	323	21	1
180	324	21	2
177	325	21	1
96	326	21	1
181	326	21	1
147	328	21	1
173	328	21	1
105	331	21	1
183	331	21	1
223	334	21	1
177	336	21	2
176	338	21	1
173	339	21	1
175	339	21	1
175	340	21	1
169	342	21	1
231	342	21	1
180	346	21	1
191	364	21	1
154	229	22	1
162	230	22	1
131	234	22	1
134	234	22	1
143	235	22	1
139	236	22	1
140	236	22	1
134	238	22	1
146	238	22	1
216	239	22	1
152	240	22	1
137	241	22	1
140	241	22	1
146	241	22	1
139	243	22	1
132	246	22	1
217	250	22	2
219	251	22	1
218	252	22	1
227	254	22	1
163	256	22	1
196	256	22	1
160	258	22	1
197	258	22	1
232	259	22	1
197	260	22	1
120	267	22	1
160	267	22	1
162	268	22	1
195	268	22	1
122	269	22	1
122	270	22	1
176	271	22	1
155	272	22	1
170	273	22	1
226	273	22	2
154	274	22	1
156	274	22	1
165	274	22	1
174	274	22	1
177	274	22	1
178	275	22	1
168	280	22	1
170	280	22	1
174	280	22	1
224	280	22	1
175	282	22	1
271	284	22	2
271	289	22	2
218	293	22	1
217	297	22	1
210	301	22	1
236	305	22	1
258	305	22	1
204	307	22	1
205	307	22	1
238	307	22	1
207	308	22	1
238	308	22	1
260	308	22	1
208	309	22	1
231	309	22	1
204	310	22	1
209	310	22	2
260	310	22	2
206	311	22	1
200	314	22	1
236	314	22	1
257	314	22	1
179	315	22	3
236	317	22	1
176	318	22	1
240	318	22	1
260	318	22	1
262	318	22	1
185	323	22	2
261	323	22	1
196	324	22	1
200	324	22	1
182	325	22	1
188	325	22	1
259	326	22	1
260	326	22	1
184	328	22	1
200	328	22	1
94	331	22	1
178	334	22	1
179	339	22	1
240	343	22	1
245	343	22	1
242	344	22	1
180	225	23	1
155	228	23	2
140	234	23	1
141	235	23	2
148	235	23	1
150	236	23	1
133	237	23	1
138	238	23	2
139	238	23	1
148	239	23	1
149	242	23	1
227	243	23	1
134	244	23	1
139	244	23	2
215	248	23	1
219	251	23	1
192	253	23	1
223	253	23	2
193	257	23	1
178	258	23	2
197	259	23	1
122	264	23	1
119	267	23	1
124	267	23	1
127	268	23	1
117	269	23	1
240	269	23	1
183	270	23	1
164	273	23	2
226	274	23	1
172	276	23	1
176	277	23	1
168	278	23	1
169	278	23	1
177	278	23	1
179	279	23	1
174	281	23	1
173	282	23	2
176	282	23	1
172	284	23	1
222	291	23	1
269	291	23	1
268	292	23	2
271	292	23	1
266	293	23	1
269	297	23	1
267	298	23	1
268	298	23	1
267	299	23	1
268	301	23	1
236	302	23	1
266	302	23	2
136	303	23	1
234	305	23	1
206	306	23	1
241	306	23	1
262	307	23	1
262	308	23	1
203	309	23	1
204	309	23	1
261	309	23	1
234	311	23	1
257	311	23	1
260	311	23	1
204	314	23	1
232	314	23	1
257	314	23	1
238	315	23	1
172	316	23	1
179	317	23	2
258	317	23	2
265	317	23	1
184	318	23	1
259	318	23	2
256	319	23	1
183	321	23	1
185	323	23	1
186	325	23	1
259	327	23	1
94	328	23	1
186	329	23	1
259	329	23	1
235	340	23	2
240	342	23	2
178	224	24	1
179	224	24	1
156	226	24	1
157	229	24	1
153	232	24	2
138	234	24	1
141	234	24	1
141	236	24	1
144	236	24	1
150	237	24	2
146	238	24	1
132	239	24	1
145	239	24	1
142	240	24	1
145	240	24	1
132	243	24	3
134	243	24	1
149	243	24	1
131	244	24	1
147	244	24	1
139	247	24	1
215	248	24	2
138	249	24	1
230	249	24	1
222	251	24	1
131	252	24	1
134	252	24	1
143	255	24	1
196	261	24	1
219	262	24	1
117	264	24	1
122	264	24	1
119	265	24	1
215	266	24	1
127	268	24	1
210	268	24	1
162	269	24	2
165	269	24	1
184	270	24	1
179	274	24	1
176	277	24	1
177	277	24	1
220	277	24	1
178	278	24	2
180	279	24	1
169	280	24	1
170	280	24	1
204	283	24	2
276	287	24	1
274	290	24	3
222	291	24	1
197	293	24	2
269	297	24	1
268	298	24	1
213	299	24	1
236	299	24	1
265	299	24	1
238	301	24	1
235	302	24	1
240	302	24	1
242	302	24	1
237	303	24	1
186	304	24	1
236	304	24	1
241	305	24	1
263	308	24	2
261	309	24	1
231	311	24	1
234	311	24	1
240	312	24	2
255	312	24	1
257	312	24	2
175	314	24	1
176	314	24	1
260	314	24	1
263	314	24	1
172	316	24	1
213	316	24	1
259	317	24	1
262	317	24	1
168	318	24	1
179	318	24	1
259	318	24	1
261	319	24	1
239	320	24	1
165	321	24	1
241	322	24	1
182	325	24	2
157	329	24	1
261	331	24	1
258	334	24	1
181	335	24	1
257	335	24	1
259	335	24	2
259	336	24	1
259	337	24	1
186	360	24	1
152	230	25	1
137	234	25	1
134	235	25	1
135	236	25	1
249	237	25	1
131	239	25	1
133	239	25	1
136	239	25	1
132	240	25	1
134	240	25	1
135	242	25	1
134	243	25	1
227	243	25	1
139	246	25	1
138	250	25	1
136	251	25	1
225	253	25	1
121	261	25	1
199	261	25	3
123	262	25	1
120	264	25	2
128	266	25	1
181	271	25	1
180	274	25	1
177	276	25	1
170	278	25	1
176	278	25	1
273	279	25	1
170	280	25	1
165	282	25	1
277	287	25	1
199	289	25	2
270	290	25	1
271	290	25	1
271	291	25	1
269	294	25	1
266	295	25	1
262	301	25	1
237	302	25	1
233	306	25	1
206	311	25	1
208	311	25	1
260	311	25	1
230	312	25	1
232	314	25	2
176	315	25	2
256	316	25	1
262	316	25	1
257	320	25	1
241	321	25	1
239	323	25	1
237	324	25	1
258	327	25	1
183	329	25	1
144	337	25	1
180	221	26	1
182	222	26	1
157	230	26	1
140	235	26	1
248	238	26	1
131	239	26	1
242	239	26	2
134	240	26	1
135	240	26	1
226	241	26	1
136	243	26	1
136	244	26	1
137	245	26	1
226	246	26	2
223	248	26	1
229	251	26	1
121	269	26	1
176	275	26	1
178	275	26	1
169	278	26	1
173	280	26	1
274	282	26	1
175	283	26	1
268	295	26	1
267	298	26	1
237	306	26	1
229	308	26	2
230	310	26	1
209	311	26	1
257	312	26	1
260	314	26	2
258	316	26	1
263	316	26	1
258	317	26	1
242	322	26	1
183	221	27	2
180	223	27	1
179	226	27	1
162	232	27	1
155	233	27	1
164	233	27	1
144	234	27	1
245	234	27	1
245	236	27	1
136	237	27	1
176	237	27	1
241	237	27	1
243	238	27	1
248	238	27	1
132	239	27	1
135	239	27	3
242	239	27	1
139	240	27	1
242	240	27	1
133	241	27	3
226	241	27	1
246	245	27	1
228	246	27	2
227	251	27	1
229	251	27	1
225	253	27	1
121	257	27	1
124	258	27	1
119	268	27	1
126	270	27	1
173	277	27	1
175	278	27	1
175	280	27	1
170	281	27	1
275	281	27	1
178	282	27	1
275	282	27	1
177	283	27	1
272	283	27	1
173	284	27	1
271	291	27	1
177	294	27	1
232	302	27	2
201	309	27	1
233	309	27	1
261	309	27	3
258	312	27	1
209	315	27	1
210	315	27	1
258	316	27	1
259	316	27	1
239	319	27	1
240	320	27	1
236	324	27	1
261	324	27	1
96	328	27	1
186	357	27	1
162	231	28	1
164	231	28	1
166	231	28	1
167	231	28	1
164	232	28	1
152	233	28	2
156	233	28	2
246	235	28	1
250	235	28	1
249	236	28	1
251	236	28	1
137	237	28	1
249	237	28	2
141	238	28	1
146	238	28	1
246	239	28	1
137	242	28	1
227	243	28	1
235	243	28	1
189	244	28	1
230	245	28	1
194	247	28	1
234	249	28	1
257	264	28	1
127	267	28	1
127	270	28	2
173	277	28	1
175	277	28	1
175	279	28	1
176	279	28	1
172	280	28	1
176	282	28	1
177	282	28	1
168	284	28	1
274	284	28	1
275	284	28	1
169	285	28	1
270	290	28	1
192	292	28	1
179	296	28	1
230	306	28	1
210	315	28	1
211	315	28	1
259	315	28	1
262	317	28	1
241	319	28	1
240	321	28	1
94	328	28	1
171	231	29	1
183	239	29	1
181	240	29	1
182	240	29	2
180	241	29	1
236	243	29	1
226	250	29	1
134	255	29	2
125	257	29	1
133	257	29	1
132	259	29	1
125	272	29	1
136	272	29	1
166	273	29	1
174	277	29	1
174	282	29	1
175	282	29	1
275	282	29	1
276	282	29	1
165	283	29	1
275	283	29	1
167	284	29	1
276	284	29	1
176	285	29	2
270	294	29	1
175	295	29	1
177	296	29	1
181	299	29	1
227	309	29	2
229	309	29	1
111	310	29	1
203	310	29	1
202	311	29	1
206	311	29	1
209	311	29	1
211	311	29	1
208	312	29	1
207	314	29	1
211	314	29	1
255	316	29	1
259	317	29	1
126	325	29	2
93	327	29	2
94	327	29	1
95	330	29	1
191	346	29	1
187	361	29	1
114	226	30	1
178	241	30	1
189	241	30	1
181	242	30	1
189	243	30	1
184	244	30	1
148	253	30	1
127	256	30	1
123	257	30	1
126	258	30	1
127	267	30	1
259	269	30	1
168	270	30	1
127	271	30	2
139	271	30	1
166	271	30	1
139	274	30	1
143	275	30	1
142	277	30	2
159	279	30	1
169	279	30	1
159	281	30	1
175	282	30	1
162	284	30	1
275	284	30	2
276	284	30	1
163	286	30	1
162	288	30	1
178	294	30	1
205	308	30	1
204	310	30	1
208	310	30	1
212	310	30	1
249	310	30	2
207	311	30	1
208	312	30	2
225	312	30	1
206	313	30	3
243	320	30	2
129	324	30	1
128	325	30	1
96	334	30	1
139	239	31	1
178	240	31	1
179	240	31	2
178	241	31	1
176	242	31	1
174	243	31	1
184	243	31	1
185	243	31	1
185	245	31	1
187	245	31	1
190	245	31	1
123	256	31	1
133	258	31	1
148	259	31	1
131	260	31	1
256	263	31	1
127	264	31	1
129	265	31	1
257	266	31	1
259	266	31	1
127	267	31	1
258	267	31	1
126	268	31	1
129	271	31	1
143	274	31	1
261	281	31	1
276	281	31	1
259	282	31	1
275	282	31	1
162	284	31	1
276	284	31	1
165	285	31	1
166	286	31	4
167	287	31	1
166	288	31	1
182	298	31	1
198	306	31	1
188	308	31	2
210	311	31	1
245	311	31	2
210	312	31	1
222	312	31	1
220	315	31	1
211	317	31	1
242	321	31	1
242	322	31	1
236	323	31	1
98	329	31	1
95	330	31	1
96	333	31	1
97	333	31	1
96	334	31	1
97	334	31	1
184	347	31	1
182	349	31	1
113	226	32	1
181	240	32	1
185	241	32	1
183	242	32	1
174	243	32	1
194	243	32	1
172	244	32	1
178	244	32	2
189	244	32	1
188	245	32	2
175	247	32	1
250	255	32	1
134	257	32	1
147	257	32	1
128	260	32	1
261	263	32	2
126	264	32	1
263	267	32	1
260	268	32	1
263	270	32	1
124	271	32	1
139	272	32	1
167	273	32	1
141	275	32	1
159	279	32	1
262	282	32	1
276	282	32	1
164	283	32	1
166	289	32	1
177	298	32	1
118	303	32	1
187	308	32	1
194	308	32	1
188	309	32	1
258	309	32	1
113	310	32	1
113	311	32	2
190	311	32	1
196	311	32	1
225	311	32	1
199	312	32	1
223	315	32	2
245	315	32	1
246	319	32	2
97	330	32	2
93	331	32	1
204	333	32	1
96	334	32	1
187	348	32	2
186	354	32	1
114	227	33	1
112	228	33	1
173	241	33	1
176	242	33	1
178	245	33	1
135	254	33	1
256	260	33	1
158	261	33	2
130	262	33	1
164	262	33	1
130	263	33	1
126	264	33	1
130	264	33	1
157	264	33	1
126	266	33	1
129	266	33	1
263	267	33	1
266	267	33	1
125	268	33	1
128	268	33	1
128	269	33	1
266	270	33	1
127	271	33	1
262	272	33	1
262	273	33	2
263	275	33	1
159	276	33	1
163	283	33	2
161	284	33	1
162	287	33	1
118	298	33	1
169	299	33	1
172	301	33	2
118	303	33	1
194	304	33	1
116	308	33	1
189	308	33	1
198	308	33	1
207	308	33	1
248	309	33	1
112	310	33	1
208	310	33	1
115	311	33	1
198	311	33	1
192	312	33	2
196	312	33	1
199	312	33	1
111	313	33	1
111	314	33	1
246	314	33	1
249	316	33	2
119	318	33	1
203	319	33	1
206	319	33	1
126	323	33	1
239	323	33	2
100	329	33	1
92	330	33	1
196	331	33	1
98	333	33	1
198	333	33	1
217	339	33	1
187	346	33	1
183	348	33	1
188	348	33	1
197	348	33	2
183	349	33	1
209	349	33	1
210	349	33	1
187	350	33	1
177	353	33	1
181	353	33	1
114	226	34	2
114	227	34	2
140	240	34	1
174	240	34	1
139	242	34	1
176	244	34	1
199	245	34	1
134	250	34	1
131	254	34	1
136	254	34	2
131	255	34	1
133	255	34	1
139	256	34	1
133	257	34	1
130	258	34	1
131	258	34	1
151	259	34	2
130	260	34	2
131	261	34	1
167	261	34	1
131	262	34	1
159	262	34	1
127	263	34	1
129	265	34	1
266	267	34	2
260	268	34	1
154	270	34	1
262	270	34	1
260	274	34	1
144	279	34	1
259	282	34	1
157	283	34	1
124	287	34	2
164	294	34	2
120	297	34	1
118	302	34	1
121	302	34	1
116	303	34	2
190	308	34	1
191	308	34	1
112	309	34	1
187	309	34	1
195	309	34	1
197	309	34	1
248	309	34	1
112	310	34	1
185	310	34	1
190	310	34	1
252	310	34	1
198	312	34	1
205	313	34	1
113	316	34	1
242	317	34	1
244	317	34	1
123	318	34	1
245	318	34	1
243	320	34	1
235	325	34	1
98	328	34	1
96	329	34	1
98	332	34	1
100	332	34	1
98	333	34	2
195	333	34	1
197	334	34	2
201	334	34	1
211	340	34	1
195	341	34	1
213	341	34	1
214	346	34	1
208	347	34	1
182	348	34	1
185	348	34	1
201	352	34	3
182	355	34	1
114	229	35	1
117	230	35	1
139	239	35	1
139	241	35	1
140	241	35	1
133	252	35	1
138	255	35	1
129	257	35	2
130	258	35	1
136	259	35	2
149	260	35	1
156	261	35	1
128	264	35	1
146	264	35	1
265	264	35	1
263	266	35	1
265	266	35	1
263	267	35	1
156	271	35	1
160	272	35	2
163	272	35	1
162	274	35	1
163	274	35	1
262	277	35	1
161	279	35	1
125	280	35	1
158	282	35	1
161	283	35	1
120	295	35	1
252	296	35	2
118	298	35	1
121	299	35	1
171	299	35	1
174	300	35	1
118	302	35	1
176	304	35	1
121	305	35	1
120	306	35	2
176	307	35	1
182	307	35	1
112	309	35	1
133	309	35	2
188	309	35	2
196	309	35	1
245	309	35	1
190	311	35	1
197	311	35	1
110	314	35	2
109	317	35	1
133	321	35	1
239	321	35	1
131	325	35	1
234	325	35	1
95	329	35	1
200	331	35	1
198	333	35	1
196	335	35	1
188	336	35	1
216	339	35	1
193	349	35	1
213	349	35	2
215	349	35	1
180	352	35	1
198	353	35	1
212	353	35	1
182	354	35	1
185	354	35	1
204	355	35	1
205	355	35	1
179	356	35	1
139	237	36	1
141	241	36	1
169	241	36	1
132	257	36	1
259	258	36	1
252	259	36	1
129	263	36	1
146	264	36	1
265	265	36	1
154	266	36	1
127	268	36	1
129	270	36	1
260	273	36	1
146	274	36	1
159	274	36	1
261	275	36	1
162	276	36	2
175	276	36	1
260	276	36	1
162	277	36	1
163	277	36	1
161	279	36	1
262	279	36	1
126	280	36	1
262	281	36	1
125	283	36	1
258	283	36	1
154	288	36	1
124	290	36	1
147	290	36	1
165	297	36	1
171	298	36	1
174	301	36	1
175	303	36	1
249	305	36	1
112	308	36	1
185	308	36	1
113	309	36	1
115	310	36	1
189	310	36	1
248	310	36	1
194	311	36	2
252	311	36	1
112	315	36	2
122	315	36	1
126	316	36	1
130	320	36	1
129	322	36	2
130	322	36	3
238	322	36	1
97	326	36	1
94	327	36	1
185	333	36	1
186	333	36	1
148	337	36	1
213	338	36	1
211	339	36	1
209	340	36	1
213	340	36	2
200	344	36	1
197	348	36	1
211	350	36	1
210	352	36	1
182	355	36	1
207	355	36	1
208	355	36	1
205	357	36	1
206	358	36	1
116	228	37	1
119	228	37	1
122	229	37	1
175	229	37	1
123	233	37	1
127	233	37	2
129	233	37	2
134	236	37	1
140	238	37	1
135	239	37	1
165	242	37	1
169	243	37	2
175	243	37	1
137	244	37	1
172	244	37	1
175	245	37	2
140	253	37	1
146	255	37	1
134	256	37	1
145	256	37	1
207	256	37	1
133	260	37	1
133	261	37	1
261	262	37	2
156	263	37	2
263	263	37	1
263	265	37	1
158	271	37	1
146	272	37	1
161	273	37	2
132	274	37	1
160	274	37	1
165	274	37	1
163	277	37	1
126	279	37	1
164	279	37	1
162	280	37	1
258	280	37	1
127	284	37	1
126	287	37	1
126	288	37	1
152	288	37	1
256	292	37	1
262	292	37	1
259	293	37	1
260	293	37	1
259	294	37	2
260	297	37	1
176	301	37	1
177	301	37	1
247	301	37	2
250	301	37	1
261	304	37	1
116	306	37	1
114	308	37	1
112	310	37	2
188	311	37	2
149	315	37	2
256	316	37	1
153	317	37	1
148	318	37	1
138	320	37	1
143	321	37	1
192	324	37	1
242	324	37	1
134	325	37	1
185	332	37	1
185	333	37	1
211	337	37	1
192	344	37	1
200	344	37	1
191	347	37	2
213	347	37	1
209	348	37	1
186	349	37	1
215	349	37	2
211	352	37	1
186	353	37	1
208	356	37	3
205	357	37	1
206	357	37	1
208	357	37	1
113	219	38	1
126	225	38	2
126	227	38	1
122	231	38	1
136	233	38	2
134	234	38	1
166	237	38	1
141	238	38	1
126	239	38	1
162	240	38	1
164	240	38	1
197	240	38	1
143	241	38	1
165	241	38	1
171	242	38	1
174	243	38	1
169	245	38	1
171	245	38	1
173	245	38	1
169	246	38	1
167	249	38	1
137	252	38	1
142	252	38	1
132	253	38	1
148	253	38	1
132	254	38	1
143	254	38	1
143	255	38	1
151	255	38	1
134	256	38	1
142	256	38	1
166	258	38	2
148	259	38	1
142	260	38	1
143	260	38	1
149	261	38	1
264	261	38	1
137	262	38	1
142	262	38	1
149	262	38	1
151	262	38	1
158	263	38	1
164	263	38	2
152	264	38	1
153	264	38	1
143	265	38	1
146	265	38	1
149	267	38	1
261	268	38	1
140	271	38	1
247	271	38	2
132	272	38	1
142	272	38	1
147	272	38	1
138	274	38	1
147	276	38	1
131	277	38	2
164	278	38	1
129	281	38	1
139	281	38	1
127	282	38	1
135	282	38	3
140	284	38	1
153	286	38	1
156	289	38	1
255	294	38	2
120	295	38	1
156	295	38	1
157	296	38	2
259	297	38	1
125	303	38	1
125	304	38	2
261	304	38	1
254	309	38	1
259	310	38	1
116	316	38	1
119	316	38	1
140	316	38	1
116	318	38	1
119	318	38	1
116	319	38	1
136	319	38	2
142	319	38	2
144	319	38	2
116	320	38	1
146	320	38	1
147	320	38	2
126	323	38	1
181	324	38	2
241	324	38	1
242	324	38	2
235	325	38	1
237	325	38	1
148	330	38	1
219	331	38	1
152	332	38	1
159	332	38	1
155	334	38	2
181	335	38	1
211	339	38	1
215	339	38	1
214	340	38	1
197	343	38	1
197	345	38	3
212	345	38	1
189	346	38	1
214	347	38	1
247	347	38	2
247	348	38	1
211	350	38	1
212	351	38	1
208	355	38	1
207	356	38	3
176	357	38	1
181	357	38	1
206	358	38	1
191	361	38	1
115	218	39	1
113	219	39	1
113	220	39	1
119	223	39	1
122	223	39	1
124	223	39	1
136	226	39	1
146	226	39	1
134	228	39	1
147	228	39	1
123	230	39	1
174	232	39	1
201	233	39	1
130	234	39	1
195	234	39	1
202	234	39	1
167	236	39	2
116	238	39	1
145	238	39	1
135	240	39	1
196	240	39	1
137	241	39	1
142	241	39	1
169	241	39	1
165	242	39	1
134	243	39	1
166	243	39	1
171	243	39	1
174	243	39	2
125	244	39	1
169	244	39	1
176	244	39	1
127	247	39	3
178	247	39	2
123	248	39	3
134	252	39	2
136	252	39	1
127	253	39	1
168	253	39	1
235	253	39	1
140	254	39	1
144	254	39	1
153	254	39	1
152	255	39	2
153	256	39	1
133	257	39	2
151	258	39	1
168	258	39	1
148	259	39	1
251	259	39	1
252	259	39	3
169	260	39	1
255	260	39	1
141	261	39	1
151	261	39	1
152	261	39	1
166	261	39	1
146	262	39	1
231	262	39	1
132	263	39	1
139	263	39	2
153	264	39	1
155	264	39	1
147	265	39	1
153	265	39	1
167	265	39	2
130	266	39	2
165	266	39	2
142	267	39	1
259	268	39	1
136	269	39	2
135	272	39	1
142	273	39	1
146	273	39	2
144	274	39	1
148	274	39	1
162	274	39	1
134	275	39	1
131	277	39	1
143	277	39	1
162	278	39	1
147	279	39	1
141	281	39	1
151	281	39	1
133	282	39	1
160	282	39	1
127	283	39	1
138	284	39	1
142	284	39	1
137	285	39	1
139	285	39	1
154	291	39	1
159	293	39	1
258	294	39	1
174	296	39	1
250	297	39	1
171	298	39	1
260	300	39	1
261	300	39	1
173	302	39	2
175	302	39	1
126	307	39	1
124	311	39	2
135	317	39	1
113	318	39	1
141	318	39	2
144	318	39	1
139	319	39	2
240	328	39	1
153	330	39	1
220	330	39	2
153	331	39	1
168	331	39	1
186	331	39	1
221	331	39	1
240	331	39	2
157	332	39	1
179	332	39	1
221	332	39	1
155	334	39	1
153	336	39	1
212	337	39	1
213	338	39	1
201	345	39	1
248	346	39	1
191	347	39	1
191	348	39	3
209	352	39	1
212	352	39	1
214	354	39	1
214	355	39	1
177	357	39	1
205	357	39	1
212	357	39	1
192	361	39	1
195	361	39	1
195	363	39	1
114	218	40	1
111	221	40	2
121	222	40	1
118	224	40	1
141	228	40	1
141	229	40	1
137	230	40	1
138	230	40	1
198	233	40	1
144	235	40	3
201	236	40	1
203	237	40	1
142	238	40	2
146	238	40	1
197	238	40	1
126	239	40	1
139	239	40	1
143	239	40	1
126	240	40	1
162	240	40	1
170	242	40	2
127	243	40	1
124	244	40	1
176	244	40	1
125	245	40	1
127	245	40	1
163	245	40	1
171	247	40	1
124	248	40	1
139	250	40	1
231	250	40	1
225	251	40	1
134	252	40	1
136	252	40	1
143	256	40	1
212	256	40	1
147	257	40	1
176	259	40	1
204	259	40	1
254	259	40	1
136	261	40	1
140	261	40	1
152	261	40	1
161	261	40	1
167	261	40	1
168	261	40	1
251	261	40	1
257	261	40	1
130	262	40	1
140	262	40	1
144	262	40	1
146	262	40	2
153	262	40	1
168	262	40	1
249	262	40	2
140	263	40	1
151	263	40	1
156	265	40	2
159	265	40	1
152	266	40	1
158	266	40	1
152	269	40	1
167	269	40	1
136	270	40	1
146	270	40	2
147	270	40	1
164	270	40	1
249	270	40	1
147	272	40	2
165	272	40	1
231	272	40	1
245	272	40	2
247	272	40	1
140	273	40	1
142	273	40	1
150	273	40	1
167	273	40	1
143	274	40	2
145	274	40	1
132	275	40	1
144	276	40	1
155	276	40	2
163	276	40	1
143	277	40	1
129	278	40	1
138	278	40	1
141	278	40	1
145	278	40	1
151	278	40	1
157	278	40	1
149	279	40	1
152	279	40	1
138	280	40	1
139	280	40	2
140	280	40	1
135	281	40	1
142	281	40	1
139	283	40	1
139	286	40	1
154	286	40	1
133	287	40	1
258	288	40	1
257	291	40	1
156	292	40	1
125	293	40	1
139	294	40	2
121	295	40	1
131	300	40	1
260	300	40	1
133	301	40	1
172	301	40	2
172	302	40	1
129	303	40	2
171	303	40	1
181	303	40	1
139	304	40	1
126	305	40	1
123	310	40	1
125	310	40	1
119	312	40	1
119	315	40	1
150	315	40	1
115	316	40	1
145	316	40	1
148	318	40	1
117	319	40	1
152	320	40	1
177	323	40	1
249	326	40	1
241	327	40	1
148	331	40	1
177	331	40	1
221	331	40	2
156	332	40	1
220	332	40	1
146	333	40	1
154	333	40	1
184	333	40	1
153	334	40	1
154	334	40	1
156	335	40	2
150	336	40	1
158	337	40	1
216	338	40	1
156	339	40	1
211	342	40	1
210	343	40	1
221	343	40	1
222	343	40	1
195	344	40	1
196	345	40	1
210	349	40	1
235	351	40	1
212	352	40	1
212	353	40	1
177	356	40	1
208	357	40	1
206	361	40	1
111	222	41	1
121	222	41	1
135	227	41	1
138	228	41	1
136	230	41	1
139	231	41	1
198	233	41	2
204	233	41	1
199	234	41	1
146	235	41	2
201	235	41	2
142	236	41	1
165	236	41	1
170	236	41	1
141	237	41	1
142	237	41	1
163	237	41	1
140	241	41	1
142	241	41	1
137	242	41	2
140	242	41	1
170	242	41	1
129	243	41	1
140	243	41	1
173	244	41	2
128	245	41	1
166	246	41	1
124	247	41	2
133	249	41	1
230	251	41	1
229	252	41	1
228	253	41	1
144	254	41	1
141	255	41	2
152	255	41	1
140	256	41	1
141	257	41	1
174	257	41	1
214	257	41	1
211	258	41	1
215	258	41	2
140	259	41	1
144	259	41	1
146	259	41	1
205	259	41	1
212	259	41	1
140	260	41	1
154	260	41	1
250	260	41	1
253	260	41	1
146	261	41	1
167	261	41	2
253	261	41	1
139	262	41	1
148	262	41	1
173	262	41	1
151	263	41	1
153	263	41	1
234	263	41	2
145	264	41	2
147	264	41	1
151	264	41	1
171	264	41	1
249	264	41	1
120	266	41	1
145	266	41	1
150	266	41	1
153	266	41	1
132	267	41	2
258	267	41	1
164	268	41	1
258	269	41	1
132	270	41	1
140	270	41	1
151	270	41	1
152	270	41	1
247	270	41	1
145	272	41	1
147	272	41	1
154	272	41	1
220	272	41	1
147	273	41	1
134	274	41	1
147	274	41	1
148	274	41	1
132	275	41	1
157	275	41	1
136	276	41	3
139	276	41	1
141	276	41	1
145	276	41	1
146	276	41	1
155	276	41	2
133	277	41	1
150	278	41	1
153	278	41	2
247	278	41	2
144	280	41	1
142	281	41	1
139	283	41	1
160	283	41	1
218	283	41	1
134	284	41	1
215	284	41	1
136	287	41	1
141	289	41	1
134	290	41	1
155	292	41	1
132	293	41	1
128	295	41	1
131	295	41	1
150	295	41	1
143	296	41	1
148	296	41	1
256	298	41	2
149	299	41	1
166	299	41	2
164	300	41	1
128	302	41	2
132	302	41	1
124	303	41	1
144	303	41	1
170	303	41	1
129	304	41	1
132	304	41	2
123	306	41	1
171	306	41	1
142	307	41	1
126	308	41	1
140	309	41	1
139	319	41	2
181	322	41	1
111	323	41	1
133	326	41	1
131	328	41	1
252	328	41	1
130	329	41	1
167	329	41	1
179	329	41	1
182	329	41	1
245	329	41	1
126	330	41	2
133	330	41	1
147	330	41	1
185	330	41	1
251	330	41	1
155	331	41	1
158	331	41	1
175	331	41	1
187	331	41	1
130	332	41	1
179	333	41	2
189	333	41	1
216	334	41	1
243	334	41	2
246	335	41	2
152	336	41	1
215	336	41	1
127	337	41	1
194	340	41	1
213	341	41	1
222	342	41	1
208	343	41	1
210	344	41	1
196	345	41	1
249	345	41	1
206	346	41	1
221	347	41	2
193	350	41	1
220	350	41	1
211	351	41	1
233	351	41	1
235	351	41	1
235	352	41	1
202	361	41	2
139	231	42	1
137	233	42	1
140	235	42	1
163	235	42	1
199	235	42	1
202	235	42	1
164	236	42	2
166	236	42	1
199	236	42	1
139	237	42	1
159	237	42	1
206	237	42	1
166	238	42	1
138	239	42	1
167	239	42	1
204	239	42	1
164	243	42	1
139	244	42	1
176	244	42	2
178	244	42	1
179	244	42	1
126	247	42	2
144	256	42	1
151	257	42	1
174	257	42	1
158	258	42	1
172	258	42	1
175	258	42	1
145	259	42	1
160	259	42	2
173	259	42	1
248	259	42	1
153	260	42	1
157	260	42	2
153	261	42	2
154	261	42	1
155	261	42	1
157	261	42	2
177	261	42	1
163	262	42	1
166	262	42	1
120	264	42	1
143	264	42	1
144	265	42	1
149	266	42	1
132	270	42	1
151	270	42	1
144	272	42	1
142	273	42	1
154	273	42	1
157	273	42	1
162	275	42	1
134	276	42	1
143	276	42	1
153	276	42	1
154	276	42	2
138	277	42	1
142	277	42	1
155	277	42	1
163	277	42	1
132	278	42	1
155	278	42	2
137	279	42	2
149	279	42	1
151	279	42	1
164	279	42	1
145	280	42	1
151	280	42	1
140	281	42	2
153	281	42	1
139	282	42	1
154	282	42	1
158	282	42	1
209	282	42	1
149	283	42	1
152	283	42	1
217	285	42	1
141	286	42	1
137	288	42	1
153	289	42	2
140	291	42	1
153	292	42	1
137	293	42	2
138	293	42	1
129	294	42	2
135	294	42	1
137	294	42	1
138	294	42	1
139	294	42	1
135	295	42	1
136	297	42	1
139	297	42	1
140	297	42	1
136	298	42	1
215	298	42	1
133	299	42	1
169	299	42	1
153	300	42	1
126	301	42	1
136	301	42	1
144	301	42	1
140	303	42	1
125	304	42	1
144	304	42	1
181	304	42	1
134	305	42	1
140	306	42	1
130	307	42	1
143	310	42	1
139	318	42	1
183	323	42	1
141	324	42	1
181	324	42	1
132	325	42	1
134	325	42	1
183	325	42	2
133	326	42	1
135	326	42	1
176	327	42	1
130	328	42	1
187	329	42	1
131	330	42	1
150	330	42	1
179	330	42	1
188	330	42	1
187	331	42	1
242	331	42	2
127	332	42	1
150	332	42	1
186	332	42	1
189	332	42	1
153	333	42	1
181	333	42	1
189	334	42	1
247	334	42	1
151	335	42	1
128	336	42	1
194	336	42	1
220	336	42	1
127	337	42	1
156	337	42	2
192	337	42	1
155	338	42	1
193	340	42	1
212	348	42	1
234	350	42	1
208	356	42	1
204	360	42	2
157	230	43	1
162	231	43	1
139	233	43	1
154	237	43	1
138	238	43	1
166	238	43	1
179	246	43	1
146	258	43	1
175	258	43	1
215	258	43	1
144	259	43	1
179	259	43	1
154	260	43	1
159	260	43	2
146	261	43	2
209	261	43	1
149	266	43	1
143	267	43	1
147	267	43	1
142	270	43	1
150	270	43	1
146	271	43	1
147	272	43	1
153	274	43	1
132	275	43	1
160	275	43	1
182	275	43	1
148	276	43	1
164	277	43	2
148	279	43	1
151	279	43	1
152	281	43	1
161	281	43	1
140	282	43	1
143	282	43	1
149	283	43	1
150	283	43	2
153	283	43	1
149	284	43	1
160	284	43	1
155	285	43	1
160	285	43	1
215	285	43	1
137	286	43	1
143	286	43	2
154	286	43	1
134	289	43	1
256	289	43	1
132	294	43	1
140	298	43	1
209	298	43	1
138	300	43	1
140	301	43	1
137	302	43	1
130	303	43	1
135	303	43	1
136	303	43	1
126	304	43	1
141	305	43	1
127	306	43	2
132	306	43	1
143	306	43	2
170	306	43	1
143	308	43	1
141	309	43	1
143	314	43	1
140	318	43	2
114	321	43	4
138	321	43	1
150	324	43	1
132	326	43	1
177	326	43	3
249	326	43	1
136	327	43	1
156	328	43	1
251	328	43	4
177	329	43	2
191	332	43	1
187	333	43	1
246	336	43	1
127	337	43	1
132	338	43	1
195	341	43	1
211	343	43	1
207	352	43	1
231	352	43	1
207	353	43	1
206	354	43	1
138	228	44	1
139	228	44	1
135	230	44	1
140	234	44	1
178	245	44	1
178	258	44	2
177	260	44	1
156	261	44	1
161	261	44	1
160	262	44	3
149	263	44	2
146	264	44	1
152	264	44	1
156	265	44	1
149	267	44	1
145	269	44	1
146	269	44	1
148	269	44	1
142	273	44	1
143	273	44	1
145	274	44	1
144	275	44	2
154	276	44	1
156	276	44	1
145	277	44	1
158	277	44	1
154	278	44	1
147	280	44	2
210	280	44	2
140	281	44	1
154	282	44	1
158	282	44	1
145	284	44	1
149	284	44	1
155	284	44	1
142	285	44	1
143	285	44	1
144	291	44	1
144	292	44	1
145	293	44	1
223	293	44	1
140	300	44	1
143	300	44	1
136	301	44	1
127	303	44	1
130	306	44	1
173	306	44	1
174	309	44	3
143	310	44	1
183	329	44	1
242	335	44	1
211	346	44	1
228	346	44	1
231	346	44	2
208	354	44	1
195	361	44	1
158	262	45	1
149	265	45	2
155	267	45	1
164	277	45	1
150	279	45	2
149	280	45	1
150	280	45	1
161	281	45	1
150	283	45	2
146	285	45	1
214	287	45	1
144	291	45	1
143	293	45	1
136	297	45	1
142	297	45	1
135	299	45	1
137	304	45	1
143	308	45	1
180	318	45	1
176	327	45	1
187	329	45	1
185	330	45	1
215	343	45	1
217	345	45	1
132	236	46	1
159	263	46	1
157	265	46	1
146	275	46	1
163	275	46	1
161	277	46	1
145	279	46	1
215	280	46	1
150	281	46	1
144	282	46	1
152	282	46	1
250	283	46	1
140	284	46	1
142	284	46	2
146	285	46	2
139	295	46	1
136	298	46	1
144	299	46	1
132	300	46	1
131	302	46	1
139	303	46	1
137	304	46	1
188	320	46	1
177	323	46	1
172	326	46	1
182	326	46	1
191	327	46	1
238	331	46	1
217	342	46	1
222	342	46	1
222	343	46	1
232	343	46	1
173	353	46	1
146	270	47	1
146	289	47	1
140	293	47	1
146	293	47	1
134	298	47	1
140	298	47	1
190	323	47	1
230	353	47	1
231	356	47	1
154	274	48	1
146	275	48	1
140	278	48	1
159	279	48	1
140	295	48	1
135	230	49	1
151	248	49	2
154	248	49	1
156	256	49	1
139	268	49	1
156	274	49	1
146	276	49	1
157	279	49	2
207	279	49	1
134	280	49	1
145	280	49	2
169	284	49	1
202	299	49	2
225	300	49	1
152	304	49	1
126	305	49	1
169	308	49	1
139	326	49	1
235	326	49	2
197	348	49	1
204	348	49	1
186	349	49	1
220	277	50	1
146	289	50	1
131	294	50	1
140	294	50	1
148	296	50	1
174	298	50	1
244	301	50	1
157	313	50	1
212	318	50	2
225	341	50	3
