x	y	z	Mismatch repair (MMR) directed by MSH2:MSH6 (MutSalpha)
244	284	21	1
244	287	24	1
246	287	24	1
245	288	24	1
233	269	25	1
228	272	25	1
238	272	25	1
227	273	25	1
238	273	25	1
235	274	25	1
237	275	25	1
239	276	25	2
231	277	25	2
236	277	25	1
234	279	25	1
239	279	25	1
241	279	25	1
236	280	25	1
234	281	25	2
240	281	25	1
248	281	25	1
235	282	25	1
237	282	25	1
238	282	25	1
245	282	25	1
233	283	25	3
239	283	25	1
247	283	25	1
234	284	25	1
236	284	25	1
242	284	25	1
215	285	25	1
232	285	25	1
235	285	25	1
236	285	25	1
234	286	25	1
245	286	25	1
250	286	25	1
254	286	25	1
251	287	25	1
235	288	25	1
237	288	25	1
235	290	25	1
236	290	25	1
240	290	25	1
244	290	25	1
226	291	25	1
240	291	25	1
238	292	25	1
239	293	25	1
244	293	25	1
247	293	25	1
240	295	25	2
244	296	25	1
243	299	25	1
229	264	26	1
230	264	26	1
231	264	26	1
241	267	26	1
239	272	26	1
239	273	26	1
231	274	26	1
237	275	26	1
249	275	26	1
215	276	26	1
233	276	26	1
238	276	26	1
207	277	26	1
209	277	26	1
210	277	26	1
236	277	26	1
247	277	26	1
231	278	26	1
236	278	26	1
207	279	26	1
232	279	26	1
233	279	26	1
248	279	26	1
249	279	26	1
233	280	26	1
240	280	26	1
248	280	26	1
235	281	26	1
239	281	26	1
215	282	26	1
229	282	26	1
235	282	26	1
238	283	26	1
246	283	26	1
215	284	26	1
236	284	26	1
237	284	26	1
241	284	26	1
244	284	26	2
212	285	26	1
241	285	26	1
247	285	26	1
216	286	26	1
232	286	26	1
233	286	26	1
234	286	26	1
236	286	26	1
246	286	26	2
247	286	26	1
250	286	26	1
251	286	26	1
253	286	26	1
223	287	26	1
232	287	26	1
253	287	26	1
232	288	26	1
236	289	26	1
248	289	26	1
226	291	26	1
249	291	26	1
226	292	26	1
240	292	26	1
247	292	26	1
254	292	26	1
236	293	26	1
253	293	26	1
234	295	26	1
237	297	26	1
239	297	26	1
245	297	26	1
240	298	26	1
246	298	26	1
239	299	26	1
225	300	26	2
236	300	26	1
227	301	26	1
184	255	27	1
185	259	27	1
229	259	27	1
226	260	27	2
228	260	27	1
234	260	27	1
229	261	27	1
231	261	27	1
235	261	27	1
175	263	27	1
179	263	27	2
234	263	27	1
224	264	27	1
231	265	27	1
233	265	27	1
234	265	27	1
236	265	27	1
238	265	27	2
216	266	27	1
217	266	27	1
219	266	27	1
229	266	27	1
230	266	27	1
232	266	27	1
233	266	27	1
239	266	27	1
217	267	27	1
231	267	27	1
232	267	27	1
240	267	27	2
250	267	27	1
181	268	27	1
213	268	27	1
214	268	27	1
215	268	27	1
219	268	27	1
222	268	27	1
225	268	27	1
247	268	27	2
248	268	27	1
182	269	27	1
201	269	27	2
205	269	27	1
232	269	27	1
181	270	27	1
231	270	27	1
248	270	27	1
177	271	27	1
209	271	27	1
231	271	27	1
233	271	27	1
236	271	27	1
242	271	27	1
176	272	27	1
205	272	27	1
227	272	27	1
230	272	27	2
214	273	27	1
217	273	27	2
231	273	27	1
237	273	27	1
241	273	27	1
214	274	27	1
224	274	27	3
229	274	27	1
233	274	27	1
239	274	27	1
247	274	27	1
205	275	27	2
217	275	27	1
233	275	27	1
236	275	27	1
246	275	27	1
204	276	27	1
205	276	27	1
220	276	27	1
238	276	27	1
205	277	27	1
232	277	27	1
235	277	27	1
244	277	27	1
248	277	27	1
250	277	27	1
210	278	27	1
220	278	27	1
246	278	27	1
248	278	27	1
201	279	27	1
246	279	27	1
206	280	27	1
214	280	27	1
240	280	27	1
252	280	27	1
206	281	27	1
217	281	27	1
238	281	27	1
240	281	27	1
216	282	27	1
236	282	27	1
250	282	27	1
252	282	27	1
206	283	27	1
209	283	27	1
218	283	27	1
228	283	27	2
231	283	27	2
242	283	27	2
243	283	27	1
245	283	27	2
253	283	27	2
209	284	27	1
214	284	27	1
232	284	27	1
243	284	27	1
204	285	27	1
208	285	27	1
219	285	27	1
223	285	27	1
224	285	27	1
228	285	27	1
236	285	27	1
239	285	27	1
241	285	27	1
246	285	27	1
250	285	27	1
214	286	27	1
234	286	27	1
235	286	27	1
236	286	27	1
241	286	27	1
251	286	27	1
255	286	27	1
210	287	27	2
221	287	27	1
238	287	27	1
232	288	27	2
233	288	27	2
251	288	27	1
219	289	27	1
222	289	27	1
227	289	27	1
230	289	27	1
231	289	27	1
243	289	27	1
246	289	27	1
253	289	27	1
228	290	27	1
233	290	27	1
252	290	27	1
224	291	27	1
227	291	27	1
230	291	27	1
240	291	27	1
241	291	27	1
246	291	27	2
247	291	27	1
211	292	27	1
226	292	27	2
228	292	27	1
229	292	27	1
235	292	27	1
237	292	27	1
246	292	27	1
249	292	27	1
250	292	27	1
251	292	27	1
252	292	27	1
253	292	27	1
219	293	27	1
244	293	27	1
247	293	27	1
249	293	27	2
213	294	27	1
225	294	27	1
226	294	27	1
231	294	27	1
236	294	27	1
246	294	27	1
239	295	27	2
243	295	27	2
211	296	27	1
220	296	27	1
236	296	27	1
246	296	27	1
255	296	27	1
237	297	27	1
241	298	27	2
247	298	27	1
215	299	27	1
230	299	27	1
245	299	27	1
227	300	27	1
228	300	27	1
240	300	27	1
227	301	27	1
245	301	27	1
239	302	27	1
244	304	27	1
234	266	28	1
237	268	28	1
238	269	28	1
250	270	28	1
237	271	28	1
240	271	28	1
234	272	28	1
235	273	28	1
235	275	28	1
235	276	28	1
238	276	28	1
236	278	28	1
237	278	28	1
251	280	28	1
235	282	28	1
247	282	28	1
251	282	28	1
247	283	28	1
245	285	28	2
237	286	28	1
246	286	28	1
244	287	28	1
248	289	28	1
244	290	28	1
239	291	28	1
241	291	28	1
241	292	28	1
249	293	28	1
250	293	28	1
240	294	28	1
239	297	28	1
190	258	29	1
228	258	29	1
233	258	29	1
229	259	29	1
234	260	29	1
240	260	29	1
248	263	29	1
178	264	29	1
224	264	29	1
231	264	29	1
232	264	29	1
232	265	29	1
239	265	29	2
249	265	29	1
178	266	29	1
230	266	29	1
192	267	29	1
199	267	29	1
231	267	29	1
236	267	29	1
237	267	29	2
217	268	29	1
226	268	29	1
231	268	29	1
234	268	29	1
239	268	29	1
235	270	29	1
229	271	29	1
233	271	29	1
237	271	29	1
232	272	29	1
234	272	29	1
207	273	29	2
225	273	29	1
238	273	29	1
180	274	29	1
214	274	29	1
234	274	29	1
250	274	29	1
231	275	29	1
245	275	29	1
228	276	29	1
232	276	29	1
241	276	29	1
248	276	29	1
249	276	29	1
252	276	29	2
247	277	29	1
235	278	29	1
236	278	29	1
247	278	29	1
248	279	29	1
254	279	29	1
235	280	29	1
247	280	29	1
252	280	29	1
256	280	29	1
234	281	29	1
235	281	29	1
246	281	29	1
248	281	29	1
235	282	29	1
245	282	29	1
248	282	29	1
254	282	29	1
215	283	29	1
232	283	29	3
233	283	29	2
246	283	29	2
248	283	29	1
232	284	29	1
234	284	29	1
243	284	29	1
248	284	29	1
252	284	29	1
219	285	29	1
233	285	29	1
238	285	29	1
243	285	29	1
246	285	29	1
233	286	29	1
234	286	29	1
225	287	29	1
246	287	29	1
247	287	29	1
233	288	29	1
241	288	29	1
243	288	29	1
249	288	29	2
227	289	29	1
237	289	29	1
243	289	29	1
227	290	29	1
240	290	29	1
245	290	29	1
247	291	29	2
248	291	29	1
222	292	29	1
242	292	29	1
237	293	29	1
243	294	29	1
244	294	29	1
241	295	29	1
243	295	29	1
245	295	29	1
223	296	29	1
227	297	29	1
245	297	29	1
248	297	29	1
215	298	29	1
221	298	29	1
224	298	29	1
236	300	29	1
237	300	29	1
247	300	29	1
230	301	29	1
238	301	29	1
250	302	29	1
237	304	29	1
225	251	30	1
233	252	30	1
231	254	30	1
233	254	30	1
191	255	30	1
215	255	30	1
229	255	30	1
230	256	30	2
181	257	30	1
203	257	30	1
215	257	30	1
236	257	30	1
237	257	30	2
239	257	30	1
226	258	30	1
228	258	30	1
233	258	30	1
205	259	30	1
214	259	30	1
216	259	30	1
232	259	30	1
184	260	30	1
190	260	30	1
216	260	30	1
217	260	30	1
231	260	30	1
218	261	30	1
224	261	30	1
229	261	30	1
231	261	30	1
232	261	30	1
241	261	30	1
246	261	30	2
178	262	30	1
218	262	30	1
219	262	30	2
227	262	30	1
231	262	30	1
224	263	30	1
228	263	30	1
186	264	30	1
222	264	30	1
227	264	30	1
229	264	30	1
245	264	30	1
250	264	30	1
213	265	30	2
242	265	30	1
232	266	30	1
240	266	30	1
249	266	30	1
192	267	30	1
196	267	30	1
237	267	30	1
241	267	30	1
245	267	30	1
249	267	30	1
191	268	30	1
196	268	30	1
207	268	30	1
247	268	30	1
213	269	30	1
222	269	30	1
240	269	30	1
243	269	30	1
207	270	30	1
230	270	30	1
198	271	30	1
204	271	30	1
223	272	30	1
235	272	30	1
245	272	30	2
247	272	30	1
208	273	30	1
234	273	30	1
239	273	30	1
240	273	30	1
246	273	30	1
181	274	30	1
238	274	30	1
241	274	30	1
182	275	30	1
212	275	30	1
215	275	30	3
233	275	30	1
236	275	30	1
237	275	30	1
240	275	30	1
244	275	30	2
205	276	30	2
206	276	30	1
238	276	30	1
240	276	30	1
249	276	30	3
232	277	30	1
247	277	30	1
175	278	30	1
201	278	30	1
206	278	30	1
208	278	30	1
238	278	30	1
253	278	30	2
241	279	30	1
247	279	30	1
251	279	30	1
206	280	30	1
233	280	30	1
237	280	30	1
239	280	30	1
242	280	30	1
249	280	30	1
173	281	30	1
223	281	30	2
240	281	30	1
243	281	30	1
213	282	30	1
229	282	30	1
232	282	30	1
235	282	30	1
239	282	30	1
245	282	30	1
247	282	30	1
232	283	30	1
238	283	30	1
239	283	30	2
225	284	30	1
236	284	30	2
250	284	30	1
258	284	30	1
224	285	30	1
226	285	30	1
227	285	30	1
233	285	30	1
234	285	30	2
254	285	30	1
227	286	30	1
229	286	30	1
230	286	30	1
251	286	30	1
255	286	30	1
224	287	30	1
226	287	30	1
228	287	30	1
238.5	287.5	30.5	2
241	287	30	1
250	287	30	1
225	288	30	1
228	288	30	1
241	288	30	1
246	288	30	1
237	289	30	2
247	289	30	1
198	290	30	1
225	290	30	1
227	290	30	1
231	290	30	1
232	290	30	1
233	290	30	1
236	290	30	1
239	290	30	1
197	291	30	1
244	291	30	1
247	291	30	1
249	291	30	1
258	291	30	1
198	292	30	2
203	292	30	1
213	292	30	1
223	292	30	1
235	292	30	1
237	292	30	1
239	293	30	1
251	293	30	1
220	294	30	2
229	294	30	1
230	294	30	1
237	294	30	1
244	294	30	2
245	294	30	1
252	294	30	1
253	294	30	1
224	295	30	1
247	295	30	1
250	295	30	1
226	296	30	1
233	296	30	1
239	296	30	1
241	296	30	1
253	296	30	1
240	297	30	1
245	297	30	1
215	298	30	1
237	298	30	1
215	299	30	1
236	299	30	1
244	299	30	1
246	299	30	1
247	299	30	1
218	300	30	1
230	300	30	1
247	300	30	1
249	300	30	1
226	301	30	1
235	301	30	1
236	301	30	1
249	301	30	2
223	302	30	1
239	302	30	1
242	302	30	1
217	303	30	1
223	303	30	1
244	303	30	1
236	304	30	1
242	304	30	1
238	305	30	1
229	252	31	1
217	253	31	1
227	253	31	1
228	253	31	1
229	254	31	1
195	255	31	1
230	255	31	1
238	255	31	1
190	258	31	1
227	258	31	1
234	258	31	1
219	259	31	1
239	259	31	1
209	260	31	1
216	260	31	1
235	260	31	2
241	260	31	1
211	261	31	1
226	261	31	1
231	261	31	1
234	261	31	1
221	262	31	1
226	262	31	1
186	263	31	1
194	263	31	1
211	263	31	1
220	263	31	1
223	263	31	1
228	263	31	1
229	263	31	2
232	263	31	1
240	263	31	1
249	263	31	2
194	264	31	1
204	264	31	1
224	264	31	1
215	265	31	1
226	265	31	1
187	266	31	1
189	266	31	1
213	266	31	1
215	266	31	2
220	266	31	1
243	266	31	1
186	267	31	1
192	267	31	1
197	267	31	1
232	267	31	1
248	267	31	1
203	268	31	1
213	268	31	1
216	268	31	1
222	268	31	1
232	268	31	1
209	269	31	1
246	269	31	1
185	270	31	1
237	270	31	1
244	270	31	1
247	270	31	1
171	271	31	1
178	271	31	1
224	271	31	1
240	271	31	1
245	271	31	1
205	272	31	1
226	272	31	1
237	272	31	1
243	272	31	1
250	272	31	1
254	272	31	1
210	273	31	1
211	273	31	2
239	273	31	1
244	273	31	2
210	274	31	1
216	274	31	1
229	274	31	1
232	274	31	1
233	274	31	2
244	274	31	1
205	275	31	1
241	275	31	1
243	275	31	1
176	276	31	1
239	276	31	1
243	276	31	1
244	276	31	1
234	277	31	2
236	277	31	1
238	277	31	1
241	277	31	1
247	277	31	1
180	278	31	1
204	278	31	1
206	278	31	2
244	278	31	1
245	278	31	1
178	279	31	1
180	279	31	2
208	279	31	1
249	279	31	1
208	280	31	1
221	280	31	2
237	280	31	1
247	280	31	1
206	281	31	1
220	281	31	1
228	281	31	1
233	281	31	1
179	282	31	1
181	282	31	1
219	282	31	1
246	282	31	1
253	282	31	1
179	283	31	2
181	283	31	1
218	283	31	1
236	283	31	1
242	283	31	1
251	283	31	1
177	284	31	1
182	284	31	1
212	284	31	1
219	284	31	1
222	284	31	1
223	284	31	1
231	284	31	1
239	284	31	1
241	284	31	1
249	284	31	1
179	285	31	1
219	285	31	1
224	285	31	1
225	285	31	2
226	285	31	1
243	285	31	1
204	286	31	1
218	286	31	1
244	286	31	1
187	287	31	3
219	287	31	2
227	287	31	1
231	287	31	1
237	287	31	1
240.5	288.5	31.5	2
247	288	31	1
221	289	31	1
222	289	31	1
235	289	31	1
246	289	31	1
252	289	31	1
221	290	31	1
222	290	31	1
239	290	31	1
242	290	31	1
247	290	31	1
248	290	31	1
197	291	31	1
200	291	31	1
204	291	31	1
230	291	31	1
238	291	31	1
240	291	31	1
241	291	31	1
244	291	31	1
245	291	31	1
248	291	31	1
231	292	31	1
235	292	31	1
253	292	31	1
256	292	31	1
223	293	31	1
229	293	31	1
233	293	31	1
237	293	31	2
241	294	32.8	1
198	294	31	1
221	294	31	1
250	294	31	2
202	295	31	2
221	295	31	1
229	295	31	2
231	295	31	1
235	295	31	1
243	295	31	1
244	295	31	1
250	295	31	1
228	296	31	1
231	296	31	1
235	296	31	1
242	296	31	2
224	297	31	2
231	297	31	1
236	297	31	1
241	297	31	1
223	298	31	1
224	298	31	1
228	298	31	1
240	298	31	1
245	298	31	1
251	298	31	1
233	299	31	1
245	299	31	1
228	300	31	1
230	300	31	2
232	300	31	1
246	300	31	1
249	300	31	1
233	301	31	1
236	301	31	1
223	302	31	1
226	302	31	1
232	302	31	1
242	302	31	1
247	302	31	1
244	304	31	1
223	305	31	1
224	305	31	1
242	305	31	1
223	307	31	2
237	307	31	1
225	308	31	1
228	251	32	1
216	252	32	1
217	252	32	1
193	253	32	1
224	253	32	1
225	253	32	1
231	253	32	1
237	253	32	1
223	254	32	1
226	254	32	1
239	254	32	1
188	255	32	2
215	255	32	2
217	255	32	1
235	255	32	1
232	256	32	1
236	256	32	1
193	257	32	1
208	257	32	3
221	257	32	1
228	257	32	1
213	258	32	1
216	258	32	1
239	258	32	1
207	259	32	1
211	259	32	1
217	259	32	1
229	259	32	1
234	259	32	1
242	259	32	1
211	260	32	1
220	260	32	1
221	260	32	1
222	260	32	1
228	260	32	1
235	260	32	1
242	260	32	1
243	260	32	1
248	260	32	1
215	261	32	1
218	261	32	1
197	262	32	1
207	262	32	1
218	262	32	1
224	262	32	1
236	262	32	1
240	262	32	1
243	262	32	1
200	263	32	1
204	263	32	1
213	263	32	1
225	263	32	1
242	263	32	1
243	263	32	1
246	263	32	1
200	264	32	1
215	264	32	1
222	264	32	1
188	265	32	1
191	265	32	1
194	265	32	1
195	265	32	1
196	265	32	1
198	265	32	1
203	265	32	1
206	265	32	1
215	265	32	1
218	265	32	1
226	265	32	1
232	265	32	1
184	266	32	1
194	266	32	1
212	266	32	1
221	266	32	1
228	266	32	1
230	266	32	1
232	266	32	1
239	266	32	1
249	266	32	1
251	266	32	1
182	267	32	1
184	267	32	1
208	267	32	1
229	267	32	1
240	267	32	1
246	267	32	1
186	268	32	1
188	268	32	2
211	268	32	1
212	268	32	1
215	268	32	1
216	268	32	1
225	268	32	1
228	268	32	1
248	268	32	1
253	268	32	1
184	269	32	1
218	269	32	1
222	269	32	1
232	269	32	1
242	269	32	2
245	269	32	1
246	269	32	1
248	269	32	1
249	269	32	1
250	269	32	1
185	270	32	1
216	270	32	1
222	270	32	1
224	270	32	1
250	270	32	1
182	271	32	1
207	271	32	2
213	271	32	1
215	271	32	1
216	271	32	2
233	271	32	1
235	271	32	1
250	271	32	2
175	272	32	1
200	272	32	1
203	272	32	1
214	272	32	1
238	272	32	1
241	272	32	1
244	272	32	1
251	272	32	1
252	272	32	1
186	273	32	1
205	273	32	1
206	273	32	3
210	273	32	1
213	273	32	1
214	273	32	1
215	273	32	1
235	273	32	1
236	273	32	1
246	273	32	1
254	273	32	1
183	274	32	1
185	274	32	2
214	274	32	2
241	274	32	1
250	274	32	1
183	275	32	1
202	275	32	3
247	275	32	1
184	276	32	2
205	276	32	2
215	276	32	1
233	276	32	1
246	276	32	2
214	277	32	1
247	277	32	1
250	277	32	1
254	277	32	1
175	278	32	2
234	278	32	1
240	278	32	1
244	278	32	3
249	278	32	1
178	279	32	1
234	279	32	1
241	279	32	1
242	279	32	1
243	279	32	1
244	279	32	1
245	279	32	1
247	279	32	1
205	280	32	1
208	280	32	1
219	280	32	1
241	280	32	3
242	280	32	2
248	280	32	1
251	280	32	1
175	281	32	1
179	281	32	1
186	281	32	2
217	281	32	1
219	281	32	1
221	281	32	1
223	281	32	2
234	281	32	1
237	281	32	1
241	281	32	1
243	281	32	1
248	281	32	1
175	282	32	2
178	282	32	1
220	282	32	1
222	282	32	1
232	282	32	1
254	282	32	1
226	283	32	1
236	283	32	1
253	283	32	1
208	284	32	2
219	284	32	2
225	284	32	1
227	284	32	1
237	284	32	1
240	284	32	1
247	284	32	1
204	285	32	3
219	285	32	1
234	285	32	1
237	285	32	1
250	285	32	1
253	285	32	2
254	285	32	1
174	286	32	1
175	286	32	1
177	286	32	1
222	286	32	1
229	286	32	1
236	286	32	1
243	286	32	1
248	286	32	1
252	286	32	1
224	287	32	1
246	287	32	1
249	287	32	1
202	288	32	1
221	288	32	1
229	288	32	1
234	288	32	1
236	288	32	1
239	288	32	1
242	288	32	1
258	288	32	1
185	289	32	1
222	289	32	1
224	289	32	1
229	289	32	1
237	289	32	1
242	289	32	1
243	289	32	1
247	289	32	1
200	290	32	1
224	290	32	1
229	290	32	1
235	290	32	1
239	290	32	1
223	291	32	1
224	291	32	1
241	291	32	1
246	291	32	1
250	291	32	1
198	292	32	1
234	292	32	1
238	292	32	1
242	292	32	1
246	292	32	1
248	292	32	1
249	292	32	1
251	292	32	1
252	292	32	2
179	293	32	1
197	293	32	1
198	293	32	1
220	293	32	1
230	293	32	1
232	293	32	1
234	293	32	1
237	293	32	1
256	293	32	1
180	294	32	1
199	294	32	1
202	294	32	2
223	294	32	1
225	294	32	1
227	294	32	1
231	294	32	2
239	294	32	2
242	294	32	2
253	294	32	1
229	295	32	1
248	295	32	1
253	295	32	1
223	296	32	1
226	296	32	1
231	296	32	1
241	296	32	1
245	296	32	1
247	296	32	1
252	296	32	1
226	297	32	1
229	297	32	1
233	297	32	1
236	297	32	1
251	297	32	1
197	298	32	1
219	298	32	1
230	298	32	2
232	298	32	1
234	298	32	1
241	298	32	1
196	299	32	1
228	299	32	1
240	299	32	1
241	299	32	1
249	299	32	2
232	300	32	1
247	300	32	1
223	301	32	1
232	301	32	1
234	301	32	1
243	301	32	1
231	302	32	1
241	302	32	2
243	302	32	2
207	303	32	1
225	303	32	1
226	303	32	1
217	304	32	1
220	304	32	1
230	304	32	1
245	304	32	1
204	305	32	1
238	305	32	1
233	306	32	1
221	307	32	1
225	307	32	1
236	308	32	1
227	309	32	1
228	309	32	1
231	309	32	1
227	310	32	1
235	313	32	1
228	250	33	1
227	251	33	2
222	253	33	1
225	253	33	1
223	254	33	1
240	254	33	1
223	255	33	1
237	255	33	1
237	256	33	1
214	257	33	1
216	258	33	1
243	258	33	1
194	259	33	1
213	259	33	1
229	259	33	1
233	259	33	1
246	259	33	1
230	260	33	2
236	260	33	1
238	260	33	1
240	260	33	1
193	261	33	2
195	261	33	1
219	261	33	1
225	261	33	1
230	261	33	1
232	261	33	2
210	262	33	2
221	262	33	1
231	262	33	1
242	262	33	1
246	262	33	1
250	262	33	1
183	263	33	1
189	263	33	1
203	263	33	1
211	263	33	1
243	263	33	1
188	264	33	1
192	264	33	1
194	264	33	1
209	264	33	1
214	264	33	1
216	264	33	1
220	264	33	1
224	264	33	1
247	264	33	1
186	265	33	1
188	265	33	1
189	265	33	1
210	265	33	1
218	265	33	1
220	265	33	1
223	265	33	2
229	265	33	1
245	265	33	1
247	265	33	1
190	266	33	1
195	266	33	1
208	266	33	1
222	266	33	1
230	266	33	1
239	266	33	1
241	266	33	1
249	266	33	1
184	267	33	1
200	267	33	1
209	267	33	1
210	267	33	1
221	267	33	1
225	267	33	2
229	267	33	1
240	267	33	1
250	267	33	1
195	268	33	1
196	268	33	1
207	268	33	1
212	268	33	1
216	268	33	1
243	268	33	1
185	269	33	1
234	269	33	1
241	269	33	1
206	270	33	1
233	270	33	2
242	270	33	1
249	270	33	1
178	271	33	1
179	271	33	1
180	271	33	1
205	271	33	1
216	271	33	1
217	271	33	1
237	271	33	1
245	271	33	1
247	271	33	1
178	272	33	1
201	272	33	1
208	272	33	1
215	272	33	1
249	272	33	1
251	272	33	2
171	273	33	2
183	273	33	1
186	273	33	1
203	273	33	1
204	273	33	1
215	273	33	1
227	273	33	1
240	273	33	1
253	273	33	2
203	274	33	1
206	274	33	1
214	274	33	1
233	274	33	1
235	274	33	2
184	275	33	1
216	275	33	1
246	275	33	1
177	276	33	1
206	276	33	1
239	276	33	1
209	277	33	1
211	277	33	1
227	277	33	1
236	277	33	1
242	277	33	2
174	278	33	1
238	278	33	1
240	278	33	2
246	278	33	2
178	279	33	1
241	279	33	1
244	279	33	1
249	279	33	1
203	280	33	1
207	280	33	2
211	280	33	2
220	280	33	1
224	280	33	1
225	280	33	1
242	280	33	1
250	280	33	1
208	281	33	1
217	281	33	1
222	281	33	1
223	281	33	1
239	281	33	1
244	281	33	1
249	281	33	1
207	282	33	1
210	282	33	2
212	282	33	1
214	282	33	1
222	282	33	3
233	282	33	1
243	282	33	1
179	283	33	1
183	283	33	1
209	283	33	1
218	283	33	1
236	283	33	1
239	283	33	1
175	284	33	2
237	284	33	1
222	285	33	1
234	285	33	2
226	286	33	2
228	286	33	2
252	286	33	1
205	287	33	1
208	287	33	2
219	287	33	1
245	287	33	1
226	288	33	1
230	288	33	1
231	288	33	1
236	288	33	1
245	288	33	1
246	288	33	1
250	288	33	1
184	289	33	1
186	289	33	1
202	289	33	1
250	289	33	1
199	290	33	1
235	290	33	1
197	291	33	1
223	291	33	1
226	291	33	1
231	291	33	1
237	291	33	1
242	291	33	1
202	292	33	1
232	292	33	1
245	292	33	1
246	292	33	1
248	292	33	1
256	292	33	1
185	293	33	1
224	293	33	1
226	293	33	2
228	293	33	2
246	293	33	1
187	294	33	1
252	294	33	1
204	295	33	1
231	295	33	2
237	295	33	1
250	295	33	1
180	296	33	2
235	296	33	1
236	296	33	1
237	296	33	1
243	296	33	1
252	296	33	1
196	297	33	1
198	297	33	1
228	297	33	1
233	297	33	1
240	297	33	1
220	298	33	1
223	298	33	1
228	298	33	1
245	298	33	1
201	299	33	1
229	299	33	1
234	299	33	1
240	299	33	1
241	299	33	1
243	299	33	1
245	299	33	1
226	300	33	1
231	300	33	1
225	301	33	1
226	301	33	1
228	301	33	1
235	301	33	1
237	301	33	1
239	301	33	1
242	301	33	1
233	302	33	1
240	302	33	1
244	302	33	1
245	302	33	1
232	303	33	1
234	303	33	1
209	304	33	1
227	304	33	1
239	304	33	1
227	305	33	1
235	305	33	1
242	306	33	1
221	307	33	1
226	307	33	1
227	307	33	1
233	308	33	1
223	309	33	1
228	309	33	1
233	309	33	1
234	309	33	1
217	310	33	1
227	310	33	1
229	310	33	1
226	311	33	1
235	311	33	1
229	313	33	1
230	315	33	1
225	252	34	1
226	252	34	1
226	253	34	1
217	254	34	1
235	254	34	1
225	255	34	1
237	255	34	1
218	256	34	1
223	256	34	1
224	256	34	1
237	256	34	1
241	257	34	1
242	257	34	1
235	258	34	1
189	259	34	1
219	259	34	1
234	259	34	1
242	259	34	1
228	260	34	1
236	260	34	1
240	260	34	1
216	261	34	1
221	261	34	1
227	261	34	1
228	261	34	1
229	261	34	1
189	262	34	1
193	262	34	1
217	262	34	1
228	262	34	1
233	262	34	1
240	262	34	1
247	262	34	1
185	263	34	1
207	263	34	1
211	263	34	1
214	263	34	1
217	263	34	1
228	263	34	1
231	263	34	1
232	263	34	1
234	263	34	1
235	263	34	1
236	263	34	1
239	263	34	1
240	263	34	1
251	263	34	1
187	264	34	1
200	264	34	1
201	264	34	1
218	264	34	1
223	264	34	2
228	264	34	2
233	264	34	1
190	265	34	1
193	265	34	1
194	265	34	1
204	265	34	1
209	265	34	1
217	265	34	1
220	265	34	1
231	265	34	1
239	265	34	1
245	265	34	1
248	265	34	1
186	266	34	1
204	266	34	1
208	266	34	1
211	266	34	1
227	266	34	1
229	266	34	1
246	266	34	1
250	266	34	1
251	266	34	1
197	267	34	1
209	267	34	1
220	267	34	1
235	267	34	1
239	267	34	1
247	267	34	1
176	268	34	1
193	268	34	1
216	268	34	1
218	268	34	1
189	269	34	1
194	269	34	1
213	269	34	1
233	269	34	1
244	269	34	1
180	270	34	1
186	270	34	2
195	270	34	1
196	270	34	1
197	270	34	2
210	270	34	1
214	270	34	1
243	270	34	1
249	270	34	1
177	271	34	1
178	271	34	1
180	271	34	1
181	271	34	1
215	271	34	1
217	271	34	1
235	271	34	1
237	271	34	1
244	271	34	1
182	272	34	1
188	272	34	1
198	272	34	1
206	272	34	1
207	272	34	1
228	272	34	1
237	272	34	1
238	272	34	1
247	272	34	1
249	272	34	1
170	273	34	1
185	273	34	1
201	273	34	1
204	273	34	1
218	273	34	1
219	273	34	2
239	273	34	1
243	273	34	1
179	274	34	1
180	274	34	1
183	274	34	1
203	274	34	1
181	275	34	1
209	275	34	2
213	275	34	1
237	275	34	1
240	275	34	1
207	276	34	2
232	276	34	1
236	276	34	1
244	276	34	1
250	276	34	1
183	277	34	1
209	277	34	1
212	277	34	2
215	277	34	1
229	277	34	1
235	277	34	1
175	278	34	1
176	278	34	2
232	278	34	1
236	278	34	1
243	278	34	1
177	279	34	1
215	279	34	1
217	279	34	1
219	279	34	1
243	279	34	2
176	280	34	2
180	280	34	1
207	280	34	2
209	280	34	2
239	280	34	1
175	281	34	1
177	281	34	2
207	281	34	1
208	281	34	1
213	281	34	1
229	281	34	1
231	281	34	1
189	282	34	1
211	282	34	1
212	282	34	2
230	282	34	3
232	282	34	1
206	283	34	1
209	283	34	1
210	283	34	2
224	283	34	1
230	283	34	1
239	283	34	1
203	284	34	1
208	284	34	1
214	284	34	2
219	284	34	1
224	284	34	1
226	284	34	1
227	284	34	1
229	284	34	1
231	284	34	1
237	284	34	1
245	284	34	1
249	284	34	1
211	285	34	1
226	285	34	2
232	285	34	1
243	285	34	1
245	285	34	1
202	286	34	1
209	286	34	1
222	286	34	1
227	286	34	1
242	286	34	1
248	286	34	1
235	287	34	1
239	287	34	1
247	287	34	1
176	288	34	1
186	288	34	1
201	288	34	1
175	289	34	1
184	289	34	1
228	289	34	1
242	289	34	1
245	289	34	1
246	289	34	1
186	290	34	1
239	290	34	1
253	290	34	1
199	291	34	1
203	291	34	1
221	291	34	1
235	291	34	1
249	291	34	1
250	291	34	1
201	292	34	2
226	292	34	1
231	292	34	1
243	292	34	1
182	293	34	1
202	293	34	1
204	293	34	1
222	293	34	1
223	293	34	1
232	293	34	1
233	293	34	1
235	293	34	1
247	293	34	2
248	293	34	1
197	294	34	2
199	294	34	1
221	294	34	1
225	294	34	1
246	294	34	1
184	295	34	1
197	295	34	1
202	295	34	1
204	295	34	1
231	295	34	1
238	295	34	1
191	296	34	1
198	296	34	1
200	296	34	1
201	296	34	1
225	296	34	1
226	296	34	1
245	296	34	1
224	297	34	1
231	297	34	1
244	297	34	1
245	297	34	1
196	298	34	1
200	298	34	1
228	298	34	2
235	298	34	1
244	298	34	1
199	299	34	1
207	299	34	1
224	299	34	2
242	299	34	1
247	299	34	1
237	300	34	1
229	301	34	1
236	301	34	2
246	301	34	1
230	302	34	1
233	303	34	1
243	303	34	1
245	303	34	1
227	304	34	2
231	304	34	1
233	304	34	1
243	304	34	1
233	305	34	1
198	306	34	1
227	306	34	3
235	306	34	2
242	306	34	1
244	306	34	1
226	307	34	1
232	307	34	1
237	307	34	1
240	307	34	1
241	307	34	1
233	308	34	1
236	308	34	1
239	308	34	1
221	309	34	1
228	309	34	1
242	309	34	1
234	310	34	1
236	310	34	1
218	311	34	1
224	311	34	1
228	311	34	1
226	312	34	1
228	312	34	1
235	312	34	1
224	313	34	1
228	314	34	1
229	314	34	1
230	314	34	1
230	315	34	1
230	316	34	1
235	318	34	1
230	248	35	1
228	250	35	1
226	251	35	1
223	252	35	1
223	253	35	1
232	253	35	1
225	254	35	1
226	254	35	1
231	254	35	1
235	254	35	1
240	254	35	1
225	255	35	1
215	256	35	1
220	256	35	1
226	256	35	1
209	257	35	1
226	257	35	1
237	257	35	1
203	258	35	1
217	258	35	1
224	258	35	1
226	258	35	1
244	258	35	1
220	259	35	1
225	259	35	1
191	260	35	1
220	260	35	1
222	260	35	1
230	260	35	1
235	260	35	1
242	260	35	1
215	261	35	1
219	261	35	1
220	261	35	1
221	261	35	1
222	261	35	1
229	261	35	1
230	261	35	1
232	261	35	1
224	262	35	1
248	262	35	1
190	263	35	1
225	263	35	1
236	263	35	1
243	263	35	1
220	264	35	1
227	264	35	1
240	264	35	1
242	264	35	1
243	264	35	1
185	265	35	1
196	265	35	1
205	265	35	1
223	265	35	1
224	265	35	1
229	265	35	1
242	265	35	1
184	266	35	1
191	266	35	1
205	266	35	1
219	266	35	1
220	266	35	1
229	266	35	1
241	266	35	1
242	266	35	1
245	266	35	1
246	266	35	1
187	267	35	1
190	267	35	2
195	267	35	1
196	267	35	1
207	267	35	1
217	267	35	1
226	267	35	1
231	267	35	1
245	267	35	1
249	267	35	1
193	268	35	1
206	268	35	1
238	268	35	1
243	268	35	1
252	268	35	1
191	269	35	1
202	269	35	1
217	269	35	2
232	269	35	1
247	269	35	1
250	269	35	1
179	270	35	3
186	270	35	1
190	270	35	1
212	270	35	1
235	270	35	1
236	270	35	1
238	270	35	1
239	270	35	1
240	270	35	1
244	270	35	1
246	270	35	1
248	270	35	1
249	270	35	1
250	270	35	1
176	271	35	1
195	271	35	1
206	271	35	1
231	271	35	1
233	271	35	1
248	271	35	1
182	272	35	1
185	272	35	1
191	272	35	1
193	272	35	1
197	272	35	1
208	272	35	1
213	272	35	1
219	272	35	1
222	272	35	2
232	272	35	1
241	272	35	1
243	272	35	1
182	273	35	1
185	273	35	1
215	273	35	1
230	273	35	1
207	274	35	1
210	274	35	1
234	274	35	1
238	274	35	1
241	274	35	3
250	274	35	1
178	275	35	1
191	275	35	2
243	275	35	1
177	276	35	1
188	276	35	1
211	276	35	1
232	276	35	1
202	277	35	1
205	277	35	1
213	277	35	1
238	277	35	1
241	277	35	1
244	277	35	1
176	278	35	1
178	278	35	1
195	278	35	1
198	278	35	1
204	278	35	1
222	278	35	1
235	278	35	1
243	278	35	1
244	278	35	1
179	279	35	1
180	279	35	1
194	279	35	1
212	279	35	2
221	279	35	1
236	279	35	1
245	279	35	1
177	280	35	1
189	280	35	1
191	280	35	1
214	280	35	1
219	280	35	1
233	280	35	1
237	280	35	1
238	280	35	1
179	281	35	1
180	281	35	1
208	281	35	1
210	281	35	2
229	281	35	1
235	281	35	1
240	281	35	1
186	282	35	1
221	282	35	1
244	282	35	1
171	283	35	1
181	283	35	1
190	283	35	1
209	283	35	1
228	283	35	2
229	283	35	1
236	283	35	1
240	283	35	1
246	283	35	1
181	284	35	1
189	284	35	1
203	284	35	1
205	284	35	2
209	284	35	1
212	284	35	1
216	284	35	1
219	284	35	1
241	284	35	1
182	285	35	1
185	285	35	1
187	285	35	1
189	285	35	1
221	285	35	1
222	285	35	2
229	285	35	1
234	285	35	1
236	285	35	1
241	285	35	1
248	285	35	1
250	285	35	1
186	286	35	1
200	286	35	1
205	286	35	1
229	286	35	1
189	287	35	1
190	287	35	1
205	287	35	1
219	287	35	1
237	287	35	1
244	287	35	1
185	288	35	2
186	288	35	1
192	288	35	1
194	288	35	1
204	288	35	1
218	288	35	1
228	288	35	1
237	288	35	1
175	289	35	1
185	289	35	1
190	289	35	1
193	289	35	1
199	289	35	2
207	289	35	1
245	289	35	2
197	290	35	1
198	290	35	1
201	290	35	1
204	290	35	1
206	290	35	1
220	290	35	2
222	290	35	1
245	290	35	1
185	291	35	1
195	291	35	1
200	291	35	1
202	291	35	1
229	291	35	1
239	291	35	1
241	291	35	1
198	292	35	1
201	292	35	1
203	292	35	1
228	292	35	1
238	292	35	1
182	293	35	2
201	293	35	2
232	293	35	1
234	293	35	1
198	294	35	1
204	294	35	1
224	294	35	1
194	295	35	1
204	295	35	1
218	295	35	1
228	295	35	1
238	295	35	1
245	295	35	1
249	295	35	1
180	296	35	1
199	296	35	1
201	296	35	1
202	296	35	1
235	296	35	1
196	297	35	1
199	297	35	1
221	297	35	1
227	297	35	1
238	297	35	1
181	298	35	1
191	298	35	1
194	298	35	1
203	298	35	1
202	299	35	1
197	300	35	1
237	300	35	1
224	301	35	1
233	301	35	1
235	301	35	1
238	301	35	1
243	301	35	1
223	302	35	1
229	302	35	1
238	303	35	2
223	304	35	1
232	304	35	1
243	304	35	1
227	305	35	1
235	305	35	1
240	305	35	1
199	306	35	1
224	306	35	1
230	306	35	2
231	306	35	1
232	306	35	1
233	306	35	1
236	306	35	1
207	307	35	1
223	307	35	1
225	307	35	1
227	307	35	1
237	307	35	1
239	307	35	1
221	308	35	1
222	308	35	1
240	308	35	1
229	309	35	1
238	309	35	1
242	309	35	1
220	310	35	1
225	310	35	1
230	310	35	1
232	310	35	1
234	310	35	1
215	311	35	1
225	312	35	1
234	312	35	1
236	313	35	2
225	314	35	1
227	314	35	1
233	314	35	1
238	316	35	2
235	317	35	1
238	317	35	1
236	318	35	1
238	318	35	1
224	253	36	1
226	255	36	1
224	257	36	1
220	258	36	1
224	259	36	1
226	259	36	1
229	259	36	1
219	260	36	1
232	260	36	1
235	260	36	1
216	261	36	2
218	261	36	1
224	261	36	1
229	261	36	1
246	261	36	1
221	262	36	1
224	262	36	1
245	262	36	1
191	263	36	1
214	263	36	1
222	263	36	1
244	263	36	1
191	264	36	2
214	264	36	1
215	264	36	1
216	264	36	1
218	264	36	1
232	264	36	1
233	264	36	1
249	264	36	1
250	264	36	1
188	265	36	1
209	265	36	1
230	265	36	1
231	265	36	1
235	265	36	1
196	266	36	1
205	266	36	1
235	266	36	1
244	266	36	1
209	267	36	1
210	267	36	1
211	267	36	1
212	267	36	1
216	267	36	1
217	267	36	2
229	267	36	1
188	268	36	1
191	268	36	1
195	268	36	1
233	268	36	2
239	268	36	1
247	268	36	1
210	269	36	3
214	269	36	1
236	269	36	1
249	269	36	1
187	270	36	1
191	270	36	2
217	270	36	1
221	270	36	1
193	271	36	1
208	271	36	1
211	271	36	1
213	271	36	1
220	271	36	1
233	271	36	2
175	272	36	1
177	272	36	1
211	272	36	1
214	272	36	1
222	272	36	1
178	273	36	1
191	273	36	1
204	273	36	1
207	273	36	1
217	273	36	1
178	274	36	1
179	274	36	1
201	274	36	2
204	274	36	1
211	274	36	2
218	274	36	1
240	274	36	1
250	274	36	1
208	275	36	1
218	275	36	1
219	275	36	1
231	275	36	1
243	275	36	1
186	276	36	1
203	276	36	1
207	276	36	1
211	276	36	1
216	276	36	1
219	276	36	1
205	277	36	1
232	277	36	1
188	278	36	1
207	278	36	1
213	278	36	1
219	278	36	1
223	278	36	1
193	279	36	1
214	279	36	1
219	279	36	1
180	280	36	1
191	280	36	1
199	280	36	1
208	280	36	1
212	280	36	1
213	280	36	1
214	280	36	1
219	280	36	1
234	280	36	1
178	281	36	1
189	281	36	1
192	281	36	1
193	281	36	1
204	281	36	1
209	281	36	1
212	281	36	1
217	281	36	2
191	282	36	1
231	282	36	1
187	283	36	1
204	283	36	1
216	283	36	1
225	283	36	1
240	283	36	1
179	284	36	1
187	284	36	1
196	284	36	1
201	284	36	1
208	284	36	1
210	284	36	1
213	284	36	1
214	284	36	2
240	284	36	1
245	284	36	1
190	285	36	1
199	285	36	1
200	285	36	1
231	285	36	1
238	285	36	1
240	285	36	1
242	285	36	1
188	286	36	1
193	286	36	1
222	286	36	1
231	286	36	1
240	286	36	1
185	287	36	1
208	287	36	1
214	287	36	1
220	287	36	1
248	287	36	1
194	288	36	1
210	288	36	1
224	288	36	1
239	288	36	2
195	289	36	1
199	289	36	1
232	289	36	2
234	289	36	1
242	289	36	1
187	290	36	1
199	290	36	1
203	290	36	1
204	290	36	1
226	290	36	1
231	290	36	1
237	290	36	1
241	290	36	1
222	291	36	1
234	291	36	1
240	291	36	1
245	291	36	1
187	292	36	1
220	292	36	1
221	292	36	1
226	292	36	1
242	292	36	1
245	292	36	1
227	293	36	1
229	293	36	1
190	294	36	1
223	294	36	1
225	294	36	1
238	294	36	1
244	294	36	1
223	295	36	1
236	295	36	1
198	296	36	1
200	296	36	1
244	296	36	2
199	297	36	1
232	297	36	1
234	298	36	1
236	298	36	1
239	298	36	2
244	298	36	1
245	298	36	1
199	299	36	1
228	299	36	1
229	300	36	1
229	301	36	1
233	301	36	1
226	302	36	1
237	302	36	1
243	302	36	2
244	302	36	1
227	303	36	1
233	303	36	1
242	303	36	1
223	306	36	1
239	306	36	1
224	307	36	1
241	307	36	1
242	307	36	1
223	308	36	1
225	308	36	1
228	308	36	1
241	308	36	1
242	308	36	1
225	309	36	1
228	309	36	1
234	309	36	1
242	309	36	1
219	310	36	1
227	310	36	1
228	310	36	1
229	310	36	1
217	311	36	1
232	311	36	1
217	312	36	1
225	312	36	1
216	313	36	1
236	313	36	1
225	314	36	1
226	314	36	1
235	314	36	1
238	314	36	1
214	315	36	1
220	315	36	2
230	315	36	1
232	316	36	1
238	316	36	1
233	318	36	1
239	319	36	1
227	259	37	2
224	262	37	1
214	263	37	1
217	263	37	2
224	264	37	1
215	265	37	1
212	266	37	1
230	266	37	1
188	267	37	1
193	267	37	1
214	267	37	1
236	267	37	1
241	267	37	1
188	268	37	1
215	268	37	1
240	268	37	1
237	269	37	1
238	270	37	1
192	271	37	1
194	271	37	1
196	271	37	1
213	271	37	1
218	271	37	1
221	271	37	1
215	272	37	1
216	272	37	1
208	273	37	1
208	274	37	1
206	275	37	1
207	275	37	1
214	275	37	1
215	275	37	1
219	275	37	1
208	276	37	1
209	276	37	1
220	277	37	1
205	278	37	1
208	278	37	2
211	278	37	1
212	278	37	1
214	278	37	1
207	279	37	1
210	280	37	1
189	281	37	1
191	281	37	1
191	282	37	2
212	282	37	1
189	283	37	2
204	283	37	1
215	283	37	1
227	283	37	1
186	284	37	1
202	284	37	3
187	285	37	1
197	285	37	1
198	285	37	1
226	286	37	1
236	286	37	1
188	287	37	2
191	287	37	1
204	287	37	1
233	287	37	1
234	287	37	1
192	288	37	1
196	288	37	1
195	289	37	1
223	289	37	1
224	289	37	1
232	289	37	1
240	289	37	1
199	290	37	1
202	290	37	1
236	290	37	2
195	291	37	2
232	291	37	2
236	291	37	1
200	292	37	1
231	292	37	1
233	292	37	2
236	292	37	2
238	292	37	1
202	293	37	1
225	293	37	1
238	293	37	1
201	294	37	1
223	294	37	1
234	294	37	1
202	295	37	1
240	295	37	1
203	296	37	1
228	296	37	1
240	296	37	1
241	296	37	1
234	297	37	1
243	297	37	1
232	298	37	1
240	298	37	1
245	299	37	1
231	300	37	1
232	300	37	1
233	300	37	1
239	300	37	1
240	300	37	1
241	300	37	1
242	300	37	1
244	300	37	1
241	301	37	1
244	301	37	1
234	305	37	2
240	306	37	1
243	307	37	1
240	308	37	1
241	308	37	1
243	308	37	2
233	309	37	1
225	310	37	1
228	310	37	1
219	311	37	2
224	311	37	1
226	311	37	1
217	312	37	1
227	312	37	1
229	313	37	1
230	313	37	1
221	314	37	1
236	314	37	1
242	314	37	1
239	315	37	1
238	316	37	1
211	317	37	1
237	317	37	1
236	318	37	1
231	322	37	1
228	261	38	1
223	264	38	1
217	266	38	1
229	266	38	1
211	268	38	1
213	268	38	1
211	269	38	1
193	270	38	1
232	270	38	1
193	271	38	1
218	272	38	1
209	273	38	1
217	273	38	1
217	274	38	2
206	275	38	1
213	275	38	1
207	276	38	1
208	276	38	1
211	276	38	1
213	276	38	1
214	276	38	1
203	278	38	1
209	278	38	1
208	279	38	1
209	279	38	1
193	280	38	2
212	281	38	1
213	281	38	1
215	281	38	1
214	282	38	1
188	284	38	1
193	284	38	1
222	284	38	1
190	285	38	1
193	285	38	2
195	285	38	1
204	285	38	1
193	286	38	1
219	286	38	1
215	287	38	1
230	287	38	1
190	288	38	1
202	288	38	1
205	288	38	1
218	288	38	1
220	288	38	1
189	289	38	1
195	289	38	1
208	289	38	1
206	290	38	1
192	291	38	1
203	291	38	1
230	292	38	1
234	292	38	1
238	292	38	1
240	292	38	1
198	293	38	1
225	293	38	1
210	294	38	1
213	294	38	1
242	294	38	1
197	295	38	1
207	295	38	1
197	296	38	1
202	296	38	1
233	296	38	1
236	296	38	1
223	297	38	1
226	297	38	1
229	297	38	1
240	297	38	1
226	298	38	1
233	298	38	1
234	298	38	1
193	299	38	1
226	299	38	1
227	299	38	1
228	299	38	1
231	299	38	1
242	299	38	1
227	300	38	1
231	300	38	1
239	300	38	1
240	300	38	2
227	301	38	1
228	301	38	1
229	301	38	1
236	301	38	1
232	302	38	2
237	302	38	1
231	303	38	1
234	303	38	1
246	304	38	2
228	305	38	1
232	305	38	1
226	306	38	1
227	306	38	1
232	306	38	1
242	306	38	1
193	307	38	1
223	307	38	1
244	307	38	1
241	308	38	1
222	309	38	1
224	309	38	1
233	309	38	1
243	309	38	1
224	310	38	1
230	310	38	1
224	311	38	1
244	311	38	1
217	312	38	1
226	312	38	1
239	312	38	1
234	313	38	1
241	313	38	1
244	313	38	1
245	313	38	1
236	314	38	1
238	314	38	1
239	314	38	1
240	314	38	1
214	315	38	1
238	315	38	1
241	315	38	1
225	316	38	1
236	316	38	1
235	317	38	1
220	318	38	1
237	318	38	1
240	318	38	1
232	319	38	1
237	319	38	1
230	320	38	1
212	321	38	1
221	321	38	1
236	322	38	2
235	323	38	1
217	270	39	1
218	271	39	1
214	275	39	1
216	275	39	2
218	276	39	1
204	277	39	2
195	278	39	1
201	278	39	1
206	279	39	1
221	280	39	1
217	281	39	1
195	282	39	1
226	282	39	1
196	283	39	2
200	284	39	1
206	284	39	1
207	284	39	1
195	285	39	1
199	285	39	1
199	286	39	1
216	286	39	1
233	286	39	1
196	287	39	1
205	287	39	1
239	287	39	1
193	288	39	1
189	289	39	2
203	289	39	1
239	289	39	1
238	290	39	1
240	291	39	1
226	292	39	1
236	292	39	1
197	293	39	1
205	293	39	1
220	293	39	1
229	293	39	1
201	294	39	2
234	294	39	1
242	294	39	1
216	295	39	1
238	295	39	1
240	295	39	1
241	295	39	1
200	296	39	1
203	297	39	1
203	298	39	1
228	298	39	1
229	298	39	1
233	298	39	1
239	298	39	1
240	298	39	1
239	299	39	1
241	299	39	1
214	300	39	1
228	301	39	1
230	301	39	1
233	301	39	1
233	302	39	1
233	303	39	1
243	304	39	1
244	304	39	1
223	305	39	1
224	305	39	1
227	305	39	1
230	306	39	1
240	306	39	1
214	307	39	1
194	308	39	1
216	308	39	1
221	308	39	1
225	308	39	1
243	308	39	1
224	309	39	1
235	309	39	1
196	310	39	1
228	310	39	1
211	311	39	1
218	311	39	2
219	311	39	2
222	311	39	1
224	311	39	1
231	311	39	1
236	311	39	1
218	312	39	1
219	312	39	1
239	312	39	1
241	312	39	1
244	312	39	1
219	313	39	1
236	313	39	1
241	313	39	2
219	314	39	1
238	314	39	1
240	314	39	1
230	315	39	1
237	315	39	2
238	316	39	1
240	316	39	1
235	317	39	1
240	317	39	1
237	318	39	1
238	318	39	1
243	318	39	2
233	319	39	1
214	320	39	1
219	321	39	1
229	321	39	1
233	321	39	1
234	323	39	1
220	324	39	1
201	278	40	1
191	285	40	1
206	285	40	1
193	288	40	1
211	288	40	1
193	289	40	1
211	290	40	1
208	291	40	1
221	292	40	1
235	292	40	1
236	292	40	1
225	293	40	1
227	294	40	1
238	294	40	1
220	295	40	2
225	295	40	1
205	296	40	1
235	296	40	1
236	296	40	1
207	297	40	1
241	297	40	1
212	298	40	1
214	299	40	1
237	299	40	1
235	304	40	1
241	304	40	1
232	305	40	2
242	305	40	1
213	306	40	1
228	306	40	1
229	306	40	1
223	307	40	1
227	307	40	1
228	307	40	1
243	307	40	1
225	308	40	1
215	309	40	1
218	309	40	1
223	309	40	2
228	309	40	1
194	310	40	2
221	311	40	1
228	311	40	1
216	312	40	2
218	312	40	1
220	312	40	1
218	313	40	1
219	313	40	1
235	313	40	1
236	313	40	1
215	314	40	1
219	314	40	1
237	314	40	1
242	314	40	1
243	314	40	1
235	315	40	1
240	315	40	1
217	316	40	1
220	316	40	1
218	317	40	2
236	318	40	1
246	318	40	1
237	319	40	1
238	319	40	1
225	320	40	1
230	320	40	1
216	321	40	1
240	321	40	1
225	294	41	1
226	298	41	1
235	301	41	2
229	302	41	1
227	305	41	1
231	305	41	1
217	306	41	1
227	306	41	1
222	308	41	1
225	308	41	1
241	308	41	1
211	310	41	1
220	310	41	1
216	312	41	2
234	312	41	1
235	312	41	1
221	313	41	1
223	313	41	1
244	313	41	1
220	314	41	1
228	314	41	1
217	318	41	1
241	318	41	2
242	319	41	1
230	320	41	1
220	303	42	1
214	305	42	1
220	305	42	1
220	306	42	1
239	306	42	1
236	309	42	1
238	310	42	1
241	310	42	1
221	311	42	1
214	312	42	1
244	312	42	1
224	313	42	1
234	313	42	1
230	315	42	1
241	315	42	1
225	316	42	2
218	318	42	1
219	318	42	1
246	318	42	1
227	319	42	1
228	319	42	2
232	319	42	1
228	320	42	1
241	320	42	1
229	321	42	1
221	305	43	1
217	310	43	2
222	310	43	2
221	311	43	1
238	314	43	1
223	315	43	1
238	315	43	1
229	321	43	1
215	324	43	2
219	306	44	1
219	310	44	1
229	313	44	1
237	314	44	1
230	315	44	1
238	315	44	1
222	316	44	1
223	319	44	1
226	320	44	1
216	316	45	1
222	317	45	1
