x	y	z	Leading Strand Synthesis
240	286	21	1
237	278	24	2
239	278	24	2
245	284	24	1
246	284	24	1
248	286	24	1
239	287	24	1
244	288	24	2
247	289	24	2
248	289	24	1
244	290	24	1
231	268	25	3
236	268	25	1
235	270	25	1
230	272	25	1
239	272	25	1
235	273	25	2
238	273	25	1
230	274	25	3
231	274	25	3
234	274	25	1
238	275	25	1
234	276	25	1
235	276	25	3
236	276	25	3
248	276	25	2
231	277	25	1
233	277	25	2
236	278	25	1
237	278	25	1
239	278	25	1
232	279	25	1
236	280	25	1
241	280	25	1
235	281	25	1
237	281	25	2
240	281	25	2
241	281	25	1
243	281	25	2
245	281	25	1
248	281	25	1
249	281	25	2
231	282	25	2
232	282	25	1
233	282	25	1
234	282	25	1
237	282	25	1
249	282	25	1
231	283	25	1
235	283	25	1
238	283	25	1
243	283	25	2
213	284	25	1
234	284	25	1
242	284	25	1
243	284	25	2
245	284	25	1
215	285	25	3
236	285	25	1
237	285	25	2
246	285	25	1
248	285	25	1
233	286	25	1
234	286	25	1
235	286	25	1
236	286	25	1
240	286	25	1
250	286	25	1
242	287	25	1
246	287	25	1
252	287	25	1
235	288	25	2
237	288	25	1
239	288	25	1
226	289	25	1
234	289	25	1
248.5	289.5	25.5	1
225	290	25	2
234	290	25	1
235	290	25	1
236	290	25	1
238	290	25	1
243	290	25	1
249	290	25	1
250	290	25	1
226	291	25	1
234	291	25	1
235	291	25	1
236	291	25	2
240	291	25	1
242	291	25	1
246	291	25	1
227	292	25	1
238	292	25	1
243	292	25	1
243	293	25	1
244	293	25	1
246	293	25	1
247	293	25	1
239	294	25	1
242	294	25	1
243	294	25	1
234	295	25	1
237	295	25	1
240	295	25	1
243	295	25	1
245	295	25	1
238	296	25	1
244	296	25	1
239	297	25	1
243	297	25	1
176	259	26	1
182	260	26	1
229	262	26	1
231	264	26	1
234	267	26	1
241	267	26	2
235	268	26	1
228	269	26	1
237	269	26	2
228	270	26	1
235	270	26	1
236	270	26	1
237	270	26	1
229	271	26	1
240	271	26	1
230	272	26	1
237	273	26	1
233	275	26	1
235	275	26	2
245	275	26	1
246	275	26	1
248	275	26	2
249	275	26	1
231	276	26	1
234	276	26	1
237	276	26	1
239	276	26	1
207	277	26	2
209	277	26	2
210	277	26	1
230	277	26	1
231	277	26	2
234	277	26	3
239	277	26	2
240	277	26	1
250	277	26	1
231	278	26	2
234	278	26	1
237	278	26	1
240	278	26	1
243	278	26	1
249	278	26	1
231	279	26	2
233	279	26	1
236	279	26	1
241	279	26	2
250	279	26	1
232	280	26	1
240	280	26	1
242	280	26	2
247	280	26	1
249	280	26	1
217	281	26	1
232	281	26	1
237	281	26	2
250	281	26	1
229	282	26	1
235	282	26	1
238	282	26	2
240	282	26	1
245	282	26	1
246	282	26	1
247	282	26	2
251	282	26	1
253	282	26	1
227	283	26	1
238	283	26	2
243	283	26	1
245	283	26	2
246	283	26	1
252	283	26	1
253	283	26	1
254	283	26	1
214	284	26	1
232	284	26	1
237	284	26	2
241	284	26	1
242	284	26	2
243	284	26	1
246	284	26	1
248	284	26	1
252	284	26	2
211	285	26	3
237	285	26	1
241	285	26	1
252	285	26	1
254	285	26	1
235	286	26	1
237	286	26	1
238	286	26	1
242	286	26	1
243	286	26	1
247	286	26	1
250	286	26	1
251	286	26	3
252	286	26	1
253	286	26	4
254	286	26	1
232	287	26	3
236	287	26	1
247	287	26	1
253	287	26	1
232	288	26	2
235	288	26	2
236	288	26	1
240	288	26	1
241	288	26	2
249	288	26	1
250	288	26	1
253	288	26	1
227	289	26	2
231	289	26	3
232	289	26	1
233	289	26	1
238	289	26	1
240	289	26	1
251	289	26	1
225	290	26	1
228	290	26	1
243	290	26	2
244	290	26	2
250	290	26	2
222	291	26	1
229	291	26	1
232	291	26	1
236	291	26	1
237	291	26	1
239	291	26	1
242	291	26	1
245	291	26	3
246	291	26	2
250	291	26	1
226	292	26	1
244	292	26	1
246	292	26	1
251	292	26	1
225	293	26	1
237	293	26	2
247	293	26	2
242	294	26	1
246	294	26	1
222	295	26	2
243	295	26	1
254	295	26	1
240	296	26	1
243	296	26	1
244	296	26	1
240	297	26	1
246	297	26	1
235	298	26	2
239	298	26	1
240	298	26	1
239	299	26	1
240	299	26	1
243	299	26	1
235	301	26	1
184	255	27	1
184	256	27	2
183	257	27	2
215	258	27	1
185	259	27	1
228	259	27	2
229	259	27	2
232	259	27	1
176	260	27	2
183	260	27	1
185	260	27	1
186	260	27	1
227	260	27	1
233	260	27	1
235	260	27	1
180	261	27	1
182	261	27	1
185	261	27	1
186	261	27	2
227	261	27	1
230	261	27	1
231	261	27	1
237	261	27	1
227	262	27	1
229	262	27	2
232	262	27	1
239	262	27	1
175	263	27	2
183	263	27	1
185	263	27	1
210	263	27	2
211	263	27	1
227	263	27	1
233	263	27	1
234	263	27	1
236	263	27	1
238	263	27	1
175	264	27	1
176	264	27	1
222	264	27	1
225	264	27	2
226	264	27	1
228	264	27	2
229	264	27	2
232	264	27	1
234	264	27	1
238	264	27	2
181	265	27	2
189	265	27	3
212	265	27	1
215	265	27	2
226	265	27	1
234	265	27	1
235	265	27	1
180	266	27	1
201	266	27	1
215	266	27	2
228	266	27	1
229	266	27	1
230	266	27	4
232	266	27	1
234	266	27	1
235	266	27	1
179	267	27	1
214	267	27	1
215	267	27	3
230	267	27	1
231	267	27	1
233	267	27	1
234	267	27	1
241	267	27	1
250	267	27	1
213	268	27	2
214	268	27	2
216	268	27	1
217	268	27	1
222	268	27	1
224	268	27	2
226	268	27	2
228	268	27	1
229	268	27	2
233	268	27	1
237	268	27	3
239	268	27	1
240	268	27	1
243	268	27	1
248	268	27	2
177	269	27	1
180	269	27	1
182	269	27	1
201	269	27	1
207	269	27	1
224	269	27	1
227	269	27	1
231	269	27	1
232	269	27	1
233	269	27	1
236	269	27	1
237	269	27	1
238	269	27	1
240	269	27	2
241	269	27	1
243	269	27	1
178	270	27	1
217	270	27	1
228	270	27	2
230	270	27	2
231	270	27	2
233	270	27	2
234	270	27	1
238	270	27	2
239	270	27	1
242	270	27	1
244	270	27	1
209	271	27	1
210	271	27	1
215	271	27	1
225	271	27	1
239	271	27	1
251	271	27	2
176	272	27	1
203	272	27	2
205	272	27	1
208	272	27	1
213	272	27	1
217	272	27	1
232	272	27	1
234	272	27	1
240	272	27	1
249	272	27	2
205	273	27	1
210	273	27	1
212	273	27	2
214	273	27	3
232	273	27	1
234	273	27	1
237	273	27	1
238	273	27	1
239	273	27	1
251	273	27	1
177	274	27	1
178	274	27	1
182	274	27	1
203	274	27	1
206	274	27	1
208	274	27	1
221	274	27	1
224	274	27	1
229	274	27	2
230	274	27	1
231	274	27	2
233	274	27	1
237	274	27	1
239	274	27	1
250	274	27	1
252	274	27	2
254	274	27	1
182	275	27	2
184	275	27	2
211	275	27	1
217	275	27	2
222	275	27	1
232	275	27	1
238	275	27	1
239	275	27	1
242	275	27	1
246	275	27	1
252	275	27	1
254	275	27	3
204	276	27	1
206	276	27	2
207	276	27	1
210	276	27	1
211	276	27	1
212	276	27	1
214	276	27	1
215	276	27	1
227	276	27	2
233	276	27	1
245	276	27	1
247	276	27	1
210	277	27	3
215	277	27	1
232	277	27	2
236	277	27	1
237	277	27	1
240	277	27	1
243	277	27	1
252	277	27	1
203	278	27	1
208	278	27	1
209	278	27	1
210	278	27	1
213	278	27	1
214	278	27	1
219	278	27	1
224	278	27	1
235	278	27	2
238	278	27	1
239	278	27	1
251	278	27	2
207	279	27	1
219	279	27	1
230	279	27	2
231	279	27	1
232	279	27	1
236	279	27	1
237	279	27	1
238	279	27	2
239	279	27	2
247	279	27	1
248	279	27	1
251	279	27	1
208	280	27	1
232	280	27	1
234	280	27	1
236	280	27	2
240	280	27	1
243	280	27	1
245	280	27	1
249	280	27	1
250	280	27	3
206	281	27	1
209	281	27	1
214	281	27	1
218	281	27	1
228	281	27	1
230	281	27	1
231	281	27	1
233	281	27	2
236	281	27	1
237	281	27	2
240	281	27	1
244	281	27	1
256	281	27	1
257	281	27	1
205	282	27	1
213	282	27	1
215	282	27	1
216	282	27	1
231	282	27	1
237	282	27	1
239	282	27	1
240	282	27	1
242	282	27	2
244	282	27	1
246	282	27	1
247	282	27	2
254	282	27	1
201	283	27	2
209	283	27	2
218	283	27	1
231	283	27	1
232	283	27	1
234	283	27	3
235	283	27	2
239	283	27	2
240	283	27	3
244	283	27	1
245	283	27	1
247	283	27	1
249	283	27	1
253	283	27	1
206	284	27	1
208	284	27	1
209	284	27	1
215	284	27	1
235	284	27	1
237	284	27	1
240	284	27	2
241	284	27	2
243	284	27	1
251	284	27	1
254	284	27	1
256	284	27	1
257	284	27	1
204	285	27	1
206	285	27	1
208	285	27	3
209	285	27	1
210	285	27	1
211	285	27	2
223	285	27	2
224	285	27	1
228	285	27	1
237	285	27	1
238	285	27	2
247	285	27	1
250	285	27	1
253	285	27	2
204	286	27	1
206	286	27	1
207	286	27	1
216	286	27	1
218	286	27	1
219	286	27	1
220	286	27	1
224	286	27	2
232	286	27	1
233	286	27	1
234	286	27	1
235	286	27	1
240	286	27	1
241	286	27	1
247	286	27	1
249	286	27	2
251	286	27	3
254	286	27	1
255	286	27	2
258	286	27	1
207	287	27	1
214	287	27	1
219	287	27	1
221	287	27	2
222	287	27	1
223	287	27	2
234	287	27	1
237	287	27	1
238	287	27	1
241	287	27	1
242	287	27	1
243	287	27	1
248	287	27	1
249	287	27	1
253	287	27	1
255	287	27	3
207	288	27	1
214	288	27	1
222	288	27	1
223	288	27	1
225	288	27	1
228	288	27	1
232	288	27	1
236	288	27	1
241	288	27	2
244	288	27	2
203	289	27	1
224	289	27	1
246	289	27	1
249	289	27	1
251	289	27	1
252	289	27	1
254	289	27	1
222	290	27	2
224	290	27	1
228	290	27	2
231	290	27	1
233	290	27	1
234	290	27	1
236	290	27	2
240	290	27	2
246	290	27	2
247	290	27	1
252	290	27	1
213	291	27	3
221	291	27	2
225	291	27	1
227	291	27	1
236	291	27	3
246	291	27	1
247	291	27	1
250	291	27	1
252	291	27	1
211	292	27	1
218	292	27	1
223	292	27	2
228	292	27	1
230	292	27	1
238	292	27	1
239	292	27	1
244	292	27	1
250	292	27	2
254	292	27	2
210	293	27	1
221	293	27	2
223	293	27	2
229	293	27	1
234	293	27	1
247	293	27	1
249	293	27	1
250	293	27	1
253	293	27	2
213	294	27	2
226	294	27	1
245	294	27	1
246	294	27	1
249	294	27	1
251	294	27	2
255	294	27	1
257	294	27	1
218	295	27	1
219	295	27	1
226	295	27	1
241	295	27	2
244	295	27	1
251	295	27	1
255	295	27	1
220	296	27	1
221	296	27	1
239	296	27	1
247	296	27	2
249	296	27	1
252	296	27	1
217	297	27	1
239	297	27	1
249	297	27	2
251	297	27	1
223	298	27	2
226	298	27	1
235	298	27	1
237	298	27	1
238	298	27	1
243	298	27	1
244	298	27	2
245	298	27	2
215	299	27	1
226	299	27	2
240	299	27	1
241	299	27	3
247	299	27	1
249	299	27	2
226	300	27	2
228	300	27	1
235	300	27	3
237	300	27	1
239	300	27	1
240	300	27	3
242	300	27	1
247	300	27	1
248	300	27	1
235	301	27	2
240	301	27	1
241	301	27	1
245	301	27	2
251	301	27	1
226	302	27	1
234	302	27	1
235	302	27	1
236	302	27	1
237	302	27	2
238	302	27	1
239	302	27	1
245	302	27	1
235	304	27	1
237	304	27	1
238	304	27	1
237	305	27	1
230	262	28	1
232	264	28	1
234	265	28	1
231	266	28	1
234	266	28	1
235	266	28	1
236	268	28	1
237	268	28	3
238	269	28	1
237	270	28	2
236	271	28	1
237	271	28	1
240	271	28	1
232	272	28	1
234	272	28	2
235	273	28	1
214	274	28	2
232	274	28	1
234	274	28	1
235	274	28	1
234	276	28	2
237	276	28	2
235	277	28	2
236	277	28	1
237	277	28	2
236	278	28	1
208	281	28	1
234	282	28	1
235	282	28	1
246	282	28	1
249	282	28	1
254	283	28	1
246	284	28	1
248	284	28	1
250	284	28	1
244	285	28	1
248	285	28	1
232	286	28	1
240	287	28	1
248	287	28	1
224	288	28	1
244	288	28	1
245	288	28	1
227	289	28	1
228	289	28	1
231	289	28	1
243	289	28	1
237	290	28	1
240	290	28	1
242	290	28	1
245	290	28	1
226	291	28	3
241	291	28	1
250	291	28	1
222	292	28	1
241	292	28	1
245	292	28	2
243	293	28	1
248	293	28	1
241	294	28	1
245	294	28	2
240	295	28	1
242	295	28	2
245	295	28	1
248	295	28	1
245	297	28	1
240	298	28	1
240	299	28	1
236	300	28	2
240	300	28	1
233	256	29	2
234	256	29	1
235	257	29	1
228	258	29	1
233	258	29	1
182	259	29	1
230	259	29	1
181	260	29	2
182	260	29	1
199	261	29	2
226	261	29	2
229	261	29	1
230	261	29	1
231	261	29	1
221	262	29	1
229	262	29	1
248	262	29	1
245	263	29	2
248	263	29	1
216	264	29	2
224	264	29	1
226	264	29	1
229	264	29	1
231	264	29	1
237	264	29	1
248	264	29	1
181	265	29	1
226	265	29	1
235	265	29	1
238	265	29	1
239	265	29	1
249	265	29	1
178	266	29	1
195	266	29	1
226	266	29	2
228	266	29	2
234	266	29	1
236	266	29	1
245	266	29	1
192	267	29	1
196	267	29	1
226	267	29	2
230	267	29	1
237	267	29	1
194	268	29	2
217	268	29	2
226	268	29	1
235	268	29	1
236	268	29	2
193	269	29	3
227	270	29	3
230	270	29	1
235	270	29	1
237	270	29	1
238	270	29	1
216	271	29	1
233	271	29	1
235	271	29	1
240	271	29	1
241	271	29	1
242	271	29	2
251	271	29	1
233	272	29	1
234	272	29	2
235	272	29	1
241	272	29	1
207	273	29	1
225	273	29	1
238	273	29	1
249	273	29	1
250	273	29	1
180	274	29	2
206	274	29	1
213	274	29	2
234	274	29	1
239	274	29	1
240	274	29	1
247	274	29	1
184	275	29	1
206	275	29	1
215	275	29	2
235	275	29	2
238	275	29	2
242	275	29	1
245	275	29	1
206	276	29	1
208	276	29	2
232	276	29	1
233	276	29	1
236	276	29	1
237	276	29	1
240	276	29	1
246	276	29	1
248	276	29	1
249	276	29	1
234	277	29	1
236	277	29	2
237	277	29	2
238	277	29	1
239	277	29	1
240	277	29	1
247	277	29	2
250	277	29	1
251	277	29	2
208	278	29	1
235	278	29	1
236	278	29	1
244	278	29	1
206	279	29	2
245	279	29	2
234	280	29	1
235	280	29	1
236	280	29	2
238	280	29	1
246	280	29	1
249	280	29	2
251	280	29	1
256	280	29	1
208	281	29	2
214	281	29	1
238	281	29	1
241	281	29	1
243	281	29	1
246	281	29	1
206	282	29	1
213	282	29	2
235	282	29	1
242	282	29	1
244	282	29	1
245	282	29	3
248	282	29	1
250	282	29	1
232	283	29	1
233	283	29	3
236	283	29	1
238	283	29	1
241	283	29	1
245	283	29	1
249	283	29	1
251	283	29	1
222	284	29	1
235	284	29	1
240	284	29	2
242	284	29	1
243	284	29	1
244	284	29	1
245	284	29	1
246	284	29	1
248	284	29	1
255	284	29	1
227	285	29	1
234	285	29	1
236	285	29	1
238	285	29	3
240	285	29	2
243	285	29	1
248	286	29	1
225	287	29	3
226	287	29	1
231	287	29	1
232	287	29	2
234	287	29	1
246	287	29	2
249	287	29	1
224	288	29	1
225	288	29	2
240	288	29	1
241	288	29	1
249	288	29	1
224	289	29	1
225	289	29	2
234	289	29	1
237	289	29	1
240	289	29	1
245	289	29	1
247	289	29	1
254	289	29	1
222	290	29	1
228	290	29	1
238	290	29	1
246	290	29	2
238	291	29	1
248	291	29	1
249	291	29	2
251	291	29	2
222	292	29	1
236	292	29	3
237	292	29	2
238	292	29	1
242	292	29	2
245	292	29	1
249	292	29	2
257	292	29	1
223	293	29	1
224	293	29	1
225	293	29	1
227	293	29	1
239	293	29	1
242	293	29	1
247	293	29	1
249	293	29	1
253	293	29	1
238	294	29	1
245	294	29	2
240	295	29	1
245	295	29	1
219	296	29	1
223	296	29	2
246	296	29	1
242	297	29	3
248	297	29	1
215	298	29	1
219	298	29	1
221	298	29	1
239	298	29	1
245	298	29	1
247	298	29	2
222	299	29	1
240	299	29	1
221	300	29	1
226	300	29	1
237	300	29	1
223	301	29	1
230	301	29	1
236	301	29	1
241	301	29	1
240	303	29	1
237	304	29	1
236	305	29	1
225	251	30	2
215	252	30	1
232	253	30	1
215	254	30	2
232	254	30	1
236	254	30	1
191	255	30	1
215	255	30	1
227	255	30	1
232	255	30	1
234	255	30	2
204	256	30	1
231	256	30	1
235	256	30	1
236	256	30	3
183	257	30	1
192	257	30	1
209	257	30	1
227	257	30	1
236	257	30	1
239	257	30	1
176	258	30	1
181	258	30	1
203	258	30	1
215	258	30	1
238	258	30	1
175	259	30	4
189	259	30	1
205	259	30	1
210	259	30	1
216	259	30	1
220	259	30	1
222	259	30	2
228	259	30	2
230	259	30	1
234	259	30	1
235	259	30	1
237	259	30	1
238	259	30	1
239	259	30	1
212	260	30	1
217	260	30	1
223	260	30	1
225	260	30	1
226	260	30	2
228	260	30	2
231	260	30	3
236	260	30	1
184	261	30	2
194	261	30	1
199	261	30	1
208	261	30	2
211	261	30	1
215	261	30	1
216	261	30	2
224	261	30	1
226	261	30	1
229	261	30	1
231	261	30	1
232	261	30	1
238	261	30	1
241	261	30	1
179	262	30	1
186	262	30	1
194	262	30	1
219	262	30	1
220	262	30	1
225	262	30	2
226	262	30	1
245	262	30	1
246	262	30	1
248	262	30	2
186	263	30	3
189	263	30	1
193	263	30	1
210	263	30	1
222	263	30	1
224	263	30	1
246	263	30	2
248	263	30	1
249	263	30	1
186	264	30	1
194	264	30	1
195	264	30	1
211	264	30	1
222	264	30	1
225	264	30	1
230	264	30	1
233	264	30	1
236	264	30	1
239	264	30	1
241	264	30	2
249	264	30	1
250	264	30	1
183	265	30	1
191	265	30	1
192	265	30	1
197	265	30	1
200	265	30	3
208	265	30	1
211	265	30	1
212	265	30	3
224	265	30	1
233	265	30	1
234	265	30	2
238	265	30	3
246	265	30	1
247	265	30	1
197	266	30	1
232	266	30	1
233	266	30	1
238	266	30	1
241	266	30	1
189	267	30	1
193	267	30	1
198	267	30	1
199	267	30	2
202	267	30	1
219	267	30	2
225	267	30	1
238	267	30	1
240	267	30	1
241	267	30	1
246	267	30	1
247	267	30	1
249	267	30	1
250	267	30	1
172	268	30	1
191	268	30	1
194	268	30	1
196	268	30	2
214	268	30	1
216	268	30	1
226	268	30	1
230	268	30	1
231	268	30	1
238	268	30	1
243	268	30	1
248	268	30	1
178	269	30	1
182	269	30	3
197	269	30	2
232	269	30	2
235	269	30	1
239	269	30	1
240	269	30	2
243	269	30	1
249	269	30	1
250	269	30	1
252	269	30	1
181	270	30	1
195	270	30	1
197	270	30	1
198	270	30	1
200	270	30	1
201	270	30	2
215	270	30	1
227	270	30	1
231	270	30	1
233	270	30	1
249	270	30	1
175	271	30	2
176	271	30	1
183	271	30	1
185	271	30	1
193	271	30	1
206	271	30	2
207	271	30	1
208	271	30	1
232	271	30	1
233	271	30	3
243	271	30	1
249	271	30	1
182	272	30	1
184	272	30	2
203	272	30	1
216	272	30	1
223	272	30	1
233	272	30	1
235	272	30	1
240	272	30	2
242	272	30	1
250	272	30	1
181	273	30	1
204	273	30	2
206	273	30	1
208	273	30	1
211	273	30	2
214	273	30	1
227	273	30	1
234	273	30	1
235	273	30	2
241	273	30	1
177	274	30	1
181	274	30	1
182	274	30	2
185	274	30	2
208	274	30	1
209	274	30	1
211	274	30	1
212	274	30	1
229	274	30	1
233	274	30	2
236	274	30	1
241	274	30	1
244	274	30	1
247	274	30	2
179	275	30	1
183	275	30	2
213	275	30	1
233	275	30	1
235	275	30	2
237	275	30	3
240	275	30	1
242	275	30	1
244	275	30	1
249	275	30	1
250	275	30	1
251	275	30	1
207	276	30	2
233	276	30	1
238	276	30	1
241	276	30	1
246	276	30	1
249	276	30	1
250	276	30	1
253	276	30	1
180	277	30	1
206	277	30	2
238	277	30	2
239	277	30	2
243	277	30	1
247	277	30	1
249	277	30	1
250	277	30	1
175	278	30	1
190	278	30	1
201	278	30	1
203	278	30	1
236	278	30	1
238	278	30	1
247	278	30	1
253	278	30	1
207	279	30	1
237	279	30	1
241	279	30	1
243	279	30	1
249	279	30	2
183	280	30	1
206	280	30	2
226	280	30	2
232	280	30	1
233	280	30	2
236	280	30	1
239	280	30	1
242	280	30	1
249	280	30	2
179	281	30	3
181	281	30	1
223	281	30	1
235	281	30	1
239	281	30	3
241	281	30	1
245	281	30	2
246	281	30	1
249	281	30	1
251	281	30	1
252	281	30	1
172	282	30	1
174	282	30	1
210	282	30	1
213	282	30	1
219	282	30	1
233	282	30	1
235	282	30	1
237	282	30	1
240	282	30	1
244	282	30	1
246	282	30	1
250	282	30	1
252	282	30	1
254	282	30	1
179	283	30	1
202	283	30	1
205	283	30	1
209	283	30	1
215	283	30	1
221	283	30	1
232	283	30	1
240	283	30	1
241	283	30	1
244	283	30	1
251	283	30	1
252	283	30	1
257	283	30	1
177	284	30	1
180	284	30	1
220	284	30	1
221	284	30	1
225	284	30	1
230	284	30	2
231	284	30	1
242	284	30	1
250	284	30	1
251	284	30	1
252	284	30	2
254	284	30	1
256	284	30	1
211	285	30	3
224	285	30	1
233	285	30	1
237	285	30	1
245	285.666666666667	31	1
246	285	30	1
252	285	30	1
254	285	30	2
256	285	30	1
180	286	30	2
219	286	30	1
222	286	30	2
223	286	30	1
224	286	30	1
230	286	30	1
231	286	30	2
234	286	30	2
238	286	30	1
239	286	30	1
243	286	30	1
245	286	30	2
248	286	30	2
252	286	30	2
256	286	30	4
257	286	30	1
220	287	30	1
222	287	30	1
225	287	30	1
228	287	30	1
231	287	30	1
244	287	30	1
250	287	30	2
252	287	30	1
255	287	30	1
199	288	30	2
228	288	30	1
231	288	30	1
233	288	30	1
234	288	30	1
239	288	30	1
241	288	30	1
248	288	30	1
252	288	30	2
184	289	30	1
200	289	30	2
201	289	30	1
222	289	30	1
232	289	30	2
233	289	30	2
234	289	30	1
237	289	30	1
240	289	30	3
245	289	30	1
246	289	30	1
247	289	30	2
252	289	30	1
256	289	30	2
222	290	30	2
224	290	30	2
225	290	30	1
226	290	30	1
241	290	30	1
245	290	30	1
246	290	30	1
253	290	30	2
197	291	30	2
198	291	30	1
222	291	30	2
226	291	30	2
232	291	30	1
237	291	30	1
239	291	30	1
245	291	30	2
246	291	30	1
247	291	30	2
255	291	30	2
198	292	30	1
203	292	30	1
213	292	30	2
220	292	30	1
226	292	30	1
228	292	30	1
229	292	30	2
230	292	30	1
235	292	30	1
236	292	30	1
237	292	30	2
241	292	30	2
249	292	30	1
257	292	30	1
201	293	30	1
221	293	30	2
223	293	30	1
224	293	30	1
232	293	30	1
234	293	30	1
243	293	30	1
244	293	30	3
245	293	30	1
249	293	30	1
250	293	30	1
251	293	30	1
189	294	30	1
236	294	30	1
237	294	30	1
240	294	30	1
241	294	30	1
244	294	30	1
249	294	30	2
250	294	30	1
253	294	30	2
254	294	30	1
220	295	30	1
226	295	30	1
227	295	30	2
243	295	30	2
250	295	30	1
251	295	30	1
252	295	30	2
256	295	30	1
257	295	30	1
222	296	30	1
228	296	30	1
232	296	30	1
233	296	30	1
235	296	30	1
241	296	30	1
242	296	30	1
244	296	30	3
252	296	30	1
220	297	30	2
221	297	30	1
223	297	30	1
227	297	30	1
231	297	30	1
240	297	30	1
241	297	30	1
244	297	30	1
245	297	30	2
248	297	30	1
221	298	30	1
222	298	30	1
224	298	30	2
227	298	30	2
230	298	30	1
233	298	30	1
237	298	30	1
239	298	30	2
240	298	30	1
241	298	30	1
245	298	30	2
246	298	30	1
247	298	30	1
248	298	30	1
250	298	30	1
215	299	30	1
216	299	30	1
224	299	30	2
225	299	30	1
230	299	30	1
241	299	30	1
247	299	30	1
248	299	30	2
250	299	30	1
252	299	30	1
218	300	30	1
222	300	30	2
225	300	30	1
228	300	30	1
230	300	30	1
233	300	30	1
246	300	30	1
247	300	30	2
248	300	30	1
249	300	30	1
251	300	30	2
224	301	30	1
225	301	30	1
226	301	30	3
227	301	30	1
237	301	30	1
238	301	30	1
240	301	30	1
242	301	30	1
243	301	30	1
245	301	30	1
247	301	30	1
251	301	30	2
236	302	30	1
237	302	30	2
238	302	30	1
239	302	30	3
220	304	30	1
235	304	30	1
237	304	30	1
240	304	30	1
238	306	30	1
229	251	31	1
235	251	31	1
216	252	31	1
226	252	31	2
239	252	31	1
215	253	31	1
217	253	31	1
232	253	31	1
233	253	31	1
237	253	31	1
238	253	31	1
193	254	31	1
215	255	31	1
229	255	31	1
230	255	31	1
233	255	31	1
237	255	31	1
238	255	31	1
207	256	31	1
215	256	31	2
236	256	31	1
214	257	31	1
215	257	31	1
218	257	31	2
233	257	31	2
236	257	31	1
205	258	31	1
215	258	31	2
230	258	31	1
235	258	31	1
240	258	31	1
188	259	31	1
209	259	31	1
219	259	31	1
227	259	31	2
229	259	31	1
231	259	31	1
235	259	31	2
242	259	31	2
186	260	31	1
191	260	31	1
216	260	31	2
224	260	31	3
228	260	31	1
231	260	31	1
234	260	31	2
237	260	31	1
240	260	31	1
193	261	31	1
224	261	31	1
225	261	31	1
228	261	31	1
229	261	31	1
231	261	31	1
234	261	31	2
244	261	31	1
193	262	31	1
195	262	31	2
211	262	31	1
217	262	31	1
218	262	31	2
221	262	31	1
222	262	31	1
226	262	31	1
227	262	31	2
233	262	31	2
235	262	31	1
246	262	31	1
248	262	31	1
188	263	31	1
193	263	31	1
194	263	31	1
198	263	31	1
200	263	31	2
217	263	31	1
221	263	31	1
222	263	31	1
226	263	31	1
227	263	31	1
230	263	31	3
234	263	31	1
235	263	31	1
245	263	31	1
248	263	31	1
249	263	31	1
184	264	31	1
185	264	31	1
190	264	31	2
194	264	31	1
209	264	31	1
215	264	31	1
217	264	31	1
220	264	31	1
221	264	31	1
222	264	31	2
228	264	31	1
231	264	31	2
232	264	31	1
239	264	31	1
246	264	31	1
248	264	31	1
249	264	31	2
200	265	31	1
205	265	31	1
213	265	31	1
214	265	31	1
226	265	31	1
231	265	31	1
234	265	31	2
245	265	31	1
246	265	31	1
193	266	31	1
194	266	31	1
197	266	31	1
198	266	31	1
217	266	31	1
236	266	31	1
177	267	31	2
192	267	31	1
197	267	31	2
216	267	31	1
219	267	31	1
224	267	31	1
229	267	31	1
233	267	31	1
235	267	31	1
238	267	31	1
246	267	31	1
247	267	31	1
193	268	31	1
197	268	31	1
198	268	31	1
203	268	31	1
205	268	31	1
213	268	31	1
224	268	31	1
225	268	31	2
231	268	31	1
232	268	31	2
234	268	31	1
241	268	31	1
244	268	31	1
247	268	31	2
173	269	31	2
182	269	31	1
183	269	31	1
191	269	31	2
194	269	31	1
198	269	31	1
201	269	31	1
231	269	31	2
238	269	31	2
246	269	31	1
247	269	31	1
248	269	31	2
252	269	31	1
180	270	31	3
186	270	31	1
194	270	31	3
198	270	31	2
199	270	31	1
201	270	31	2
215	270	31	1
217	270	31	1
231	270	31	1
239	270	31	1
242	270	31	2
244	270	31	1
248	270	31	1
249	270	31	1
175	271	31	1
177	271	31	2
178	271	31	2
199	271	31	1
203	271	31	1
204	271	31	1
209	271	31	1
214	271	31	1
216	271	31	1
217	271	31	1
225	271	31	2
235	271	31	1
241	271	31	1
244	271	31	1
246	271	31	1
249	271	31	1
176	272	31	1
185	272	31	1
199	272	31	1
204	272	31	1
205	272	31	1
212	272	31	1
215	272	31	2
216	272	31	1
218	272	31	1
226	272	31	1
230	272	31	2
232	272	31	1
237	272	31	1
238	272	31	2
239	272	31	1
240	272	31	2
254	272	31	1
207	273	31	1
209	273	31	1
211	273	31	1
212	273	31	1
214	273	31	1
232	273	31	1
239	273	31	1
240	273	31	1
242	273	31	2
244	273	31	2
246	273	31	2
249	273	31	1
250	273	31	1
175	274	31	1
179	274	31	2
204	274	31	1
211	274	31	1
213	274	31	3
216	274	31	2
225	274	31	4
226	274	31	1
232	274	31	1
236	274	31	3
237	274	31	1
239	274	31	1
240	274	31	1
241	274	31	1
184	275	31	1
229	275	31	1
231	275	31	2
236	275	31	1
238	275	31	2
239	275	31	1
241	275	31	1
243	275	31	1
244	275	31	1
250	275	31	1
176	276	31	2
184	276	31	1
233	276	31	4
237	276	31	2
244	276	31	1
204	277	31	1
233	277	31	2
234	277	31	1
235	277	31	1
236	277	31	1
244	277	31	1
247	277	31	2
178	278	31	2
204	278	31	1
205	278	31	1
244	278	31	2
245	278	31	1
247	278	31	1
249	278	31	1
175	279	31	1
178	279	31	3
180	279	31	1
205	279	31	1
206	279	31	1
219	279	31	1
235	279	31	2
238	279	31	1
175	280	31	1
220	280	31	1
236	280	31	1
249	280	31	1
250	280	31	1
176	281	31	1
220	281	31	1
228	281	31	1
233	281	31	1
244	281	31	1
251	281	31	1
173	282	31	1
178	282	31	2
181	282	31	1
223	282	31	1
225	282	31	2
238	282	31	1
241	282	31	1
245	282	31	1
246	282	31	1
247	282	31	1
250	282	31	2
254	282	31	1
179	283	31	1
181	283	31	1
209	283	31	1
219	283	31	1
223	283	31	1
224	283	31	1
233	283	31	1
234	283	31	1
235	283	31	1
240	283	31	2
242	283	31	1
244	283	31	2
176	284	31	1
179	284	31	2
180	284	31	2
182	284	31	3
209	284	31	1
212	284	31	1
219	284	31	2
231	284	31	2
239	284	31	1
243	284	31	1
244	284	31	1
250	284	31	1
254	284	31	1
224	285	31	1
229	285	31	2
234	285	31	1
236	285	31	2
240	285	31	1
247	285	31	1
248	285	31	1
252	285	31	1
253	285	31	1
204	286	31	1
219	286	31	1
220	286	31	2
222	286	31	1
237	286	31	1
238	286	31	1
240	286	31	1
246	286	31	1
249	286	31	1
252	286	31	1
187	287	31	1
219	287	31	1
243	287	31	1
250	287	31	2
251	287	31	1
252	287	31	1
255	287	31	3
256	287	31	1
220	288	31	1
225	288	31	1
226	288	31	1
233	288	31	1
236	288	31	1
245	288	31	1
246	288	31	2
253	288	31	1
185	289	31	1
200	289	31	1
205	289	31	1
224	289	31	1
225	289	31	2
226	289	31	1
234	289	31	2
235	289	31	1
240	289	31	1
242	289	31	1
243	289	31	1
244	289	31	2
221	290	31	1
222	290	31	1
230	290	31	1
243	290	31	1
250	290	31	1
200	291	31	1
223	291	31	1
226	291	31	2
228	291	31	1
235	291	31	1
237	291	31	1
238	291	31	1
240	291	31	1
242	291	31	1
245	291	31	1
247	291	31	2
248	291	31	1
249	291	31	2
254	291	31	1
255	291	31	1
198	292	31	1
201	292	31	1
235	292	31	1
236	292	31	1
246	292	31	2
250	292	31	1
252	292	31	1
254	292	31	1
257	292	31	3
222	293	31	2
232	293	31	1
233	293	31	2
234	293	31	2
237	293	31	1
246	293	31	1
248	293	31	1
202	294	31	1
232	294	31	1
233	294	31	1
237	294	31	1
242	294	31	1
243	294	31	1
247	294	31	1
252	294	31	1
198	295	31	1
202	295	31	1
222	295	31	2
225	295	31	1
228	295	31	2
231	295	31	1
240	295	31	1
241	295	31	1
243	295	31	1
247	295	31	1
249	295	31	1
250	295	31	3
252	295	31	1
255	295	31	1
257	295	31	1
199	296	31	1
200	296	31	2
215	296	31	1
222	296	31	1
225	296	31	1
234	296	31	3
240	296	31	1
242	296	31	1
243	296	31	1
248	296	31	1
254	296	31	1
195	297	31	1
223	297	31	1
225	297	31	1
230	297	31	1
231	297	31	1
236	297	31	1
242	297	31	1
246	297	31	1
224	298	31	1
226	298	31	2
228	298	31	2
232	298	31	1
235	298	31	2
239	298	31	1
242	298	31	1
250	298	31	1
252	298	31	1
253	298	31	1
224	299	31	1
230	299	31	2
232	299	31	1
233	299	31	1
247	299	31	1
224	300	31	2
228	300	31	1
232	300	31	1
235	300	31	1
237	300	31	1
238	300	31	2
241	300	31	1
250	300	31	1
216	301	31	1
225	301	31	2
226	301	31	1
234	301	31	2
241	301	31	1
242	301	31	1
243	301	31	1
247	301	31	1
248	301	31	1
229	302	31	1
231	302	31	2
235	302	31	1
240	302	31	1
244	302	31	2
247	302	31	2
248	302	31	1
232	303	31	3
243	303	31	1
246	303	31	2
232	304	31	2
235	304	31	1
223	305	31	2
225	305	31	1
233	306	31	1
236	306	31	1
223	307	31	2
224	307	31	1
237	307	31	1
223	308	31	1
227	251	32	2
214	252	32	2
226	252	32	1
231	252	32	1
235	252	32	1
216	253	32	1
217	253	32	2
218	253	32	1
221	253	32	1
223	253	32	1
232	253	32	1
240	253	32	1
216	254	32	1
223	254	32	2
227	254	32	2
228	254	32	1
238	254	32	1
188	255	32	1
216	255	32	1
217	255	32	1
221	255	32	1
226	255	32	1
228	255	32	1
230	255	32	2
232	255	32	1
234	255	32	1
237	255	32	1
238	255	32	1
177	256	32	1
227	256	32	1
229	256	32	1
192	257	32	1
193	257	32	1
195	257	32	1
203	257	32	1
210	257	32	1
182	258	32	2
215	258	32	3
217	258	32	1
219	258	32	1
231	258	32	2
232	258	32	2
235	258	32	3
237	258	32	1
240	258	32	1
192	259	32	2
207	259	32	1
213	259	32	1
214	259	32	1
215	259	32	1
217	259	32	1
219	259	32	2
220	259	32	1
222	259	32	1
227	259	32	1
234	259	32	1
182	260	32	1
211	260	32	2
230	260	32	1
235	260	32	1
236	260	32	1
238	260	32	1
243	260	32	1
248	260	32	1
186	261	32	2
194	261	32	1
210	261	32	1
211	261	32	1
216	261	32	2
217	261	32	1
218	261	32	2
219	261	32	1
225	261	32	2
226	261	32	1
228	261	32	1
230	261	32	1
238	261	32	1
244	261	32	1
246	261	32	1
186	262	32	1
189	262	32	4
194	262	32	2
196	262	32	1
207	262	32	1
209	262	32	2
216	262	32	1
219	262	32	1
221	262.666666666667	33	1
224	262	32	2
228	262	32	2
230	262	32	2
231	262	32	1
236	262	32	1
240	262	32	1
243	262	32	1
246	262	32	1
247	262	32	1
248	262	32	1
200	263	32	2
204	263	32	1
215	263	32	1
216	263	32	1
222	263	32	2
225	263	32	2
226	263	32	1
231	263	32	1
232	263	32	1
233	263	32	1
235	263	32	1
241	263	32	1
242	263	32	3
246	263	32	1
249	263	32	2
250	263	32	1
188	264	32	1
190	264	32	2
191	264	32	1
192	264	32	2
210	264	32	1
212	264	32	3
215	264	32	1
217	264	32	3
221	264	32	1
228	264	32	1
232	264	32	1
236	264	32	1
240	264	32	1
245	264	32	1
248	264	32	1
250	264	32	1
176	265	32	1
185	265	32	1
186	265	32	2
189	265	32	1
194	265	32	2
196	265	32	1
211	265	32	1
213	265	32	1
221	265	32	1
222	265	32	1
224	265	32	1
234	265	32	1
238	265	32	1
239	265	32	1
248	265	32	1
186	266	32	1
188	266	32	1
194	266	32	1
203	266	32	1
221	266	32	1
222	266	32	1
224	266	32	2
228	266	32	2
229	266	32	1
234	266	32	2
235	266	32	1
237	266	32	2
239	266	32	1
240	266	32	2
243	266	32	1
245	266	32	1
249	266	32	1
183	267	32	2
184	267	32	1
191	267	32	1
193	267	32	1
194	267	32	1
197	267	32	1
209	267	32	1
211	267	32	1
221	267	32	1
229	267	32	1
230	267	32	3
233	267	32	1
249	267	32	2
252	267	32	2
194	268	32	1
198	268	32	1
206	268	32	1
211	268	32	1
213	268	32	1
214	268	32	1
215	268	32	1
216	268	32	1
220	268	32	1
231	268	32	1
233	268	32	1
239	268	32	2
241	268	32	1
245	268	32	1
246	268	32	1
176	269	32	1
180	269	32	1
186	269	32	1
187	269	32	1
193	269	32	1
194	269	32	1
209	269	32	1
214	269	32	4
218	269	32	1
238	269	32	1
239	269	32	1
240	269	32	1
242	269	32	1
245	269	32	1
246	269	32	1
248	269	32	1
249	269	32	1
250	269	32	1
180	270	32	1
184	270	32	1
185	270	32	1
187	270	32	2
200	270	32	1
206	270	32	1
214	270	32	2
224	270	32	1
233	270	32	1
239	270	32	1
243	270	32	2
248	270	32	1
173	271	32	2
174	271	32	1
177	271	32	1
182	271	32	2
184	271	32	1
186	271	32	1
188	271	32	1
202	271	32	1
207	271	32	1
209	271	32	1
228	271	32	1
233	271	32	1
244	271	32	1
173	272	32	1
177	272	32	1
183	272	32	1
184	272	32	1
185	272	32	1
203	272	32	2
213	272	32	2
214	272	32	1
216	272	32	2
225	272	32	1
226	272	32	1
234	272	32	1
239	272	32	2
240	272	32	1
241	272	32	1
246	272	32	1
249	272	32	1
251	272	32	1
252	272	32	2
186	273	32	1
201	273	32	1
206	273	32	1
208	273	32	1
209	273	32	2
210	273	32	1
225	273	32	1
234	273	32	3
235	273	32	2
236	273	32	1
242	273	32	2
246	273	32	2
249	273	32	1
172	274	32	1
173	274	32	1
179	274	32	1
183	274	32	1
184	274	32	1
185	274	32	2
204	274	32	1
206	274	32	1
207	274	32	1
238	274	32	1
241	274	32	1
244	274	32	1
246	274	32	1
252	274	32	1
183	275	32	3
184	275	32	1
202	275	32	2
208	275	32	1
211	275	32	1
213	275	32	1
214	275	32	2
235	275	32	1
240	275	32	1
249	275	32	1
175	276	32	2
184	276	32	1
204	276	32	1
210	276	32	1
228	276	32	1
241	276	32	1
243	276	32	1
246	276	32	2
175	277	32	1
210	277	32	2
224	277	32	1
236	277	32	1
238	277	32	1
241	277	32	1
244	277	32	1
245	277	32	4
249	277	32	1
175	278	32	1
184	278	32	2
204	278	32	1
220	278	32	1
234	278	32	1
235	278	32	1
240	278	32	1
243	278	32	3
255	278	32	1
175	279	32	4
181	279	32	3
205	279	32	1
214	279	32	1
236	279	32	1
237	279	32	2
239	279	32	2
240	279	32	1
242	279	32	3
243	279	32	1
245	279	32	1
175	280	32	1
176	280	32	2
178	280	32	2
189	280	32	2
221	280	32	1
223	280	32	1
232	280	32	1
237	280	32	2
238	280	32	1
241	280	32	1
246	280	32	1
175	281	32	1
182	281	32	1
210	281	32	1
217	281	32	1
220	281	32	1
223	281	32	1
232	281	32	1
233	281	32	1
239	281	32	1
244	281	32	1
250	281	32	1
252	281	32	2
173	282	32	1
174	282	32	1
175	282	32	1
220	282	32	2
221	282	32	1
231	282	32	1
232	282	32	1
233	282	32	2
237	282	32	1
241	282	32	1
245	282	32	3
248	282	32	1
251	282	32	1
253	282	32	1
256	282	32	2
173	283	32	1
175	283	32	1
179	283	32	1
181	283	32	1
207	283	32	1
222	283	32	1
223	283	32	1
224	283	32	1
226	283	32	1
230	283	32	1
244	283	32	1
254	283	32	3
177	284	32	1
184	284	32	1
205	284	32	3
225	284	32	1
226	284	32	1
227	284	32	2
229	284	32	2
232	284	32	1
236	284	32	1
237	284	32	1
245	284	32	1
249	284	32	1
254	284	32	1
177	285	32	1
180	285	32	1
182	285	32	1
215	285	32	1
219	285	32	1
220	285	32	1
221	285	32	1
222	285	32	1
223	285	32	2
230	285	32	1
231	285	32	1
232	285	32	1
240	285	32	1
243	285	32	3
245	285	32	2
246	285	32	1
250	285	32	1
255	285	32	1
175	286	32	2
204	286	32	1
206	286	32	1
221	286	32	1
226	286	32	1
229	286	32	3
231	286	32	1
234	286	32	1
239	286	32	1
243	286	32	1
246	286	32	1
247	286	32	2
248	286	32	2
249	286	32	1
250	286	32	1
254	286	32	1
256	286	32	1
187	287	32	1
224	287	32	2
225	287	32	3
226	287	32	1
233	287	32	1
236.5	287.5	32.5	1
238	287	32	1
241	287	32	1
242	287	32	2
247	287	32	1
250	287	32	1
254	287	32	1
255	287	32	1
201	288	32	1
203	288	32	1
225	288	32	1
235	288	32	2
240	288	32	1
242	288	32	1
247	288	32	1
253	288	32	1
258	288	32	1
187	289	32	1
222	289	32	2
224	289	32	2
231	289	32	1
235	289	32	1
242	289	32	1
248	289	32	1
253	289	32	2
256	289	32	1
199	290	32	2
206	290	32	1
220	290	32	1
221	290	32	1
226	290	32	1
230	290	32	1
231	290	32	1
232	290	32	1
233	290	32	1
234	290	32	1
237	290	32	1
239	290	32	2
241	290	32	1
248	290	32	1
250	290	32	1
253	290	32	1
186	291	32	1
198	291	32	1
200	291	32	2
223	291	32	1
224	291	32	2
235	291	32	1
236	291	32	1
241	291	32	1
244	291	32	2
247	291	32	1
250	291	32	1
255	291	32	1
188	292	32	2
197	292	32	2
199	292	32	1
227	292	32	1
234	292	32	1
242	292	32	1
250	292	32	1
251	292	32	1
199	293	32	3
207	293	32	1
216	293	32	1
221	293	32	1
223	293	32	1
227	293	32	1
228	293	32	2
230	293	32	1
232	293	32	1
236	293	32	1
237	293	32	1
238	293	32	1
244	293	32	1
180	294	32	2
197	294	32	1
204	294	32	2
221	294	32	1
223	294	32	1
228	294	32	1
230	295	33	1
231	294	32	1
237	294	32	2
238	294	32	1
239	294	32	1
244	294	32	1
245	294	32	1
252	294	32	1
253	294	32	2
195	295	32	2
200	295	32	1
217	295	32	1
218	295	32	1
220	295	32	1
228	295	32	1
231	295	32	1
241	295	32	1
247	295	32	1
249	295	32	1
251	295	32	2
253	295	32	1
187	296	32	1
198	296	32	1
200	296	32	1
229	296	32	1
231	296	32	2
233	296	32	1
235	296	32	1
241	296	32	1
183	297	32	1
199	297	32	1
219	297	32	1
221	297	32	1
225	297	32	1
227	297	32	1
233	297	32	1
234	297	32	2
236	297	32	1
237	297	32	1
241	297	32	1
246	297	32	1
247	297	32	2
248	297	32	2
251	297	32	1
252	297	32	1
255	297	32	1
223	298	32	1
227	298	32	1
230	298	32	1
232	298	32	2
234	298	32	1
241	298	32	1
248	298	32	1
249	298	32	2
197	299	32	2
226	299	32	1
227	299	32	1
231	299	32	1
243	299	32	1
247	299	32	1
248	299	32	2
196	300	32	2
232	300	32	2
237	300	32	1
240	300	32	1
244	300	32	1
246	300	32	1
247	300	32	1
198	301	32	2
210	301	32	1
224	301	32	2
229	301	32	2
231	301	32	1
233	301	32	2
235	301	32	1
236	301	32	2
239	301	32	1
243	301	32	1
249	301	32	1
230	302	32	2
233	302	32	1
236	302	32	2
238	302	32	1
240	302	32	1
242	302	32	1
243	302	32	1
225	303	32	1
234	303	32	3
235	303	32	2
239	303	32	2
241	303	32	2
244	303	32	1
245	303	32	1
225	304	32	1
230	304	32	1
231	304	32	1
233	304	32	1
243	304	32	3
235	305	32	1
236	306	32	1
241	306	32	1
242	306	32	1
206	307	32	2
235	307	32	1
236	307	32	1
221	308	32	1
223	308	32	1
227	308	32	1
235	308	32	1
220	309	32	1
228	309	32	1
232	309	32	1
234	309	32	1
229	310	32	1
235	313	32	1
232	249	33	1
228	250	33	1
228	251	33	1
223	252	33	1
229	252	33	1
216	253	33	1
217	253	33	1
221	253	33	1
222	253	33	1
229	253	33	3
232	253	33	1
237	253	33	1
241	253	33	1
219	254	33	1
230	254	33	1
235	254	33	1
239	254	33	1
217	255	33	2
219	255	33	1
224	255	33	1
236	255	33	1
237	255	33	2
216	256	33	1
221	256	33	2
223	256	33	2
241	256	33	1
220	257	33	1
221	257	33	1
224	257	33	1
235	257	33	1
237	257	33	1
216	258	33	1
217	258	33	1
218	258	33	1
221	258	33	3
233	258	33	1
189	259	33	1
201	259	33	2
211	259	33	2
215	259	33	1
216	259	33	2
220	259	33	1
225	259	33	1
226	259	33	1
231	259	33	1
239	259	33	3
243	259	33	1
208	260	33	1
220	260	33	2
233	260	33	1
237	260	33	1
243	260	33	1
246	260	33	3
182	261	33	1
193	261	33	1
205	261	33	1
208	261	33	1
209	261	33	1
211	261	33	1
214	261	33	1
216	261	33	2
222	261	33	1
225	261	33	2
228	261	33	1
231	261	33	1
232	261	33	1
236	261	33	1
237	261	33	1
239	261	33	2
240	261	33	1
241	261	33	1
247	261	33	1
196	262	33	1
203	262	33	1
211	262	33	1
212	262	33	1
218	262	33	1
223	262	33	1
226	262	33	2
228	262	33	1
229	262	33	1
240	262	33	2
241	262	33	1
242	262	33	1
246	262	33	1
185	263	33	1
189	263	33	1
198	263	33	1
203	263	33	1
211	263	33	1
212	263	33	2
213	263	33	1
214	263	33	1
215	263	33	2
217	263	33	1
218	263	33	1
220	263	33	1
223	263	33	1
227	263	33	1
228	263	33	1
237	263	33	1
238	263	33	1
239	263	33	1
242	263	33	1
243	263	33	1
244	263	33	1
248	263	33	1
249	263	33	1
187	264	33	1
188	264	33	2
189	264	33	1
209	264	33	2
211	264	33	1
212	264	33	1
214	264	33	1
216	264	33	1
217	264	33	2
218	264	33	1
224	264	33	1
226	264	33	1
233	264	33	2
238	264	33	1
245	264	33	2
250	264	33	1
185	265	33	1
186	265	33	2
191	265	33	2
194	265	33	1
226	265	33	1
233	265	33	1
235	265	33	1
242	265	33	2
244	265	33	1
252	265	33	1
185	266	33	2
187	266	33	1
196	266	33	1
204	266	33	1
211	266	33	1
216	266	33	1
237	266	33	1
241	266	33	1
242	266	33	1
249	266	33	1
182	267	33	1
183	267	33	1
184	267	33	1
205	267	33	1
212	267	33	1
214	267	33	1
215	267	33	2
221	267	33	4
223	267	33	1
228	267	33	1
229	267	33	1
242	267	33	1
244	267	33	2
246	267	33	1
247	267	33	1
250	267	33	1
188	268	33	1
191	268	33	1
192	268	33	1
193	268	33	2
195	268	33	1
196	268	33	1
207	268	33	1
213	268	33	1
215	268	33	1
220	268	33	1
226	268	33	1
235	268	33	2
240	268	33	1
250	268	33	2
252	268	33	1
187	269	33	1
193	269	33	1
194	269	33	1
196	269	33	1
198	269	33	1
201	269	33	1
204	269	33	1
215	269	33	1
232	269	33	1
234	269	33	1
240	269	33	1
241	269	33	1
243	269	33	1
174	270	33	1
178	270	33	2
184	270	33	1
205	270	33	2
209	270	33	1
212	270	33	1
214	270	33	2
215	270	33	1
223	270	33	1
233	270	33	1
234	270	33	1
239	270	33	1
241	270	33	1
242	270	33	2
243	270	33	2
244	270	33	1
245	270	33	1
247	270	33	2
248	270	33	1
249	270	33	1
252	270	33	1
175	271	33	1
182	271	33	2
190	271	33	1
208	271	33	1
209	271	33	1
210	271	33	2
217	271	33	2
229	271	33	1
233	271	33	1
237	271	33	1
240	271	33	1
241	271	33	1
244	271	33	1
245	271	33	1
247	271	33	2
172	272	33	1
176	272	33	1
178	272	33	1
180	272	33	1
182	272	33	1
184	272	33	1
189	272	33	1
207	272	33	1
213	272	33	1
216	272	33	2
231	272	33	1
232	272	33	1
234	272	33	1
240	272	33	1
241	272	33	1
242	272	33	1
246	272	33	4
249	272	33	1
173	273	33	1
181	273	33	1
188	273	33	1
189	273	33	2
196	273	33	1
205	273	33	1
209	273	33	2
210	273	33	1
230	273	33	1
235	273	33	2
243	273	33	1
248	273	33	1
249	273	33	1
253	273	33	1
176	274	33	1
177	274	33	1
183	274	33	1
193	274	33	1
201	274	33	2
202	274	33	2
203	274	33	1
205	274	33	1
206	274	33	1
207	274	33	2
209	274	33	1
211	274	33	1
212	274	33	1
217	274	33	1
229	274	33	1
232	274	33	1
235	274	33	1
236	274	33	3
237	274	33	1
238	274	33	1
243	274	33	1
244	274	33	2
245	274	33	1
175	275	33	1
184	275	33	1
186	275	33	1
188	275	33	2
200	275	33	1
205	275	33	2
206	275	33	1
209	275	33	1
212	275	33	1
213	275	33	1
227	275	33	1
237	275	33	1
239	275	33	1
243	275	33	1
251	275	33	2
174	276	33	2
190	276	33	1
192	276	33	1
208	276	33	1
214	276	33	1
236	276	33	1
239	276	33	1
240	276	33	2
242	276	33	1
243	276	33	1
176	277	33	1
206	277	33	1
207	277	33	1
210	277	33	1
227	277	33	1
237	277	33	2
239	277	33	1
243	277	33	1
247	277	33	1
177	278	33	1
191	278	33	1
207	278	33	3
209	278	33	1
211	278	33	1
223	278	33	1
234	278	33	1
238	278	33	2
245	278	33	1
201	279	33	2
208	279	33	1
210	279	33	2
222	279	33	1
231	279	33	1
240	279	33	1
244	279	33	1
248	279	33	1
251	279	33	3
177	280	33	2
180	280	33	1
203	280	33	1
206	280	33	1
209	280	33	2
211	280	33	1
224	280	33	2
225	280	33	3
229	280	33	1
232	280	33	2
246	280	33	1
186	281	33	1
206	281	33	1
208	281	33	2
217	281	33	1
219	281	33	1
222	281	33	3
230	281	33	1
234	281	33	4
239	281	33	1
241	281	33	1
244	281	33	1
249	281	33	1
177	282	33	1
179	282	33	1
207	282	33	2
210	282	33	1
211	282	33	1
213	282	33	1
221	282	33	1
223	282	33	1
231	282	33	1
232	282	33	1
233	282	33	1
234	282	33	1
235	282	33	1
241	282	33	1
245	282	33	1
250	282	33	1
251	282	33	1
253	282	33	1
176	283	33	2
181	283	33	2
183	283	33	2
185	283	33	1
189	283	33	1
211	283	33	1
212	283	33	1
220	283	33	1
225	283	33	1
237	283	33	2
238	283	33	1
239	283	33	1
242	283	33	1
243	283	33	1
247	283	33	1
176	284	33	1
180	284	33	1
188	284	33	1
207	284	33	2
209	284	33	1
219	284	33	1
226	284	33	2
229	284	33	2
230	284	33	1
235	284	33	2
236	284	33	1
237	284	33	1
240	284	33	2
242	284	33	1
243	284	33	1
244	284	33	1
248	284	33	1
249	284	33	1
254	284	33	2
178	285	33	1
220	285	33	1
222	285	33	3
223	285	33	1
224	285	33	2
232	285	33	1
233	285	33	1
234	285	33	1
238	285	33	1
241	285	33	1
254	285	33	1
203	286	33	1
209	286	33	2
221	286	33	1
223	286	33	1
230	286	33	1
235	286	33	1
237	286	33	1
238	286	33	1
248	286	33	1
252	286	33	1
179	287	33	1
205	287	33	1
222	287	33	3
229	287	33	1
242	287	33	2
243	287	33	1
245	287	33	1
253	287	33	1
186	288	33	2
202	288	33	1
219	288	33	1
223	288	33	1
230	288	33	1
233	288	33	2
239	288	33	1
244	288	33	1
245	288	33	1
203	289	33	1
222	289	33	2
224	289	33	1
230	289	33	2
231	289	33	1
235	289	33	1
237	289	33	1
246	289	33	1
249	289	33	1
185	290	33	1
187	290	33	1
199	290	33	1
200	290	33	2
202	290	33	1
225	290	33	2
231	290	33	1
232	290	33	1
239	290	33	1
255	290	33	1
185	291	33	1
201	291	33	1
233	291	33	1
238	291	33	1
240	291	33	1
257	291	33	1
197	292	33	1
200	292	33	2
201	292	33	1
225	292	33	1
226	292	33	1
227	292	33	1
232	292	33	1
233	292	33	1
236	292	33	1
246	292	33	2
247	292	33	1
249	292	33	1
185	293	33	1
188	293	33	2
197	293	33	1
223	293	33	1
224	293	33	1
229	293	33	2
233	293	33	1
234	293	33	2
239	293	33	2
241	293	33	1
243	293	33	1
248	293	33	1
252	293	33	1
177	294	33	1
180	294	33	1
213	294	33	1
227	294	33	1
237	294	33	1
238	294	33	2
239	294	33	1
245	294	33	1
256	294	33	1
204	295	33	2
220	295	33	1
225	295	33	1
231	295	33	1
233	295	33	1
235	295	33	2
237	295	33	2
238	295	33	1
245	295	33	1
246	295	33	1
250	295	33	1
179	296	33	2
195	296	33	1
200	296	33	1
223	296	33	1
228	296	33	1
229	296	33	1
231	296	33	1
233	296	33	1
236	296	33	1
255	296	33	1
225	297	33	1
226	297	33	1
232	297	33	1
233	297	33	1
241	297	33	1
242	297	33	1
245	297	33	1
194	298	33	2
196	298	33	1
200	298	33	1
231	298	33	1
234	298	33	1
238	298	33	1
243	298	33	1
244	298	33	1
195	299	33	1
201	299	33	1
230	299	33	1
241	299	33	1
242	299	33	1
243	299	33	2
225	300	33	1
228	300	33	1
230	300	33	1
236	300	33	2
228	301	33	1
229	301	33	1
234	301	33	1
236	301	33	1
239	301	33	1
241	301	33	2
245	301	33	2
246	301	33	1
249	301	33	1
199	302	33	1
223	302	33	1
225	302	33	2
229	302	33	1
240	302	33	1
207	303	33	2
224	303	33	1
228	303	33	1
232	303	33	3
234	303	33	1
237	303	33	2
240	303	33	1
243	303	33	3
206	304	33	1
220	304	33	1
223	304	33	1
230	304	33	2
232	304	33	1
237	304	33	2
238	304	33	1
242	304	33	3
222	305	33	2
234	305	33	1
235	305	33	2
238	305	33	1
240	305	33	1
224	306	33	1
230	306	33	1
232	306	33	1
235	306	33	1
236	306	33	1
237	306	33	1
221	307	33	1
227	307	33	2
233	307	33	2
234	307	33	2
217	308	33	2
222	308	33	2
227	308	33	1
233	308	33	1
223	309	33	2
229	309	33	1
233	309	33	2
237	309	33	1
223	310	33	1
226	310	33	1
227	310	33	1
228	310	33	2
238	310	33	1
239	310	33	1
224	311	33	1
230	311	33	1
232	311	33	3
234	311	33	1
225	312	33	1
228	312	33	1
231	312	33	1
223	313	33	1
230	313	33	1
235	313	33	1
237	313	33	1
232	314	33	2
234	314	33	2
236	314	33	1
230	318	33	1
226	250	34	1
229	250	34	2
229	251	34	2
224	252	34	2
226	252	34	1
227	252	34	1
230	252	34	1
225	253	34	1
228	253	34	1
228	254	34	1
233	254	34	3
235	254	34	3
221	255	34	1
223	255	34	1
224	255	34	1
227	255	34	1
237	255	34	1
190	256	34	1
218	256	34	1
221	256	34	2
227	256	34	1
232	256	34	1
233	256	34	1
243	256	34	2
216	257	34	1
220	257	34	1
228	257	34	1
201	258	34	1
216	258	34	1
223	258	34	1
224	258	34	1
225	258	34	1
226	258	34	1
233	258	34	1
240	258	34	1
242	258	34	1
244	258	34	1
209	259	34	1
219	259	34	1
227	259	34	2
233	259	34	1
235	259	34	1
238	259	34	1
241	259	34	2
242	259	34	2
192	260	34	1
211	260	34	1
214	260	34	2
215	260	34	1
216	260	34	1
219	260	34	1
221	260	34	1
226	260	34	2
228	260	34	1
229	260	34	1
236	260	34	1
238	260	34	1
245	260	34	1
208	261	34	2
211	261	34	2
215	261	34	1
216	261	34	2
220	261	34	1
221	261	34	1
226	261	34	1
228	261	34	1
229	261	34	1
230	261	34	1
231	261	34	1
235	261	34	1
240	261	34	1
242	261	34	2
211	262	34	2
224	262	34	1
229	262	34	1
242	262	34	1
246	262	34	1
247	262	34	1
185	263	34	1
192	263	34	1
193	263	34	1
197	263	34	1
206	263	34	1
211	263	34	2
214	263	34	1
216	263	34	1
220	263	34	1
222	263	34	1
224	263	34	1
228	263	34	1
231	263	34	1
234	263	34	1
235	263	34	1
236	263	34	1
241	263	34	1
248	263	34	1
250	263	34	1
186	264	34	1
188	264	34	2
189	264	34	1
191	264	34	1
193	264	34	1
194	264	34	2
200	264	34	1
203	264	34	1
205	264	34	1
206	264	34	1
209	264	34	1
213	264	34	2
216	264	34	2
220	264	34	1
223	264	34	2
226	264	34	1
229	264	34	2
235	264	34	1
236	264	34	1
239	264	34	1
243	264	34	2
187	265	34	1
190	265	34	1
191	265	34	1
192	265	34	2
193	265	34	2
194	265	34	1
196	265	34	1
203	265	34	2
209	265	34	1
210	265	34	1
213	265	34	2
217	265	34	1
221	265	34	2
223	265	34	1
226	265	34	1
231	265	34	1
233	265	34	1
234	265	34	1
239	265	34	1
243	265	34	2
244	265	34	1
249	265	34	2
193	266	34	1
197	266	34	1
208	266	34	1
214	266	34	1
225	266	34	1
235	266	34	1
241	266	34	1
249	266	34	1
251	266	34	2
182	267	34	1
189	267	34	1
191	267	34	1
192	267	34	1
193	267	34	1
195	267	34	1
196	267	34	1
197	267	34	2
215	267	34	1
223	267	34	1
225	267	34	2
229	267	34	1
231	267	34	1
239	267	34	2
249	267	34	1
191	268	34	1
193	268	34	1
207	268	34	1
208	268	34	1
216	268	34	1
217	268	34	2
220	268	34	1
242	268	34	1
244	268	34	1
251	268	34	1
175	269	34	1
187	269	34	1
189	269	34	1
193	269	34	1
194	269	34	1
197	269	34	2
198	269	34	1
208	269	34	1
209	269	34	1
210	269	34	1
215	269	34	1
218	269	34	2
219	269	34	1
220	269	34	1
222	269	34	1
231	269	34	1
236	269	34	2
239	269	34	1
241	269	34	1
243	269	34	2
245	269	34	1
248	269	34	2
252	269	34	1
253	269	34	2
175	270	34	1
183	270	34	1
185	270	34	1
192	270	34	1
195	270	34	1
197	270	34	1
200	270	34	1
201	270	34	3
203	270	34	1
206	270	34	1
210	270	34	2
214	270	34	1
215	270	34	1
216	270	34	1
218	270	34	2
228	270	34	1
239	270	34	1
240	270	34	1
241	270	34	1
244	270	34	1
245	270	34	2
249	270	34	1
173	271	34	1
178	271	34	2
179	271	34	2
181	271	34	1
185	271	34	2
187	271	34	1
188	271	34	1
189	271	34	1
206	271	34	2
209	271	34	1
210	271	34	1
211	271	34	1
212	271	34	1
214	271	34	1
215	271	34	1
226	271	34	1
234	271	34	1
237	271	34	1
240	271	34	4
244	271	34	1
245	271	34	1
246	271	34	2
249	271	34	2
250	271	34	1
175	272	34	2
177	272	34	1
179	272	34	2
180	272	34	1
182	272	34	1
183	272	34	1
188	272	34	2
197	272	34	1
211	272	34	2
214	272	34	1
216	272	34	1
218	272	34	1
228	272	34	1
229	272	34	1
232	272	34	1
237	272	34	1
249	272	34	1
170	273	34	1
173	273	34	1
184	273	34	1
204	273	34	2
205	273	34	1
207	273	34	1
208	273	34	1
209	273	34	1
211	273	34	1
214	273	34	1
216	273	34	1
219	273	34	1
229	273	34	1
231	273	34	2
236	273	34	1
243	273	34	1
178	274	34	1
180	274	34	1
182	274	34	1
183	274	34	3
187	274	34	1
196	274	34	1
206	274	34	1
211	274	34	1
215	274	34	3
216	274	34	1
226	274	34	1
231	274	34	1
232	274	34	1
233	274	34	1
235	274	34	1
236	274	34	1
240	274	34	1
241	274	34	2
183	275	34	2
189	275	34	2
201	275	34	2
207	275	34	1
209	275	34	1
212	275	34	1
213	275	34	3
217	275	34	1
219	275	34	2
227	275	34	2
231	275	34	1
237	275	34	1
245	275	34	2
246	275	34	1
174	276	34	1
177	276	34	1
187	276	34	1
202	276	34	1
203	276	34	1
206	276	34	2
207	276	34	4
210	276	34	1
211	276	34	1
212	276	34	1
229	276	34	1
233	276	34	2
235	276	34	1
237	276	34	1
242	276	34	1
244	276	34	2
203	277	34	2
204	277	34	1
206	277	34	1
215	277	34	1
234	277	34	1
236	277	34	1
237	277	34	1
238	277	34	1
241	277	34	1
175	278	34	1
178	278	34	1
186	278	34	1
201	278	34	1
203	278	34	1
210	278	34	1
212	278	34	1
234	278	34	2
244	278	34	1
174	279	34	1
176	279	34	1
177	279	34	1
179	279	34	1
181	279	34	1
192	279	34	1
203	279	34	1
204	279	34	2
207	279	34	1
210	279	34	1
215	279	34	1
217	279	34	2
223	279	34	2
227	279	34	2
236	279	34	1
245	279	34	1
246	279	34	1
247	279	34	2
173	280	34	1
176	280	34	1
177	280	34	1
180	280	34	1
181	280	34	2
193	280	34	1
205	280	34	1
224	280	34	2
235	280	34	1
239	280	34	1
240	280	34	1
245	280	34	1
246	280	34	1
248	280	34	1
249	280	34	1
173	281	34	1
174	281	34	1
175	281	34	1
180	281	34	1
189	281	34	2
191	281	34	1
203	281	34	3
205	281	34	1
208	281	34	2
213	281	34	1
221	281	34	1
222	281	34	2
226	281	34	1
229	281	34	1
230	281	34	1
232	281	34	2
245	281	34	1
250	281	34	1
178	282	34	2
181	282	34	1
182	282	34	1
187	282	34	2
188	282	34	1
204	282	34	2
210	282	34	1
211	282	34	1
215	282	34	1
220	282	34	2
223	282	34	2
224	282	34	1
226	282	34	1
229	282	34	1
230	282	34	1
245	282	34	1
247	282	34	1
204	283	34	1
206	283	34	1
208	283	34	2
210	283	34	1
222	283	34	1
223	283	34	1
227	283	34	1
228	283	34	1
230	283	34	3
231	283	34	1
238	283	34	1
247	283	34	1
249	283	34	1
250	283	34	1
251	283	34	1
253	283	34	1
203	284	34	2
205	284	34	1
208	284	34	2
214	284	34	3
223	284	34	1
225	284	34	1
226	284	34	1
233	284	34	1
237	284	34	2
247	284	34	2
177	285	34	1
179	285	34	1
188	285	34	1
205	285	34	1
210	285	34	1
211	285	34	2
222	285	34	1
245	285	34	2
246	285	34	1
248	285	34	1
176	286	34	1
188	286	34	1
189	286	34	1
190	286	34	2
199	286	34	1
208	286	34	1
226	286	34	1
228	286	34	1
231	286	34	2
234	286	34	1
242	286	34	1
246	286	34	1
248	286	34	2
187	287	34	1
208	287	34	1
223	287	34	1
226	287	34	1
227	287	34	1
228	287	34	1
234	287	34	3
236	287	34	2
238	287	34	1
241	287	34	1
247	287	34	3
251	287	34	1
185	288	34	1
200	288	34	1
202	288	34	1
203	288	34	1
206	288	34	1
228	288	34	2
229	288	34	2
231	288	34	1
233	288	34	1
239	288	34	2
245	288	34	1
246	288	34	1
247	288	34	2
248	288	34	1
249	288	34	1
253	288	34	1
185	289	34	1
198	289	34	1
199	289	34	1
200	289	34	1
219	289	34	1
226	289	34	1
228	289	34	1
230	289	34	2
232	289	34	2
241	289	34	1
242	289	34	2
249	289	34	1
257	289	34	1
176	290	34	1
185	290	34	1
187	290	34	1
197	290	34	1
198	290	34	1
203	290	34	1
222	290	34	1
225	290	34	2
229	290	34	1
235	290	34	1
246	290	34	1
247	290	34	1
185	291	34	2
186	291	34	2
199	291	34	1
203	291	34	1
222	291	34	1
224	291	34	1
239	291	34	1
241	291	34	1
242	291	34	2
244	291	34	1
245	291	34	1
248	291	34	1
200	292	34	1
204	292	34	1
221	292	34	1
223	292	34	1
229	292	34	1
230	292	34	1
233	292	34	1
236	292	34	1
238	292	34	1
241	292	34	1
244	292	34	1
247	292	34	1
252	292	34	1
182	293	34	1
190	293	34	1
194	293	34	1
197	293	34	1
202	293	34	3
204	293	34	2
207	293	34	2
222	293	34	2
224	293	34	1
227	293	34	2
231	293	34	2
233	293	34	1
242	293	34	1
182	294	34	1
190	294	34	1
206	294	34	1
221	294	34	1
223	294	34	1
224	294	34	1
225	294	34	2
229	294	34	1
235	294	34	1
242	294	34	1
245	294	34	2
184	295	34	2
192	295	34	1
194	295	34	2
202	295	34	1
204	295	34	1
222	295	34	1
225	295	34	1
228	295	34	1
239	295	34	1
194	296	34	2
198	296	34	1
200	296	34	1
202	296	34	1
205	296	34	1
222	296	34	2
225	296	34	1
228	296	34	1
229	296	34	2
230	296	34	1
238	296	34	2
239	296	34	1
244	296	34	2
203	297	34	1
223	297	34	2
225	297	34	1
227	297	34	1
231	297	34	1
232	297	34	1
234	297	34	2
235	297	34	1
245	297	34	1
247	297	34	1
194	298	34	1
224	298	34	1
228	298	34	1
235	298	34	1
241	298	34	1
196	299	34	2
198	299	34	1
200	299	34	2
203	299	34	1
226	299	34	1
229	299	34	1
232	299	34	1
245	299	34	1
226	300	34	1
237	300	34	1
246	300	34	1
197	301	34	1
198	301	34	1
207	301	34	1
231	301	34	1
223	302	34	1
226	302	34	1
228	302	34	1
232	302	34	1
236	302	34	1
237	302	34	1
225	303	34	1
227	303	34	3
232	303	34	1
235	303	34	1
243	303	34	1
245	303	34	1
194	304	34	1
233	304	34	2
235	304	34	2
236	304	34	1
237	304	34	1
199	305	34	2
223	305	34	1
225	305	34	1
228	305	34	2
229	305	34	1
236	305	34	1
237	305	34	1
239	305	34	1
240	305	34	2
203	306	34	1
222	306	34	1
226	306	34	1
232	306	34	1
235	306	34	1
242	306	34	1
206	307	34	2
221	307	34	1
225	307	34	1
226	307	34	2
232	307	34	2
236	307	34	2
241	307	34	1
242	307	34	1
243	307	34	1
224	308	34	1
226	308	34	1
233	308	34	1
236	308	34	1
237	308	34	2
243	308	34	1
221	309	34	1
222	309	34	2
227	309	34	4
229	309	34	1
235	309	34	1
237	309	34	2
216	310	34	1
222	310	34	1
229	310	34	2
238	310	34	1
239	310	34	1
240	310	34	2
218	311	34	2
222	311	34	2
227	311	34	1
228	311	34	1
216	312	34	1
222	312	34	1
224	312	34	2
230	312	34	1
235	312	34	1
236	312	34	2
237	312	34	1
221	313	34	1
226	313	34	1
231	313	34	1
234	313	34	1
235	313	34	1
226	314	34	2
228	314	34	1
230	314	34	1
232	314	34	1
234	314	34	2
229	315	34	2
230	315	34	1
233	315	34	1
226	316	34	1
230	316	34	1
233	316	34	1
227	317	34	1
211	318	34	2
235	318	34	2
230	248	35	1
229	250	35	1
225	251	35	1
227	251	35	1
223	252	35	1
226	252	35	1
229	252	35	1
225	253	35	1
229	253	35	1
219	254	35	1
223	254	35	1
224	254	35	1
227	254	35	1
231	254	35	1
235	254	35	1
209	255	35	1
218	255	35	1
222	255	35	1
223	255	35	1
224	255	35	2
225	255	35	1
226	255	35	2
231	255	35	1
215	256	35	1
216	256	35	1
222	256	35	1
225	256	35	1
240	256	35	1
241	256	35	1
243	256	35	1
210	257	35	1
215	257	35	1
225	257	35	1
230	257	35	1
237	257	35	1
239	257	35	1
241	257	35	3
216	258	35	1
222	258	35	2
223	258	35	2
226	258	35	1
227	258	35	1
229	258	35	1
237	258	35	2
240	258	35	1
182	259	35	1
210	259	35	3
217	259	35	1
222	259	35	1
225	259	35	2
229	259	35	2
233	259	35	1
242	259	35	1
214	260	35	1
215	260	35	3
216	260	35	1
220	260	35	1
221	260	35	1
222	260	35	2
226	260	35	1
240	260	35	2
242	260	35	1
189	261	35	1
191	261	35	1
194	261	35	1
213	261	35	1
216	261	35	1
219	261	35	1
221	261	35	1
227	261	35	1
229	261	35	1
230	261	35	1
231	261	35	1
232	261	35	2
235	261	35	1
236	261	35	1
238	261	35	1
240	261	35	2
241	261	35	1
242	261	35	1
245	261	35	1
193	262	35	1
206	262	35	1
208	262	35	3
219	262	35	1
226	262	35	1
228	262	35	1
232	262	35	2
237	262	35	2
240	262	35	1
241	262	35	1
188	263	35	1
190	263	35	2
192	263	35	2
196	263	35	1
208	263	35	1
212	263	35	1
216	263	35	1
218	263	35	1
221	263	35	1
222	263	35	1
224	263	35	1
226	263	35	2
228	263	35	1
230	263	35	1
235	263	35	1
236	263	35	1
238	263	35	1
240	263	35	1
241	263	35	1
246	263	35	1
250	263	35	2
186	264	35	1
188	264	35	2
212	264	35	1
216	264	35	1
217	264	35	1
218	264	35	1
226	264	35	1
230	264	35	2
231	264	35	1
235	264	35	1
236	264	35	1
238	264	35	1
240	264	35	1
242	264	35	1
243	264	35	1
245	264	35	1
248	264	35	1
249	264	35	2
178	265	35	1
185	265	35	1
187	265	35	1
188	265	35	2
194	265	35	1
195	265	35	1
196	265	35	1
204	265	35	1
208	265	35	2
209	265	35	1
211	265	35	1
218	265	35	1
220	265	35	1
228	265	35	1
231	265	35	2
232	265	35	2
247	265	35	1
178	266	35	3
186	266	35	1
187	266	35	1
188	266	35	1
190	266	35	1
191	266	35	1
195	266	35	1
197	266	35	1
205	266	35	1
206	266	35	1
208	266	35	1
209	266	35	2
210	266	35	1
214	266	35	1
219	266	35	1
221	266	35	2
224	266	35	2
228	266	35	1
229	266	35	2
234	266	35	3
239	266	35	2
240	266	35	1
241	266	35	1
245	266	35	1
247	266	35	2
251	266	35	1
186	267	35	1
188	267	35	1
191	267	35	1
194	267	35	1
205	267	35	1
207	267	35	1
209	267	35	1
212	267	35	1
214	267	35	1
216	267	35	2
219	267	35	1
223	267	35	2
229	267	35	1
232	267	35	2
235	267	35	1
238	267	35	2
243	267	35	1
246	267	35	1
183	268	35	1
185	268	35	1
187	268	35	1
188	268	35	1
194	268	35	1
202	268	35	1
207	268	35	1
210	268	35	1
215	268	35	1
218	268	35	1
219	268	35	2
222	268	35	2
223	268	35	1
225	268	35	1
234	268	35	1
238	268	35	2
240	268	35	1
252	268	35	1
172	269	35	1
185	269	35	1
186	269	35	1
193	269	35	1
196	269	35	2
197	269	35	1
202	269	35	1
212	269	35	1
213	269	35	1
214	269	35	1
234	269	35	1
235	269	35	3
239	269	35	1
240	269	35	2
244	269	35	1
245	269	35	1
246	269	35	2
247	269	35	1
249	269	35	1
172	270	35	1
176	270	35	3
178	270	35	1
179	270	35	1
181	270	35	1
185	270	35	2
188	270	35	2
191	270	35	2
193	270	35	1
196	270	35	1
199	270	35	1
212	270	35	1
213	270	35	1
216	270	35	1
217	270	35	1
233	270	35	1
238	270	35	1
239	270	35	1
240	270	35	1
241	270	35	1
244	270	35	1
245	270	35	2
246	270	35	1
250	270	35	2
173	271	35	2
178	271	35	1
180	271	35	3
185	271	35	1
188	271	35	1
189	271	35	1
192	271	35	1
206	271	35	1
207	271	35	1
212	271	35	2
213	271	35	2
214	271	35	2
228	271	35	1
231	271	35	1
234	271	35	1
235	271	35	1
238	271	35	1
245	271	35	1
247	271	35	1
248	271	35	1
173	272	35	1
174	272	35	1
180	272	35	1
183	272	35	1
189	272	35	1
190	272	35	2
197	272	35	1
201	272	35	3
206	272	35	2
208	272	35	1
211	272	35	1
213	272	35	1
219	272	35	2
229	272	35	1
233	272	35	2
234	272	35	1
238	272	35	1
246	272	35	1
176	273	35	1
204	273	35	1
205	273	35	1
216	273	35	1
218	273	35	1
234	273	35	1
235	273	35	2
239	273	35	1
241	273	35	1
245	273	35	1
170	274	35	1
171	274	35	1
179	274	35	2
182	274	35	1
183	274	35	3
185	274	35	1
201	274	35	1
202	274	35	2
203	274	35	1
204	274	35	1
207	274	35	1
212	274	35	1
215	274	35	2
218	274	35	1
228	274	35	1
232	274	35	1
233	274	35	1
236	274	35	3
239	274	35	1
244	274	35	2
250	274	35	1
176	275	35	2
178	275	35	1
184	275	35	2
185	275	35	1
200	275	35	1
203	275	35	1
205	275	35	1
210	275	35	2
212	275	35	2
225	275	35	1
235	275	35	1
243	275	35	1
177	276	35	1
203	276	35	3
204	276	35	1
210	276	35	1
212	276	35	1
218	276	35	1
220	276	35	1
230	276	35	1
240	276	35	2
243	276	35	1
244	276	35	1
173	277	35	1
182	277	35	1
187	277	35	1
202	277	35	1
210	277	35	1
211	277	35	1
213	277	35	1
215	277	35	1
224	277	35	1
236	277	35	1
237	277	35	1
241	277	35	3
248	277	35	1
175	278	35	1
187	278	35	1
190	278	35	1
222	278	35	1
224	278	35	2
227	278	35	1
229	278	35	1
234	278	35	1
236	278	35	1
238	278	35	1
247	278	35	1
180	279	35	2
184	279	35	1
190	279	35	1
195	279	35	1
201	279	35	1
203	279	35	1
204	279	35	2
207	279	35	1
209	279	35	1
212	279	35	1
217	279	35	2
221	279	35	1
222	279	35	1
227	279	35	4
229	279	35	2
232	279	35	1
233	279	35	1
235	279	35	1
236	279	35	1
246	279	35	1
172	280	35	1
173	280	35	1
174	280	35	2
175	280	35	1
177	280	35	2
190	280	35	1
199	280	35	1
205	280	35	3
206	280	35	1
212	280	35	3
223	280	35	1
224	280	35	1
226	280	35	1
234	280	35	2
237	280	35	1
174	281	35	1
203	281	35	1
204	281	35	1
205	281	35	1
208	281	35	1
212	281	35	1
216	281	35	1
219	281	35	1
222	281	35	1
226	281	35	1
234	281	35	1
239	281	35	1
240	281	35	1
245	281	35	2
175	282	35	1
186	282	35	1
187	282	35	1
189	282	35	2
190	282	35	1
203	282	35	2
207	282	35	1
209	282	35	2
210	282	35	1
213	282	35	1
214	282	35	1
215	282	35	1
218	282	35	1
225	282	35	1
232	282	35	1
233	282	35	1
242	282	35	1
244	282	35	1
245	282	35	1
181	283	35	1
183	283	35	1
187	283	35	1
189	283	35	1
190	283	35	1
191	283	35	1
203	283	35	1
207	283	35	1
208	283	35	1
210	283	35	1
211	283	35	1
215	283	35	1
218	283	35	2
221	283	35	1
226	283	35	1
228	283	35	1
233	283	35	1
245	283	35	1
246	283	35	1
177	284	35	1
180	284	35	1
186	284	35	1
188	284	35	1
191	284	35	1
200	284	35	1
203	284	35	1
205	284	35	1
207	284	35	1
208	284	35	1
212	284	35	1
215	284	35	1
229	284	35	1
233	284	35	1
234	284	35	1
235	284	35	1
241	284	35	3
243	284	35	1
244	284	35	1
247	284	35	1
180	285	35	2
188	285	35	1
203	285	35	3
208	285	35	1
224	285	35	1
226	285	35	1
230	285	35	1
234	285	35	1
241	285	35	1
242	285	35	1
243	285	35	1
178	286	35	1
181	286	35	1
185	286	35	1
186	286	35	1
187	286	35	1
191	286	35	2
200	286	35	1
202	286	35	1
211	286	35	1
213	286	35	1
218	286	35	1
219	286	35	2
220	286	35	1
228	286	35	2
233	286	35	1
238	286	35	1
244	286	35	1
187	287	35	1
194	287	35	1
199	287	35	3
200	287	35	2
202	287	35	1
203	287	35	1
204	287	35	2
205	287	35	1
206	287	35	2
208	287	35	1
220	287	35	1
223	287	35	1
224	287	35	1
228	287	35	1
233	287	35	1
242	287	35	3
243	287	35	1
187	288	35	3
189	288	35	1
194	288	35	1
195	288	35	1
201	288	35	2
219	288	35	1
222	288	35	1
223	288	35	2
232	288	35	1
239	288	35	1
245	288	35	1
177	289	35	2
188	289	35	5
204	289	35	1
207	289	35	1
239	289	35	1
243	289	35	1
244	289	35	1
245	289	35	2
184	290	35	1
187	290	35	1
190	290	35	2
198	290	35	1
199	290	35	1
203	290	35	1
204	290	35	2
222	290	35	1
224	290	35	2
227	290	35	2
243	290	35	1
176	291	35	2
179	291	35	1
195	291	35	1
201	291	35	1
202	291	35	1
216	291	35	1
224	291	35	1
225	291	35	1
230	291	35	1
232	291	35	3
174	292	35	1
183	292	35	1
186	292	35	1
187	292	35	1
199	292	35	1
204	292	35	1
205	292	35	1
226	292	35	1
232	292	35	1
235	292	35	1
243	292	35	1
181	293	35	1
185	293	35	1
200	293	35	1
201	293	35	1
218	293	35	1
222	293	35	1
223	293	35	1
227	293	35	2
229	293	35	1
230	293	35	1
233	293	35	2
234	293	35	1
239	293	35	2
246	293	35	1
181	294	35	2
183	294	35	1
195	294	35	2
198	294	35	3
199	294	35	1
218	294	35	1
219	294	35	1
220	294	35	1
222	294	35	1
224	294	35	1
228	294	35	2
234	294	35	1
237	294	35	1
241	294	35	2
244	294	35	1
181	295	35	1
191	295	35	2
204	295	35	1
220	295	35	2
240	295	35	1
241	295	35	1
244	295	35	1
247	295	35	2
248	295	35	2
181	296	35	1
196	296	35	1
200	296	35	1
201	296	35	1
202	296	35	1
203	296	35	1
217	296	35	1
219	296	35	1
223	296	35	1
236	296	35	2
241	296	35	1
242	296	35	2
194	297	35	1
196	297	35	1
197	297	35	1
199	297	35	1
202	297	35	2
228	297	35	1
229	297	35	1
233	297	35	1
235	297	35	1
236	297	35	1
238	297	35	2
240	297	35	1
197	298	35	1
203	298	35	1
219	298	35	1
220	298	35	1
223	298	35	1
234	298	35	2
236	298	35	2
239	298	35	1
244	298	35	1
247	298	35	1
196	299	35	2
200	299	35	1
228	299	35	1
241	299	35	1
242	299	35	1
245	299	35	1
194	300	35	1
197	300	35	1
208	300	35	2
229	300	35	1
233	300	35	1
237	300	35	1
239	300	35	1
194	301	35	3
237	301	35	1
238	301	35	1
239	301	35	1
240	301	35	1
241	301	35	1
244	301	35	1
222	302	35	3
223	302	35	1
226	302	35	2
228	302	35	1
231	302	35	1
233	302	35	1
238	302	35	1
240	302	35	2
199	303	35	1
241	303	35	1
242	303	35	1
243	303	35	1
191	304	35	1
207	304	35	2
223	304	35	1
226	304	35	2
227	304	35	1
228	304	35	1
233	304	35	1
239	304	35	1
244	304	35	3
227	305	35	1
229	305	35	1
232	305	35	1
233	305	35	2
235	305	35	1
240	305	35	1
241	305	35	1
242	305	35	2
204	306	35	2
206	306	35	1
225	306	35	1
227	306	35	1
229	306	35	2
242	306	35	2
207	307	35	1
221	307	35	1
225	307	35	2
239	307	35	1
240	307	35	1
243	307	35	1
224	308	35	1
227	308	35	1
236	308	35	1
240	308	35	1
202	309	35	1
223	309	35	1
228	309	35	1
235	309	35	1
242	309	35	1
220	310	35	1
221	310	35	1
225	310	35	1
227	310	35	1
234	310	35	1
235	310	35	1
216	311	35	2
219	311	35	1
220	311	35	1
222	311	35	1
223	311	35	2
237	311	35	1
240	311	35	2
241	311	35	1
213	312	35	2
217	312	35	1
226	312	35	1
232	312	35	1
242	312	35	1
217	313	35	1
221	313	35	1
223	313	35	1
234	313	35	1
236	313	35	1
221	314	35	1
234	314	35	1
226	315	35	1
236	315	35	1
237	315	35	2
238	315	35	1
240	315	35	1
227	317	35	1
230	317	35	1
234	317	35	1
237	317	35	2
238	317	35	4
239	317	35	1
236	318	35	2
238	318	35	1
229	252	36	1
225	253	36	2
229	254	36	1
223	256	36	1
225	256	36	1
217	257	36	1
219	257	36	1
224	257	36	1
226	257	36	1
216	258	36	1
217	258	36	1
218	258	36	2
221	258	36	2
222	258	36	2
224	258	36	1
225	258	36	3
232	258	36	1
217	259	36	3
221	259	36	2
227	259	36	1
229	259	36	1
230	259	36	2
212	260	36	3
216	260	36	1
217	260	36	1
219	260	36	1
223	260	36	1
228	260	36	1
238	260	36	2
211	261	36	2
217	261	36	1
219	261	36	1
220	261	36	1
222	261	36	1
223	261	36	1
227	261	36	1
228	261	36	1
230	261	36	1
232	261	36	1
234	261	36	1
214	262	36	3
217	262	36	1
219	262	36	1
221	262	36	1
223	262	36	1
224	262	36	1
226	262	36	1
228	262	36	4
229	262	36	1
230	262	36	2
238	262	36	2
242	262	36	2
189	263	36	2
191	263	36	1
193	263	36	1
219	263	36	1
221	263	36	1
222	263	36	1
231	263	36	1
233	263	36	1
235	263	36	1
239	263	36	1
242	263	36	1
245	263	36	3
206	264	36	1
213	264	36	1
214	264	36	2
216	264	36	1
218	264	36	2
225	264	36	2
226	264	36	1
234	264	36	2
240	264	36	1
242	264	36	1
249	264	36	1
188	265	36	1
207	265	36	1
208	265	36	3
209	265	36	1
216	265	36	1
230	265	36	2
231	265	36	1
232	265	36	1
237	265	36	1
243	265	36	1
247	265	36	1
248	265	36	2
193	266	36	1
208	266	36	1
216	266	36	1
223	266	36	2
230	266	36	1
233	266	36	2
244	266	36	1
248	266	36	1
193	267	36	2
195	267	36	2
196	267	36	1
209	267	36	2
217	267	36	1
218	267	36	1
232	267	36	1
233	267	36	1
239	267	36	1
188	268	36	1
194	268	36	2
196	268	36	1
206	268	36	1
215	268	36	2
232	268	36	1
236	268	36	2
238	268	36	1
239	268	36	1
243	268	36	1
245	268	36	1
250	268	36	3
186	269	36	1
188	269	36	1
191	269	36	1
194	269	36	1
200	269	36	1
213	269	36	1
215	269	36	2
217	269	36	1
218	269	36	1
219	269	36	1
233	269	36	1
234	269	36	1
237	269	36	1
238	269	36	2
193	270	36	1
194	270	36	2
195	270	36	1
196	270	36	2
198	270	36	2
203	270	36	1
206	270	36	1
211	270	36	1
213	270	36	2
220	270	36	1
221	270	36	2
232	270	36	1
239	270	36	1
240	270	36	1
178	271	36	1
189	271	36	1
198	271	36	2
207	271	36	2
208	271	36	1
213	271	36	1
220	271	36	2
223	271	36	2
233	271	36	3
238	271	36	1
248	271	36	1
178	272	36	2
181	272	36	1
197	272	36	3
203	272	36	2
211	272	36	1
213	272	36	1
214	272	36	3
215	272	36	3
218	272	36	1
232	272	36	1
236	272	36	3
178	273	36	1
181	273	36	2
185	273	36	1
186	273	36	1
191	273	36	1
198	273	36	1
209	273	36	2
210	273	36	3
211	273	36	1
216	273	36	2
235	273	36	1
236	273	36	3
241	273	36	1
176	274	36	1
178	274	36	1
179	274	36	1
188	274	36	2
201	274	36	2
203	274	36	3
204	274	36	1
212	274	36	1
218	274	36	1
220	274	36	2
240	274	36	1
175	275	36	1
184	275	36	3
208	275	36	2
210	275	36	1
211	275	36	1
220	275	36	1
231	275	36	1
181	276	36	1
204	276	36	1
207	276	36	1
211	276	36	1
213	276	36	1
220	276	36	1
175	277	36	2
189	277	36	1
204	277	36	1
205	277	36	1
207	277	36	1
209	277	36	1
210	277	36	1
217	277	36	1
220	277	36	1
226	277	36	1
201	278	36	1
204	278	36	2
207	278	36	2
208	278	36	1
239	278	36	3
179	279	36	2
187	279	36	2
192	279	36	1
193	279	36	2
204	279	36	1
209	279	36	1
211	279	36	1
215	279	36	1
231	279	36	1
234	279	36	1
174	280	36	1
180	280	36	1
199	280	36	1
204	280	36	1
205	280	36	1
206	280	36	1
209	280	36	1
210	280	36	1
211	280	36	1
213	280	36	1
214	280	36	3
215	280	36	1
219	280	36	1
223	280	36	1
226	280	36	1
232	280	36	2
173	281	36	1
176	281	36	1
178	281	36	1
212	281	36	1
221	281	36	1
224	281	36	1
228	281	36	1
172	282	36	1
181	282	36	1
189	282	36	1
191	282	36	1
201	282	36	1
206	282	36	2
212	282	36	2
220	282	36	1
221	282	36	1
226	282	36	1
232	282	36	2
187	283	36	1
189	283	36	2
202	283	36	1
205	283	36	3
208	283	36	1
215	283	36	1
226	283	36	1
227	283	36	1
230	283	36	1
233	283	36	1
196	284	36	1
199	284	36	1
203	284	36	2
210	284	36	3
219	284	36	1
220	284	36	1
221	284	36	1
224	284	36	1
232	284	36	1
233	284	36	2
190	285	36	1
191	285	36	1
199	285	36	2
201	285	36	1
207	285	36	1
210	285	36	1
212	285	36	2
217	285	36	1
218	285	36	1
227	285	36	1
231	285	36	1
234	285	36	1
235	285	36	2
236	285	36	1
237	285	36	1
241	285	36	1
188	286	36	1
193	286	36	3
200	286	36	2
201	286	36	1
204	286	36	1
205	286	36	1
208	286	36	1
230	286	36	1
237	286	36	1
240	286	36	1
242	286	36	1
243	286	36	1
198	287	36	1
202	287	36	1
204	287	36	1
207	287	36	1
208	287	36	1
214	287	36	1
221	287	36	1
222	287	36	1
224	287	36	1
226	287	36	2
228	287	36	1
229	287	36	2
230	287	36	1
233	287	36	1
234	287	36	1
239	287	36	1
241	287	36	1
245	287	36	1
176	288	36	2
187	288	36	1
192	288	36	1
196	288	36	1
199	288	36	1
202	288	36	4
206	288	36	1
219	288	36	1
220	288	36	1
221	288	36	1
223	288	36	1
224	288	36	1
233	288	36	2
238	288	36	1
239	288	36	1
241	288	36	1
243	288	36	1
244	288	36	1
184	289	36	1
193	289	36	1
199	289	36	1
227	289	36	1
231	289	36	1
233	289	36	1
235	289	36	1
240	289	36	1
244	289	36	1
202	290	36	1
206	290	36	1
220	290	36	1
223	290	36	1
225	290	36	1
226	290	36	1
231	290	36	1
233	290	36	2
240	290	36	1
241	290	36	1
243	290	36	1
247	290	36	2
184	291	36	2
186	291	36	1
196	291	36	1
201	291	36	1
222	291	36	1
224	291	36	2
231	291	36	1
234	291	36	1
245	291	36	1
174	292	36	1
187	292	36	1
194	292	36	1
202	292	36	1
203	292	36	2
226	292	36	1
227	292	36	1
229	292	36	1
230	292	36	1
232	292	36	1
235	292	36	1
245	292	36	1
195	293	36	2
197	293	36	1
201	293	36	1
207	293	36	1
208	293	36	1
226	293	36	3
227	293	36	1
228	293	36	1
229	293	36	2
234	293	36	1
240	293	36	2
241	293	36	1
187	294	36	1
198	294	36	1
199	294	36	1
223	294	36	1
224	294	36	1
225	294	36	2
227	294	36	1
230	294	36	1
232	294	36	1
233	294	36	2
234	294	36	1
238	294	36	1
197	295	36	2
198	295	36	1
201	295	36	2
207	295	36	1
225	295	36	1
230	295	36	1
234	295	36	2
235	295	36	1
237	295	36	1
242	295	36	1
244	295	36	1
200	296	36	1
201	296	36	2
202	296	36	2
205	296	36	1
222	296	36	1
228	296	36	1
229	296	36	1
230	296	36	1
231	296	36	1
237	296	36	1
244	296	36	1
245	296	36	1
199	297	36	1
202	297	36	1
204	297	36	1
217	297	36	1
219	297	36	1
227	297	36	1
230	297	36	1
231	297	36	1
242	297	36	1
244	297	36	1
201	298	36	1
226	298	36	1
230	298	36	2
233	298	36	1
236	298	36	2
239	298	36	2
244	298	36	1
196	299	36	1
230	299	36	1
232	299	36	1
238	299	36	1
239	299	36	1
240	299	36	3
226	300	36	1
228	300	36	1
229	300	36	1
230	300	36	2
233	300	36	2
237	300	36	1
242	300	36	1
244	300	36	3
223	301	36	1
225	301	36	1
227	301	36	2
230	301	36	1
232	301	36	1
233	301	36	1
234	301	36	1
240	301	36	1
243	301	36	1
245	301	36	1
225	302	36	1
226	302	36	1
229	302	36	1
231	302	36	1
232	302	36	1
235	302	36	1
226	303	36	2
228	303	36	1
238	303	36	2
245	303	36	1
227	304	36	2
230	304	36	1
232	304	36	1
235	304	36	1
229	305	36	1
242	305	36	1
242	306	36	2
243	306	36	2
194	307	36	1
223	307	36	1
234	307	36	1
235	307	36	1
222	308	36	1
225	308	36	1
227	308	36	1
241	308	36	1
242	308	36	1
223	309	36	2
224	309	36	1
227	309	36	1
233	309	36	1
236	309	36	2
221	310	36	1
224	310	36	1
226	310	36	1
228	310	36	1
229	310	36	2
236	310	36	3
243	310	36	2
220	311	36	2
223	311	36	1
225	311	36	1
228	311	36	1
229	311	36	2
233	311	36	2
235	311	36	1
236	311	36	1
242	311	36	1
218	312	36	2
221	312	36	1
226	312	36	1
230	312	36	1
235	312	36	1
236	312	36	1
244	312	36	1
217	313	36	1
234	313	36	4
236	313	36	1
238	313	36	1
225	314	36	1
226	314	36	1
230	314	36	2
232	314	36	2
234	314	36	1
235	314	36	1
238	314	36	1
241	314	36	1
242	314	36	1
220	315	36	1
228	315	36	1
236	315	36	1
242	315	36	3
231	316	36	1
232	316	36	1
234	316	36	1
240	316	36	2
238	317	36	1
235	318	36	1
238	318	36	1
231	319	36	2
232	319	36	2
236	319	36	1
238	319	36	2
239	319	36	1
227	257	37	1
228	257	37	1
228	258	37	1
227	259	37	1
228	259	37	1
230	259	37	1
227	260	37	2
228	260	37	1
234	260	37	1
235	260	37	1
217	261	37	1
227	262	37	1
229	262	37	1
231	262	37	1
222	263	37	2
231	263	37	1
211	264	37	2
215	264	37	1
224	264	37	1
237	264	37	1
215	265	37	1
228	265	37	1
232	265	37	1
193	267	37	1
210	267	37	1
233	267	37	1
237	267	37	1
189	268	37	1
211	268	37	1
220	268	37	2
240	268	37	1
193	269	37	1
211	269	37	1
216	269	37	3
237	269	37	1
190	270	37	1
192	270	37	1
196	270	37	1
197	270	37	1
215	270	37	1
217	270	37	1
232	270	37	1
235	270	37	3
237	270	37	1
192	271	37	2
214	271	37	2
215	271	37	1
220	271	37	1
209	273	37	2
212	273	37	1
214	273	37	1
236	273	37	1
211	274	37	1
215	274	37	1
216	274	37	1
205	275	37	1
207	275	37	1
208	275	37	1
214	275	37	2
219	275	37	1
208	276	37	1
209	276	37	1
211	276	37	1
215	276	37	2
217	276	37	1
218	277	37	1
195	278	37	1
205	278	37	1
206	278	37	1
208	278	37	1
211	278	37	1
214	278	37	3
175	279	37	1
195	279	37	2
206	279	37	1
207	279	37	1
210	279	37	1
214	279	37	1
215	279	37	1
231	279	37	1
192	280	37	1
208	280	37	1
209	280	37	2
191	281	37	1
192	281	37	2
193	281	37	1
208	281	37	1
212	281	37	1
213	281	37	2
211	282	37	1
212	282	37	1
213	282	37	2
214	282	37	1
215	282	37	1
223	282	37	1
189	283	37	2
214	283	37	1
230	283	37	1
237	283	37	1
206	284	37	1
186	285	37	1
187	285	37	3
195	285	37	2
198	285	37	2
204	285	37	1
210	285	37	1
226	285	37	1
233	285	37	1
239	285	37	2
241	285	37	1
187	286	37	1
189	286	37	2
199	286	37	1
200	286	37	1
202	286	37	1
203	286	37	2
204	286	37	2
211	286	37	1
219	286	37	1
226	286	37	1
230	286	37	1
239	286	37	1
241	286	37	1
187	287	37	1
191	287	37	2
207	287	37	1
208	287	37	1
220	287	37	1
222	287	37	1
233	287	37	1
234	287	37	1
237	287	37	2
240	287	37	1
248	287	37	1
186	288	37	1
190	288	37	1
194	288	37	1
201	288	37	1
202	288	37	1
204	288	37	1
205	288	37	1
241	288	37	1
186	289	37	2
202	289	37	1
219	289	37	1
230	289	37	1
232	289	37	1
234	289	37	2
239	289	37	1
240	289	37	1
186	290	37	1
195	290	37	1
199	290	37	1
202	290	37	1
231	290	37	1
232	290	37	1
234	290	37	1
237	290	37	1
242	290	37	2
243	290	37	1
195	291	37	1
229	291	37	1
232	291	37	1
234	291	37	3
236	291	37	1
238	291	37	1
239	291	37	1
240	291	37	1
200	292	37	1
226	292	37	2
231	292	37	1
242	292	37	1
199	293	37	1
206	293	37	2
207	293	37	1
223	293	37	1
230	293	37	1
241	293	37	1
204	294	37	2
223	294	37	1
228	294	37	3
234	294	37	2
238	294	37	2
240	294	37	2
204	295	37	1
225	295	37	1
232	295	37	1
236	295	37	1
237	295	37	2
241	295	37	1
243	295	37	1
201	296	37	1
202	296	37	1
203	296	37	1
204	296	37	1
205	296	37	1
215	296	37	1
217	296	37	1
225	296	37	1
228	296	37	1
229	296	37	1
234	296	37	1
237	296	37	1
241	296	37	1
243	296	37	1
244	296	37	2
245	296	37	1
194	297	37	1
198	297	37	1
204	297	37	1
218	297	37	1
220	297	37	1
229	297	37	1
231	297	37	1
242	297	37	1
243	297	37	1
202	298	37	1
230	298	37	1
231	298	37	1
232	298	37	1
238	298	37	1
242	298	37	1
240	299	37	1
241	299	37	2
242	299	37	1
243	299	37	1
230	300	37	1
233	300	37	1
241	300	37	1
242	300	37	1
230	301	37	1
233	301	37	2
241	301	37	1
244	301	37	1
226	302	37	1
233	302	37	1
236	302	37	1
230	303	37	1
235	303	37	1
236	303	37	1
228	304	37	1
227	305	37	1
229	305	37	1
236	305	37	1
238	305	37	1
242	305	37	1
223	306	37	1
234	306	37	1
227	308	37	1
241	308	37	1
243	308	37	1
227	309	37	2
233	309	37	1
239	309	37	1
216	310	37	1
224	310	37	2
225	310	37	1
227	310	37	1
216	311	37	1
232	311	37	1
230	312	37	1
232	312	37	1
242	312	37	2
212	313	37	1
217	313	37	1
227	313	37	1
229	313	37	1
237	313	37	2
219	314	37	1
228	314	37	2
229	314	37	1
232	314	37	2
238	314	37	2
242	314	37	1
227	315	37	1
234	316	37	1
237	316	37	2
240	316	37	1
230	317	37	2
236	317	37	1
237	317	37	1
232	318	37	1
237	318	37	1
237	319	37	1
228	320	37	1
228	260	38	2
227	261	38	1
228	261	38	2
224	262	38	1
225	262	38	2
238	262	38	1
219	264	38	1
223	264	38	1
232	264	38	1
237	265	38	1
231	266	38	2
193	267	38	1
194	269	38	1
217	269	38	1
192	270	38	1
211	270	38	1
188	271	38	3
193	271	38	1
211	271	38	2
216	271	38	1
203	272	38	1
211	272	38	1
217	272	38	1
218	272	38	1
232	272	38	1
208	273	38	1
209	273	38	1
214	273	38	1
215	273	38	1
212	274	38	2
216	274	38	1
217	274	38	1
218	274	38	1
189	275	38	1
207	275	38	1
215	275	38	1
211	276	38	1
213	276	38	1
219	276	38	1
206	277	38	2
207	277	38	1
211	277	38	1
213	277	38	1
208	278	38	1
209	278	38	1
213	278	38	1
221	278	38	1
210	279	38	1
211	279	38	1
212	279	38	1
214	279	38	2
220	279	38	1
193	280	38	3
208	280	38	1
211	280	38	1
214	280	38	1
191	281	38	1
208	281	38	1
210	281	38	1
211	281	38	1
212	281	38	2
213	281	38	1
215	281	38	1
216	281	38	1
191	282	38	1
208	282	38	2
210	282	38	1
211	282	38	3
215	282	38	1
222	282	38	2
223	282	38	1
207	283	38	1
210	283	38	1
219	283	38	1
185	284	38	3
193	284	38	4
195	284	38	1
196	284	38	1
216	284	38	2
190	285	38	1
191	285	38	1
193	285	38	1
204	285	38	2
212	285	38	2
215	285	38	1
217	285	38	1
204	286	38	1
211	286	38	3
219	286	38	1
221	286	38	1
233	286	38	2
188	287	38	2
195	287	38	1
198	287	38	2
202	287	38	1
204	287	38	2
207	287	38	1
215	287	38	1
217	287	38	1
238	287	38	1
189	288	38	2
190	288	38	1
192	288	38	1
205	288	38	1
207	288	38	1
218	288	38	2
224	288	38	1
235	288	38	1
189	289	38	1
193	289	38	1
204	289	38	2
207	289	38	1
215	289	38	1
223	289	38	1
232	289	38	1
233	289	38	1
193	290	38	1
198	290	38	1
199	290	38	1
209	290	38	1
216	290	38	1
223	290	38	2
224	290	38	1
200	291	38	2
202	291	38	1
203	291	38	1
204	291	38	1
206	291	38	1
207	291	38	1
210	291	38	2
214	291	38	1
222	291	38	1
223	291	38	1
232	291	38	1
234	291	38	3
238	291	38	1
189	292	38	1
192	292	38	1
194	292	38	1
196	292	38	1
197	292	38	1
199	292	38	2
201	292	38	1
206	292	38	1
207	292	38	1
230	292	38	1
232	292	38	1
234	292	38	1
238	292	38	1
239	292	38	1
197	293	38	1
202	293	38	1
204	293	38	2
206	293	38	1
217	293	38	1
220	293	38	1
227	293	38	1
233	293	38	1
239	293	38	1
202	294	38	1
204	294	38	1
226	294	38	1
228	294	38	2
234	294	38	1
235	294	38	1
237	294	38	1
242	294	38	1
192	295	38	1
198	295	38	2
202	295	38	1
204	295	38	1
207	295	38	1
216	295	38	1
218	295	38	1
220	295	38	2
225	295	38	2
229	295	38	1
235	295	38	1
240	295	38	2
198	296	38	1
217	296	38	1
221	296	38	2
232	296	38	2
235	296	38	1
239	296	38	1
195	297	38	2
201	297	38	1
203	297	38	1
205	297	38	1
220	297	38	1
225	297	38	1
227	297	38	2
229	297	38	1
236	297	38	1
237	297	38	1
239	297	38	1
241	297	38	1
216	298	38	1
224	298	38	2
230	298	38	1
234	298	38	1
244	298	38	1
196	299	38	1
214	299	38	1
229	299	38	1
240	299	38	1
241	299	38	2
242	299	38	1
204	300	38	1
218	300	38	1
230	300	38	1
239	300	38	1
240	300	38	1
241	300	38	1
227	301	38	2
229	301	38	1
233	301	38	1
236	301	38	1
238	301	38	2
239	301	38	2
227	302	38	1
228	302	38	1
232	302	38	1
234	302	38	1
235	302	38	1
227	303	38	1
229	303	38	1
227	304	38	2
232	304	38	1
236	304	38	1
240	304	38	1
246	304	38	3
226	305	38	1
227	305	38	1
229	305	38	1
230	305	38	1
235	305	38	1
241	305	38	1
244	305	38	1
210	306	38	1
226	306	38	1
227	306	38	1
236	306	38	1
242	306	38	2
193	307	38	1
225	307	38	1
241	307	38	1
243	307	38	1
226	308	38	2
235	308	38	1
239	308	38	1
220	309	38	1
222	309	38	1
223	309	38	1
224	309	38	1
226	309	38	1
233	309	38	1
241	309	38	1
220	310	38	1
221	310	38	1
225	310	38	1
226	310	38	1
228	310	38	3
230	310	38	1
232	310	38	1
233	310	38	2
241	310	38	1
213	311	38	1
217	311	38	1
219	311	38	1
222	311	38	1
224	311	38	2
227	311	38	1
230	311	38	1
244	311	38	1
217	312	38	1
220	312	38	1
221	312	38	1
227	312	38	1
228	312	38	1
230	312	38	1
232	312	38	1
234	312	38	1
240	312	38	1
216	313	38	1
218	313	38	2
219	313	38	1
220	313	38	1
222	313	38	1
234	313	38	1
236	313	38	1
238	313	38	2
242	313	38	1
200	314	38	1
217	314	38	1
219	314	38	2
226	314	38	1
237	314	38	2
238	314	38	1
240	314	38	1
241	314	38	1
242	314	38	1
221	315	38	1
225	315	38	2
237	315	38	1
239	315	38	1
243	315	38	1
228	316	38	1
234	316	38	1
236	316	38	2
211	317	38	2
214	317	38	1
227	317	38	1
231	317	38	1
232	317	38	2
235	317	38	1
236	317	38	1
238	317	38	1
242	317	38	1
212	318	38	1
235	318	38	1
240	318	38	2
243	318	38	1
230	319	38	1
231	319	38	1
239	319	38	1
241	319	38	1
231	320	38	1
229	321	38	1
231	322	38	1
236	322	38	2
237	265	39	1
191	268	39	1
219	269	39	1
194	270	39	2
216	270	39	1
189	273	39	1
214	273	39	2
213	274	39	1
212	275	39	2
213	275	39	2
214	275	39	1
216	275	39	1
204	277	39	1
212	277	39	2
195	278	39	1
201	278	39	1
214	278	39	1
216	278	39	1
220	278	39	1
217	279	39	2
215	280	39	2
217	281	39	1
214	282	39	2
219	282	39	1
226	282	39	1
190	283	39	1
191	283	39	1
196	283	39	1
202	283	39	2
215	283	39	1
203	284	39	1
205	284	39	1
206	284	39	1
207	284	39	1
216	284	39	1
195	285	39	1
199	285	39	1
187	286	39	1
196	286	39	2
201	286	39	2
233	286	39	2
187	287	39	1
191	287	39	1
239	287	39	2
193	288	39	1
204	288	39	2
205	288	39	1
224	288	39	1
190	289	39	1
239	289	39	1
186	290	39	3
188	290	39	2
190	290	39	1
195	290	39	1
204	290	39	1
215	290	39	1
214	291	39	1
222	291	39	1
225	291	39	2
188	292	39	2
211	292	39	1
212	292	39	1
221	292	39	1
225	292	39	2
230	292	39	1
236	292	39	1
240	292	39	1
242	292	39	1
197	293	39	1
207	293	39	1
209	293	39	1
224	293	39	1
234	293	39	1
238	293	39	1
204	294	39	1
205	294	39	1
206	294	39	1
213	294	39	1
221	294	39	1
225	294	39	1
233	294	39	1
237	294	39	2
238	294	39	2
240	294	39	1
241	294	39	1
242	294	39	1
197	295	39	1
203	295	39	1
204	295	39	1
207	295	39	1
212	295	39	3
224	295	39	1
227	295	39	1
229	295	39	1
234	295	39	3
236	295	39	1
197	296	39	1
200	296	39	2
205	296	39	2
206	296	39	1
220	296	39	1
236	296	39	1
194	297	39	1
195	297	39	1
199	297	39	1
200	297	39	2
203	297	39	2
205	297	39	1
206	297	39	1
214	298	39	1
219	298	39	1
225	298	39	1
228	298	39	1
232	298	39	2
240	298	39	1
242	298	39	1
224	299	39	1
226	299	39	1
228	299	39	1
229	299	39	1
241	299	39	1
242	299	39	2
228	300	39	1
229	300	39	2
231	300	39	1
232	300	39	1
240	300	39	1
224	301	39	2
228	301	39	1
238	301	39	1
240	302	39	1
226	303	39	1
227	303	39	1
228	303	39	1
231	303	39	1
235	303	39	1
239	303	39	1
227	304	39	1
231	304	39	1
235	304	39	1
244	304	39	1
212	305	39	1
223	305	39	1
227	305	39	1
228	305	39	1
236	305	39	1
238	305	39	2
240	305	39	1
230	306	39	1
223	307	39	1
224	307	39	2
226	307	39	2
229	307	39	1
194	308	39	1
216	308	39	2
221	308	39	1
222	308	39	1
223	308	39	1
225	308	39	1
240	308	39	1
195	309	39	2
221	309	39	1
224	309	39	1
226	309	39	1
234	309	39	1
240	309	39	1
242	309	39	2
195	310	39	1
217	310	39	1
218	310	39	1
221	310	39	1
225	310	39	1
226	310	39	1
234	310	39	1
217	311	39	1
219	311	39	2
222	311	39	1
224	311	39	1
226	311	39	1
227	311	39	1
228	311	39	1
232	311	39	1
235	311	39	1
196	312	39	2
218	312	39	1
219	312	39	1
231	312	39	1
232	312	39	1
238	312	39	1
239	312	39	2
241	312	39	1
242	312	39	1
218	313	39	1
221	313	39	1
227	313	39	2
228	313	39	1
229	313	39	1
230	313	39	1
236	313	39	1
240	313	39	1
241	313	39	1
219	314	39	1
220	314	39	2
227	314	39	1
236	314	39	1
239	314	39	1
240	314	39	1
242	314	39	1
217	315	39	1
220	315	39	2
237	315	39	1
240	315	39	1
243	315	39	2
229	316	39	1
211	317	39	1
232	317	39	1
235	317	39	1
235	318	39	1
238	318	39	2
220	319	39	2
233	319	39	1
240	319	39	1
214	320	39	1
231	320	39	1
234	320	39	2
238	320	39	1
241	320	39	2
215	321	39	1
219	321	39	1
229	321	39	2
230	321	39	1
233	322	39	2
211	324	39	1
212	324	39	1
212	325	39	1
208	327	39	2
193	280	40	1
193	281	40	2
192	283	40	1
195	284	40	1
206	285	40	1
196	286	40	1
193	288	40	1
211	288	40	4
193	289	40	1
193	290	40	1
218	290	40	1
192	291	40	1
196	291	40	1
206	291	40	1
208	291	40	1
189	292	40	1
199	292	40	1
206	292	40	1
209	292	40	1
210	292	40	1
212	292	40	1
242	292	40	1
194	293	40	2
197	293	40	1
213	293	40	1
214	293	40	2
223	293	40	1
225	293	40	1
234	293	40	1
209	294	40	1
221	294	40	1
225	294	40	1
228	294	40	1
238	294	40	2
239	294	40	1
197	295	40	2
204	295	40	1
227	295	40	1
241	295	40	1
198	296	40	2
200	296	40	1
205	296	40	2
217	296	40	2
235	296	40	1
240	296	40	1
188	297	40	2
205	297	40	1
215	297	40	1
216	297	40	1
236	297	40	1
241	297	40	3
212	298	40	1
225	298	40	1
231	298	40	1
229	299	40	1
230	299	40	1
231	299	40	1
227	300	40	1
237	301	40	1
219	302	40	1
231	302	40	2
233	302	40	1
235	304	40	1
241	304	40	1
214	305	40	3
229	305	40	1
232	305	40	1
212	306	40	1
213	306	40	1
228	306	40	3
230	306	40	1
192	307	40	1
194	307	40	2
202	307	40	2
242	307	40	1
228	308	40	1
233	308	40	1
195	309	40	2
203	309	40	1
215	309	40	1
220	309	40	1
222	309	40	1
224	309	40	1
233	309	40	2
194	310	40	1
224	310	40	2
234	310	40	1
239	310	40	1
241	310	40	1
242	310	40	1
196	311	40	1
217	311	40	1
220	311	40	1
221	311	40	1
222	311	40	1
225	311	40	3
242	311	40	1
217	312	40	1
220	312	40	2
232	312	40	1
235	312	40	1
240	312	40	1
241	312	40	1
243	312	40	1
217	313	40	2
221	313	40	2
235	313	40	2
241	313	40	1
215	314	40	1
219	314	40	1
225	314	40	1
237	314	40	1
243	314	40	1
219	315	40	1
220	315	40	1
229	315	40	2
230	315	40	1
237	315	40	1
243	315	40	1
245	315	40	1
216	316	40	1
217	316	40	1
219	316	40	3
243	316	40	1
207	317	40	1
226	317	40	1
235	317	40	1
220	318	40	1
229	318	40	1
231	318	40	3
236	318	40	1
240	318	40	1
243	318	40	1
215	319	40	1
230	319	40	1
237	319	40	1
239	319	40	1
221	320	40	1
225	320	40	1
232	320	40	1
241	320	40	1
227	321	40	1
230	321	40	1
230	322	40	1
228	323	40	1
230	323	40	3
212	324	40	1
212	325	40	1
193	280	41	1
197	282	41	2
226	292	41	1
193	293	41	1
225	293	41	1
195	294	41	2
210	294	41	1
213	294	41	1
204	297	41	1
224	297	41	1
226	298	41	2
235	301	41	1
220	304	41	2
232	304	41	1
226	305	41	1
228	306	41	1
230	306	41	1
229	307	41	1
220	308	41	1
224	308	41	1
229	308	41	1
239	308	41	1
243	308	41	1
220	309	41	1
223	309	41	1
224	309	41	1
239	309	41	1
196	310	41	1
223	310	41	1
236	310	41	1
221	311	41	1
222	311	41	2
223	311	41	1
233	311	41	1
236	311	41	1
221	312	41	2
225	312	41	1
235	312	41	1
241	312	41	2
219	313	41	2
221	313	41	1
222	313	41	1
220	314	41	1
228	314	41	1
232	314	41	1
243	314	41	1
218	315	41	2
230	315	41	1
220	316	41	1
236	316	41	2
237	316	41	1
243	316	41	1
223	317	41	1
235	317	41	1
242	317	41	1
244	317	41	1
218	318	41	2
241	318	41	1
245	318	41	2
246	318	41	2
230	319	41	1
245	319	41	1
230	320	41	1
231	320	41	2
241	320	41	1
216	321	41	1
231	321	41	1
240	321	41	1
231	322	41	1
230	323	41	1
228	299	42	1
231	300	42	2
221	301	42	1
221	302	42	1
220	303	42	1
220	304	42	1
227	305	42	1
229	305	42	2
220	306	42	1
221	307	42	1
220	308	42	1
227	308	42	2
241	308	42	1
220	309	42	1
226	309	42	1
242	309	42	1
236	310	42	3
238	310	42	1
223	311	42	2
236	311	42	1
239	311	42	1
240	311	42	1
218	312	42	2
221	312	42	1
222	312	42	1
241	312	42	1
244	312	42	1
217	313	42	2
218	313	42	1
221	313	42	2
222	313	42	1
226	313	42	1
221	314	42	2
219	315	42	1
226	315	42	1
241	315	42	1
220	316	42	1
221	316	42	1
231	316	42	1
239	316	42	1
240	316	42	2
218	317	42	1
223	317	42	1
239	317	42	1
219	318	42	1
220	318	42	1
228	318	42	1
229	318	42	1
231	318	42	1
240	318	42	2
243	318	42	1
247	318	42	1
224	319	42	1
227	319	42	1
228	319	42	2
230	320	42	1
226	322	42	2
225	303	43	1
219	304	43	1
220	305	43	1
220	308	43	1
222	308	43	2
223	308	43	1
220	309	43	1
242	309	43	2
217	310	43	1
219	310	43	1
221	311	43	1
225	311	43	1
211	312	43	2
219	312	43	1
236	313	43	1
238	313	43	1
237	314	43	1
238	314	43	2
223	315	43	1
230	315	43	1
217	318	43	1
217	319	43	1
242	319	43	1
229	321	43	2
215	324	43	4
220	306	44	1
223	308	44	1
223	309	44	1
239	311	44	1
223	312	44	1
231	312	44	1
211	314	44	1
237	314	44	1
241	314	44	1
220	315	44	1
230	315	44	1
238	315	44	1
227	317	44	1
242	317	44	1
226	320	44	1
228	320	44	2
224	321	44	1
230	321	44	1
242	321	44	1
224	322	44	1
220	312	45	1
