x	y	z	Synthesis of bile acids and bile salts via 7alpha-hydroxycholesterol
216.157603775171	275.673637444315	34.5586340221659	1
240	277	24	1
235	278	24	1
245	287	24	1
249	288	24	1
244	289	24	2
248	289	24	1
234	271	25	1
227	272	25	1
228	272	25	1
233	272	25	1
238	272	25	1
227	273	25	1
235	273	25	1
236	273	25	1
238	273	25	1
231	274	25	2
233	274	25	1
232.5	276.5	25.5	1
235	276	25	2
236	276	25	2
239	276	25	1
231	277	25	1
235	277	25	2
236	277	25	2
237	277	25	3
231	278	25	1
238	278	25	1
241	279	25	1
232	280	25	1
234	281	25	1
240	281	25	1
234	282	25	1
248	282	25	1
249	282	25	1
231	283	25	1
245	283	25	1
249	283	25	1
241	284	25	2
243	284	25	1
245	284	25	1
252	284	25	1
234	285	25	1
240	285	25	1
241	285	25	1
246	285	25	2
236	286	25	1
240	286	25	2
250	286	25	1
223	287	25	3
242	287	25	2
245	287	25	1
252	287	25	1
224	288	25	1
241	289	25	1
242	289	25	1
248.5	289.5	25.5	1
234	290	25	1
237	290	25	1
244	290	25	1
250	290	25	1
236	291	25	1
239	291	25	1
241	291	25	1
250	291	25	1
235	292	25	1
238	292	25	1
243	292	25	1
249	292	25	1
243	293	25	1
244	293	25	1
247	293	25	1
243	294	25	1
240	295	25	2
243	295	25	1
238	296	25	1
244	296	25	1
247	296	25	1
240	300	25	1
229	264	26	2
230	264	26	1
232	265	26	1
230	267	26	1
236	268	26	1
228	269	26	1
229	269	26	1
233	270	26	1
237	270	26	1
238	270	26	1
250	270	26	1
229	271	26	1
236	271	26	1
230	272	26	1
236	273	26	1
237	273	26	1
248	273	26	1
231	274	26	1
233	274	26	1
232	275	26	1
239	275	26	3
245	275	26	2
246	275	26	1
248	275	26	1
250	275	26	1
215	276	26	1
233	276	26	1
238	276	26	1
239	276	26	1
248	276	26	1
230	277	26	1
234	277	26	1
240	277	26	1
232	278	26	1
234	278	26	1
243	278	26	2
251	278	26	1
207	279	26	1
231	279	26	1
239	279	26	1
241	279	26	1
250	279	26	1
208	280	26	2
234	280	26	1
241	280	26	2
242	280	26	1
250	280	26	1
217	281	26	1
230	281	26	1
232	281	26	1
236	281	26	1
212	282	26	1
229	282	26	1
231	282	26	2
234	282	26	1
237	282	26	1
247	282	26	1
249	282	26	1
209	283	26	1
243	283	26	1
252	283	26	1
214	284	26	1
235	284	26	1
237	284	26	2
238	284	26	2
241	284	26	1
242	284	26	2
243	284	26	1
235	285	26	1
241	285	26	1
246	285	26	1
247	285	26	1
216	286	26	1
225	286	26	2
234	286	26	1
243	286	26	1
247	286	26	1
251	286	26	1
253	286	26	1
248	287	26	2
249	287	26	1
251	287	26	1
232	288	26	2
241	288	26	1
248	288	26	2
250	288	26	1
222	289	26	2
223	289	26	1
233	289	26	2
237	289	26	2
238	289	26	1
251	289	26	2
228	290	26	3
238	290	26	1
240	290	26	1
222	291	26	2
226	291	26	2
244	291	26	2
245	291	26	1
225	292	26	1
242	292	26	1
246	292	26	1
250	292	26	1
240	293	26	3
220	294	26	1
235	294	26	1
222	295	26	1
240	295	26	1
241	295	26	1
248	295	26	1
240	296	26	1
241	296	26	1
240	297	26	2
245	297	26	2
181	257	27	1
183	257	27	1
186	257	27	1
188	259	27	1
226	259	27	1
232	259	27	1
186	260	27	1
234	260	27	2
185	261	27	1
186	261	27	1
227	261	27	2
228	261	27	1
231	261	27	1
232	261	27	1
235	261	27	1
236	261	27	1
239	261	27	1
229	262	27	2
233	262	27	1
178	263	27	1
182	263	27	1
183	263	27	1
220	263	27	1
225	263	27	1
230	263	27	1
233	263	27	1
234	263	27	1
235	263	27	1
238	263	27	1
244	263	27	1
180	264	27	1
186	264	27	1
209	264	27	1
225	264	27	1
226	264	27	1
228	264	27	1
229	264	27	2
231	264	27	1
237	264	27	1
184	265	27	1
225	265	27	1
226	265	27	1
230	265	27	1
231	265	27	1
235	265	27	1
238	265	27	1
178	266	27	1
180	266	27	1
219	266	27	1
224	266	27	1
227	266	27	1
229	266	27	1
230	266	27	1
182	267	27	1
233	267	27	1
235	267	27	1
179	268	27	1
216	268	27	1
217	268	27	3
224	268	27	1
227	268	27	1
228	268	27	1
229	268	27	1
232	268	27	1
236	268	27	1
239	268	27	2
180	269	27	1
207	269	27	1
233	269	27	2
241	269	27	1
243	269	27	1
179	270	27	1
181	270	27	1
192	270	27	1
197	270	27	2
216	270	27	1
218	270	27	1
221	270	27	1
238	270	27	1
239	270	27	1
182	271	27	1
206	271	27	2
209	271	27	1
216	271	27	1
228	271	27	1
230	271	27	1
243	271	27	2
181	272	27	1
203	272	27	1
207	272	27	2
216	272	27	2
237	272	27	1
239	272	27	1
240	272	27	1
251	272	27	1
212	273	27	2
217	273	27	1
224	273	27	1
234	273	27	1
237	273	27	1
251	273	27	1
177	274	27	1
207	274	27	1
211	274	27	1
226	274	27	1
227	274	27	1
228	274	27	1
229	274	27	1
233	274	27	1
237	274	27	1
247	274	27	1
250	274	27	1
184	275	27	1
206	275	27	1
214	275	27	1
220	275	27	1
224	275	27	1
237	275	27	1
238	275	27	1
205	276	27	1
208	276	27	1
212	276	27	1
232	276	27	2
233	276	27	1
245	276	27	1
208	277	27	1
212	277	27	1
215	277	27	1
238	277	27	1
239	277	27	1
246	277	27	1
210	278	27	1
211	278	27	1
220	278	27	1
231	278	27	1
235	278	27	1
248	278	27	1
249	278	27	1
201	279	27	1
207	279	27	1
208	279	27	1
219	279	27	1
232	279	27	1
240	279	27	1
242	279	27	1
244	279	27	1
250	279	27	1
252	279	27	1
234	280	27	2
236	280	27	1
240	280	27	1
242	280	27	1
246	280	27	1
247	280	27	1
248	280	27	1
249	280	27	2
206	281	27	1
229	281	27	1
243	281	27	1
244	281	27	1
245	281	27	1
246	281	27	1
251	281	27	1
254	281	27	1
210	282	27	1
213	282	27	1
217	282	27	1
231	282	27	1
240	282	27	2
242	282	27	1
245	282	27	1
246	282	27	1
248	282	27	1
253	282	27	1
254	282	27	1
209	283	27	2
210	283	27	1
216	283	27	1
218	283	27	3
221	283	27	1
231	283	27	2
232	283	27	1
240	283	27	1
241	283	27	2
254	283	27	1
255	283	27	1
256	283	27	2
206	284	27	1
208	284	27	1
212	284	27	1
215	284	27	1
236	284	27	1
237	284	27	1
238	284	27	1
253	284	27	1
256	284	27	1
209	285	27	1
210	285	27	1
211	285	27	1
228	285	27	1
234	285	27	1
236	285	27	1
240	285	27	2
241	285	27	1
242	285	27	1
253	285	27	3
204	286	27	1
207	286	27	1
209	286	27	1
216	286	27	2
218	286	27	1
219	286	27	1
225	286	27	1
235	286	27	1
237	286	27	1
240	286	27	1
244	286	27	1
246	286	27	2
251	286	27	2
252	286	27	1
214	287	27	1
219	287	27	1
237	287	27	1
238	287	27	1
241	287	27	1
248	287	27	1
249	287	27	1
253	287	27	2
256	287	27	1
226	288	27	1
229	288	27	1
242	288	27	1
245	288	27	1
251	288	27	1
255	288	27	2
209	289	27	1
223	289	27	1
224	289	27	1
231	289	27	1
233	289	27	1
237	289	27	1
239	289	27	1
243	289	27	1
249	289	27	1
252	289	27	1
256	289	27	2
226	290	27	1
227	290	27	1
228	290	27	1
230	290	27	1
236	290	27	1
237	290	27	2
246	290	27	1
249	290	27	1
252	290	27	1
253	290	27	2
210	291	27	1
233	291	27	1
237	291	27	1
238	291	27	1
239	291	27	1
241	291	27	1
249	291	27	1
211	292	27	2
212	292	27	1
221	292	27	1
227	292	27	1
228	292	27	1
229	292	27	1
230	292	27	1
234	292	27	1
238	292	27	1
239	292	27	1
241	292	27	1
248	292	27	1
250	292	27	1
251	292	27	1
252	292	27	2
254	292	27	1
217	293	27	1
220	293	27	3
224	293	27	1
226	293	27	1
229	293	27	1
237	293	27	2
239	293	27	1
244	293	27	1
245	293	27	1
254	293	27	1
217	294	27	1
220	294	27	1
231	294	27	1
236	294	27	1
245	294	27	1
249	294	27	1
218	295	27	2
221	295	27	1
241	295	27	2
240	296	27	1
252	296	27	1
220	297	27	1
237	297	27	1
243	297	27	1
244	297	27	3
249	297	27	1
251	297	27	1
253	297	27	1
226	298	27	1
235	298	27	1
237	298	27	1
238	298	27	1
239	298	27	1
243	298	27	1
245	298	27	1
247	298	27	2
241	299	27	1
242	299	27	1
247	299	27	1
231	300	27	1
237	300	27	1
248	300	27	1
236	301	27	1
237	301	27	1
238	301	27	1
251	301	27	1
237	302	27	1
239	302	27	1
244	302	27	1
244	304	27	1
234	265	28	1
235	266	28	1
231	267	28	1
238	268	28	1
238	269	28	1
238	270	28	1
250	270	28	1
237	271	28	1
233	272	28	1
250	272	28	1
235	273	28	1
249	275	28	1
234	276	28	2
235	276	28	1
237	276	28	1
238	277	28	1
241	280	28	1
248	281	28	1
252	281	28	1
234	282	28	1
249	282	28	1
251	282	28	1
238	283	28	1
250	284	28	1
244	285	28	1
235	286	28	1
246	286	28	1
248	286	28	1
246	287	28	1
248	287	28	1
251	287	28	1
245	288	28	1
227	289	28	1
247	289	28	1
249	289	28	1
240	290	28	1
245	290	28	1
226	291	28	1
240	291	28	1
247	291	28	1
249	291	28	1
239	292	28	1
241	292	28	1
245	292	28	1
248	292	28	1
243	293	28	2
240	294	28	1
242	294	28	1
249	294	28	1
240	295	28	1
240	296	28	1
245	297	28	3
236	300	28	1
240	300	28	1
233	256	29	1
235	256	29	1
182	257	29	2
230	257	29	1
181	258	29	1
235	258	29	1
188	259	29	1
227	261	29	1
220	262	29	1
234	263	29	1
229	264	29	1
233	265	29	2
238	265	29	1
195	266	29	1
228	266	29	1
250	266	29	3
193	267	29	1
214	267	29	1
232	267	29	1
235	267	29	1
236	267	29	1
241	267	29	1
194	268	29	1
234	268	29	1
238	268	29	1
244	268	29	2
250	268	29	1
180	269	29	1
248	269	29	1
249	269	29	1
227	270	29	1
238	270	29	1
250	270	29	1
203	271	29	1
204	271	29	2
234	271	29	1
237	271	29	2
241	271	29	1
242	271	29	1
211	272	29	1
214	272	29	1
232	274	29	2
236	274	29	1
247	274	29	1
206	275	29	1
236	275	29	1
240	276	29	1
249	276	29	1
250	276	29	1
205	277	29	1
204	278	29	1
235	279	29	1
249	279	29	1
233	280	29	1
235	280	29	1
246	280	29	1
251	280	29	1
208	281	29	1
224	281	29	1
247	281	29	1
250	281	29	1
213	282	29	1
244	282	29	3
245	282	29	1
246	282	29	2
251	282	29	2
215	283	29	1
231	283	29	1
239	283	29	1
245	283	29	1
211	284	29	1
232	284	29	1
233	284	29	1
234	284	29	1
235	284	29	2
242	284	29	1
246	284	29	1
248	284	29	1
252	284	29	1
255	284	29	2
256	284	29	1
233	285	29	1
238	285	29	1
239	285	29	1
243	285	29	1
250	285	29	1
233	286	29	1
240	286	29	1
241	286	29	1
248	286	29	1
249	286	29	1
252	286	29	1
226	287	29	1
233	287	29	1
225	288	29	1
228	288	29	1
232	288	29	1
233	288	29	1
235	288	29	1
236	288	29	2
241	288	29	2
243	288	29	1
224	289	29	1
228	289	29	1
237	289	29	1
240	289	29	1
250	289	29	1
227	290	29	1
230	290	29	1
242	290	29	1
222	291	29	1
248	291	29	1
248	292	29	1
250	292	29	2
257	292	29	1
225	293	29	1
227	293	29	2
249	293	29	1
221	294	29	1
236	294	29	1
240	294	29	1
241	294	29	1
242	294	29	1
251	294	29	1
220	295	29	1
241	295	29	2
243	295	29	1
247	295	29	2
223	296	29	1
249	296	29	1
252	296	29	1
238	297	29	1
246	297	29	1
247	298	29	1
221	299	29	1
226	299	29	1
227	299	29	2
237	299	29	1
239	299	29	1
240	299	29	1
221	300	29	1
225	300	29	1
236	300	29	1
237	300	29	1
240	300	29	1
223	301	29	1
224	301	29	1
235	302	29	2
240	303	29	1
236	305	29	2
229	250	30	2
233	252	30	2
215	254	30	1
231	254	30	1
238	254	30	1
191	255	30	1
232	255	30	1
237	255	30	2
230	256	30	1
231	256	30	1
183	257	30	1
227	257	30	1
237	257	30	1
240	257	30	2
186	258	30	1
226	258	30	1
227	258	30	1
228	258	30	1
236	258	30	1
175	259	30	1
209	259	30	2
210	259	30	1
218	259	30	1
224	259	30	1
226	259	30	1
228	259	30	2
231	259	30	1
234	259	30	1
190	260	30	1
196	260	30	1
197	260	30	1
212	260	30	2
216	260	30	1
219	260	30	1
231	260	30	1
238	260	30	2
240	260	30	1
245	260	30	2
212	261	30	1
216	261	30	2
219	261	30	1
231	261	30	1
232	261	30	2
241	261	30	1
246	261	30	1
179	262	30	1
186	262	30	1
220	262	30	1
227	262	30	1
230	262	30	2
242	262	30	1
197	263	30	1
215	263	30	1
226	263	30	1
228	263	30	1
230	263	30	1
233	263	30	1
247	263	30	1
248	263	30	1
178	264	30	1
186	264	30	1
222	264	30	1
225	264	30	1
227	264	30	1
230	264	30	1
231	264	30	1
233	264	30	1
238	264	30	1
246	264	30	1
250	264	30	1
197	265	30	1
200	265	30	1
210	265	30	1
211	265	30	2
235	265	30	1
244	265	30	1
189	266	30	1
194	266	30	1
197	266	30	1
213	266	30	1
233	266	30	1
238	266	30	1
243	266	30	1
249	266	30	1
183	267	30	1
193	267	30	1
196	267	30	1
198	267	30	2
219	267	30	1
228	267	30	1
231	267	30	1
239	267	30	1
240	267	30	1
247	267	30	1
248	267	30	1
250	267	30	1
182	268	30	1
188	268	30	1
190	268	30	1
195	268	30	1
216	268	30	1
217	268	30	2
223	268	30	1
226	268	30	1
228	268	30	1
230	268	30	1
237	268	30	1
248	268	30	1
250	268	30	1
177	269	30	1
194	269	30	1
197	269	30	1
219	269	30	1
236	269	30	1
250	269	30	1
184	270	30	1
187	270	30	1
194	270	30	2
201	270	30	1
205	270	30	2
207	270	30	1
250	270	30	1
183	271	30	1
188	271	30	2
200	271	30	1
201	271	30	1
206	271	30	1
207	271	30	1
208	271	30	1
215	271	30	2
234	271	30	1
249	271	30	1
182	272	30	1
184	272	30	2
206	272	30	1
207	272	30	1
216	272	30	2
233	272	30	1
236	272	30	1
238	272	30	1
239	272	30	1
240	272	30	1
245	272	30	1
182	273	30	1
183	273	30	1
210	273	30	1
211	273	30	1
213	273	30	1
233	273	30	1
240	273	30	1
241	273	30	1
246	273	30	1
177	274	30	1
182	274	30	1
208	274	30	1
211	274	30	1
244	274	30	1
247	274	30	1
184	275	30	1
203	275	30	1
211	275	30	1
215	275	30	1
235	275	30	1
237	275	30	1
238	275	30	1
239	275	30	1
249	275	30	2
250	275	30	1
233	276	30	1
236	276	30	2
239	276	30	1
240	276	30	2
243	276	30	1
246	276	30	1
248	276	30	2
253	276	30	3
205	277	30	1
206	277	30	1
238	277	30	1
241	277	30	1
243	277	30	2
245	277	30	1
249	277	30	1
250	277	30	2
175	278	30	1
204	278	30	1
221	279	30	1
236	279	30	1
238	279	30	2
248	279	30	2
249	279	30	1
183	280	30	1
226	280	30	1
232	280	30	2
238	280	30	1
245	280	30	2
246	280	30	1
248	280	30	1
175	281	30	1
218	281	30	1
224	281	30	1
233	281	30	1
239	281	30	1
244	281	30	1
247	281	30	1
254	281	30	1
172	282	30	1
187	282	30	2
219	282	30	1
232	282	30	1
239	282	30	1
245	282	30	1
251	282	30	1
253	282	30	1
209	283	30	1
220	283	30	1
238	283	30	1
242	283	30	2
244	283	30	1
251	283	30	1
252	283	30	1
254	283	30	1
257	283	30	1
225	284	30	1
226	284	30	1
233	284	30	1
238	284	30	1
242	284	30	1
243	284	30	1
249	284	30	1
256	284	30	1
225	285	30	2
226	285	30	2
236	285	30	1
245	285.666666666667	31	1
180	286	30	1
219	286	30	1
224	286	30	1
236	286	30	1
238	286	30	1
239	286	30	1
243	286	30	1
256	286	30	1
220	287	30	1
225	287	30	1
226	287	30	1
233	287	30	1
254	287	30	1
235	288	30	1
237	288	30	1
238	288	30	1
239	288	30	1
241	288	30	1
244	288	30	1
245	288	30	1
248	288	30	1
184	289	30	2
200	289	30	2
201	289	30	1
228	289	30	1
230	289	30	1
231	289	30	2
238	289	30	1
247	289	30	1
248	289	30	1
252	289	30	1
231	290	30	1
235	290	30	1
239	290	30	1
240	290	30	1
242	290	30	1
253	290	30	1
222	291	30	1
225	291	30	1
226	291	30	1
232	291	30	1
239	291	30	1
244	291	30	1
246	291	30	1
249	291	30	1
250	291	30	1
251	291	30	1
197	292	30	1
198	292	30	1
199	292	30	1
203	292	30	1
223	292	30	1
228	292	30	1
248	292	30	1
221	293	30	1
234	293	30	1
243	293	30	1
244	293	30	1
246	293	30	1
247	293	30	1
251	293	30	2
210	294	30	1
225	294	30	1
231	294	30	1
232	294	30	1
245	294	30	1
246	294	30	1
254	294	30	1
222	295	30	1
234	295	30	1
244	295	30	1
253	295	30	1
186	296	30	2
232	296	30	1
239	296	30	1
242	296	30	1
246	296	30	1
223	297	30	2
229	297	30	2
237	297	30	1
250	297	30	1
230	298	30	1
232	298	30	1
233	298	30	1
236	298	30	2
241	298	30	1
247	298	30	1
250	298	30	1
218	299	30	1
224	299	30	1
231	299	30	1
241	299	30	1
247	299	30	1
250	299	30	1
214	300	30	1
223	300	30	1
230	300	30	3
247	300	30	1
248	300	30	2
227	301	30	1
235	301	30	1
237	301	30	1
244	301	30	1
223	302	30	1
229	302	30	2
231	302	30	2
242	302	30	1
223	303	30	1
234	304	30	1
240	304	30	1
223	305	30	1
237	305	30	1
238	306	30	1
225	252	31	1
229	252	31	1
235	252	31	1
193	253	31	1
224	253	31	1
227	253	31	1
228	253	31	1
238	253	31	1
193	254	31	1
227	254	31	1
232	254	31	2
235	254	31	1
195	255	31	2
215	255	31	1
229	255	31	2
237	255	31	1
215	256	31	2
216	256	31	1
239	256	31	1
202	257	31	2
229	257	31	1
232	257	31	2
237	257	31	1
238	257	31	1
240	257	31	1
190	258	31	1
216	258	31	1
228	258	31	2
234	258	31	1
239	258	31	1
240	258	31	1
206	259	31	1
218	259	31	1
226	259	31	1
227	259	31	1
235	259	31	1
237	259	31	1
242	259	31	2
187	260	31	1
191	260	31	1
209	260	31	1
224	260	31	1
234	260	31	2
235	260	31	1
242	260	31	2
188	261	31	1
193	261	31	2
211	261	31	1
217	261	31	1
227	261	31	1
231	261	31	1
234	261	31	1
237	261	31	1
243	261	31	1
194	262	31	1
217	262	31	1
223	262	31	1
226	262	31	1
230	262	31	2
235	262	31	1
185	263	31	1
189	263	31	1
194	263	31	2
211	263	31	1
221	263	31	1
222	263	31	2
223	263	31	1
226	263	31	1
227	263	31	1
230	263	31	1
244	263	31	1
245	263	31	1
248	263	31	1
249	263	31	1
184	264	31	1
190	264	31	1
197	264	31	1
210	264	31	1
220	264	31	1
234	264	31	2
237	264	31	1
244	264	31	1
184	265	31	1
194	265	31	1
205	265	31	1
214	265	31	2
232	265	31	1
233	265	31	1
235	265	31	3
238	265	31	1
245	265	31	1
248	265	31	2
187	266	31	2
193	266	31	1
194	266	31	2
213	266	31	2
215	266	31	1
217	266	31	1
220	266	31	2
231	266	31	1
232	266	31	1
248	266	31	1
176	267	31	1
183	267	31	1
193	267	31	1
197	267	31	1
216	267	31	1
217	267	31	1
228	267	31	1
237	267	31	1
244	267	31	2
246	267	31	2
248	267	31	1
210	268	31	1
216	268	31	1
231	268	31	1
240	268	31	1
244	268	31	1
247	268	31	1
173	269	31	1
199	269	31	1
210	269	31	1
214	269	31	1
215	269	31	1
234	269	31	1
243	269	31	1
246	269	31	1
248	269	31	1
252	269	31	1
198	270	31	1
216	270	31	1
217	270	31	1
231	270	31	1
234	270	31	1
240	270	31	1
242	270	31	3
172	271	31	1
176	271	31	1
178	271	31	1
184	271	31	1
212	271	31	1
217	271	31	1
232	271	31	1
185	272	31	2
204	272	31	1
206	272	31	1
212	272	31	1
227	272	31	1
230	272	31	2
235	272	31	1
249	272	31	1
250	272	31	1
251	272	31	1
254	272	31	1
207	273	31	1
211	273	31	1
212	273	31	2
215	273	31	1
242	273	31	1
182	274	31	1
203	274	31	1
214	274	31	1
230	274	31	1
232	274	31	1
233	274	31	1
248	274	31	2
184	275	31	1
205	275	31	1
211	275	31	1
236	276	31	1
205	277	31	1
239	277	31	1
241	277	31	2
245	277	31	1
180	278	31	1
208	278	31	1
224	278	31	1
236	278	31	1
243	278	31	1
247	278	31	1
178	279	31	1
207	279	31	2
219	279	31	1
234	279	31	1
245	279	31	2
175	280	31	1
220	280	31	1
226	280	31	1
235	280	31	2
246	280	31	2
248	280	31	1
176	281	31	1
181	281	31	1
222	281	31	1
231	281	31	1
233	281	31	1
236	281	31	1
240	281	31	1
219	282	31	2
220	282	31	1
240	282	31	1
249	282	31	1
250	282	31	1
181	283	31	1
182	283	31	1
208	283	31	1
223	283	31	1
232	283	31	2
239	283	31	1
181	284	31	1
206	284	31	2
209	284	31	2
212	284	31	1
223	284	31	1
224	284	31	1
231	284	31	1
235	284	31	1
238	284	31	1
243	284	31	1
206	285	31	1
218	285	31	1
220	285	31	1
223	285	31	1
225	285	31	1
250	285	31	1
256	285	31	1
219	286	31	1
222	286	31	1
224	286	31	1
229	286	31	3
231	286	31	1
238	286	31	1
239	286	31	2
187	287	31	1
224	287	31	3
225	287	31	1
228	287	31	1
229	287	31	1
236	287	31	1
240	287	31	1
243	287	31	1
220	288	31	1
226	288	31	1
240.5	288.5	31.5	1
241	288	31	1
185	289	31	1
226	289	31	2
231	289	31	1
232	289	31	2
238	289	31	1
240	289	31	2
241	289	31	1
252	289	31	1
200	290	31	1
221	290	31	1
225	290	31	1
227	290	31	1
230	290	31	1
232	290	31	1
241	290	31	2
242	290	31	2
246	290	31	1
250	290	31	2
198	291	31	1
199	291	31	1
204	291	31	1
226	291	31	1
227	291	31	1
228	291	31	2
229	291	31	1
230	291	31	1
235	291	31	1
245	291	31	2
248	291	31	2
255	291	31	1
236	292	31	1
243	292	31	2
246	292	31	1
250	292	31	1
221	293	31	1
223	293	31	1
233	293	31	1
235	293	31	1
238	293	31	1
242	293	31	1
248	293	31	1
251	293	31	1
221	294	31	1
225	294	31	1
237	294	31	1
198	295	31	1
229	295	31	2
243	295	31	2
247	295	31	1
248	295	31	1
249	295	31	1
250	295	31	1
255	295	31	1
257	295	31	1
188	296	31	2
199	296	31	1
200	296	31	1
225	296	31	1
235	296	31	1
240	296	31	1
247	296	31	1
248	296	31	1
195	297	31	1
239	297	31	1
243	297	31	1
246	297	31	1
223	298	31	1
226	298	31	1
229	298	31	1
232	298	31	1
251	298	31	1
253	298	31	1
221	299	31	1
233	299	31	4
247	299	31	1
248	299	31	2
236	300	31	1
248	300	31	1
221	301	31	2
224	301	31	1
225	301	31	1
232	301	31	1
233	301	31	1
247	301	31	1
222	302	31	1
224	302	31	1
242	302	31	1
244	302	31	1
245	302	31	1
246	302	31	1
224	303	31	1
231	303	31	1
232	303	31	1
235	303	31	3
236	303	31	1
237	303	31	1
239	303	31	1
242	303	31	4
245	303	31	1
235	304	31	2
237	304	31	1
238	304	31	1
225	305	31	1
235	305	31	1
238	305	31	1
236	306	31	1
223	307	31	1
237	307	31	1
225	308	31	1
226	309	31	1
227	251	32	2
214	252	32	1
217	252	32	1
226	252	32	2
223	253	32	1
225	253	32	1
231	253	32	1
240	253	32	1
223	254	32	1
226	254	32	2
228	254	32	2
235	254	32	2
236	254	32	1
238	254	32	1
188	255	32	1
216	255	32	1
230	255	32	1
232	255	32	2
235	255	32	1
236	255	32	1
177	256	32	1
215	256	32	2
216	256	32	1
227	256	32	1
237	256	32	1
192	257	32	1
193	257	32	1
202	257	32	1
221	257	32	1
230	257	32	1
240	257	32	1
219	258	32	1
228	258	32	1
235	258	32	1
237	258	32	1
239	258	32	1
246	258	32	1
191	259	32	1
201	259	32	1
213	259	32	1
216	259	32	1
217	259	32	1
222	259	32	1
240	259	32	1
242	259	32	1
245	259	32	1
182	260	32	2
218	260	32	1
220	260	32	1
222	260	32	1
228	260	32	1
242	260	32	1
244	260	32	1
248	260	32	1
186	261	32	2
194	261	32	1
195	261	32	1
210	261	32	1
211	261	32	1
215	261	32	1
216	261	32	2
220	261	32	2
224	261	32	1
225	261	32	1
242	261	32	1
244	261	32	1
186	262	32	1
197	262	32	1
207	262	32	1
215.5	262.5	32.5	1
217	262	32	1
221	262.666666666667	33	1
225	262	32	1
228	262	32	1
230	262	32	1
242	262	32	1
243	262	32	1
245	262	32	1
246	262	32	2
184	263	32	1
189	263	32	2
193	263	32	1
200	263	32	1
213	263	32	1
215	263	32	1
216	263	32	1
220	263	32	1
225	263	32	1
233	263	32	3
237	263	32	1
242	263	32	1
245	263	32	1
246	263	32	1
247	263	32	1
250	263	32	1
251	263	32	1
189	264	32	1
224	264	32	2
228	264	32	1
231	264	32	1
248	264	32	1
184	265	32	1
191	265	32	1
193	265	32	2
196	265	32	1
212	265	32	1
213	265	32	1
221	265	32	1
229	265	32	1
231	265	32	1
235	265	32	1
239	265	32	1
244	265	32	2
249	265	32	1
251	265	32	1
184	266	32	1
196	266	32	1
197	266	32	2
203	266	32	1
214	266	32	2
220	266	32	1
222	266	32	1
237	266	32	1
249	266	32	2
251	266	32	1
196	267	32	1
215	267	32	1
216	267	32	1
219	267	32	1
222	267	32	1
237	267	32	1
239	267	32	1
246	267	32	1
183	268	32	2
186	268	32	1
189	268	32	2
193	268	32	1
195	268	32	1
198	268	32	1
206	268	32	1
214	268	32	1
225	268	32	1
238	268	32	1
243	268	32	1
247	268	32	1
253	268	32	1
191	269	32	1
196	269	32	1
210	269	32	1
213	269	32	1
214	269	32	3
240	269	32	1
241	269	32	1
242	269	32	1
243	269	32	1
244	269	32	2
246	269	32	1
248	269	32	1
251	269	32	1
173	270	32	1
185	270	32	1
197	270	32	1
224	270	32	1
231	270	32	1
243	270	32	1
244	270	32	1
247	270	32	2
180	271	32	1
184	271	32	1
188	271	32	2
196	271	32	1
207	271	32	1
209	271	32	1
211	271	32	1
215	271	32	1
227	271	32	1
233	271	32	1
241	271	32	1
249	271	32	1
181	272	32	2
205	272	32	1
207	272	32	1
210	272	32	1
213	272	32	1
227	272	32	1
239	272	32	1
240	272	32	1
244	272	32	1
246	272	32	1
248	272	32	1
249	272	32	1
250	272	32	1
251	272	32	1
181	273	32	1
183	273	32	1
205	273	32	1
213	273	32	1
234	273	32	1
241	273	32	1
254	273	32	1
181	274	32	1
182	274	32	1
203	274	32	1
205	274	32	1
213	274	32	1
214	274	32	1
215	274	32	1
236	274	32	1
238	274	32	2
240	274	32	1
183	275	32	1
186	275	32	1
202	275	32	1
213	275	32	1
226	275	32	2
240	275	32	1
249	275	32	1
174	276	32	1
203	276	32	1
241	276	32	1
205	277	32	1
240	277	32	1
249	277	32	1
254	277	32	1
234	278	32	1
244	278	32	1
255	278	32	1
207	279	32	2
220	279	32	1
242	279	32	1
244	279	32	1
246	279	32	1
247	279	32	1
250	279	32	2
173	280	32	1
175	280	32	1
176	280	32	1
208	280	32	2
220	280	32	1
232	280	32	1
239	280	32	1
241	280	32	2
251	280	32	1
175	281	32	1
220	281	32	2
221	281	32	1
232	281	32	1
239	281	32	1
244	281	32	1
248	281	32	1
252	281	32	1
178	282	32	1
223	282	32	1
227	282	32	1
245	282	32	1
247	282	32	3
248	282	32	1
253	282	32	1
254	282	32	1
173	283	32	1
178	283	32	1
181	283	32	1
207	283	32	2
211	283	32	2
226	283	32	1
230	283	32	1
236	283	32	1
239	283	32	1
240	283	32	1
181	284	32	1
205	284	32	1
221	284	32	1
227	284	32	1
230	284	32	2
242	284	32	1
244	284	32	2
254	284	32	1
204	285	32	1
206	285	32	2
208	285	32	1
220	285	32	1
222	285	32	2
225	285	32	1
230	285	32	1
238	285	32	1
244	285	32	1
249	285	32	1
253	285	32	2
177	286	32	2
178	286	32	1
204	286	32	1
206	286	32	1
222	286	32	1
224	286	32	1
227	286	32	1
229	286	32	1
231	286	32	1
246	286	32	1
247	286	32	1
250	286	32	2
254	286	32	1
226	287	32	1
231	287	32	1
240	287	32	1
241	287	32	1
242	287	32	1
243	287	32	1
245	287	32	1
247	287	32	1
254	287	32	1
203	288	32	1
225	288	32	1
227	288	32	1
234	288	32	1
235	288	32	1
236	288	32	2
246	288	32	1
250	288	32	1
253	288	32	1
227	289	32	1
242	289	32	1
253	289	32	1
187	290	32	1
206	290	32	2
220	290	32	1
224	290	32	1
239	290	32	1
243	290	32	1
246	290	32	1
250	290	32	1
223	291	32	1
235	291	32	1
238	291	32	1
239	291	32	1
245	291	32	1
255	291	32	1
256	291	32	1
188	292	32	1
204	292	32	1
218	292	32	1
236.75	292.75	33	1
221	293	32	1
227	293	32	1
241	293	32	1
256	293	32	1
180	294	32	1
202	294	32	1
221	294	32	1
223	294	32	1
228	294	32	1
231	294	32	1
237	294	32	1
238	294	32	1
252	294	32	1
195	295	32	1
220	295	32	1
227	295	32	1
229	295	32	1
231	295	32	1
248	295	32	1
253	295	32	1
187	296	32	1
228	296	32	2
229	296	32	1
230	296	32	1
232	296	32	1
233	296	32	1
234	296	32	2
235	296	32	1
241	296	32	1
244	296	32	2
247	296	32	1
221	297	32	1
229	297	32	1
234	297	32	1
241	297	32	1
246	297	32	1
248	297	32	3
252	297	32	1
219	298	32	1
221	298	32	1
227	298	32	1
233	298	32	1
234	298	32	2
240	298	32	1
244	298	32	1
249	298	32	1
251	298	32	1
197	299	32	1
226	299	32	1
236	299	32	1
243	299	32	1
248	299	32	2
249	299	32	1
227	300	32	1
232	300	32	1
237	300	32	1
196	301	32	2
210	301	32	1
224	301	32	2
227	301	32	2
232	301	32	2
233	301	32	1
235	301	32	1
236	301	32	1
237	301	32	2
223	302	32	1
230	302	32	1
231	302	32	1
236	302	32	1
238	302	32	1
239	302	32	1
245	302	32	1
234	303	32	1
241	303	32	1
242	303	32	1
225	304	32	1
233	304	32	1
234	304	32	3
241	304	32	1
204	305	32	1
238	305	32	1
224	306	32	1
230	306	32	1
234	306	32	1
237	307	32	1
225	308	32	1
227	308	32	1
236	308	32	1
232	309	32	1
233	310	32	1
235	313	32	2
232	249	33	1
228	250	33	1
226	251	33	1
228	251	33	1
218	253	33	1
224	253	33	1
232	253	33	1
217	254	33	1
219	254	33	1
223	254	33	1
225	254	33	1
226	254	33	2
218	255	33	1
219	255	33	1
220	255	33	1
224	255	33	2
235	255	33	1
236	255	33	1
221	256	33	2
227	256	33	1
228	256	33	1
232	256	33	1
237	256	33	1
214	257	33	1
227	257	33	1
232	258	33	1
189	259	33	1
218	259	33	1
225	259	33	1
231	259	33	2
233	259	33	1
239	259	33	2
242	259	33	1
243	259	33	1
244	259	33	1
213	260	33	1
217	260	33	1
229	260	33	1
231	260	33	2
243	260	33	1
188	261	33	1
195	261	33	2
205	261	33	1
214	261	33	2
224	261	33	1
229	261	33	2
237	261	33	1
238	261	33	1
242	261	33	1
245	261	33	1
247	261	33	1
192	262	33	1
196	262	33	1
209	262	33	1
211	262	33	1
221	262	33	2
224	262	33	1
227	262	33	1
230	262	33	1
233	262	33	1
239	262	33	2
241	262	33	1
248	262	33	1
250	262	33	1
190	263	33	1
191	263	33	1
211	263	33	1
213	263	33	1
220	263	33	1
223	263	33	1
227	263	33	2
233	263	33	1
239	263	33	1
243	263	33	1
186	264	33	1
192	264	33	1
194	264	33	1
195	264	33	2
211	264	33	1
214	264	33	1
225	264	33	1
228	264	33	1
231	264	33	1
246	264	33	1
247	264	33	1
250	264	33	1
189	265	33	1
191	265	33	1
192	265	33	1
194	265	33	2
195	265	33	2
202	265	33	1
208	265	33	2
220	265	33	1
221	265	33	1
222	265	33	1
224	265	33	1
239	265	33	2
243	265	33	2
245	265	33	2
185	266	33	1
188	266	33	1
191	266	33	1
192	266	33	1
194	266	33	1
197	266	33	1
211	266	33	3
228	266	33	1
242	266	33	1
191	267	33	1
192	267	33	2
200	267	33	1
210	267	33	1
215	267	33	1
217	267	33	1
220	267	33	1
227	267	33	1
245	267	33	2
183	268	33	1
188	268	33	2
192	268	33	1
206	268	33	2
209	268	33	1
211	268	33	1
213	268	33	1
215	268	33	1
216	268	33	1
218	268	33	1
242	268	33	1
243	268	33	1
245	268	33	1
249	268	33	1
184	269	33	1
192	269	33	3
193	269	33	1
208	269	33	1
212	269	33	1
216	269	33	2
224	269	33	1
233	269	33	1
235	269	33	1
239	269	33	1
244	269	33	1
251	269	33	3
179	270	33	1
186	270	33	1
194	270	33	1
223	270	33	1
233	270	33	1
239	270	33	1
243	270	33	1
248	270	33	1
179	271	33	1
186	271	33	1
187	271	33	1
190	271	33	1
192	271	33	1
206	271	33	1
226	271	33	1
229	271	33	1
235	271	33	1
240	271	33	1
245	271	33	2
248	271	33	1
182	272	33	1
183	272	33	1
185	272	33	1
186	272	33	1
187	272	33	1
189	272	33	1
203	272	33	1
208	272	33	1
215	272	33	1
237	272	33	2
240	272	33	1
249	272	33	1
185	273	33	1
186	273	33	1
188	273	33	1
189	273	33	1
202	273	33	1
213	273	33	1
226	273	33	1
230	273	33	1
235	273	33	1
239	273	33	1
241	273	33	1
253	273	33	1
174	274	33	1
176	274	33	1
181	274	33	1
186	274	33	1
208	274	33	1
212	274	33	1
217	274	33	2
226	274	33	1
238	274	33	1
244	274	33	1
245	274	33	1
250	274	33	1
188	275	33	1
200	275	33	1
209	275	33	1
210	275	33	1
211	275	33	3
215	275	33	1
227	275	33	1
240	275	33	1
241	275	33	1
250	275	33	1
174	276	33	1
189	276	33	1
206	276	33	2
215	276	33	2
235	276	33	2
236	276	33	1
237	276	33	1
240	276	33	1
244	276	33	1
173	277	33	2
174	277	33	1
183	277	33	2
205	277	33	1
210	277	33	1
216	277	33	1
224	277	33	1
232	277	33	1
236	277	33	3
237	277	33	1
241	277	33	2
244	277	33	1
245	277	33	1
246	277	33	1
178	278	33	1
191	278	33	1
204	278	33	1
205	278	33	1
210	278	33	3
232	278	33	1
235	278	33	1
238	278	33	3
243	278	33	1
208	279	33	1
210	279	33	1
220	279	33	1
222	279	33	1
231	279	33	1
175	280	33	2
176	280	33	1
177	280	33	2
180	280	33	1
203	280	33	1
208	280	33	1
209	280	33	1
210	280	33	1
223	280	33	3
232	280	33	2
237	280	33	1
242	280	33	1
248	280	33	1
251	280	33	1
173	281	33	1
206	281	33	2
207	281	33	1
208	281	33	1
217	281	33	1
239	281	33	1
243	281	33	2
247	281	33	2
249	281	33	1
178	282	33	2
179	282	33	1
209	282	33	1
222	282	33	1
225	282	33	1
230	282	33	1
253	282	33	1
181	283	33	1
218	283	33	1
221	283	33	1
225	283	33	1
227	283	33	1
232	283	33	1
241	283	33	1
242	283	33	1
246	283	33	1
247	283	33	2
180	284	33	1
187	284	33	1
207	284	33	1
210	284	33	1
211	284	33	1
224	284	33	1
229	284	33	3
236	284	33	1
237	284	33	1
244	284	33	1
246	284	33	1
254	284	33	1
176	285	33	1
208	285	33	1
212	285	33	1
220	285	33	1
221	285	33	1
236	285	33	1
237.5	285.5	33.5	1
241	285	33	2
188	286	33	1
201	286	33	1
203	286	33	1
209	286	33	1
221	286	33	1
223	286	33	1
228	286	33	3
230	286	33	1
249	286	33	1
205	287	33	1
220	287	33	1
245	287	33	1
246	287	33	2
219	288	33	2
223	288	33	1
226	288	33	1
231	288	33	1
247	288	33	2
248	288	33	2
249	288	33	3
255	288	33	2
184	289	33	1
186	289	33	1
205	289	33	2
223	289	33	1
234	289	33	1
245	289	33	1
249	289	33	1
250	289	33	1
253	289	33	1
187	290	33	1
202	290	33	1
207	290	33	1
230	290	33	1
242	290	33	1
198	291	33	1
231	291	33	2
233	291	33	1
234	291	33	1
237	291	33	1
238	291	33	1
242	291	33	1
244	291	33	1
245	291	33	1
257	291	33	1
183	292	33	1
201	292	33	1
226	292	33	1
229	292	33	1
232	292	33	1
246	292	33	1
247	292	33	2
231	293	33	1
239	293	33	1
246	293	33	1
248	293	33	1
180	294	33	1
228	294	33	1
236	294	33	2
239	294	33	1
197	295	33	1
201	295	33	1
218	295	33	1
225	295	33	1
229	295	33	1
237	295	33	1
246	295	33	1
247	295	33	1
248	295	33	1
250	295	33	2
253	295	33	1
179	296	33	1
229	296	33	1
233	296	33	1
235	296	33	1
237	296	33	1
195	297	33	1
197	297	33	1
224	297	33	1
226	297	33	1
228	297	33	1
231	297	33	1
240	297	33	1
245	297	33	1
246	297	33	2
195	298	33	1
200	298	33	1
228	298	33	1
235	298	33	2
242	298	33	1
227	299	33	2
230	299	33	1
242	299	33	1
247	299	33	1
196	300	33	1
225	300	33	1
230	300	33	1
231	300	33	1
237	300	33	1
224	301	33	1
226	301	33	1
229	301	33	1
236	301	33	2
237	301	33	2
239	301	33	1
241	301	33	1
242	301	33	1
245	301	33	1
209	302	33	2
223	302	33	1
230	302	33	2
234	302	33	1
245	302	33	1
207	303	33	1
222	303	33	1
236	303	33	1
220	304	33	1
231	304	33	1
232	304	33	1
236	304	33	1
237	304	33	1
243	304	33	1
207	305	33	1
208	305	33	2
225	305	33	1
238	305	33	1
223	306	33	1
230	306	33	1
232	306	33	1
235	306	33	2
236	306	33	1
237	306	33	1
238	306	33	1
242	306	33	1
222	307	33	2
224	307	33	1
225	307	33	2
233	307	33	1
234	307	33	1
222	308	33	2
227	308	33	2
235	308	33	1
237	308	33	2
239	308	33	2
240	308	33	1
232	309	33	1
233	309	33	1
234	309	33	1
237	309	33	1
217	310	33	1
224	310	33	2
225	310	33	1
228	310	33	2
229	310	33	1
231	310	33	1
234	310	33	1
238	310	33	1
239	310	33	2
224	311	33	1
226	311	33	1
228	311	33	1
232	311	33	1
231	312	33	2
228	313	33	1
230	313	33	1
234	313	33	2
236	313	33	1
237	313	33	1
232	314	33	1
236	314	33	1
230	318	33	1
228	251	34	1
229	251	34	1
227	252	34	2
216	253	34	1
227	253	34	1
229	253	34	1
227	254	34	2
233	254	34	1
239	254	34	1
220	255	34	2
223	255	34	1
190	256	34	1
215	256	34	1
216	256	34	1
218	256	34	1
219	256	34	1
225	256	34	1
237	256	34	1
243	256	34	1
210	257	34	1
216	257	34	1
217	257	34	1
218	257	34	2
223	257	34	1
227	257	34	1
228	257	34	1
241	257	34	1
217	258	34	1
223	258	34	1
224	258	34	2
233	258	34	1
241	258	34	1
242	258	34	1
217	259	34	1
219	259	34	1
222	259	34	1
226	259	34	1
229	259	34	1
232	259	34	3
235	259	34	1
244	259	34	1
211	260	34	1
215	260	34	1
223	260	34	2
226	260	34	1
235	260	34	1
236	260	34	1
238	260	34	1
243	260	34	1
245	260	34	1
188	261	34	1
217	261	34	1
221	261	34	2
225	261	34	1
231	261	34	2
240	261	34	1
194	262	34	1
211	262	34	2
216	262	34	1
221	262	34	2
234	262	34	1
244	262	34	1
246	262	34	2
189	263	34	1
192	263	34	1
197	263	34	1
211	263	34	3
216	263	34	1
218	263	34	2
219	263	34	1
223	263	34	2
225	263	34	1
241	263	34	1
251	263	34	1
191	264	34	1
202	264	34	1
206	264	34	1
213	264	34	1
220	264	34	1
226	264	34	1
229	264	34	2
234	264	34	2
237	264	34	1
239	264	34	1
240	264	34	1
247	264	34	1
248	264	34	1
190	265	34	1
191	265	34	1
193	265	34	2
203	265	34	1
204	265	34	2
205	265	34	1
213	265	34	2
221	265	34	1
222	265	34	1
231	265	34	1
241	265	34	1
243	265	34	1
251	265	34	1
188	266	34	1
197	266	34	1
208	266	34	1
210	266	34	1
211	266	34	2
225	266	34	3
237	266	34	1
240	266	34	1
249	266	34	1
250	266	34	1
251	266	34	1
183	267	34	1
191	267	34	1
209	267	34	1
214	267	34	1
216	267	34	1
225	267	34	1
229	267	34	1
230	267	34	1
235	267	34	2
173	268	34	2
193	268	34	1
195	268	34	1
207	268	34	1
214	268	34	1
240	268	34	1
247	268	34	1
249	268	34	2
250	268	34	1
176	269	34	1
183	269	34	1
188	269	34	1
197	269	34	1
213	269	34	1
216	269	34	1
217	269	34	2
218	269	34	2
232	269	34	1
233	269	34	1
243	269	34	1
250	269	34	1
252	269	34	1
180	270	34	1
186	270	34	1
188	270	34	1
195	270	34	3
199	270	34	1
216	270	34	1
217	270	34	1
218	270	34	1
248	270	34	1
251	270	34	2
182	271	34	1
185	271	34	1
188	271	34	1
189	271	34	1
209	271	34	1
211	271	34	1
215	271	34	1
218	271	34	1
242	271	34	1
243	271	34	1
244	271	34	1
245	271	34	2
246	271	34	1
198	272	34	1
211	272	34	1
216	272	34	1
227	272	34	1
229	272	34	1
238	272	34	1
239	272	34	1
240	272	34	1
247	272	34	1
173	273	34	1
182	273	34	1
184	273	34	1
207	273	34	1
208	273	34	1
210	273	34	1
218	273	34	1
241	273	34	1
245	273	34	1
248	273	34	1
170	274	34	1
183	274	34	1
185	274	34	1
197	274	34	1
207	274	34	1
209	274	34	1
210	274	34	2
226	274	34	1
229	274	34	1
234	274	34	1
236	274	34	1
250	274	34	1
179	275	34	1
183	275	34	1
185	275	34	1
203	275	34	1
217	275	34	1
239	275	34	1
174	276	34	1
184	276	34	2
208	276	34	2
211	276	34	2
235	276	34	1
245	276	34	1
184	277	34	1
186	277	34	1
203	277	34	1
204	277	34	1
205	277	34	2
211	277	34	1
229	277	34	1
244	277	34	1
178	278	34	1
201	278	34	1
205	278	34	2
207	278	34	1
239	278	34	2
244	278	34	1
174	279	34	1
175	279	34	1
176	279	34	1
192	279	34	1
210	279	34	1
214	279	34	1
217	279	34	1
219	279	34	1
238	279	34	1
176	280	34	1
207	280	34	1
209	280	34	1
210	280	34	2
212	280	34	1
215	280	34	1
221	280	34	1
239	280	34	1
240	280	34	1
248	280	34	1
175	281	34	1
177	281	34	1
179	281	34	1
180	281	34	2
204	281	34	2
221	281	34	1
228	281	34	1
229	281	34	2
241	281	34	1
245	281	34	1
179	282	34	1
181	282	34	1
208	282	34	1
212	282	34	1
215	282	34	1
224	282	34	1
229	282	34	2
235	282	34	2
192	283	34	1
207	283	34	1
230	283	34	1
237	283	34	1
238	283	34	1
243	283	34	1
251	283	34	1
176	284	34	1
178	284	34	1
203	284	34	1
208	284	34	1
211	284	34	1
219	284	34	1
220	284	34	1
224	284	34	1
234	284	34	1
238	284	34	1
243	284	34	1
254	284	34	1
176	285	34	1
177	285	34	1
179	285	34	1
204	285	34	1
205	285	34	1
211	285	34	2
219	285	34	2
223	285	34	1
237	285	34	1
189	286	34	1
190	286	34	1
199	286	34	1
202	286	34	1
208	286	34	1
209	286	34	1
222	286	34	1
228	286	34	1
234	286	34	1
237	286	34	1
240	286	34	1
243	286	34	1
247	286	34	1
248	286	34	1
255	286	34	1
207	287	34	1
219	287	34	1
222	287	34	1
224	287	34	1
231	287	34	1
234	287	34	1
245	287	34	1
247	287	34	2
251	287	34	1
252	287	34	1
176	288	34	2
184	288	34	1
185	288	34	1
206	288	34	1
224	288	34	1
227	288	34	1
230	288	34	1
237	288	34	1
238	288	34	2
246	288	34	1
247	288	34	1
255	288	34	1
186	289	34	1
198	289	34	1
219	289	34	1
223	289	34	1
224	289	34	1
226	289	34	1
230	289	34	1
242	289	34	1
246	289	34	2
248	289	34	1
185	290	34	1
198	290	34	3
233	290	34	1
244	290	34	1
248	290	34	1
203	291	34	1
222	291	34	1
231	291	34	1
236	291	34	1
242	291	34	1
244	291	34	1
247	291	34	1
255	291	34	1
199	292	34	1
204	292	34	1
227	292	34	1
229	292	34	1
232	292	34	1
188	293	34	1
190	293	34	1
204	293	34	1
205	293	34	2
224	293	34	2
229	293	34	1
233	293	34	1
237	293	34	2
251	293	34	1
217	294	34	1
236	294	34	1
245	294	34	1
179	295	34	1
192	295	34	1
198	295	34	1
203	295	34	1
204	295	34	1
225	295	34	1
228	295	34	1
238	295	34	1
239	295	34	1
244	295	34	1
182	296	34	1
183	296	34	1
194	296	34	1
200	296	34	1
201	296	34	2
221	296	34	1
228	296	34	1
230	296	34	2
236	296	34	1
238	296	34	1
243	296	34	1
194	297	34	1
200	297	34	1
202	297	34	1
219	297	34	1
229	297	34	1
232	297	34	1
234	297	34	1
244	297	34	1
245	297	34	1
182	298	34	1
234	298	34	1
235	298	34	1
242	298	34	1
251	298	34	1
198	299	34	1
199	299	34	1
226	299	34	2
227	299	34	1
228	299	34	1
232	299	34	1
236	299	34	1
241	299	34	1
242	299	34	1
245	299	34	2
224	300	34	1
230	300	34	1
242	300	34	1
197	301	34	1
207	301	34	1
224	301	34	1
236	301	34	1
245	301	34	1
236	302	34	1
237	302	34	1
239	302	34	1
225	303	34	1
227	303	34	1
240	303	34	1
243	303	34	1
244	303	34	1
245	303	34	1
232	304	34	1
236	304	34	1
237	304	34	1
241	304	34	1
243	304	34	1
223	305	34	1
228	305	34	1
232	305	34	2
236	305	34	2
222	306	34	1
227	306	34	1
233	306	34	1
234	306	34	1
236	306	34	1
242	306	34	1
244	306	34	1
206	307	34	2
225	307	34	1
230	307	34	2
222	308	34	1
225	308	34	2
226	308	34	1
236	308	34	1
237	308	34	1
239	308	34	1
243	308	34	1
224	309	34	2
227	309	34	1
234	309	34	1
235	309	34	2
237	309	34	1
224	310	34	1
226	310	34	3
227	310	34	1
229	310	34	1
234	310	34	1
238	310	34	1
241	310	34	1
228	311	34	1
221	312	34	2
230	312	34	1
226	313	34	2
227	313	34	1
231	313	34	1
233	313	34	1
225	314	34	2
227	315	34	1
232	316	34	1
233	316	34	1
227	317	34	1
211	318	34	1
237	318	34	1
226	250	35	1
228	250	35	1
229	250	35	1
226	253	35	1
219	254	35	1
224	254	35	1
230	254	35	2
235	254	35	1
226	255	35	1
216	256	35	1
240	256	35	1
216	257	35	1
223	257	35	1
225	257	35	1
226	257	35	1
237	257	35	1
243	257	35	1
217	258	35	1
222	258	35	2
225	258	35	1
234	258	35	1
201	259	35	1
221	259	35	1
223	259	35	1
227	259	35	1
229	259	35	1
240	259	35	1
210	260	35	2
214	260	35	1
222	260	35	1
225	260	35	1
231	260	35	1
238	260	35	1
241	260	35	1
245	260	35	1
188	261	35	1
216	261	35	1
218	261	35	1
224	261	35	1
227	261	35	1
236	261	35	2
237	261	35	1
238	261	35	1
244	261	35	1
210	262	35	2
211	262	35	1
215	262	35	1
226	262	35	1
228	262	35	1
233	262	35	1
236	262	35	1
237	262	35	1
240	262	35	1
189	263	35	1
192	263	35	1
205	263	35	1
211	263	35	1
213	263	35	1
214	263	35	2
218	263	35	1
224	263	35	1
225	263	35	1
227	263	35	1
228	263	35	1
234	263	35	1
237	263	35	2
244	263	35	1
245	263	35	1
248	263	35	1
250	263	35	1
191	264	35	1
211	264	35	1
220	264	35	1
226	264	35	1
230	264	35	2
232	264	35	1
233	264	35	1
240	264	35	1
193	265	35	1
195	265	35	1
205	265	35	1
212	265	35	1
213	265	35	1
214	265	35	1
225	265	35	1
226	265	35	1
245	265	35	1
247	265	35	1
178	266	35	1
187	266	35	1
191	266	35	1
195	266	35	1
196	266	35	1
204	266	35	1
206	266	35	1
208	266	35	1
214	266	35	1
226	266	35	1
228	266	35	1
234	266	35	1
238	266	35	1
241	266	35	3
245	266	35	1
251	266	35	1
176	267	35	1
187	267	35	1
206	267	35	1
210	267	35	1
215	267	35	1
218	267	35	1
223	267	35	1
225	267	35	1
232	267	35	1
235	267	35	1
238	267	35	1
243	267	35	1
177	268	35	1
183	268	35	1
186	268	35	1
193	268	35	1
194	268	35	1
195	268	35	1
206	268	35	1
209	268	35	1
215	268	35	1
223	268	35	2
229	268	35	2
234	268	35	1
248	268	35	1
250	268	35	1
172	269	35	1
174	269	35	2
178	269	35	1
185	269	35	1
197	269	35	1
202	269	35	1
213	269	35	1
214	269	35	1
217	269	35	1
222	269	35	1
232	269	35	1
238	269	35	2
239	269	35	1
244	269	35	2
248	269	35	1
186	270	35	1
187	270	35	2
189	270	35	1
190	270	35	1
194	270	35	1
199	270	35	1
210	270	35	1
235	270	35	1
237	270	35	1
239	270	35	2
241	270	35	1
173	271	35	1
177	271	35	2
183	271	35	1
195	271	35	1
199	271	35	1
206	271	35	2
213	271	35	1
218	271	35	1
235	271	35	1
245	271	35	1
173	272	35	1
183	272	35	1
184	272	35	3
197	272	35	1
203	272	35	1
209	272	35	1
210	272	35	1
213	272	35	1
215	272	35	1
216	272	35	1
232	272	35	1
233	272	35	1
239	272	35	1
240	272	35	1
244	272	35	1
179	273	35	1
181	273	35	2
183	273	35	3
184	273	35	1
185	273	35	1
205	273	35	1
208	273	35	1
228	273	35	1
232	273	35	1
238	273	35	1
241	273	35	1
171	274	35	1
176	274	35	1
179	274	35	1
181	274	35	1
196	274	35	1
203	274	35	1
207	274	35	1
211	274	35	1
228	274	35	2
231	274	35	1
241	274	35	1
250	274	35	2
176	275	35	1
184	275	35	1
185	275	35	1
186	275	35	1
205	275	35	1
213	275	35	1
219	275	35	1
220	275	35	2
175	276	35	1
211	276	35	3
218	276	35	1
221	276	35	1
232	276	35	1
233	276	35	1
239	276	35	1
244	276	35	3
173	277	35	1
175	277	35	1
204	277	35	1
205	277	35	1
215	277	35	1
235	277	35	1
237	277	35	1
238	277	35	1
171	278	35	1
183	278	35	1
188	278	35	1
190	278	35	1
198	278	35	1
204	278	35	1
215	278	35	1
216	278	35	1
222	278	35	1
223	278	35	1
229	278	35	1
236	278	35	1
245	278	35	1
179	279	35	2
184	279	35	1
193	279	35	1
204	279	35	1
205	279	35	1
217	279	35	1
221	279	35	1
222	279	35	2
233	279	35	1
234	279	35	1
235	279	35	1
238	279	35	1
174	280	35	2
199	280	35	1
208	280	35	1
211	280	35	1
215	280	35	1
217	280	35	1
221	280	35	1
223	280	35	1
232	280	35	1
233	280	35	1
245	280	35	1
179	281	35	1
191	281	35	1
207	281	35	1
213	281	35	1
214	281	35	1
223	281	35	1
224	281	35	1
228	281	35	1
235	281	35	1
248	281	35	2
175	282	35	1
187	282	35	1
203	282	35	2
210	282	35	1
215	282	35	2
216	282	35	1
220	282	35	2
229	282	35	1
242	282	35	1
171	283	35	1
175	283	35	1
180	283	35	2
181	283	35	1
183	283	35	1
187	283	35	2
190	283	35	2
191	283	35	1
202	283	35	2
207	283	35	1
208	283	35	2
210	283	35	1
214	283	35	2
220	283	35	1
221	283	35	1
222	283	35	1
223	283	35	1
226	283	35	1
233	283	35	1
246	283	35	2
247	283	35	3
250	283	35	1
180	284	35	1
184	284	35	1
186	284	35	1
191	284	35	1
207	284	35	1
208	284	35	1
212	284	35	1
214	284	35	1
218	284	35	1
229	284	35	1
230	284	35	1
234	284	35	1
236	284	35	1
244	284	35	1
247	284	35	1
248	284	35	1
177	285	35	1
187	285	35	1
207	285	35	1
222	285	35	1
248	285	35	1
250	285	35	1
174	286	35	1
175	286	35	1
185	286	35	2
187	286	35	1
196	286	35	1
207	286	35	1
209	286	35	1
215	286	35	1
218	286	35	1
225	286	35	1
227	286	35	1
229	286	35	1
231	286	35	1
243	286	35	1
248	286	35	1
175	287	35	1
186	287	35	1
190	287	35	1
194	287	35	2
196	287	35	1
204	287	35	1
220	287	35	1
225	287	35	2
226	287	35	1
228	287	35	3
229	287	35	1
236	287	35	1
239	287	35	1
186	288	35	1
204	288	35	1
221	288	35	1
224	288	35	1
232	288	35	1
236	288	35	2
242	288	35	1
246	288	35	2
176	289	35	2
177	289	35	1
184	289	35	3
193	289	35	1
195	289	35	1
205	289	35	1
224	289	35	1
235	289	35	1
236	289	35	1
237	289	35	1
239	289	35	1
241	289	35	2
247	289	35	1
185	290	35	1
197	290	35	1
201	290	35	2
220	290	35	1
235	290	35	1
243	290	35	1
183	291	35	1
194	291	35	1
204	291	35	1
229	291	35	1
230	291	35	1
231	291	35	1
234	291	35	1
237	291	35	1
239	291	35	1
242	291	35	1
244	291	35	1
247	291	35	1
197	292	35	1
198	292	35	1
199	292	35	1
200	292	35	1
220	292	35	1
229	292	35	1
232	292	35	1
238	292	35	1
245	292	35	2
247	292	35	1
250	292	35	1
185	293	35	1
195	293	35	1
196	293	35	1
197	293	35	1
198	293	35	3
206	293	35	2
223	293	35	2
227	293	35	1
236	293	35	1
239	293	35	1
242	293	35	1
181	294	35	1
190	294	35	1
195	294	35	1
197	294	35	1
199	294	35	1
204	294	35	1
218	294	35	1
222	294	35	3
226	294	35	2
231	294	35	1
236	294	35	2
241	294	35	1
184	295	35	1
204	295	35	1
230	295	35	1
231	295	35	1
242	295	35	1
247	295	35	1
248	295	35	1
249	295	35	1
180	296	35	1
205	296	35	1
219	296	35	1
221	296	35	1
222	296	35	1
229	296	35	1
235	296	35	1
236	296	35	1
245	296	35	2
196	297	35	1
219	297	35	1
225	297	35	1
226	297	35	1
228	297	35	1
237	297	35	1
238	297	35	1
181	298	35	2
219	298	35	1
228	298	35	1
234	298	35	1
244	298	35	1
246	298	35	1
247	298	35	1
195	299	35	1
199	299	35	1
200	299	35	1
202	299	35	1
229	299	35	1
236	299	35	1
240	299	35	1
245	299	35	1
194	300	35	1
195	300	35	1
197	300	35	1
226	300	35	1
229	300	35	1
235	300	35	4
239	300	35	1
231	301	35	1
235	301	35	1
236	301	35	1
237	301	35	1
238	301	35	2
243	301	35	1
200	302	35	1
223	302	35	1
224	302	35	2
226	302	35	1
227	302	35	1
228	302	35	1
238	302	35	1
242	302	35	1
232	303	35	1
233	303	35	2
244	303	35	1
191	304	35	1
228	304	35	1
233	304	35	1
234	304	35	1
243	304	35	2
222	305	35	1
223	305	35	1
230	305	35	1
234	305	35	1
236	305	35	1
241	305	35	1
242	305	35	1
204	306	35	1
222	306	35	1
227	306	35	1
233	306	35	1
240	306	35	1
195	307	35	1
222	307	35	1
223	307	35	1
224	307	35	1
235	307	35	1
242	307	35	1
220	308	35	1
222	308	35	1
229	308	35	1
232	308	35	1
236	308	35	1
239	308	35	1
222	309	35	1
223	309	35	1
238	309	35	1
240	309	35	1
227	310	35	1
229	310	35	1
231	310	35	1
237	310	35	1
228	311	35	2
232	311	35	1
213	312	35	1
226	312	35	1
231	312	35	2
236	312	35	1
217	313	35	2
229	313	35	1
232	313	35	1
240	313	35	1
221	314	35	2
232	314	35	1
235	314	35	1
237	314	35	2
233	315	35	1
234	315	35	1
236	315	35	2
240	315	35	1
238	316	35	1
227	317	35	1
233	317	35	1
234	317	35	1
238	317	35	1
239	317	35	1
233	318	35	1
237	318	35	1
233	319	35	1
229	252	36	1
228	253	36	1
219	256	36	1
223	256	36	3
218	257	36	1
224	257	36	1
225	257	36	1
226	257	36	1
227	257	36	2
228	257	36	1
218	258	36	2
223	258	36	1
228	258	36	1
232	258	36	1
217	259	36	1
232	259	36	1
237	259	36	1
212	260	36	2
216	260	36	1
226	260	36	1
211	261	36	1
217	261	36	2
220	261	36	1
222	261	36	1
224	261	36	1
228	261	36	1
229	261	36	1
234	261	36	1
242	261	36	2
246	261	36	1
190	262	36	1
212	262	36	1
214	262	36	1
217	262	36	1
221	262	36	2
222	262	36	1
232	262	36	1
240	262	36	1
216	263	36	1
218	263	36	1
219	263	36	1
235	263	36	1
244	263	36	2
188	264	36	1
210	264	36	1
215	264	36	1
216	264	36	1
217	264	36	1
223	264	36	2
226	264	36	1
246	264	36	1
185	265	36	1
189	265	36	1
208	265	36	1
216	265	36	2
234	265	36	1
237	265	36	2
240	265	36	1
191	266	36	1
205	266	36	1
208	266	36	1
211	266	36	1
216	266	36	2
220	266	36	2
222	266	36	3
226	266	36	3
228	266	36	1
229	266	36	1
232	266	36	1
237	266	36	2
238	266	36	1
193	267	36	1
194	267	36	1
202	267	36	1
208	267	36	1
216	267	36	2
217	267	36	1
218	267	36	1
236	267	36	1
239	267	36	1
240	267	36	1
242	267	36	1
249	267	36	1
189	268	36	1
194	268	36	1
196	268	36	1
209	268	36	1
223	268	36	1
238	268	36	2
247	268	36	1
188	269	36	1
193	269	36	1
208	269	36	1
211	269	36	1
218	269	36	1
222	269	36	2
234	269	36	1
240	269	36	2
248	269	36	1
249	269	36	1
185	270	36	1
188	270	36	1
196	270	36	1
216	270	36	1
238	270	36	1
240	270	36	1
178	271	36	1
189	271	36	1
192	271	36	1
206	271	36	1
207	271	36	1
208	271	36	2
211	271	36	1
216	271	36	2
218	271	36	2
220	271	36	1
236	271	36	1
239	271	36	1
249	271	36	1
199	272	36	1
206	272	36	1
215	272	36	1
218	272	36	1
232	272	36	1
235	272	36	1
239	272	36	1
240	272	36	1
178	273	36	1
181	273	36	1
190	273	36	1
191	273	36	2
204	273	36	1
207	273	36	1
209	273	36	1
212	273	36	3
238	273	36	1
204	274	36	1
209	274	36	1
211	274	36	1
212	274	36	1
213	274	36	1
215	274	36	1
221	274	36	1
239	274	36	2
206	275	36	1
210	275	36	1
216	275	36	1
217	275	36	1
180	276	36	1
215	276	36	1
216	276	36	1
217	276	36	1
228	276	36	1
240	276	36	1
241	276	36	1
175	277	36	1
204	277	36	1
206	277	36	1
207	277	36	1
208	277	36	1
215	277	36	1
217	277	36	3
226	277	36	1
188	278	36	1
205	278	36	1
207	278	36	2
208	278	36	1
214	278	36	1
234	278	36	1
239	278	36	1
187	279	36	1
193	279	36	1
206	279	36	1
219	279	36	1
207	280	36	1
212	280	36	1
213	280	36	1
214	280	36	1
223	280	36	1
232	280	36	2
234	280	36	1
173	281	36	1
176	281	36	1
179	281	36	1
207	281	36	1
213	281	36	1
221	281	36	1
229	281	36	1
230	281	36	1
190	282	36	1
191	282	36	1
208	282	36	2
215	282	36	1
221	282	36	1
222	282	36	1
231	282	36	1
189	283	36	1
204	283	36	1
205	283	36	1
208	283	36	1
211	283	36	1
226	283	36	1
176	284	36	3
187	284	36	1
205	284	36	1
208	284	36	2
213	284	36	1
225	284	36	2
232	284	36	1
242	284	36	1
245	284	36	1
191	285	36	2
199	285	36	1
201	285	36	1
202	285	36	1
207	285	36	1
212	285	36	1
215	285	36	1
217	285	36	1
221	285	36	1
226	285	36	1
235	285	36	1
240	285	36	1
241	285	36	2
243	285	36	1
245	285	36	1
189	286	36	1
193	286	36	1
198	286	36	1
200	286	36	1
201	286	36	1
202	286	36	1
203	286	36	1
205	286	36	1
207	286	36	1
209	286	36	2
211	286	36	1
216	286	36	1
218	286	36	2
236	286	36	1
238	286	36	2
239	286	36	1
241	286	36	1
242	286	36	1
243	286	36	1
190	287	36	1
191	287	36	1
200	287	36	2
214	287	36	1
220	287	36	2
222	287	36	1
229	287	36	1
245	287	36	1
176	288	36	2
184	288	36	1
188	288	36	1
192	288	36	1
194	288	36	2
199	288	36	1
202	288	36	2
204	288	36	1
220	288	36	1
233	288	36	1
184	289	36	1
200	289	36	2
231	289	36	2
234	289	36	2
240	289	36	1
241	289	36	1
197	290	36	1
198	290	36	1
201	290	36	1
203	290	36	1
222	290	36	1
223	290	36	1
231	290	36	1
236	290	36	2
240	290	36	1
243	290	36	1
247	290	36	1
196	291	36	1
203	291	36	1
237	291	36	1
242	291	36	1
174	292	36	1
189	292	36	1
203	292	36	1
204	292	36	1
207	292	36	1
208	292	36	1
229	292	36	1
237	292	36	1
239	292	36	1
195	293	36	1
197	293	36	1
201	293	36	1
231	293	36	1
235	293	36	1
237	293	36	1
241	293	36	1
199	294	36	2
227	294	36	1
230	294	36	1
233	294	36	1
244	294	36	1
207	295	36	1
218	295	36	1
223	295	36	1
230	295	36	1
233	295	36	2
237	295	36	1
241	295	36	1
198	296	36	1
205	296	36	1
228	296	36	1
230	296	36	1
241	296	36	1
243	296	36	1
245	296	36	1
195	297	36	1
198	297	36	1
199	297	36	2
202	297	36	1
204	297	36	2
219	297	36	1
232	297	36	1
245	297	36	2
199	298	36	2
201	298	36	1
202	298	36	1
203	298	36	1
229	298	36	1
236	298	36	1
244	298	36	1
245	298	36	1
204	299	36	1
228	299	36	1
230	299	36	1
237	299	36	1
241	300	36	2
244	300	36	1
198	301	36	3
234	301	36	1
229	302	36	1
226	303	36	1
227	304	36	1
230	304	36	1
233	304	36	1
239	306	36	1
240	306	36	2
241	306	36	1
243	306	36	1
194	307	36	1
235	307	36	2
237	308	36	2
242	308	36	1
229	309	36	1
233	309	36	1
234	309	36	1
242	309	36	2
216	310	36	2
240	310	36	1
228	311	36	1
234	311	36	1
236	311	36	1
213	312	36	1
216	312	36	1
217	312	36	3
236	312	36	1
240	312	36	1
244	312	36	1
217	313	36	1
225	313	36	1
232	313	36	1
235	313	36	1
230	314	36	1
232	314	36	1
236	314	36	1
241	314	36	1
228	315	36	1
230	315	36	1
235	315	36	1
228	316	36	1
236	316	36	1
236	317	36	1
238	317	36	1
233	318	36	1
231	319	36	1
239	319	36	1
227	258	37	1
227	259	37	2
234	260	37	1
229	261	37	1
220	262	37	2
224	262	37	1
231	262	37	1
232	262	37	1
215	264	37	1
224	264	37	2
229	264	37	1
215	265	37	1
188	266	37	1
193	266	37	1
194	266	37	1
193	267	37	2
214	267	37	1
233	267	37	1
241	267	37	1
236	268	37	1
193	269	37	1
194	269	37	1
219	269	37	1
190	270	37	1
192	270	37	1
196	270	37	1
197	270	37	1
212	270	37	1
217	270	37	2
232	270	37	1
187	271	37	1
196	271	37	1
221	271	37	1
207	272	37	1
208	273	37	1
213	273	37	1
219	273	37	1
236	273	37	1
208	274	37	1
210	274	37	2
207	275	37	1
216	275	37	1
219	275	37	1
214	277	37	2
217	277	37	2
206	278	37	1
211	278	37	1
191	279	37	1
195	279	37	1
214	279	37	1
216	279	37	1
208	281	37	1
210	281	37	1
212	281	37	1
211	282	37	1
212	282	37	1
219	282	37	2
223	282	37	1
204	283	37	1
207	283	37	1
215	283	37	1
203	284	37	1
205	284	37	1
186	285	37	1
195	285	37	1
197	285	37	1
198	285	37	1
206	285	37	1
226	285	37	1
233	285	37	1
189	286	37	1
204	286	37	1
225	286	37	1
230	286	37	1
239	286	37	1
241	286	37	1
193	287	37	1
194	287	37	1
219	287	37	1
220	287	37	1
221	287	37	1
222	287	37	1
230	287	37	1
239	287	37	1
240	287	37	2
193	288	37	2
196	288	37	2
203	288	37	1
210	288	37	1
238	288	37	1
203	289	37	1
205	289	37	2
233	289	37	1
239	289	37	1
199	290	37	1
233	290	37	1
236	290	37	1
188	291	37	1
204	291	37	1
221	291	37	1
224	291	37	1
234	291	37	1
238	291	37	1
203	292	37	1
235	292	37	1
236	292	37	1
205	293	37	1
226	293	37	1
241	293	37	2
204	294	37	1
225	294	37	2
230	294	37	1
232	294	37	1
233	294	37	1
234	294	37	1
204	295	37	1
234	295	37	1
241	295	37	1
200	296	37	1
204	296	37	1
215	296	37	1
222	296	37	2
237	296	37	1
240	296	37	1
242	296	37	1
229	297	37	1
234	297	37	1
235	297	37	2
237	298	37	1
243	298	37	1
232	299	37	1
241	299	37	1
242	299	37	1
229	300	37	1
233	300	37	1
235	300	37	1
227	301	37	2
232	301	37	1
233	301	37	2
242	301	37	1
226	305	37	1
227	305	37	1
229	305	37	1
234	305	37	1
223	306	37	1
242	306	37	1
198	307	37	1
243	307	37	1
240	308	37	2
224	309	37	1
229	309	37	2
217	310	37	1
225	310	37	1
227	310	37	2
227	311	37	1
237	311	37	1
218	312	37	1
221	312	37	1
228	312	37	1
229	312	37	1
217	313	37	1
218	313	37	1
237	313	37	1
238	313	37	1
228	314	37	2
230	314	37	1
234	314	37	1
237	314	37	1
211	315	37	1
234	316	37	1
238	316	37	1
235	317	37	1
235	318	37	1
236	318	37	1
238	318	37	2
240	318	37	1
228	261	38	2
224	262	38	1
225	262	38	1
227	262	38	1
238	262	38	2
232	270	38	2
211	271	38	1
203	272	38	1
215	272	38	1
210	273	38	1
212	274	38	1
218	274	38	1
189	275	38	1
207	275	38	1
215	275	38	2
216	275	38	2
207	276	38	1
210	276	38	1
213	276	38	2
194	277	38	1
211	277	38	1
219	277	38	1
221	278	38	1
222	278	38	1
210	279	38	1
211	279	38	1
212	279	38	1
220	279	38	1
193	280	38	1
208	280	38	3
209	280	38	1
210	280	38	1
214	280	38	1
221	280	38	2
190	281	38	1
191	281	38	1
216	281	38	1
192	282	38	1
213	282	38	2
214	282	38	1
215	282	38	1
210	283	38	1
219	283	38	1
201	284	38	1
188	285	38	1
232	285	38	1
193	286	38	2
198	286	38	1
203	286	38	1
205	286	38	1
211	286	38	1
221	286	38	1
232	286	38	1
188	287	38	2
198	287	38	1
204	287	38	1
217	287	38	1
219	287	38	2
220	287	38	1
222	287	38	1
230	287	38	1
197	288	38	1
236	288	38	1
190	289	38	1
193	289	38	2
195	289	38	1
201	289	38	1
217	289	38	1
231	289	38	1
233	289	38	1
188	290	38	2
191	290	38	1
216	290	38	1
223	290	38	1
189	291	38	1
192	291	38	1
200	291	38	2
206	291	38	1
210	291	38	1
222	291	38	1
233	291	38	1
189	292	38	1
192	292	38	1
194	292	38	1
220	292	38	1
232	292	38	1
237	292	38	1
239	292	38	1
224	293	38	1
226	293	38	1
229	293	38	1
239	293	38	1
240	293	38	1
202	294	38	1
237	294	38	1
242	294	38	1
203	295	38	1
207	295	38	1
230	295	38	1
234	295	38	1
235	295	38	2
201	296	38	1
204	296	38	1
206	296	38	2
222	296	38	1
232	296	38	1
237	296	38	1
243	296	38	1
203	297	38	1
219	297	38	1
220	297	38	1
224	297	38	1
231	297	38	2
216	298	38	1
237	298	38	2
243	298	38	2
196	299	38	2
203	299	38	2
204	299	38	1
226	299	38	1
232	299	38	1
235	299	38	1
240	299	38	1
225	300	38	1
227	300	38	1
240	300	38	1
234	301	38	1
232	302	38	1
233	302	38	2
234	302	38	2
239	302	38	1
227	303	38	1
231	303	38	2
233	303	38	2
241	303	38	1
225	304	38	1
230	304	38	1
231	304	38	1
232	304	38	1
233	304	38	1
237	304	38	1
226	305	38	1
230	305	38	1
234	305	38	1
235	305	38	2
241	305	38	2
229	306	38	1
239	306	38	1
193	307	38	2
234	307	38	1
239	307	38	1
229	308	38	1
240	308	38	1
206	309	38	1
227	309	38	1
228	309	38	1
229	309	38	1
242	309	38	1
243	309	38	1
244	309	38	1
217	310	38	1
227	310	38	1
228	310	38	1
230	310	38	3
233	310	38	1
214	311	38	1
221	311	38	1
222	311	38	1
217	312	38	1
219	312	38	1
220	312	38	1
221	312	38	2
229	312	38	1
239	312	38	1
216	313	38	1
217	313	38	1
228	313	38	1
235	313	38	1
245	313	38	2
200	314	38	1
219	314	38	1
238	314	38	2
239	314	38	1
241	314	38	1
213	315	38	2
214	315	38	1
220	315	38	1
221	315	38	1
227	315	38	1
229	315	38	1
230	315	38	2
235	315	38	1
236	315	38	2
243	315	38	1
234	316	38	1
214	317	38	1
231	317	38	1
236	317	38	1
239	317	38	1
212	318	38	1
231	318	38	1
232	318	38	1
236	318	38	2
240	318	38	3
230	319	38	1
232	319	38	1
239	319	38	1
232	320	38	1
212	321	38	1
233	321	38	1
220	323	38	1
237	265	39	1
191	268	39	1
194	270	39	1
215	273	39	1
214	275	39	1
216	275	39	2
214	277	39	2
220	278	39	1
214	282	39	2
215	282	39	2
219	282	39	1
237	283	39	2
205	284	39	1
187	286	39	1
203	286	39	2
205	286	39	2
188	287	39	1
190	287	39	1
207	287	39	1
187	288	39	2
206	288	39	1
218	288	39	2
189	289	39	1
203	289	39	1
199	291	39	1
207	291	39	1
225	291	39	2
233	291	39	1
239	291	39	1
240	291	39	1
188	292	39	1
212	292	39	1
213	292	39	1
230	292	39	2
239	292	39	1
242	292	39	1
199	293	39	2
207	293	39	1
209	293	39	1
234	293	39	1
238	293	39	1
204	294	39	1
205	294	39	1
213	294	39	2
221	294	39	1
230	294	39	1
234	294	39	2
236	295	39	1
241	295	39	1
202	296	39	1
205	296	39	1
219	296	39	1
222	296	39	1
223	296	39	2
228	296	39	1
234	296	39	1
236	296	39	1
237	296	39	1
240	296	39	1
198	297	39	2
199	297	39	1
205	297	39	1
223	297	39	3
240	297	39	1
214	298	39	1
225	298	39	1
230	298	39	1
232	298	39	1
224	299	39	1
229	299	39	1
231	299	39	2
214	300	39	2
233	300	39	1
240	300	39	1
224	301	39	1
233	301	39	1
238	301	39	1
233	302	39	1
226	303	39	1
230	303	39	1
236	305	39	1
238	305	39	1
242	305	39	1
210	306	39	1
224	306	39	1
229	306	39	1
236	306	39	1
242	306	39	1
227	307	39	1
232	307	39	1
216	308	39	1
221	308	39	2
241	308	39	1
195	309	39	1
221	309	39	1
227	309	39	1
232	309	39	1
196	310	39	1
221	310	39	1
224	310	39	1
226	310	39	2
234	310	39	1
211	311	39	1
217	311	39	2
220	311	39	1
221	311	39	1
226	311	39	2
229	311	39	1
244	311	39	1
217	312	39	2
230	312	39	1
239	312	39	1
218	313	39	1
236	313	39	1
239	313	39	3
241	313	39	1
243	313	39	1
238	314	39	1
238	315	39	1
239	315	39	1
242	315	39	1
243	315	39	3
245	315	39	1
229	316	39	2
233	316	39	2
211	317	39	1
232	317	39	1
235	317	39	2
236	317	39	1
229	318	39	2
235	318	39	1
230	319	39	1
214	320	39	1
215	321	39	1
219	321	39	1
230	321	39	2
230	322	39	2
197	328	39	1
201	278	40	2
190	283	40	1
192	283	40	4
197	283	40	1
195	284	40	1
197	284	40	1
198	286	40	1
206	286	40	1
193	288	40	1
192	289	40	2
191	291	40	1
196	291	40	1
192	292	40	1
193	292	40	1
208	292	40	1
210	292	40	2
235	292	40	1
192	293	40	1
194	293	40	1
207	293	40	1
225	293	40	1
229	293	40	1
207	294	40	1
209	294	40	1
221	294	40	1
227	294	40	1
225	295	40	1
198	296	40	1
200	296	40	1
203	296	40	1
205	296	40	1
206	296	40	1
215	296	40	1
236	296	40	1
240	296	40	1
221	297	40	1
229	297	40	1
241	297	40	2
228	298	40	1
235	298	40	1
229	299	40	1
230	299	40	1
231	299	40	1
225	300	40	1
229	300	40	1
228	301	40	1
229	301	40	1
236	301	40	1
219	302	40	1
224	302	40	1
235	304	40	2
241	304	40	1
229	305	40	1
232	305	40	1
234	305	40	1
242	305	40	1
214	306	40	1
225	306	40	1
226	306	40	1
241	306	40	1
194	307	40	1
241	307	40	1
242	307	40	2
243	307	40	1
224	308	40	1
225	308	40	1
228	308	40	1
239	308	40	1
240	308	40	1
226	309	40	2
219	310	40	1
222	310	40	1
239	310	40	1
242	310	40	1
220	311	40	1
231	311	40	1
234	311	40	1
238	311	40	2
232	312	40	1
235	312	40	2
215	313	40	1
217	313	40	1
223	313	40	1
234	313	40	2
238	313	40	1
215	314	40	2
217	314	40	1
236	314	40	1
239	314	40	1
229	315	40	1
230	315	40	2
238	315	40	1
227	317	40	1
236	317	40	1
220	318	40	1
240	318	40	1
241	318	40	1
243	318	40	1
215	319	40	1
242	319	40	1
243	319	40	1
221	320	40	1
223	320	40	1
230	320	40	1
228	323	40	1
213	329	40	1
195	294	41	1
213	294	41	1
199	296	41	1
235	301	41	1
228	304	41	1
243	304	41	1
221	305	41	1
222	306	41	1
224	306	41	2
227	306	41	1
228	306	41	1
223	307	41	1
224	308	41	1
225	308	41	1
226	308	41	1
241	308	41	1
196	309	41	1
225	309	41	1
239	309	41	1
196	310	41	1
219	310	41	1
231	310	41	1
222	311	41	1
233	311	41	2
216	312	41	1
234	312	41	1
220	314	41	1
232	314	41	2
249	314	41	1
243	315	41	3
240	316	41	1
241	316	41	1
221	317	41	1
242	317	41	1
240	318	41	1
243	318	41	1
246	318	41	2
223	319	41	1
230	319	41	1
245	319	41	1
230	320	41	1
231	320	41	1
240	320	41	2
230	321	41	1
231	322	41	2
214	326	41	1
231	300	42	1
213	302	42	1
221	302	42	1
223	302	42	2
220	304	42	1
231	306	42	1
239	306	42	2
226	307	42	1
220	308	42	1
227	308	42	2
241	308	42	2
220	309	42	1
224	309	42	1
226	309	42	1
238	310	42	1
240	310	42	1
220	311	42	1
236	311	42	1
242	311	42	1
218	312	42	2
220	312	42	1
221	312	42	1
241	312	42	1
217	313	42	1
221	313	42	1
223	313	42	1
224	313	42	1
244	313	42	1
221	314	42	1
226	314	42	1
219	315	42	1
222	315	42	1
230	315	42	2
238	316	42	1
243	316	42	1
218	317	42	1
219	317	42	1
221	317	42	1
223	317	42	2
227	317	42	2
240	317	42	1
220	318	42	1
231	318	42	1
240	318	42	1
246	318	42	1
228	319	42	1
229	319	42	1
231	319	42	1
230	320	42	1
231	320	42	1
241	320	42	1
239	321	42	1
220	308	43	1
223	308	43	1
242	309	43	1
217	310	43	1
218	310	43	1
219	310	43	2
222	311	43	1
225	311	43	1
236	311	43	1
211	312	43	1
204	316	43	1
223	316	43	1
227	317	43	1
218	318	43	1
229	321	43	1
219	306	44	1
220	308	44	1
223	308	44	2
225	311	44	1
220	315	44	2
230	315	44	1
204	316	44	1
222	316	44	1
225	317	44	1
227	317	44	1
230	318	44	1
229	321	44	1
220	312	45	1
142	222	20	1
175	223	20	1
153	225	20	1
159	225	20	1
119	226	20	1
156	226	20	1
178	227	20	1
158	228	20	1
118	229	20	1
158	229	20	1
127	230	20	1
115	232	20	1
144	233	20	1
204	234	20	1
136	235	20	2
151	235	20	1
204	237	20	1
140	238	20	1
168	238	20	1
139	239	20	1
141	239	20	1
165	239	20	1
131	241	20	1
157	241	20	1
121	242	20	1
128	242	20	1
130	243	20	1
118	244	20	2
207	244	20	1
121	245	20	1
169	245	20	1
182	245	20	1
235	247	20	1
163	248	20	1
175	248	20	1
169	249	20	1
101	250	20	1
121	250	20	1
157	250	20	1
220	251	20	1
120	253	20	1
139	253	20	1
140	253	20	1
154	253	20	1
222	253	20	1
148	254	20	1
180	254	20	1
248	254	20	1
246	255	20	1
198	256	20	1
241	256	20	1
262	256	20	1
170	257	20	1
197	257	20	1
132	258	20	1
231	258	20	1
232	258	20	2
203	259	20	1
127	260	20	1
130	260	20	1
140	261	20	1
142	261	20	1
166	263	20	1
162	265	20	1
170	266	20	2
172	266	20	1
168	267	20	1
121	268	20	1
167	268	20	1
212	269	20	1
155	270	20	1
177	270	20	1
162	271	20	1
120	272	20	1
162	272	20	1
181	272	20	1
167	273	20	1
131	275	20	2
268	275	20	1
137	276	20	2
170	276	20	1
130	277	20	1
262	277	20	1
129	278	20	1
152	278	20	1
208	278	20	1
217	279	20	2
222	279	20	1
173	280	20	1
175	280	20	1
169	281	20	2
227	281	20	1
170	283	20	1
265	284	20	1
109	285	20	1
119	285	20	1
205	285	20	1
236	286	20	1
224	287	20	1
179	289	20	1
143	290	20	1
173	290	20	1
250	290	20	1
163	291	20	1
242	292	20	1
265	292	20	1
148	293	20	1
126	294	20	1
222	294	20	1
120	296	20	1
256	297	20	3
270	297	20	1
114	302	20	1
206	302	20	1
252	302	20	1
187	303	20	1
194	303	20	1
203	304	20	1
236	304	20	1
127	306	20	1
236	306	20	1
241	306	20	1
246	306	20	1
211	307	20	1
229	307	20	1
130	309	20	1
238	309	20	1
263	309	20	1
245	310	20	1
263	310	20	1
201	311	20	1
264	311	20	1
258	312	20	1
263	312	20	1
158	313	20	1
100	314	20	1
268	314	20	1
124	315	20	1
194	315	20	1
240	315	20	1
263	315	20	1
98	316	20	1
115	317	20	1
145	317	20	1
232	317	20	1
233	317	20	1
98	318	20	1
121	318	20	1
258	318	20	1
140	319	20	1
168	320	20	1
234	320	20	1
180	322	20	1
226	322	20	1
257	322	20	1
186	323	20	1
194	323	20	1
214	323	20	2
149	324	20	1
173	324	20	1
194	324	20	1
200	324	20	1
111	325	20	1
188	325	20	1
195	325	20	1
216	325	20	1
258	325	20	1
194	326	20	1
199	326	20	1
219	326	20	1
139	327	20	1
233	327	20	1
179	328	20	1
106	329	20	1
124	330	20	1
198	332	20	1
209	332	20	1
232	332	20	1
260	332	20	1
160	334	20	1
237	335	20	1
239	335	20	1
163	336	20	1
207	336	20	1
222	336	20	1
217	337	20	1
167	341	20	1
214	341	20	1
227	342	20	1
194	343	20	1
178	344	20	1
244	344	20	1
240	345	20	1
187	346	20	1
186	349	20	1
169	350	20	1
212	353	20	1
208	354	20	1
210	355	20	1
175	359	20	1
199	361	20	1
193	364	20	1
146	228	21	1
154	229	21	1
217	235	21	1
132	237	21	1
136	237	21	1
144	237	21	1
200	238	21	1
141	240	21	1
215	241	21	1
245	245	21	2
216	249	21	2
220	251	21	1
219	252	21	1
252	258	21	1
163	259	21	1
163	262	21	1
161	265	21	1
164	267	21	1
124	269	21	1
178	269	21	1
117	270	21	1
174	271	21	1
182	272	21	1
120	273	21	1
166	273	21	1
177	273	21	1
176	274	21	1
219	276	21	1
267	276	21	1
169	279	21	1
177	279	21	1
216	279	21	1
220	279	21	1
219	280	21	1
215	282	21	1
217	283	21	1
219	290	21	1
178	291	21	2
193	294	21	1
218	294	21	1
269	294	21	1
140	295	21	1
126	296	21	1
194	297	21	1
262	297	21	1
214	300	21	1
264	302	21	1
235	304	21	1
242	305	21	1
231	308	21	1
100	309	21	1
209	309	21	1
265	309	21	1
227	312	21	1
258	313	21	1
260	313	21	1
163	315	21	1
258	315	21	1
232	317	21	1
187	322	21	1
180	324	21	1
187	324	21	1
181	325	21	1
187	325	21	1
190	325	21	1
202	325	21	1
156	327	21	1
147	328	21	1
202	328	21	1
157	329	21	1
121	334	21	1
178	336	21	1
260	336	21	1
180	338	21	1
215	341	21	1
243	345	21	1
195	361	21	1
162	230	22	1
130	237	22	1
216	239	22	1
146	240	22	1
137	241	22	1
139	241	22	1
150	241	22	1
149	243	22	1
132	246	22	1
216	249	22	1
228	256	22	1
163	257	22	1
237	257	22	1
162	259	22	1
162	260	22	1
121	268	22	1
165	268	22	1
154	274	22	1
227	275	22	1
176	278	22	2
190	278	22	1
172	282	22	1
226	282	22	1
226	285	22	1
217	297	22	1
220	297	22	1
211	301	22	1
236	305	22	1
205	307	22	1
238	307	22	1
261	320	22	1
182	321	22	1
191	321	22	1
181	322	22	1
185	322	22	1
259	322	22	1
185	323	22	1
259	323	22	1
196	324	22	1
188	325	22	1
94	331	22	1
175	225	23	1
157	229	23	1
157	231	23	1
158	231	23	1
144	236	23	1
133	238	23	1
145	241	23	1
142	244	23	1
224	253	23	2
162	255	23	1
163	256	23	1
197	259	23	1
122	269	23	1
240	269	23	1
173	275	23	1
172	276	23	1
174	277	23	1
177	278	23	1
179	279	23	1
169	281	23	1
174	282	23	1
176	284	23	1
268	292	23	2
217	294	23	1
215	299	23	1
264	303	23	1
240	311	23	1
175	312	23	1
263	312	23	1
257	314	23	1
254	318	23	1
258	318	23	1
166	319	23	1
259	319	23	1
187	321	23	1
256	321	23	1
178	324	23	1
192	326	23	1
97	328	23	2
259	329	23	1
259	330	23	1
146	335	23	1
242	345	23	1
182	221	24	1
178	223	24	1
149	232	24	1
153	232	24	1
135	234	24	1
136	236	24	1
137	236	24	1
140	236	24	1
146	236	24	1
150	237	24	1
132	238	24	1
148	238	24	1
150	238	24	1
133	239	24	1
145	239	24	1
146	240	24	1
141	243	24	1
141	244	24	1
139	247	24	1
222	251	24	1
225	252	24	2
199	258	24	2
118	260	24	1
196	261	24	1
118	262	24	1
117	263	24	1
121	263	24	2
126	266	24	1
169	280	24	1
172	280	24	1
204	285	24	1
269	292	24	1
235	300	24	1
238	301	24	1
263	302	24	1
262	305	24	1
202	308	24	1
264	308	24	1
260	309	24	1
206	311	24	1
231	311	24	1
235	311	24	2
257	312	24	1
177	313	24	1
173	315	24	1
260	315	24	1
253	318	24	1
261	319	24	1
166	320	24	1
241	322	24	1
157	329	24	1
185	329	24	1
261	329	24	1
96	330	24	1
103	330	24	1
105	330	24	1
181	336	24	1
186	360	24	1
180	222	25	1
179	223	25	2
161	232	25	1
142	235	25	1
143	235	25	1
144	235	25	1
133	236	25	1
133	237	25	1
134	237	25	1
136	239	25	1
131	243	25	2
229	250	25	1
225	253	25	1
175	276	25	1
165	279	25	1
170	279	25	1
273	279	25	1
176	281	25	1
268	298	25	1
206	311	25	1
263	312	25	1
257	314	25	1
260	317	25	1
188	327	25	1
180	223	26	1
157	229	26	1
144	234	26	1
246	234	26	1
136	238	26	1
136	240	26	1
226	243	26	1
223	248	26	1
120	268	26	1
121	269	26	1
122	269	26	1
176	275	26	1
172	276	26	1
176	279	26	1
169	281	26	1
260	311	26	1
262	314	26	1
240	322	26	1
186	360	26	1
155	231	27	1
161	232	27	1
243	239	27	1
139	240	27	1
233	245	27	1
122	257	27	1
174	277	27	1
275	281	27	1
165	282	27	1
271	291	27	1
177	294	27	1
266	303	27	1
203	309	27	1
259	312	27	1
210	315	27	1
260	320	27	1
96	328	27	1
186	357	27	1
115	228	28	1
166	231	28	2
146	235	28	1
246	235	28	1
138	236	28	1
249	236	28	1
249	237	28	1
179	241	28	2
233	243	28	1
231	245	28	1
124	252	28	2
134	257	28	1
122	268	28	1
170	271	28	2
171	277	28	1
175	279	28	1
274	281	28	1
197	295	28	1
179	299	28	1
207	308	28	1
209	315	28	1
239	321	28	1
96	327	28	1
112	228	29	1
142	237	29	1
115	240	29	1
235	242	29	3
186	244	29	1
236	246	29	1
123	270	29	1
171	275	29	1
174	278	29	1
172	280	29	1
276	281	29	1
161	282	29	1
274	282	29	1
235	304	29	1
205	313	29	1
258	313	29	1
207	314	29	1
239	320	29	1
243	320	29	1
96	328	29	1
96	333	29	1
191	346	29	1
181	239	30	1
178	241	30	1
179	241	30	1
181	242	30	1
184	244	30	1
127	256	30	1
126	258	30	1
250	258	30	1
257	261	30	1
136	263	30	1
258	268	30	1
122	271	30	1
165	271	30	1
169	279	30	1
275	282	30	1
163	284	30	1
162	288	30	1
98	330	30	1
220	362	30	1
187	241	31	1
179	242	31	1
176	243	31	1
127	256	31	1
147	257	31	1
133	258	31	1
255	259	31	1
131	260	31	1
129	265	31	1
257	266	31	1
259	266	31	1
126	268	31	2
134	270	31	1
142	273	31	1
141	275	31	1
164	284	31	1
166	285	31	1
198	306	31	1
206	309	31	1
187	310	31	1
203	311	31	1
210	311	31	1
200	315	31	1
211	317	31	1
96	328	31	1
98	329	31	1
96	333	31	1
113	226	32	1
114	226	32	1
173	244	32	1
180	245	32	1
186	245	32	1
133	259	32	1
128	260	32	1
258	265	32	2
165	268	32	1
124	269	32	1
127	269	32	1
262	269	32	1
125	271	32	1
276	281	32	1
276	282	32	2
163	283	32	1
162	287	32	1
118	303	32	2
187	308	32	1
205	308	32	1
198	311	32	1
112	312	32	1
210	319	32	1
212	320	32	1
238	323	32	1
194	244	33	1
200	246	33	1
133	257	33	1
258	260	33	1
129	266	33	1
261	274	33	1
162	282	33	1
160	283	33	1
161	284	33	1
164	285	33	1
166	287	33	1
161	291	33	1
117	301	33	1
187	311	33	1
245	314	33	1
246	314	33	1
119	318	33	1
238	321	33	1
100	329	33	1
193	333	33	1
214	341	33	1
212	344	33	1
199	346	33	1
183	349	33	1
177	360	33	1
174	243	34	1
179	245	34	1
212	247	34	1
136	254	34	1
138	256	34	1
139	256	34	1
131	258	34	1
137	258	34	1
148	258	34	1
126	263	34	1
158	267	34	1
158	272	34	1
164	277	34	1
163	279	34	1
158	280	34	1
259	282	34	1
161	290	34	1
165	297	34	1
173	301	34	1
117	302	34	1
248	302	34	1
177	305	34	1
182	306	34	1
112	309	34	1
112	311	34	1
113	311	34	1
114	311	34	1
110	312	34	1
112	316	34	1
245	318	34	1
96	329	34	1
96	331	34	1
98	333	34	1
199	333	34	1
201	334	34	1
202	334	34	1
200	344	34	1
205	345	34	1
201	352	34	1
207	352	34	1
180	355	34	1
180	360	34	1
218	362	34	1
117	230	35	2
138	238	35	1
139	238	35	1
258	259	35	1
131	261	35	1
256	261	35	1
131	263	35	1
146	264	35	1
157	264	35	2
264	265	35	1
127	267	35	1
153	267	35	1
142	273	35	1
146	274	35	1
166	276	35	1
149	278	35	1
163	279	35	1
125	280	35	1
125	282	35	1
161	283	35	1
160	285	35	1
123	287	35	1
124	295	35	1
174	300	35	1
118	304	35	1
119	305	35	1
182	307	35	1
116	310	35	2
191	311	35	1
248	312	35	1
245	314	35	1
95	327	35	1
200	331	35	1
189	336	35	1
214	339	35	1
212	342	35	1
213	351	35	1
198	353	35	1
176	357	35	1
125	235	36	1
140	238	36	1
165	239	36	1
141	241	36	1
171	245	36	1
137	252	36	1
141	254	36	1
140	255	36	1
144	255	36	1
256	258	36	1
128	260	36	1
128	261	36	1
132	263	36	1
130	264	36	1
264	265	36	1
264	266	36	1
260	273	36	1
163	277	36	1
161	279	36	2
262	281	36	2
124	286	36	1
127	286	36	1
158	286	36	2
171	298	36	1
259	298	36	1
121	302	36	1
179	303	36	1
189	310	36	1
130	320	36	1
186	324	36	1
237	325	36	1
199	337	36	1
198	339	36	1
211	339	36	1
187	350	36	1
185	352	36	1
183	356	36	1
116	228	37	1
175	229	37	1
127	233	37	2
126	234	37	1
119	235	37	1
137	236	37	2
138	237	37	1
139	238	37	1
141	241	37	1
143	242	37	1
175	243	37	1
208	258	37	1
209	260	37	1
244	260	37	1
131	264	37	1
128	265	37	1
154	268	37	1
150	270	37	1
146	272	37	1
249	272	37	2
132	274	37	1
160	274	37	1
165	274	37	1
142	278	37	1
258	280	37	1
259	282	37	1
125	283	37	1
259	294	37	1
259	295	37	1
175	299	37	1
176	303	37	1
261	304	37	1
116	306	37	1
148	315	37	1
150	315	37	1
153	317	37	1
119	318	37	1
146	319	37	1
116	320	37	1
138	320	37	1
139	322	37	1
192	324	37	1
238	324	37	1
185	333	37	1
192	344	37	1
203	346	37	1
212	348	37	1
212	349	37	1
211	350	37	1
214	350	37	1
215	352	37	1
213	353	37	1
183	354	37	1
174	230	38	1
122	231	38	1
136	233	38	1
134	234	38	1
167	240	38	1
128	241	38	1
171	242	38	1
124	243	38	1
138	243	38	1
140	243	38	1
125	245	38	1
123	246	38	1
174	246	38	2
131	252	38	1
134	253	38	1
148	253	38	1
132	254	38	1
143	254	38	1
143	255	38	1
250	258	38	1
149	262	38	1
150	263	38	1
158	263	38	1
263	263	38	1
146	268	38	1
133	272	38	1
134	276	38	1
126	280	38	1
136	284	38	1
259	294	38	1
251	297	38	1
259	298	38	1
175	302	38	1
125	304	38	1
259	305	38	1
180	306	38	1
125	310	38	1
122	314	38	1
119	315	38	1
114	317	38	1
115	317	38	1
119	317	38	1
116	318	38	1
120	318	38	1
150	320	38	2
242	325	38	2
189	347	38	1
177	356	38	2
113	220	39	1
137	234	39	1
144	236	39	1
167	236	39	1
199	237	39	1
143	238	39	1
162	239	39	1
135	240	39	1
127	242	39	1
171	243	39	1
139	244	39	1
143	244	39	1
172	246	39	1
133	249	39	1
140	250	39	1
141	253	39	1
169	253	39	1
156	256	39	1
139	257	39	1
147	258	39	1
151	258	39	1
134	259	39	1
148	259	39	1
152	261	39	1
166	261	39	1
156	262	39	1
132	263	39	1
150	263	39	1
167	263	39	1
145	264	39	1
146	265	39	1
147	266	39	1
134	268	39	1
143	269	39	2
135	272	39	1
251	272	39	1
134	273	39	1
141	274	39	1
145	276	39	1
147	277	39	1
128	279	39	1
152	279	39	1
141	281	39	1
138	282	39	1
130	283	39	1
254	290	39	1
139	293	39	1
258	294	39	1
170	295	39	1
250	297	39	1
168	300	39	1
172	301	39	2
172	302	39	1
177	303	39	1
260	310	39	1
120	316	39	1
141	317	39	1
148	317	39	1
141	318	39	1
144	320	39	1
153	330	39	1
149	331	39	1
218	331	39	1
183	334	39	1
156	335	39	1
195	335	39	1
192	347	39	1
213	348	39	1
210	349	39	1
215	353	39	1
113	219	40	1
114	219	40	1
203	232	40	1
195	235	40	2
115	236	40	1
168	236	40	1
140	237	40	1
166	238	40	1
197	238	40	1
145	240	40	1
162	240	40	1
137	250	40	1
154	254	40	1
139	257	40	1
146	257	40	1
156	257	40	1
156	259	40	1
148	260	40	1
149	260	40	1
154	260	40	2
144	262	40	1
151	263	40	1
166	263	40	1
160	264	40	1
146	266	40	1
253	268	40	1
252	269	40	1
134	270	40	1
146	270	40	2
143	272	40	1
147	272	40	1
166	273	40	1
131	276	40	1
161	278	40	1
141	279	40	2
253	279	40	1
134	280	40	1
158	284	40	1
158	286	40	1
160	286	40	2
257	291	40	1
138	292	40	1
121	295	40	1
121	297	40	1
142	301	40	1
172	301	40	1
129	303	40	1
180	304	40	1
116	316	40	1
174	326	40	1
217	332	40	1
221	332	40	1
186	335	40	2
244	335	40	1
223	339	40	1
211	342	40	1
196	343	40	1
209	344	40	1
193	345	40	1
204	345	40	1
209	345	40	1
174	357	40	1
173	360	40	1
144	225	41	1
140	233	41	1
204	233	41	1
140	234	41	1
199	234	41	1
151	236	41	1
167	236	41	1
204	236	41	1
165	237	41	1
141	239	41	1
162	240	41	1
166	244	41	1
230	250	41	1
230	251	41	2
214	255	41	1
210	256	41	1
143	257	41	1
213	257	41	1
154	258	41	1
139	259	41	1
144	259	41	1
150	260	41	1
170	260	41	1
148	261	41	1
254	261	41	1
207	262	41	1
162	263	41	1
167	263	41	1
153	265	41	1
164	268	41	1
248	268	41	1
146	271	41	1
148	271	41	1
203	271	41	2
139	272	41	1
228	272	41	2
150	273	41	1
151	274	41	1
141	275	41	1
146	276	41	1
147	276	41	1
211	276	41	1
136	278	41	1
141	280	41	1
153	280	41	1
130	282	41	1
160	283	41	1
215	284	41	1
137	288	41	1
139	288	41	1
137	297	41	1
252	297	41	1
166	299	41	1
172	301	41	1
97	302	41	1
139	303	41	1
122	304	41	1
141	304	41	1
130	306	41	2
126	308	41	1
124	309	41	1
141	317	41	1
181	326	41	1
252	326	41	1
249	327	41	1
156	328	41	1
179	329	41	1
175	330	41	1
251	330	41	1
173	331	41	1
175	331	41	1
153	334	41	1
238	335	41	1
215	336	41	1
251	337	41	1
222	338	41	1
215	339	41	1
207	344	41	1
218	346	41	1
220	350	41	1
233	351	41	1
237	351	41	1
210	353	41	1
200	363	41	1
139	228	42	1
147	234	42	1
141	235	42	1
144	236	42	1
164	236	42	1
165	236	42	1
199	236	42	1
159	237	42	1
162	237	42	1
176	244	42	1
157	257	42	1
175	257	42	1
173	258	42	1
169	260	42	1
157	261	42	1
167	261	42	1
168	261	42	1
168	264	42	1
252	264	42	1
124	266	42	1
143	268	42	1
213	272	42	1
142	273	42	1
155	275	42	1
154	276	42	1
131	278	42	1
164	279	42	1
133	291	42	1
134	292	42	1
153	292	42	1
138	293	42	1
138	294	42	1
134	295	42	1
136	297	42	1
136	298	42	1
166	298	42	1
138	303	42	1
168	304	42	1
130	307	42	1
143	307	42	1
143	310	42	1
141	311	42	1
141	316	42	1
150	321	42	1
176	327	42	2
252	327	42	1
186	328	42	1
150	329	42	1
180	331	42	1
187	331	42	1
242	331	42	1
176	332	42	1
126	333	42	1
131	333	42	1
178	333	42	1
189	334	42	1
194	336	42	1
127	337	42	1
139	228	43	1
141	232	43	1
143	237	43	1
140	238	43	1
138	239	43	1
143	239	43	1
169	245	43	1
216	258	43	1
170	260	43	1
171	260	43	1
158	262	43	1
144	264	43	1
143	268	43	1
147	268	43	1
211	273	43	1
153	274	43	1
131	275	43	1
142	275	43	2
148	277	43	1
151	278	43	1
161	280	43	1
152	281	43	1
152	283	43	1
141	284	43	1
137	286	43	1
139	286	43	1
141	286	43	1
256	293	43	1
134	295	43	1
131	296	43	1
131	302	43	1
135	302	43	1
130	303	43	1
140	304	43	2
144	312	43	1
114	321	43	1
138	324	43	1
150	324	43	1
156	328	43	1
132	331	43	1
189	331	43	2
192	332	43	4
218	336	43	1
249	337	43	1
211	343	43	1
211	344	43	1
208	354	43	1
206	358	43	1
204	362	43	1
138	228	44	1
140	228	44	1
135	230	44	1
137	231	44	1
159	236	44	2
158	260	44	1
175	261	44	1
147	263	44	1
149	263	44	1
143	269	44	1
148	269	44	1
211	274	44	1
143	275	44	1
166	275	44	1
156	276	44	1
145	277	44	1
155	279	44	1
164	279	44	1
154	281	44	2
154	282	44	1
148	283	44	1
145	293	44	1
144	294	44	1
140	296	44	1
223	296	44	1
168	300	44	1
140	302	44	1
144	306	44	1
170	309	44	1
170	310	44	1
133	326	44	1
133	328	44	1
213	336	44	1
209	351	44	1
176	258	45	1
144	272	45	2
152	282	45	1
151	284	45	1
143	295	45	1
138	301	45	1
127	302	45	1
131	303	45	1
139	304	45	1
180	318	45	2
176	327	45	1
211	345	45	1
209	347	45	1
158	260	46	1
139	273	46	1
146	275	46	1
163	275	46	1
215	280	46	1
146	281	46	1
154	282	46	1
204	292	46	1
146	294	46	1
136	298	46	1
137	301	46	1
195	315	46	1
183	328	46	1
222	342	46	1
175	324	47	1
207	355	47	1
140	224	49	1
147	245	49	1
144	271	49	1
146	276	49	1
147	279	49	1
214	282	49	1
140	293	49	1
136	298	49	1
135	302	49	1
145	316	49	1
204	348	49	1
234	246	50	1
162	253	50	1
150	276	50	1
148	296	50	1
131	306	50	1
198	337	50	1
