x	y	z	Vitamin B5 (pantothenate) metabolism
179	221	20	1
127	222	20	1
132	222	20	1
142	222	20	1
138	223	20	1
115	224	20	1
144	224	20	1
167	224	20	1
172	224	20	1
175	224	20	1
176	224	20	1
135	225	20	2
162	225	20	2
156	226	20	1
160	227	20	1
189	227	20	1
112	228	20	1
119	228	20	1
151	228	20	1
157	228	20	1
158	228	20	1
196	228	20	1
118	229	20	1
159	229	20	1
129	230	20	1
204	230	20	1
154	231	20	1
160	231	20	1
177	231	20	1
199	231	20	1
115	232	20	1
137	232	20	1
190	232	20	2
130	233	20	1
136	233	20	1
143	233	20	1
169	233	20	1
170	233	20	1
206	233	20	1
215	233	20	1
114	234	20	1
132	234	20	1
138	234	20	2
126	235	20	1
135	235	20	1
137	235	20	1
216	235	20	1
222	235	20	1
139	236	20	1
163	236	20	1
129	237	20	1
137	237	20	1
147	237	20	1
148	237	20	1
154	237	20	1
169	237	20	1
126	238	20	1
141	238	20	1
145	238	20	1
150	238	20	1
152	238	20	1
158	238	20	1
128	239	20	1
144	239	20	3
183	239	20	1
215	239	20	1
230	239	20	1
146	240	20	1
147	240	20	1
152	240	20	1
191	240	20	2
216	240	20	1
239	240	20	2
108	241	20	1
145	241	20	1
237	241	20	1
123	242	20	2
128	242	20	1
132	242	20	1
183	242	20	1
185	242	20	1
214	242	20	1
132	243	20	1
141	243	20	1
201	243	20	2
240	243	20	2
123	244	20	1
121	245	20	1
169	245	20	1
241	245	20	1
122	246	20	1
149	246	20	2
221	246	20	1
237	246	20	1
246	246	20	1
102	247	20	1
235	247	20	1
158	248	20	1
166	248	20	1
175	248	20	1
210	248	20	1
215	248	20	1
222	248	20	1
102	249	20	1
215	249	20	1
218	249	20	1
119	250	20	1
131	250	20	1
157	250	20	2
175	250	20	1
133	251	20	2
207	251	20	2
223	251	20	1
251	251	20	1
173	252	20	1
175	252	20	1
120	253	20	1
122	253	20	1
139	253	20	2
140	253	20	1
161	253	20	2
194	253	20	1
231	253	20	1
252	253	20	2
111	254	20	1
124	254	20	1
180	254	20	1
197	254	20	1
217	254	20	1
238	254	20	1
244	254	20	1
255	254	20	1
149	255	20	1
197	255	20	2
131	256	20	1
145	256	20	1
157	256	20	1
158	256	20	1
166	256	20	1
198	256	20	1
205	256	20	1
227	256	20	2
241	256	20	1
124	257	20	1
134	257	20	1
197	257	20	1
229	257	20	1
230	257	20	1
234	257	20	1
251	257	20	1
255	257	20	1
265	257	20	1
175	258	20	1
198	258	20	1
215	258	20	1
231	258	20	1
145	259	20	1
166	259	20	1
167	259	20	3
197	259	20	1
203	259	20	2
229	259	20	1
231	259	20	1
108	260	20	1
142	260	20	1
200	260	20	1
245	260	20	1
141	261	20	1
147	261	20	1
156	261	20	1
165	261	20	2
199	261	20	2
124	262	20	2
152	262	20	3
254	262	20	1
133	263	20	1
142	263	20	1
163	263	20	1
246	263	20	2
265	263	20	1
126	264	20	1
146	264	20	2
163	264	20	1
220	264	20	1
254	264	20	1
264	264	20	1
124	265	20	1
137	265	20	1
166	265	20	1
176	265	20	1
179	265	20	1
118	266	20	1
120	266	20	2
132	266	20	1
170	266	20	1
116	267	20	1
117	267	20	3
160	267	20	2
239	267	20	1
262	267	20	1
109	268	20	1
145	268	20	1
146	268	20	1
151	268	20	1
157	268	20	1
213	268	20	1
255	268	20	1
107	269	20	1
118	269	20	1
119	269	20	1
173	269	20	2
214	269	20	1
114	270	20	2
115	270	20	2
147	270	20	1
156	270	20	1
165	270	20	1
210	270	20	1
224	270	20	1
226	270	20	2
261	270	20	1
118	271	20	1
128	271	20	2
145	271	20	1
201	271	20	1
225	271	20	3
266	271	20	1
268	271	20	1
107	272	20	2
115	272	20	1
117	272	20	1
119	272	20	3
121	272	20	1
156	272	20	1
226	272	20	1
255	272	20	4
117	273	20	1
123	273	20	2
167	273	20	1
170	273	20	1
176	273	20	1
178	273	20	1
201	273	20	1
206	273	20	1
217	273	20	1
223	273	20	1
139	274	20	1
159	274	20	2
165	274	20	2
170	274	20	1
197	274	20	1
214	274	20	1
227	274	20	1
177	275	20	1
200	275	20	2
235	275	20	1
236	275	20	1
268	275	20	1
142	276	20	1
167	276	20	1
174	276	20	1
180	276	20	1
182	276	20	1
111	277	20	2
130	277	20	1
171	277	20	1
177	277	20	1
189	277	20	1
211	277	20	1
217	277	20	1
226	277	20	1
262	277	20	1
137	278	20	1
152	278	20	1
160	278	20	1
180	278	20	2
270	278	20	2
156	279	20	2
175	279	20	1
204	279	20	1
228	279	20	1
234	279	20	1
269	279	20	1
125	280	20	1
132	280	20	1
166	280	20	1
199	280	20	1
256	280	20	1
269	280	20	1
131	281	20	1
134	281	20	1
142	281	20	2
218	281	20	2
227	281	20	1
172	282	20	1
181	282	20	1
130	283	20	2
165	283	20	1
176	283	20	1
189	283	20	2
226	283	20	1
232	283	20	1
149	284	20	1
214	284	20	1
223	284	20	2
228	284	20	1
265	284	20	1
267	284	20	1
119	285	20	1
171	285	20	1
202	285	20	1
218	285	20	2
231	285	20	1
101	286	20	1
151	286	20	2
213	286	20	1
225	286	20	1
236	286	20	1
271	286	20	1
124	287	20	1
155	287	20	1
199	287	20	1
221	287	20	1
224	287	20	1
226	287	20	2
261	287	20	2
268	287	20	1
121	288	20	1
136	288	20	1
162	288	20	3
218	288	20	1
223	288	20	1
224	288	20	1
225	288	20	1
230	288	20	1
238	288	20	1
125	289	20	1
147	289	20	1
217	289	20	1
140	290	20	3
142	290	20	2
226	290	20	2
259	290	20	1
271	290	20	1
163	291	20	1
112	292	20	2
131	292	20	1
195	292	20	1
199	292	20	1
205	292	20	1
213	292	20	1
219	292	20	1
236	292	20	1
237	292	20	1
249	292	20	1
264	292	20	1
117	293	20	1
134	293	20	1
165	293	20	1
258	293	20	1
261	293	20	2
141	294	20	1
180	294	20	2
211	294	20	1
216	294	20	1
220	294	20	1
269	294	20	1
220	295	20	1
266	295	20	1
271	295	20	1
116	296	20	1
131	296	20	1
143	296	20	1
193	296	20	2
196	296	20	3
202	296	20	2
270	296	20	1
137	297	20	2
151	297	20	1
238	297	20	1
249	297	20	1
257	297	20	1
268	297	20	1
165	298	20	1
177	298	20	1
192	298	20	1
265	298	20	3
269	298	20	1
156	299	20	1
194	299	20	1
243	299	20	2
270	299	20	1
139	300	20	1
191	300	20	1
155	301	20	1
161	301	20	1
186	301	20	1
216	301	20	1
233	301	20	1
114	302	20	1
187	302	20	1
206	302	20	1
223	302	20	1
257	302	20	2
261	302	20	1
194	303	20	1
222	303	20	1
174	304	20	1
185	304	20	1
193	304	20	2
203	304	20	1
209	304	20	1
236	304	20	1
238	304	20	1
256	304	20	1
130	305	20	1
234	305	20	1
237	305	20	1
252	305	20	1
258	305	20	1
127	306	20	1
132	306	20	1
136	306	20	1
177	306	20	1
200	306	20	1
209	306	20	2
258	306	20	1
211	307	20	1
213	307	20	1
234	307	20	1
184	308	20	1
200	308	20	1
201	308	20	4
208	308	20	1
232	308	20	1
233	308	20	1
249	308	20	3
257	308	20	1
134	309	20	1
203	309	20	1
238	309	20	2
242	309	20	1
262	309	20	1
267	309	20	1
268	309	20	1
144	310	20	1
182	310	20	2
245	310	20	1
255	310	20	1
263	310	20	1
201	311	20	2
238	311	20	1
100	312	20	2
115	312	20	1
148	312	20	1
168	312	20	1
209	312	20	1
233	312	20	2
256	312	20	1
94	313	20	1
107	313	20	3
115	313	20	1
139	313	20	1
164	313	20	1
212	313	20	1
217	313	20	1
250	313	20	1
142	314	20	1
202	314	20	1
207	314	20	1
237	314	20	1
124	315	20	2
156	315	20	2
175	315	20	3
180	315	20	1
194	315	20	2
215	315	20	1
240	315	20	1
263	315	20	1
266	315	20	1
98	316	20	1
119	316	20	1
177	316	20	2
198	316	20	1
235	316	20	1
256	316	20	1
95	317	20	1
103	317	20	1
110	317	20	1
267	317	20	2
129	318	20	1
133	318	20	2
198	318	20	2
258	318	20	1
98	319	20	1
153	319	20	1
171	319	20	1
190	319	20	1
218	319	20	1
233	319	20	1
237	319	20	1
242	319	20	1
120	320	20	1
141	320	20	1
182	320	20	1
241	320	20	1
259	320	20	1
94	321	20	2
140	321	20	1
183	321	20	1
231	321	20	1
237	321	20	2
256	321	20	1
257	321	20	1
264	321	20	2
157	322	20	1
178	322	20	1
187	322	20	1
193	322	20	2
198	322	20	1
200	322	20	1
153	323	20	1
180	323	20	1
194	323	20	1
222	323	20	1
237	323	20	2
264	323	20	1
165	324	20	1
177	324	20	1
188	324	20	1
198	324	20	1
200	324	20	1
203	324	20	2
101	325	20	1
111	325	20	1
139	325	20	1
179	325	20	1
190	325	20	1
205	325	20	1
194	326	20	1
196	326	20	1
201	326	20	1
211	326	20	1
214	326	20	1
217	326	20	1
240	326	20	1
106	327	20	1
139	327	20	1
212	327	20	1
228	327	20	2
244	327	20	1
258	327	20	1
173	328	20	1
181	328	20	1
198	328	20	1
200	328	20	1
212	328	20	1
261	328	20	2
120	329	20	1
137	329	20	1
253	329	20	1
122	330	20	1
131	330	20	1
150	330	20	1
181	330	20	1
258	330	20	1
260	330	20	1
262	330	20	1
100	331	20	1
136	331	20	1
180	331	20	1
186	331	20	1
201	331	20	1
249	331	20	1
104	332	20	1
106	332	20	1
113	332	20	2
114	332	20	1
140	332	20	1
192	332	20	1
216	332	20	1
218	332	20	1
260	332	20	1
117	333	20	1
137	333	20	1
157	333	20	1
161	333	20	1
179	333	20	1
261	333	20	1
158	334	20	1
224	334	20	1
244	334	20	1
253	334	20	2
258	334	20	1
137	336	20	1
144	336	20	1
163	336	20	2
175	336	20	1
194	336	20	2
199	336	20	2
200	336	20	1
205	336	20	1
207	336	20	4
230	336	20	1
248	336	20	2
173	337	20	2
194	337	20	1
236	337	20	1
246	337	20	3
183	338	20	2
186	339	20	1
246	339	20	1
249	339	20	1
233	340	20	1
248	340	20	1
167	341	20	1
173	342	20	1
231	342	20	1
240	343	20	1
242	344	20	1
244	344	20	2
240	345	20	1
241	345	20	1
243	345	20	1
162	346	20	2
217	346	20	1
190	347	20	2
201	347	20	1
202	347	20	1
173	348	20	3
192	348	20	1
236	348	20	1
178	349	20	1
179	349	20	2
235	349	20	1
207	350	20	1
221	350	20	1
231	350	20	1
186	352	20	1
197	352	20	1
212	353	20	1
231	353	20	2
178	354	20	2
210	355	20	2
229	356	20	1
180	357	20	1
199	357	20	1
215	357	20	1
211	358	20	1
171	359	20	1
175	359	20	1
178	359	20	1
191	359	20	2
200	359	20	1
218	359	20	1
173	360	20	1
176	360	20	1
180	360	20	1
199	361	20	1
203	361	20	1
182	362	20	1
193	364	20	2
180	225	21	1
146	228	21	1
161	228	21	1
182	228	21	1
154	230	21	1
173	230	21	1
188	230	21	2
162	232	21	1
136	233	21	1
140	235	21	1
141	235	21	1
131	236	21	1
147	236	21	1
127	237	21	1
138	237	21	1
144	237	21	2
146	237	21	4
178	237	21	1
148	238	21	1
149	238	21	1
129	239	21	1
126	240	21	1
127	240	21	1
132	240	21	1
150	240	21	1
171	240	21	1
212	240	21	1
126	241	21	1
147	241	21	2
126	242	21	1
140	242	21	1
215	242	21	1
109	243	21	1
129	243	21	1
138	243	21	1
141	243	21	2
213	243	21	1
132	244	21	2
135	244	21	1
102	245	21	4
116	245	21	1
139	245	21	1
217	245	21	1
173	248	21	1
212	248	21	1
134	249	21	2
218	249	21	1
217	250	21	1
220	252	21	2
197	253	21	1
228	253	21	1
199	254	21	1
225	254	21	1
228	254	21	1
169	255	21	2
225	255	21	2
227	256	21	2
140	258	21	1
181	260	21	1
130	261	21	1
201	261	21	1
133	263	21	1
158	265	21	1
161	265	21	1
222	265	21	1
160	269	21	1
117	270	21	1
120	270	21	1
126	270	21	1
156	270	21	1
164	270	21	1
115	271	21	2
125	272	21	1
163	272	21	1
133	273	21	1
151	273	21	1
164	273	21	1
177	273	21	2
178	273	21	1
224	273	21	1
225	273	21	2
134	274	21	1
154	274	21	2
167	274	21	1
114	275	21	1
165	275	21	2
175	275	21	1
176	275	21	1
177	275	21	1
219	275	21	1
136	276	21	1
165	276	21	1
219	277	21	2
117	278	21	2
218	278	21	1
169	279	21	1
125	280	21	1
172	280	21	2
174	280	21	1
175	281	21	1
170	282	21	2
173	282	21	1
215	282	21	1
224	282	21	1
216	283	21	1
123	285	21	1
125	285	21	1
237	285	21	1
101	286	21	2
217	286	21	2
223	286	21	1
219	287	21	1
220	287	21	3
134	288	21	1
217	288	21	1
220	288	21	2
224	288	21	1
219	290	21	1
106	291	21	1
178	291	21	1
219	291	21	1
271	292	21	1
196	293	21	1
217	293	21	1
194	294	21	2
245	295	21	1
193	296	21	1
214	297	21	2
250	297	21	1
262	297	21	1
162	298	21	1
211	300	21	1
267	300	21	1
210	301	21	1
269	301	21	1
236	302	21	1
264	302	21	2
105	303	21	1
146	303	21	3
186	303	21	2
187	304	21	1
190	304	21	1
240	304	21	1
267	304	21	2
96	305	21	1
204	305	21	1
223	305	21	1
234	306	21	1
235	306	21	2
258	306	21	1
204	307	21	2
210	307	21	1
180	308	21	1
205	308	21	1
232	308	21	1
240	308	21	1
264	308	21	1
100	309	21	1
129	309	21	1
209	309	21	1
265	309	21	1
112	310	21	1
114	310	21	2
149	310	21	2
180	310	21	1
186	310	21	1
261	310	21	1
199	311	21	1
212	311	21	1
260	311	21	1
148	312	21	1
167	312	21	1
227	312	21	1
257	312	21	1
116	313	21	4
200	313	21	1
258	313	21	1
260	313	21	1
262	313	21	1
172	314	21	1
175	314	21	1
230	314	21	1
115	315	21	1
163	315	21	1
179	315	21	2
214	315	21	1
256	315	21	1
203	316	21	1
256	316	21	1
178	317	21	1
180	317	21	1
257	317	21	1
264	317	21	2
146	318	21	2
170	318	21	2
184	319	21	1
247	319	21	1
261	319	21	1
258	320	21	1
118	321	21	1
167	321	21	1
183	321	21	1
187	321	21	1
178	322	21	1
182	322	21	2
258	322	21	1
98	323	21	1
201	323	21	1
227	323	21	1
141	324	21	1
178	324	21	1
186	324	21	1
188	324	21	1
177	325	21	1
181	325	21	2
156	327	21	1
147	328	21	1
173	328	21	1
202	328	21	1
157	329	21	1
105	331	21	1
230	331	21	1
260	331	21	1
138	332	21	1
181	332	21	1
259	334	21	1
134	335	21	1
259	335	21	2
142	336	21	1
173	336	21	1
178	336	21	1
175	337	21	1
240	338	21	1
148	339	21	1
175	339	21	2
242	339	21	1
160	340	21	1
177	340	21	3
240	344	21	2
241	344	21	1
244	344	21	1
180	346	21	1
190	351	21	1
175	356	21	1
168	359	21	2
181	362	21	1
197	363	21	1
191	364	21	1
154	229	22	1
134	234	22	1
132	235	22	1
143	235	22	1
145	235	22	2
140	236	22	1
133	237	22	1
129	238	22	1
146	238	22	1
132	239	22	2
141	240	22	1
136	241	22	1
146	241	22	1
148	241	22	1
150	241	22	1
214	241	22	1
215	241	22	1
132	242	22	1
145	244	22	2
132	246	22	1
217	250	22	1
216	251	22	1
226	254	22	1
227	254	22	1
229	255	22	1
150	256	22	1
160	258	22	1
162	260	22	1
197	260	22	2
163	261	22	2
161	263	22	1
121	267	22	1
160	267	22	1
158	268	22	1
195	268	22	2
122	269	22	1
159	269	22	1
125	270	22	2
155	270	22	1
165	270	22	1
181	271	22	1
120	272	22	1
168	272	22	2
170	273	22	1
174	273	22	1
179	273	22	2
154	274	22	2
174	274	22	1
177	274	22	3
177	275	22	1
170	277	22	1
176	278	22	1
169	279	22	1
171	279	22	1
167	280	22	1
168	280	22	1
178	280	22	1
172	281	22	1
226	282	22	1
202	284	22	1
271	287	22	1
215	296	22	1
220	297	22	1
268	297	22	2
216	299	22	1
267	300	22	1
210	301	22	1
264	302	22	1
186	304	22	1
210	304	22	1
236	304	22	1
263	304	22	1
185	305	22	1
236	305	22	1
258	305	22	2
238	306	22	1
264	306	22	2
204	307	22	1
238	307	22	1
206	309	22	1
231	309	22	2
204	310	22	2
250	310	22	2
264	311	22	1
175	313	22	1
233	313	22	1
261	313	22	1
261	314	22	1
256	317	22	1
258	317	22	1
258	318	22	2
184	320	22	1
260	320	22	1
182	321	22	2
181	322	22	1
185	322	22	1
258	322	22	1
187	323	22	1
191	323	22	2
194	323	22	3
181	324	22	1
184	324	22	1
194	324	22	1
196	324	22	1
200	324	22	3
146	325	22	4
181	325	22	1
202	326	22	1
259	326	22	1
200	328	22	2
99	329	22	3
103	330	22	1
181	331	22	1
259	331	22	2
100	332	22	1
178	334	22	2
259	334	22	1
245	343	22	2
244	344	22	1
175	225	23	1
158	226	23	1
157	229	23	1
152	231	23	1
158	231	23	1
144	233	23	1
134	234	23	1
138	234	23	1
140	234	23	1
145	235	23	1
133	236	23	1
133	237	23	1
214	237	23	1
138	238	23	2
139	238	23	1
150	238	23	2
217	238	23	1
131	239	23	1
148	239	23	1
130	240	23	2
142	240	23	1
140	241	23	1
145	241	23	1
146	242	23	1
215	242	23	1
134	244	23	1
139	244	23	1
134	246	23	1
215	248	23	1
218	250	23	1
223	254	23	1
231	255	23	1
163	256	23	3
220	262	23	1
218	263	23	1
121	267	23	1
162	267	23	1
163	268	23	1
117	269	23	1
177	272	23	1
177	273	23	1
178	274	23	2
166	277	23	2
169	278	23	1
170	279	23	2
176	280	23	1
170	281	23	2
210	281	23	1
174	282	23	1
174	283	23	1
173	284	23	1
226	284	23	1
202	285	23	2
203	287	23	1
268	292	23	1
271	292	23	2
219	294	23	2
266	294	23	1
266	295	23	1
215	296	23	1
269	298	23	1
190	299	23	1
264	299	23	1
235	301	23	1
236	301	23	2
268	301	23	1
211	302	23	1
236	302	23	1
239	302	23	1
212	304	23	1
208	305	23	1
234	305	23	2
264	305	23	1
181	307	23	1
205	307	23	1
236	307	23	2
262	307	23	1
179	309	23	1
181	309	23	1
182	309	23	1
204	309	23	1
257	309	23	1
261	309	23	1
260	310	23	1
234	311	23	1
203	313	23	1
239	313	23	1
262	313	23	1
204	314	23	1
232	314	23	2
263	314	23	1
245	315	23	2
257	315	23	2
258	315	23	1
262	315	23	4
265	315	23	2
172	316	23	1
261	316	23	1
264	316	23	1
181	317	23	1
256	317	23	1
265	317	23	1
257	318	23	1
259	318	23	1
262	318	23	1
166	319	23	1
258	319	23	1
261	319	23	1
262	319	23	1
183	321	23	1
187	322	23	1
256	322	23	1
259	322	23	1
182	323	23	1
185	323	23	1
186	325	23	1
183	326	23	1
99	327	23	1
97	328	23	1
96	329	23	1
183	329	23	2
186	329	23	1
259	329	23	1
94	330	23	1
180	330	23	1
184	330	23	1
257	330	23	1
260	331	23	1
180	332	23	2
192	334	23	1
146	335	23	1
244	344	23	1
240	345	23	1
181	222	24	1
178	223	24	1
180	223	24	1
182	223	24	2
176	225	24	1
162	231	24	2
149	232	24	2
146	234	24	2
136	235	24	1
151	235	24	1
137	236	24	1
140	236	24	1
141	236	24	2
146	236	24	1
137	237	24	1
132	238	24	1
143	238	24	2
146	238	24	1
148	238	24	1
108	240	24	1
137	240	24	1
140	241	24	2
142	241	24	1
140	242	24	1
134	243	24	1
141	243	24	1
149	243	24	1
131	244	24	1
137	245	24	1
140	247	24	1
139	249	24	1
140	249	24	1
222	251	24	1
131	252	24	1
225	252	24	1
141	253	24	3
227	254	24	2
197	257	24	1
196	261	24	1
198	261	24	1
199	261	24	2
118	262	24	1
219	262	24	2
223	262	24	1
121	263	24	2
221	263	24	1
117	264	24	1
118	264	24	1
119	265	24	1
117	266	24	1
126	266	24	1
215	266	24	1
156	269	24	1
163	270	24	1
184	270	24	1
131	271	24	2
181	271	24	1
182	273	24	1
166	274	24	1
170	276	24	1
177	277	24	1
179	278	24	1
180	278	24	1
170	279	24	1
171	279	24	2
173	279	24	1
179	279	24	1
174	280	24	2
171	281	24	1
176	282	24	1
176	284	24	1
177	284	24	2
275	288	24	1
277	288	24	1
225	290	24	2
198	291	24	1
275	291	24	2
269	292	24	1
197	293	24	1
271	293	24	1
219	296	24	1
269	297	24	1
213	299	24	2
237	299	24	1
189	300	24	1
238	300	24	2
263	300	24	1
238	301	24	1
240	302	24	1
266	302	24	1
238	304	24	3
240	305	24	1
241	305	24	1
259	305	24	1
262	305	24	1
263	305	24	1
259	307	24	1
265	307	24	1
202	308	24	1
206	308	24	2
235	308	24	1
260	308	24	1
264	308	24	1
181	309	24	1
259	309	24	1
202	310	24	1
238	310	24	1
260	310	24	1
235	311	24	1
257	311	24	1
238	313	24	2
176	314	24	1
237	314	24	1
257	314	24	1
259	314	24	1
263	314	24	1
258	315	24	1
260	315	24	1
262	317	24	1
167	318	24	1
169	318	24	1
258	318	24	1
260	318	24	3
184	319	24	2
261	319	24	1
262	319	24	1
185	320	24	1
239	320	24	1
185	322	24	1
237	322	24	1
179	323	24	1
187	323	24	2
182	325	24	1
185	326	24	1
258	326	24	1
154	329	24	1
183	329	24	1
103	330	24	1
105	330	24	1
132	330	24	1
97	332	24	1
259	333	24	1
257	334	24	1
146	335	24	1
181	335	24	1
259	336	24	1
186	360	24	1
179	222	25	1
161	228	25	1
163	233	25	1
137	234	25	1
140	234	25	1
135	235	25	1
140	235	25	2
142	235	25	1
150	235	25	1
135	236	25	2
145	237	25	1
247	237	25	1
140	238	25	1
246	238	25	1
138	239	25	2
228	240	25	1
134	242	25	3
134	243	25	1
227	243	25	1
133	244	25	3
134	245	25	2
133	246	25	1
135	246	25	1
139	248	25	1
195	249	25	1
136	251	25	1
136	253	25	2
225	253	25	1
225	258	25	1
121	259	25	1
223	260	25	1
215	264	25	1
122	266	25	2
128	266	25	1
175	276	25	1
178	276	25	1
170	278	25	1
177	278	25	1
170	279	25	1
170	280	25	1
176	281	25	1
177	281	25	2
169	282	25	2
174	282	25	1
275	285	25	1
199	289	25	1
270	290	25	1
271	290	25	1
238	297	25	1
237	300	25	1
264	301	25	3
238	302	25	1
234	305	25	2
233	306	25	1
230	309	25	1
208	310	25	1
230	311	25	1
260	313	25	2
232	314	25	1
257	314	25	2
258	314	25	1
262	316	25	1
257	317	25	1
258	318	25	2
261	318	25	1
256	319	25	2
257	320	25	1
238	321	25	2
241	321	25	2
239	323	25	1
258	325	25	1
188	327	25	1
258	327	25	1
144	337	25	1
181	223	26	1
178	225	26	1
174	226	26	2
157	229	26	2
157	230	26	2
159	230	26	2
160	230	26	2
168	230	26	2
157	231	26	2
142	234	26	1
139	235	26	1
145	236	26	2
248	236	26	3
134	237	26	1
135	237	26	1
140	237	26	1
248	237	26	1
137	238	26	2
143	238	26	1
248	238	26	1
242	239	26	1
136	240	26	1
131	241	26	1
132	242	26	2
235	243	26	1
134	245	26	3
226	246	26	2
228	247	26	1
227	250	26	1
224	253	26	1
121	257	26	1
122	257	26	1
121	258	26	1
120	259	26	1
123	259	26	1
120	268	26	1
119	269	26	1
123	269	26	1
124	271	26	1
171	276	26	1
177	276	26	1
177	278	26	1
171	279	26	1
172	279	26	1
165	280	26	1
274	280	26	2
273	281	26	1
177	282	26	1
274	284	26	2
183	288	26	1
235	298	26	1
267	298	26	1
237	306	26	1
231	309	26	2
260	311	26	1
262	311	26	1
209	312	26	1
209	313	26	1
259	313	26	1
211	314	26	1
262	314	26	1
211	315	26	1
211	316	26	1
257	316	26	1
262	317	26	1
239	320	26	1
241	320	26	1
240	322	26	1
259	331	26	1
183	222	27	1
179	226	27	1
160	229	27	1
164	232	27	1
166	232	27	1
145	235	27	1
137	236	27	1
136	237	27	1
137	237	27	1
176	237	27	1
241	237	27	1
243	237	27	1
138	238	27	1
139	238	27	1
244	238	27	1
234	239	27	2
243	239	27	1
242	240	27	2
134	243	27	1
226	244	27	1
246	245	27	2
250	245	27	1
228	249	27	1
226	252	27	1
125	255	27	1
121	257	27	1
122	257	27	3
126	257	27	1
122	270	27	1
128	270	27	1
174	276	27	1
174	277	27	1
175	277	27	1
274	281	27	1
275	281	27	1
274	282	27	1
275	282	27	1
177	283	27	2
272	283	27	1
273	283	27	1
173	284	27	1
168	285	27	1
178	286	27	1
191	294	27	1
195	294	27	1
199	299	27	2
237	304	27	1
235	308	27	3
240	308	27	1
201	309	27	1
261	309	27	1
202	311	27	1
258	312	27	1
206	313	27	1
213	313	27	3
208	314	27	2
210	315	27	2
259	316	27	1
239	318	27	1
256	319	27	1
259	330	27	1
160	231	28	1
163	231	28	1
166	231	28	1
162	232	28	1
153	235	28	2
250	235	28	1
143	236	28	1
248	237	28	1
249	237	28	1
136	238	28	1
139	238	28	2
246	238	28	1
144	239	28	1
246	239	28	1
134	240	28	1
137	242	28	1
235	243	28	2
189	244	28	1
248	244	28	1
231	245	28	1
193	246	28	1
126	252	28	1
124	255	28	1
125	255	28	1
124	256	28	1
257	264	28	1
121	268	28	1
122	268	28	1
124	269	28	1
121	270	28	2
123	271	28	1
134	276	28	1
171	277	28	1
173	277	28	1
175	277	28	1
172	279	28	1
172	280	28	1
275	280	28	1
276	280	28	1
274	281	28	1
276	281	28	1
176	282	28	1
165	283	28	1
170	283	28	1
173	283	28	1
168	284	28	1
175	284	28	1
176	284	28	2
275	284	28	1
164	285	28	2
168	285	28	1
271	289	28	2
197	295	28	1
232	304	28	1
230	306	28	1
227	307	28	1
234	307	28	1
222	310	28	1
211	311	28	1
204	313	28	1
211	313	28	1
259	313	28	2
261	313	28	2
208	314	28	1
260	314	28	1
209	315	28	1
259	317	28	1
261	317	28	1
262	317	28	1
262	318	28	3
239	319	28	2
240	319	28	1
242	322	28	1
133	328	28	1
185	357	28	1
112	226	29	1
112	228	29	1
162	232	29	1
250	235	29	1
250	236	29	1
252	236	29	1
142	237	29	2
140	238	29	1
178	240	29	1
179	240	29	1
237	242	29	2
188	243	29	1
186	244	29	1
235	244	29	1
236	246	29	1
193	247	29	1
127	253	29	1
128	254	29	1
132	254	29	1
131	257	29	1
133	257	29	1
132	259	29	1
259	266	29	1
125	268	29	1
162	269	29	1
167	271	29	1
125	272	29	2
135	272	29	1
168	273	29	2
170	273	29	1
168	275	29	1
170	275	29	1
170	278	29	1
174	278	29	2
170	279	29	1
175	279	29	1
164	280	29	1
175	280	29	1
276	281	29	1
167	282	29	1
165	283	29	1
174	283	29	1
275	283	29	1
177	284	29	1
274	284	29	1
168	286	29	1
167	287	29	1
175	295	29	2
176	295	29	1
183	297	29	1
181	299	29	1
236	307	29	1
199	308	29	1
211	308	29	2
203	309	29	1
204	309	29	1
227	309	29	1
202	311	29	1
206	311	29	1
207	311	29	3
208	312	29	1
211	312	29	1
209	313	29	1
221	313	29	1
258	313	29	2
211	314	29	2
212	315	29	1
245	315	29	1
241	316	29	1
262	317	29	1
241	318	29	1
243	319	29	2
125	327	29	1
127	327	29	1
96	328	29	1
95	330	29	1
94	332	29	1
191	346	29	1
220	360	29	2
175	238	30	1
183	238	30	1
117	239	30	2
172	239	30	1
181	240	30	2
184	240	30	2
189	242	30	1
182	243	30	1
186	243	30	1
189	243	30	2
190	244	30	2
193	244	30	1
191	245	30	1
250	255	30	2
127	256	30	1
129	256	30	1
132	256	30	1
123	257	30	2
250	257	30	1
250	258	30	1
257	261	30	1
136	263	30	1
258	268	30	1
260	268	30	1
126	269	30	1
125	270	30	1
126	270	30	1
134	270	30	1
124	272	30	2
135	272	30	1
165	272	30	2
138	273	30	1
140	273	30	1
167	273	30	1
139	274	30	1
167	274	30	1
139	275	30	1
163	279	30	2
169	279	30	1
159	281	30	1
164	283	30	2
276	283	30	1
163	284	30	2
276	284	30	1
275	285	30	1
180	299	30	1
210	309	30	1
207	311	30	1
211	311	30	1
247	311	30	1
207	312	30	1
225	313	30	1
242	318	30	1
243	320	30	1
213	322	30	1
128	324	30	1
129	324	30	1
128	325	30	2
99	327	30	1
99	329	30	1
98	330	30	1
97	331	30	1
95	332	30	1
95	333	30	1
97	333	30	1
220	362	30	1
220	363	30	2
190	232	31	1
139	239	31	3
240	240	31	1
178	241	31	1
188	241	31	1
176	242	31	1
179	242	31	2
172	243	31	1
176	243	31	1
185	243	31	1
189	243	31	1
186	245	31	2
187	245	31	1
190	245	31	1
124	256	31	1
147	257	31	3
133	258	31	2
255	259	31	1
131	260	31	1
256	262	31	1
261	264	31	1
259	266	31	1
262	266	31	1
127	267	31	1
258	267	31	1
261	267	31	1
125	270	31	3
129	271	31	2
136	271	31	1
137	271	31	1
132	272	31	1
135	272	31	1
163	273	31	1
141	275	31	1
146	276	31	1
168	277	31	1
262	279	31	1
159	281	31	1
159	282	31	1
259	282	31	1
275	283	31	3
275	284	31	1
162	285	31	2
166	285	31	1
276	285	31	1
163	286	31	1
163	287	31	2
166	288	31	1
169	288	31	3
170	292	31	2
172	292	31	1
182	298	31	1
181	301	31	1
197	307	31	2
187	308	31	1
205	308	31	1
190	309	31	1
191	309	31	1
192	309	31	1
198	310	31	1
210	311	31	2
210	312	31	1
190	313	31	1
242	321	31	1
128	325	31	3
92	327	31	1
93	327	31	2
98	327	31	1
98	329	31	1
95	330	31	1
93	331	31	2
95	331	31	1
96	331	31	1
96	333	31	1
174	339	31	1
182	349	31	1
186	349	31	1
188	349	31	2
184	350	31	1
223	361	31	1
114	225	32	1
112	226	32	1
113	226	32	2
114	226	32	1
181	240	32	1
180	241	32	2
185	241	32	1
181	242	32	1
174	243	32	1
183	243	32	1
178	244	32	1
193	246	32	1
134	254	32	1
147	257	32	1
254	257	32	1
134	259	32	1
128	260	32	3
126	265	32	1
128	265	32	1
262	265	32	1
260	267	32	1
263	267	32	1
126	268	32	1
165	268	32	1
261	268	32	2
126	269	32	1
129	269	32	2
259	269	32	1
126	270	32	2
263	270	32	1
139	271	32	1
166	272	32	1
166	273	32	1
164	276	32	1
158	279	32	1
275	281	32	1
164	282	32	1
262	282	32	1
276	282	32	1
161	284	32	1
162	287	32	1
163	287	32	1
118	304	32	2
187	307	32	1
187	308	32	1
194	308	32	1
196	308	32	1
112	309	32	2
188	309	32	1
190	311	32	1
198	311	32	1
210	311	32	1
225	311	32	1
244	311	32	1
112	312	32	1
199	312	32	1
203	312	32	1
211	312	32	1
200	313	32	2
223	315	32	1
197	316	32	1
243	317	32	1
245	318	32	1
201	320	32	1
212	320	32	1
240	320	32	2
242	321	32	1
236	322	32	1
238	323	32	1
99	327	32	1
97	328	32	1
93	331	32	1
186	347	32	1
189	347	32	1
188	348	32	2
175	359	32	1
179	360	32	1
113	225	33	1
114	227	33	1
112	228	33	1
176	242	33	1
188	244	33	1
183	245	33	1
134	253	33	2
136	254	33	2
131	257	33	1
129	259	33	1
258	259	33	1
132	260	33	1
149	260	33	1
255	260	33	1
258	260	33	2
129	261	33	1
130	262	33	1
158	262	33	2
126	264	33	1
127	264	33	1
130	264	33	1
157	264	33	2
260	264	33	1
257	265	33	1
128	266	33	1
124	267	33	1
128	267	33	1
264	267	33	1
263	268	33	1
124	269	33	1
129	269	33	1
125	270	33	1
129	271	33	1
158	276	33	1
261	276	33	1
164	277	33	1
146	278	33	1
163	278	33	2
164	278	33	1
262	278	33	1
160	283	33	2
165	283	33	1
161	286	33	1
162	286	33	1
162	287	33	1
125	292	33	2
169	299	33	1
121	300	33	1
120	301	33	1
115	308	33	1
186	308	33	1
189	308	33	1
190	308	33	1
115	309	33	1
186	309	33	1
191	309	33	2
198	309	33	1
193	310	33	1
115	311	33	1
187	311	33	1
206	311	33	1
248	313	33	3
245	314	33	3
246	314	33	1
247	315	33	2
249	316	33	1
119	318	33	3
120	318	33	1
198	318	33	2
206	319	33	1
201	321	33	1
93	327	33	1
98	329	33	3
100	329	33	2
193	333	33	1
205	334	33	1
193	341	33	3
214	341	33	1
206	345	33	1
182	348	33	1
183	348	33	1
188	348	33	1
189	348	33	1
190	348	33	3
197	348	33	1
180	349	33	1
186	349	33	1
207	349	33	1
181	352	33	1
181	353	33	1
114	227	34	2
115	229	34	1
136	237	34	2
137	237	34	1
139	239	34	1
138	243	34	1
176	244	34	1
175	245	34	1
199	245	34	1
208	247	34	2
131	254	34	1
138	254	34	1
131	255	34	1
139	256	34	1
147	257	34	1
130	258	34	1
131	258	34	1
136	258	34	1
137	258	34	1
148	258	34	2
252	258	34	3
133	261	34	1
127	262	34	1
131	262	34	1
127	263	34	2
126	265	34	1
129	266	34	2
130	266	34	1
130	267	34	1
266	267	34	2
128	268	34	1
129	269	34	1
266	270	34	1
157	271	34	1
163	271	34	1
165	274	34	1
260	274	34	2
162	275	34	1
158	276	34	1
262	276	34	1
164	277	34	2
161	279	34	2
164	279	34	1
262	279	34	1
125	284	34	1
161	290	34	1
164	294	34	2
120	296	34	1
121	296	34	1
165	297	34	1
172	300	34	1
248	302	34	1
116	303	34	1
119	304	34	1
140	306	34	1
182	306	34	1
188	308	34	1
191	308	34	1
112	309	34	1
186	309	34	1
193	309	34	1
244	309	34	1
248	309	34	1
112	310	34	1
185	310	34	1
200	310	34	1
113	311	34	2
114	311	34	1
115	311	34	1
110	312	34	1
115	312	34	1
197	312	34	1
111	314	34	1
242	317	34	1
245	317	34	1
200	318	34	1
245	318	34	2
240	319	34	1
241	319	34	1
243	320	34	2
131	322	34	2
242	322	34	1
238	323	34	1
234	324	34	1
94	327	34	1
188	328	34	1
100	330	34	4
96	331	34	1
100	332	34	1
101	332	34	3
126	333	34	1
197	334	34	1
201	334	34	1
193	335	34	1
192	337	34	2
213	341	34	1
201	344	34	1
205	346	34	1
214	346	34	1
195	347	34	1
198	347	34	1
208	347	34	1
213	347	34	1
214	347	34	1
215	348	34	1
205	349	34	1
208	349	34	1
187	350	34	1
196	350	34	1
201	352	34	1
205	352	34	3
205	353	34	1
181	355	34	1
181	358	34	1
113	226	35	2
121	234	35	1
129	236	35	1
129	238	35	1
139	238	35	1
140	242	35	1
207	244	35	1
134	251	35	1
133	252	35	2
134	252	35	1
128	255	35	1
130	255	35	1
135	255	35	1
138	255	35	2
130	257	35	1
138	258	35	1
136	259	35	2
143	260	35	1
256	261	35	2
132	263	35	1
156	263	35	1
127	264	35	1
130	264	35	1
146	264	35	2
157	265	35	1
264	265	35	2
126	266	35	2
263	266	35	1
265	266	35	1
127	267	35	1
153	267	35	1
263	267	35	1
130	269	35	1
132	272	35	2
159	272	35	1
160	272	35	1
142	273	35	1
162	274	35	1
163	274	35	1
145	277	35	1
261	277	35	1
161	278	35	1
159	279	35	1
163	279	35	1
125	280	35	1
158	282	35	1
259	282	35	1
162	283	35	3
160	285	35	1
123	287	35	1
122	288	35	2
125	289	35	2
123	290	35	1
252	292	35	1
121	294	35	1
162	294	35	1
124	295	35	1
167	297	35	1
121	298	35	1
121	299	35	1
120	300	35	1
169	300	35	1
249	301	35	1
121	303	35	1
175	303	35	2
119	304	35	1
174	304	35	1
117	306	35	1
114	307	35	1
116	307	35	1
120	307	35	1
176	307	35	1
114	308	35	1
186	308	35	1
112	309	35	1
186	309	35	1
188	309	35	2
196	309	35	1
245	309	35	1
191	311	35	1
116	312	35	1
199	312	35	1
195	313	35	1
110	314	35	1
112	314	35	1
245	315	35	1
124	320	35	1
240	324	35	1
131	325	35	1
237	329	35	1
200	331	35	2
192	334	35	1
188	336	35	1
189	336	35	1
191	336	35	2
200	338	35	3
212	341	35	1
210	342	35	1
189	345	35	1
199	345	35	1
206	346	35	1
187	347	35	1
211	347	35	1
190	348	35	1
195	348	35	1
215	349	35	1
212	350	35	2
188	351	35	1
193	351	35	1
191	352	35	1
211	352	35	1
181	353	35	2
183	353	35	1
207	353	35	1
178	354	35	1
182	354	35	1
209	354	35	1
178	355	35	1
204	355	35	1
205	355	35	4
207	355	35	1
172	356	35	1
206	356	35	1
113	227	36	2
122	231	36	1
119	234	36	1
125	235	36	1
138	239	36	1
136	240	36	1
169	241	36	2
174	244	36	1
134	250	36	3
133	251	36	1
137	254	36	1
140	254	36	2
141	254	36	1
136	255	36	1
140	255	36	3
130	256	36	2
129	257	36	1
132	257	36	1
135	257	36	1
132	258	36	1
253	258	36	1
255	259	36	1
128	260	36	2
128	261	36	2
134	261	36	2
127	263	36	1
132	263	36	1
143	263	36	1
262	263	36	1
155	264	36	1
263	264	36	1
129	265	36	1
155	265	36	1
262	265	36	1
265	265	36	1
140	266	36	1
146	267	36	1
160	269	36	1
129	270	36	1
157	271	36	1
159	274	36	1
162	274	36	1
162	276	36	1
158	277	36	1
262	279	36	1
126	280	36	1
261	281	36	1
126	282	36	2
258	283	36	1
123	286	36	1
158	286	36	1
124	288	36	1
152	288	36	1
154	288	36	1
257	295	36	2
171	298	36	1
172	298	36	1
259	298	36	1
119	300	36	2
167	300	36	2
176	300	36	1
172	301	36	1
174	301	36	1
176	302	36	1
120	303	36	1
114	304	36	2
179	304	36	1
115	306	36	1
121	306	36	1
114	308	36	1
183	308	36	1
113	309	36	1
189	309	36	1
114	310	36	1
184	310	36	1
190	310	36	1
248	310	36	2
194	311	36	1
249	311	36	1
252	311	36	1
190	312	36	1
126	316	36	1
151	318	36	1
137	321	36	1
129	322	36	1
240	324	36	1
97	326	36	1
94	327	36	2
98	327	36	1
233	327	36	1
184	332	36	1
151	333	36	1
185	333	36	1
203	333	36	1
186	334	36	1
186	335	36	1
204	336	36	1
150	338	36	1
198	339	36	1
211	339	36	1
210	340	36	1
213	340	36	1
189	346	36	1
209	349	36	1
217	349	36	1
214	350	36	1
214	351	36	1
215	352	36	2
207	353	36	1
182	355	36	1
208	355	36	2
181	356	36	1
176	357	36	1
177	357	36	1
179	358	36	1
116	228	37	1
124	230	37	1
116	232	37	1
124	232	37	1
172	232	37	1
138	233	37	1
126	234	37	1
119	235	37	1
129	236	37	1
137	236	37	1
143	239	37	1
167	239	37	1
167	241	37	1
169	241	37	1
173	241	37	1
137	243	37	1
138	243	37	1
144	243	37	1
175	243	37	1
140	253	37	1
141	253	37	1
133	254	37	2
133	255	37	1
207	256	37	2
208	258	37	2
129	262	37	1
156	263	37	1
263	263	37	2
142	264	37	2
144	264	37	1
147	266	37	2
154	268	37	1
162	272	37	1
164	274	37	1
136	276	37	2
162	276	37	1
142	278	37	1
162	279	37	1
127	281	37	1
161	281	37	1
161	282	37	1
124	284	37	1
126	286	37	1
146	286	37	1
126	288	37	2
152	288	37	1
153	288	37	1
126	289	37	1
262	292	37	1
260	293	37	2
259	294	37	1
259	295	37	1
174	299	37	1
172	300	37	1
173	300	37	1
177	301	37	1
180	302	37	1
250	302	37	1
114	304	37	2
115	304	37	1
117	304	37	1
121	304	37	1
116	306	37	1
183	308	37	1
188	309	37	2
252	309	37	1
112	310	37	1
114	310	37	1
188	311	37	1
195	311	37	1
112	313	37	1
121	314	37	1
153	317	37	1
117	319	37	1
131	322	37	1
137	322	37	1
240	323	37	1
192	324	37	1
242	324	37	2
180	332	37	2
185	332	37	1
181	333	37	2
148	335	37	1
211	337	37	1
213	341	37	1
210	342	37	1
192	344	37	2
191	347	37	2
213	347	37	1
188	349	37	1
215	349	37	1
210	350	37	1
215	352	37	1
183	354	37	1
203	355	37	1
208	356	37	1
205	357	37	1
206	357	37	2
113	219	38	1
123	225	38	1
125	225	38	2
126	230	38	1
174	230	38	1
122	231	38	1
140	231	38	2
122	232	38	1
173	232	38	1
117	233	38	2
127	233	38	1
138	233	38	2
135	234	38	1
170	234	38	1
197	235	38	2
166	237	38	2
197	238	38	2
126	239	38	1
166	239	38	1
167	240	38	1
169	240	38	2
200	240	38	1
138	241	38	1
166	242	38	1
171	242	38	2
138	243	38	3
143	243	38	1
168	243	38	1
174	243	38	1
121	244	38	1
123	244	38	2
135	244	38	1
140	244	38	1
172	244	38	1
173	244	38	1
169	245	38	1
169	246	38	1
140	249	38	1
137	252	38	1
170	252	38	2
233	252	38	1
134	253	38	1
135	253	38	1
152	253	38	1
132	254	38	1
132	255	38	1
134	255	38	1
138	255	38	1
143	255	38	1
144	255	38	1
151	255	38	1
132	256	38	1
136	256	38	1
142	256	38	1
146	259	38	1
148	259	38	1
252	259	38	1
168	260	38	1
263	260	38	1
140	262	38	1
151	262	38	2
128	263	38	1
147	263	38	1
150	263	38	1
153	263	38	2
154	263	38	1
158	263	38	1
263	263	38	1
130	264	38	1
147	264	38	1
153	264	38	3
154	265	38	2
165	265	38	1
143	267	38	1
143	268	38	1
247	271	38	1
142	272	38	1
145	272	38	2
147	272	38	1
254	272	38	1
136	273	38	2
143	274	38	1
129	276	38	1
134	276	38	1
152	277	38	1
126	280	38	1
128	281	38	1
129	281	38	1
139	281	38	1
129	282	38	1
132	282	38	2
135	282	38	1
126	284	38	1
136	284	38	1
125	285	38	1
127	285	38	2
153	286	38	1
125	288	38	1
157	290	38	1
257	291	38	3
154	292	38	1
155	294	38	1
258	294	38	2
260	296	38	1
251	297	38	1
259	298	38	1
170	301	38	1
175	302	38	1
126	303	38	1
182	304	38	2
115	306	38	1
116	308	38	1
125	310	38	1
260	310	38	1
122	314	38	1
119	315	38	1
116	316	38	1
119	316	38	1
140	316	38	1
145	316	38	1
146	316	38	1
117	317	38	1
119	317	38	2
153	317	38	2
116	318	38	1
121	318	38	1
140	318	38	1
143	318	38	1
151	318	38	1
117	319	38	1
144	319	38	1
113	320	38	2
140	320	38	1
150	320	38	1
241	324	38	1
235	325	38	1
237	325	38	1
157	329	38	1
150	333	38	1
177	333	38	2
155	334	38	1
186	334	38	1
148	335	38	1
211	339	38	1
215	339	38	2
209	340	38	1
214	340	38	1
191	343	38	1
199	344	38	1
209	344	38	1
212	345	38	1
188	346	38	2
189	346	38	1
190	346	38	2
189	347	38	1
190	348	38	1
211	349	38	1
211	350	38	1
216	351	38	1
211	352	38	1
208	355	38	1
211	355	38	1
206	358	38	1
191	361	38	1
192	361	38	1
196	363	38	1
115	218	39	1
114	219	39	1
112	220	39	1
113	220	39	1
122	223	39	1
120	224	39	2
134	228	39	1
138	228	39	1
147	228	39	1
138	229	39	1
139	230	39	1
121	231	39	1
135	232	39	2
198	233	39	1
137	234	39	1
202	234	39	1
136	236	39	1
138	237	39	1
139	237	39	1
140	237	39	2
161	237	39	2
116	238	39	1
142	238	39	1
167	238	39	1
135	239	39	2
139	239	39	1
163	240	39	2
125	241	39	1
137	241	39	2
168	241	39	1
169	241	39	1
169	242	39	1
171	242	39	1
133	243	39	2
176	244	39	1
139	245	39	1
168	245	39	1
175	245	39	1
177	245	39	1
141	246	39	1
173	246	39	1
125	247	39	1
127	247	39	1
168	247	39	1
174	247	39	1
178	247	39	1
129	248	39	1
135	249	39	1
136	251	39	1
137	251	39	2
136	252	39	1
143	252	39	1
132	253	39	1
136	253	39	1
235	253	39	2
138	254	39	2
140	254	39	2
236	254	39	2
136	255	39	2
143	255	39	2
152	255	39	2
153	255	39	1
155	256	39	1
156	256	39	1
136	257	39	1
138	257	39	1
254	257	39	2
151	258	39	1
132	259	39	1
134	259	39	1
144	259	39	1
148	259	39	1
149	259	39	1
211	259	39	1
255	259	39	1
159	260	39	1
169	260	39	2
256	260	39	1
140	261	39	1
148	261	39	1
150	261	39	1
167	261	39	2
205	261	39	1
132	262	39	1
143	262	39	1
148	262	39	1
231	262	39	1
250	262	39	2
261	262	39	1
131	263	39	1
132	263	39	1
154	263	39	2
158	263	39	1
168	263	39	2
262	263	39	1
263	263	39	1
151	264	39	1
166	264	39	1
129	265	39	1
146	265	39	4
153	265	39	1
258	265	39	1
145	266	39	1
153	266	39	1
163	266	39	1
156	267	39	1
256	267	39	1
259	267	39	1
143	269	39	1
132	270	39	1
244	270	39	4
143	272	39	3
251	272	39	2
134	273	39	1
151	273	39	1
162	274	39	1
130	275	39	1
131	275	39	2
135	275	39	1
133	276	39	1
142	276	39	1
145	276	39	1
164	276	39	1
140	277	39	4
143	277	39	1
144	277	39	1
145	277	39	1
147	277	39	1
149	277	39	1
153	277	39	1
144	278	39	1
147	278	39	1
148	278	39	2
162	278	39	1
136	279	39	1
143	279	39	1
142	280	39	1
133	282	39	1
130	283	39	1
133	283	39	1
142	283	39	1
133	284	39	1
138	284	39	1
140	284	39	1
142	284	39	1
139	285	39	1
134	287	39	1
157	288	39	1
135	289	39	1
158	290	39	1
154	291	39	1
253	293	39	2
170	294	39	1
258	294	39	1
174	296	39	1
249	296	39	1
248	297	39	1
123	298	39	1
261	298	39	1
167	299	39	1
165	300	39	1
168	300	39	1
120	301	39	3
177	301	39	1
175	302	39	1
180	302	39	1
171	304	39	1
174	305	39	1
177	305	39	1
126	306	39	1
128	306	39	1
177	306	39	1
126	307	39	1
125	308	39	1
124	311	39	1
145	314	39	2
146	316	39	1
119	317	39	1
135	317	39	2
147	317	39	2
148	317	39	3
117	318	39	1
144	318	39	1
139	320	39	1
149	321	39	1
179	322	39	1
189	330	39	2
149	331	39	1
181	331	39	1
218	331	39	1
240	331	39	1
153	332	39	1
179	332	39	1
180	332	39	1
187	332	39	1
191	332	39	1
219	332	39	2
152	333	39	1
154	333	39	1
178	333	39	1
183	333	39	1
219	333	39	1
189	334	39	1
154	336	39	1
242	336	39	1
157	337	39	1
214	339	39	1
215	340	39	1
211	341	39	2
201	342	39	1
208	343	39	1
191	344	39	1
211	344	39	1
191	345	39	1
202	345	39	1
191	347	39	2
211	347	39	1
191	348	39	1
211	348	39	1
212	348	39	1
208	349	39	1
209	349	39	1
237	351	39	1
209	352	39	1
215	353	39	1
207	355	39	1
214	355	39	3
176	357	39	1
212	357	39	1
212	358	39	1
192	362	39	2
201	362	39	1
205	362	39	1
192	364	39	1
114	219	40	1
112	220	40	1
120	224	40	1
144	225	40	1
141	229	40	2
138	230	40	1
136	232	40	1
204	232	40	1
118	234	40	1
203	234	40	1
118	235	40	1
140	235	40	1
142	235	40	1
115	236	40	2
120	236	40	2
163	237	40	1
203	237	40	1
203	238	40	1
204	238	40	1
136	239	40	1
142	240	40	2
161	241	40	1
167	242	40	2
168	242	40	1
176	243	40	1
125	245	40	1
126	245	40	1
127	245	40	1
173	245	40	1
178	246	40	2
124	248	40	2
174	248	40	1
133	250	40	1
139	250	40	2
232	251	40	1
136	252	40	1
132	253	40	2
139	253	40	1
235	253	40	1
137	255	40	1
127	256	40	2
137	256	40	1
134	257	40	1
136	257	40	1
145	259	40	1
132	260	40	1
142	260	40	2
144	260	40	1
165	260	40	1
205	260	40	1
140	261	40	1
149	261	40	1
151	261	40	1
250	261	40	1
252	261	40	2
257	261	40	1
136	262	40	1
143	262	40	1
153	262	40	1
159	262	40	1
222	262	40	1
151	263	40	1
130	264	40	1
158	264	40	1
160	264	40	1
163	264	40	1
168	264	40	1
151	265	40	2
155	265	40	1
165	265	40	2
151	266	40	1
154	266	40	2
157	266	40	2
158	266	40	1
219	266	40	1
258	267	40	1
154	268	40	2
166	268	40	2
253	268	40	1
139	269	40	1
151	269	40	2
153	269	40	1
244	269	40	1
245	269	40	1
250	269	40	1
136	270	40	2
137	270	40	1
142	270	40	1
145	270	40	1
251	270	40	1
138	271	40	1
144	271	40	2
147	272	40	1
165	272	40	2
247	272	40	1
166	273	40	1
143	274	40	1
154	274	40	3
247	274	40	1
142	275	40	2
147	275	40	2
129	276	40	3
136	276	40	1
147	276	40	1
148	276	40	2
155	276	40	2
143	277	40	1
139	278	40	1
163	278	40	1
164	278	40	1
149	279	40	1
253	279	40	1
138	280	40	1
142	280	40	2
161	280	40	1
142	282	40	1
150	282	40	2
159	282	40	1
134	283	40	2
135	283	40	1
140	284	40	1
158	284	40	1
154	286	40	1
137	287	40	1
134	288	40	2
135	288	40	1
154	288	40	2
257	291	40	1
140	293	40	2
121	295	40	1
160	296	40	2
172	297	40	1
257	297	40	1
134	298	40	1
260	298	40	1
168	299	40	1
133	301	40	1
177	301	40	1
250	301	40	2
129	303	40	1
171	303	40	1
170	304	40	1
181	306	40	1
182	307	40	1
262	307	40	1
124	308	40	2
124	309	40	1
126	310	40	1
147	315	40	1
148	315	40	1
116	316	40	1
139	317	40	3
117	318	40	1
115	319	40	1
241	327	40	1
242	327	40	1
151	328	40	1
149	329	40	1
244	329	40	1
151	330	40	1
175	330	40	1
178	330	40	1
186	330	40	1
242	330	40	1
221	331	40	1
174	332	40	1
181	332	40	2
188	332	40	1
221	332	40	1
146	333	40	1
179	333	40	1
240	333	40	1
151	334	40	2
154	334	40	1
191	334	40	1
151	335	40	1
165	335	40	1
151	336	40	1
216	338	40	2
156	339	40	1
212	340	40	1
245	340	40	1
208	341	40	2
213	341	40	1
216	341	40	1
211	342	40	1
222	342	40	1
197	343	40	1
220	343	40	2
209	344	40	3
210	344	40	1
196	345	40	1
203	345	40	1
202	346	40	1
211	347	40	1
208	348	40	1
210	349	40	2
235	351	40	1
212	352	40	1
207	357	40	1
171	358	40	1
172	361	40	1
113	220	41	1
111	221	41	1
111	222	41	1
134	226	41	2
135	227	41	1
137	227	41	1
137	229	41	1
141	231	41	2
204	233	41	1
140	234	41	1
199	234	41	1
201	235	41	1
142	236	41	1
151	236	41	1
161	236	41	1
165	236	41	1
201	236	41	1
140	237	41	3
160	237	41	1
163	237	41	1
165	237	41	1
202	237	41	1
134	238	41	1
164	238	41	1
167	238	41	1
202	238	41	1
144	239	41	1
201	239	41	1
129	240	41	2
139	240	41	1
165	240	41	2
142	241	41	1
132	242	41	1
135	242	41	1
137	242	41	1
141	242	41	1
170	242	41	1
170	244	41	1
176	244	41	1
128	246	41	1
181	247	41	1
133	249	41	1
123	252	41	1
229	252	41	1
143	253	41	1
144	254	41	2
141	255	41	1
152	255	41	1
120	256	41	1
141	256	41	1
178	257	41	1
254	257	41	1
215	258	41	1
140	259	41	2
173	259	41	1
157	260	41	3
170	260	41	1
175	260	41	1
253	260	41	1
146	261	41	2
148	261	41	1
149	261	41	1
167	261	41	1
142	262	41	1
151	262	41	1
158	262	41	1
159	262	41	1
164	262	41	2
167	262	41	1
175	262	41	1
249	262	41	1
251	262	41	1
162	263	41	1
204	263	41	1
147	264	41	2
148	264	41	2
151	264	41	1
210	264	41	2
124	265	41	1
143	265	41	1
153	265	41	1
256	265	41	1
142	266	41	1
149	266	41	2
148	267	41	1
161	267	41	1
247	267	41	1
142	268	41	1
147	268	41	1
153	268	41	1
206	268	41	1
248	268	41	1
144	269	41	1
203	269	41	1
247	269	41	1
142	270	41	1
247	270	41	1
132	271	41	1
144	271	41	1
148	271	41	2
218	271	41	1
136	272	41	1
139	272	41	1
154	272	41	2
219	272	41	1
228	272	41	1
146	273	41	1
147	273	41	1
150	273	41	1
151	273	41	1
136	274	41	1
146	274	41	1
147	274	41	1
156	274	41	1
164	274	41	1
246	274	41	1
141	275	41	1
157	275	41	1
211	276	41	1
246	276	41	1
247	276	41	2
133	277	41	1
138	277	41	1
142	277	41	1
152	278	41	2
129	279	41	1
138	279	41	1
148	280	41	2
150	280	41	2
162	280	41	1
130	281	41	1
142	281	41	2
154	282	41	1
139	283	41	1
151	283	41	1
218	283	41	1
138	284	41	1
215	284	41	1
155	285	41	2
135	286	41	1
140	286	41	1
158	286	41	1
135	287	41	2
139	287	41	1
140	287	41	1
157	288	41	1
141	289	41	2
134	290	41	1
154	290	41	1
130	292	41	1
134	292	41	1
157	292	41	1
132	294	41	1
142	294	41	1
131	295	41	1
254	295	41	1
150	296	41	1
153	296	41	1
252	296	41	1
137	297	41	1
162	297	41	1
252	297	41	1
131	298	41	1
149	298	41	1
93	299	41	1
129	299	41	2
130	300	41	1
249	300	41	1
123	301	41	1
127	301	41	1
127	302	41	1
168	302	41	1
123	303	41	1
170	303	41	1
176	303	41	1
177	303	41	1
179	303	41	1
129	304	41	2
170	304	41	2
181	304	41	1
140	305	41	1
172	305	41	1
176	305	41	1
130	307	41	1
126	308	41	1
165	309	41	1
122	310	41	1
122	311	41	1
140	315	41	1
114	316	41	1
139	317	41	1
139	319	41	1
143	319	41	1
150	320	41	1
141	321	41	2
137	322	41	1
136	325	41	1
147	325	41	1
149	325	41	1
181	325	41	1
149	326	41	1
249	326	41	1
252	326	41	1
136	327	41	1
244	327	41	1
252	328	41	1
238	329	41	2
249	329	41	1
175	330	41	1
182	330	41	1
240	330	41	1
242	330	41	1
251	330	41	1
154	331	41	1
155	331	41	1
158	331	41	1
240	331	41	1
157	332	41	1
165	332	41	1
174	332	41	1
185	332	41	1
189	332	41	2
134	333	41	2
179	333	41	1
216	333	41	2
220	333	41	1
154	334	41	1
153	335	41	1
154	335	41	1
152	336	41	1
246	336	41	2
251	337	41	1
222	338	41	1
250	338	41	1
215	339	41	1
152	340	41	1
214	340	41	1
214	342	41	1
218	342	41	1
208	343	41	1
210	343	41	1
210	344	41	1
194	345	41	1
218	346	41	2
231	347	41	1
232	347	41	2
248	347	41	1
220	350	41	2
237	351	41	1
209	352	41	1
235	352	41	1
207	355	41	3
202	361	41	2
200	363	41	1
138	228	42	1
136	229	42	1
135	232	42	1
136	232	42	1
141	235	42	1
165	235	42	1
199	235	42	1
203	235	42	2
156	236	42	3
161	236	42	3
166	236	42	1
199	236	42	2
165	237	42	1
206	237	42	2
141	238	42	1
161	238	42	2
167	238	42	1
138	239	42	1
143	240	42	3
142	241	42	1
137	242	42	1
176	244	42	1
178	244	42	1
179	244	42	1
182	244	42	2
184	244	42	1
181	245	42	1
178	252	42	1
140	253	42	1
140	254	42	1
213	256	42	1
157	257	42	2
175	257	42	1
253	257	42	2
150	258	42	1
151	258	42	1
158	258	42	1
210	258	42	1
213	258	42	1
158	259	42	1
211	259	42	1
248	259	42	1
252	259	42	1
153	260	42	1
157	260	42	1
176	260	42	2
213	260	42	2
153	261	42	1
154	261	42	1
167	261	42	1
174	261	42	2
176	261	42	1
155	262	42	1
174	262	42	1
175	262	42	1
250	263	42	1
120	264	42	1
121	264	42	1
143	264	42	1
147	264	42	1
151	264	42	1
152	264	42	2
157	264	42	1
168	264	42	2
252	264	42	1
144	265	42	1
154	266	42	2
147	267	42	1
149	267	42	1
146	268	42	1
142	270	42	1
141	272	42	1
131	273	42	1
154	274	42	1
250	274	42	1
143	275	42	2
165	275	42	1
249	275	42	1
146	276	42	1
153	276	42	1
154	276	42	1
134	277	42	1
140	277	42	1
155	277	42	1
163	277	42	1
144	278	42	2
143	279	42	1
152	279	42	1
154	279	42	1
141	280	42	1
154	280	42	1
160	280	42	1
153	281	42	1
156	281	42	1
139	282	42	2
151	282	42	1
209	282	42	2
159	283	42	1
253	283	42	1
153	285	42	1
157	285	42	1
217	285	42	2
141	286	42	1
155	286	42	2
136	287	42	2
174	287	42	2
134	288	42	1
174	289	42	1
140	291	42	1
153	292	42	1
142	293	42	3
131	294	42	1
135	294	42	1
137	294	42	1
135	295	42	1
142	295	42	1
256	295	42	1
151	298	42	1
166	298	42	1
128	299	42	2
150	299	42	1
169	299	42	1
129	300	42	1
131	300	42	3
139	300	42	2
249	300	42	1
124	301	42	1
248	301	42	1
138	302	42	1
143	302	42	1
165	302	42	1
126	303	42	1
140	303	42	1
142	303	42	1
181	304	42	2
171	305	42	1
128	306	42	2
130	307	42	3
170	307	42	1
129	308	42	1
125	309	42	1
143	310	42	1
162	310	42	1
137	315	42	1
148	318	42	1
141	324	42	1
132	325	42	1
134	325	42	1
137	325	42	1
135	326	42	1
176	328	42	1
150	329	42	1
168	329	42	1
131	330	42	2
161	330	42	1
188	330	42	2
132	331	42	2
176	331	42	1
242	331	42	1
127	332	42	1
133	332	42	1
150	332	42	1
180	332	42	1
186	332	42	2
189	332	42	1
217	332	42	2
242	332	42	2
126	333	42	1
177	333	42	2
178	333	42	1
183	333	42	1
178	334	42	1
188	334	42	1
189	334	42	2
247	334	42	2
151	335	42	2
218	335	42	1
246	336	42	1
248	336	42	1
126	337	42	1
152	337	42	1
156	337	42	1
194	338	42	1
159	340	42	1
195	340	42	1
207	344	42	1
196	345	42	2
213	345	42	3
210	347	42	2
212	348	42	1
233	350	42	1
234	350	42	2
235	353	42	1
205	355	42	1
206	356	42	1
137	227	43	1
139	228	43	2
137	229	43	2
139	229	43	2
157	230	43	1
136	231	43	1
162	231	43	1
141	232	43	1
157	236	43	1
136	237	43	1
143	237	43	1
138	239	43	2
143	240	43	1
165	240	43	3
178	245	43	1
119	256	43	1
155	257	43	2
176	257	43	1
177	257	43	3
216	258	43	1
144	259	43	1
179	259	43	1
146	261	43	1
152	262	43	2
167	262	43	1
177	262	43	1
148	263	43	1
205	263	43	1
144	264	43	1
149	264	43	1
155	264	43	2
257	264	43	1
153	265	43	1
149	266	43	1
151	266	43	1
147	267	43	2
148	267	43	1
164	268	43	1
150	270	43	1
143	271	43	1
148	271	43	1
148	272	43	1
141	274	43	2
156	274	43	1
214	274	43	1
129	275	43	1
141	275	43	1
145	275	43	2
152	275	43	3
155	275	43	2
160	275	43	1
182	275	43	1
148	276	43	1
145	277	43	1
148	277	43	1
150	277	43	1
131	278	43	2
132	278	43	1
151	278	43	1
155	278	43	1
148	279	43	1
150	279	43	1
152	279	43	1
154	279	43	1
158	279	43	2
148	280	43	1
155	280	43	1
161	280	43	1
148	281	43	1
158	281	43	1
140	282	43	1
144	282	43	1
214	282	43	1
143	283	43	1
150	283	43	1
152	283	43	1
153	283	43	1
160	284	43	2
141	285	43	1
148	285	43	3
152	285	43	1
215	285	43	3
140	286	43	1
141	286	43	1
143	286	43	1
154	286	43	1
140	287	43	2
173	288	43	1
133	289	43	1
256	289	43	1
143	293	43	1
146	293	43	1
132	294	43	1
140	295	43	1
254	295	43	2
131	296	43	1
136	296	43	1
137	296	43	1
209	298	43	1
129	300	43	2
138	300	43	2
152	300	43	2
131	302	43	1
133	302	43	1
143	302	43	1
169	302	43	1
170	302	43	1
172	302	43	1
136	303	43	1
167	303	43	1
126	304	43	3
146	304	43	1
131	305	43	2
141	305	43	1
168	305	43	1
143	306	43	2
148	306	43	1
168	306	43	1
170	306	43	1
167	309	43	2
140	313	43	2
142	313	43	1
140	314	43	1
137	319	43	1
142	319	43	1
138	321	43	1
186	327	43	1
156	328	43	1
251	328	43	1
191	332	43	1
188	333	43	1
216	333	43	1
151	334	43	1
189	334	43	1
219	334	43	1
131	335	43	1
153	336	43	1
245	336	43	1
127	337	43	1
249	337	43	1
132	338	43	1
249	338	43	1
195	340	43	1
222	343	43	1
211	344	43	1
211	346	43	1
231	347	43	1
210	349	43	1
233	350	43	1
206	353	43	1
208	354	43	1
206	359	43	1
186	360	43	1
204	360	43	1
137	228	44	1
139	228	44	1
141	229	44	1
135	230	44	1
139	236	44	1
159	236	44	1
178	245	44	1
175	257	44	1
176	258	44	1
177	258	44	1
150	260	44	1
155	261	44	1
156	261	44	1
161	261	44	1
174	261	44	2
146	266	44	1
145	269	44	1
152	269	44	1
213	269	44	1
144	271	44	1
147	271	44	1
148	273	44	1
146	274	44	1
144	275	44	1
167	276	44	1
145	277	44	1
150	277	44	1
156	277	44	1
158	277	44	1
147	278	44	1
151	278	44	1
152	278	44	1
154	278	44	1
161	279	44	1
146	281	44	1
148	281	44	2
150	281	44	1
150	282	44	2
151	282	44	1
154	282	44	1
142	283	44	1
217	283	44	1
219	283	44	1
145	284	44	1
212	285	44	1
217	285	44	1
121	290	44	1
144	291	44	1
145	293	44	1
132	294	44	1
142	294	44	1
225	295	44	2
135	299	44	1
139	299	44	1
140	300	44	1
143	300	44	2
136	301	44	1
165	302	44	1
144	303	44	1
126	304	44	2
131	306	44	1
144	306	44	1
140	308	44	1
142	316	44	1
140	318	44	1
141	318	44	1
182	323	44	1
183	323	44	2
182	325	44	1
133	326	44	1
133	328	44	2
133	329	44	3
131	333	44	1
189	334	44	1
218	334	44	3
242	335	44	1
214	336	44	1
220	336	44	1
217	337	44	1
247	339	44	1
216	344	44	1
211	349	44	2
179	360	44	2
140	231	45	2
163	233	45	2
176	258	45	1
174	259	45	1
175	262	45	1
149	265	45	1
153	265	45	2
143	270	45	1
151	272	45	1
158	272	45	1
179	274	45	1
152	278	45	1
150	280	45	1
148	281	45	1
151	284	45	1
217	285	45	2
144	291	45	1
140	294	45	1
145	294	45	1
143	295	45	1
140	296	45	1
143	296	45	2
136	297	45	2
142	297	45	1
135	299	45	1
127	302	45	1
137	302	45	1
143	302	45	1
131	303	45	1
137	304	45	1
141	315	45	1
182	321	45	1
252	324	45	1
167	326	45	1
187	329	45	1
185	330	45	1
214	339	45	2
227	349	45	1
233	349	45	1
202	352	45	1
230	354	45	1
173	255	46	1
157	259	46	1
159	263	46	1
145	269	46	1
154	270	46	1
144	272	46	1
146	275	46	1
163	275	46	1
153	277	46	1
148	278	46	1
150	279	46	1
158	280	46	3
144	282	46	1
152	282	46	2
151	283	46	1
154	283	46	1
248	285	46	1
143	290	46	1
145	291	46	2
140	292	46	2
146	294	46	1
139	295	46	1
207	296	46	1
139	298	46	1
142	299	46	1
144	299	46	3
135	301	46	1
224	301	46	2
141	302	46	1
143	302	46	1
146	302	46	1
143	303	46	1
137	304	46	2
184	319	46	1
179	322	46	1
177	323	46	2
179	323	46	1
174	325	46	2
172	326	46	1
182	326	46	1
183	326	46	1
183	328	46	1
188	328	46	1
217	335	46	1
216	341	46	1
217	341	46	1
205	346	46	1
173	353	46	1
138	229	47	1
146	270	47	1
155	279	47	2
164	281	47	1
147	285	47	1
140	292	47	1
146	293	47	1
136	299	47	1
178	320	47	1
179	322	47	1
207	351	47	1
227	353	47	1
230	353	47	1
207	355	47	2
146	275	48	2
154	276	48	1
143	279	48	1
147	281	48	1
140	285	48	1
137	297	48	1
169	324	48	1
216	342	48	1
116	230	49	1
126	245	49	1
151	252	49	1
156	256	49	1
173	256	49	1
139	263	49	2
191	267	49	2
139	268	49	1
143	282	49	1
200	296	49	1
147	298	49	2
133	299	49	1
202	299	49	1
135	302	49	1
133	303	49	1
149	313	49	1
139	326	49	1
138	333	49	1
148	337	49	1
197	342	49	1
197	348	49	3
186	349	49	1
206	353	49	1
186	354	49	1
125	234	50	2
234	246	50	1
139	263	50	1
149	263	50	1
154	270	50	1
249	286	50	1
131	294	50	2
237	300	50	1
244	301	50	1
151	302	50	1
129	312	50	1
157	313	50	1
212	318	50	2
206	340	50	1
225	341	50	1
