x	y	z	Deregulated CDK5 triggers multiple neurodegenerative pathways in Alzheimer's disease models
237	278	24	2
245	284	24	2
239	287	24	1
251	287	24	1
246	289	24	1
231	268	25	1
234	271	25	1
230	272	25	1
227	273	25	2
235	273	25	1
236	273	25	1
230	274	25	1
231	274	25	1
235	274	25	1
238	274	25	1
235	275	25	1
237	275	25	1
232.5	276.5	25.5	1
233	276	25	1
233	277	25	1
237	277	25	1
247	277	25	1
232	278	25	1
236	278	25	1
232	279	25	1
236	279	25	1
237	279	25	1
241	279	25	1
247	279	25	1
232	280	25	1
248	280	25	1
234	281	25	1
237	281	25	1
240	281	25	1
249	281	25	2
231	282	25	1
233	282	25	1
235	282	25	1
237	282	25	1
245	282	25	2
235	283	25	1
238	283	25	1
243	283	25	1
247	283	25	1
241	284	25	1
243	284	25	1
245	284	25	1
247	284	25	1
249	284	25	1
215	285	25	1
235	285	25	1
238	285	25	1
239	285	25	1
243	285	25	1
244	285	25	1
246	285	25	1
250	285	25	1
252	285	25	1
235	286	25	1
236	286	25	1
241	286	25	1
243	286	25	1
245	286	25	1
249	287	25	1
237	288	25	1
242	289	25	1
252	289	25	1
225	290	25	1
238	290	25	1
249	290	25	1
250	290	25	1
235	291	25	1
241	291	25	1
235	292	25	1
238	292	25	1
244	292	25	1
249	292	25	1
239	293	25	1
239	294	25	1
240	294	25	1
242	294	25	1
246	294	25	1
237	295	25	1
242	296	25	1
244	296	25	1
243	297	25	1
240	298	25	3
241	299	25	1
176	259	26	1
182	259	26	1
229	262	26	1
232	263	26	1
229	264	26	1
237	266	26	1
241	267	26	1
235	268	26	1
236	269	26	1
236	271	26	1
224	272	26	1
232	272	26	1
236	272	26	1
239	273	26	1
231	274	26	1
238	274	26	2
236	275	26	1
231	276	26	1
235	276	26	1
239	276	26	1
207	277	26	1
236	277	26	1
240	277	26	1
247	277	26	1
233	278	26	2
207	279	26	1
231	279	26	1
236	279	26	2
249	279	26	1
230	280	26	1
238	280	26	1
240	280	26	1
247	280	26	1
236	281	26	1
240	281	26	1
249	281	26	1
250	281	26	1
208	282	26	1
209	282	26	1
212	282	26	1
215	282	26	3
231	282	26	1
234	282	26	1
237	282	26	1
249	282	26	2
250	282	26	1
251	282	26	1
253	282	26	1
254	282	26	2
209	283	26	1
234	283	26	1
238	283	26	1
251	283	26	1
215	284	26	2
232	284	26	1
237	284	26	1
248	284	26	1
214	285	26	1
232	285	26	1
234	285	26	1
244	285	26	1
245	285	26	2
253	285	26	1
232	286	26	2
235	286	26	1
237	286	26	1
240	286	26	1
246	286	26	1
247	286	26	1
239	287	26	1
243	287	26	1
247	287	26	1
252	287	26	2
253	287	26	1
236	288	26	1
243	288	26	1
245	288	26	2
249	288	26	1
250	288	26	1
252	288	26	1
234	289	26	1
237	289	26	1
240	289	26	1
248	289	26	1
250	289	26	2
251	289	26	1
233	290	26	1
237	290	26	1
240	290	26	1
242	290	26	1
250	290	26	1
232	291	26	1
235	291	26	1
239	291	26	2
240	291	26	1
245	291	26	1
249	291	26	2
240	292	26	1
242	292	26	1
245	292	26	1
236	293	26	1
237	293	26	1
245	293	26	1
247	293	26	1
253	293	26	1
220	294	26	1
239	294	26	1
240	294	26	1
249	294	26	1
239	295	26	2
240	295	26	1
242	295	26	1
244	295	26	1
240	296	26	2
243	296	26	1
244	296	26	2
237	297	26	1
240	297	26	1
240	299	26	2
243	299	26	1
241	300	26	3
182	255	27	1
183	259	27	2
185	259	27	2
188	259	27	1
228	259	27	1
231	259	27	1
227	260	27	1
228	260	27	2
237	260	27	1
180	261	27	2
182	261	27	1
184	261	27	1
228	261	27	1
229	261	27	1
182	262	27	1
186	262	27	1
227	262	27	1
175	263	27	1
179	263	27	1
211	263	27	2
229	263	27	1
236	263	27	2
238	263	27	3
239	263	27	1
244	263	27	2
209	264	27	2
222	264	27	1
225	264	27	1
226	264	27	1
230	264	27	1
234	264	27	1
239	264	27	2
248	264	27	1
181	265	27	1
184	265	27	2
212	265	27	1
238	265	27	1
201	266	27	1
226	266	27	1
235	266	27	1
239	266	27	1
214	267	27	1
228	267	27	1
230	267	27	3
249	267	27	1
180	268	27	1
197	268	27	1
214	268	27	1
215	268	27	1
223	268	27	1
230	268	27	1
238	268	27	1
179	269	27	1
205	269	27	1
207	269	27	1
227	269	27	1
228	269	27	1
229	269	27	1
231	269	27	3
240	269	27	1
243	269	27	1
178	270	27	1
181	270	27	2
192	270	27	1
230	270	27	1
238	270	27	1
180	271	27	2
181	271	27	1
182	271	27	1
206	271	27	1
208	271	27	1
209	271	27	1
210	271	27	2
211	271	27	1
217	271	27	2
222	271	27	2
223	271	27	1
225	271	27	1
226	271	27	1
228	271	27	1
231	271	27	3
232	271	27	1
234	271	27	1
235	271	27	1
238	271	27	1
250	271	27	1
251	271	27	1
176	272	27	1
205	272	27	1
213	272	27	1
214	272	27	1
220	272	27	1
239	272	27	3
249	272	27	2
203	273	27	1
210	273	27	1
215	273	27	1
223	273	27	1
232	273	27	1
235	273	27	3
239	273	27	2
248	273	27	1
253	273	27	1
211	274	27	1
212	274	27	1
214	274	27	1
226	274	27	1
227	274	27	3
228	274	27	1
238	274	27	2
184	275	27	1
185	275	27	1
206	275	27	1
208	275	27	1
211	275	27	1
214	275	27	1
220	275	27	1
224	275	27	1
245	275	27	1
246	275	27	1
206	276	27	1
207	276	27	1
209	276	27	1
230	276	27	1
234	276	27	1
252	276	27	1
205	277	27	1
207	277	27	1
212	277	27	1
224	277	27	1
233	277	27	1
236	277	27	1
243	277	27	1
244	277	27	2
250	277	27	2
209	278	27	2
224	278	27	2
238	278	27	1
240	278	27	1
244	278	27	1
248	278	27	2
232	279	27	1
235	279	27	1
237	279	27	1
238	279	27	1
239	279	27	1
245	279	27	2
247	279	27	2
204	280	27	2
207	280	27	1
208	280	27	1
241	280	27	1
250	280	27	1
251	280	27	1
256	280	27	1
206	281	27	1
207	281	27	1
217	281	27	1
218	281	27	1
222	281	27	1
233	281	27	1
237	281	27	1
239	281	27	1
241	281	27	1
243	281	27	2
244	281	27	1
249	281	27	1
252	281	27	1
256	281	27	1
257	281	27	2
205	282	27	1
210	282	27	1
213	282	27	1
214	282	27	1
227	282	27	2
231	282	27	1
242	282	27	1
244	282	27	2
249	282	27	1
252	282	27	2
253	282	27	1
254	282	27	2
201	283	27	1
206	283	27	1
221	283	27	1
232	283	27	2
234	283	27	1
242	283	27	1
245	283	27	1
247	283	27	1
253	283	27	1
254	283	27	1
256	283	27	1
206	284	27	1
232	284	27	1
235	284	27	1
238	284	27	1
249	284	27	1
251	284	27	1
208	285	27	2
211	285	27	1
213	285	27	1
219	285	27	1
220	285	27	1
223	285	27	1
235	285	27	1
236	285	27	3
241	285	27	1
242	285	27	1
253	285	27	2
256	285	27	1
209	286	27	1
222	286	27	1
234	286	27	2
236	286	27	1
240	286	27	1
247	286	27	1
249	286	27	1
254	286	27	1
256	286	27	1
214	287	27	1
227	287	27	1
228	287	27	1
231	287	27	1
232	287	27	1
234	287	27	2
237	287	27	1
243	287	27	2
246	287	27	1
250	287	27	1
251	287	27	1
214	288	27	1
223	288	27	1
225	288	27	1
228	288	27	2
232	288	27	1
236	288	27	1
241	288	27	1
247	288	27	2
249	288	27	1
252	288	27	1
253	288	27	1
255	288	27	1
222	289	27	1
231	289	27	1
234	289	27	1
235	289	27	1
238	289	27	1
246	289	27	1
207	290	27	1
214	290	27	1
222	290	27	1
224	290	27	2
225	290	27	1
226	290	27	1
227	290	27	1
231	290	27	2
237	290	27	1
241	290	27	1
246	290	27	2
247	290	27	1
249	290	27	1
221	291	27	1
222	291	27	1
233	291	27	2
237	291	27	1
240	291	27	1
246	291	27	1
252	291	27	1
212	292	27	1
221	292	27	1
237	292	27	1
238	292	27	1
241	292	27	1
244	292	27	1
249	292	27	1
253	292	27	1
211	293	27	1
220	293	27	1
221	293	27	2
222	293	27	1
227	293	27	1
237	293	27	1
239	293	27	1
240	293	27	1
242	293	27	2
250	293	27	1
253	293	27	2
224	294	27	1
235	294	27	1
249	294	27	1
251	294	27	1
211	295	27	1
218	295	27	1
220	295	27	1
226	295	27	1
241	295	27	1
243	295	27	2
249	295	27	1
221	296	27	2
240	296	27	1
244	296	27	2
251	297	27	1
253	297	27	1
237	298	27	1
245	298	27	1
223	299	27	1
236	299	27	1
237	299	27	1
240	299	27	1
241	299	27	1
242	299	27	2
226	300	27	1
227	300	27	1
228	300	27	2
237	300	27	1
238	300	27	1
241	300	27	1
248	300	27	1
227	301	27	1
235	301	27	1
237	301	27	1
238	301	27	1
239	301	27	2
241	301	27	1
250	301	27	1
251	301	27	1
238	302	27	1
239	302	27	1
244	302	27	1
241	303	27	1
235	305	27	1
237	305	27	1
231	264	28	2
232	264	28	1
232	266	28	1
235	266	28	1
231	267	28	1
238	268	28	1
237	269	28	1
238	269	28	2
237	270	28	1
250	270	28	1
237	271	28	1
206	272	28	1
234	272	28	1
235	273	28	1
235	274	28	1
235	276	28	2
237	276	28	1
236	277	28	3
237	277	28	1
238	277	28	1
237	279	28	2
208	281	28	2
248	281	28	1
234	282	28	1
235	282	28	1
247	283	28	1
249	283	28	1
248	284	28	1
254	284	28	1
240	285	28	1
245	285	28	1
235	286	28	1
237	286	28	1
248	287	28	1
245	288	28	1
228	289	28	1
249	289	28	1
253	289	28	1
226	290	28	1
242	290	28	1
244	290	28	1
226	291	28	1
247	291	28	1
248	291	28	1
222	292	28	2
241	292	28	1
247	292	28	1
248	292	28	2
243	293	28	2
249	294	28	1
250	294	28	1
240	295	28	1
245	297	28	1
240	300	28	1
229	255	29	1
235	256	29	1
182	257	29	1
237	258	29	1
229	259	29	1
238	259	29	1
181	260	29	1
240	260	29	1
183	261	29	1
199	261	29	1
220	262	29	1
232	263	29	1
248	263	29	2
229	264	29	1
232	264	29	1
215	265	29	2
232	265	29	1
235	265	29	1
232	266	29	1
234	266	29	1
245	266	29	1
248	266	29	1
197	267	29	1
231	267	29	1
241	267	29	1
249	267	29	1
237	268	29	1
238	268	29	1
244	268	29	1
180	269	29	2
193	269	29	1
240	269	29	2
175	270	29	2
178	270	29	1
196	270	29	1
215	270	29	1
234	270	29	1
237	270	29	1
239	270	29	1
173	271	29	2
182	271	29	1
204	271	29	1
234	271	29	1
238	271	29	1
240	271	29	1
251	271	29	1
211	272	29	1
213	272	29	1
241	272	29	1
245	272	29	1
207	273	29	1
249	273	29	1
180	274	29	1
232	274	29	1
184	275	29	2
231	275	29	2
232	275	29	2
236	275	29	1
238	275	29	1
241	275	29	1
228	276	29	1
232	276	29	1
236	276	29	2
241	276	29	1
246	276	29	1
249	276	29	1
237	277	29	1
240	277	29	2
247	277	29	1
208	278	29	1
244	278	29	1
250	278	29	2
234	279	29	1
235	279	29	1
245	279	29	1
246	279	29	2
248	279	29	1
252	279	29	1
254	279	29	1
256	279	29	2
205	280	29	1
251	280	29	2
252	280	29	2
237	281	29	1
247	281	29	1
248	281	29	1
213	282	29	1
246	282	29	1
250	282	29	1
251	282	29	1
215	283	29	1
236	283	29	1
237	283	29	1
220	284	29	1
234	284	29	2
235	284	29	1
236	284	29	1
245	284	29	2
252	284	29	1
219	285	29	1
239	285	29	1
244	285	29	1
247	285	29	1
253	285	29	1
236	286	29	1
240	286	29	1
247	286	29	2
248	286	29	1
252	286	29	1
226	287	29	1
232	287	29	1
233	287	29	2
234	287	29	1
238	287	29	3
244	287	29	1
246	287	29	1
247	287	29	1
234	288	29	1
235	288	29	1
236	288	29	1
241	288	29	1
244	288	29	1
249	288	29	2
224	289	29	2
243	289	29	1
250	289	29	1
246	290	29	2
247	290	29	1
222	291	29	2
226	291	29	1
238	291	29	1
247	291	29	1
250	291	29	1
236	292	29	1
237	292	29	1
241	292	29	1
248	292	29	1
237	293	29	1
239	293	29	1
242	293	29	2
247	293	29	1
248	293	29	1
253	293	29	1
236	294	29	1
238	294	29	1
240	294	29	1
243	294	29	1
245	294	29	2
220	295	29	2
245	295	29	1
222	296	29	1
252	296	29	2
253	296	29	1
240	297	29	1
248	297	29	1
219	298	29	1
221	298	29	1
242	298	29	1
247	298	29	1
240	299	29	1
252	299	29	1
225	300	29	1
235	300	29	1
236	300	29	1
237	300	29	1
239	300	29	1
221	301	29	1
227	301	29	1
241	301	29	1
250	302	29	1
229	250	30	1
225	251	30	1
215	252	30	1
233	252	30	1
228	253	30	1
231	254	30	1
233	254	30	1
215	255	30	2
229	256	30	1
231	256	30	1
192	257	30	1
203	257	30	1
209	257	30	1
215	257	30	1
227	257	30	1
229	257	30	1
230	257	30	1
176	258	30	2
181	258	30	3
228	258	30	1
231	258	30	1
239	258	30	2
214	259	30	1
216	259	30	1
220	259	30	1
227	259	30	1
228	259	30	1
232	259	30	1
235	259	30	1
241	259	30	1
186	260	30	1
219	260	30	1
231	260	30	1
238	260	30	1
184	261	30	1
187	261	30	1
194	261	30	1
198	261	30	1
215	261	30	1
218	261	30	1
219	261	30	1
239	261	30	1
188	262	30	2
193	262	30	2
218	262	30	1
220	262	30	1
227	262	30	2
231	262	30	1
233	262	30	2
240	262	30	1
193	263	30	1
210	263	30	2
211	263	30	1
215	263	30	1
219	263	30	1
226	263	30	1
230	263	30	1
234	263	30	1
211	264	30	1
222	264	30	1
232	264	30	1
233	264	30	1
238	264	30	1
246	264	30	1
249	264	30	2
191	265	30	2
208	265	30	1
212	265	30	1
213	265	30	2
216	265	30	1
219	265	30	1
228	265	30	1
230	265	30	1
231	265	30	1
234	265	30	1
235	265	30	1
184	266	30	1
188	266	30	1
189	266	30	1
211	266	30	1
228	266	30	1
229	266	30	1
230	266	30	1
233	266	30	1
240	266	30	1
241	266	30	2
243	266	30	2
247	266	30	1
176	267	30	1
191	267	30	2
194	267	30	2
208	267	30	1
209	267	30	1
225	267	30	2
228	267	30	2
229	267	30	2
231	267	30	1
232	267	30	1
239	267	30	1
249	267	30	1
250	267	30	1
182	268	30	1
191	268	30	1
213	268	30	2
214	268	30	1
226	268	30	1
230	268	30	1
237	268	30	1
238	268	30	1
239	268	30	1
172	269	30	1
177	269	30	1
178	269	30	1
182	269	30	1
196	269	30	1
197	269	30	1
213	269	30	1
222	269	30	1
238	269	30	1
247	269	30	1
249	269	30	1
198	270	30	1
201	270	30	1
207	270	30	1
231	270	30	1
233	270	30	1
234	270	30	1
250	270	30	1
175	271	30	1
176	271	30	2
181	271	30	1
183	271	30	1
188	271	30	1
194	271	30	1
201	271	30	1
206	271	30	2
207	271	30	1
208	271	30	1
211	271	30	2
212	271	30	1
225	271	30	1
232	271	30	1
233	271	30	1
238	271	30	2
249	271	30	1
180	272	30	1
181	272	30	1
184	272	30	1
224	272	30	1
233	272	30	1
240	272	30	1
203	273	30	1
213	273	30	1
214	273	30	1
231	273	30	1
185	274	30	1
203	274	30	1
209	274	30	1
212	274	30	1
236	274	30	1
247	274	30	1
175	275	30	1
203	275	30	1
212	275	30	1
215	275	30	1
239	275	30	1
249	275	30	1
179	276	30	2
205	276	30	1
241	276	30	1
250	276	30	1
253	276	30	1
208	277	30	1
237	277	30	2
241	277	30	1
243	277	30	2
250	277	30	2
251	277	30	1
175	278	30	1
190	278	30	1
203	278	30	1
206	278	30	1
230	278	30	1
235	278	30	1
243	278	30	1
250	278	30	1
221	279	30	1
234	279	30	1
238	279	30	1
241	279	30	1
244	279	30	1
251	279	30	1
175	280	30	1
176	280	30	1
237	280	30	1
241	280	30	1
248	280	30	1
252	280	30	1
179	281	30	1
214	281	30	2
240	281	30	2
242	281	30	1
245	281	30	1
246	281	30	1
249	281	30	1
254	281	30	1
174	282	30	1
177	282	30	1
181	282	30	1
210	282	30	2
219	282	30	1
220	282	30	1
221	282	30	1
223	282	30	1
229	282	30	1
232	282	30	3
233	282	30	2
252	282	30	1
254	282	30	1
256	282	30	1
202	283	30	1
215	283	30	2
234	283	30	1
238	283	30	1
239	283	30	1
244	283	30	1
248	283	30	1
250	283	30	1
251	283	30	1
180	284	30	2
220	284	30	1
221	284	30	1
224	284	30	1
226	284	30	1
233	284	30	1
241.666666666667	284.666666666667	31	1
243	284	30	2
245	284	30	2
250	284	30	1
251	284	30	2
254	284	30	1
206	285	30	2
225	285	30	1
226	285	30	1
227	285	30	1
229	285	30	1
233	285	30	1
245	285.666666666667	31	3
251	285	30	1
252	285	30	1
254	285	30	1
255	285	30	1
223	286	30	1
224	286	30	1
230	286	30	1
234	286	30	1
245	286	30	1
251	286	30	1
252	286	30	3
257	286	30	1
207	287	30	1
219	287	30	1
222	287	30	1
224	287	30	1
225	287	30	1
231	287	30	1
241	287	30	1
244	287	30	1
246	287	30	2
251	287	30	1
254	287	30	1
255	287	30	2
199	288	30	1
221	288	30	1
226	288	30	1
231	288	30	1
234	288	30	1
236	288	30	1
241	288	30	1
243	288	30	1
245	288	30	1
248	288	30	1
252	288	30	1
223	289	30	3
226	289	30	1
230	289	30	1
231	289	30	1
232	289	30	2
235	289	30	1
237	289	30	1
252	289	30	1
198	290	30	1
225	290	30	2
232	290	30	1
239	290	30	1
246	290	30	1
253	290	30	1
222	291	30	1
223	291	30	2
242	291	30	1
244	291	30	2
258	291	30	1
194	292	30	1
197	292	30	2
198	292	30	1
203	292	30	1
213	292	30	1
223	292	30	1
226	292	30	1
230	292	30	1
232	292	30	1
235	292	30	2
236	292	30	1
245	292	30	1
247	292	30	2
257	292	30	1
223	293	30	1
229	293	30	1
231	293	30	1
251	293	30	1
220	294	30	1
225	294	30	1
229	294	30	1
230	294	30	2
231	294	30	1
240	294	30	1
243	294	30	1
245	294	30	1
249	294	30	2
250	294	30	1
251	294	30	1
254	294	30	1
221	295	30	1
234	295	30	1
250	295	30	2
255	295	30	1
256	295	30	1
232	296	30	1
235	296	30	1
241	296	30	1
243	296	30	1
246	296	30	1
221	297	30	1
223	297	30	1
229	297	30	1
232	297	30	2
240	297	30	1
241	297	30	1
243	297	30	2
245	297	30	1
215	298	30	1
221	298	30	1
224	298	30	1
228	298	30	1
231	298	30	1
235	298	30	1
236	298	30	1
240	298	30	1
242	298	30	2
247	298	30	1
248	298	30	1
249	298	30	1
251	298	30	2
221	299	30	1
227	299	30	1
229	299	30	1
230	299	30	2
236	299	30	1
246	299	30	1
247	299	30	1
252	299	30	1
218	300	30	1
222	300	30	2
236	300	30	1
237	300	30	1
240	300	30	2
246	300	30	2
248	300	30	1
251	300	30	1
223	301	30	1
227	301	30	1
235	301	30	1
244	301	30	1
245	301	30	3
249	301	30	1
221	302	30	2
226	302	30	1
231	302	30	1
239	302	30	1
247	302	30	1
217	303	30	1
239	303	30	1
240	303	30	1
233	304	30	1
234	304	30	1
238	304	30	1
223	305	30	1
236	305	30	1
236	306	30	1
235	250	31	1
235	252	31	1
193	253	31	1
217	253	31	1
224	253	31	1
228	253	31	1
233	253	31	2
237	253	31	1
238	253	31	2
227	254	31	1
229	254	31	1
238	254	31	1
191	255	31	2
195	255	31	1
226	255	31	1
229	255	31	1
238	255	31	1
215	256	31	3
216	256	31	1
177	257	31	1
216	257	31	1
229	257	31	1
230	257	31	1
232	257	31	1
233	257	31	3
190	258	31	1
215	258	31	1
227	258	31	1
226	259	31	1
227	259	31	1
235	259	31	1
187	260	31	1
220	260	31	1
224	260	31	2
228	260	31	1
231	260	31	1
235	260	31	1
239	260	31	1
242	260	31	2
245	260	31	1
184	261	31	1
193	261	31	1
210	261	31	1
225	261	31	1
226	261	31	1
228	261	31	1
235	261	31	2
237	261	31	1
243	261	31	1
195	262	31	1
211	262	31	1
217	262	31	1
219	262	31	1
230	262	31	3
233	262	31	1
240	262	31	1
186	263	31	1
193	263	31	1
194	263	31	2
219	263	31	1
228	263	31	1
234	263	31	1
248	263	31	1
187	264	31	1
190	264	31	1
199	264	31	1
215	264	31	1
222	264	31	2
223	264	31	1
232	264	31	1
237	264	31	1
246	264	31	1
205	265	31	1
215	265	31	2
232	265	31	1
234	265	31	1
235	265	31	2
238	265	31	1
240	265	31	1
249	265	31	1
187	266	31	1
212	266	31	1
213	266	31	1
215	266	31	2
217	266	31	1
219	266	31	1
229	266	31	2
231	266	31	1
233	266	31	1
236	266	31	1
243	266	31	2
176	267	31	1
183	267	31	1
186	267	31	2
194	267	31	1
197	267	31	1
217	267	31	1
224	267	31	1
247	267	31	1
248	267	31	1
184	268	31	1
193	268	31	2
198	268	31	1
213	268	31	1
215	268	31	1
218	268	31	1
219	268	31	1
222	268	31	2
224	268	31	1
244	268	31	3
245	268	31	2
183	269	31	2
184	269	31	1
199	269	31	1
214	269	31	1
231	269	31	1
234	269	31	1
238	269	31	3
242	269	31	1
252	269	31	1
178	270	31	1
186	270	31	1
198	270	31	1
199	270	31	2
200	270	31	2
201	270	31	2
176	271	31	1
199	271	31	2
200	271	31	1
209	271	31	1
213	271	31	1
214	271	31	2
231	271	31	2
232	271	31	1
233	271	31	1
239	271	31	1
247	271	31	2
249	271	31	1
251	271	31	2
176	272	31	1
184	272	31	1
204	272	31	1
205	272	31	1
206	272	31	1
210	272	31	1
214	272	31	1
216	272	31	2
226	272	31	1
232	272	31	1
234	272	31	1
236	272	31	2
238	272	31	1
243	272	31	1
249	272	31	1
251	272	31	1
176	273	31	1
181	273	31	1
209	273	31	1
229	273	31	1
237	273	31	2
239	273	31	1
240	273	31	4
244	273	31	1
249	273	31	1
250	273	31	1
185	274	31	1
209	274	31	1
210	274	31	1
211	274	31	1
214	274	31	1
225	274	31	1
233	274	31	1
237	274	31	1
182	275	31	1
201	275	31	1
229	275	31	1
184	276	31	1
226	276	31	1
233	276	31	1
237	276	31	1
241	276	31	2
243	276	31	1
246	276	31	1
236	277	31	1
237	277	31	2
180	278	31	1
206	278	31	1
237	278	31	1
243	278	31	1
246	278	31	1
247	278	31	1
178	279	31	1
205	279	31	1
236	279	31	1
238	279	31	1
246	279	31	1
249	279	31	1
205	280	31	2
236	280	31	1
238	280	31	1
241	280	31	1
181	281	31	1
206	281	31	1
220	281	31	1
222	281	31	1
223	281	31	1
224	281	31	1
233	281	31	2
235	281	31	2
240	281	31	1
220	282	31	1
241	282	31	1
250	282	31	2
224	283	31	1
231	283	31	1
233	283	31	1
235	283	31	1
236	283	31	1
244	283	31	1
246	283	31	1
251	283	31	1
253	283	31	1
176	284	31	1
177	284	31	1
219	284	31	1
220	284	31	1
237	284	31	1
238	284	31	1
243	284	31	1
248	284	31	1
256	284	31	1
257	284	31	2
179	285	31	1
223	285	31	2
224	285	31	1
225	285	31	1
226	285	31	1
231	285	31	3
234	285	31	1
245	285	31	1
251	285	31	1
253	285	31	1
255	285	31	1
256	285	31	1
180	286	31	3
222	286	31	1
225	286	31	1
231	286	31	1
240	286	31	1
249	286	31	1
222	287	31	1
223	287	31	1
226	287	31	1
228	287	31	1
239	287	31	1
244	287	31	1
256	287	31	2
187	288	31	1
220	288	31	1
221	288	31	1
223	288	31	2
225	288	31	2
226	288	31	2
233	288	31	1
234	288	31	1
240.5	288.5	31.5	1
244	288	31	2
185	289	31	1
227	289	31	1
232	289	31	2
235	289	31	1
237	289	31	2
238	289	31	2
240	289	31	2
242	289	31	1
244	289	31	1
247	289	31	2
252	289	31	1
221	290	31	1
225	290	31	1
226	290	31	1
227	290	31	1
230	290	31	1
237	290	31	1
239	290	31	1
223	291	31	1
229	291	31	1
231	291	31	1
255	291	31	1
198	292	31	1
201	292	31	1
230	292	31	1
232	292	31	1
235	292	31	1
247	292	31	1
254	292	31	2
198	293	31	1
221	293	31	1
222	293	31	1
228	293	31	1
229	293	31	1
230	293	31	1
233	293	31	1
198	294	31	1
220	294	31	1
222	294	31	1
227	294	31	1
232	294	31	1
247	294	31	1
250	294	31	1
198	295	31	1
223	295	31	1
231	295	31	1
234	295	31	1
240	295	31	1
241	295	31	1
243	295	31	2
248	295	31	1
252	295	31	1
255	295	31	1
199	296	31	1
224	296	31	2
225	296	31	1
235	296	31	2
236	296	31	2
242	296	31	2
243	296	31	1
247	296	31	1
253	296	31	2
195	297	31	1
224	297	31	1
225	297	31	1
248	297	31	1
223	298	31	1
224	298	31	1
228	298	31	2
229	298	31	1
232	298	31	1
250	298	31	1
252	298	31	1
229	299	31	2
245	299	31	1
218	300	31	1
226	300	31	1
230	300	31	1
241	300	31	1
249	300	31	2
250	300	31	1
226	301	31	1
228	301	31	1
230	301	31	1
232	301	31	2
246	301	31	1
222	302	31	1
223	302	31	1
239	302	31	1
240	302	31	1
242	302	31	1
248	302	31	1
231	303	31	1
234	303	31	1
236	303	31	2
242	303	31	1
232	304	31	2
235	304	31	2
243	304	31	1
244	304	31	2
224	305	31	1
225	305	31	1
236	305	31	1
236	306	31	1
224	307	31	1
226	309	31	1
226	250	32	1
231	250	32	1
217	252	32	1
226	252	32	1
231	252	32	1
235	252	32	1
193	253	32	1
215	254	32	1
223	254	32	1
239	254	32	2
188	255	32	2
215	255	32	1
218	255	32	1
238	255	32	2
240	255	32	1
216	256	32	1
229	256	32	1
232	256	32	2
237	256	32	1
203	257	32	1
210	257	32	3
218	257	32	1
219	257	32	1
228	257	32	2
238	257	32	2
182	258	32	1
214	258	32	2
215	258	32	2
218	258	32	1
219	258	32	1
226	258	32	2
230	258	32	1
231	258	32	1
235	258	32	1
239	258	32	1
241	258	32	1
188	259	32	2
193	259	32	1
211	259	32	2
213	259	32	1
214	259	32	1
217	259	32	1
231	259	32	1
237	259	32	1
245	259	32	1
247	259	32	1
182	260	32	1
211	260	32	1
214	260	32	1
216	260	32	1
230	260	32	1
238	260	32	1
239	260	32	1
240	260	32	2
246	260	32	1
211	261	32	3
215	261	32	2
220	261	32	1
228	261	32	1
229	261	32	1
230	261	32	1
242	261	32	1
186	262	32	1
197	262	32	1
207	262	32	1
218	262	32	1
219	262	32	1
221	262.666666666667	33	1
224	262	32	2
227	262	32	1
228	262	32	2
235	262	32	2
242	262	32	1
245	262	32	2
246	262	32	1
216	263	32	1
221	263	32	1
228	263	32	2
231	263	32	1
233	263	32	2
237	263	32	1
241	263	32	1
251	263	32	1
188	264	32	1
192	264	32	1
193	264	32	1
204	264	32	1
212	264	32	1
215	264	32	1
216	264	32	1
217	264	32	1
221	264	32	2
232	264	32	1
236	264	32	2
240	264	32	2
247	264	32	1
248	264	32	1
250	264	32	1
189	265	32	1
194	265	32	1
195	265	32	1
198	265	32	1
204	265	32	1
206	265	32	1
230	265	32	1
233	265	32	2
238	265	32	2
243	265	32	1
248	265	32	1
189	266	32	1
197	266	32	1
213	266	32	1
221	266	32	1
232	266	32	1
239	266	32	1
243	266	32	1
247	266	32	2
248	266	32	1
252	266	32	1
188	267	32	1
197	267	32	1
205	267	32	1
211	267	32	2
221	267	32	1
225	267	32	1
231	267	32	1
242	267	32	1
245.5	267.5	32.5	1
246	267	32	1
188	268	32	1
193	268	32	1
194	268	32	1
206	268	32	1
216	268	32	2
220	268	32	2
224	268	32	1
231	268	32	1
233	268	32	1
239	268	32	1
247	268	32	1
253	268	32	1
177	269	32	1
196	269	32	1
211	269	32	1
228	269	32	1
232	269	32	1
233	269	32	1
238	269	32	1
239	269	32	2
241	269	32	1
248	269	32	1
251	269	32	1
173	270	32	1
184	270	32	1
200	270	32	1
210	270	32	1
211	270	32	1
216	270	32	1
222	270	32	1
243	270	32	1
248	270	32	1
173	271	32	1
174	271	32	1
180	271	32	1
184	271	32	2
208	271	32	1
209	271	32	1
210	271	32	1
213	271	32	1
214	271	32	1
240	271	32	1
244	271	32	1
246	271	32	1
247	271	32	2
249	271	32	3
173	272	32	1
177	272	32	1
183	272	32	1
198	272	32	1
200	272	32	1
201	272	32	3
202	272	32	1
207	272	32	1
209	272	32	1
216	272	32	1
237	272	32	2
239	272	32	1
240	272	32	2
241	272	32	1
255	272	32	1
174	273	32	2
186	273	32	1
201	273	32	1
208	273	32	1
209	273	32	1
229	273	32	1
235	273	32	1
239	273	32	1
240	273	32	1
245	273	32	1
246	273	32	1
250	273	32	1
173	274	32	1
179	274	32	1
185	274	32	1
204	274	32	1
205	274	32	2
206	274	32	1
209	274	32	1
215	274	32	1
233	274	32	2
234	274	32	2
236	274	32	1
238	274	32	2
240	274	32	1
246	274	32	1
252	274	32	1
186	275	32	1
203	275	32	1
213	275	32	1
236	275	32	1
247	275	32	2
250	275	32	1
203	276	32	1
205	276	32	1
210	276	32	2
228	276	32	1
233	276	32	1
236	276	32	1
238	276	32	1
241	276	32	1
249	276	32	1
174	277	32	1
175	277	32	1
205	277	32	1
236	277	32	1
248	277	32	1
249	277	32	1
250	277	32	1
254	277	32	1
176	278	32	1
224	278	32	1
238	278	32	1
249	278	32	1
205	279	32	1
234	279	32	1
244	279	32	1
246	279	32	1
247	279	32	1
250	279	32	1
255	279	32	1
173	280	32	1
175	280	32	3
176	280	32	1
177	280	32	1
245	280	32	2
249	280	32	1
179	281	32	1
181	281	32	1
217	281	32	1
222	281	32	1
236	281	32	1
239	281	32	1
240	281	32	1
241	281	32	1
242	281	32	1
244	281	32	1
248	281	32	1
251	281	32	1
187	282	32	1
188	282	32	1
204	282	32	1
221	282	32	1
237	282	32	1
242	282	32	1
245	282	32	1
247	282	32	2
256	282	32	1
173	283	32	1
179	283	32	1
207	283	32	1
221	283	32	1
224	283	32	1
230	283	32	2
236	283	32	1
237	283	32	2
238	283	32	1
240	283	32	1
241	283	32	2
245	283	32	1
176	284	32	1
178	284	32	2
186	284	32	1
205	284	32	1
206	284	32	1
222	284	32	1
229	284	32	1
233	284	32	3
237	284	32	2
241	284	32	1
252	284	32	1
254	284	32	1
182	285	32	1
208	285	32	1
215	285	32	1
229	285	32	1
231	285	32	1
234	285	32	2
236	285	32	1
241	285	32	1
243	285	32	1
244	285	32	1
246	285	32	1
252	285	32	1
174	286	32	1
207	286	32	1
221	286	32	1
231	286	32	1
237	286	32	1
243	286	32	2
249	286	32	1
177	287	32	1
187	287	32	1
223	287	32	1
224	287	32	1
225	287	32	1
226	287	32	1
228	287	32	2
236.5	287.5	32.5	1
240	287	32	1
241	287	32	1
247	287	32	1
203	288	32	1
221	288	32	1
225	288	32	1
232	288	32	1
235	288	32	3
244	288	32	1
247	288	32	2
248	288	32	1
249	288	32	1
185	289	32	1
222	289	32	1
224	289	32	1
229	289	32	1
231	289	32	1
238	289	32	1
239	289	32	1
248	289	32	1
256	289	32	1
187	290	32	1
220	290	32	1
224	290	32	1
225	290	32	1
226	290	32	1
230	290	32	1
231	290	32	1
239	290	32	1
250	290	32	1
255	290	32	1
226	291	32	1
236	291	32	1
238	291	32	2
242	291	32	2
243	291	32	1
244	291	32	1
245	291	32	1
246	291	32	2
254	291	32	1
197	292	32	1
204	292	32	2
221	292	32	2
225	292	32	1
228	292	32	1
229	292	32	1
233	292	32	1
234	292	32	1
238	292	32	2
246	292	32	1
251	292	32	3
255	292	32	1
256	292	32	1
257	292	32	1
197	293	32	1
218	293	32	1
220	293	32	1
228	293	32	1
237	293	32	1
249	293	32	1
253	293	32	1
225	294	32	1
227	294	32	1
230	295	33	1
233	294	32	1
235	294	32	1
236	294	32	1
247	294	32	1
195	295	32	1
223	295	32	1
225	295	32	1
226	295	32	1
230	295	32	1
245	295	32	2
248	295	32	1
187	296	32	2
197	296	32	1
218	296	32	1
223	296	32	1
228	296	32	3
229	296	32	1
230	296	32	1
231	296	32	1
232	296	32	1
233	296	32	1
242	296	32	1
245	296	32	1
249	296	32	2
255	296	32	1
198	297	32	1
225	297	32	1
226	297	32	3
227	297	32	2
230	297	32	1
234	297	32	1
242	297	32	1
244	297	32	1
247	297	32	2
249	297	32	1
251	297	32	1
252	297	32	2
195	298	32	1
219	298	32	1
230	298	32	2
236	298	32	1
248	298	32	1
249	298	32	1
251	298	32	1
196	299	32	2
240	299	32	1
242	299	32	1
196	300	32	1
197	300	32	1
236	300	32	1
244	300	32	1
245	300	32	1
196	301	32	1
210	301	32	1
223	301	32	1
225	301	32	1
233	301	32	1
234	301	32	1
237	301	32	1
241	301	32	2
249	301	32	1
231	302	32	1
242	302	32	1
243	302	32	2
207	303	32	1
242	303	32	1
233	304	32	1
235	304	32	1
245	304	32	1
235	305	32	1
242	306	32	1
206	307	32	1
221	307	32	1
225	307	32	1
220	308	32	1
223	308	32	1
229	308	32	1
235	308	32	2
220	309	32	1
224	309	32	1
228	309	32	1
232	309	32	1
234	309	32	1
235	309	32	1
233	310	32	1
232	312	32	1
230	313	32	1
218	253	33	1
222	253	33	2
231	253	33	1
232	253	33	1
217	254	33	1
219	254	33	1
223	254	33	1
225	254	33	1
236	254	33	2
240	254	33	1
241	254	33	1
217	255	33	1
221	255	33	1
223	255	33	1
237	255	33	1
223	256	33	1
232	256	33	3
237	256	33	1
214	257	33	2
221	257	33	1
227	257	33	1
215	258	33	1
217	258	33	1
218	258	33	1
231	258	33	1
232	258	33	1
233	258	33	1
235	258	33	1
242	258	33	1
243	258	33	1
189	259	33	1
201	259	33	1
216	259	33	1
225	259	33	2
232	259	33	1
237	259	33	1
239	259	33	1
246	259	33	1
192	260	33	1
212	260	33	1
215	260	33	2
219	260	33	2
223	260	33	1
229	260	33	1
230	260	33	1
233	260	33	2
237	260	33	1
238	260	33	1
193	261	33	2
205	261	33	1
209	261	33	1
211	261	33	1
214	261	33	1
217.5	261.5	33.5	1
224	261	33	1
226	261	33	1
229	261	33	1
230	261	33	1
235	261	33	1
240	261	33	2
244	261	33	2
245	261	33	1
203	262	33	1
214	262	33	1
219	262	33	1
240	262	33	1
241	262	33	1
245	262	33	2
246	262	33	3
250	262	33	1
185	263	33	1
188	263	33	1
189	263	33	1
211	263	33	2
215	263	33	1
217	263	33	1
220	263	33	1
222	263	33	1
225	263	33	1
228	263	33	1
231	263	33	1
233	263	33	1
236	263	33	1
237	263	33	4
240	263	33	1
242	263	33	1
243	263	33	1
245	263	33	1
248	263	33	1
249	263	33	1
187	264	33	3
209	264	33	1
214	264	33	1
218	264	33	1
221	264	33	1
233	264	33	1
237	264	33	1
238	264	33	2
239	264	33	1
242	264	33	1
249	264	33	1
250	264	33	1
185	265	33	1
191	265	33	1
195	265	33	2
213	265	33	2
218	265	33	2
221	265	33	1
223	265	33	1
239	265	33	1
244	265	33	1
245	265	33	1
247	265	33	1
248	265	33	1
186	266	33	1
193	266	33	1
204	266	33	1
208	266	33	2
216	266	33	1
217	266	33	1
222	266	33	1
228	266	33	1
247	266	33	1
183	267	33	1
184	267	33	1
186	267	33	1
191	267	33	1
194	267	33	2
215	267	33	1
216	267	33	1
219	267	33	1
225	267	33	2
229	267	33	2
231	267	33	2
235	267	33	1
241	267	33	1
244	267	33	1
188	268	33	1
212	268	33	1
214	268	33	1
225	268	33	2
232	268	33	1
249	268	33	3
187	269	33	1
194	269	33	1
211	269	33	2
215	269	33	3
232	269	33	1
234	269	33	1
246	269	33	1
251	269	33	1
183	270	33	1
184	270	33	1
198	270	33	1
233	270	33	1
242	270	33	1
249	270	33	1
175	271	33	1
177	271	33	1
178	271	33	1
181	271	33	2
182	271	33	1
187	271	33	1
210	271	33	1
225	271	33	1
229	271	33	1
231	271	33	1
233	271	33	1
239	271	33	1
240	271	33	1
245	271	33	1
248	271	33	2
253	271	33	1
182	272	33	1
189	272	33	2
201	272	33	2
205	272	33	1
207	272	33	1
215	272	33	1
231	272	33	1
232	272	33	1
238	272	33	1
244	272	33	1
247	272	33	1
249	272	33	1
250	272	33	1
254	272	33	1
173	273	33	1
181	273	33	2
184	273	33	1
186	273	33	1
196	273	33	1
203	273	33	1
214	273	33	1
217	273	33	1
230	273	33	2
235	273	33	1
240	273	33	1
248	273	33	2
170	274	33	1
176	274	33	1
182	274	33	2
185	274	33	1
190	274	33	1
202	274	33	1
204	274	33	2
207	274	33	1
226	274	33	1
227	274	33	1
232	274	33	1
239	274	33	1
240	274	33	1
250	274	33	1
176	275	33	1
183	275	33	1
185	275	33	1
186	275	33	1
202	275	33	1
209	275	33	1
211	275	33	1
212	275	33	1
213	275	33	1
214	275	33	1
216	275	33	1
217	275	33	2
235	275	33	1
242	275	33	2
244	275	33	1
189	276	33	1
190	276	33	2
214	276	33	2
232	276	33	1
240	276	33	2
242	276	33	1
178	277	33	1
183	277	33	1
187	277	33	1
202	277	33	1
215	277	33	1
232	277	33	1
243	277	33	1
245	277	33	1
247	277	33	1
204	278	33	1
211	278	33	1
234	278	33	1
238	278	33	1
239	278	33	1
240	278	33	2
244	278	33	2
246	278	33	1
178	279	33	2
181	279	33	1
207	279	33	1
240	279	33	1
241	279	33	1
243	279	33	1
244	279	33	1
251	279	33	1
174	280	33	1
176	280	33	1
208	280	33	1
209	280	33	1
214	280	33	1
237	280	33	1
249	280	33	1
176	281	33	1
186	281	33	1
221	281	33	1
222	281	33	1
223	281	33	1
224	281	33	1
230	281	33	1
248	281	33	1
250	281	33	1
185	282	33	1
190	282	33	1
220	282	33	1
223	282	33	2
230	282	33	1
253	282	33	1
176	283	33	2
179	283	33	1
206	283	33	1
207	283	33	1
211	283	33	1
215	283	33	1
220	283	33	1
225	283	33	1
232	283	33	1
233	283	33	1
236	283	33	1
237	283	33	1
238	283	33	1
239	283	33	1
240	283	33	1
241	283	33	2
243	283	33	1
175	284	33	1
176	284	33	1
205	284	33	1
206	284	33	2
208	284	33	2
210	284	33	1
229	284	33	1
230	284	33	1
233	284	33	2
236	284	33	1
176	285	33	2
204	285	33	1
208	285	33	1
220	285	33	2
223	285	33	1
232	285	33	1
237.5	285.5	33.5	1
245	285	33	1
246	285	33	1
247	285	33	1
188	286	33	1
201	286	33	1
204	286	33	1
206	286	33	1
208	286	33	2
228	286	33	1
229	286	33	2
230	286	33	1
249	286	33	1
179	287	33	1
220	287	33	2
227	287	33	1
229	287	33	2
230	287	33	1
236	287	33	1
243	287	33	1
244	287	33	2
251	287	33	1
253	287	33	1
184	288	33	1
187	288	33	1
202	288	33	1
220	288	33	1
244	288	33	1
245	288	33	1
250	288	33	1
186	289	33	1
200	289	33	1
201	289	33	1
202	289	33	3
205	289	33	1
224	289	33	2
232	289	33	1
234	289	33	1
245	289	33	1
187	290	33	1
199	290	33	1
200	290	33	2
236	290	33	1
255	290	33	1
185	291	33	1
200	291	33	1
222	291	33	1
233	291	33	1
234	291	33	1
237	291	33	1
245	291	33	4
246	291	33	1
201	292	33	1
221	292	33	1
227	292	33	1
232	292	33	1
236	292	33	1
237	292	33	2
239	292	33	1
247	292	33	1
248	292	33	2
254	292	33	1
197	293	33	1
225	293	33	1
231	293	33	1
233	293	33	2
239	293	33	1
243	293	33	1
244	293	33	1
180	294	33	1
187	294	33	1
195	294	33	1
223	294	33	1
227	294	33	1
229	294	33	2
235	294	33	1
236	294	33	1
237	294	33	1
238	294	33	1
243	294	33	1
252	294	33	1
256	294	33	1
218	295	33	1
228	295	33	1
229	295	33	1
232	295	33	1
233	295	33	1
237	295	33	1
243	295	33	1
246	295	33	1
248	295	33	1
250	295	33	1
253	295	33	1
180	296	33	2
199	296	33	1
243	296	33	1
252	296	33	1
255	296	33	1
196	297	33	2
198	297	33	1
202	297	33	1
231	297	33	1
241	297	33	1
246	297	33	1
182	298	33	1
198	298	33	1
236	298	33	1
239	298	33	1
246	298	33	1
196	299	33	1
198	299	33	1
223	299	33	1
224	299	33	1
227	299	33	1
229	299	33	1
237	299	33	1
240	299	33	1
246	299	33	1
225	300	33	1
227	300	33	1
228	300	33	1
235	300	33	1
236	300	33	1
246	300	33	1
224	301	33	1
238	301	33	1
240	301	33	1
242	301	33	1
245	301	33	1
249	301	33	1
199	302	33	1
209	302	33	1
211	302	33	1
223	302	33	1
225	302	33	1
228	302	33	1
229	302	33	1
236	302	33	2
240	302	33	2
245	302	33	2
231	303	33	1
240	303	33	1
206	304	33	1
233	304	33	1
222	305	33	1
225	305	33	1
238	305	33	1
199	306	33	1
220	306	33	1
224	306	33	1
230	306	33	3
235	306	33	2
227	307	33	1
224	308	33	1
229	308	33	1
235	308	33	1
239	308	33	1
242	308	33	1
226	309	33	1
229	309	33	1
232	309	33	1
233	309	33	1
234	309	33	1
217	310	33	1
221	310	33	1
223	310	33	1
233	310	33	2
224	311	33	1
231	311	33	1
235	311	33	1
225	312	33	1
232	312	33	1
228	313	33	1
230	313	33	1
227	252	34	1
228	252	34	1
228	253	34	1
231	254	34	2
235	254	34	1
239	254	34	1
218	255	34	1
221	255	34	1
223	255	34	2
226	255	34	1
242	255	34	2
219	256	34	1
221	256	34	1
227	256	34	1
232	256	34	2
216	257	34	1
217	257	34	1
220	257	34	1
223	257	34	1
227	257	34	1
228	257	34	1
237	257	34	1
241	257	34	1
243	257	34	1
201	258	34	2
216	258	34	1
217	258	34	1
220	258	34	1
223	258	34	1
226	258	34	1
232	258	34	1
235	258	34	1
217	259	34	2
227	259	34	1
228	259	34	1
230	259	34	1
232	259	34	1
211	260	34	1
212	260	34	1
218	260	34	2
219	260	34	1
228	260	34	2
229	260	34	1
240	260	34	1
244	260	34	4
195	261	34	1
208	261	34	1
211	261	34	4
214	261	34	1
220	261	34	1
223	261	34	1
225	261	34	1
231	261	34	1
232	261	34	1
242	261	34	1
246	261	34	2
221	262	34	1
226	262	34	2
228	262	34	1
229	262	34	1
230	262	34	1
236	262	34	1
247	262	34	1
250	262	34	1
189	263	34	1
192	263	34	1
211	263	34	1
213	263	34	1
217	263	34	2
218	263	34	1
220	263	34	1
223	263	34	2
227	263	34	1
237	263	34	1
241	263	34	1
248	263	34	2
250	263	34	1
186	264	34	1
200	264	34	1
203	264	34	2
214	264	34	1
217	264	34	1
232	264	34	1
237	264	34	1
239	264	34	2
240	264	34	1
244	264	34	1
176	265	34	2
193	265	34	1
204	265	34	2
211	265	34	1
218	265	34	2
222	265	34	1
229	265	34	2
230	265	34	1
233	265	34	1
245	265	34	2
248	265	34	1
249	265	34	1
175	266	34	1
195	266	34	1
196	266	34	1
197	266	34	1
210	266	34	1
211	266	34	1
225	266	34	1
227	266	34	1
229	266	34	1
230	266	34	1
237	266	34	1
241	266	34	1
249	266	34	1
250	266	34	2
186	267	34	1
188	267	34	1
193	267	34	2
211	267	34	1
215	267	34	1
223	267	34	1
225	267	34	1
245	267	34	1
246	267	34	1
247	267	34	2
248	267	34	2
250	267	34	2
193	268	34	1
207	268	34	2
210	268	34	1
214	268	34	1
215	268	34	1
217	268	34	1
221	268	34	1
227	268	34	1
240	268	34	2
242	268	34	1
244	268	34	1
245	268	34	1
250	268	34	1
251	268	34	1
192	269	34	1
196	269	34	1
209	269	34	1
210	269	34	2
220	269	34	1
236	269	34	1
239	269	34	1
254	269	34	1
175	270	34	1
179	270	34	1
184	270	34	1
188	270	34	1
189	270	34	1
196	270	34	2
199	270	34	1
200	270	34	1
205	270	34	1
206	270	34	2
209	270	34	3
214	270	34	2
216	270	34	1
231	270	34	1
243	270	34	1
248	270	34	1
175	271	34	1
180	271	34	1
181	271	34	1
187	271	34	1
189	271	34	2
212	271	34	2
214	271	34	1
218	271	34	1
221	271	34	1
240	271	34	1
243	271	34	1
246	271	34	1
175	272	34	1
177	272	34	1
180	272	34	1
184	272	34	1
186	272	34	2
190	272	34	1
197	272	34	1
206	272	34	1
225	272	34	4
227	272	34	1
228	272	34	1
232	272	34	1
238	272	34	1
248	272	34	1
181	273	34	1
184	273	34	2
185	273	34	2
205	273	34	2
207	273	34	1
210	273	34	1
216	273	34	1
218	273	34	1
219	273	34	1
236	273	34	1
241	273	34	1
243	273	34	1
182	274	34	1
186	274	34	1
196	274	34	1
203	274	34	1
213	274	34	1
215	274	34	1
229	274	34	1
237	274	34	1
241	274	34	1
184	275	34	1
203	275	34	1
209	275	34	1
214	275	34	1
217	275	34	1
237	275	34	1
246	275	34	1
177	276	34	1
180	276	34	1
214	276	34	1
219	276	34	1
232	276	34	1
240	276	34	1
241	276	34	1
242	276	34	2
244	276	34	1
175	277	34	1
184	277	34	1
202	277	34	1
209	277	34	1
212	277	34	1
215	277	34	1
235	277	34	2
186	278	34	1
190	278	34	1
193	278	34	1
202	278	34	1
209	278	34	1
212	278	34	1
214	278	34	1
231	278	34	1
239	278	34	1
177	279	34	2
179	279	34	2
192	279	34	2
204	279	34	1
214	279	34	1
215	279	34	1
217	279	34	1
231	279	34	1
232	279	34	1
238	279	34	1
241	279	34	1
242	279	34	1
246	279	34	1
247	279	34	1
249	279	34	1
180	280	34	1
181	280	34	1
187	280	34	1
192	280	34	1
206	280	34	1
207	280	34	1
210	280	34	1
215	280	34	1
221	280	34	1
233	280	34	1
235	280	34	1
246	280	34	1
247	280	34	1
173	281	34	1
175	281	34	1
176	281	34	1
179	281	34	2
191	281	34	1
192	281	34	1
203	281	34	1
204	281	34	1
208	281	34	1
209	281	34	1
210	281	34	1
223	281	34	1
227	281	34	1
228	281	34	1
229	281	34	1
230	281	34	2
231	281	34	1
245	281	34	2
250	281	34	1
175	282	34	1
190	282	34	1
204	282	34	1
206	282	34	1
211	282	34	1
212	282	34	1
220	282	34	1
233	282	34	1
234	282	34	1
248	282	34	1
251	282	34	1
179	283	34	1
187	283	34	1
207	283	34	1
222	283	34	1
223	283	34	1
226	283	34	1
228	283	34	2
230	283	34	1
231	283	34	1
238	283	34	1
240	283	34	1
247	283	34	1
249	283	34	1
250	283	34	1
176	284	34	2
184	284	34	1
191	284	34	1
206	284	34	1
207	284	34	1
223	284	34	1
224	284	34	1
226	284	34	1
236	284	34	1
243	284	34	1
185	285	34	2
187	285	34	1
218	285	34	1
219	285	34	1
223	285	34	1
229	285	34	1
230	285	34	1
231	285	34	2
243	285	34	1
245	285	34	1
247	285	34	1
248	285	34	1
188	286	34	1
199	286	34	1
202	286	34	1
203	286	34	1
207	286	34	2
208	286	34	1
227	286	34	1
229	286	34	2
234	286	34	1
247	286	34	1
255	286	34	2
207	287	34	1
209	287	34	1
222	287	34	1
225	287	34	1
226	287	34	1
233	287	34	1
241	287	34	1
243	287	34	2
245	287	34	1
251	287	34	1
176	288	34	1
184	288	34	1
187	288	34	1
204	288	34	2
223	288	34	1
230	288	34	1
231	288	34	1
237	288	34	1
239	288	34	2
246	288	34	1
175	289	34	2
184	289	34	1
186	289	34	1
200	289	34	1
202	289	34	2
203	289	34	1
232	289	34	1
233	289	34	1
238	289	34	1
241	289	34	2
248	289	34	1
257	289	34	1
176	290	34	1
204	290	34	2
220	290	34	1
225	290	34	1
230	290	34	1
243	290	34	1
247	290	34	2
185	291	34	1
199	291	34	1
203	291	34	1
223	291	34	1
224	291	34	2
234	291	34	1
236	291	34	1
241	291	34	1
246	291	34	1
248	291	34	1
187	292	34	1
196	292	34	1
199	292	34	1
200	292	34	1
222	292	34	1
230	292	34	2
231	292	34	1
233	292	34	1
243	292	34	1
244	292	34	1
182	293	34	3
194	293	34	1
196	293	34	1
197	293	34	1
201	293	34	1
204	293	34	1
207	293	34	1
222	293	34	1
231	293	34	1
241	293	34	1
251	293	34	1
182	294	34	1
206	294	34	1
236	294	34	1
242	294	34	1
194	295	34	1
232	295	34	1
184	296	34	1
201	296	34	1
202	296	34	2
222	296	34	1
229	296	34	2
234	296	34	3
242	296	34	1
245	296	34	1
196	297	34	1
202	297	34	2
219	297	34	1
220	297	34	3
221	297	34	3
224	297	34	1
225	297	34	1
231	297	34	1
233	297	34	1
239	297	34	1
245	297	34	1
182	298	34	1
196	298	34	1
223	298	34	1
224	298	34	1
236	298	34	1
182	299	34	1
207	299	34	1
226	299	34	2
228	299	34	1
243	299	34	1
228	300	34	1
230	300	34	1
236	300	34	1
237	300	34	1
238	300	34	1
242	300	34	1
244	300	34	2
198	301	34	1
207	301	34	1
224	301	34	2
227	301	34	1
229	301	34	1
231	301	34	1
236	301	34	1
240	301	34	1
243	301	34	1
226	302	34	2
229	302	34	2
232	302	34	2
235	302	34	1
236	302	34	1
242	302	34	2
243	302	34	2
231	303	34	1
233	303	34	1
236	303	34	1
241	303	34	3
243	303	34	1
199	304	34	1
232	304	34	1
233	304	34	1
235	304	34	1
237	304	34	1
243	304	34	1
244	304	34	1
223	305	34	1
226	305	34	2
228	305	34	1
230	305	34	1
237	305	34	1
239	305	34	1
198	306	34	1
223	306	34	3
225	306	34	1
230	306	34	1
232	306	34	1
234	306	34	1
235	306	34	1
238	306	34	1
201	307	34	1
224	307	34	1
226	307	34	1
236	307	34	1
240	307	34	1
243	307	34	1
226	308	34	1
229	308	34	1
239	308	34	1
242	308	34	1
224	309	34	1
227	309	34	2
233	309	34	1
221	310	34	1
230	310	34	1
231	310	34	1
236	310	34	2
237	310	34	1
238	310	34	1
241	310	34	1
218	311	34	1
228	311	34	1
230	311	34	1
236	311	34	1
230	312	34	1
232	312	34	1
224	313	34	1
225	313	34	1
227	313	34	1
236	313	34	1
229	314	34	1
232	314	34	1
234	314	34	1
228	315	34	1
229	315	34	1
230	315	34	1
227	317	34	1
231	317	34	1
232	317	34	1
233	317	34	1
235	318	34	2
237	318	34	1
224	251	35	1
227	251	35	1
221	253	35	1
224	253	35	1
219	254	35	2
223	254	35	1
225	254	35	1
209	255	35	1
219	255	35	1
224	255	35	1
225	255	35	1
226	255	35	1
230	255	35	1
231	255	35	2
218	256	35	1
220	256	35	1
223	256	35	1
225	256	35	1
229	256	35	1
240	256	35	1
241	256	35	1
210	257	35	1
224	257	35	1
225	257	35	1
226	257	35	1
237	257	35	2
239	257	35	1
240	257	35	2
223	258	35	2
235	258	35	2
237	258	35	1
240	258	35	1
218	259	35	1
221	259	35	1
226.5	259.5	35.5	2
233	259	35	1
239	259	35	1
241	259	35	1
242	259	35	1
244	259	35	1
216	260	35	1
217	260	35	1
220	260	35	1
224	260	35	1
225	260	35	1
229	260	35	1
234	260	35	1
242	260	35	2
243	260	35	1
245	260	35	1
191	261	35	1
216	261	35	1
218	261	35	1
219	261	35	1
220	261	35	1
226	261	35	1
227	261	35	2
231	261	35	1
232	261	35	1
235	261	35	1
236	261	35	1
245	261	35	1
190	262	35	1
203	262	35	3
206	262	35	1
213	262	35	1
215	262	35	1
218	262	35	1
224	262	35	1
226	262	35	1
228	262	35	1
190	263	35	1
191	263	35	1
192	263	35	2
208	263	35	1
210	263	35	1
211	263	35	1
212	263	35	2
228	263	35	1
231	263	35	1
235	263	35	1
237	263	35	2
247	263	35	3
248	263	35	1
191	264	35	1
212	264	35	2
213	264	35	1
214	264	35	1
216	264	35	1
218	264	35	1
222	264	35	1
224	264	35	1
226	264	35	1
228	264	35	1
233	264	35	1
234	264	35	1
235	264	35	3
237	264	35	1
238	264	35	1
239	264	35	1
245	264	35	1
200	265	35	1
205	265	35	1
209	265	35	1
214	265	35	1
218	265	35	1
219	265	35	1
223	265	35	1
224	265	35	1
229	265	35	1
231	265	35	1
242	265	35	1
187	266	35	1
192	266	35	2
194	266	35	1
195	266	35	1
229	266	35	1
233	266	35	2
236	266	35	1
238	266	35	1
247	266	35	1
250	266	35	1
176	267	35	1
186	267	35	1
189	267	35	1
190	267	35	1
210	267	35	1
217	267	35	2
219	267	35	1
222	267	35	1
223	267	35	1
227	267	35	1
228	267	35	1
231	267	35	1
232	267	35	1
233	267	35	1
242	267	35	1
250	267	35	1
186	268	35	1
189	268	35	1
194	268	35	1
195	268	35	1
203	268	35	2
206	268	35	1
207	268	35	1
209	268	35	1
218	268	35	1
219	268	35	1
222	268	35	2
229	268	35	1
233	268	35	1
234	268	35	1
238	268	35	1
241	268	35	1
246	268	35	1
176	269	35	1
181	269	35	1
184	269	35	1
186	269	35	1
188	269	35	1
191	269	35	1
197	269	35	1
214	269	35	1
216	269	35	1
217	269	35	1
220	269	35	1
235	269	35	1
240	269	35	1
245	269	35	1
181	270	35	4
188	270	35	2
190	270	35	2
191	270	35	1
195	270	35	2
198	270	35	2
206	270	35	1
210	270	35	1
212	270	35	2
216	270	35	1
217	270	35	1
220	270	35	1
223	270	35	1
227	270	35	1
233	270	35	1
238	270	35	1
171	271	35	2
177	271	35	2
180	271	35	1
186	271	35	1
187	271	35	1
188	271	35	1
190	271	35	1
194	271	35	1
199	271	35	1
206	271	35	1
218	271	35	1
220	271	35	1
225	271	35	1
231	271	35	1
235	271	35	1
241	271	35	1
243	271	35	1
245	271	35	2
248	271	35	3
250	271	35	1
176	272	35	1
179	272	35	2
180	272	35	1
182	272	35	1
191	272	35	2
193	272	35	1
197	272	35	2
206	272	35	1
214	272	35	1
219	272	35	1
234	272	35	1
235	272	35	1
237	272	35	1
238	272	35	2
184	273	35	1
185	273	35	1
205	273	35	2
215	273	35	1
217	273	35	1
228	273	35	1
230	273	35	1
231	273	35	1
234	273	35	1
245	273	35	1
170	274	35	1
185	274	35	1
186	274	35	1
212	274	35	2
213	274	35	1
224	274	35	1
228	274	35	1
232	274	35	1
234	274	35	1
242	274	35	1
245	274	35	1
178	275	35	1
185	275	35	1
212	275	35	1
219	275	35	1
238	275	35	1
243	275	35	1
175	276	35	1
177	276	35	1
178	276	35	1
187	276	35	1
202	276	35	1
209	276	35	1
212	276	35	1
220	276	35	2
230	276	35	1
232	276	35	2
237	276	35	1
239	276	35	1
244	276	35	1
173	277	35	1
176	277	35	1
208	277	35	1
213	277	35	1
219	277	35	2
232	277	35	1
238	277	35	1
248	277	35	1
188	278	35	2
203	278	35	1
205	278	35	1
216	278	35	2
224	278	35	1
227	278	35	1
233	278	35	2
235	278	35	1
244	278	35	2
247	278	35	2
179	279	35	1
180	279	35	1
184	279	35	1
201	279	35	1
205	279	35	1
206	279	35	1
212	279	35	2
217	279	35	1
222	279	35	1
232	279	35	1
233	279	35	1
234	279	35	1
235	279	35	5
241	279	35	2
246	279	35	1
174	280	35	1
190	280	35	1
191	280	35	1
207	280	35	1
208	280	35	1
212	280	35	1
214	280	35	1
215	280	35	2
226	280	35	2
180	281	35	3
182	281	35	1
204	281	35	1
210	281	35	1
222	281	35	1
230	281	35	1
245	281	35	1
179	282	35	1
187	282	35	1
189	282	35	1
205	282	35	1
207	282	35	1
215	282	35	1
218	282	35	1
219	282	35	1
220	282	35	1
224	282	35	1
226	282	35	1
171	283	35	1
173	283	35	1
180	283	35	1
188	283	35	1
189	283	35	1
190	283	35	1
191	283	35	2
202	283	35	1
204	283	35	1
205	283	35	1
222	283	35	1
227	283	35	1
228	283	35	2
229	283	35	2
233	283	35	1
247	283	35	1
181	284	35	2
203	284	35	2
204	284	35	2
206	284	35	1
207	284	35	2
235	284	35	1
238	284	35	1
246	284	35	1
247	284	35	1
248	284	35	1
176	285	35	1
178	285	35	1
180	285	35	1
189	285	35	1
201	285	35	1
205	285	35	1
206	285	35	1
207	285	35	1
221	285	35	1
231	285	35	1
232	285	35	1
234	285	35	1
241	285	35	1
183	286	35	2
186	286	35	1
188	286	35	1
191	286	35	2
198	286	35	1
199	286	35	1
201	286	35	1
202	286	35	1
205	286	35	2
207	286	35	1
218	286	35	1
223	286	35	1
225	286	35	1
227	286	35	1
233	286	35	1
243	286	35	1
246	286	35	2
175	287	35	2
182	287	35	2
187	287	35	1
188	287	35	1
194	287	35	1
196	287	35	2
202	287	35	1
205	287	35	1
206	287	35	1
208	287	35	1
225	287	35	2
233	287	35	2
236	287	35	1
237	287	35	1
244	287	35	1
185	288	35	1
188	288	35	1
192	288	35	1
195	288	35	1
196	288	35	2
200	288	35	1
201	288	35	1
205	288	35	1
221	288	35	3
230	288	35	1
232	288	35	1
236	288	35	1
237	288	35	1
239	288	35	2
242	288	35	1
176	289	35	1
185	289	35	1
186	289	35	1
188	289	35	1
189	289	35	1
193	289	35	1
199	289	35	2
204	289	35	1
205	289	35	1
207	289	35	1
221	289	35	2
224	289	35	1
236	289	35	1
237	289	35	1
241	289	35	1
243	289	35	1
244	289	35	1
246	289	35	1
185	290	35	1
186	290	35	1
197	290	35	1
199	290	35	2
201	290	35	1
203	290	35	2
205	290	35	1
227	290	35	1
231	290	35	1
238	290	35	1
244	290	35	1
176	291	35	2
179	291	35	1
183	291	35	1
191	291	35	1
195	291	35	1
196	291	35	1
198	291	35	1
202	291	35	1
204	291	35	1
216	291	35	1
229	291	35	1
231	291	35	2
244	291	35	1
247	291	35	1
194	292	35	1
197	292	35	1
199	292	35	1
203	292	35	1
204	292	35	1
231	292	35	1
235	292	35	1
248	292	35	1
182	293	35	1
197	293	35	1
201	293	35	1
231	293	35	1
234	293	35	1
235	293	35	1
236	293	35	1
238	293	35	1
246	293	35	2
185	294	35	1
195	294	35	2
199	294	35	1
204	294	35	1
226	294	35	1
181	295	35	2
184	295	35	2
191	295	35	1
194	295	35	1
203	295	35	3
218	295	35	1
226	295	35	1
227	295	35	1
230	295	35	1
244	295	35	1
247	295	35	1
177	296	35	1
197	296	35	1
203	296	35	1
221	296	35	1
241	296	35	1
194	297	35	2
198	297	35	1
199	297	35	1
226	297	35	1
227	297	35	2
232	297	35	1
236	297	35	1
242	297	35	2
244	297	35	1
220	298	35	1
223	298	35	1
229	298	35	1
244	298	35	1
228	299	35	1
240	299	35	1
194	300	35	1
208	300	35	1
226	300	35	1
228	300	35	1
229	300	35	1
235	300	35	1
236	300	35	1
237	300	35	1
242	300	35	3
194	301	35	1
196	301	35	1
229	301	35	1
233	301	35	1
237	301	35	1
238	301	35	1
242	301	35	1
245	301	35	1
224	302	35	1
225	302	35	1
230	302	35	1
233	302	35	1
199	303	35	1
238	303	35	1
241	303	35	1
227	304	35	1
232	304	35	2
233	304	35	1
235	304	35	1
243	304	35	1
227	305	35	1
229	305	35	1
235	305	35	1
240	305	35	2
199	306	35	1
206	306	35	2
222	306	35	1
227	306	35	1
229	306	35	1
230	306	35	1
231	306	35	1
240	306	35	1
198	307	35	1
221	307	35	1
224	307	35	1
235	307	35	1
240	307	35	1
242	307	35	1
220	308	35	1
227	308	35	1
232	308	35	1
236	308	35	1
202	309	35	1
229	309	35	1
214	311	35	1
215	311	35	1
219	311	35	1
222	311	35	1
234	311	35	1
238	311	35	1
241	311	35	1
214	312	35	1
226	312	35	1
229	312	35	2
231	312	35	1
242	312	35	1
217	313	35	1
223	313	35	2
226	313	35	2
228	313	35	1
232	313	35	2
234	313	35	1
235	313	35	1
236	313	35	1
237	313	35	1
228	314	35	1
233	314	35	1
236	314	35	1
230	315	35	2
233	315	35	1
234	315	35	1
236	315	35	2
238	315	35	1
240	315	35	1
210	316	35	2
238	316	35	1
227	317	35	2
212	318	35	1
233	318	35	1
236	318	35	1
232	319	35	1
233	319	35	1
225	253	36	1
229	254	36	1
223	255	36	1
226	257	36	1
228	257	36	1
218	258	36	1
220	258	36	1
223	258	36	2
224	258	36	1
231	258	36	2
217	259	36	1
223	259	36	1
224	259	36	2
225	259	36	1
229	259	36	1
230	259	36	2
232	259	36	1
237	259	36	2
217	260	36	1
228	260	36	1
237	260	36	1
238	260	36	1
240	260	36	1
211	261	36	1
217	261	36	1
218	261	36	1
222	261	36	1
224	261	36	1
232	261	36	1
237	261	36	2
223	262	36	1
240	262	36	1
191	263	36	1
211	263	36	1
216	263	36	2
226	263	36	1
233	263	36	1
235	263	36	1
236	263	36	2
237	263	36	1
242	263	36	1
249	263	36	1
188	264	36	1
206	264	36	1
210	264	36	1
215	264	36	2
216	264	36	1
222	264	36	2
225	264	36	2
238	264	36	1
243	264	36	1
249	264	36	1
209	265	36	2
211	265	36	1
215	265	36	1
216	265	36	1
222	265	36	1
224	265	36	1
230	265	36	1
234	265	36	1
240	265	36	1
248	265	36	1
188	266	36	2
191	266	36	1
196	266	36	1
217	266	36	1
219	266	36	1
223	266	36	1
233	266	36	1
235	266	36	2
237	266	36	1
238	266	36	1
186	267	36	1
189	267	36	1
192	267	36	1
193	267	36	1
194	267	36	1
195	267	36	1
202	267	36	1
208	267	36	1
218	267	36	1
221	267	36	2
232	267	36	1
239	267	36	1
241	267	36	1
249	267	36	1
193	268	36	1
194	268	36	1
196	268	36	1
205	268	36	1
213	268	36	1
233	268	36	1
234	268	36	1
235	268	36	1
237	268	36	1
245	268	36	1
191	269	36	1
200	269	36	1
210	269	36	1
213	269	36	1
216	269	36	1
225	269	36	1
233	269	36	2
240	269	36	1
248	269	36	1
172	270	36	1
187	270	36	1
188	270	36	1
191	270	36	1
196	270	36	2
198	270	36	1
203	270	36	1
206	270	36	1
213	270	36	1
221	270	36	1
235	270	36	1
240	270	36	1
241	270	36	2
246	270	36	1
176	271	36	1
189	271	36	1
211	271	36	1
213	271	36	1
216	271	36	2
217	271	36	2
223	271	36	1
203	272	36	1
211	272	36	1
213	272	36	2
214	272	36	2
215	272	36	1
230	272	36	1
240	272	36	1
181	273	36	1
190	273	36	1
191	273	36	1
205	273	36	1
208	273	36	1
210	273	36	1
211	273	36	1
217	273	36	2
232	273	36	1
241	273	36	1
185	274	36	2
188	274	36	1
203	274	36	1
204	274	36	1
209	274	36	2
211	274	36	1
217	274	36	1
221	274	36	1
236	274	36	2
184	275	36	1
214	275	36	1
218	275	36	1
243	275	36	2
181	276	36	1
212	276	36	1
214	276	36	1
219	276	36	1
206	277	36	1
208	277	36	1
217	277	36	1
226	277	36	1
181	278	36	1
210	278	36	1
211	278	36	1
219	278	36	1
231	278	36	1
234	278	36	1
201	279	36	1
206	279	36	1
208	279	36	3
209	279	36	1
211	279	36	2
219	279	36	1
220	279	36	2
173	280	36	2
174	280	36	1
211	280	36	1
213	280	36	1
173	281	36	1
178	281	36	1
189	281	36	1
206	281	36	1
207	281	36	2
209	281	36	1
217	281	36	1
221	281	36	2
223	281	36	2
172	282	36	1
190	282	36	1
191	282	36	1
208	282	36	1
209	282	36	1
213	282	36	1
214	282	36	1
221	282	36	1
222	282	36	1
226	282	36	1
189	283	36	1
204	283	36	1
218	283	36	1
230	283	36	2
233	283	36	1
187	284	36	1
202	284	36	1
213	284	36	1
219	284	36	2
224	284	36	1
233	284	36	1
245	284	36	1
200	285	36	1
201	285	36	1
202	285	36	1
204	285	36	1
207	285	36	1
223	285	36	3
224	285	36	1
241	285	36	1
247	285	36	1
189	286	36	1
201	286	36	1
204	286	36	1
208	286	36	1
209	286	36	1
224	286	36	1
225	286	36	1
234	286	36	1
237	286	36	1
238	286	36	1
240	286	36	5
190	287	36	1
198	287	36	2
201	287	36	1
202	287	36	1
207	287	36	1
214	287	36	1
219	287	36	1
222	287	36	2
234	287	36	1
245	287	36	2
186	288	36	1
187	288	36	1
199	288	36	1
204	288	36	3
219	288	36	1
220	288	36	1
229	288	36	1
230	288	36	3
231	288	36	1
234	288	36	1
237	288	36	1
242	288	36	1
198	289	36	1
227	289	36	1
233	289	36	1
243	289	36	1
187	290	36	1
199	290	36	1
200	290	36	2
220	290	36	1
237	290	36	1
238	290	36	1
243	290	36	1
196	291	36	1
201	291	36	1
221	291	36	1
222	291	36	2
231	291	36	1
233	291	36	1
239	291	36	1
240	291	36	1
174	292	36	1
202	292	36	1
219	292	36	2
220	292	36	1
223	292	36	1
224	292	36	1
229	292	36	4
230	292	36	1
233	292	36	1
235	292	36	1
237	292	36	2
239	292	36	1
245	292	36	1
188	293	36	1
200	293	36	3
205	293	36	1
229	293	36	2
232	293	36	1
234	293	36	1
235	293	36	1
240	293	36	1
187	294	36	1
190	294	36	1
198	294	36	1
201	294	36	1
202	294	36	1
204	294	36	1
223	294	36	1
227	294	36	1
231	294	36	2
232	294	36	2
237	294	36	1
238	294	36	1
243	294	36	1
244	294	36	1
197	295	36	2
225	295	36	1
239	295	36	1
240	295	36	1
242	295	36	1
205	296	36	1
222	296	36	2
237	296	36	2
238	296	36	2
195	297	36	2
201	297	36	1
202	297	36	1
204	297	36	1
217	297	36	1
242	297	36	1
245	297	36	1
203	298	36	1
229	298	36	2
234	298	36	1
240	298	36	1
243	298	36	1
229	299	36	1
230	299	36	3
239	299	36	1
225	300	36	1
228	300	36	2
240	300	36	1
242	300	36	1
198	301	36	1
223	301	36	1
228	301	36	2
240	301	36	3
225	302	36	1
235	302	36	1
244	302	36	1
225	303	36	1
227	303	36	1
233	303	36	1
241	303	36	1
242	303	36	1
233	304	36	1
242	305	36	1
235	306	36	1
239	306	36	1
240	306	36	1
241	306	36	1
222	307	36	1
223	308	36	1
225	308	36	1
228	308	36	1
239	308	36	1
241	308	36	1
223	309	36	1
227	309	36	1
229	309	36	1
224	310	36	1
226	310	36	1
211	311	36	1
213	311	36	1
214	311	36	1
231	311	36	1
236	312	36	1
240	312	36	1
217	313	36	2
225	313	36	1
227	313	36	1
234	313	36	1
236	313	36	1
228	314	36	2
232	314	36	1
236	314	36	1
242	314	36	1
214	315	36	2
220	315	36	1
235	315	36	1
242	315	36	1
237	316	36	2
232	317	36	2
236	317	36	1
236	318	36	1
240	318	36	1
232	319	36	1
227	258	37	1
228	258	37	1
226	259	37	1
230	260	37	1
230	261	37	1
220	262	37	1
230	262	37	1
232	262	37	1
217	263	37	2
222	263	37	2
231	263	37	1
209	264	37	2
238	264	37	1
228	265	37	1
193	266	37	1
243	266	37	1
188	267	37	1
189	267	37	1
229	267	37	1
189	268	37	1
211	268	37	1
220	268	37	1
235	268	37	1
238	268	37	1
194	269	37	1
210	269	37	1
211	269	37	1
216	269	37	1
219	269	37	1
192	270	37	1
197	270	37	1
210	270	37	2
216	270	37	1
235	270	37	1
237	270	37	1
215	271	37	1
214	272	37	1
215	272	37	1
214	273	37	1
215	273	37	1
236	273	37	1
210	274	37	1
211	274	37	1
215	274	37	2
216	274	37	1
206	275	37	2
207	275	37	1
211	275	37	1
215	275	37	1
215	276	37	1
188	277	37	1
206	277	37	1
218	277	37	1
205	278	37	1
195	279	37	2
175	281	37	2
191	281	37	1
193	281	37	1
208	281	37	1
212	281	37	1
215	281	37	1
223	281	37	1
212	282	37	1
214	282	37	2
219	282	37	1
221	282	37	1
204	283	37	3
211	283	37	1
230	283	37	1
203	284	37	1
206	284	37	2
212	284	37	1
186	285	37	1
195	285	37	1
197	285	37	1
202	285	37	1
237	285	37	1
189	286	37	1
207	286	37	1
215	286	37	1
225	286	37	2
234	286	37	1
236	286	37	1
239	286	37	1
241	286	37	1
193	287	37	1
208	287	37	1
220	287	37	1
230	287	37	1
237	287	37	1
190	288	37	1
192	288	37	1
194	288	37	1
201	288	37	1
205	288	37	1
210	288	37	1
221	288	37	1
224	288	37	1
232	288	37	2
241	288	37	1
195	289	37	1
201	289	37	1
202	289	37	1
230	289	37	1
233	289	37	1
239	289	37	1
197	290	37	1
200	290	37	1
203	291	37	1
204	291	37	1
235	291	37	1
238	291	37	2
240	291	37	1
198	292	37	2
204	292	37	1
235	292	37	2
236	292	37	1
185	293	37	1
197	293	37	1
206	293	37	1
225	293	37	1
230	293	37	1
239	293	37	1
241	293	37	1
201	294	37	2
225	294	37	2
233	294	37	1
234	294	37	1
238	294	37	1
245	294	37	1
202	295	37	1
203	295	37	1
232	295	37	1
234	295	37	1
236	295	37	1
244	295	37	2
245	295	37	1
201	296	37	1
217	296	37	2
229	296	37	1
240	296	37	1
244	296	37	1
245	296	37	1
218	297	37	1
239	297	37	1
241	297	37	1
242	298	37	1
228	299	37	1
229	300	37	1
235	300	37	2
239	300	37	1
240	300	37	1
242	300	37	1
227	301	37	1
230	301	37	1
233	301	37	1
226	302	37	1
232	302	37	1
233	302	37	1
236	302	37	1
236	303	37	1
227	304	37	1
229	305	37	1
223	306	37	1
224	306	37	2
240	306	37	3
239	307	37	2
226	308	37	1
227	308	37	1
240	308	37	1
229	309	37	1
233	309	37	2
224	310	37	1
225	310	37	1
228	310	37	1
219	311	37	2
221	311	37	1
224	311	37	1
228	311	37	1
232	311	37	1
237	311	37	1
225	312	37	1
227	312	37	1
231	312	37	1
232	312	37	2
236	312	37	1
240	312	37	1
238	313	37	3
221	314	37	1
229	314	37	1
232	314	37	2
235	314	37	1
211	315	37	1
230	315	37	1
236	315	37	1
238	315	37	2
239	315	37	2
236	316	37	1
241	316	37	1
237	317	37	2
232	318	37	1
238	319	37	1
231	322	37	2
226	260	38	1
228	260	38	1
216	261	38	1
227	261	38	1
225	262	38	1
223	264	38	1
231	264	38	1
226	265	38	1
237	265	38	2
211	268	38	1
187	269	38	2
194	269	38	1
192	270	38	1
218	270	38	1
188	271	38	1
217	271	38	1
203	272	38	1
201	273	38	1
217	273	38	1
210	274	38	1
213	274	38	1
216	274	38	1
217	274	38	1
213	275	38	1
210	276	38	1
211	276	38	2
213	276	38	1
206	277	38	1
214	277	38	2
219	277	38	1
214	278	38	1
218	278	38	1
206	279	38	1
208	279	38	1
209	279	38	1
211	279	38	1
212	279	38	3
211	280	38	1
214	280	38	1
208	281	38	1
210	281	38	1
213	281	38	1
189	282	38	1
191	282	38	2
222	282	38	1
223	282	38	1
189	283	38	1
210	283	38	1
216	283	38	2
185	284	38	1
196	284	38	2
222	284	38	1
191	285	38	1
193	285	38	1
205	285	38	1
215	285	38	1
216	285	38	2
205	286	38	1
208	286	38	1
216	286	38	1
219	286	38	1
221	286	38	2
192	287	38	1
195	287	38	1
215	287	38	1
232	287	38	1
190	288	38	1
193	288	38	1
197	288	38	1
205	288	38	1
206	288	38	1
214	288	38	1
218	288	38	1
220	288	38	1
224	288	38	1
236	288	38	1
203	289	38	1
207	289	38	1
234	289	38	1
188	290	38	1
203	290	38	1
197	291	38	1
202	291	38	2
203	291	38	1
204	291	38	1
207	291	38	1
220	291	38	1
222	291	38	2
223	291	38	1
232	291	38	1
194	292	38	1
206	292	38	1
208	292	38	2
211	292	38	1
213	292	38	1
220	292	38	1
221	292	38	1
236	292	38	1
239	292	38	1
196	293	38	1
202	293	38	1
223	293	38	1
224	293	38	1
199	294	38	1
211	294	38	2
212	294	38	1
225	294	38	1
226	294	38	1
236	294	38	1
239	294	38	1
192	295	38	1
216	295	38	1
227	295	38	2
230	295	38	1
233	295	38	2
235	295	38	1
221	296	38	1
228	296	38	1
232	296	38	1
235	296	38	1
203	297	38	1
204	297	38	1
219	297	38	1
227	297	38	1
229	297	38	1
231	297	38	1
234	297	38	1
240	297	38	2
227	298	38	1
234	298	38	1
228	299	38	1
229	299	38	1
231	299	38	1
239	299	38	2
240	299	38	2
243	299	38	1
225	300	38	1
228	300	38	1
233	300	38	2
228	301	38	1
229	301	38	1
234	301	38	1
235	301	38	1
228	302	38	2
233	302	38	1
234	302	38	1
233	303	38	1
241	303	38	1
232	304	38	2
240	304	38	1
243	304	38	2
244	304	38	1
245	305	38	1
210	306	38	1
226	306	38	1
193	307	38	2
223	307	38	2
244	307	38	1
229	308	38	1
242	308	38	1
223	309	38	1
226	309	38	2
228	309	38	2
229	309	38	1
243	309	38	1
244	309	38	1
232	310	38	1
233	310	38	1
236	310	38	1
213	311	38	1
214	311	38	1
218	311	38	1
221	311	38	1
226	311	38	1
226	312	38	3
227	312	38	1
228	312	38	1
230	312	38	1
216	313	38	2
218	313	38	2
219	313	38	1
221	313	38	1
241	313	38	1
244	313	38	1
245	313	38	1
221	314	38	1
230	314	38	1
238	314	38	1
242	314	38	1
226	315	38	1
241	315	38	1
243	315	38	1
225	316	38	1
228	316	38	2
239	316	38	1
211	317	38	1
221	317	38	2
231	317	38	1
235	317	38	1
238	317	38	1
240	317	38	1
243	318	38	1
231	319	38	1
232	319	38	1
230	320	38	1
231	320	38	1
233	320	38	2
220	322	38	1
236	322	38	1
219	323	38	1
235	323	38	1
237	265	39	1
192	270	39	1
195	270	39	1
215	273	39	1
213	274	39	2
212	275	39	1
195	278	39	1
201	278	39	1
208	278	39	1
210	278	39	2
214	278	39	1
215	280	39	1
223	281	39	1
190	282	39	2
212	282	39	1
214	282	39	1
219	282	39	1
226	282	39	1
190	283	39	1
201	283	39	1
193	284	39	2
203	284	39	1
195	285	39	1
196	286	39	1
205	286	39	1
206	286	39	2
187	287	39	1
190	287	39	1
207	287	39	1
195	288	39	1
204	288	39	2
210	288	39	1
239	289	39	1
186	290	39	1
190	290	39	2
195	290	39	1
197	290	39	1
207	290	39	1
211	290	39	1
215	290	39	1
193	291	39	3
214	291	39	1
217	291	39	1
233	291	39	1
239	291	39	1
208	292	39	1
230	292	39	1
236	292	39	1
237	292	39	1
239	292	39	1
242	292	39	1
199	293	39	1
201	293	39	1
227	293	39	1
241	293	39	1
201	294	39	1
202	294	39	1
204	294	39	2
235	294	39	1
237	294	39	2
238	294	39	1
240	294	39	1
242	294	39	1
204	295	39	1
227	295	39	1
229	295	39	2
197	296	39	1
200	296	39	1
205	296	39	1
223	296	39	1
226	296	39	1
239	296	39	1
240	296	39	2
196	297	39	1
206	297	39	1
216	297	39	1
220	297	39	1
225	297	39	1
232	297	39	1
235	297	39	1
236	297	39	1
200	298	39	1
202	298	39	2
213	298	39	1
214	298	39	2
219	298	39	1
221	298	39	1
224	298	39	1
225	298	39	1
230	298	39	1
225	299	39	2
233	299	39	1
236	299	39	2
237	299	39	1
239	299	39	2
214	300	39	1
228	300	39	1
231	300	39	1
230	301	39	1
233	301	39	1
226	303	39	1
227	303	39	1
228	303	39	3
230	303	39	1
210	304	39	1
227	304	39	1
230	304	39	1
237	304	39	1
244	304	39	1
229	305	39	1
240	305	39	1
241	305	39	2
223	306	39	1
235	306	39	1
236	306	39	1
240	306	39	1
198	307	39	1
223	307	39	1
235	307	39	1
221	308	39	2
227	308	39	1
195	309	39	1
216	309	39	1
220	309	39	1
229	309	39	1
233	309	39	1
240	309	39	1
220	310	39	1
242	310	39	1
217	311	39	1
218	311	39	1
233	311	39	1
196	312	39	2
213	312	39	1
219	312	39	1
222	312	39	1
230	312	39	1
232	312	39	1
219	313	39	2
220	313	39	2
230	313	39	1
240	313	39	2
243	313	39	1
216	314	39	2
219	314	39	1
220	314	39	2
229	314	39	1
237	314	39	1
239	314	39	1
240	314	39	1
241	314	39	1
220	315	39	1
225	315	39	2
229	315	39	1
240	316	39	1
244	316	39	1
211	317	39	1
235	317	39	1
244	317	39	2
229	318	39	1
228	319	39	1
237	319	39	1
214	320	39	1
226	320	39	2
234	320	39	2
215	321	39	1
231	322	39	1
234	322	39	1
211	324	39	1
208	327	39	1
212	327	39	1
201	278	40	1
195	284	40	2
204	285	40	1
198	286	40	1
193	289	40	1
191	291	40	1
192	291	40	1
189	292	40	1
191	292	40	1
193	292	40	1
210	292	40	1
194	293	40	1
207	293	40	1
209	293	40	2
216	293	40	1
209	294	40	1
221	294	40	2
227	294	40	1
228	294	40	1
204	295	40	1
227	295	40	4
203	296	40	1
205	296	40	1
236	296	40	1
215	297	40	1
203	298	40	2
215	298	40	1
216	298	40	1
222	298	40	1
226	298	40	1
235	298	40	1
222	299	40	1
224	299	40	1
231	299	40	1
236	299	40	1
242	299	40	1
227	300	40	1
236	300	40	1
237	300	40	1
228	301	40	1
243	302	40	1
229	304	40	2
241	304	40	1
214	305	40	1
229	305	40	1
228	306	40	1
194	307	40	2
202	307	40	1
215	307	40	1
223	307	40	2
227	307	40	1
241	307	40	1
243	307	40	1
215	309	40	1
232	309	40	1
240	309	40	2
217	310	40	1
229	310	40	2
241	310	40	2
222	311	40	1
228	311	40	1
234	311	40	1
237	311	40	1
241	311	40	1
220	312	40	2
229	312	40	3
235	312	40	1
241	312	40	2
243	312	40	2
215	313	40	1
216	313	40	3
217	313	40	1
219	313	40	1
235	313	40	1
236	313	40	1
238	313	40	1
241	313	40	1
219	314	40	1
217	315	40	1
219	315	40	1
229	315	40	2
235	315	40	1
237	315	40	3
243	315	40	2
219	316	40	1
220	316	40	2
221	316	40	1
234	316	40	2
237	316	40	1
240	316	40	2
242	316	40	1
243	316	40	1
242	317	40	1
229	318	40	1
238	318	40	1
241	318	40	1
215	319	40	1
219	319	40	1
230	319	40	2
232	319	40	1
243	319	40	1
217	320	40	2
230	320	40	1
240	320	40	1
240	321	40	1
231	322	40	1
233	322	40	2
228	323	40	1
193	280	41	1
197	282	41	2
193	293	41	1
225	294	41	1
199	296	41	1
237	299	41	2
235	300	41	1
229	302	41	1
232	304	41	1
243	304	41	1
223	305	41	2
229	305	41	1
224	306	41	1
225	307	41	1
229	307	41	1
220	308	41	1
225	308	41	1
226	308	41	1
241	308	41	1
220	309	41	2
224	309	41	1
240	309	41	1
211	310	41	1
220	310	41	1
222	310	41	2
223	310	41	1
236	310	41	1
239	310	41	1
233	311	41	1
241	311	41	1
235	312	41	1
242	312	41	1
222	313	41	1
239	313	41	1
245	313	41	1
221	314	41	1
232	314	41	3
235	314	41	1
249	314	41	1
218	315	41	1
230	315	41	2
219	316	41	1
240	316	41	1
243	316	41	1
249	316	41	1
244	317	41	1
229	318	41	1
243	318	41	1
245	319	41	2
230	320	41	1
231	320	41	1
216	321	41	2
228	323	41	2
236	323	41	2
213	302	42	1
224	305	42	1
229	305	42	1
220	306	42	1
221	307	42	1
227	307	42	2
227	308	42	1
236	309	42	1
242	309	42	1
236	310	42	1
238	310	42	1
239	310	42	1
241	310	42	1
238	311	42	1
214	312	42	1
218	312	42	1
222	312	42	1
242	312	42	2
243	312	42	1
244	312	42	1
222	313	42	1
234	313	42	2
226	314	42	2
242	314	42	1
219	315	42	1
230	315	42	1
241	315	42	1
228	316	42	1
238	316	42	3
240	316	42	2
241	316	42	1
242	316	42	1
243	316	42	1
219	317	42	1
226	317	42	2
227	317	42	1
232	317	42	1
240	318	42	1
246	318	42	1
247	318	42	1
231	319	42	2
229	320	42	1
230	320	42	1
231	320	42	1
225	303	43	1
220	305	43	1
222	307	43	1
222	308	43	1
223	308	43	1
219	310	43	2
221	311	43	1
234	311	43	1
236	311	43	1
238	311	43	1
220	312	43	1
240	313	43	1
230	315	43	2
245	315	43	1
204	316	43	2
219	316	43	2
238	317	43	2
218	318	43	1
228	318	43	1
229	321	43	1
226	322	43	1
215	324	43	2
219	306	44	1
220	308	44	1
211	310	44	1
234	310	44	1
235	311	44	2
243	312	44	1
219	313	44	1
223	313	44	1
241	314	44	2
222	315	44	2
238	315	44	1
225	317	44	1
242	317	44	1
243	318	44	1
242	319	44	2
224	322	44	1
216	316	45	1
132	221	20	1
179	221	20	1
142	222	20	1
172	224	20	1
175	224	20	1
157	225	20	1
115	226	20	1
160	227	20	1
189	227	20	1
153	229	20	1
190	230	20	1
115	232	20	1
130	233	20	1
145	235	20	1
151	235	20	1
146	236	20	1
160	239	20	1
122	241	20	1
139	241	20	1
141	241	20	1
128	242	20	1
121	245	20	1
157	250	20	1
225	250	20	1
148	254	20	1
214	255	20	1
232	255	20	1
204	256	20	1
205	256	20	1
227	256	20	1
234	256	20	1
262	256	20	1
255	257	20	1
163	258	20	1
130	261	20	1
156	261	20	1
191	261	20	1
170	262	20	1
223	262	20	1
259	263	20	1
160	264	20	1
120	266	20	1
158	266	20	1
179	266	20	1
225	266	20	1
109	268	20	1
213	268	20	1
151	269	20	1
214	269	20	1
257	269	20	1
119	271	20	1
145	271	20	1
162	271	20	1
156	272	20	1
158	272	20	1
167	274	20	1
170	274	20	1
227	274	20	1
148	275	20	1
174	275	20	1
221	275	20	1
137	276	20	1
162	276	20	1
231	276	20	1
177	277	20	1
219	277	20	1
208	278	20	2
234	279	20	1
142	281	20	1
169	281	20	1
214	283	20	1
214	284	20	1
202	285	20	1
164	286	20	1
213	286	20	1
218	286	20	1
124	287	20	1
226	287	20	2
268	287	20	1
224	289	20	1
189	290	20	1
149	291	20	1
104	292	20	1
242	292	20	1
165	293	20	1
264	294	20	1
216	296	20	1
141	303	20	1
222	303	20	1
191	306	20	1
209	306	20	1
211	307	20	1
213	307	20	1
205	308	20	1
235	308	20	1
263	309	20	1
118	310	20	1
178	310	20	1
100	312	20	1
139	313	20	1
164	313	20	1
217	313	20	1
156	315	20	1
169	315	20	1
203	316	20	1
204	316	20	1
234	316	20	1
103	317	20	1
113	317	20	1
171	319	20	1
233	319	20	1
112	321	20	1
213	321	20	1
92	322	20	1
157	322	20	1
165	324	20	1
214	326	20	1
106	327	20	1
156	328	20	1
198	328	20	1
147	329	20	1
118	331	20	1
136	331	20	1
191	332	20	1
143	334	20	2
153	334	20	1
227	335	20	1
205	336	20	1
230	336	20	1
173	337	20	1
226	338	20	1
242	339	20	1
246	339	20	1
177	340	20	1
238	341	20	1
223	343	20	1
181	344	20	1
165	350	20	1
207	350	20	1
208	354	20	1
200	355	20	1
169	358	20	1
178	358	20	1
192	362	20	1
140	235	21	1
133	236	21	1
147	236	21	1
148	238	21	1
132	240	21	1
130	241	21	1
137	241	21	1
140	242	21	1
126	250	21	1
217	250	21	1
148	252	21	1
231	256	21	1
158	265	21	1
125	272	21	1
159	272	21	1
165	272	21	1
154	274	21	1
179	275	21	1
219	276	21	1
223	276	21	1
119	277	21	1
178	279	21	1
175	281	21	1
173	282	21	1
173	283	21	1
123	285	21	1
217	288	21	1
217	289	21	1
222	290	21	1
268	292	21	1
194	294	21	1
217	295	21	1
156	296	21	2
210	301	21	1
264	302	21	1
208	306	21	2
258	306	21	1
210	307	21	1
265	309	21	1
261	310	21	1
204	311	21	1
203	312	21	1
116	313	21	1
258	313	21	1
203	314	21	1
230	314	21	1
237	314	21	1
258	315	21	1
264	317	21	1
170	318	21	1
241	319	21	1
92	320	21	1
257	320	21	1
183	321	21	1
187	321	21	1
199	322	21	1
185	323	21	1
195	324	21	1
196	324	21	1
181	326	21	1
141	331	21	1
211	336	21	1
177	337	21	1
176	338	21	1
189	339	21	1
175	340	21	1
244	344	21	1
195	361	21	1
191	364	21	2
146	238	22	1
132	239	22	1
141	240	22	1
132	241	22	1
136	245	22	1
216	249	22	1
216	251	22	1
228	256	22	1
232	259	22	1
197	260	22	1
116	272	22	1
165	273	22	2
156	274	22	1
170	278	22	1
178	279	22	1
175	282	22	1
202	284	22	2
221	287	22	1
217	290	22	1
269	296	22	1
217	297	22	1
264	306	22	1
182	307	22	1
264	311	22	1
258	312	22	1
261	314	22	1
180	324	22	1
182	324	22	1
184	325	22	1
188	325	22	1
260	331	22	1
244	344	22	1
180	360	22	1
155	228	23	1
158	231	23	1
148	235	23	1
133	236	23	1
150	236	23	1
140	243	23	1
139	244	23	1
166	271	23	1
169	274	23	1
169	278	23	1
172	284	23	2
269	291	23	1
266	293	23	1
267	293	23	1
269	294	23	1
269	298	23	1
206	307	23	1
173	312	23	1
203	313	23	1
239	313	23	1
257	314	23	1
259	318	23	1
259	319	23	1
183	321	23	1
182	325	23	1
180	332	23	1
146	335	23	1
235	340	23	1
182	223	24	1
157	233	24	1
143	234	24	1
145	235	24	1
137	238	24	1
139	243	24	1
224	248	24	1
139	249	24	1
134	252	24	1
143	255	24	1
225	260	24	1
124	262	24	1
221	263	24	1
122	264	24	1
162	269	24	1
179	278	24	1
170	279	24	1
206	284	24	1
275	288	24	1
222	291	24	1
275	291	24	1
266	298	24	1
213	299	24	1
238	304	24	1
206	308	24	1
209	308	24	1
260	308	24	1
200	312	24	1
258	318	24	1
260	318	24	1
184	319	24	1
185	320	24	1
161	324	24	1
181	335	24	1
258	336	24	1
155	228	25	1
161	232	25	1
140	234	25	1
132	240	25	1
237	241	25	1
135	244	25	1
135	246	25	1
195	249	25	1
136	251	25	1
225	253	25	1
123	262	25	1
122	266	25	1
180	274	25	1
175	276	25	1
176	281	25	1
165	282	25	1
275	285	25	1
277	288	25	1
277	290	25	1
270	293	25	1
237	300	25	2
262	309	25	1
262	311	25	1
257	317	25	1
258	318	25	1
257	320	25	1
183	329	25	2
107	331	25	1
178	226	26	1
160	230	26	1
139	235	26	1
131	241	26	1
136	244	26	1
223	248	26	1
226	248	26	1
230	248	26	1
224	249	26	1
123	267	26	2
119	269	26	1
127	270	26	1
274	282	26	1
274	283	26	1
208	313	26	1
258	315	26	1
261	315	26	2
241	320	26	1
155	231	27	1
154	234	27	1
146	235	27	1
138	238	27	1
246	238	27	1
246	245	27	1
193	251	27	1
226	252	27	1
122	258	27	1
178	278	27	1
271	283	27	1
272	283	27	1
236	306	27	1
258	316	27	1
236	324	27	2
167	231	28	1
249	236	28	1
246	238	28	1
139	240	28	1
124	256	28	1
121	264	28	1
257	264	28	1
170	271	28	1
228	307	28	1
204	310	28	1
259	316	28	1
96	331	28	1
185	357	28	1
164	233	29	1
181	240	29	1
236	243	29	1
132	259	29	1
134	259	29	1
168	273	29	1
138	274	29	1
175	279	29	1
167	284	29	1
277	284	29	1
167	287	29	1
270	294	29	1
176	295	29	1
235	304	29	1
199	308	29	1
204	309	29	1
249	314	29	1
259	317	29	1
191	346	29	1
187	361	29	1
114	226	30	1
181	238	30	1
190	244	30	2
148	253	30	1
250	255	30	1
129	259	30	1
126	269	30	1
126	270	30	2
124	273	30	1
170	274	30	2
143	275	30	1
276	282	30	1
164	284	30	1
163	286	30	1
208	310	30	1
186	349	30	1
190	232	31	1
174	239	31	1
174	243	31	1
125	268	31	1
159	282	31	1
259	282	31	1
261	282	31	1
181	301	31	1
222	312	31	1
190	313	31	1
220	315	31	1
95	331	31	1
97	333	31	2
188	349	31	1
113	226	32	1
186	242	32	1
176	243	32	1
188	245	32	1
147	257	32	1
253	258	32	1
256	261	32	1
261	265	32	1
263	270	32	1
276	282	32	1
167	288	32	1
165	295	32	1
114	307	32	1
205	308	32	1
190	311	32	1
112	313	32	1
200	313	32	1
209	321	32	1
242	321	32	1
215	360	32	1
208	246	33	1
135	254	33	1
134	255	33	1
131	257	33	1
157	264	33	1
128	267	33	1
149	279	33	1
115	308	33	1
198	308	33	1
185	309	33	1
193	310	33	1
186	311	33	2
205	312	33	1
111	314	33	1
209	314	33	1
119	318	33	1
199	319	33	1
238	321	33	1
239	323	33	2
95	329	33	1
193	341	33	1
215	341	33	1
177	360	33	1
178	360	33	1
116	225	34	1
113	228	34	1
174	240	34	1
199	245	34	1
130	252	34	1
136	254	34	1
133	255	34	1
136	258	34	1
126	263	34	1
129	265	34	2
266	267	34	1
163	271	34	1
166	272	34	1
122	290	34	1
119	301	34	1
116	303	34	1
115	311	34	1
192	311	34	1
195	311	34	1
115	312	34	1
247	312	34	1
114	314	34	1
124	317	34	1
244	317	34	1
234	323	34	1
194	333	34	1
194	337	34	1
208	347	34	2
213	348	34	2
185	351	34	1
207	353	34	2
139	238	35	1
139	239	35	1
176	245	35	2
134	252	35	1
136	259	35	1
255	259	35	1
156	261	35	1
157	264	35	1
159	274	35	1
163	274	35	1
166	276	35	1
260	276	35	1
162	283	35	1
160	285	35	1
125	286	35	1
123	290	35	1
122	297	35	1
122	298	35	1
118	304	35	1
175	304	35	1
114	307	35	1
195	313	35	1
108	316	35	2
109	317	35	1
121	317	35	1
201	321	35	2
131	325	35	1
234	325	35	1
239	325	35	1
242	325	35	1
95	327	35	1
189	336	35	1
211	347	35	1
212	350	35	1
180	352	35	1
202	354	35	1
125	234	36	1
136	240	36	1
138	240	36	1
133	251	36	1
138	254	36	1
132	255	36	1
259	258	36	1
146	264	36	1
136	271	36	1
161	279	36	1
145	288	36	1
152	288	36	1
165	297	36	1
117	302	36	1
175	303	36	1
113	308	36	1
238	322	36	1
186	324	36	1
236	324	36	1
235	325	36	1
98	327	36	1
233	327	36	1
97	328	36	1
185	333	36	1
189	343	36	1
188	350	36	1
185	352	36	1
213	352	36	1
207	353	36	1
207	355	36	1
179	356	36	1
119	228	37	1
139	238	37	1
139	239	37	1
167	241	37	1
173	241	37	1
173	245	37	1
140	253	37	1
207	256	37	1
134	260	37	1
129	261	37	2
145	263	37	1
128	265	37	1
144	265	37	1
155	265	37	1
262	265	37	1
132	274	37	1
127	281	37	1
128	283	37	1
160	292	37	1
168	299	37	1
173	299	37	1
175	301	37	1
116	308	37	1
150	315	37	1
121	316	37	1
119	318	37	1
148	318	37	1
117	319	37	1
210	349	37	1
212	349	37	1
214	350	37	1
206	358	37	1
137	235	38	1
138	236	38	2
126	239	38	1
138	241	38	1
139	244	38	1
137	250	38	1
170	252	38	1
143	254	38	1
134	255	38	1
144	255	38	1
150	255	38	1
139	258	38	1
146	259	38	1
153	263	38	1
143	264	38	1
152	264	38	1
253	272	38	1
144	273	38	1
251	274	38	1
140	277	38	1
140	280	38	1
140	284	38	1
258	294	38	1
177	300	38	1
180	306	38	1
140	316	38	1
121	318	38	1
138	320	38	1
147	320	38	1
140	323	38	1
148	335	38	1
214	340	38	1
199	344	38	1
189	346	38	1
247	347	38	1
201	361	38	1
147	228	39	1
149	228	39	1
174	232	39	1
128	233	39	1
201	233	39	1
195	234	39	1
137	235	39	1
140	235	39	1
138	237	39	2
140	238	39	1
145	238	39	1
167	238	39	1
139	239	39	1
172	242	39	1
139	244	39	1
141	246	39	1
172	246	39	1
178	247	39	1
135	250	39	1
237	252	39	1
127	253	39	1
144	254	39	1
143	255	39	1
155	256	39	1
149	260	39	1
153	260	39	1
148	261	39	1
148	262	39	1
250	262	39	1
152	264	39	1
129	265	39	1
146	265	39	1
259	268	39	1
146	270	39	1
251	272	39	1
141	274	39	1
136	275	39	1
148	276	39	1
233	276	39	1
144	277	39	1
130	279	39	1
141	279	39	1
145	279	39	1
133	283	39	1
134	285	39	1
137	285	39	1
172	286	39	1
121	297	39	1
166	297	39	1
248	297	39	1
123	299	39	1
121	301	39	1
175	302	39	1
259	302	39	1
177	306	39	1
146	316	39	1
139	319	39	1
140	322	39	1
239	327	39	1
219	331	39	1
215	340	39	1
191	344	39	1
190	347	39	1
211	348	39	1
214	354	39	2
214	355	39	1
195	363	39	1
113	219	40	1
201	234	40	1
202	235	40	1
120	236	40	1
142	238	40	1
146	238	40	1
154	238	40	1
167	238	40	1
197	238	40	1
139	239	40	1
136	241	40	1
161	241	40	1
164	241	40	1
176	244	40	1
173	245	40	1
171	247	40	1
232	249	40	1
137	250	40	1
225	251	40	1
132	253	40	1
223	253	40	1
140	255	40	1
132	257	40	1
147	257	40	1
176	259	40	1
204	259	40	1
164	260	40	1
140	261	40	1
144	262	40	1
151	263	40	1
234	263	40	1
163	264	40	1
253	268	40	1
131	273	40	1
137	275	40	1
139	275	40	1
134	278	40	1
138	278	40	1
162	280	40	1
150	282	40	1
139	283	40	1
139	286	40	1
158	286	40	1
133	292	40	1
133	293	40	1
181	303	40	1
124	304	40	1
172	306	40	1
147	315	40	1
115	316	40	1
240	329	40	1
157	332	40	1
174	332	40	1
153	338	40	1
156	339	40	1
217	341	40	1
195	349	40	1
214	353	40	1
171	358	40	1
141	237	41	1
164	238	41	1
167	238	41	1
138	239	41	1
201	239	41	1
198	240	41	1
142	241	41	2
169	243	41	1
124	244	41	2
127	244	41	1
166	246	41	2
181	247	41	1
230	250	41	1
229	252	41	1
177	257	41	1
254	257	41	1
154	258	41	1
211	258	41	1
176	259	41	1
146	261	41	1
149	261	41	1
160	261	41	1
173	262	41	1
207	262	41	1
201	263	41	1
120	266	41	1
145	266	41	1
150	266	41	2
168	266	41	1
135	267	41	1
161	267	41	1
253	267	41	1
254	269	41	1
144	271	41	1
154	271	41	1
203	271	41	1
218	271	41	1
220	272	41	1
146	274	41	1
155	274	41	1
156	274	41	1
157	274	41	1
136	276	41	1
138	277	41	1
139	277	41	1
136	278	41	1
164	278	41	1
137	282	41	1
136	287	41	1
156	287	41	1
257	292	41	1
160	294	41	1
135	295	41	1
97	302	41	1
127	302	41	1
168	302	41	1
261	303	41	1
133	304	41	1
129	307	41	1
126	308	41	1
162	309	41	1
141	317	41	1
138	320	41	1
181	322	41	2
249	322	41	1
138	327	41	1
184	330	41	1
243	330	41	1
216	334	41	1
133	335	41	1
150	335	41	1
238	335	41	1
214	339	41	1
215	339	41	1
247	339	41	1
220	341	41	1
214	342	41	1
218	346	41	1
195	349	41	1
169	359	41	1
171	359	41	1
208	360	41	1
200	363	41	1
136	228	42	1
140	228	42	1
134	230	42	1
138	232	42	1
136	233	42	1
147	234	42	1
201	234	42	1
141	238	42	1
138	239	42	1
166	240	42	1
179	244	42	1
144	254	42	1
142	257	42	1
149	257	42	1
173	259	42	1
248	259	42	1
169	260	42	1
171	260	42	1
152	265	42	1
155	270	42	1
131	273	42	1
148	274	42	1
250	275	42	1
140	277	42	1
144	279	42	1
152	279	42	1
141	286	42	1
126	299	42	1
130	301	42	1
138	302	42	1
168	303	42	2
125	304	42	1
168	304	42	1
133	305	42	1
171	305	42	1
125	307	42	2
143	310	42	1
139	320	42	1
131	330	42	1
160	330	42	1
184	330	42	1
164	332	42	1
165	332	42	1
248	336	42	1
126	337	42	1
156	337	42	1
193	340	42	1
212	344	42	1
136	231	43	1
157	236	43	1
166	238	43	1
175	258	43	1
151	260	43	1
145	261	43	1
146	261	43	1
124	265	43	1
158	266	43	1
146	271	43	1
132	275	43	1
160	275	43	1
164	276	43	1
147	280	43	1
158	281	43	1
154	282	43	1
152	285	43	1
215	285	43	1
137	286	43	1
140	287	43	1
134	295	43	1
141	299	43	1
129	301	43	1
140	302	43	1
129	307	43	1
167	309	43	1
140	313	43	1
136	326	43	1
136	327	43	1
177	329	43	1
132	331	43	1
131	336	43	1
204	354	43	1
207	358	43	1
159	236	44	1
177	260	44	1
175	261	44	1
148	272	44	1
181	272	44	1
146	274	44	1
143	275	44	1
252	276	44	1
164	279	44	1
155	280	44	1
150	282	44	2
121	290	44	1
136	291	44	1
142	291	44	2
132	294	44	1
225	295	44	1
127	302	44	1
170	310	44	1
141	318	44	1
182	323	44	1
136	326	44	1
189	334	44	1
218	334	44	3
216	337	44	1
217	337	44	1
211	346	44	1
155	267	45	1
148	270	45	1
151	272	45	1
141	275	45	1
148	281	45	1
151	284	45	1
145	292	45	1
144	294	45	1
244	302	45	1
132	304	45	1
245	340	45	1
132	236	46	1
145	279	46	1
155	279	46	1
148	282	46	1
151	283	46	1
248	285	46	1
120	286	46	1
132	301	46	1
137	304	46	1
184	320	46	1
173	325	46	1
217	335	46	1
162	282	47	1
120	283	47	1
144	294	47	1
178	320	47	1
194	321	47	1
207	351	47	1
144	225	48	1
154	276	48	1
142	300	48	2
149	243	49	1
151	252	49	1
154	274	49	1
156	274	49	1
147	279	49	1
140	293	49	1
144	294	49	1
121	234	50	1
162	253	50	1
149	263	50	1
151	272	50	1
150	283	50	1
146	289	50	1
198	337	50	1
