x	y	z	Mitochondrial translation termination
183.039773122643	289.659001437601	35.0807824929564	2
179	221	20	1
127	222	20	2
138	223	20	3
148	223	20	1
175	223	20	1
115	224	20	1
133	224	20	4
144	224	20	1
155	224	20	1
156	224	20	1
167	224	20	1
176	224	20	1
141	225	20	3
157	225	20	1
159	225	20	1
176	225	20	1
115	226	20	3
126	226	20	2
139	226	20	1
156	226	20	2
158	226	20	2
160	227	20	1
112	228	20	3
119	228	20	1
128	228	20	2
130	228	20	4
132	228	20	1
155	228	20	1
157	228	20	4
158	228	20	3
174	228	20	1
179	228	20	1
196	228	20	1
197	228	20	2
112	229	20	2
160	229	20	1
129	230	20	2
157	230	20	1
169	230	20	2
186	230	20	1
204	230	20	2
113	231	20	1
154	231	20	3
160	231	20	1
161	231	20	1
170	231	20	3
142	232	20	1
190	232	20	2
130	233	20	1
136	233	20	1
147	233	20	1
152	233	20	2
169	233	20	1
206	233	20	1
214	233	20	2
215	233	20	2
130	234	20	1
132	234	20	1
135	234	20	1
138	234	20	1
154	234	20	2
204	234	20	1
213	234	20	1
215	234	20	1
135	235	20	2
137	235	20	1
145	235	20	1
151	235	20	1
158	235	20	3
206	235	20	1
216	235	20	2
218	235	20	1
220	235	20	1
134	236	20	2
141	236	20	2
146	236	20	1
154	236	20	1
159	236	20	2
215	236	20	1
129	237	20	1
133	237	20	1
135	237	20	1
137	237	20	1
146	237	20	1
151	237	20	1
154	237	20	3
165	237	20	2
168	237	20	1
173	237	20	1
220	237	20	2
222	237	20	1
248	237	20	1
143	238	20	1
145	238	20	1
150	238	20	1
158	238	20	1
168	238	20	2
213	238	20	2
128	239	20	1
139	239	20	2
141	239	20	1
151	239	20	2
160	239	20	2
165	239	20	1
172	239	20	2
183	239	20	1
102	240	20	2
131	240	20	2
132	240	20	3
147	240	20	1
149	240	20	2
191	240	20	2
214	240	20	1
231	240	20	1
239	240	20	1
108	241	20	1
111	241	20	1
126	241	20	2
127	241	20	1
129	241	20	2
131	241	20	3
135	241	20	1
138	241	20	3
139	241	20	1
141	241	20	1
146	241	20	3
157	241	20	1
167	241	20	1
237	241	20	2
121	242	20	3
123	242	20	1
128	242	20	1
130	242	20	1
132	242	20	1
136	242	20	3
141	242	20	2
148	242	20	2
150	242	20	1
163	242	20	1
185	242	20	2
124	243	20	1
125	243	20	2
132	243	20	1
140	243	20	2
181	243	20	3
201	243	20	1
247	243	20	1
123	244	20	1
126	244	20	1
134	244	20	1
135	244	20	3
154	244	20	1
183	244	20	3
188	244	20	2
214	244	20	1
111	245	20	2
121	245	20	2
169	245	20	1
176	245	20	1
182	245	20	1
214	245	20	1
226	245	20	4
241	245	20	1
122	246	20	2
126	246	20	2
159	246	20	1
215	246	20	1
221	246	20	1
237	246	20	2
240	246	20	1
246	246	20	1
122	247	20	2
133	247	20	1
139	247	20	1
163	247	20	1
109	248	20	1
114	248	20	1
141	248	20	1
158	248	20	1
163	248	20	1
210	248	20	2
222	248	20	1
230	248	20	1
102	249	20	2
143	249	20	1
145	249	20	1
151	249	20	1
169	249	20	2
215	249	20	2
101	250	20	4
121	250	20	1
155	250	20	1
172	250	20	1
225	250	20	1
227	250	20	5
260	250	20	1
101	251	20	1
133	251	20	1
175	251	20	1
207	251	20	3
216	251	20	2
218	251	20	2
251	251	20	1
122	252	20	4
207	252	20	1
226	252	20	2
234	252	20	1
120	253	20	2
122	253	20	1
161	253	20	2
175	253	20	2
194	253	20	2
231	253	20	1
252	253	20	2
124	254	20	1
127	254	20	2
180	254	20	1
183	254	20	3
223	254	20	1
228	254	20	1
238	254	20	1
243	254	20	1
248	254	20	1
143	255	20	1
149	255	20	1
197	255	20	3
207	255	20	2
232	255	20	1
233	255	20	3
251	255	20	1
110	256	20	1
113	256	20	1
128	256	20	1
158	256	20	1
166	256	20	1
172	256	20	1
196	256	20	1
198	256	20	2
205	256	20	1
234	256	20	2
262	256	20	1
124	257	20	1
134	257	20	1
143	257	20	2
162	257	20	1
164	257	20	1
170	257	20	2
171	257	20	1
175	257	20	1
197	257	20	1
198	257	20	2
229	257	20	1
230	257	20	1
232	257	20	2
243	257	20	1
251	257	20	2
258	257	20	1
163	258	20	1
175	258	20	1
176	258	20	1
198	258	20	3
215	258	20	1
107	259	20	2
136	259	20	1
144	259	20	1
145	259	20	2
166	259	20	2
167	259	20	1
193	259	20	3
229	259	20	3
232	259	20	2
252	259	20	1
265	259	20	1
108	260	20	3
127	260	20	1
130	260	20	1
134	260	20	1
147	260	20	1
157	260	20	1
158	260	20	1
200	260	20	1
224	260	20	1
245	260	20	2
140	261	20	2
141	261	20	1
142	261	20	1
147	261	20	1
191	261	20	1
207	261	20	2
118	262	20	2
124	262	20	3
152	262	20	1
156	262	20	1
170	262	20	3
225	262	20	1
230	262	20	1
142	263	20	1
163	263	20	2
191	263	20	2
207	263	20	2
229	263	20	2
105	264	20	2
136	264	20	1
146	264	20	2
160	264	20	2
163	264	20	1
168	264	20	2
187	264	20	3
220	264	20	2
221	264	20	3
250	264	20	1
254	264	20	2
264	264	20	1
124	265	20	1
134	265	20	2
162	265	20	2
166	265	20	2
176	265	20	3
179	265	20	2
236	265	20	1
113	266	20	2
129	266	20	1
155	266	20	3
160	266	20	1
170	266	20	2
172	266	20	1
179	266	20	1
184	266	20	1
197	266	20	1
225	266	20	1
251	266	20	1
117	267	20	1
118	267	20	1
154	267	20	1
239	267	20	2
266	267	20	1
113	268	20	1
141	268	20	1
151	268	20	2
154	268	20	2
156	268	20	1
157	268	20	1
162	268	20	2
213	268	20	2
112	269	20	1
130	269	20	2
147	269	20	2
149	269	20	1
155	269	20	1
159	269	20	4
165	269	20	1
167	269	20	1
173	269	20	1
184	269	20	2
197	269	20	1
212	269	20	1
214	269	20	1
113	270	20	1
114	270	20	2
115	270	20	1
117	270	20	2
118	270	20	1
155	270	20	1
156	270	20	1
162	270	20	1
166	270	20	1
177	270	20	1
210	270	20	1
224	270	20	1
226	270	20	2
227	270	20	1
119	271	20	3
128	271	20	1
133	271	20	3
152	271	20	1
159	271	20	1
162	271	20	1
163	271	20	1
167	271	20	1
171	271	20	1
225	271	20	1
266	271	20	1
113	272	20	1
117	272	20	2
119	272	20	2
120	272	20	2
121	272	20	1
125	272	20	3
135	272	20	1
144	272	20	1
154	272	20	2
156	272	20	1
169	272	20	1
175	272	20	1
218	272	20	3
225	272	20	1
255	272	20	2
123	273	20	1
132	273	20	2
149	273	20	1
152	273	20	2
167	273	20	1
201	273	20	1
206	273	20	1
207	273	20	1
223	273	20	1
159	274	20	2
167	274	20	1
170	274	20	2
174	274	20	2
214	274	20	1
226	274	20	1
227	274	20	3
131	275	20	1
147	275	20	2
148	275	20	1
169	275	20	1
172	275	20	1
174	275	20	1
200	275	20	2
204	275	20	2
205	275	20	1
235	275	20	1
236	275	20	3
268	275	20	1
126	276	20	2
136	276	20	1
142	276	20	3
157	276	20	1
158	276	20	1
167	276	20	1
170	276	20	1
180	276	20	1
182	276	20	2
221	276	20	3
231	276	20	1
246	276	20	2
258	276	20	1
266	276	20	1
130	277	20	2
154	277	20	1
171	277	20	1
189	277	20	2
220	277	20	1
226	277	20	4
227	277	20	2
249	277	20	1
260	277	20	2
262	277	20	1
129	278	20	1
152	278	20	1
168	278	20	1
170	278	20	1
176	278	20	2
180	278	20	3
183	278	20	1
269	278	20	1
270	278	20	1
175	279	20	1
178	279	20	2
200	279	20	1
224	279	20	4
234	279	20	1
269	279	20	2
109	280	20	1
133	280	20	1
162	280	20	2
166	280	20	2
172	280	20	3
173	280	20	1
175	280	20	1
176	280	20	2
199	280	20	1
217	280	20	3
142	281	20	1
147	281	20	1
166	281	20	1
168	281	20	1
176	281	20	1
214	281	20	1
218	281	20	1
222	281	20	1
226	281	20	1
149	282	20	1
162	282	20	1
172	282	20	2
181	282	20	1
203	282	20	2
219	282	20	3
276	282	20	1
167	283	20	1
170	283	20	2
171	283	20	1
173	283	20	1
176	283	20	2
179	283	20	2
190	283	20	1
203	283	20	1
216	283	20	3
226	283	20	3
232	283	20	2
266	283	20	1
186	284	20	2
213	284	20	1
267	284	20	2
109	285	20	1
137	285	20	1
141	285	20	1
145	285	20	1
171	285	20	1
208	285	20	1
210	285	20	2
250	285	20	3
268	285	20	1
272	285	20	2
101	286	20	2
129	286	20	2
151	286	20	1
164	286	20	1
213	286	20	2
218	286	20	1
225	286	20	1
236	286	20	1
124	287	20	1
129	287	20	1
198	287	20	3
220	287	20	2
221	287	20	1
261	287	20	2
268	287	20	2
269	287	20	2
121	288	20	1
126	288	20	1
167	288	20	1
169	288	20	2
170	288	20	1
196	288	20	1
225	288	20	3
230	288	20	1
238	288	20	1
147	289	20	2
149	289	20	2
152	289	20	2
164	289	20	2
179	289	20	1
181	289	20	2
201	289	20	1
217	289	20	2
252	289	20	4
271	289	20	1
142	290	20	1
250	290	20	3
108	291	20	2
149	291	20	3
192	291	20	2
227	291	20	1
112	292	20	1
140	292	20	1
146	292	20	1
173	292	20	2
189	292	20	1
192	292	20	2
195	292	20	1
199	292	20	1
217	292	20	1
236	292	20	2
237	292	20	3
242	292	20	1
249	292	20	1
265	292	20	1
268	292	20	1
106	293	20	1
133	293	20	4
134	293	20	2
142	293	20	4
161	293	20	2
165	293	20	2
204	293	20	2
222	293	20	2
225	293	20	2
258	293	20	1
261	293	20	3
126	294	20	2
136	294	20	3
141	294	20	1
161	294	20	1
174	294	20	1
177	294	20	2
180	294	20	1
199	294	20	3
209	294	20	2
211	294	20	2
216	294	20	1
219	294	20	1
264	294	20	1
116	295	20	3
173	295	20	2
189	295	20	1
218	295	20	1
220	295	20	1
266	295	20	1
116	296	20	3
131	296	20	2
143	296	20	1
145	296	20	2
180	296	20	3
196	296	20	2
202	296	20	1
216	296	20	1
217	296	20	1
228	296	20	1
133	297	20	4
161	297	20	1
172	297	20	2
249	297	20	1
268	297	20	1
110	298	20	1
153	298	20	2
159	298	20	1
165	298	20	1
189	298	20	1
192	298	20	2
203	298	20	2
230	298	20	1
129	299	20	1
156	299	20	2
161	299	20	2
194	299	20	2
207	299	20	1
235	299	20	1
264	299	20	1
139	300	20	1
174	300	20	1
191	300	20	1
232	300	20	1
253	300	20	2
114	301	20	1
118	301	20	1
133	301	20	1
149	301	20	1
161	301	20	2
186	301	20	2
233	301	20	3
268	301	20	1
114	302	20	1
126	302	20	1
204	302	20	1
206	302	20	1
219	302	20	1
223	302	20	2
252	302	20	1
257	302	20	1
261	302	20	4
264	302	20	1
141	303	20	1
150	303	20	1
156	303	20	3
222	303	20	1
234	303	20	2
266	303	20	2
96	304	20	1
149	304	20	1
158	304	20	1
166	304	20	2
174	304	20	2
193	304	20	2
203	304	20	1
234	304	20	1
236	304	20	1
238	304	20	1
239	304	20	1
243	304	20	1
256	304	20	1
262	304	20	2
177	305	20	3
206	305	20	1
234	305	20	1
236	305	20	1
249	305	20	1
258	305	20	1
136	306	20	4
172	306	20	2
177	306	20	3
200	306	20	3
209	306	20	1
236	306	20	1
240	306	20	1
259	306	20	1
261	306	20	1
128	307	20	1
142	307	20	2
158	307	20	2
166	307	20	1
211	307	20	1
229	307	20	1
234	307	20	1
238	307	20	1
239	307	20	2
241	307	20	1
184	308	20	2
186	308	20	3
201	308	20	1
208	308	20	1
219	308	20	2
220	308	20	1
227	308	20	1
232	308	20	1
235	308	20	1
257	308	20	4
124	309	20	1
175	309	20	1
202	309	20	1
205	309	20	1
238	309	20	1
239	309	20	1
246	309	20	1
260	309	20	2
262	309	20	1
268	309	20	2
269	309	20	2
144	310	20	1
182	310	20	1
245	310	20	1
255	310	20	1
143	311	20	1
210	311	20	2
230	311	20	2
264	311	20	1
266	311	20	2
93	312	20	1
168	312	20	2
173	312	20	1
205	312	20	1
233	312	20	1
258	312	20	1
263	312	20	1
107	313	20	2
115	313	20	2
158	313	20	2
164	313	20	2
174	313	20	2
176	313	20	3
181	313	20	1
182	313	20	1
212	313	20	1
217	313	20	2
229	313	20	2
262	313	20	1
142	314	20	1
152	314	20	2
201	314	20	1
202	314	20	2
210	314	20	1
237	314	20	1
259	314	20	1
266	314	20	2
133	315	20	2
150	315	20	1
156	315	20	1
169	315	20	1
175	315	20	1
180	315	20	1
198	315	20	1
215	315	20	1
243	315	20	1
250	315	20	1
262	315	20	2
265	315	20	2
266	315	20	1
119	316	20	1
126	316	20	1
131	316	20	1
146	316	20	1
178	316	20	1
179	316	20	1
182	316	20	1
198	316	20	1
202	316	20	1
203	316	20	2
204	316	20	2
228	316	20	1
232	316	20	1
234	316	20	1
235	316	20	2
256	316	20	1
95	317	20	1
103	317	20	1
113	317	20	2
129	317	20	1
232	317	20	3
233	317	20	1
251	317	20	2
267	317	20	1
121	318	20	2
126	318	20	2
129	318	20	1
172	318	20	1
187	318	20	1
198	318	20	1
237	318	20	2
247	318	20	1
256	318	20	2
257	318	20	1
258	318	20	1
260	318	20	1
140	319	20	1
153	319	20	1
168	319	20	1
171	319	20	3
218	319	20	1
237	319	20	1
242	319	20	1
258	319	20	1
141	320	20	2
179	320	20	1
182	320	20	1
187	320	20	1
195	320	20	1
200	320	20	1
94	321	20	1
112	321	20	1
195	321	20	1
196	321	20	1
197	321	20	1
210	321	20	3
213	321	20	1
237	321	20	1
254	321	20	1
256	321	20	1
257	321	20	2
92	322	20	1
97	322	20	1
127	322	20	1
157	322	20	1
183	322	20	1
185	322	20	2
190	322	20	1
198	322	20	1
200	322	20	1
226	322	20	1
257	322	20	3
258	322	20	4
99	323	20	1
108	323	20	3
111	323	20	1
118	323	20	2
153	323	20	1
178	323	20	1
180	323	20	2
193	323	20	1
198	323	20	2
233	323	20	1
234	323	20	1
237	323	20	3
169	324	20	1
185	324	20	2
193	324	20	1
200	324	20	2
203	324	20	1
224	324	20	1
101	325	20	2
111	325	20	1
126	325	20	4
139	325	20	1
183	325	20	1
185	325	20	1
188	325	20	1
189	325	20	2
190	325	20	1
195	325	20	1
196	325	20	1
205	325	20	2
207	325	20	1
228	325	20	2
258	325	20	1
259	325	20	1
128	326	20	1
130	326	20	2
177	326	20	2
191	326	20	1
194	326	20	1
196	326	20	1
199	326	20	1
203	326	20	1
212	326	20	2
214	326	20	2
217	326	20	1
219	326	20	2
240	326	20	2
106	327	20	2
139	327	20	3
145	327	20	3
153	327	20	2
161	327	20	1
179	327	20	3
189	327	20	1
233	327	20	3
244	327	20	1
258	327	20	1
120	328	20	1
135	328	20	1
156	328	20	1
167	328	20	1
173	328	20	2
183	328	20	2
198	328	20	1
200	328	20	2
212	328	20	2
214	328	20	1
221	328	20	1
98	329	20	1
106	329	20	3
137	329	20	2
147	329	20	1
158	329	20	1
169	329	20	1
179	329	20	2
187	329	20	1
199	329	20	3
210	329	20	1
122	330	20	1
129	330	20	1
150	330	20	2
179	330	20	1
181	330	20	1
213	330	20	1
258	330	20	1
259	330	20	1
136	331	20	2
145	331	20	1
200	331	20	2
205	331	20	1
240	331	20	1
249	331	20	2
255	331	20	2
104	332	20	2
106	332	20	2
140	332	20	3
150	332	20	1
172	332	20	2
176	332	20	2
179	332	20	1
180	332	20	3
191	332	20	1
192	332	20	1
216	332	20	4
218	332	20	2
232	332	20	1
96	333	20	1
117	333	20	2
137	333	20	1
174	333	20	2
175	333	20	1
179	333	20	4
193	333	20	1
204	333	20	1
210	333	20	2
227	333	20	1
244	333	20	1
131	334	20	1
151	334	20	2
153	334	20	3
158	334	20	2
183	334	20	2
186	334	20	2
205	334	20	1
207	334	20	3
210	334	20	1
237	335	20	2
239	335	20	1
246	335	20	2
134	336	20	1
137	336	20	1
163	336	20	1
169	336	20	1
188	336	20	2
194	336	20	2
199	336	20	1
205	336	20	1
222	336	20	1
224	336	20	2
260	336	20	2
144	337	20	3
205	337	20	1
217	337	20	3
233	337	20	1
246	337	20	3
169	338	20	1
173	338	20	1
183	338	20	1
198	338	20	1
226	338	20	2
173	339	20	1
186	339	20	1
246	339	20	1
201	340	20	1
233	340	20	3
242	340	20	1
248	340	20	1
157	341	20	1
167	341	20	2
173	341	20	1
214	341	20	1
230	341	20	2
234	341	20	1
238	341	20	1
242	341	20	1
173	342	20	1
227	342	20	2
210	343	20	1
223	343	20	1
229	343	20	3
240	343	20	1
243	343	20	2
245	343	20	1
161	344	20	1
178	344	20	1
181	344	20	2
216	344	20	3
242	344	20	1
209	345	20	1
223	345	20	1
243	345	20	1
162	346	20	1
187	346	20	3
213	346	20	1
217	346	20	2
243	346	20	1
190	347	20	2
161	348	20	1
173	348	20	2
232	348	20	1
179	349	20	1
190	349	20	4
192	349	20	3
195	349	20	1
212	349	20	1
165	350	20	1
184	350	20	2
221	350	20	2
231	350	20	6
237	350	20	1
203	351	20	1
186	352	20	2
216	352	20	1
165	353	20	3
184	353	20	1
212	353	20	2
231	353	20	2
170	354	20	3
208	354	20	1
210	354	20	1
230	354	20	1
200	355	20	1
210	355	20	1
182	357	20	1
198	357	20	1
207	357	20	1
215	357	20	1
178	358	20	1
211	358	20	1
220	358	20	2
222	358	20	1
171	359	20	2
175	359	20	2
178	359	20	1
218	359	20	2
173	360	20	1
176	360	20	2
179	360	20	1
219	360	20	2
176	361	20	4
199	361	20	1
203	361	20	1
192	362	20	2
197	365	20	3
129	222	21	1
159	225	21	1
175	225	21	1
155	226	21	1
183	226	21	1
146	228	21	1
147	228	21	1
161	228	21	2
182	228	21	3
156	229	21	2
188	230	21	1
110	231	21	1
162	232	21	2
136	233	21	1
129	234	21	2
134	235	21	1
140	235	21	1
141	235	21	1
132	236	21	2
133	236	21	1
140	236	21	1
147	236	21	1
214	236	21	1
127	237	21	3
131	237	21	1
132	237	21	3
137	237	21	1
138	237	21	1
144	237	21	1
164	237	21	2
172	237	21	2
178	237	21	1
191	237	21	1
128	238	21	1
137	238	21	1
148	238	21	2
131	239	21	1
139	239	21	1
195	239	21	1
126	240	21	1
130	240	21	1
137	240	21	2
138	240	21	1
146	240	21	1
150	240	21	2
151	240	21	2
212	240	21	2
214	240	21	3
241	240	21	2
126	241	21	2
132	241	21	4
133	241	21	2
147	241	21	1
174	241	21	1
215	241	21	1
128	242	21	3
137	242	21	1
140	242	21	1
143	242	21	1
144	242	21	1
109	243	21	1
116	243	21	1
128	243	21	1
129	243	21	1
142	243	21	3
146	243	21	2
152	243	21	1
213	243	21	1
132	244	21	1
135	244	21	3
102	245	21	1
116	245	21	2
139	245	21	1
194	245	21	1
245	245	21	1
137	246	21	2
197	247	21	1
201	247	21	1
173	248	21	1
212	248	21	2
218	249	21	2
131	250	21	2
220	251	21	2
158	252	21	1
154	253	21	1
197	253	21	2
225	253	21	3
225	254	21	1
161	255	21	1
169	255	21	1
225	255	21	1
227	256	21	1
107	257	21	1
197	257	21	1
200	257	21	2
232	257	21	1
124	258	21	1
140	258	21	1
160	260	21	3
181	260	21	1
196	260	21	1
137	262	21	1
163	262	21	1
189	262	21	1
133	263	21	2
161	264	21	1
162	264	21	3
163	264	21	5
175	264	21	1
181	264	21	1
135	265	21	1
161	265	21	1
162	265	21	2
222	265	21	1
164	267	21	3
155	268	21	1
160	268	21	1
114	269	21	1
117	269	21	4
124	269	21	2
154	269	21	1
160	269	21	2
177	269	21	2
178	269	21	1
115	270	21	1
126	270	21	3
156	270	21	1
164	270	21	2
119	271	21	2
120	271	21	1
129	272	21	2
149	272	21	1
158	272	21	2
159	272	21	2
163	272	21	1
166	272	21	2
173	272	21	1
175	272	21	1
122	273	21	1
133	273	21	1
157	273	21	1
164	273	21	2
178	273	21	1
113	274	21	1
149	274	21	1
154	274	21	3
167	274	21	2
176	274	21	1
224	274	21	2
265	274	21	1
165	275	21	1
179	275	21	1
116	276	21	1
165	276	21	1
169	276	21	1
173	276	21	2
219	276	21	1
221	276	21	3
223	276	21	2
267	276	21	2
119	277	21	1
169	277	21	1
172	277	21	1
174	277	21	1
117	278	21	1
124	278	21	1
157	278	21	2
170	279	21	3
176	279	21	2
178	279	21	1
216	279	21	2
218	279	21	1
225	279	21	1
266	279	21	2
125	280	21	2
204	280	21	1
205	280	21	2
218	280	21	4
219	280	21	1
227	280	21	2
169	281	21	2
219	281	21	1
226	281	21	1
170	282	21	2
173	282	21	2
215	282	21	1
224	282	21	2
173	283	21	2
216	283	21	1
217	283	21	1
215	284	21	1
222	284	21	1
224	284	21	1
123	285	21	1
180	285	21	1
223	285	21	1
237	285	21	1
217	286	21	3
223	286	21	1
152	287	21	1
220	287	21	1
134	288	21	1
205	288	21	1
217	288	21	2
220	288	21	2
271	288	21	2
225	289	21	2
220	290	21	3
178	291	21	2
219	291	21	1
196	293	21	1
217	293	21	1
194	294	21	1
218	294	21	1
215	295	21	1
217	295	21	1
218	295	21	2
126	296	21	1
156	296	21	2
193	296	21	2
154	297	21	1
194	297	21	2
217	297	21	1
250	297	21	2
177	298	21	1
230	298	21	1
232	298	21	3
192	299	21	1
131	300	21	2
214	300	21	1
267	300	21	2
210	301	21	1
252	301	21	1
189	302	21	1
105	303	21	1
207	303	21	2
211	303	21	1
239	303	21	3
240	303	21	2
186	304	21	1
187	304	21	2
208	304	21	1
235	304	21	2
240	304	21	1
266	304	21	1
267	304	21	1
96	305	21	1
209	305	21	2
210	305	21	3
223	305	21	2
241	305	21	2
242	305	21	4
209	306	21	2
231	306	21	1
234	306	21	1
238	306	21	1
258	306	21	1
203	307	21	1
204	307	21	1
243	307	21	1
201	308	21	3
205	308	21	1
240	308	21	1
259	308	21	2
260	308	21	1
170	309	21	3
200	309	21	1
209	309	21	1
239	309	21	1
149	310	21	1
176	310	21	3
180	310	21	1
186	310	21	2
231	310	21	2
212	311	21	1
179	312	21	1
203	312	21	1
227	312	21	1
230	312	21	1
256	312	21	1
257	312	21	1
258	312	21	1
116	313	21	1
241	313	21	3
258	313	21	1
260	313	21	2
261	313	21	2
172	314	21	1
175	314	21	1
203	314	21	1
205	314	21	1
230	314	21	1
237	314	21	1
256	314	21	1
260	314	21	1
256	315	21	1
257	315	21	2
181	316	21	1
208	316	21	2
237	316	21	1
254	316	21	1
260	316	21	1
166	317	21	1
178	317	21	1
180	317	21	1
200	317	21	1
257	317	21	2
264	317	21	2
182	318	21	1
260	318	21	1
266	318	21	2
152	319	21	3
166	319	21	2
184	319	21	2
241	319	21	1
247	319	21	3
261	319	21	1
92	320	21	1
258	320	21	3
262	320	21	1
118	321	21	2
132	321	21	1
185	321	21	1
187	321	21	1
249	321	21	2
258	321	21	2
260	321	21	1
182	322	21	4
199	322	21	1
258	322	21	1
259	322	21	2
185	323	21	2
192	323	21	3
261	323	21	2
141	324	21	1
149	324	21	2
178	324	21	1
180	324	21	1
186	324	21	1
187	324	21	1
188	324	21	3
177	325	21	2
181	325	21	1
187	325	21	2
195	325	21	1
199	325	21	2
202	325	21	3
96	326	21	1
181	326	21	2
156	327	21	1
180	327	21	2
188	327	21	1
147	328	21	1
202	328	21	1
260	328	21	1
99	329	21	2
100	329	21	2
98	330	21	2
131	330	21	1
228	330	21	1
105	331	21	2
141	331	21	1
138	332	21	2
261	332	21	1
210	333	21	1
259	333	21	1
121	334	21	1
259	334	21	1
134	335	21	1
237	335	21	2
259	335	21	1
142	336	21	1
173	336	21	1
177	336	21	1
178	336	21	3
183	336	21	3
211	336	21	1
259	336	21	1
260	336	21	1
177	337	21	2
145	338	21	1
180	338	21	2
240	338	21	2
175	339	21	1
242	339	21	1
163	340	21	1
175	340	21	4
237	340	21	2
215	341	21	2
225	341	21	4
244	341	21	2
231	342	21	3
239	342	21	1
241	344	21	1
243	345	21	1
236	348	21	1
173	349	21	4
198	349	21	1
190	351	21	2
221	354	21	2
179	355	21	2
169	356	21	2
175	356	21	1
168	359	21	1
181	362	21	1
126	226	22	1
154	228	22	2
154	229	22	2
154	230	22	1
162	230	22	1
131	234	22	3
134	234	22	1
136	235	22	1
142	235	22	1
143	235	22	2
145	235	22	2
148	235	22	2
133	236	22	2
136	236	22	1
139	236	22	1
140	236	22	2
129	237	22	2
133	237	22	1
135	237	22	1
143	237	22	1
129	238	22	1
134	238	22	1
139	238	22	2
146	238	22	2
132	239	22	2
144	239	22	1
213	239	22	1
125	240	22	1
141	240	22	2
146	240	22	1
216	240	22	1
132	241	22	2
136	241	22	1
146	241	22	1
148	241	22	2
150	241	22	2
153	241	22	3
215	241	22	2
117	242	22	1
129	242	22	1
131	242	22	2
132	242	22	2
134	242	22	2
144	242	22	2
215	242	22	2
139	243	22	3
145	244	22	2
133	245	22	1
136	245	22	1
132	246	22	1
135	247	22	1
216	249	22	1
217	250	22	1
219	251	22	1
223	252	22	3
224	253	22	1
221	254	22	1
161	255	22	1
229	255	22	2
163	256	22	1
161	257	22	1
199	257	22	3
163	258	22	1
197	258	22	1
161	260	22	1
160	264	22	1
163	264	22	1
119	267	22	1
120	267	22	2
132	267	22	1
160	267	22	1
121	268	22	1
157	268	22	1
158	268	22	1
162	268	22	2
165	268	22	1
195	268	22	1
155	269	22	1
121	270	22	2
125	270	22	2
127	270	22	1
155	270	22	1
158	270	22	2
156	271	22	2
164	271	22	1
165	271	22	1
116	272	22	1
120	272	22	1
177	272	22	3
165	273	22	1
174	273	22	1
179	273	22	1
154	274	22	1
156	274	22	1
168	274	22	1
174	274	22	1
177	274	22	1
164	275	22	1
176	276	22	1
177	276	22	5
170	278	22	1
226	279	22	2
170	280	22	1
173	280	22	1
174	280	22	1
224	280	22	1
227	280	22	3
170	282	22	2
172	282	22	2
175	282	22	1
202	284	22	2
271	284	22	2
224	285	22	2
226	285	22	2
222	292	22	4
241	293	22	1
266	294	22	1
217	295	22	1
269	296	22	1
217	297	22	1
220	297	22	1
268	297	22	1
216	299	22	2
214	300	22	1
267	300	22	2
189	301	22	1
211	301	22	2
264	302	22	3
238	303	22	1
266	303	22	1
268	303	22	2
185	304	22	1
186	304	22	1
210	304	22	1
236	304	22	1
263	304	22	1
185	305	22	3
240	305	22	1
258	305	22	2
232	306	22	1
238	306	22	2
264	306	22	1
205	307	22	1
207	307	22	1
234	307	22	2
238	307	22	1
262	307	22	2
203	308	22	1
207	308	22	1
235	308	22	1
238	308	22	1
201	309	22	2
231	309	22	1
207	310	22	1
250	310	22	3
259	310	22	3
260	310	22	1
231	311	22	1
264	311	22	1
176	312	22	2
258	312	22	1
233	313	22	2
260	313	22	3
261	313	22	3
200	314	22	1
236	314	22	1
257	314	22	1
261	314	22	1
261	315	22	1
263	315	22	3
179	317	22	1
236	317	22	2
256	317	22	1
176	318	22	1
258	318	22	1
262	318	22	1
180	319	22	1
184	320	22	2
260	320	22	1
182	321	22	1
191	321	22	1
256	321	22	1
257	321	22	3
181	322	22	1
185	322	22	2
259	322	22	2
185	323	22	1
194	323	22	2
197	323	22	2
258	323	22	1
261	323	22	1
183	324	22	1
196	324	22	1
200	324	22	1
184	325	22	2
188	325	22	1
199	325	22	1
202	326	22	4
259	326	22	1
260	326	22	1
98	328	22	2
201	329	22	2
103	330	22	2
182	330	22	1
181	331	22	2
259	331	22	1
260	331	22	1
100	332	22	2
178	334	22	2
180	334	22	2
176	335	22	1
179	337	22	2
235	340	22	1
245	343	22	1
180	360	22	2
156	225	23	1
157	225	23	1
180	225	23	1
158	226	23	2
154	228	23	1
155	228	23	1
157	228	23	1
157	229	23	2
156	230	23	2
157	230	23	1
152	231	23	3
157	231	23	2
158	231	23	2
134	234	23	1
143	234	23	2
146	234	23	1
141	235	23	2
144	235	23	1
145	235	23	1
146	235	23	1
148	235	23	1
133	236	23	3
146	236	23	1
150	236	23	1
133	237	23	2
214	237	23	1
133	238	23	1
145	238	23	2
217	238	23	2
130	240	23	2
130	241	23	3
132	241	23	1
135	241	23	1
136	241	23	2
140	241	23	1
141	241	23	2
142	241	23	2
145	241	23	1
149	241	23	1
150	241	23	2
146	242	23	2
215	242	23	1
130	243	23	3
140	243	23	1
214	243	23	1
227	243	23	1
139	244	23	2
145	244	23	1
215	246	23	1
215	248	23	1
218	250	23	3
192	253	23	1
222	253	23	5
223	253	23	1
223	254	23	3
162	255	23	1
197	255	23	2
163	256	23	2
198	256	23	5
224	257	23	1
228	257	23	1
197	259	23	1
220	262	23	1
119	263	23	2
119	264	23	1
122	264	23	1
124	266	23	1
121	267	23	1
162	267	23	1
163	268	23	1
122	269	23	2
240	269	23	1
120	270	23	1
156	270	23	3
165	270	23	1
183	270	23	1
168	271	23	1
167	272	23	1
166	273	23	1
169	274	23	1
178	274	23	2
179	274	23	1
226	274	23	1
173	275	23	1
224	275	23	1
179	276	23	2
174	277	23	1
176	277	23	1
168	278	23	2
169	278	23	3
176	278	23	1
178	278	23	2
170	279	23	2
175	279	23	3
179	279	23	1
219	279	23	1
168	281	23	3
170	281	23	2
174	281	23	2
177	281	23	2
210	281	23	2
174	283	23	1
172	284	23	1
173	284	23	3
176	284	23	1
271	285	23	1
271	286	23	2
220	291	23	2
268	292	23	1
271	292	23	1
220	293	23	1
271	293	23	2
219	294	23	1
266	294	23	1
266	295	23	2
264	299	23	2
239	302	23	2
264	303	23	1
212	304	23	1
237	304	23	1
234	305	23	1
264	305	23	3
265	305	23	2
183	306	23	1
267	306	23	2
181	307	23	1
205	307	23	3
206	307	23	2
240	307	23	1
241	307	23	2
259	307	23	1
262	307	23	1
261	308	23	2
262	308	23	1
181	309	23	1
257	309	23	5
176	310	23	1
260	310	23	1
230	311	23	1
240	311	23	1
257	311	23	1
260	311	23	3
173	312	23	2
176	312	23	1
260	312	23	2
261	312	23	1
176	313	23	1
203	313	23	1
258	313	23	1
262	313	23	3
176	314	23	1
263	314	23	1
179	315	23	2
259	315	23	2
260	315	23	1
262	315	23	1
265	315	23	2
172	316	23	1
258	316	23	1
264	316	23	2
256	317	23	1
265	317	23	1
182	318	23	1
254	318	23	1
257	318	23	2
258	318	23	1
259	318	23	1
261	318	23	1
262	318	23	1
166	319	23	1
182	319	23	1
258	319	23	1
259	319	23	1
262	319	23	1
183	321	23	1
187	321	23	1
187	322	23	1
236	322	23	2
256	322	23	1
259	322	23	3
184	323	23	1
185	323	23	1
162	324	23	1
178	324	23	2
186	325	23	3
188	325	23	2
183	326	23	1
192	326	23	1
259	326	23	1
99	327	23	1
184	327	23	1
259	327	23	1
97	328	23	2
203	328	23	1
183	329	23	2
186	329	23	2
259	329	23	1
94	330	23	1
184	330	23	2
102	331	23	1
201	331	23	2
260	331	23	1
180	332	23	3
260	332	23	1
182	333	23	1
259	333	23	1
192	334	23	1
260	336	23	1
243	343	23	1
240	345	23	2
242	345	23	1
176	358	23	1
182	221	24	2
181	222	24	1
182	223	24	1
179	224	24	2
156	226	24	1
157	227	24	2
160	227	24	1
157	228	24	1
157	229	24	3
158	229	24	1
151	231	24	2
162	231	24	1
149	232	24	2
153	232	24	2
157	233	24	2
135	234	24	2
138	234	24	3
143	234	24	1
136	235	24	1
145	235	24	3
151	235	24	2
136	236	24	1
139	236	24	1
141	236	24	1
144	236	24	1
151	236	24	2
138	237	24	2
145	237	24	4
150	237	24	1
132	238	24	1
137	238	24	1
148	238	24	1
149	238	24	2
150	238	24	1
151	238	24	1
132	239	24	1
133	239	24	1
142	239	24	2
145	239	24	3
142	240	24	1
146	240	24	2
132	241	24	1
140	241	24	1
143	242	24	1
141	243	24	1
149	243	24	1
131	244	24	1
137	244	24	1
139	244	24	1
137	245	24	1
142	246	24	3
227	246	24	2
139	247	24	2
140	247	24	1
228	247	24	1
140	249	24	2
216	249	24	1
230	249	24	1
222	251	24	2
131	252	24	1
141	253	24	2
220	253	24	1
222	253	24	3
140	254	24	2
227	254	24	1
140	255	24	2
143	255	24	2
163	256	24	1
197	257	24	3
196	258	24	2
199	258	24	1
118	260	24	1
120	261	24	1
196	261	24	1
199	261	24	1
116	262	24	1
117	262	24	1
118	262	24	3
119	262	24	1
222	262	24	1
223	262	24	1
120	263	24	1
121	263	24	1
217	263	24	1
221	263	24	2
117	264	24	1
163	264	24	1
117	265	24	1
119	265	24	2
120	265	24	2
124	265	24	1
119	266	24	2
126	266	24	3
215	266	24	2
123	267	24	2
165	267	24	3
210	268	24	1
162	269	24	1
163	270	24	2
184	270	24	3
131	271	24	1
181	271	24	1
166	272	24	1
165	273	24	2
167	273	24	1
177	273	24	2
166	274	24	1
166	275	24	2
167	275	24	1
178	275	24	3
171	276	24	2
178	276	24	1
170	277	24	2
177	277	24	2
180	277	24	1
175	278	24	1
178	278	24	2
179	278	24	1
168	279	24	2
179	279	24	1
180	279	24	1
169	280	24	4
170	280	24	2
174	280	24	1
174	281	24	3
179	281	24	1
204	283	24	2
176	284	24	2
177	284	24	3
206	284	24	2
204	285	24	2
276	287	24	4
277	288	24	1
201	289	24	1
275	289	24	1
276	289	24	1
274	290	24	2
197	291	24	2
275	291	24	2
197	293	24	1
271	293	24	2
194	294	24	1
237	294	24	1
271	295	24	2
191	296	24	1
236	297	24	2
269	297	24	1
266	298	24	1
268	298	24	1
236	299	24	2
189	300	24	1
235	300	24	2
238	300	24	1
263	300	24	1
235	301	24	1
238	301	24	1
267	301	24	1
240	302	24	1
242	302	24	1
263	302	24	2
234	303	24	1
237	303	24	1
186	304	24	1
188	304	24	2
236	304	24	1
237	304	24	1
238	304	24	1
241	304	24	2
241	305	24	1
259	305	24	3
262	305	24	1
263	305	24	1
264	305	24	1
206	306	24	2
238	306	24	1
262	306	24	2
260	307	24	1
265	307	24	2
209	308	24	1
235	308	24	1
260	308	24	1
264	308	24	1
232	309	24	2
259	309	24	1
178	310	24	3
202	310	24	2
240	310	24	1
231	311	24	1
257	311	24	3
260	311	24	1
266	311	24	1
200	312	24	1
239	312	24	1
240	312	24	2
255	312	24	1
257	312	24	1
177	313	24	1
199	313	24	1
238	313	24	2
264	313	24	1
175	314	24	1
176	314	24	1
211	314	24	1
234	314	24	1
237	314	24	2
257	314	24	1
259	314	24	1
263	314	24	3
171	315	24	1
173	315	24	1
258	315	24	1
167	317	24	2
185	317	24	1
167	318	24	1
169	318	24	3
179	318	24	1
253	318	24	1
259	318	24	1
260	318	24	2
184	319	24	1
253	319	24	2
257	319	24	1
258	319	24	1
261	319	24	5
262	319	24	1
263	319	24	1
182	320	24	1
187	320	24	1
239	320	24	2
165	321	24	1
259	321	24	1
260	321	24	1
185	322	24	1
237	322	24	2
241	322	24	1
242	322	24	1
179	323	24	2
187	323	24	2
195	323	24	2
236	323	24	1
161	324	24	1
186	324	24	2
259	324	24	2
185	325	24	2
185	326	24	2
261	326	24	1
183	327	24	1
157	329	24	1
183	329	24	4
185	329	24	1
186	329	24	1
261	329	24	2
96	330	24	1
101	330	24	2
103	330	24	2
105	330	24	4
104	331	24	1
153	331	24	1
181	331	24	1
260	331	24	2
261	331	24	2
97	332	24	2
257	332	24	1
260	332	24	3
258	333	24	1
178	334	24	1
257	334	24	1
258	334	24	2
146	335	24	1
181	335	24	1
257	335	24	1
259	335	24	1
186	360	24	2
179	222	25	1
180	222	25	1
179	223	25	1
181	223	25	1
179	224	25	1
157	226	25	1
157	228	25	1
155	229	25	1
159	230	25	2
158	231	25	2
150	233	25	3
134	235	25	2
136	235	25	1
133	236	25	1
135	236	25	1
134	237	25	1
141	237	25	1
247	237	25	2
131	239	25	2
136	239	25	1
138	239	25	2
132	240	25	3
134	240	25	2
135	241	25	3
136	241	25	2
134	242	25	2
227	243	25	1
133	244	25	1
135	244	25	1
134	245	25	1
133	246	25	1
139	246	25	1
144	246	25	2
140	247	25	1
139	248	25	2
195	249	25	2
229	250	25	1
136	251	25	1
230	251	25	2
136	253	25	1
225	253	25	3
225	258	25	4
122	261	25	1
121	262	25	2
119	263	25	1
120	264	25	1
123	266	25	1
128	266	25	2
181	271	25	1
180	274	25	2
175	276	25	2
177	276	25	2
178	276	25	1
165	278	25	2
170	278	25	3
176	278	25	1
165	279	25	2
170	279	25	1
177	279	25	1
170	280	25	2
274	280	25	1
276	280	25	1
176	281	25	1
165	282	25	1
277	288	25	1
199	289	25	2
277	290	25	1
268	292	25	1
266	295	25	1
266	296	25	1
269	296	25	1
238	297	25	3
266	297	25	1
238	299	25	1
268	299	25	1
266	300	25	2
237	302	25	3
238	302	25	1
235	305	25	1
236	305	25	3
233	306	25	1
258	309	25	1
262	309	25	2
208	310	25	1
206	311	25	2
208	311	25	1
230	311	25	4
233	311	25	2
258	311	25	2
260	311	25	1
262	311	25	1
208	312	25	2
230	312	25	1
263	312	25	1
209	314	25	1
232	314	25	1
256	314	25	1
257	314	25	4
176	315	25	1
257	317	25	2
260	317	25	1
258	318	25	1
261	318	25	1
258	319	25	1
240	320	25	1
241	320	25	1
238	321	25	1
258	321	25	2
239	323	25	1
237	324	25	2
258	325	25	1
183	329	25	2
259	331	25	2
153	332	25	1
144	337	25	2
180	221	26	1
182	222	26	3
183	222	26	1
179	224	26	1
178	225	26	1
157	228	26	1
157	229	26	1
157	230	26	2
159	230	26	1
160	230	26	1
168	230	26	1
156	231	26	2
157	231	26	1
144	233	26	2
144	234	26	1
152	234	26	2
136	235	26	1
139	235	26	1
145	235	26	1
246	235	26	1
145	236	26	1
248	236	26	2
250	236	26	2
140	237	26	1
143	237	26	2
248	237	26	1
249	237	26	2
137	238	26	1
144	238	26	2
246	238	26	1
248	238	26	1
131	239	26	1
242	239	26	1
135	240	26	1
226	241	26	1
132	243	26	1
136	243	26	1
235	243	26	2
226	246	26	1
223	248	26	3
230	248	26	2
224	249	26	1
124	252	26	1
226	252	26	1
123	253	26	2
227	253	26	1
121	257	26	1
121	258	26	1
120	259	26	1
123	259	26	1
120	268	26	1
127	268	26	2
119	269	26	3
121	269	26	1
122	269	26	2
123	269	26	1
122	270	26	2
127	270	26	1
124	271	26	1
178	275	26	1
178	277	26	1
169	278	26	1
175	278	26	1
177	278	26	1
163	279	26	3
176	279	26	3
173	280	26	1
174	280	26	3
176	280	26	4
274	280	26	1
274	282	26	3
176	283	26	1
273	283	26	2
274	283	26	1
183	288	26	1
268	293	26	2
268	295	26	1
266	297	26	2
235	298	26	2
267	298	26	1
237	306	26	1
231	307	26	1
237	307	26	2
235	308	26	2
231	309	26	1
260	311	26	2
262	311	26	2
257	313	26	1
259	313	26	1
260	314	26	1
258	315	26	1
263	316	26	1
256	317	26	1
258	317	26	2
261	319	26	1
241	321	26	1
240	322	26	2
242	322	26	2
238	323	26	1
186	359	26	2
186	360	26	1
183	221	27	1
180	223	27	1
179	226	27	1
155	231	27	2
161	231	27	1
162	231	27	1
164	231	27	2
166	232	27	1
164	233	27	3
144	234	27	2
146	234	27	1
153	234	27	1
154	234	27	4
250	235	27	1
136	236	27	1
137	236	27	1
245	236	27	1
249	236	27	1
250	236	27	1
135	237	27	1
136	237	27	1
241	237	27	2
138	238	27	1
139	238	27	1
146	238	27	2
243	238	27	3
246	238	27	1
249	238	27	1
132	239	27	1
234	239	27	1
236	239	27	2
241	239	27	2
243	239	27	1
242	240	27	1
133	241	27	1
135	241	27	3
226	241	27	4
134	242	27	1
134	243	27	4
226	244	27	5
233	245	27	2
246	245	27	2
250	245	27	3
228	249	27	1
227	251	27	1
229	251	27	1
122	256	27	1
121	257	27	1
122	257	27	1
125	257	27	3
126	257	27	1
122	258	27	2
259	267	27	1
124	268	27	1
126	268	27	1
122	270	27	2
127	270	27	2
128	270	27	1
173	277	27	1
175	277	27	1
172	279	27	1
170	281	27	2
173	281	27	1
274	281	27	1
275	281	27	3
165	282	27	1
173	282	27	1
274	282	27	4
275	282	27	2
177	283	27	1
271	283	27	2
272	283	27	2
273	283	27	1
170	284	27	2
274	284	27	2
178	286	27	1
271	291	27	2
177	294	27	1
191	294	27	3
195	294	27	2
270	294	27	1
233	303	27	1
266	303	27	1
235	308	27	1
240	308	27	1
201	309	27	1
233	309	27	1
237	309	27	2
257	309	27	1
209	311	27	2
258	312	27	3
259	312	27	1
206	313	27	5
213	313	27	3
259	313	27	1
208	314	27	1
212	314	27	1
209	315	27	1
210	315	27	2
259	316	27	1
261	317	27	2
239	318	27	1
239	319	27	2
256	319	27	1
259	319	27	1
260	320	27	1
236	324	27	2
261	324	27	2
260	328	27	3
259	330	27	1
186	360	27	1
115	228	28	2
160	231	28	1
162	231	28	2
163	231	28	2
165	232	28	2
145	235	28	5
146	235	28	3
243	235	28	1
244	235	28	1
246	235	28	2
251	236	28	2
136	237	28	1
138	237	28	2
247	237	28	1
139	238	28	2
141	238	28	2
147	238	28	1
185	238	28	2
244	238	28	1
250	238	28	2
137	239	28	1
144	239	28	1
232	239	28	1
134	240	28	1
140	240	28	2
179	241	28	2
185	241	28	2
186	241	28	2
235	243	28	1
249	243	28	2
248	244	28	1
230	245	28	1
231	245	28	3
193	246	28	2
194	247	28	3
229	250	28	2
125	251	28	1
193	251	28	1
234	251	28	3
126	252	28	2
127	252	28	3
124	254	28	1
126	254	28	1
125	255	28	1
124	256	28	1
257	264	28	1
122	268	28	3
262	268	28	1
124	269	28	3
121	270	28	1
127	270	28	1
127	271	28	1
167	272	28	3
134	274	28	1
129	275	28	3
171	277	28	1
173	277	28	3
128	278	28	1
172	279	28	1
175	279	28	2
176	279	28	1
172	280	28	1
178	280	28	3
276	280	28	2
172	281	28	1
174	281	28	1
275	281	28	2
276	281	28	1
165	282	28	1
172	282	28	2
177	282	28	2
275	282	28	1
170	283	28	1
171	283	28	2
174	283	28	1
275	283	28	1
168	284	28	1
176	284	28	1
274	284	28	1
167	285	28	1
168	285	28	1
169	285	28	1
170	285	28	2
178	285	28	1
179	285	28	1
166	287	28	2
168	288	28	1
271	289	28	1
270	290	28	1
193	294	28	2
197	295	28	2
179	296	28	1
179	299	28	1
236	305	28	1
232	306	28	1
228	307	28	1
208	310	28	1
211	311	28	1
247	311	28	1
257	312	28	1
204	313	28	1
206	313	28	2
211	313	28	3
259	313	28	2
208	314	28	1
210	315	28	1
259	315	28	2
210	316	28	2
259	317	28	3
262	317	28	1
262	318	28	1
239	319	28	1
240	319	28	1
239	321	28	3
240	321	28	2
242	322	28	1
235	323	28	1
96	327	28	2
96	331	28	1
96	332	28	2
185	357	28	1
218	360	28	1
116	223	29	1
112	228	29	2
171	231	29	1
160	233	29	1
164	233	29	3
250	235	29	4
191	236	29	1
252	236	29	3
142	237	29	1
140	238	29	3
250	238	29	3
251	238	29	2
183	239	29	1
115	240	29	1
179	240	29	2
186	240	29	1
185	241	29	2
134	242	29	2
235	242	29	1
237	242	29	1
189	244	29	1
193	247	29	3
189	249	29	1
128	254	29	1
132	254	29	1
134	255	29	2
125	257	29	1
131	257	29	1
132	259	29	3
135	263	29	1
259	266	29	1
261	267	29	2
261	268	29	2
162	269	29	1
124	271	29	3
129	271	29	1
167	271	29	1
121	272	29	1
127	272	29	1
132	272	29	1
135	272	29	2
136	272	29	1
137	272	29	1
128	274	29	3
168	274	29	1
174	277	29	1
168	278	29	1
169	278	29	1
170	278	29	1
174	278	29	1
175	279	29	2
172	280	29	1
175	281	29	1
276	281	29	1
175	282	29	1
165	283	29	2
275	283	29	1
276	283	29	1
164	284	29	2
167	284	29	1
274	284	29	1
275	284	29	1
276	285	29	3
168	286	29	1
167	287	29	1
169	287	29	3
175	295	29	2
176	295	29	1
177	296	29	1
183	297	29	1
183	300	29	1
235	304	29	1
204	307	29	1
235	307	29	1
236	307	29	1
206	308	29	1
211	308	29	1
225	308	29	3
203	309	29	2
204	309	29	1
227	309	29	2
229	309	29	2
203	310	29	2
206	311	29	1
209	311	29	1
211	311	29	4
209	313	29	1
258	313	29	1
207	314	29	1
249	314	29	1
212	315	29	2
255	316	29	3
262	317	29	2
239	320	29	1
239	321	29	2
126	324	29	2
123	325	29	1
121	326	29	1
125	327	29	1
127	327	29	1
96	328	29	1
98	329	29	3
130	329	29	3
134	329	29	1
97	330	29	2
95	331	29	1
97	331	29	1
95	332	29	3
143	332	29	1
95	333	29	3
96	333	29	2
176	237	30	2
175	238	30	3
179	238	30	2
183	238	30	1
172	239	30	3
181	239	30	1
182	239	30	1
184	239	30	1
186	239	30	2
177	240	30	1
181	240	30	2
184	240	30	1
189	241	30	1
172	242	30	1
181	242	30	1
183	243	30	1
186	243	30	2
189	243	30	2
184	244	30	1
191	245	30	1
125	255	30	2
127	256	30	1
250	257	30	2
126	258	30	1
129	259	30	1
257	261	30	1
262	267	30	1
258	268	30	3
126	269	30	2
125	270	30	1
126	270	30	2
134	270	30	4
137	270	30	2
165	270	30	2
168	270	30	1
124	271	30	1
127	271	30	1
138	271	30	3
165	271	30	1
166	271	30	3
123	272	30	1
124	272	30	1
125	272	30	1
129	272	30	2
135	272	30	2
123	273	30	3
124	273	30	1
138	273	30	1
140	273	30	2
168	273	30	2
167	274	30	2
139	275	30	2
142	277	30	5
164	280	30	1
276	280	30	3
159	281	30	1
165	281	30	1
275	282	30	1
276	282	30	1
160	283	30	2
163	283	30	1
164	283	30	2
165	283	30	1
162	284	30	1
164	284	30	1
274	284	30	4
275	284	30	1
276	284	30	3
165	285	30	1
276	285	30	1
163	286	30	1
165	287	30	1
170	287	30	2
176	292	30	2
178	294	30	1
180	299	30	1
194	306	30	1
198	307	30	2
189	308	30	2
190	309	30	1
210	309	30	2
212	310	30	2
249	310	30	1
247	311	30	1
207	312	30	1
208	312	30	2
225	312	30	2
207	314	30	1
210	316	30	2
246	316	30	3
245	317	30	1
242	318	30	1
213	322	30	3
128	324	30	1
99	327	30	2
99	329	30	1
98	330	30	1
97	331	30	2
98	331	30	3
141	331	30	1
95	333	30	1
96	333	30	3
97	333	30	1
96	334	30	1
186	349	30	1
218	359	30	1
218	361	30	3
220	362	30	1
220	363	30	1
190	232	31	1
139	239	31	1
178	240	31	2
185	240	31	1
175	241	31	1
183	241	31	1
188	241	31	1
174	242	31	2
176	242	31	2
179	242	31	1
172	243	31	2
176	243	31	2
184	243	31	1
185	243	31	1
186	243	31	3
185	245	31	1
186	245	31	2
190	245	31	1
123	256	31	1
124	256	31	1
128	256	31	1
129	256	31	1
123	257	31	1
147	257	31	2
133	258	31	1
124	259	31	1
255	259	31	1
131	260	31	1
256	262	31	1
258	262	31	2
257	263	31	1
127	264	31	2
259	265	31	3
259	266	31	1
262	266	31	1
264	266	31	3
258	267	31	1
260	267	31	2
261	267	31	1
261	268	31	3
127	269	31	2
123	270	31	1
125	270	31	1
125	271	31	1
129	271	31	3
163	271	31	1
135	272	31	1
163	273	31	1
140	274	31	1
162	274	31	1
166	275	31	3
146	276	31	1
260	278	31	2
262	279	31	1
259	280	31	3
159	281	31	2
276	281	31	1
259	282	31	1
261	282	31	3
262	282	31	1
276	282	31	1
165	283	31	1
167	283	31	1
275	283	31	2
276	283	31	1
166	284	31	1
162	285	31	3
163	285	31	1
165	285	31	1
166	285	31	1
276	285	31	2
162	286	31	1
166	286	31	1
163	287	31	1
162	288	31	1
164	288	31	2
169	288	31	4
166	290	31	4
170	292	31	1
172	292	31	2
174	293	31	2
181	301	31	2
191	307	31	1
197	307	31	4
187	308	31	2
193	308	31	1
190	309	31	1
192	309	31	2
206	309	31	1
187	310	31	1
197	310	31	2
198	310	31	1
204	310	31	1
210	311	31	1
245	311	31	1
205	312	31	1
210	312	31	3
222	312	31	2
225	312	31	1
190	313	31	1
211	315	31	1
246	318	31	2
206	319	31	1
212	319	31	1
242	321	31	2
98	326	31	2
92	327	31	1
96	328	31	1
98	329	31	2
93	331	31	2
95	331	31	4
96	331	31	3
97	331	31	1
96	332	31	1
98	332	31	1
96	334	31	3
174	339	31	3
187	346	31	1
184	347	31	3
182	349	31	1
188	349	31	1
223	361	31	1
113	225	32	1
112	226	32	1
114	226	32	1
183	242	32	1
185	242	32	1
188	242	32	2
174	243	32	1
176	243	32	4
183	243	32	3
194	243	32	1
173	244	32	1
176	244	32	1
178	244	32	1
181	244	32	2
182	244	32	1
190	244	32	2
181	245	32	1
186	245	32	1
188	245	32	2
190	245	32	1
193	246	32	1
175	247	32	3
149	251	32	2
148	253	32	2
134	254	32	1
147	257	32	1
149	257	32	2
254	257	32	3
165	258	32	2
253	258	32	1
134	259	32	1
256	259	32	1
128	260	32	1
128	265	32	2
258	265	32	2
259	265	32	1
261	265	32	1
130	267	32	2
259	267	32	1
260	267	32	1
126	268	32	1
165	268	32	2
129	269	32	1
130	269	32	1
259	269	32	3
262	269	32	1
126	270	32	1
263	270	32	1
124	271	32	3
125	271	32	1
260	271	32	2
165	272	32	1
140	273	32	1
166	273	32	1
167	273	32	1
165	274	32	1
167	274	32	1
141	275	32	2
157	277	32	1
262	277	32	1
158	279	32	1
159	279	32	2
167	280	32	2
261	280	32	1
275	281	32	1
276	281	32	1
164	282	32	1
276	282	32	2
164	283	32	2
161	284	32	1
164	284	32	2
167	284	32	1
166	289	32	1
167	289	32	1
165	295	32	1
118	303	32	2
187	307	32	1
187	308	32	1
188	308	32	1
194	308	32	1
195	308	32	1
199	308	32	1
205	308	32	1
186	309	32	1
210	309	32	1
258	309	32	2
196	310	32	1
202	310	32	3
196	311	32	1
198	311	32	1
207	311	32	2
225	311	32	3
246	311	32	1
112	312	32	1
200	312	32	1
201	312	32	2
246	312	32	1
247	312	32	2
112	313	32	1
200	313	32	1
225	313	32	2
211	315	32	2
223	315	32	1
197	316	32	1
243	316	32	2
246	316	32	3
245	318	32	1
207	319	32	1
246	319	32	2
211	320	32	3
212	320	32	1
245	320	32	1
246	320	32	1
209	321	32	1
242	321	32	2
92	330	32	3
97	330	32	1
93	331	32	1
204	333	32	2
187	345	32	4
188	346	32	1
187	348	32	2
186	354	32	1
177	359	32	1
179	360	32	1
220	363	32	1
114	228	33	2
176	242	33	1
181	244	33	1
194	244	33	3
178	245	33	1
185	245	33	1
200	246	33	1
134	253	33	2
135	254	33	3
136	254	33	1
134	255	33	1
149	255	33	1
133	257	33	1
147	257	33	3
138	258	33	2
252	258	33	2
257	258	33	1
129	259	33	2
252	259	33	2
258	259	33	2
131	260	33	1
149	260	33	1
257	260	33	1
158	261	33	2
158	262	33	1
164	262	33	2
128	263	33	1
129	263	33	2
130	263	33	1
126	264	33	1
130	264	33	1
260	264	33	1
128	266	33	1
266	266	33	3
128	267	33	1
261	267	33	1
264	267	33	1
266	267	33	1
125	268	33	1
128	269	33	1
129	269	33	2
130	269	33	1
263	269	33	1
127	270	33	2
263	270	33	1
263	271	33	1
262	273	33	1
261	274	33	2
155	275	33	2
164	275	33	1
263	275	33	3
159	276	33	2
261	276	33	1
163	278	33	1
262	278	33	2
149	279	33	1
152	280	33	2
163	281	33	2
162	282	33	1
161	283	33	1
162	283	33	2
165	283	33	1
161	284	33	1
164	284	33	2
165	284	33	2
160	286	33	1
161	286	33	1
162	286	33	2
161	291	33	2
125	292	33	1
169	299	33	1
121	300	33	2
118	301	33	1
119	301	33	1
120	301	33	3
121	301	33	1
195	306	33	1
115	307	33	2
183	307	33	3
197	307	33	2
115	308	33	2
184	308	33	2
190	308	33	1
199	308	33	1
207	308	33	1
115	309	33	1
195	309	33	1
197	309	33	2
248	309	33	1
112	310	33	1
191	310	33	1
197	310	33	2
208	310	33	4
115	311	33	1
194	311	33	2
198	311	33	1
189	312	33	1
196	312	33	1
205	312	33	1
112	313	33	2
113	313	33	2
248	313	33	1
111	314	33	1
207	314	33	2
245	314	33	1
246	314	33	2
247	315	33	1
246	316	33	1
249	316	33	3
119	318	33	1
120	318	33	1
243	318	33	2
199	319	33	1
203	319	33	1
206	319	33	1
201	321	33	1
238	321	33	2
243	322	33	2
239	323	33	1
98	329	33	2
100	329	33	2
196	331	33	1
199	332	33	2
193	333	33	1
198	333	33	2
204	333	33	1
205	333	33	1
217	339	33	1
214	341	33	1
212	344	33	1
208	346	33	1
182	348	33	2
183	348	33	1
187	348	33	1
188	348	33	1
190	348	33	1
210	348	33	2
208	349	33	1
209	349	33	1
180	350	33	3
187	350	33	2
184	351	33	3
177	352	33	1
184	352	33	1
211	352	33	1
181	353	33	3
178	354	33	2
116	225	34	1
114	226	34	1
115	226	34	1
114	227	34	2
139	234	34	1
136	237	34	1
137	237	34	1
140	240	34	1
138	243	34	1
174	243	34	5
176	243	34	2
176	244	34	2
197	244	34	1
175	245	34	2
193	246	34	2
208	247	34	1
212	247	34	2
130	252	34	2
134	253	34	1
136	254	34	3
133	255	34	1
140	255	34	1
133	256	34	2
139	256	34	1
143	256	34	1
151	256	34	1
131	257	34	2
133	257	34	1
252	257	34	1
130	258	34	1
131	258	34	1
136	258	34	1
137	258	34	1
250	258	34	1
252	258	34	1
134	259	34	1
151	259	34	1
130	260	34	1
131	261	34	1
133	261	34	1
156	261	34	2
167	261	34	3
131	262	34	1
134	262	34	1
126	263	34	1
127	263	34	2
129	263	34	3
130	263	34	3
261	264	34	1
126	265	34	1
129	265	34	1
154	265	34	1
129	266	34	2
130	266	34	1
130	267	34	1
264	267	34	1
128	268	34	3
260	268	34	1
263	268	34	1
129	269	34	1
157	269	34	2
264	269	34	2
126	270	34	1
127	270	34	1
154	270	34	1
157	270	34	1
265	270	34	1
157	271	34	1
162	271	34	1
158	272	34	1
162	272	34	1
166	272	34	2
260	272	34	1
159	273	34	2
139	274	34	2
157	274	34	1
165	274	34	1
162	275	34	1
261	276	34	2
262	276	34	1
165	277	34	2
146	278	34	1
144	279	34	1
151	279	34	1
158	279	34	2
161	279	34	1
163	279	34	3
164	279	34	2
158	280	34	4
261	281	34	2
262	281	34	1
157	283	34	1
162	283	34	1
262	283	34	1
125	284	34	2
125	289	34	1
122	290	34	1
159	290	34	1
161	290	34	1
120	294	34	1
166	294	34	3
120	296	34	1
253	296	34	1
121	297	34	2
122	297	34	2
118	298	34	1
122	298	34	2
170	298	34	3
118	301	34	2
173	301	34	2
121	302	34	1
119	304	34	2
114	305	34	3
116	305	34	1
177	305	34	2
116	306	34	1
140	306	34	1
186	308	34	1
190	308	34	3
192	308	34	1
112	309	34	1
186	309	34	5
193	309	34	3
195	309	34	1
197	309	34	1
244	309	34	1
112	310	34	1
185	310	34	1
187	310	34	4
191	310	34	2
192	310	34	1
197	310	34	1
252	310	34	1
112	311	34	4
113	311	34	1
192	311	34	1
248	311	34	1
252	311	34	1
115	312	34	2
116	312	34	2
194	312	34	1
109	313	34	1
111	314	34	4
114	314	34	1
242	316	34	2
244	316	34	2
245	317	34	2
123	318	34	3
200	318	34	2
241	318	34	1
245	318	34	4
202	320	34	1
243	320	34	1
201	321	34	1
131	322	34	2
201	322	34	2
242	322	34	1
238	323	34	3
239	323	34	2
236	324	34	1
239	324	34	2
242	324	34	2
94	327	34	3
146	327	34	1
96	328	34	1
98	328	34	1
188	328	34	2
100	329	34	1
96	331	34	3
189	331	34	1
101	332	34	1
98	333	34	1
126	333	34	2
194	333	34	2
199	333	34	1
189	334	34	2
191	334	34	2
197	334	34	1
201	334	34	1
202	334	34	2
192	335	34	2
193	335	34	2
192	336	34	2
194	336	34	1
217	336	34	1
192	337	34	2
194	337	34	1
215	337	34	1
211	340	34	1
195	341	34	2
213	341	34	1
211	342	34	2
201	344	34	1
190	345	34	3
199	345	34	1
213	345	34	2
205	346	34	2
211	346	34	1
214	346	34	1
192	347	34	4
195	347	34	1
196	347	34	2
208	347	34	1
213	347	34	1
182	348	34	2
185	348	34	2
197	348	34	1
213	348	34	2
198	349	34	1
187	350	34	3
194	350	34	1
196	350	34	1
180	351	34	1
179	352	34	1
187	352	34	1
201	352	34	2
204	352	34	1
207	352	34	3
213	352	34	1
205	353	34	1
207	353	34	1
187	354	34	2
206	354	34	2
182	355	34	2
180	360	34	1
113	226	35	1
113	227	35	1
112	228	35	3
116	228	35	2
123	232	35	2
121	234	35	3
125	235	35	2
117	236	35	5
129	236	35	4
139	237	35	2
129	238	35	2
139	238	35	1
139	239	35	2
143	240	35	3
140	242	35	2
172	244	35	1
175	246	35	1
213	247	35	1
134	251	35	2
130	252	35	2
133	252	35	1
134	252	35	1
130	255	35	3
131	255	35	1
135	255	35	1
138	255	35	2
134	256	35	3
129	257	35	4
130	257	35	2
134	257	35	1
136	257	35	1
130	258	35	1
138	258	35	1
136	259	35	1
255	259	35	1
127	260	35	1
131	261	35	2
140	261	35	1
156	261	35	1
256	261	35	1
126	262	35	1
160	262	35	3
132	263	35	1
156	263	35	1
127	264	35	1
128	264	35	1
146	264	35	1
265	264	35	1
264	265	35	1
263	266	35	1
265	266	35	1
266	266	35	2
127	267	35	1
153	267	35	1
263	267	35	2
156	271	35	3
264	271	35	1
132	272	35	1
141	272	35	2
158	272	35	2
163	272	35	1
255	272	35	1
159	273	35	1
164	273	35	1
146	274	35	1
159	274	35	1
161	274	35	1
162	274	35	1
163	274	35	2
258	274	35	4
157	275	35	2
161	275	35	2
162	276	35	1
163	276	35	1
166	276	35	1
261	277	35	2
262	277	35	2
149	278	35	1
162	278	35	2
161	279	35	1
163	279	35	1
260	279	35	1
125	282	35	1
158	282	35	1
259	282	35	1
126	283	35	1
161	283	35	3
159	284	35	1
123	285	35	1
146	285	35	3
160	285	35	2
125	286	35	1
123	287	35	1
122	288	35	1
124	290	35	1
252	292	35	1
121	294	35	2
160	294	35	1
162	294	35	1
122	295	35	2
124	295	35	1
252	296	35	1
119	297	35	1
121	298	35	3
170	298	35	2
121	299	35	1
171	299	35	1
247	299	35	1
169	300	35	2
173	300	35	1
118	302	35	1
121	303	35	1
118	304	35	1
174	304	35	1
176	304	35	2
121	305	35	2
117	306	35	2
120	306	35	1
246	306	35	1
114	307	35	2
116	307	35	3
182	307	35	1
115	308	35	2
118	308	35	3
112	309	35	1
133	309	35	1
136	309	35	1
186	309	35	1
188	309	35	1
193	309	35	1
196	309	35	3
193	310	35	1
184	311	35	1
190	311	35	2
192	311	35	1
196	311	35	2
197	311	35	1
114	312	35	2
199	312	35	1
114	313	35	1
195	313	35	1
110	314	35	1
112	314	35	1
245	314	35	1
108	316	35	1
124	316	35	1
244	316	35	1
109	317	35	1
110	317	35	1
121	317	35	3
126	317	35	1
122	319	35	4
242	319	35	1
124	320	35	2
132	321	35	2
133	321	35	1
239	321	35	1
240	321	35	1
127	322	35	1
199	322	35	2
238	323	35	4
200	324	35	1
240	324	35	4
98	325	35	2
131	325	35	1
134	325	35	1
236	325	35	2
242	325	35	3
236	326	35	2
95	327	35	2
96	328	35	1
237	329	35	1
200	331	35	2
183	333	35	3
189	333	35	1
195	334	35	3
186	335	35	3
196	335	35	1
188	336	35	2
198	336	35	1
192	337	35	1
199	337	35	1
200	338	35	2
214	339	35	1
216	339	35	1
189	341	35	2
212	341	35	1
210	342	35	3
212	342	35	1
199	345	35	1
189	346	35	1
206	346	35	1
211	346	35	1
186	347	35	1
187	347	35	1
211	347	35	1
215	347	35	2
186	348	35	1
190	348	35	2
195	348	35	1
192	349	35	2
193	349	35	2
215	349	35	1
212	350	35	2
188	351	35	2
193	351	35	2
207	351	35	1
213	351	35	1
180	352	35	1
191	352	35	1
207	352	35	1
211	352	35	3
181	353	35	1
183	353	35	1
194	353	35	1
207	353	35	1
178	354	35	1
182	354	35	1
205	354	35	3
208	354	35	1
209	354	35	3
178	355	35	1
204	355	35	1
207	355	35	2
172	356	35	3
179	356	35	2
204	356	35	1
119	234	36	2
136	236	36	1
140	238	36	1
138	239	36	1
165	239	36	3
136	240	36	1
138	240	36	1
141	241	36	1
170	242	36	1
175	242	36	1
171	244	36	1
174	244	36	1
171	245	36	2
134	250	36	2
131	253	36	2
136	253	36	3
137	253	36	2
135	254	36	3
138	254	36	1
141	254	36	2
144	254	36	2
132	255	36	1
132	256	36	1
132	257	36	1
130	258	36	2
131	258	36	1
132	258	36	1
256	258	36	3
134	259	36	2
252	259	36	1
255	259	36	1
134	261	36	1
129	263	36	1
262	263	36	2
126	264	36	2
263	264	36	2
155	265	36	3
262	265	36	1
264	265	36	1
265	265	36	1
140	266	36	3
153	266	36	1
154	266	36	2
264	266	36	2
146	267	36	2
127	268	36	1
129	270	36	1
157	270	36	2
136	271	36	1
157	271	36	1
163	274	36	1
257	274	36	1
138	275	36	2
139	275	36	1
162	275	36	2
162	276	36	2
163	276	36	2
260	276	36	1
158	277	36	1
163	277	36	1
163	279	36	1
262	279	36	1
262	281	36	2
126	282	36	1
149	282	36	4
261	282	36	2
262	282	36	3
259	283	36	1
124	285	36	1
126	285	36	1
127	286	36	1
158	286	36	1
159	286	36	2
145	288	36	2
152	288	36	1
154	288	36	1
124	289	36	4
126	292	36	1
159	292	36	1
120	295	36	1
124	295	36	1
257	295	36	1
121	297	36	3
165	297	36	2
120	298	36	1
171	298	36	1
172	298	36	2
259	298	36	1
119	300	36	1
171	300	36	1
174	300	36	2
175	300	36	2
176	300	36	1
247	300	36	1
117	302	36	1
121	302	36	2
176	302	36	2
177	302	36	1
179	303	36	2
182	303	36	1
115	304	36	3
179	304	36	3
249	305	36	3
115	306	36	3
121	306	36	1
113	307	36	1
112	308	36	1
113	308	36	1
117	308	36	1
183	308	36	1
185	308	36	1
187	308	36	1
188	308	36	1
186	309	36	2
189	309	36	1
115	310	36	1
184	310	36	1
189	310	36	2
110	311	36	1
194	311	36	1
196	311	36	1
249	311	36	1
252	311	36	1
110	312	36	3
190	312	36	1
191	312	36	3
110	313	36	1
108	315	36	1
112	315	36	2
122	315	36	1
126	316	36	1
259	317	36	1
151	318	36	1
228	320	36	1
137	321	36	1
238	322	36	1
186	324	36	2
196	324	36	1
236	324	36	1
240	324	36	1
234	325	36	1
235	325	36	1
97	326	36	1
126	326	36	1
94	327	36	2
96	327	36	1
127	328	36	2
151	333	36	1
182	333	36	5
185	333	36	2
186	333	36	2
203	333	36	1
186	334	36	2
186	335	36	1
148	337	36	2
194	337	36	4
198	337	36	1
199	337	36	2
150	338	36	1
213	338	36	1
198	339	36	2
211	339	36	2
212	340	36	1
213	340	36	2
212	341	36	1
189	343	36	1
200	344	36	2
189	346	36	2
197	348	36	1
214	348	36	1
217	349	36	2
187	350	36	1
188	350	36	2
214	350	36	2
185	352	36	1
210	352	36	3
213	352	36	3
185	353	36	1
213	353	36	2
182	355	36	2
203	355	36	1
204	355	36	2
207	355	36	2
210	355	36	1
179	356	36	1
181	356	36	3
182	356	36	1
177	357	36	1
179	357	36	2
206	358	36	1
177	359	36	1
203	361	36	1
119	228	37	1
124	230	37	3
125	230	37	1
116	232	37	1
124	232	37	1
172	232	37	1
123	233	37	3
128	233	37	2
129	233	37	1
138	233	37	1
124	234	37	1
130	234	37	3
119	235	37	1
127	235	37	1
129	236	37	1
134	236	37	1
118	237	37	1
138	237	37	2
143	237	37	1
138	238	37	2
139	238	37	1
140	238	37	1
144	238	37	1
135	239	37	1
139	239	37	3
143	239	37	1
167	239	37	1
166	240	37	2
169	240	37	1
137	241	37	4
167	241	37	2
173	241	37	1
125	242	37	1
139	243	37	3
141	243	37	1
173	243	37	1
175	243	37	2
126	244	37	1
137	244	37	2
169	244	37	1
170	244	37	3
172	244	37	1
173	245	37	4
174	247	37	1
136	249	37	1
133	253	37	2
140	253	37	1
145	253	37	2
148	253	37	1
133	254	37	1
136	254	37	2
143	254	37	1
141	255	37	3
132	256	37	1
145	256	37	1
148	256	37	1
129	258	37	3
208	258	37	2
130	260	37	1
132	260	37	1
209	260	37	1
244	260	37	2
133	261	37	1
129	262	37	1
133	262	37	1
128	263	37	1
140	263	37	2
142	263	37	1
145	263	37	3
148	263	37	1
154	263	37	1
156	263	37	1
143	264	37	2
144	264	37	1
128	265	37	1
144	265	37	2
155	265	37	1
128	268	37	1
154	268	37	1
151	269	37	2
162	269	37	1
150	270	37	1
158	271	37	1
162	272	37	1
254	272	37	1
161	273	37	1
132	274	37	2
143	274	37	1
164	274	37	3
145	275	37	1
163	275	37	1
258	276	37	1
163	277	37	1
126	279	37	1
162	279	37	1
258	280	37	2
127	281	37	1
129	281	37	1
161	281	37	1
161	282	37	1
259	282	37	1
125	283	37	1
128	283	37	1
161	283	37	1
124	284	37	1
127	284	37	1
125	285	37	1
146	286	37	2
126	287	37	1
153	288	37	2
155	288	37	2
126	289	37	1
148	289	37	2
160	292	37	1
256	292	37	1
121	293	37	1
256	293	37	2
259	293	37	2
254	294	37	1
259	294	37	3
168	299	37	1
173	299	37	1
174	299	37	1
174	300	37	3
175	300	37	1
247	301	37	2
172	302	37	1
178	302	37	1
180	302	37	1
176	303	37	1
114	304	37	2
115	304	37	1
117	304	37	1
113	306	37	1
114	308	37	2
116	308	37	2
188	309	37	2
252	309	37	2
112	310	37	1
114	310	37	1
115	310	37	1
189	311	37	2
191	312	37	1
196	313	37	2
111	314	37	2
121	314	37	2
150	315	37	3
121	316	37	3
152	316	37	2
256	316	37	1
117	317	37	4
135	317	37	2
153	317	37	1
117	318	37	1
119	318	37	2
140	318	37	1
148	318	37	1
152	318	37	1
153	318	37	1
115	319	37	2
116	319	37	1
146	319	37	2
116	320	37	5
143	321	37	3
137	322	37	2
139	322	37	2
240	323	37	3
138	324	37	1
238	324	37	2
134	325	37	1
188	327	37	1
148	331	37	1
181	332	37	1
181	333	37	1
148	335	37	1
214	337	37	1
175	339	37	1
212	339	37	2
208	341	37	1
213	341	37	2
210	342	37	3
211	342	37	1
191	343	37	2
197	343	37	2
192	344	37	2
199	345	37	3
203	346	37	1
209	348	37	1
212	348	37	1
215	349	37	2
211	350	37	3
186	352	37	2
211	352	37	1
186	353	37	2
209	353	37	1
213	353	37	1
182	354	37	2
183	354	37	3
203	355	37	1
212	355	37	1
207	356	37	1
208	356	37	1
208	357	37	2
180	358	37	2
206	358	37	1
113	219	38	1
112	220	38	1
113	220	38	1
125	225	38	1
173	230	38	2
137	231	38	1
140	231	38	4
122	232	38	1
117	233	38	2
138	233	38	1
169	233	38	1
114	234	38	1
129	234	38	1
134	234	38	1
136	235	38	2
139	235	38	2
197	235	38	2
134	236	38	1
138	236	38	1
143	237	38	1
136	238	38	2
141	238	38	1
197	238	38	2
126	239	38	4
137	239	38	1
166	239	38	1
167	239	38	1
138	240	38	1
164	240	38	1
166	240	38	1
167	240	38	1
169	240	38	1
200	240	38	1
166	242	38	1
167	242	38	3
171	242	38	1
124	243	38	2
127	243	38	3
136	243	38	1
138	243	38	1
140	243	38	1
168	243	38	1
174	243	38	1
121	244	38	2
135	244	38	2
139	244	38	1
140	244	38	1
141	244	38	1
172	244	38	2
173	244	38	2
124	245	38	1
167	245	38	1
169	245	38	4
172	245	38	2
173	245	38	1
175	245	38	1
123	246	38	1
170	246	38	1
175	246	38	1
168	247	38	1
140	248	38	1
169	248	38	1
137	250	38	1
131	252	38	1
142	252	38	3
152	252	38	1
233	252	38	1
236	252	38	1
134	253	38	2
135	253	38	1
147	253	38	1
148	253	38	1
151	253	38	1
152	253	38	2
135	254	38	1
141	254	38	1
143	254	38	1
152	254	38	3
132	255	38	1
136	255	38	1
138	255	38	2
143	255	38	2
150	255	38	2
151	255	38	1
169	255	38	1
134	256	38	1
158	256	38	1
132	257	38	1
139	258	38	1
166	258	38	1
250	258	38	1
252	259	38	1
130	260	38	1
134	260	38	2
263	260	38	1
131	261	38	2
139	261	38	1
149	261	38	1
170	261	38	3
260	261	38	1
137	262	38	1
140	262	38	1
142	262	38	1
149	262	38	1
152	262	38	3
128	263	38	1
144	263	38	1
150	263	38	1
153	263	38	3
154	263	38	1
158	263	38	4
263	263	38	3
129	264	38	3
130	264	38	3
131	264	38	3
143	264	38	2
147	264	38	1
151	264	38	1
152	264	38	1
163	264	38	1
146	265	38	1
154	265	38	1
156	265	38	2
165	265	38	2
151	266	38	1
152	266	38	2
154	266	38	1
149	267	38	1
262	267	38	1
143	268	38	1
146	268	38	2
152	268	38	1
140	271	38	4
247	271	38	1
137	272	38	1
140	272	38	1
142	272	38	1
145	272	38	1
136	273	38	1
139	273	38	1
144	273	38	1
145	273	38	1
134	274	38	1
138	274	38	1
143	274	38	2
250	274	38	1
252	274	38	2
129	276	38	1
134	276	38	3
147	276	38	1
163	276	38	1
256	276	38	1
131	277	38	1
140	277	38	2
143	277	38	1
152	277	38	1
161	277	38	1
164	277	38	1
160	278	38	1
164	278	38	1
126	280	38	1
128	280	38	1
134	280	38	2
164	280	38	2
128	281	38	3
129	281	38	1
139	281	38	2
141	281	38	2
161	281	38	1
125	283	38	1
135	283	38	2
160	283	38	1
126	284	38	1
136	284	38	3
140	284	38	3
159	284	38	1
127	285	38	1
134	286	38	1
126	287	38	2
125	288	38	2
126	288	38	1
154	288	38	2
155	288	38	2
156	289	38	1
157	290	38	2
257	291	38	1
156	292	38	2
253	293	38	1
155	294	38	3
258	294	38	2
120	295	38	1
254	295	38	3
157	296	38	2
170	298	38	1
259	298	38	2
170	300	38	2
179	300	38	3
172	302	38	2
125	304	38	1
174	304	38	2
177	304	38	1
115	306	38	2
180	306	38	1
257	307	38	1
116	308	38	1
125	310	38	2
259	310	38	2
260	310	38	2
122	314	38	1
116	316	38	1
118	316	38	1
119	316	38	1
145	316	38	1
146	316	38	1
114	317	38	1
115	317	38	1
119	318	38	1
140	318	38	2
143	318	38	1
151	318	38	1
117	319	38	1
136	319	38	2
144	319	38	1
140	320	38	5
146	320	38	1
150	320	38	2
113	321	38	3
177	321	38	2
143	322	38	3
144	322	38	6
137	323	38	2
140	323	38	2
181	324	38	2
242	324	38	1
235	325	38	1
242	325	38	1
242	326	38	2
238	327	38	2
240	328	38	1
219	331	38	2
152	332	38	1
155	332	38	1
159	332	38	1
147	333	38	1
150	333	38	4
177	333	38	1
181	333	38	3
185	333	38	2
188	333	38	2
183	334	38	1
148	335	38	1
181	335	38	2
211	339	38	1
211	341	38	1
199	344	38	1
192	345	38	2
188	346	38	1
190	346	38	2
192	346	38	1
247	346	38	1
214	347	38	1
215	347	38	1
248	347	38	1
187	348	38	1
190	348	38	3
247	348	38	1
211	349	38	1
211	350	38	1
212	351	38	1
216	351	38	2
211	352	38	2
215	353	38	1
180	354	38	1
184	354	38	1
209	354	38	1
212	354	38	2
208	355	38	1
176	356	38	1
180	356	38	2
207	356	38	1
208	356	38	3
174	357	38	1
178	357	38	1
171	358	38	3
205	358	38	1
207	358	38	1
208	358	38	2
191	361	38	3
193	361	38	1
195	361	38	2
191	362	38	1
196	363	38	1
193	364	38	2
115	218	39	2
113	219	39	3
114	219	39	1
112	220	39	1
111	221	39	1
119	223	39	1
118	224	39	1
120	224	39	1
126	226	39	2
136	226	39	1
124	227	39	2
134	228	39	2
147	228	39	3
149	228	39	3
175	228	39	1
136	229	39	1
138	229	39	1
139	230	39	1
172	230	39	4
135	232	39	1
174	232	39	2
140	233	39	1
198	233	39	1
130	234	39	1
137	234	39	2
195	234	39	1
119	235	39	1
154	235	39	3
168	235	39	2
136	236	39	1
137	236	39	2
142	236	39	2
167	236	39	2
199	236	39	1
137	237	39	2
168	237	39	2
199	237	39	1
200	237	39	2
116	238	39	2
138	238	39	2
140	238	39	1
143	238	39	1
145	238	39	1
167	238	39	4
201	238	39	1
135	239	39	1
161	239	39	1
162	239	39	1
127	240	39	2
144	240	39	1
163	240	39	2
196	240	39	1
128	241	39	1
133	241	39	1
142	241	39	1
168	241	39	2
165	242	39	1
169	242	39	1
172	242	39	1
125	243	39	6
128	243	39	1
129	243	39	1
131	243	39	2
134	243	39	1
166	243	39	3
174	243	39	1
124	244	39	2
125	244	39	2
126	244	39	2
136	244	39	2
139	244	39	1
141	244	39	1
142	244	39	2
143	244	39	1
167	244	39	1
169	244	39	1
176	244	39	1
139	245	39	3
175	245	39	1
177	245	39	1
127	246	39	2
141	246	39	3
172	246	39	2
173	246	39	1
125	247	39	1
168	247	39	2
178	247	39	1
123	248	39	1
136	249	39	1
140	249	39	2
137	251	39	1
134	252	39	1
237	252	39	2
127	253	39	2
135	253	39	1
141	253	39	1
169	253	39	1
235	253	39	3
247	253	39	1
132	254	39	1
134	254	39	2
138	254	39	1
154	254	39	1
168	254	39	1
236	254	39	2
136	255	39	1
143	255	39	1
153	256	39	4
155	256	39	2
133	257	39	1
139	257	39	1
147	258	39	1
151	258	39	1
154	258	39	1
155	258	39	2
132	259	39	2
134	259	39	1
144	259	39	2
170	259	39	1
252	259	39	1
255	259	39	1
130	260	39	2
145	260	39	2
149	260	39	1
150	260	39	1
153	260	39	3
159	260	39	1
168	260	39	1
255	260	39	1
256	260	39	1
130	261	39	1
140	261	39	1
148	261	39	1
151	261	39	1
167	261	39	1
205	261	39	3
254	261	39	3
132	262	39	1
146	262	39	2
148	262	39	1
156	262	39	4
231	262	39	2
250	262	39	2
261	262	39	1
262	262	39	2
129	263	39	1
146	263	39	2
150	263	39	1
152	263	39	1
158	263	39	1
167	263	39	1
263	263	39	1
131	264	39	1
142	264	39	1
144	264	39	2
145	264	39	1
152	264	39	2
153	264	39	2
154	264	39	1
155	264	39	1
166	264	39	3
263	264	39	1
146	265	39	1
147	265	39	1
153	265	39	2
155	265	39	2
167	265	39	1
145	266	39	1
147	266	39	1
153	266	39	2
163	266	39	1
165	266	39	1
261	266	39	2
131	268	39	1
132	269	39	1
136	269	39	1
144	269	39	1
151	269	39	2
152	269	39	2
132	270	39	2
134	270	39	1
145	270	39	1
154	270	39	1
167	270	39	1
143	271	39	1
247	271	39	2
135	272	39	2
141	272	39	2
252	272	39	1
142	273	39	1
146	273	39	2
151	273	39	1
139	274	39	1
141	274	39	2
142	274	39	3
144	274	39	1
146	274	39	2
148	274	39	3
162	274	39	1
254	274	39	3
130	275	39	1
131	275	39	2
133	275	39	3
134	275	39	1
135	275	39	1
136	275	39	1
141	275	39	2
144	275	39	1
146	275	39	2
129	276	39	3
133	276	39	2
149	276	39	3
233	276	39	1
133	277	39	1
129	278	39	2
138	278	39	1
162	278	39	2
164	278	39	1
128	279	39	1
130	279	39	3
136	279	39	2
141	279	39	2
143	279	39	1
147	279	39	3
149	279	39	1
152	279	39	1
154	279	39	1
163	279	39	3
135	280	39	2
142	280	39	1
145	280	39	1
162	280	39	1
141	281	39	2
151	281	39	3
127	282	39	2
130	282	39	1
133	282	39	2
136	282	39	1
133	283	39	1
142	283	39	1
134	284	39	2
138	284	39	2
142	284	39	1
157	284	39	1
134	285	39	2
139	285	39	1
169	285	39	1
172	286	39	1
173	286	39	1
132	287	39	1
134	287	39	2
154	287	39	1
157	288	39	1
135	289	39	1
155	290	39	2
158	290	39	1
254	290	39	1
257	290	39	2
154	291	39	2
134	293	39	1
139	293	39	2
159	293	39	1
248	293	39	1
159	294	39	2
170	294	39	1
258	294	39	2
161	295	39	3
131	296	39	1
174	296	39	1
249	296	39	1
259	296	39	1
121	297	39	1
133	297	39	2
166	297	39	2
248	297	39	1
250	297	39	2
123	298	39	2
171	298	39	2
123	299	39	1
174	299	39	3
168	300	39	4
174	300	39	1
261	300	39	2
120	301	39	2
172	301	39	1
177	301	39	1
131	302	39	1
172	302	39	1
173	302	39	2
178	302	39	1
180	302	39	1
124	303	39	2
174	303	39	1
177	303	39	1
171	304	39	2
172	304	39	1
176	305	39	3
177	305	39	2
182	305	39	2
259	305	39	1
260	305	39	3
126	306	39	1
128	306	39	1
177	306	39	3
179	306	39	1
115	307	39	2
181	307	39	1
260	310	39	1
124	311	39	1
138	314	39	2
145	314	39	2
120	316	39	3
146	316	39	2
149	316	39	2
115	317	39	2
139	317	39	2
148	317	39	3
113	318	39	2
115	318	39	2
117	318	39	1
137	318	39	2
139	318	39	1
141	318	39	3
146	318	39	1
136	319	39	1
139	319	39	2
181	320	39	3
149	321	39	3
179	321	39	3
177	322	39	2
179	322	39	1
181	324	39	1
241	324	39	1
242	326	39	1
239	327	39	1
238	329	39	2
152	330	39	2
189	330	39	2
220	330	39	2
149	331	39	1
181	331	39	1
218	331	39	2
221	331	39	1
240	331	39	4
153	332	39	1
157	332	39	2
179	332	39	1
180	332	39	2
187	332	39	1
191	332	39	1
152	333	39	2
154	333	39	1
178	333	39	1
183	333	39	1
193	333	39	4
151	334	39	1
183	334	39	1
156	335	39	1
153	336	39	1
154	336	39	1
156	336	39	1
214	336	39	3
242	336	39	1
157	337	39	1
212	337	39	2
155	338	39	1
215	340	39	1
211	341	39	2
214	341	39	1
215	341	39	1
201	342	39	1
207	343	39	1
191	344	39	1
209	344	39	1
211	344	39	2
191	345	39	1
192	345	39	1
201	345	39	1
208	346	39	2
209	346	39	1
247	346	39	3
248	346	39	1
191	347	39	1
192	347	39	3
247	347	39	1
212	348	39	1
213	348	39	2
190	349	39	1
210	349	39	1
217	349	39	1
237	351	39	2
211	354	39	1
214	354	39	1
207	355	39	2
214	355	39	2
177	357	39	2
205	357	39	1
212	357	39	2
192	359	39	1
191	361	39	1
192	361	39	3
195	361	39	2
205	362	39	1
191	363	39	2
195	363	39	1
192	364	39	1
114	218	40	3
114	219	40	1
113	220	40	1
111	221	40	2
121	222	40	1
120	224	40	3
144	225	40	2
136	226	40	1
141	228	40	3
137	229	40	2
138	229	40	1
140	229	40	2
141	229	40	2
142	229	40	1
136	230	40	1
138	230	40	2
137	231	40	1
141	231	40	1
203	231	40	2
136	232	40	2
204	232	40	1
196	233	40	2
118	234	40	1
141	234	40	1
199	234	40	1
203	234	40	2
118	235	40	1
140	235	40	4
142	235	40	1
195	235	40	1
202	235	40	1
203	235	40	1
115	236	40	1
120	236	40	1
142	236	40	1
146	236	40	2
136	237	40	1
162	237	40	3
198	237	40	1
203	237	40	1
142	238	40	2
143	238	40	1
146	238	40	2
154	238	40	1
166	238	40	1
167	238	40	2
195	238	40	1
197	238	40	1
203	238	40	1
204	238	40	1
143	239	40	1
142	240	40	1
145	240	40	1
162	240	40	2
165	240	40	2
196	240	40	1
136	241	40	1
161	241	40	1
162	241	40	1
164	241	40	1
168	241	40	2
126	242	40	1
133	242	40	1
167	242	40	1
168	242	40	2
170	242	40	2
141	243	40	2
165	243	40	1
175	243	40	1
176	243	40	1
124	244	40	2
132	244	40	3
171	244	40	1
126	245	40	2
127	245	40	1
140	245	40	1
163	245	40	1
170	245	40	1
173	245	40	1
179	245	40	3
125	246	40	1
126	246	40	2
178	246	40	1
171	247	40	3
174	247	40	2
124	248	40	1
126	248	40	1
137	248	40	1
135	250	40	6
137	250	40	1
225	251	40	1
230	251	40	1
232	251	40	2
134	252	40	1
132	253	40	2
139	253	40	1
223	253	40	1
138	254	40	1
139	254	40	1
152	254	40	2
154	254	40	2
134	255	40	1
140	255	40	1
137	256	40	3
143	256	40	1
212	256	40	2
136	257	40	2
139	257	40	2
146	257	40	1
147	257	40	2
156	257	40	1
134	258	40	1
142	258	40	2
151	258	40	3
174	258	40	1
147	259	40	1
156	259	40	1
157	259	40	1
176	259	40	1
204	259	40	1
254	259	40	1
132	260	40	2
144	260	40	1
164	260	40	2
165	260	40	2
172	260	40	1
205	260	40	1
149	261	40	2
161	261	40	2
168	261	40	2
211	261	40	3
249	261	40	1
257	261	40	2
130	262	40	3
139	262	40	1
146	262	40	1
147	262	40	1
151	262	40	1
153	262	40	2
154	262	40	2
159	262	40	2
167	262	40	1
168	262	40	1
248	262	40	1
249	262	40	1
140	263	40	2
143	263	40	1
151	263	40	1
157	263	40	1
159	263	40	1
166	263	40	1
167	263	40	1
158	264	40	2
160	264	40	1
163	264	40	1
168	264	40	1
155	265	40	2
159	265	40	1
222	265	40	1
142	266	40	1
146	266	40	1
150	266	40	2
151	266	40	1
154	266	40	1
158	266	40	1
168	267	40	1
258	267	40	1
150	268	40	1
154	268	40	2
166	268	40	3
139	269	40	1
151	269	40	1
152	269	40	2
153	269	40	1
167	269	40	2
244	269	40	1
245	269	40	1
246	269	40	1
252	269	40	2
134	270	40	1
136	270	40	1
137	270	40	2
142	270	40	2
146	270	40	1
164	270	40	1
251	270	40	3
138	271	40	3
144	271	40	1
146	271	40	1
148	271	40	1
150	271	40	3
151	271	40	2
135	272	40	1
143	272	40	1
151	272	40	1
223	272	40	1
231	272	40	3
248	272	40	2
251	272	40	1
140	273	40	1
150	273	40	2
156	273	40	1
167	273	40	2
143	274	40	1
145	274	40	2
147	274	40	1
154	274	40	1
132	275	40	2
138	275	40	1
141	275	40	1
142	275	40	1
147	275	40	1
162	275	40	2
131	276	40	2
133	276	40	1
137	276	40	2
148	276	40	1
155	276	40	1
163	276	40	1
130	277	40	1
143	277	40	3
134	278	40	2
139	278	40	1
147.5	278	40.5	1
151	278	40	1
141	279	40	1
149	279	40	1
152	279	40	2
134	280	40	2
138	280	40	1
139	280	40	1
152	280	40	2
161	280	40	2
162	280	40	1
129	281	40	3
133	281	40	1
135	281	40	1
142	281	40	3
142	282	40	1
159	282	40	1
133	283	40	1
138	284	40	2
142	284	40	1
158	284	40	2
135	285	40	1
132	286	40	1
133	286	40	3
139	286	40	1
154	286	40	2
158	286	40	2
133	287	40	1
137	287	40	1
156	287	40	1
135	288	40	2
258	288	40	1
250	289	40	1
135	291	40	1
139	291	40	1
133	292	40	1
138	292	40	4
156	292	40	1
140	293	40	2
139	294	40	2
160	294	40	1
163	294	40	1
254	294	40	1
162	295	40	1
252	295	40	1
130	296	40	1
134	296	40	1
160	296	40	1
121	297	40	3
133	297	40	1
172	297	40	1
134	298	40	1
162	298	40	1
259	298	40	2
168	299	40	1
123	300	40	2
131	300	40	1
249	300	40	1
260	300	40	2
133	301	40	1
140	301	40	1
169	301	40	2
177	301	40	1
171	302	40	1
172	302	40	1
129	303	40	1
133	303	40	1
139	303	40	3
182	303	40	2
259	303	40	1
124	304	40	1
130	304	40	3
139	304	40	3
144	304	40	3
170	304	40	3
125	305	40	1
126	305	40	1
140	305	40	1
182	307	40	1
183	307	40	1
124	308	40	1
139	308	40	1
124	309	40	4
126	310	40	2
119	312	40	1
121	312	40	1
119	315	40	3
148	315	40	1
116	316	40	2
119	316	40	1
143	317	40	2
116	318	40	1
138	318	40	2
116	319	40	2
117	319	40	1
152	320	40	1
177	323	40	2
176	326	40	1
186	327	40	2
241	327	40	1
242	327	40	2
149	329	40	1
240	329	40	1
244	329	40	3
175	330	40	1
178	330	40	1
189	330	40	1
242	330	40	2
243	330	40	1
177	331	40	2
189	331	40	2
149	332	40	1
151	332	40	4
157	332	40	2
174	332	40	1
177	332	40	5
180	332	40	1
181	332	40	1
183	332	40	1
188	332	40	2
217	332	40	3
220	332	40	1
221	332	40	1
146	333	40	3
154	333	40	1
156	333	40	1
176	333	40	1
184	333	40	1
151	334	40	1
153	334	40	2
244	334	40	1
151	335	40	1
156	335	40	1
165	335	40	2
244	335	40	1
247	335	40	3
150	336	40	1
151	336	40	1
153	336	40	1
158	337	40	1
216	338	40	2
156	339	40	1
212	340	40	1
213	341	40	3
221	341	40	1
215	342	40	1
220	342	40	3
222	342	40	1
196	343	40	2
210	343	40	3
220	343	40	1
221	343	40	1
232	343	40	1
195	344	40	1
194	345	40	2
203	345	40	1
204	345	40	1
202	346	40	3
191	347	40	1
203	347	40	1
220	349	40	1
235	350	40	1
182	351	40	1
215	351	40	2
211	352	40	2
214	353	40	3
209	355	40	1
173	356	40	1
177	356	40	1
208	357	40	1
171	358	40	1
204	359	40	1
173	360	40	1
172	361	40	1
206	361	40	1
112	220	41	1
113	220	41	1
111	222	41	1
144	225	41	1
134	226	41	1
135	227	41	1
140	227	41	2
138	228	41	3
136	229	41	1
137	229	41	2
136	230	41	2
138	231	41	2
141	231	41	1
136	233	41	1
140	233	41	1
142	233	41	1
198	233	41	1
204	233	41	5
136	234	41	2
142	234	41	1
199	234	41	1
146	235	41	1
199	235	41	1
201	235	41	1
142	236	41	2
161	236	41	1
167	236	41	1
201	236	41	2
204	236	41	1
140	237	41	2
158	237	41	1
160	237	41	1
164	237	41	2
202	237	41	1
141	238	41	2
146	238	41	1
158	238	41	2
164	238	41	2
166	238	41	1
202	238	41	3
144	239	41	1
161	239	41	1
162	239	41	1
200	239	41	2
129	240	41	1
139	240	41	1
162	240	41	1
143	241	41	1
164	241	41	2
166	241	41	1
168	241	41	1
132	242	41	2
134	242	41	3
135	242	41	1
140	242	41	1
141	242	41	2
129	243	41	1
139	243	41	1
140	243	41	1
169	243	41	2
124	244	41	1
125	244	41	1
165	244	41	1
166	244	41	3
168	244	41	2
173	244	41	2
176	244	41	1
128	246	41	1
166	246	41	2
178	247	41	2
130	249	41	2
133	249	41	1
141	252	41	2
119	253	41	1
227	253	41	2
228	253	41	3
232	253	41	2
141	254	41	1
119	255	41	2
141	255	41	1
152	255	41	1
214	255	41	1
142	256	41	1
143	256	41	3
152	256	41	2
210	256	41	2
137	257	41	3
143	257	41	2
177	257	41	1
210	257	41	1
213	257	41	1
214	257	41	2
254	257	41	1
146	258	41	1
154	258	41	1
155	258	41	1
172	258	41	1
211	258	41	1
140	259	41	2
173	259	41	1
205	259	41	1
208	259	41	2
212	259	41	2
140	260	41	1
148	260	41	1
158	260	41	1
170	260	41	2
175	260	41	1
176	260	41	3
210	260	41	2
250	260	41	1
143	261	41	3
148	261	41	1
149	261	41	1
153	261	41	2
160	261	41	2
210	261	41	2
253	261	41	2
254	261	41	4
139	262	41	1
142	262	41	1
143	262	41	2
146	262	41	1
148	262	41	6
151	262	41	1
164	262	41	2
167	262	41	2
172	262	41	1
173	262	41	1
207	262	41	2
249	262	41	1
251	262	41	1
143	263	41	2
151	263	41	4
167	263	41	2
168	263	41	2
255	263	41	1
143	264	41	1
149	264	41	4
151	264	41	3
158	264	41	3
171	264	41	4
209	264	41	2
143	265	41	1
145	265	41	3
149	265	41	1
152	265	41	1
153	265	41	1
119	266	41	1
120	266	41	1
142	266	41	1
145	266	41	1
150	266	41	3
153	266	41	1
167	266	41	1
168	266	41	1
132	267	41	1
135	267	41	2
148	267	41	1
167	267	41	1
142	268	41	1
145	268	41	3
146	268	41	1
147	268	41	1
148	268	41	1
153	268	41	1
206	268	41	1
248	268	41	1
144	269	41	1
203	269	41	2
248	269	41	3
254	269	41	1
258	269	41	1
132	270	41	2
135	270	41	2
137	270	41	1
139	270	41	3
149	270	41	2
151	270	41	1
152	270	41	3
132	271	41	2
135	271	41	1
144	271	41	3
151	271	41	2
154	271	41	1
157	271	41	1
218	271	41	1
247	271	41	3
136	272	41	1
140	272	41	2
147	272	41	2
149	272	41	1
151	272	41	2
152	272	41	1
219	272	41	1
228	272	41	1
150	273	41	1
155	273	41	1
134	274	41	1
136	274	41	1
143	274	41	1
146	274	41	1
148	274	41	1
153	274	41	3
155	274	41	1
157	274	41	2
164	274	41	1
246	274	41	1
247	274	41	1
130	275	41	1
137	275	41	2
141	275	41	1
151	275	41	1
157	275	41	1
130	276	41	2
141	276	41	2
156	276	41	2
162	276	41	1
211	276	41	1
245	276	41	2
246	276	41	1
247	276	41	3
131	277	41	3
132	277	41	1
138	277	41	3
139	277	41	1
157	277	41	4
161	277	41	1
131	278	41	2
136	278	41	1
149	278	41	2
150	278	41	2
153	278	41	2
164	278	41	4
129	279	41	3
138	279	41	1
139	279	41	3
210	279	41	1
141	280	41	1
144	280	41	1
150	280	41	1
152	280	41	1
153	280	41	1
162	280	41	1
152	281	41	1
130	282	41	2
134	283	41	1
139	283	41	1
160	283	41	1
138	284	41	2
141	284	41	1
155	284	41	1
156	284	41	1
155	285	41	1
218	285	41	1
140	286	41	2
159	286	41	2
219	286	41	1
135	287	41	2
136	287	41	2
141	287	41	2
137	288	41	1
157	288	41	2
135	289	41	1
139	289	41	1
134	290	41	1
154	290	41	1
135	291	41	1
154	291	41	2
130	292	41	3
134	292	41	1
155	292	41	1
157	292	41	1
154	294	41	1
159	294	41	2
160	294	41	1
131	295	41	1
140	295	41	1
164	295	41	1
143	296	41	1
148	296	41	1
153	296	41	2
160	296	41	1
162	297	41	3
165	297	41	1
171	297	41	2
130	298	41	1
138	298	41	1
252	298	41	1
256	298	41	1
129	299	41	2
149	299	41	1
166	299	41	1
168	299	41	1
260	299	41	2
130	300	41	5
164	300	41	3
168	300	41	1
172	300	41	1
260	300	41	1
123	301	41	1
127	301	41	2
250	301	41	2
97	302	41	3
127	302	41	1
128	302	41	3
167	302	41	1
168	302	41	1
171	302	41	1
123	303	41	3
124	303	41	1
134	303	41	3
138	303	41	3
139	303	41	1
170	303	41	1
179	303	41	2
181	303	41	3
259	303	41	1
261	303	41	1
122	304	41	1
125	304	41	1
128	304	41	1
129	304	41	1
132	304	41	3
127	305	41	1
131	305	41	1
176	305	41	1
182	305	41	2
259	305	41	2
123	306	41	2
130	306	41	2
132	306	41	2
171	306	41	1
130	307	41	1
142	307	41	3
127	308	41	2
128	308	41	1
141	309	41	2
165	309	41	1
122	310	41	1
143	310	41	1
119	314	41	1
116	315	41	1
119	315	41	2
140	315	41	2
114	316	41	1
140	316	41	1
141	317	41	1
142	317	41	1
139	319	41	2
143	319	41	1
138	320	41	1
149	321	41	3
150	321	41	1
137	322	41	1
179	322	41	1
181	322	41	1
249	322	41	2
147	325	41	2
149	325	41	1
181	325	41	1
133	326	41	1
134	326	41	2
179	326	41	1
181	326	41	1
252	326	41	3
136	327	41	3
244	327	41	1
249	327	41	3
156	328	41	2
242	328	41	1
130	329	41	2
148	329	41	1
186	329	41	4
126	330	41	1
147	330	41	1
178	330	41	1
181	330	41	1
182	330	41	2
184	330	41	1
185	330	41	2
243	330	41	1
154	331	41	1
155	331	41	2
170	331	41	4
173	331	41	1
174	331	41	1
238	331	41	1
240	331	41	1
241	331	41	2
130	332	41	1
133	332	41	1
157	332	41	3
168	332	41	2
174	332	41	3
176	332	41	1
180	332	41	3
240	332	41	1
134	333	41	1
152	333	41	1
154	333	41	2
157	333	41	1
179	333	41	1
187	333	41	1
189	333	41	1
216	333	41	1
217	333	41	1
220	333	41	1
216	334	41	1
218	334	41	2
242	334	41	1
243	334	41	1
244	334	41	2
150	335	41	1
151	335	41	2
164	335	41	1
242	335	41	1
152	336	41	1
215	336	41	2
126	337	41	1
128	337	41	2
248	337	41	1
151	338	41	1
152	338	41	2
156	338	41	1
222	338	41	1
250	338	41	1
195	339	41	1
214	339	41	2
215	339	41	1
152	340	41	1
194	340	41	1
219	340	41	1
195	341	41	3
220	341	41	1
210	342	41	3
215	342	41	1
218	342	41	1
208	343	41	1
210	343	41	1
216	343	41	2
194	344	41	2
207	344	41	1
210	344	41	1
211	344	41	2
194	345	41	1
196	345	41	2
249	345	41	2
206	346	41	2
210	346	41	1
218	346	41	3
221	347	41	1
248	347	41	1
195	349	41	3
193	350	41	1
220	350	41	1
233	351	41	1
235	351	41	1
237	351	41	2
209	352	41	1
235	352	41	1
210	353	41	1
207	358	41	3
169	359	41	2
171	359	41	2
202	361	41	2
200	363	41	2
138	227	42	1
134	228	42	2
136	228	42	1
138	228	42	4
139	228	42	1
140	228	42	1
138	230	42	1
135	232	42	1
138	232	42	1
136	233	42	2
147	234	42	1
201	234	42	1
202	234	42	1
156	235	42	1
163	235	42	1
199	235	42	1
201	235	42	1
143	236	42	1
144	236	42	1
166	236	42	2
139	237	42	3
159	237	42	3
161	237	42	1
162	237	42	1
165	237	42	1
204	237	42	1
206	237	42	2
141	238	42	1
162	238	42	1
164	238	42	1
167	238	42	6
204	238	42	1
138	239	42	2
204	239	42	1
143	240	42	1
142	241	42	1
137	242	42	1
139	242	42	1
169	242	42	1
174	243	42	1
139	244	42	1
178	244	42	2
179	244	42	1
182	244	42	1
184	244	42	1
126	245	42	2
122	252	42	4
177	252	42	1
178	252	42	2
140	253	42	2
139	254	42	3
144	254	42	2
144	256	42	2
212	256	42	2
142	257	42	2
147	257	42	1
149	257	42	1
151	257	42	1
156	257	42	3
157	257	42	2
173	257	42	2
174	257	42	2
212	257	42	1
253	257	42	1
150	258	42	2
151	258	42	2
172	258	42	1
173	258	42	1
175	258	42	2
208	258	42	1
210	258	42	1
213	258	42	1
139	259	42	2
145	259	42	1
154	259	42	2
158	259	42	1
160	259	42	1
173	259	42	1
252	259	42	1
153	260	42	2
169	260	42	1
213	260	42	1
150	261	42	2
153	261	42	2
154	261	42	2
155	261	42	1
157	261	42	1
167	261	42	3
169	261	42	2
175	261	42	2
177	261	42	1
149	262	42	3
163	262	42	1
166	262	42	1
209	262	42	1
149	263	42	1
150	263	42	2
151	263	42	1
163	263	42	2
165	263	42	1
250	263	42	1
120	264	42	2
121	264	42	2
152	264	42	1
155	264	42	1
157	264	42	2
158	264	42	1
252	264	42	2
124	266	42	1
145	266	42	1
149	266	42	1
154	266	42	1
155	266	42	1
143	267	42	2
149	267	42	2
254	267	42	1
141	268	42	1
143	268	42	2
146	268	42	1
144	269	42	1
132	270	42	1
150	270	42	2
152	270	42	1
155	270	42	1
223	271	42	1
141	272	42	1
143	272	42	1
213	272	42	1
131	273	42	1
142	273	42	1
147	273	42	2
157	273	42	2
158	273	42	6
142	274	42	3
148	274	42	1
154	274	42	1
250	274	42	2
144	275	42	2
148	275	42	2
153	275	42	1
155	275	42	1
162	275	42	1
249	275	42	1
250	275	42	1
134	276	42	1
143	276	42	1
146	276	42	1
154	276	42	1
157	276	42	1
138	277	42	1
141	277	42	1
142	277	42	2
146	277	42	1
155	277	42	2
158	277	42	2
131	278	42	2
132	278	42	2
144	278	42	1
148	278	42	1
155	278	42	1
137	279	42	1
144	279	42	1
152	279	42	3
154	279	42	2
164	279	42	2
141	280	42	2
145	280	42	2
140	281	42	3
151	281	42	1
156	281	42	1
154	282	42	3
158	282	42	1
162	282	42	1
137	283	42	1
152	283	42	2
159	283	42	4
253	283	42	1
138	284	42	1
153	285	42	1
141	286	42	1
155	286	42	1
140	287	42	1
174	287	42	3
134	288	42	1
136	288	42	2
137	288	42	1
133	289	42	4
136	289	42	2
137	289	42	1
134	290	42	1
133	291	42	1
133	292	42	1
134	292	42	1
153	292	42	1
130	293	42	3
142	293	42	1
129	294	42	1
138	294	42	1
139	294	42	1
141	294	42	1
152	294	42	1
135	295	42	1
142	295	42	1
136	296	42	1
136	297	42	2
139	297	42	1
140	297	42	1
150	297	42	1
136	298	42	1
151	298	42	2
166	298	42	2
94	299	42	1
126	299	42	1
128	299	42	1
259	299	42	1
125	300	42	1
133	300	42	2
136	300	42	2
139	300	42	1
249	300	42	1
126	301	42	4
128	301	42	3
130	301	42	2
137	301	42	1
142	301	42	1
144	301	42	1
138	302	42	1
143	302	42	1
165	302	42	3
126	303	42	2
138	303	42	1
140	303	42	3
150	303	42	2
168	303	42	2
170	303	42	1
171	303	42	1
125	304	42	1
168	304	42	3
171	304	42	1
125	305	42	2
133	305	42	1
134	305	42	1
170	305	42	2
140	306	42	2
170	306	42	2
125	307	42	1
130	307	42	1
170	307	42	2
129	308	42	4
130	308	42	1
140	309	42	1
140	314	42	1
137	315	42	1
141	316	42	1
142	317	42	1
148	318	42	1
140	319	42	1
253	323	42	2
137	324	42	3
141	324	42	1
132	325	42	2
134	325	42	2
137	325	42	1
183	325	42	1
134	326	42	1
251	326	42	2
252	327	42	2
154	328	42	1
250	328	42	3
150	329	42	1
187	329	42	2
131	330	42	2
150	330	42	1
160	330	42	1
187	330	42	1
132	331	42	1
134	331	42	2
154	331	42	2
176	331	42	2
187	331	42	1
127	332	42	2
133	332	42	2
150	332	42	2
164	332	42	1
176	332	42	1
177	332	42	2
187	332	42	1
242	332	42	1
126	333	42	1
131	333	42	3
153	333	42	3
176	333	42	1
178	333	42	2
181	333	42	3
222	333	42	1
133	334	42	2
158	334	42	1
188	334	42	2
189	334	42	1
218	334	42	1
247	334	42	1
218	335	42	1
151	336	42	1
190	336	42	1
194	336	42	1
248	336	42	1
127	337	42	1
152	337	42	2
156	337	42	2
192	337	42	1
247	337	42	2
155	338	42	3
154	339	42	1
159	340	42	1
193	340	42	1
195	340	42	1
221	340	42	2
211	342	42	1
212	344	42	2
196	345	42	2
213	345	42	3
230	346	42	2
210	347	42	1
206	350	42	2
233	350	42	2
234	350	42	1
235	353	42	3
205	355	42	2
208	356	42	1
208	357	42	1
204	360	42	1
183	361	42	1
205	361	42	2
206	364	42	3
138	230	43	1
139	231	43	3
162	231	43	1
138	232	43	2
141	232	43	2
139	233	43	1
203	234	43	1
136	236	43	1
138	237	43	1
154	237	43	1
166	238	43	2
138	239	43	1
143	240	43	2
165	240	43	1
166	240	43	1
140	242	43	2
178	245	43	2
179	246	43	1
139	256	43	1
143	257	43	1
175	257	43	1
176	257	43	2
215	257	43	2
149	258	43	2
175	258	43	1
215	258	43	1
216	258	43	1
144	259	43	2
179	259	43	2
143	260	43	1
151	260	43	1
154	260	43	1
161	260	43	3
170	260	43	1
171	260	43	2
178	260	43	3
145	261	43	1
178	261	43	1
209	261	43	1
152	262	43	1
158	262	43	2
163	262	43	3
177	262	43	3
208	262	43	2
147	263	43	1
148	263	43	3
154	263	43	2
205	263	43	2
149	264	43	3
156	264	43	1
257	264	43	1
124	265	43	2
144	265	43	1
145	265	43	3
147	265	43	1
153	265	43	1
155	265	43	1
149	266	43	1
151	266	43	1
143	267	43	2
147	267	43	1
148	267	43	2
143	268	43	1
147	268	43	1
149	268	43	2
164	268	43	1
142	270	43	1
150	270	43	2
151	270	43	1
134	271	43	1
143	271	43	1
146	271	43	1
148	271	43	1
141	272	43	1
147	272	43	1
146	273	43	1
147	273	43	1
211	273	43	1
141	274	43	2
214	274	43	1
255	274	43	1
131	275	43	1
142	275	43	1
148	275	43	1
152	275	43	1
155	275	43	4
160	275	43	2
152	276	43	3
143	277	43	1
148	277	43	1
150	277	43	1
156	277	43	1
131	278	43	1
132	278	43	2
155	278	43	2
142	279	43	2
148	279	43	1
150	279	43	2
151	279	43	1
152	279	43	1
158	279	43	2
148	280	43	1
152	280	43	1
155	280	43	2
161	280	43	2
210	280	43	1
142	281	43	2
152	281	43	3
158	281	43	1
161	281	43	1
140	282	43	1
141	282	43	1
144	282	43	2
158	282	43	2
214	282	43	1
143	283	43	1
150	283	43	1
250	283	43	3
148	284	43	1
150	284	43	1
152	284	43	1
160	284	43	1
152	285	43	3
155	285	43	3
215	285	43	2
140	286	43	1
141	286	43	1
154	286	43	1
216	286	43	1
136	288	43	3
140	288	43	1
133	289	43	1
134	289	43	3
256	289	43	1
134	291	43	2
143	292	43	1
152	292	43	1
139	293	43	1
143	293	43	1
146	293	43	3
256	293	43	2
132	294	43	1
141	294	43	1
136	296	43	2
137	297	43	1
149	297	43	2
136	298	43	1
140	298	43	1
209	298	43	1
141	299	43	2
143	299	43	1
135	300	43	1
138	300	43	2
141	300	43	1
152	300	43	1
167	300	43	1
129	301	43	2
149	301	43	1
129	302	43	2
131	302	43	2
133	302	43	2
135	302	43	3
137	302	43	1
170	302	43	1
130	303	43	1
138	303	43	1
167	303	43	2
170	303	43	1
140	304	43	2
146	304	43	1
131	305	43	2
135	305	43	1
141	305	43	1
143	305	43	1
125	306	43	2
131	306	43	1
132	306	43	1
143	306	43	1
148	306	43	1
128	308	43	1
129	308	43	2
143	308	43	2
174	308	43	2
167	309	43	1
142	313	43	1
143	314	43	1
140	317	43	1
140	318	43	1
137	319	43	2
142	319	43	1
114	321	43	2
138	324	43	1
150	324	43	1
140	325	43	2
133	326	43	1
177	326	43	2
249	326	43	1
136	327	43	3
176	327	43	2
186	327	43	2
156	328	43	1
184	328	43	1
251	328	43	1
179	329	43	3
188	329	43	3
179	330	43	1
131	332	43	3
133	332	43	1
191	332	43	1
218	332	43	3
133	333	43	2
179	333	43	2
187	333	43	4
217	333	43	1
181	334	43	2
189	334	43	1
219	334	43	1
222	334	43	1
128	335	43	2
131	335	43	3
222	335	43	1
131	336	43	1
156	336	43	3
217	336	43	2
220	336	43	2
246	336	43	2
249	337	43	2
155	338	43	1
247	338	43	1
213	343	43	1
222	343	43	1
210	344	43	1
211	344	43	1
231	344	43	1
232	345	43	2
211	346	43	2
212	346	43	1
233	346	43	1
208	347	43	1
211	347	43	1
231	347	43	1
233	347	43	1
209	349	43	2
210	349	43	2
232	349	43	1
206	350	43	2
205	352	43	1
207	352	43	2
231	352	43	1
206	353	43	2
206	354	43	1
208	354	43	1
207	358	43	1
206	359	43	3
186	360	43	1
205	361	43	1
206	361	43	1
209	361	43	2
206	363	43	2
137	228	44	3
139	228	44	1
140	228	44	2
141	229	44	1
135	230	44	2
137	231	44	1
164	232	44	3
137	233	44	1
140	234	44	3
139	236	44	3
159	236	44	1
143	237	44	1
164	237	44	1
141	239	44	2
177	243	44	2
178	245	44	2
180	245	44	3
181	245	44	1
175	257	44	1
176	258	44	2
177	258	44	3
177	260	44	1
155	261	44	1
156	261	44	1
161	261	44	2
174	261	44	1
175	261	44	1
211	261	44	3
154	262	44	2
156	262	44	2
159	262	44	2
147	263	44	1
157	263	44	3
158	263	44	1
210	263	44	1
146	264	44	2
152	264	44	3
149	265	44	3
149	266	44	1
150	266	44	2
146	267	44	1
143	269	44	1
145	269	44	2
146	269	44	1
148	269	44	2
152	269	44	1
213	269	44	1
203	271	44	1
148	272	44	1
151	272	44	2
148	273	44	1
156	273	44	1
145	274	44	2
146	274	44	2
181	274	44	1
211	274	44	1
144	275	44	1
146	275	44	1
154	276	44	2
252	276	44	1
145	277	44	2
146	277	44	2
148	277	44	1
158	277	44	1
154	278	44	2
160	278	44	3
143	279	44	1
154	279	44	1
155	279	44	1
161	279	44	4
140	281	44	1
148	281	44	2
156	281	44	1
159	281	44	2
151	282	44	2
152	282	44	2
154	282	44	2
158	282	44	4
158	283	44	2
219	283	44	1
155	284	44	1
142	285	44	2
143	285	44	1
218	286	44	1
121	290	44	1
139	291	44	1
142	291	44	2
144	291	44	3
144	292	44	1
145	293	44	3
132	294	44	1
143	294	44	1
225	295	44	3
140	296	44	3
141	297	44	3
136	298	44	1
139	299	44	1
128	300	44	3
142	300	44	2
168	300	44	3
137	301	44	2
209	301	44	1
127	302	44	4
165	302	44	1
127	303	44	1
140	303	44	2
130	304	44	1
139	304	44	2
128	305	44	3
144	306	44	2
140	308	44	1
170	309	44	1
171	309	44	2
174	309	44	1
141	315	44	1
141	317	44	2
140	318	44	1
182	323	44	1
183	323	44	1
182	325	44	2
133	326	44	1
136	326	44	3
133	328	44	1
179	330	44	1
182	332	44	3
131	333	44	1
132	334	44	1
136	334	44	1
128	335	44	1
242	335	44	1
219	336	44	1
220	336	44	2
216	337	44	1
217	337	44	1
213	338	44	1
215	338	44	1
216	344	44	2
211	347	44	1
212	348	44	1
211	349	44	3
209	351	44	3
208	354	44	1
179	360	44	1
195	361	44	1
163	233	45	2
175	257	45	2
174	259	45	1
158	262	45	2
156	263	45	3
149	265	45	1
155	267	45	1
148	269	45	1
143	270	45	1
146	270	45	1
148	270	45	1
144	272	45	1
151	272	45	1
158	272	45	3
141	275	45	1
164	277	45	1
147	279	45	1
149	279	45	2
150	279	45	1
149	280	45	1
144	282	45	2
152	282	45	1
142	283	45	1
251	283	45	2
142	284	45	2
151	284	45	2
140	285	45	3
146	285	45	2
217	285	45	1
141	286	45	1
206	286	45	1
218	286	45	1
144	291	45	1
145	292	45	2
144	294	45	2
145	294	45	1
143	295	45	1
140	296	45	1
143	296	45	1
138	299	45	3
140	299	45	1
134	301	45	1
127	302	45	1
133	302	45	1
143	302	45	1
127	303	45	4
131	303	45	1
130	304	45	2
132	304	45	1
137	304	45	3
140	304	45	1
180	318	45	2
182	321	45	3
186	326	45	3
176	327	45	1
187	329	45	2
185	330	45	2
217	334	45	1
214	339	45	2
215	343	45	2
217	344	45	2
211	345	45	1
217	345	45	3
231	346	45	2
209	347	45	2
233	349	45	1
230	354	45	1
134	229	46	1
155	233	46	1
132	236	46	1
181	247	46	2
173	255	46	1
157	259	46	2
154	262	46	1
159	263	46	1
147	266	46	1
145	270	46	1
146	272	46	1
139	273	46	1
146	275	46	1
163	275	46	1
153	277	46	2
148	278	46	2
145	279	46	2
150	279	46	1
155	279	46	1
149	280	46	1
152	280	46	1
215	280	46	2
146	281	46	1
144	282	46	1
148	282	46	1
152	282	46	1
159	282	46	1
151	283	46	1
250	283	46	4
142	284	46	2
157	284	46	1
140	285	46	3
146	285	46	1
120	286	46	1
143	290	46	1
145	291	46	1
140	292	46	2
201	292	46	1
144	293	46	1
148	293	46	2
140	296	46	1
225	297	46	1
139	298	46	1
140	298	46	3
144	299	46	1
132	300	46	1
143	300	46	2
228	300	46	1
132	301	46	1
135	301	46	2
130	302	46	1
131	302	46	1
141	302	46	1
244	302	46	1
136	303	46	1
143	303	46	1
240	304	46	1
139	305	46	1
192	306	46	1
194	315	46	2
188	319	46	1
188	320	46	1
191	322	46	1
180	324	46	2
191	327	46	1
183	328	46	1
238	331	46	1
217	335	46	1
215	336	46	1
216	341	46	2
222	342	46	1
232	343	46	1
209	351	46	1
182	353	46	1
230	356	46	1
131	223	47	3
141	227	47	1
146	270	47	1
146	277	47	1
155	279	47	2
152	280	47	2
146	282	47	2
162	282	47	2
147	285	47	1
146	289	47	2
140	293	47	1
146	293	47	2
144	294	47	1
202	295	47	2
140	297	47	1
134	298	47	1
136	299	47	1
229	302	47	1
194	321	47	3
179	322	47	2
185	323	47	1
190	323	47	1
175	324	47	3
179	324	47	2
186	329	47	2
212	344	47	1
207	351	47	1
227	353	47	1
230	353	47	1
203	356	47	1
231	356	47	1
186	257	48	3
154	274	48	1
146	275	48	1
154	276	48	1
140	278	48	1
159	279	48	2
147	281	48	1
140	285	48	2
142	290	48	1
179	323	48	1
169	324	48	1
216	342	48	1
217	344	48	1
207	351	48	2
136	222	49	1
170	228	49	1
116	230	49	1
135	230	49	1
127	235	49	2
172	237	49	1
149	243	49	1
126	245	49	1
147	245	49	1
151	248	49	1
173	256	49	1
171	260	49	1
145	262	49	2
146	264	49	1
191	267	49	3
127	268	49	2
139	268	49	1
156	274	49	1
146	276	49	1
155	276	49	2
145	279	49	2
143	282	49	1
214	282	49	1
169	284	49	1
132	285	49	2
132	287	49	1
147	287	49	1
146	288	49	1
142	291	49	1
140	293	49	2
136	298	49	1
139	299	49	1
131	300	49	2
135	302	49	1
139	304	49	3
152	304	49	2
126	305	49	1
169	308	49	1
145	316	49	2
268	317	49	4
178	322	49	1
170	325	49	2
139	326	49	1
235	326	49	2
197	342	49	2
239	344	49	1
199	346	49	3
160	348	49	1
204	348	49	2
179	349	49	1
186	349	49	2
184	352	49	3
206	353	49	2
186	354	49	3
131	229	50	2
136	230	50	1
173	232	50	1
125	234	50	1
139	263	50	2
149	263	50	2
155	263	50	2
151	272	50	1
155	273	50	1
134	275	50	1
160	275	50	1
150	283	50	1
259	286	50	1
146	289	50	1
140	294	50	1
148	296	50	1
174	298	50	1
244	301	50	1
140	302	50	3
151	302	50	1
131	306	50	1
146	307	50	1
193	307	50	1
129	312	50	1
240	317	50	1
195	325	50	1
179	329	50	1
198	337	50	2
206	340	50	1
