x	y	z	CREB1 phosphorylation through the activation of Adenylate Cyclase
216.157603775171	275.673637444315	34.5586340221659	1
239	272	24	1
235	278	24	1
244	286	24	1
246	287	24	2
243	288	24	1
249	289	24	1
233	269	25	1
238	272	25	2
236	273	25	2
238	274	25	1
235	275	25	1
235	276	25	1
240	276	25	1
248	276	25	1
234	277	25	1
235	277	25	1
237	277	25	1
233	278	25	1
238	278	25	1
235	279	25	1
239	279	25	1
247	279	25	1
232	280	25	1
233	280	25	1
234	280	25	1
245	280	25	1
231	281	25	1
234	281	25	1
240	281	25	1
248	281	25	1
231	282	25	1
232	282	25	1
234	282	25	1
237	282	25	2
238	282	25	1
240	282	25	1
247	282	25	1
248	282	25	1
249	282	25	1
231	283	25	1
233	283	25	2
235	283	25	1
240	283	25	2
243	283	25	1
233	284	25	1
237	284	25	1
245	284	25	1
247	284	25	1
252	284	25	2
237	285	25	1
244	285	25	1
253	285	25	1
234	286	25	1
235	286	25	1
250	286	25	1
237	287	25	1
246	287	25	1
235	289	25	1
236	289	25	1
242	289	25	1
244	289	25	1
234	290	25	1
235	290	25	1
237	290	25	2
235	291	25	2
237	291	25	1
241	291	25	1
251	291	25	1
237	292	25	1
244	292	25	2
250	292	25	2
240	293	25	1
243	293	25	1
246	293	25	1
243	294	25	1
247	294	25	2
237	295	25	2
244	296	25	1
247	296	25	1
239	297	25	2
239	302	25	1
176	259	26	1
182	259	26	1
232	263	26	1
231	264	26	2
232	265	26	1
230	267	26	1
237	269	26	1
233	270	26	1
235	270	26	2
238	270	26	1
224	272	26	1
226	272	26	1
230	272	26	1
234	272	26	1
233	274	26	1
207	276	26	1
215	276	26	1
231	276	26	1
233	276	26	1
234	276	26	1
237	276	26	1
209	277	26	2
231	277	26	1
232	277	26	1
237	277	26	1
239	277	26	2
250	277	26	1
231	278	26	1
232	278	26	1
240	278	26	2
207	279	26	1
231	279	26	1
236	280	26	1
248	280	26	1
230	281	26	2
234	281	26	1
236	281	26	1
246	281	26	2
209	282	26	1
238	282	26	1
242	282	26	1
245	282	26	2
246	282	26	2
254	282	26	1
209	283	26	2
231	283	26	1
233	283	26	1
234	283	26	1
243	283	26	1
251	283	26	2
252	283	26	1
254	283	26	1
214	284	26	1
215	284	26	2
236	284	26	1
241	284	26	1
244	284	26	1
250	284	26	1
212	285	26	1
237	285	26	1
244	285	26	1
252	285	26	1
254	285	26	1
255	285	26	1
225	286	26	1
241	286	26	1
243	286	26	1
246	286	26	2
248	286	26	1
252	286	26	1
228	287	26	1
232	287	26	1
234	287	26	1
249	287	26	1
250	287	26	1
252	287	26	1
240	288	26	1
248	288	26	1
250	288	26	1
223	289	26	1
232	289	26	1
240	289	26	1
251	289	26	1
233	290	26	1
236	290	26	1
237	290	26	1
226	291	26	1
229	291	26	2
240	291	26	1
227	292	26	1
237	292	26	2
238	292	26	1
239	292	26	1
240	292	26	1
246	292	26	1
252	292	26	1
254	292	26	2
234	293	26	1
236	293	26	1
222	295	26	1
243	295	26	1
243	296	26	1
244	296	26	1
237	297	26	1
242	297	26	1
235	298	26	1
239	298	26	1
241	299	26	1
243	299	26	1
241	300	26	1
227	301	26	1
184	255	27	1
184	256	27	1
183	258	27	2
184	258	27	1
215	258	27	1
232	258	27	1
184	259	27	1
185	259	27	1
228	259	27	1
232	259	27	1
183	260	27	1
181	261	27	1
231	261	27	1
232	261	27	1
234	261	27	1
235	261	27	1
180	262	27	2
229	262	27	2
238	262	27	1
184	263	27	1
185	263	27	2
210	263	27	1
225	263	27	1
227	263	27	1
230	263	27	1
231	263	27	1
180	264	27	1
219	264	27	1
224	264	27	1
226	264	27	2
231	264	27	1
234	264	27	1
248	264	27	1
184	265	27	1
230	265	27	1
234	265	27	1
215	266	27	1
217	266	27	1
226	266	27	1
231	266	27	1
233	266	27	1
234	266	27	1
235	266	27	1
237	266	27	1
182	267	27	1
226	267	27	1
232	267	27	1
239	267	27	1
180	268	27	1
207	268	27	1
217	268	27	1
226	268	27	2
231	268	27	1
232	268	27	1
240	268	27	1
243	268	27	1
182	269	27	1
205	269	27	1
211	269	27	1
224	269	27	1
227	269	27	1
229	269	27	1
237	269	27	1
252	269	27	1
207	270	27	1
216	270	27	1
236	270	27	1
237	270	27	1
238	270	27	1
242	270	27	1
243	270	27	1
182	271	27	1
215	271	27	1
222	271	27	1
226	271	27	2
231	271	27	1
237	271	27	2
179	272	27	1
213	272	27	2
214	272	27	1
217	272	27	2
223	272	27	1
227	272	27	1
229	272	27	1
230	272	27	1
231	272	27	3
232	272	27	1
239	272	27	1
250	272	27	1
183	273	27	1
207	273	27	2
210	273	27	2
211	273	27	2
213	273	27	1
220	273	27	1
224	273	27	1
229	273	27	1
232	273	27	1
234	273	27	2
238	273	27	3
178	274	27	1
179	274	27	1
209	274	27	1
214	274	27	1
224	274	27	1
231	274	27	1
235	274	27	1
185	275	27	1
208	275	27	1
213	275	27	1
217	275	27	1
223	275	27	2
224	275	27	1
232	275	27	2
238	275	27	1
240	275	27	1
244	275	27	1
246	275	27	1
177	276	27	1
206	276	27	3
212	276	27	1
213	276	27	1
217	276	27	1
220	276	27	1
230	276	27	1
233	276	27	1
238	276	27	1
240	276	27	1
204	277	27	2
208	277	27	1
213	277	27	1
215	277	27	1
219	277	27	1
224	277	27	1
233	277	27	1
243	277	27	1
244	277	27	1
203	278	27	1
208	278	27	1
211	278	27	1
219	278	27	1
227	278	27	1
230	278	27	1
231	278	27	1
233	278	27	1
235	278	27	2
239	278	27	1
248	278	27	1
249	278	27	2
208	279	27	1
235	279	27	1
237	279	27	1
239	279	27	1
241	279	27	2
247	279	27	1
252	279	27	2
204	280	27	1
209	280	27	2
210	280	27	1
232	280	27	1
235	280	27	1
241	280	27	1
248	280	27	1
250	280	27	1
252	280	27	1
206	281	27	1
217	281	27	2
230	281	27	1
234	281	27	1
239	281	27	1
244	281	27	1
249	281	27	1
257	281	27	1
205	282	27	1
209	282	27	2
212	282	27	1
214	282	27	1
227	282	27	1
231	282	27	1
233	282	27	1
235	282	27	1
236	282	27	1
243	282	27	1
244	282	27	1
210	283	27	1
232	283	27	1
235	283	27	1
238	283	27	1
241	283	27	1
243	283	27	1
244	283	27	1
248	283	27	2
256	283	27	1
208	284	27	1
212	284	27	1
214	284	27	1
235	284	27	1
238	284	27	1
249	284	27	1
200	285	27	1
209	285	27	2
210	285	27	1
215	285	27	1
219	285	27	1
224	285	27	1
228	285	27	1
235	285	27	1
246	285	27	1
204	286	27	1
206	286	27	1
207	286	27	1
219	286	27	1
220	286	27	1
224	286	27	2
226	286	27	2
240	286	27	1
241	286	27	1
245	286	27	1
246	286	27	1
247	286	27	2
258	286	27	1
214	287	27	1
227	287	27	1
230	287	27	1
231	287	27	2
241	287	27	1
243	287	27	1
247	287	27	2
253	287	27	1
255	287	27	2
204	288	27	1
211	288	27	1
223	288	27	4
228	288	27	1
229	288	27	1
235	288	27	1
237	288	27	1
240	288	27	1
245	288	27	2
250	288	27	1
252	288	27	1
253	288	27	1
209	289	27	1
222	289	27	1
230	289	27	2
231	289	27	1
235	289	27	1
236	289	27	1
239	289	27	1
243	289	27	1
249	289	27	1
222	290	27	1
228	290	27	1
236	290	27	2
237	290	27	1
241	290	27	1
246	290	27	1
249	290	27	1
250	290	27	1
251	290	27	1
252	290	27	1
238	291	27	1
242	291	27	1
243	291	27	2
246	291	27	1
247	291	27	1
248	291	27	1
249	291	27	1
250	291	27	1
213	292	27	1
226	292	27	2
227	292	27	1
228	292	27	1
246	292	27	1
250	292	27	1
252	292	27	1
210	293	27	1
211	293	27	3
218	293	27	1
219	293	27	1
229	293	27	2
239	293	27	1
242	293	27	1
243	293	27	1
256	293	27	1
211	294	27	1
219	294	27	1
237	294	27	1
250	294	27	1
252	294	27	2
257	294	27	1
239	295	27	1
244	295	27	1
246	295	27	1
249	295	27	1
251	295	27	1
238	296	27	1
237	297	27	1
238	297	27	2
239	297	27	1
245	297	27	1
246	297	27	2
252	297	27	1
221	298	27	1
224	298	27	1
236	298	27	2
238	298	27	1
245	298	27	1
226	299	27	1
229	299	27	2
248	299	27	1
227	300	27	1
236	300	27	1
238	300	27	1
239	300	27	1
242	300	27	1
236	301	27	1
241	301	27	2
247	301	27	1
226	302	27	1
234	302	27	1
239	302	27	1
244	304	27	1
235	305	27	1
237	305	27	1
231	264	28	2
234	265	28	1
232	266	28	1
234	266	28	1
234	267	28	1
231	268	28	2
237	268	28	1
237	269	28	2
237	270	28	1
234	272	28	1
232	274	28	3
234	274	28	1
235	277	28	1
238	277	28	1
252	281	28	1
234	282	28	1
246	282	28	1
249	282	28	1
237	283	28	1
247	283	28	2
235	284	28	1
246	284	28	1
235	286	28	1
237	286	28	1
248	286	28	1
240	287	28	1
244	287	28	1
248	287	28	1
238	288	28	1
245	288	28	1
227	289	28	1
231	289	28	2
243	289	28	1
245	289	28	1
253	289	28	1
237	290	28	1
242	290	28	1
244	290	28	1
240	291	28	1
250	291	28	1
240	292	28	1
247	292	28	1
245	294	28	2
240	295	28	1
245	295	28	1
236	300	28	1
190	258	29	1
235	258	29	1
229	259	29	2
238	259	29	1
234	260	29	2
183	261	29	2
199	261	29	2
229	261	29	1
230	261	29	1
227	262	29	1
248	262	29	2
248	263	29	1
215	264	29	2
226	264	29	1
229	264	29	1
230	264	29	1
232	264	29	1
238	264	29	1
248	264	29	1
215	265	29	1
230	266	29	1
245	266	29	1
250	266	29	1
192	267	29	1
196	267	29	1
226	267	29	1
230	267	29	2
194	268	29	1
231	268	29	1
239	268	29	1
204	269	29	1
234	269	29	1
215	270	29	1
230	270	29	1
235	270	29	1
250	270	29	1
173	271	29	1
182	271	29	1
204	271	29	2
235	271	29	1
238	271	29	1
241	271	29	1
249	271	29	1
251	271	29	1
238	272	29	1
239	272	29	1
245	272	29	1
249	272	29	1
251	272	29	1
207	273	29	1
212	273	29	3
225	273	29	1
206	274	29	1
234	274	29	1
206	275	29	2
231	275	29	1
235	275	29	2
238	275	29	1
240	275	29	1
234	276	29	1
236	276	29	2
240	276	29	1
239	277	29	1
238	278	29	1
235	279	29	2
245	279	29	1
249	279	29	1
234	280	29	1
235	280	29	1
247	280	29	1
249	280	29	1
252	280	29	1
233	281	29	2
235	281	29	1
237	281	29	1
248	281	29	1
249	281	29	1
251	281	29	3
212	282	29	1
213	282	29	1
235	282	29	1
242	282	29	1
244	282	29	1
245	282	29	1
248	282	29	1
254	282	29	1
209	283	29	1
233	283	29	1
237	283	29	1
245	283	29	1
249	283	29	1
233	284	29	1
246	284	29	1
248	284	29	1
219	285	29	1
253	285	29	1
211	286	29	1
233	286	29	1
243	286	29	1
252	286	29	1
226	287	29	1
232	287	29	1
234	287	29	1
236	287	29	1
241	287	29	2
244	287	29	1
245	287	29	1
249	287	29	1
225	288	29	1
241	288	29	1
244	288	29	2
249	288	29	1
227	289	29	1
236	289	29	1
226	290	29	1
228	290	29	1
230	290	29	2
240	290	29	1
245	290	29	1
222	291	29	1
226	291	29	1
238	291	29	1
240	291	29	1
241	291	29	1
247	291	29	1
251	291	29	1
227	292	29	1
238	292	29	1
247	292	29	1
250	292	29	2
242	293	29	1
249	293	29	1
252	293	29	1
253	293	29	1
238	294	29	1
242	294	29	1
243	294	29	2
246	294	29	1
251	294	29	1
222	296	29	1
253	296	29	1
239	297	29	1
242	297	29	1
219	298	29	2
226	298	29	1
237	298	29	1
242	298	29	1
226	299	29	1
241	299	29	1
236	301	29	1
241	301	29	2
224	302	29	1
236	305	29	1
215	252	30	1
232	253	30	1
230	254	30	1
236	254	30	1
234	255	30	1
229	256	30	1
231	256	30	1
232	256	30	1
235	256	30	1
236	256	30	1
183	257	30	1
192	257	30	1
209	257	30	1
230	257	30	1
237	257	30	1
240	257	30	1
175	258	30	3
227	258	30	1
229	258	30	1
216	259	30	1
219	259	30	1
220	259	30	1
230	259	30	1
232	259	30	1
235	259	30	1
238	259	30	1
206	260	30	1
216	260	30	1
217	260	30	1
237	260	30	1
239	260	30	1
240	260	30	1
187	261	30	2
216	261	30	1
217	261	30	1
227	261	30	1
241	261	30	1
178	262	30	1
186	262	30	1
220	262	30	1
225	262	30	1
230	262	30	1
246	262	30	2
185	263	30	1
189	263	30	1
216	263	30	1
219	263	30	2
222	263	30	1
224	263	30	1
227	263	30	1
242	263	30	2
246	263	30	1
248	263	30	1
249	263	30	2
225	264	30	1
228	264	30	1
238	264	30	1
239	264	30	2
241	264	30	2
245	264	30	1
193	265	30	2
208	265	30	1
212	265	30	1
214	265	30	1
228	265	30	1
230	265	30	1
242	265	30	1
246	265	30	1
248	265	30	1
184	266	30	2
187	266	30	1
213	266	30	1
219	266	30	1
226	266	30	1
229	266	30	1
191	267	30	1
225	267	30	1
229	267	30	1
231	267	30	1
244	267	30	1
245	267	30	1
248	267	30	1
188	268	30	1
190	268	30	1
214	268	30	1
216	268	30	1
235	268	30	1
237	268	30	1
238	268	30	2
246	268	30	1
177	269	30	1
182	269	30	1
194	269	30	1
204	269	30	1
211	269	30	1
214	269	30	1
215	269	30	1
232	269	30	1
250	269	30	1
183	270	30	1
196	270	30	1
238	270	30	2
244	270	30	2
175	271	30	1
193	271	30	1
194	271	30	1
200	271	30	1
212	271	30	1
179	272	30	1
197	272	30	1
206	272	30	1
207	272	30	1
233	272	30	1
236	272	30	1
238	272	30	3
239	272	30	1
203	273	30	1
231	273	30	1
234	273	30	1
182	274	30	1
183	274	30	1
209	274	30	1
229	274	30	1
233	274	30	1
239	274	30	1
244	274	30	1
182	275	30	1
203	275	30	1
211	275	30	1
213	275	30	1
239	275	30	1
249	275	30	1
232	276	30	1
239	276	30	1
243	276	30	1
246	276	30	1
248	276	30	1
253	276	30	1
208	277	30	1
238	277	30	1
249	277	30	1
250	277	30	1
203	278	30	1
243	278	30	1
253	278	30	1
219	279	30	1
234	279	30	1
235	279	30	2
238	279	30	1
239	279	30	1
247	279	30	2
248	279	30	1
249	279	30	1
176	280	30	1
178	280	30	1
232	280	30	2
235	280	30	1
241	280	30	1
242	280	30	1
247	280	30	1
254	280	30	1
217	281	30	1
218	281	30	2
224	281	30	1
241	281	30	1
244	281	30	1
254	281	30	1
210	282	30	1
215	282	30	1
219	282	30	1
221	282	30	1
234	282	30	1
236	282	30	1
240	282	30	1
241	282	30	2
245	282	30	1
248	282	30	1
251	282	30	1
252	282	30	1
253	282	30	1
215	283	30	1
219	283	30	2
220	283	30	1
232	283	30	1
246	283	30	1
254	283	30	1
257	283	30	1
173	284	30	1
219	284	30	2
224	284	30	1
225	284	30	1
226	284	30	1
231	284	30	1
241.666666666667	284.666666666667	31	1
250	284	30	2
253	284	30	1
254	284	30	2
256	284	30	2
223	285	30	1
226	285	30	1
232	285	30	1
252	285	30	3
255	285	30	1
180	286	30	2
223	286	30	1
234	286	30	1
239	286	30	1
244	286	30	1
245	286	30	1
251	286	30	1
224	287	30	1
225	287	30	1
231	287	30	1
234	287	30	1
237	287.5	30.5	1
252	287	30	1
221	288	30	1
236	288	30	1
238	288	30	1
239	288	30	1
241	288	30	1
243	288	30	1
247	288	30	3
201	289	30	1
223	289	30	1
226	289	30	1
228	289	30	1
231	289	30	1
232	289	30	1
233	289	30	1
235	289	30	2
237	289	30	1
238	289	30	1
243	289	30	1
248	289	30	1
220	290	30	1
248	290	30	1
198	291	30	1
223	291	30	1
226	291	30	1
245	291	30	1
248	291	30	1
250	291	30	1
255	291	30	1
258	291	30	1
197	292	30	1
203	292	30	1
213	292	30	1
220	292	30	1
224	292	30	1
229	292	30	1
231	292	30	2
236	292	30	1
238	292	30	1
241	292	30	1
249	292	30	1
257	292	30	1
219	293	30	1
222	293	30	1
231	293	30	2
232	293	30	1
234	293	30	1
236	293	30	1
238	293	30	1
241	293	30	1
247	293	30	2
253	293	30	1
189	294	30	1
225	294	30	1
227	294	30	1
237	294	30	1
240	294	30	1
246	294	30	1
249	294	30	1
253	294	30	2
254	294	30	1
257	294	30	1
221	295	30	1
222	295	30	1
224	295	30	1
229	295	30	1
250	295	30	1
253	295	30	1
256	295	30	1
239	296	30	2
242	296	30	1
246	296	30	1
226	297	30	1
227	297	30	1
232	297	30	1
241	297	30	1
245	297	30	1
215	298	30	1
224	298	30	1
225	298	30	1
226	298	30	1
231	298	30	1
233	298	30	1
235	298	30	1
236	298	30	1
242	298	30	1
246	298	30	1
250	298	30	1
251	298	30	1
252	298	30	2
224	299	30	1
236	299	30	1
241	299	30	1
246	299	30	1
247	299	30	1
250	299	30	1
214	300	30	1
218	300	30	1
222	300	30	1
223	300	30	1
225	300	30	1
227	300	30	1
241	300	30	1
244	300	30	1
247	300	30	1
248	300	30	1
249	300	30	2
238	301	30	1
239	301	30	1
243	301	30	2
221	302	30	1
226	302	30	1
240	302	30	1
223	303	30	1
225	303	30	1
239	303	30	1
241	303	30	1
220	304	30	1
237	305	30	1
242	305	30	3
224	250	31	1
226	250	31	2
227	250	31	1
225	252	31	1
226	252	31	2
229	252	31	1
193	253	31	1
232	254	31	1
236	255	31	1
237	255	31	3
207	256	31	1
233	256	31	1
177	257	31	1
229	257	31	2
237	257	31	1
238	257	31	1
188	258	31	1
229	258	31	1
231	258	31	1
237	258	31	2
240	258	31	1
188	259	31	1
206	259	31	3
219	259	31	1
231	259	31	1
242	259	31	1
186	260	31	1
187	260	31	1
188	260	31	1
190	260	31	1
195	260	31	1
209	260	31	3
224	260	31	1
227	260	31	1
234	260	31	1
235	260	31	1
239	260	31	1
245	260	31	1
193	261	31	1
227	261	31	1
228	261	31	1
229	261	31	2
230	261	31	1
234	261	31	1
239	261	31	2
244	261	31	1
249	261	31	2
223	262	31	2
226	262	31	1
227	262	31	1
238	262	31	2
185	263	31	1
189	263	31	1
198	263	31	2
200	263	31	1
215	263	31	1
219	263	31	2
223	263	31	2
248	263	31	1
187	264	31	1
188	264	31	1
190	264	31	1
194	264	31	1
195	264	31	1
197	264	31	1
204	264	31	1
210	264	31	1
220	264	31	1
224	264	31	1
234	264	31	1
237	264	31	2
239	264	31	1
244	264	31	3
249	264	31	1
213	265	31	1
216	265	31	1
223	265	31	2
234	265	31	1
235	265	31	1
243	265	31	2
248	265	31	1
249	265	31	1
250	265	31	1
197	266	31	1
198	266	31	1
213	266	31	1
219	266	31	1
220	266	31	2
233	266	31	1
245	266	31	1
176	267	31	1
183	267	31	1
192	267	31	1
194	267	31	1
195	267	31	2
197	267	31	1
230	267	31	2
236	267	31	1
237	267	31	1
238	267	31	1
244	267	31	1
246	267	31	2
183	268	31	1
203	268	31	1
210	268	31	1
216	268	31	1
222	268	31	1
238	268	31	2
240	268	31	1
241	268	31	1
242	268	31	1
173	269	31	1
182	269	31	1
204	269	31	1
213	269	31	1
214	269	31	1
243	269	31	1
248	269	31	2
250	269	31	1
252	269	31	1
173	270	31	1
186	270	31	1
199	270	31	1
200	270	31	1
201	270	31	1
216	270	31	1
217	270	31	1
239	270	31	1
244	270	31	1
247	270	31	1
248	270	31	1
249	270	31	1
184	271	31	3
203	271	31	1
215	271	31	2
216	271	31	1
224	271	31	2
231	271	31	1
235	271	31	1
241	271	31	1
244	271	31	1
176	272	31	1
199	272	31	1
204	272	31	2
216	272	31	2
218	272	31	1
230	272	31	1
210	273	31	1
215	273	31	1
179	274	31	1
203	274	31	1
209	274	31	1
211	274	31	2
214	274	31	2
226	274	31	1
240	274	31	1
241	274	31	1
247	274	31	1
182	275	31	1
205	275	31	1
211	275	31	1
229	275	31	1
244	275	31	1
184	276	31	1
239	276	31	1
244	276	31	1
174	277	31	1
204	277	31	1
235	277	31	1
243	277	31	1
249	277	31	1
177	278	31	1
204	278	31	2
243	278	31	1
244	278	31	1
246	278	31	2
175	279	31	1
178	279	31	1
216	279	31	1
234	279	31	1
238	279	31	1
242	279	31	1
249	279	31	1
181	280	31	1
205	280	31	1
226	280	31	1
232	280	31	1
236	280	31	2
246	280	31	1
248	280	31	1
206	281	31	2
220	281	31	1
228	281	31	1
235	281	31	1
241	281	31	1
251	281	31	1
247	282	31	2
249	282	31	1
252	282	31	2
256	282	31	1
176	283	31	2
179	283	31	2
208	283	31	1
209	283	31	1
218	283	31	1
228	283	31	1
232	283	31	1
233	283	31	1
240	283	31	1
241	283	31	1
242	283	31	1
244	283	31	1
179	284	31	1
209	284	31	1
212	284	31	1
220	284	31	1
231	284	31	1
235	284	31	1
243	284	31	1
248	284	31	1
249	284	31	1
256	284	31	1
257	284	31	1
173	285	31	1
219	285	31	1
220	285	31	1
236	285	31	1
238	285.5	31.5	1
180	286	31	2
204	286	31	1
218	286	31	1
221	286	31	1
224	286	31	1
225	286	31	2
239	286	31	1
220	287	31	1
234	287	31	1
238	287	31	1
239	287	31	1
246	287	31	1
228	288	31	1
240.5	288.5	31.5	1
245	288	31	1
251	288	31	2
185	289	31	2
221	289	31	1
226	289	31	1
233	289	31	1
235	289	31	3
246	289	31	1
250	289	31	1
200	290	31	1
221	290	31	1
226	290	31	1
230	290	31	1
235	290	31	1
241	290	31	1
242	290	31	1
197	291	31	1
199	291	31	1
222	291	31	1
231	291	31	1
241	291	31	1
242	291	31	1
245	291	31	1
248	291	31	1
249	291	31	1
227	292	31	1
230	292	31	1
242	292	31	1
252	292	31	1
229	293	31	1
233	293	31	1
234	293	31	1
246	293	31	1
248	293	31	1
251	293	31	1
202	294	31	3
220	294	31	1
225	294	31	1
228	294	31	1
230	294	31	3
242	294	31	1
244	294	31	1
246	294	31	1
252	294	31	1
222	295	31	1
223	295	31	1
231	295	31	1
233	295	31	1
234	295	31	2
240	295	31	1
248	295	31	1
197	296	31	1
243	296	31	1
248	296	31	1
223	297	31	1
224	297	31	1
227	297	31	1
230	297	31	1
234	297	31	1
241	297	31	1
242	297	31	1
246	297	31	1
223	298	31	1
226	298	31	1
235	298	31	1
237	298	31	1
239	298	31	1
240	298	31	1
247	298	31	1
251	298	31	1
253	298	31	1
232	299	31	1
236	299	31	1
240	299	31	1
247	299	31	1
223	300	31	1
226	300	31	1
229	300	31	1
230	300	31	1
235	300	31	1
241	300	31	2
247	300	31	1
225	301	31	1
226	301	31	1
227	301	31	1
233	301	31	1
242	301	31	2
246	301	31	1
229	302	31	1
232	302	31	1
240	302	31	1
244	302	31	1
231	303	31	1
239	303	31	1
242	303	31	1
244	303	31	1
247	303	31	1
232	304	31	2
237	304	31	1
225	305	31	1
234	305	31	1
236	305	31	1
238	305	31	1
231	306	31	1
234	307	31	2
226	309	31	1
226	252	32	1
227	252	32	1
235	252	32	2
221	253	32	1
225	253	32	1
231	253	32	1
237	253	32	1
227	254	32	1
230	254	32	1
232	254	32	1
188	255	32	2
215	255	32	1
227	255	32	1
234	255	32	1
215	256	32	1
219	256	32	1
232	256	32	1
242	256	32	2
195	257	32	2
210	257	32	1
232	257	32	1
240	257	32	1
216	258	32	1
233	258	32	1
240	258	32	1
193	259	32	1
207	259	32	1
213	259	32	1
217	259	32	1
222	259	32	1
229	259	32	1
234	259	32	1
240	259	32	2
243	259	32	1
247	259	32	1
192	260	32	1
203	260	32	1
214	260	32	1
242	260	32	1
243	260	32	1
245	260	32	2
246	260	32	1
194	261	32	1
217	261	32	1
219	261	32	2
231	261	32	1
237	261	32	1
242	261	32	1
246	261	32	1
189	262	32	1
196	262	32	1
209	262	32	1
224	262	32	1
225	262	32	1
238	262	32	1
240	262	32	1
242	262	32	1
245	262	32	1
247	262	32	1
189	263	32	1
194	263	32	1
198	263	32	1
208	263	32	1
213	263	32	1
218	263	32	2
220	263	32	1
235	263	32	1
237	263	32	1
247	263	32	1
249	263	32	1
194	264	32	1
200	264	32	1
212	264	32	1
216	264	32	1
222	264	32	1
224	264	32	1
239	264	32	1
244	264	32	1
184	265	32	1
185	265	32	1
188	265	32	1
196	265	32	1
220	265	32	1
224	265	32	1
230	265	32	1
231	265	32	2
248	265	32	1
189	266	32	1
196	266	32	1
197	266	32	1
203	266	32	1
214	266	32	1
221	266	32	1
224	266	32	1
228	266	32	1
232	266	32	1
234	266	32	1
241	266	32	1
243	266	32	1
247	266	32	1
188	267	32	1
191	267	32	1
193	267	32	1
197	267	32	2
216	267	32	1
221	267	32	1
238	267	32	2
248	267	32	1
198	268	32	1
219	268	32	2
224	268	32	1
225	268	32	1
228	268	32	2
233	268	32	2
243	268	32	1
245	268	32	1
247	268	32	1
180	269	32	1
182	269	32	2
193	269	32	1
209	269	32	1
213	269	32	1
222	269	32	2
241	269	32	1
242	269	32	1
244	269	32	1
248	269	32	1
252	269	32	1
172	270	32	1
173	270	32	1
180	270	32	1
185	270	32	1
195	270	32	1
197	270	32	1
206	270	32	1
211	270	32	2
212	270	32	1
214	270	32	1
216	270	32	1
233	270	32	1
243	270	32	1
249	270	32	1
173	271	32	1
176	271	32	1
184	271	32	1
196	271	32	1
206	271	32	1
214	271	32	1
216	271	32	1
228	271	32	1
176	272	32	1
185	272	32	1
205	272	32	1
225	272	32	1
239	272	32	1
240	272	32	1
241	272	32	1
244	272	32	1
246	272	32	1
248	272	32	1
185	273	32	1
186	273	32	1
204	273	32	2
206	273	32	1
214	273	32	1
234	273	32	1
238	273	32	1
241	273	32	1
243	273	32	1
179	274	32	1
205	274	32	1
208	274	32	1
234	274	32	2
238	274	32	1
244	274	32	1
250	274	32	1
184	275	32	1
208	275	32	1
210	275	32	1
213	275	32	1
216	275	32	1
235	275	32	1
240	275	32	2
249	275	32	1
175	276	32	1
184	276	32	2
203	276	32	2
215	276	32	1
235	276	32	2
239	276	32	1
176	277	32	2
204	277	32	1
216	277	32	1
236	277	32	1
203	278	32	1
250	278	32	1
255	278	32	1
181	279	32	1
236	279	32	1
241	279	32	1
245	279	32	1
250	279	32	1
173	280	32	1
175	280	32	1
178	280	32	1
205	280	32	2
208	280	32	1
219	280	32	1
223	280	32	2
229	280	32	2
238	280	32	1
240	280	32	1
241	280	32	1
242	280	32	1
249	280	32	1
176	281	32	1
220	281	32	1
222	281	32	1
237	281	32	1
239	281	32	1
250	281	32	1
175	282	32	1
182	282	32	1
220	282	32	1
224	282	32	1
229	282	32	1
232	282	32	1
233	282	32	3
237	282	32	1
242	282	32	1
247	282	32	1
249	282	32	1
251	282	32	2
253	282	32	1
173	283	32	1
211	283	32	1
224	283	32	1
240	283	32	1
241	283	32	2
244	283	32	1
177	284	32	2
186	284	32	1
209	284	32	1
210	284	32	1
237	284	32	1
240	284	32	1
241	284	32	1
242	284	32	1
248	284	32	1
249	284	32	1
257	284	32	1
178	285	32	1
180	285	32	1
219	285	32	1
221	285	32	1
223	285	32	1
238	285	32	1
241	285	32	1
244	285	32	1
245	285	32	1
249	285	32	1
250	285	32	1
255	285	32	1
175	286	32	1
177	286	32	1
204	286	32	1
227	286	32	1
228	286	32	1
240	286	32	2
246	286	32	1
250	286	32	1
252	286	32	1
221	287	32	1
223	287	32	2
224	287	32	1
240	287	32	1
245	287	32	2
246	287	32	1
249	287	32	2
227	288	32	1
232	288	32	1
234	288	32	1
248	288	32	1
250	288	32	3
187	289	32	1
200	289	32	1
222	289	32	1
230	289	32	1
234	289	32	2
237	289	32	1
206	290	32	1
222	290	32	2
224	290	32	1
225	290	32	1
234	290	32	1
237	290	32	2
239	290	32	1
241	290	32	1
243	290	32	1
248	290	32	1
252	290	32	1
255	290	32	1
186	291	32	1
222	291	32	1
224	291	32	1
226	291	32	1
233.333333333333	291.333333333333	33	1
236	291	32	1
239	291	32	1
241	291	32	1
201	292	32	1
203	292	32	1
224	292	32	1
227	292	32	1
248	292	32	1
254	292	32	2
255	292	32	1
179	293	32	1
197	293	32	2
200	293	32	1
222	293	32	1
227	293	32	1
242	293	32	2
244	293	32	1
245	293	32	1
247	293	32	1
251	293	32	1
198	294	32	1
202	294	32	1
204	294	32	1
223	294	32	1
233	294	32	1
235	294	32	1
237	294	32	1
244	294	32	1
251	294	32	1
256	294	32	1
195	295	32	1
218	295	32	2
243	295	32	1
244	295	32	1
245	295	32	1
253	295	32	1
200	296	32	1
226	296	32	2
232	296	32	2
234	296	32	1
241	296	32	1
245	296	32	1
250	296	32	3
251	296	32	1
255	296	32	1
198	297	32	1
227	297	32	2
234	297	32	1
249	297	32	1
254	297	32	1
195	298	32	1
197	298	32	1
198	298	32	1
202	298	32	1
220	298	32	1
221	298	32	1
227	298	32	1
237	298	32	1
196	299	32	1
197	299	32	1
226	299	32	1
228	299	32	1
243	299	32	1
245	299	32	1
197	300	32	1
225	300	32	2
248	300	32	2
231	301	32	2
233	301	32	2
240	301	32	1
241	301	32	1
243	301	32	1
244	301	32	1
248	301	32	1
249	301	32	1
224	302	32	3
229	302	32	2
231	302	32	1
233	302	32	1
238	302	32	1
223	303	32	1
229	303	32	1
232	303	32	1
234	303	32	1
241	303	32	1
220	304	32	2
230	304	32	1
231	304	32	1
234	304	32	1
235	304	32	5
237	304	32	1
238	304	32	1
241	304	32	1
204	305	32	1
226	305	32	1
235	305	32	1
238	305	32	1
208	306	32	1
222	306	32	2
230	306	32	2
233	306	32	1
221	307	32	1
236	307	32	1
221	308	32	1
235	308	32	2
236	308	32	1
226	309	32	2
232	309	32	1
235	309	32	1
225	310	32	1
225	311	32	1
234	311	32	1
232	312	32	1
231	252	33	1
222	253	33	1
193	254	33	1
217	254	33	1
230	254	33	2
236	254	33	1
223	255	33	2
224	255	33	1
235	255	33	2
237	255	33	1
215	256	33	1
221	256	33	1
222	256	33	1
223	256	33	1
227	256	33	2
232	256	33	2
237	256	33	1
238	256	33	1
240	256	33	1
217	257	33	1
218	257	33	2
221	257	33	1
224	257	33	1
227	257	33	1
230	257	33	1
215	258	33	1
218	258	33	1
221	258	33	1
239	258	33	2
242	258	33	1
201	259	33	1
209	259	33	1
213	259	33	1
216	259	33	2
217	259	33	1
218	259	33	1
225	259	33	1
226	259	33	1
227	259	33	1
232	259	33	1
208	260	33	3
217	260	33	2
231	260	33	1
238	260	33	1
239	260	33	1
240	260	33	1
246	260	33	1
220	261	33	1
225	261	33	1
228	261	33	2
230	261	33	1
240	261	33	1
210	262	33	1
211	262	33	1
212	262	33	1
214	262	33	1
218	262	33	1
236	262	33	1
239	262	33	1
241	262	33	1
242	262	33	1
243	262	33	1
245	262	33	1
250	262	33	1
189	263	33	1
190	263	33	1
193	263	33	1
199	263	33	1
214	263	33	1
218	263	33	1
220	263	33	1
228	263	33	1
240	263	33	1
187	264	33	1
188	264	33	1
191	264	33	1
211	264	33	1
215	264	33	1
217	264	33	1
225	264	33	1
237	264	33	1
238	264	33	1
239	264	33	1
248	264	33	1
186	265	33	1
210	265	33	1
211	265	33	1
212	265	33	1
219	265	33	1
229	265	33	2
242	265	33	1
243	265	33	1
247	265	33	1
248	265	33	2
251	265	33	1
189	266	33	1
190	266	33	1
194	266	33	2
214	266	33	1
215	266	33	2
216	266	33	1
218	266	33	1
219	266	33	1
228	266	33	1
230	266	33	1
240	266	33	1
241	266	33	1
249	266	33	1
184	267	33	1
186	267	33	1
197	267	33	1
210	267	33	1
212	267	33	1
214	267	33	2
217	267	33	1
221	267	33	1
231	267	33	1
242	267	33	2
244	267	33	1
247	267	33	1
206	268	33	1
218	268	33	2
245	268	33	2
191	269	33	2
201	269	33	1
204	269	33	1
209	269	33	1
211	269	33	2
224	269	33	1
227	269	33	1
232	269	33	1
239	269	33	1
241	269	33	1
243	269	33	1
246	269	33	2
251	269	33	1
174	270	33	1
179	270	33	1
187	270	33	1
212	270	33	1
223	270	33	1
242	270	33	1
244	270	33	1
251	270	33	1
252	270	33	1
180	271	33	1
181	271	33	1
192	271	33	1
210	271	33	4
215	271	33	1
224	271	33	1
241	271	33	2
242	271	33	1
246	271	33	1
176	272	33	1
177	272	33	1
178	272	33	1
182	272	33	1
184	272	33	1
187	272	33	1
201	272	33	2
234	272	33	1
247	272	33	1
250	272	33	1
251	272	33	1
181	273	33	1
203	273	33	2
205	273	33	1
211	273	33	2
213	273	33	1
227	273	33	1
241	273	33	1
174	274	33	1
181	274	33	1
205	274	33	1
206	274	33	1
208	274	33	1
210	274	33	1
236	274	33	1
243	274	33	1
245	274	33	1
250	274	33	1
186	275	33	1
200	275	33	1
206	275	33	1
207	275	33	2
213	275	33	1
215	275	33	3
227	275	33	1
235	275	33	1
237	275	33	1
241	275	33	1
244	275	33	1
250	275	33	1
251	275	33	1
174	276	33	1
186	276	33	1
201	276	33	1
205	276	33	1
208	276	33	1
237	276	33	2
243	276	33	1
173	277	33	2
178	277	33	1
183	277	33	1
187	277	33	1
202	277	33	1
224	277	33	1
227	277	33	1
232	277	33	1
236	277	33	1
237	277	33	1
244	277	33	1
247	277	33	1
205	278	33	1
223	278	33	4
239	278	33	1
176	279	33	1
210	279	33	1
222	279	33	1
244	279	33	1
245	279	33	1
175	280	33	1
176	280	33	1
210	280	33	1
221	280	33	1
241	280	33	1
249	280	33	1
175	281	33	1
176	281	33	1
186	281	33	1
206	281	33	1
207	281	33	1
219	281	33	1
239	281	33	1
244	281	33	2
245	281	33	1
248	281	33	2
250	281	33	1
177	282	33	1
178	282	33	1
213	282	33	1
222	282	33	1
223	282	33	1
224	282	33	1
230	282	33	1
234	282	33	1
238	282	33	1
242	282	33	1
243	282	33	1
189	283	33	1
212	283	33	1
225	283	33	3
227	283	33	1
232	283	33	1
238	283	33	1
243	283	33	1
246	283	33	1
250	283	33	2
253	283	33	1
176	284	33	1
210	284	33	1
231	284	33	1
234	284	33	1
244	284	33	1
248	284	33	1
254	284	33	1
175	285	33	1
178	285	33	1
202	285	33	1
206	285	33	1
212	285	33	2
222	285	33	1
225	285	33	2
227	285	33	2
233	285	33	1
234	285	33	1
236	285	33	2
237.5	285.5	33.5	1
238	285	33	1
240	285	33	1
245	285	33	1
253	285	33	1
254	285	33	1
185	286	33	1
203	286	33	1
207	286	33	1
226	286	33	1
228	286	33	1
230	286	33	1
236	286	33	1
237	286	33	1
242	286	33	1
244	286	33	1
245	286	33	1
179	287	33	2
205	287	33	1
220	287	33	2
222	287	33	1
224	287	33	3
229	287	33	1
236	287	33	2
251	287	33	2
223	288	33	2
245	288	33	1
249	288	33	1
184	289	33	1
200	289	33	1
222	289	33	1
230	289	33	1
244	289	33	1
246	289	33	1
197	290	33	1
207	290	33	1
222	290	33	1
225	290	33	1
231	290	33	1
232	290	33	2
234	290	33	1
235	290	33	1
238	290	33	2
248	290	33	1
185	291	33	1
199	291	33	1
222	291	33	1
225	291	33	1
247	291	33	1
257	291	33	1
200	292	33	1
239	292	33	1
254	292	33	1
256	292	33	1
230	293	33	1
177	294	33	1
187	294	33	1
223	294	33	1
231	294	33	1
235	294	33	1
237	294	33	1
244	294	33	1
246	294	33	2
256	294	33	1
201	295	33	1
225	295	33	1
228	295	33	1
229	295	33	2
238	295	33	1
250	295	33	1
179	296	33	1
194	296	33	1
226	296	33	1
231	296	33	1
241	296	33	1
255	296	33	1
196	297	33	1
202	297	33	1
224	297	33	1
225	297	33	1
227	297	33	1
231	297	33	1
234	297	33	1
246	297	33	1
182	298	33	2
194	298	33	1
195	298	33	1
198	298	33	1
236	298	33	1
238	298	33	2
243	298	33	2
196	299	33	2
197	299	33	2
223	299	33	1
229	299	33	1
236	299	33	1
237	299	33	2
239	299	33	1
241	299	33	1
245	299	33	2
247	299	33	1
196	300	33	1
229	300	33	1
230	300	33	1
246	300	33	1
227	301	33	2
229	301	33	2
237	301	33	1
244	301	33	1
225	302	33	1
231	302	33	1
232	302	33	1
237	302	33	1
245	302	33	1
225	303	33	2
228	303	33	1
231	303	33	1
232	303	33	1
233	303	33	1
234	303	33	1
206	304	33	1
220	304	33	1
227	304	33	2
229	304	33	1
230	304	33	1
238	304	33	1
239	304	33	1
207	305	33	2
225	305	33	1
227	305	33	1
235	305	33	1
240	305	33	1
199	306	33	2
238	306	33	1
242	306	33	1
201	307	33	2
223	307	33	1
234	307	33	1
237	308	33	2
221	309	33	1
224	309	33	2
225	309	33	1
226	309	33	1
228	309	33	1
224	310	33	1
226	310	33	1
233	310	33	1
239	310	33	2
226	311	33	1
227	311	33	1
228	311	33	1
225	312	33	1
225	313	33	2
228	314	33	1
232	314	33	1
230	315	33	1
228	251	34	1
226	252	34	1
226	253	34	1
228	253	34	1
229	253	34	1
226	254	34	1
228	254	34	1
218	255	34	1
224	255	34	1
226	255	34	1
230	255	34	2
237	255	34	1
227	256	34	1
241	256	34	1
216	257	34	1
219	257	34	1
221	257	34	1
223	257	34	1
241	257	34	1
243	257	34	1
200	258	34	1
216	258	34	1
220	258	34	1
226	258	34	1
227	258	34	1
228	258	34	1
233	258	34	2
237	258	34	1
217	259	34	1
244	259	34	1
192	260	34	2
214	260	34	1
215	260	34	1
224	260	34	1
226	260	34	1
229	260	34	1
235	260	34	1
237	260	34	1
238	260	34	1
242	260	34	1
190	261	34	1
195	261	34	2
211	261	34	1
214	261	34	1
220	261	34	1
223	261	34	1
235	261	34	1
242	261	34	1
246	261	34	1
192	262	34	1
193	262	34	1
210	262	34	1
216	262	34	3
217	262	34	1
226	262	34	1
229	262	34	1
233	262	34	1
235	262	34	1
238	262	34	1
240	262	34	1
250	262	34	1
206	263	34	1
207	263	34	1
211	263	34	1
213	263	34	1
218	263	34	2
234	263	34	1
236	263	34	1
238	263	34	1
249	263	34	1
252	263	34	2
187	264	34	1
203	264	34	1
205	264	34	1
213	264	34	1
215	264	34	3
219	264	34	1
227	264	34	1
239	264	34	1
249	264	34	2
176	265	34	3
187	265	34	1
207	265	34	1
213	265	34	1
243	265	34	1
245	265	34	1
178	266	34	1
184	266	34	1
194	266	34	1
196	266	34	2
208	266	34	1
210	266	34	1
225	266	34	1
237	266	34	1
240	266	34	1
241	266	34	2
243	266	34	2
246	266	34	1
249	266	34	1
251	266	34	1
208	267	34	1
211	267	34	1
216	267	34	1
217	267	34	1
218	267	34	1
220	267	34	1
221	267	34	1
224	267	34	2
240	267	34	1
243	267	34	1
247	267	34	1
188	268	34	1
191	268	34	1
194	268	34	1
207	268	34	1
214	268	34	1
215	268	34	1
245	268	34	1
246	268	34	1
247	268	34	1
250	268	34	2
171	269	34	1
176	269	34	2
187	269	34	1
188	269	34	1
189	269	34	1
191	269	34	1
192	269	34	1
193	269	34	2
194	269	34	1
197	269	34	1
208	269	34	1
209	269	34	1
212	269	34	1
213	269	34	1
216	269	34	1
217	269	34	2
219	269	34	2
232	269	34	1
233	269	34	1
235	269	34	1
236	269	34	1
248	269	34	1
249	269	34	1
179	270	34	1
185	270	34	1
189	270	34	2
196	270	34	1
200	270	34	1
201	270	34	1
205	270	34	1
214	270	34	1
215	270	34	1
216	270	34	1
218	270	34	1
241	270	34	1
243	270	34	1
173	271	34	1
187	271	34	1
188	271	34	1
206	271	34	2
212	271	34	1
226	271	34	2
230	271	34	2
234	271	34	1
239	271	34	1
246	271	34	1
248	271	34	1
250	271	34	1
176	272	34	2
179	272	34	1
186	272	34	1
197	272	34	2
203	272	34	1
211	272	34	1
212	272	34	1
228	272	34	1
229	272	34	1
240	272	34	1
245	272	34	1
197	273	34	1
204	273	34	1
205	273	34	1
207	273	34	1
210	273	34	1
212	273	34	1
214	273	34	1
216	273	34	1
231	273	34	1
239	273	34	1
245	273	34	1
183	274	34	1
187	274	34	1
206	274	34	1
215	274	34	3
218	274	34	1
226	274	34	1
232	274	34	1
233	274	34	1
235	274	34	1
237	274	34	1
179	275	34	1
207	275	34	1
208	275	34	1
213	275	34	2
216	275	34	1
217	275	34	2
219	275	34	1
227	275	34	1
231	275	34	1
233	275	34	1
238	275	34	1
245	275	34	1
246	275	34	2
174	276	34	1
184	276	34	2
212	276	34	1
219	276	34	1
237	276	34	2
175	277	34	1
203	277	34	1
206	277	34	1
207	277	34	1
236	277	34	2
238	277	34	1
241	277	34	1
244	277	34	2
178	278	34	1
202	278	34	1
212	278	34	1
243	278	34	1
244	278	34	1
176	279	34	1
177	279	34	1
192	279	34	1
204	279	34	1
207	279	34	1
227	279	34	1
232	279	34	2
244	279	34	1
173	280	34	1
177	280	34	1
224	280	34	2
234	280	34	1
236	280	34	1
248	280	34	1
249	280	34	1
177	281	34	1
179	281	34	1
192	281	34	2
203	281	34	1
206	281	34	1
207	281	34	1
228	281	34	1
232	281	34	1
233	281	34	1
248	281	34	1
250	281	34	1
214	282	34	1
215	282	34	1
226	282	34	1
229	282	34	1
232	282	34	1
235	282	34	2
251	282	34	1
179	283	34	1
181	283	34	1
204	283	34	1
206	283	34	1
208	283	34	1
218	283	34	1
232	283	34	1
233	283	34	1
237	283	34	1
247	283	34	1
251	283	34	1
176	284	34	1
178	284	34	1
205	284	34	1
211	284	34	3
224	284	34	2
229	284	34	1
231	284	34	1
233	284	34	1
238	284	34	1
245	284	34	2
246	284	34	1
254	284	34	1
176	285	34	1
177	285	34	1
181	285	34	1
202	285	34	1
205	285	34	1
210	285	34	1
218	285	34	1
221	285	34	1
232	285	34	2
233	285	34	1
246	285	34	1
177	286	34	1
186	286	34	1
187	286	34	1
188	286	34	1
189	286	34	1
190	286	34	1
202	286	34	1
203	286	34	1
208	286	34	1
222	286	34	1
224	286	34	2
226	286	34	1
243	286	34	2
199	287	34	1
208	287	34	1
209	287	34	2
219	287	34	1
226	287	34	1
227	287	34	1
236	287	34	1
238	287	34	1
251	287	34	1
177	288	34	1
185	288	34	1
200	288	34	3
202	288	34	2
220	288	34	2
223	288	34	1
224	288	34	1
227	288	34	2
228	288	34	1
230	288	34	2
231	288	34	1
235	288	34	1
239	288	34	1
240	288	34	1
247	288	34	1
253	288	34	1
199	289	34	1
203	289	34	1
219	289	34	1
228	289	34	1
230	289	34	1
185	290	34	1
187	290	34	1
203	290	34	1
225	290	34	1
240	290	34	1
247	290	34	1
253	290	34	2
182	291	34	1
185	291	34	2
200	291	34	2
223	291	34	1
229	291	34	1
235	291	34	3
244	291	34	1
247	291	34	1
255	291	34	1
187	292	34	1
198	292	34	1
203	292	34	1
223	292	34	1
228	292	34	2
229	292	34	1
231	292	34	2
238	292	34	1
241	292	34	2
242	292	34	1
247	292	34	1
190	293	34	1
204	293	34	1
205	293	34	1
207	293	34	1
222	293	34	1
223	293	34	1
231	293	34	1
241	293	34	1
243	293	34	1
251	293	34	1
190	294	34	1
195	294	34	2
221	294	34	1
224	294	34	1
246	294	34	2
198	295	34	3
202	295	34	1
203	295	34	1
222	295	34	1
224	295	34	1
225	295	34	1
229	295	34	2
230	295	34	1
239	295	34	1
184	296	34	1
198	296	34	1
201	296	34	1
217	296	34	1
221	296	34	1
229	296	34	1
242	296	34	1
244	296	34	1
195	297	34	1
199	297	34	1
219	297	34	1
224	297	34	1
232	297	34	1
234	297	34	1
244	297	34	1
245	297	34	1
203	298	34	1
220	298	34	3
233	298	34	1
234	298	34	1
182	299	34	3
200	299	34	1
207	299	34	1
242	299	34	2
224	300	34	1
225	300	34	2
226	300	34	1
230	300	34	1
236	300	34	1
239	300	34	1
244	300	34	3
196	301	34	1
207	301	34	1
224	301	34	1
225	301	34	1
227	301	34	1
232	301	34	2
233	301	34	1
241	301	34	2
244	301	34	1
228	302	34	2
232	302	34	1
243	302	34	1
226	303	34	1
229	303	34	1
240	303	34	1
245	303	34	3
231	304	34	1
232	304	34	1
237	304	34	1
241	304	34	1
199	305	34	1
222	305	34	1
226	305	34	1
229	305	34	1
232	305	34	1
240	305	34	1
203	306	34	1
223	306	34	2
235	306	34	1
238	306	34	2
223	307	34	1
224	307	34	1
225	307	34	2
230	307	34	1
235	307	34	1
243	307	34	1
225	308	34	1
226	308	34	1
232	308	34	1
236	308	34	2
237	308	34	1
240	308	34	1
224	309	34	1
227	309	34	2
228	309	34	2
237	309	34	1
221	310	34	1
222	310	34	2
224	310	34	1
226	310	34	2
229	310	34	1
230	310	34	1
232	310	34	1
233	310	34	1
236	310	34	1
240	310	34	1
241	310	34	1
224	311	34	1
235	311	34	1
222	312	34	1
226	312	34	1
229	312	34	1
232	312	34	1
235	312	34	1
221	313	34	1
225	313	34	2
228	313	34	2
231	313	34	1
232	313	34	1
234	313	34	1
225	314	34	1
228	314	34	2
229	314	34	1
227	315	34	1
229	315	34	1
230	315	34	1
228	316	34	1
230	316	34	1
233	316	34	1
231	317	34	1
226	250	35	1
228	251	35	2
223	252	35	1
226	252	35	1
221	253	35	1
225	253	35	1
226	253	35	1
227	254	35	1
219	255	35	2
223	255	35	2
231	255	35	1
215	256	35	2
228	256	35	1
241	256	35	1
209	257	35	2
224	257	35	1
225	257	35	1
203	258	35	2
221	258	35	1
224	258	35	1
229	258	35	1
235	258	35	1
240	258	35	1
242	258	35	1
182	259	35	1
190	259	35	1
218	259	35	1
221	259	35	1
222	259	35	1
223	259	35	3
233	259	35	1
240	259	35	2
241	259	35	1
242	259	35	1
210	260	35	2
215	260	35	1
217	260	35	1
221	260	35	1
225	260	35	1
228	260	35	1
235	260	35	1
242	260	35	1
189	261	35	1
193	261	35	2
216	261	35	2
218	261	35	1
219	261	35	1
222	261	35	1
223	261	35	1
228	261	35	1
234	261	35	1
236	261	35	1
237	261	35	2
190	262	35	1
193	262	35	1
213	262	35	1
232	262	35	2
238	262	35	2
243	262	35	1
188	263	35	2
208	263	35	1
214	263	35	1
216	263	35	1
218	263	35	2
224	263	35	1
226	263	35	1
234	263	35	1
236	263	35	1
240	263	35	1
241	263	35	1
245	263	35	1
247	263	35	1
250	263	35	1
186	264	35	2
188	264	35	2
191	264	35	1
211	264	35	1
213	264	35	1
216	264	35	1
217	264	35	2
224	264	35	2
231	264	35	1
240	264	35	1
243	264	35	2
245	264	35	1
189	265	35	1
191	265	35	1
195	265	35	2
200	265	35	1
205	265	35	1
220	265	35	1
222	265	35	1
224	265	35	1
234	265	35	1
239	265	35	1
241	265	35	1
245	265	35	1
191	266	35	1
210	266	35	1
226	266	35	1
228	266	35	1
233	266	35	1
236	266	35	1
239	266	35	1
240	266	35	1
184	267	35	1
188	267	35	1
212	267	35	2
216	267	35	1
222	267	35	1
223	267	35	2
232	267	35	1
193	268	35	1
196	268	35	1
202	268	35	1
206	268	35	3
209	268	35	1
214	268	35	1
216	268	35	1
217	268	35	1
219	268	35	1
222	268	35	1
241	268	35	1
242	268	35	2
246	268	35	1
248	268	35	1
250	268	35	2
252	268	35	1
185	269	35	2
191	269	35	1
214	269	35	1
216	269	35	1
232	269	35	1
248	269	35	2
172	270	35	1
185	270	35	1
187	270	35	1
195	270	35	1
196	270	35	1
206	270	35	1
210	270	35	1
223	270	35	2
231	270	35	1
235	270	35	1
238	270	35	1
173	271	35	1
179	271	35	1
181	271	35	1
196	271	35	1
206	271	35	1
209	271	35	2
214	271	35	1
220	271	35	1
235	271	35	1
238	271	35	1
242	271	35	1
243	271	35	1
249	271	35	1
179	272	35	2
182	272	35	1
189	272	35	1
190	272	35	2
206	272	35	1
207	272	35	1
210	272	35	1
217	272	35	1
218	272	35	2
229	272	35	1
232	272	35	1
238	272	35	1
173	273	35	1
182	273	35	1
186	273	35	1
204	273	35	2
206	273	35	1
212	273	35	2
228	273	35	1
234	273	35	1
235	273	35	1
245	273	35	1
170	274	35	2
171	274	35	1
184	274	35	2
190	274	35	1
201	274	35	2
210	274	35	2
213	274	35	2
224	274	35	1
235	274	35	1
236	274	35	1
239	274	35	3
243	274	35	1
176	275	35	1
189	275	35	1
203	275	35	1
218	275	35	1
235	275	35	1
175	276	35	1
203	276	35	1
206	276	35	1
220	276	35	1
232	276	35	1
239	276	35	1
240	276	35	1
244	276	35	1
248	276	35	1
173	277	35	1
204	277	35	1
208	277	35	1
210	277	35	1
218	277	35	1
234	277	35	1
235	277	35	1
238	277	35	2
242	277	35	1
244	277	35	1
175	278	35	2
179	278	35	1
190	278	35	1
195	278	35	1
204	278	35	1
213	278	35	1
214	278	35	1
215	278	35	1
224	278	35	1
225	278	35	1
227	278	35	1
238	278	35	1
244	278	35	1
179	279	35	1
184	279	35	1
190	279	35	1
192	279	35	1
206	279	35	1
229	279	35	1
235	279	35	1
236	279	35	1
180	280	35	1
189	280	35	1
199	280	35	1
211	280	35	2
214	280	35	1
223	280	35	1
237	280	35	1
245	280	35	1
174	281	35	3
211	281	35	1
213	281	35	1
216	281	35	1
217	281	35	1
221	281	35	2
226	281	35	4
229	281	35	1
235	281	35	1
244	281	35	1
175	282	35	1
207	282	35	1
210	282	35	1
213	282	35	1
216	282	35	2
221	282	35	2
224	282	35	1
227	282	35	1
232	282	35	1
233	282	35	1
242	282	35	1
180	283	35	1
183	283	35	1
187	283	35	1
188	283	35	1
204	283	35	1
207	283	35	1
208	283	35	2
211	283	35	1
212	283	35	1
215	283	35	1
218	283	35	1
222	283	35	1
228	283	35	1
232	283	35	1
233	283	35	2
181	284	35	2
186	284	35	1
200	284	35	1
208	284	35	1
209	284	35	1
212	284	35	2
218	284	35	1
222	284	35	1
230	284	35	1
236	284	35	1
243	284	35	1
245	284	35	2
176	285	35	1
178	285	35	1
180	285	35	1
182	285	35	1
185	285	35	1
188	285	35	1
200	285	35	1
203	285	35	1
205	285	35	1
217	285	35	2
221	285	35	1
226	285	35	1
236	285	35	1
245	285	35	2
174	286	35	1
178	286	35	1
201	286	35	2
202	286	35	1
207	286	35	1
208	286	35	2
215	286	35	2
227	286	35	2
233	286	35	2
236	286	35	1
247	286	35	1
174	287	35	1
175	287	35	1
182	287	35	1
186	287	35	1
199	287	35	1
200	287	35	1
203	287	35	1
204	287	35	1
221	287	35	1
223	287	35	1
224	287	35	2
225	287	35	1
237	287	35	1
176	288	35	1
183	288	35	1
185	288	35	1
192	288	35	1
200	288	35	1
220	288	35	1
239	288	35	1
245	288	35	1
187	289	35	1
193	289	35	1
195	289	35	1
204	289	35	1
224	289	35	1
225	289	35	2
226	289	35	1
236	289	35	1
241	289	35	1
243	289	35	1
245	289	35	2
248	289	35	1
250	289	35	1
187	290	35	1
199	290	35	1
200	290	35	1
205	290	35	1
206	290	35	1
223	290	35	1
245	290	35	1
248	290	35	1
195	291	35	1
216	291	35	1
226	291	35	1
230	291	35	1
236	291	35	1
247	291	35	1
188	292	35	1
193	292	35	1
194	292	35	1
199	292	35	1
200	292	35	1
201	292	35	3
232	292	35	1
243	292	35	1
248	292	35	1
250	292	35	1
200	293	35	1
225	293	35	1
181	294	35	1
199	294	35	1
204	294	35	1
220	294	35	1
221	294	35	1
224	294	35	1
237	294	35	1
245	294	35	1
193	295	35	1
197	295	35	2
220	295	35	1
227	295	35	1
230	295	35	2
238	295	35	1
244	295	35	1
182	296	35	1
198	296	35	1
200	296	35	1
201	296	35	1
217	296	35	2
228	296	35	1
229	296	35	1
235	296	35	1
243	296	35	1
194	297	35	1
198	297	35	1
199	297	35	1
202	297	35	1
222	297	35	1
226	297	35	1
229	297	35	1
233	297	35	1
244	297	35	1
221	298	35	2
229	298	35	1
244	298	35	1
246	298	35	1
247	298	35	1
229	299	35	1
240	299	35	1
195	300	35	2
224	300	35	1
226	300	35	1
236	300	35	1
224	301	35	1
228	301	35	1
229	301	35	1
231	301	35	1
233	301	35	1
235	301	35	1
237	301	35	2
238	301	35	1
241	301	35	1
242	301	35	1
244	301	35	2
222	302	35	1
225	302	35	1
236	302	35	1
239	302	35	1
242	302	35	1
244	302	35	1
199	303	35	1
227	303	35	1
229	303	35	1
242	303	35	1
243	303	35	1
207	304	35	2
233	304	35	1
234	304	35	1
244	304	35	1
229	305	35	1
230	305	35	2
199	306	35	1
206	306	35	1
222	306	35	1
229	306	35	1
230	306	35	1
232	306	35	1
236	306	35	1
195	307	35	1
207	307	35	1
221	307	35	1
224	307	35	1
231	307	35	1
238	307	35	1
242	307	35	1
231	308	35	1
239	308	35	1
241	308	35	1
202	309	35	1
223	309	35	1
238	309	35	3
219	310	35	2
220	310	35	1
221	310	35	1
222	310	35	2
225	310	35	1
227	310	35	1
231	310	35	1
215	311	35	1
216	311	35	1
222	311	35	1
230	311	35	2
238	311	35	1
229	312	35	1
237	312	35	1
223	313	35	1
228	313	35	1
232	313	35	1
236	313	35	1
237	313	35	1
238	313	35	1
227	314	35	1
232	314	35	1
230	315	35	2
233	317	35	2
234	317	35	1
239	317	35	1
231	318	35	1
238	318	35	1
224	253	36	1
225	253	36	2
228	253	36	1
229	254	36	1
224	255	36	2
218	256	36	1
219	256	36	1
217	257	36	1
226	257	36	1
228	257	36	1
218	258	36	1
232	258	36	1
217	259	36	2
219	259	36	1
222	259	36	1
225	259	36	1
226	259	36	1
228	259	36	1
232	259	36	1
217	260	36	2
219	260	36	1
228	260	36	1
216	261	36	1
226	261	36	1
230	261	36	1
237	261	36	1
210	262	36	1
217	262	36	1
222	262	36	1
224	262	36	1
229	262	36	1
240	262	36	1
244	262	36	1
229	263	36	1
233	263	36	1
234	263	36	1
240	263	36	1
206	264	36	1
213	264	36	1
223	264	36	1
231	264	36	1
233	264	36	1
234	264	36	1
243	264	36	1
185	265	36	1
194	265	36	1
211	265	36	3
233	265	36	2
248	265	36	1
191	266	36	1
195	266	36	1
205	266	36	1
216	266	36	1
220	266	36	1
231	266	36	1
237	266	36	1
244	266	36	1
248	266	36	1
186	267	36	1
194	267	36	1
210	267	36	2
218	267	36	2
221	267	36	1
240	267	36	1
249	267	36	1
189	268	36	1
191	268	36	1
196	268	36	1
205	268	36	1
209	268	36	1
211	268	36	1
213	268	36	1
222	268	36	1
238	268	36	1
240	268	36	1
241	268	36	1
188	269	36	1
194	269	36	2
208	269	36	1
214	269	36	1
215	269	36	1
233	269	36	1
234	269	36	2
172	270	36	1
187	270	36	1
188	270	36	1
189	270	36	1
198	270	36	1
203	270	36	1
217	270	36	2
221	270	36	1
231	270	36	1
235	270	36	1
244	270	36	1
176	271	36	1
181	271	36	1
191	271	36	1
206	271	36	1
217	271	36	1
223	271	36	1
239	271	36	1
177	272	36	1
199	272	36	1
230	272	36	1
232	272	36	1
239	272	36	1
240	272	36	1
178	273	36	1
186	273	36	2
204	273	36	1
209	273	36	2
212	273	36	1
217	273	36	1
232	273	36	2
235	273	36	1
176	274	36	1
179	274	36	1
185	274	36	1
218	274	36	1
220	274	36	2
221	274	36	1
233	274	36	1
239	274	36	1
184	275	36	1
205	275	36	2
208	275	36	1
210	275	36	1
214	275	36	1
216	275	36	1
217	275	36	1
217	276	36	1
220	276	36	1
237	276	36	1
241	276	36	1
204	277	36	1
206	277	36	1
214	277	36	1
220	277	36	1
226	277	36	1
188	278	36	1
211	278	36	1
213	278	36	1
219	278	36	1
223	278	36	1
187	279	36	1
206	279	36	1
214	279	36	1
215	279	36	3
174	280	36	1
199	280	36	1
204	280	36	1
223	280	36	1
224	280	36	1
226	280	36	1
232	280	36	1
173	281	36	1
187	281	36	1
192	281	36	1
222	281	36	2
223	281	36	2
229	281	36	1
230	281	36	1
243	281	36	1
175	282	36	1
181	282	36	1
208	282	36	1
209	282	36	1
214	282	36	1
231	282	36	1
232	282	36	1
204	283	36	2
216	283	36	2
218	283	36	1
222	283	36	1
188	284	36	1
206	284	36	1
209	284	36	1
214	284	36	1
221	284	36	1
224	284	36	1
226	284	36	1
240	284	36	1
242	284	36	1
199	285	36	1
221	285	36	1
223	285	36	1
227	285	36	1
233	285	36	1
234	285	36	2
237	285	36	1
238	285	36	1
240	285	36	1
242	285	36	2
244	285	36	1
247	285	36	1
198	286	36	1
209	286	36	1
216	286	36	2
218	286	36	2
222	286	36	1
234	286	36	1
235	286	36	2
238	286	36	1
241	286	36	1
242	286	36	2
201	287	36	1
204	287	36	1
208	287	36	1
219	287	36	1
227	287	36	1
231	287	36	1
233	287	36	1
184	288	36	2
185	288	36	1
187	288	36	2
196	288	36	1
203	288	36	1
219	288	36	2
224	288	36	1
229	288	36	1
231	288	36	1
234	288	36	1
238	288	36	1
241	288	36	1
242	288	36	1
206	289	36	1
227	289	36	1
240	289	36	1
185	290	36	1
197	290	36	1
200	290	36	2
223	290	36	1
226	290	36	1
231	290	36	1
232	290	36	1
240	290	36	2
242	290	36	2
247	290	36	1
196	291	36	2
202	291	36	1
237	291	36	1
240	291	36	1
241	291	36	1
244	291	36	1
189	292	36	1
203	292	36	1
226	292	36	2
227	292	36	1
232	292	36	1
237	292	36	1
200	293	36	2
202	293	36	1
205	293	36	1
206	293	36	1
222	293	36	1
223	293	36	1
234	293	36	1
236	293	36	2
237	293	36	1
239	293	36	1
240	293	36	1
242	293	36	1
182	294	36	1
188	294	36	1
243	294	36	2
197	295	36	1
207	295	36	2
237	295	36	1
238	295	36	1
239	295	36	1
241	295	36	4
244	295	36	2
227	296	36	1
229	296	36	1
234	296	36	1
199	297	36	1
202	297	36	2
228	297	36	1
230	297	36	1
231	297	36	1
239	297	36	1
241	297	36	1
244	297	36	1
199	298	36	1
201	298	36	2
202	298	36	1
203	298	36	1
226	298	36	1
229	298	36	1
240	298	36	1
200	299	36	1
233	299	36	1
238	299	36	2
239	299	36	1
240	299	36	1
241	299	36	1
242	299	36	1
225	300	36	1
232	300	36	1
241	300	36	1
226	301	36	1
227	301	36	1
230	301	36	1
236	301	36	1
225	302	36	1
235	302	36	1
243	302	36	1
244	302	36	1
226	303	36	1
227	303	36	1
234	303	36	1
223	304	36	3
225	304	36	1
227	304	36	1
199	305	36	1
222	306	36	1
223	306	36	1
226	306	36	1
239	306	36	1
241	306	36	1
222	307	36	2
234	307	36	1
235	307	36	1
240	307	36	1
241	307	36	2
228	308	36	2
239	308	36	1
243	308	36	2
227	309	36	1
224	310	36	1
227	310	36	1
228	310	36	1
234	310	36	1
213	311	36	1
221	311	36	1
223	311	36	2
225	311	36	1
226	311	36	1
229	311	36	1
231	311	36	1
233	311	36	1
234	311	36	1
238	311	36	2
217	312	36	1
232	312	36	1
240	312	36	1
226	313	36	1
227	313	36	1
230	313	36	1
231	313	36	1
230	314	36	1
232	314	36	2
235	314	36	1
241	314	36	1
230	315	36	1
233	315	36	1
236	315	36	1
242	315	36	1
227	317	36	2
235	317	36	1
238	317	36	1
232	319	36	1
228	257	37	1
224	260	37	2
226	260	37	1
227	260	37	2
235	260	37	2
228	261	37	1
229	262	37	1
214	263	37	1
224	264	37	1
236	264	37	1
238	264	37	1
228	265	37	1
246	265	37	1
230	266	37	1
243	266	37	1
193	267	37	1
210	267	37	1
233	267	37	1
238	267	37	1
241	267	37	1
189	268	37	2
193	268	37	2
211	268	37	2
215	268	37	1
219	268	37	1
220	268	37	1
235	268	37	1
236	268	37	1
193	269	37	1
211	269	37	1
236	269	37	2
190	270	37	1
194	270	37	1
210	270	37	2
215	270	37	1
216	270	37	1
221	270	37	1
187	271	37	2
192	271	37	2
196	271	37	1
213	271	37	1
221	271	37	1
215	272	37	1
216	272	37	1
209	273	37	1
210	273	37	1
212	273	37	1
213	273	37	1
214	273	37	2
211	274	37	2
212	274	37	1
216	274	37	1
206	275	37	1
219	275	37	1
208	276	37	1
217	276	37	1
218	277	37	1
206	278	37	1
212	278	37	1
175	279	37	1
231	279	37	1
192	280	37	1
210	280	37	1
191	281	37	1
192	282	37	2
212	282	37	1
219	282	37	1
223	282	37	2
193	283	37	1
201	283	37	2
204	283	37	1
207	283	37	2
230	283	37	1
186	284	37	1
195	284	37	1
202	284	37	1
206	284	37	1
212	284	37	1
198	285	37	1
204	285	37	1
226	285	37	1
233	285	37	1
237	285	37	3
239	285	37	1
187	286	37	1
206	286	37	2
207	286	37	1
215	286	37	1
216	286	37	1
230	286	37	1
232	286	37	1
241	286	37	1
187	287	37	1
194	287	37	1
202	287	37	1
222	287	37	1
234	287	37	1
239	287	37	1
240	287	37	1
190	288	37	1
196	288	37	2
202	288	37	1
203	288	37	2
204	288	37	1
210	288	37	1
236	288	37	1
191	289	37	1
200	289	37	2
201	289	37	1
230	289	37	1
232	289	37	1
234	289	37	1
235	289	37	1
202	290	37	1
222	290	37	1
231	290	37	2
232	290	37	1
188	291	37	1
224	291	37	1
235	291	37	2
200	292	37	1
208	292	37	1
240	292	37	1
243	292	37	1
193	293	37	1
240	293	37	1
202	294	37	1
225	294	37	1
230	294	37	1
234	294	37	1
235	294	37	1
225	295	37	1
232	295	37	1
234	295	37	1
236	295	37	1
240	295	37	1
243	295	37	1
245	295	37	1
201	296	37	2
202	296	37	2
217	296	37	2
228	296	37	1
234	296	37	1
235	296	37	1
239	296	37	1
243	296	37	1
244	296	37	1
196	297	37	1
202	298	37	2
240	299	37	1
229	300	37	1
227	301	37	1
230	301	37	2
244	301	37	2
232	303	37	3
235	303	37	1
228	304	37	1
228	305	37	1
234	305	37	1
240	306	37	1
225	307	37	1
226	307	37	1
239	307	37	1
224	308	37	1
225	308	37	1
220	309	37	1
221	309	37	2
224	309	37	1
239	309	37	1
229	310	37	1
219	311	37	1
221	311	37	1
222	311	37	1
224	311	37	1
227	311	37	1
234	311	37	1
217	312	37	1
221	312	37	1
230	312	37	1
232	312	37	1
235	312	37	1
221	313	37	1
229	314	37	1
236	314	37	2
237	314	37	2
229	315	37	1
236	315	37	1
234	316	37	1
236	316	37	1
238	316	37	1
241	316	37	1
238	317	37	1
232	318	37	1
232	319	37	1
233	322	37	1
226	259	38	1
232	263	38	1
219	264	38	1
238	264	38	1
230	265	38	2
214	266	38	1
217	266	38	1
187	269	38	1
194	269	38	1
218	269	38	1
240	269	38	1
217	270	38	1
188	271	38	1
193	271	38	1
215	271	38	1
193	272	38	1
203	272	38	1
218	272	38	1
236	272	38	1
213	273	38	1
214	273	38	1
215	273	38	2
211	274	38	1
217	274	38	1
189	275	38	1
203	275	38	1
215	275	38	1
208	276	38	2
211	276	38	1
205	277	38	1
206	277	38	1
207	277	38	1
210	277	38	1
211	277	38	1
219	277	38	1
206	278	38	1
208	278	38	1
215	278	38	1
221	278	38	1
194	279	38	1
206	279	38	1
208	279	38	1
212	279	38	2
218	279	38	1
209	280	38	1
211	280	38	1
214	280	38	1
190	281	38	1
210	281	38	1
211	281	38	1
208	282	38	1
214	283	38	1
185	284	38	3
191	284	38	1
193	284	38	1
201	284	38	3
211	284	38	2
215	284	38	1
190	285	38	1
195	285	38	1
204	285	38	2
217	285	38	1
232	285	38	1
193	286	38	1
198	286	38	1
192	287	38	1
195	287	38	3
198	287	38	2
215	287	38	2
217	287	38	1
220	287	38	1
238	287	38	1
187	288	38	1
190	288	38	2
205	288	38	1
204	289	38	2
208	289	38	2
233	289	38	1
191	290	38	2
192	290	38	2
193	290	38	1
206	290	38	1
211	290	38	1
203	291	38	1
206	291	38	1
210	291	38	1
222	291	38	1
197	292	38	1
207	292	38	2
229	292	38	1
234	292	38	2
197	293	38	3
199	293	38	2
204	293	38	2
205	293	38	1
217	293	38	2
224	293	38	1
227	293	38	1
206	294	38	1
213	294	38	2
217	294	38	1
226	294	38	2
234	294	38	2
237	294	38	1
239	294	38	1
242	294	38	1
192	295	38	1
197	295	38	1
198	295	38	1
216	295	38	1
221	295	38	1
227	295	38	1
238	295	38	1
241	295	38	1
197	296	38	1
201	296	38	1
204	296	38	1
205	296	38	1
235	296	38	1
237	296	38	1
239	296	38	1
237	297	38	1
239	297	38	1
240	297	38	2
241	297	38	1
243	297	38	1
225	298	38	1
227	298	38	2
243	298	38	3
228	299	38	1
242	299	38	1
243	299	38	1
245	299	38	2
204	300	38	1
228	300	38	1
234	301	38	1
227	302	38	2
233	302	38	1
234	302	38	1
237	302	38	1
245	302	38	1
227	304	38	1
245	304	38	1
226	305	38	1
228	305	38	1
229	305	38	1
236	305	38	2
244	305	38	1
232	306	38	1
239	306	38	1
223	307	38	2
226	307	38	1
243	307	38	1
241	308	38	1
243	308	38	1
206	309	38	1
226	309	38	1
228	309	38	1
229	309	38	1
219	310	38	1
226	310	38	1
232	310	38	2
233	310	38	1
219	311	38	2
231	311	38	1
235	311	38	1
218	312	38	1
220	312	38	1
222	312	38	1
223	312	38	1
226	312	38	1
227	312	38	1
229	312	38	2
230	312	38	1
239	312	38	1
242	312	38	1
217	313	38	1
222	313	38	1
223	313	38	1
229	313	38	2
234	313	38	1
238	313	38	2
241	313	38	1
242	313	38	1
226	314	38	1
232	314	38	1
240	314	38	1
241	314	38	1
242	314	38	1
221	315	38	2
225	315	38	1
237	315	38	1
239	315	38	1
241	315	38	2
228	316	38	1
238	316	38	2
219	317	38	2
226	317	38	1
235	317	38	1
237	317	38	1
239	317	38	2
243	317	38	1
212	318	38	1
220	318	38	1
230	318	38	1
233	318	38	2
235	318	38	1
230	319	38	2
234	319	38	1
238	319	38	1
229	320	38	1
232	320	38	1
233	321	38	1
233	324	38	1
215	265	39	1
237	265	39	1
188	269	39	1
192	270	39	1
217	270	39	1
189	273	39	1
212	275	39	1
214	275	39	1
214	277	39	1
208	278	39	1
214	278	39	1
215	279	39	1
216	279	39	2
215	282	39	1
219	282	39	1
202	283	39	1
203	283	39	1
193	284	39	1
203	284	39	1
207	284	39	2
216	284	39	1
192	285	39	1
196	286	39	2
199	286	39	1
221	286	39	1
196	287	39	1
205	287	39	1
192	288	39	1
210	288	39	1
217	288	39	1
193	289	39	1
188	290	39	1
192	290	39	1
197	290	39	1
204	290	39	1
211	290	39	1
233	290	39	1
206	291	39	1
188	292	39	1
197	292	39	2
212	292	39	2
221	292	39	1
230	292	39	1
232	292	39	1
199	293	39	1
200	293	39	1
220	293	39	1
227	293	39	1
221	294	39	1
212	295	39	1
238	295	39	1
241	295	39	1
200	296	39	1
202	296	39	2
206	296	39	1
213	296	39	1
226	296	39	1
234	296	39	1
235	296	39	1
237	296	39	1
195	297	39	1
197	297	39	1
198	297	39	1
199	297	39	1
204	297	39	1
216	297	39	1
233	297	39	1
236	297	39	1
240	297	39	3
202	298	39	1
215	298	39	1
225	298	39	1
226	298	39	1
224	299	39	1
227	299	39	1
229	299	39	1
240	300	39	1
227	301	39	1
233	301	39	1
234	301	39	1
229	302	39	1
233	302	39	1
227	303	39	1
228	303	39	1
231	303	39	1
233	303	39	1
235	303	39	1
239	303	39	1
230	304	39	1
234	304	39	1
243	304	39	1
228	305	39	1
229	305	39	2
230	305	39	2
242	305	39	1
223	306	39	2
225	306	39	1
229	306	39	1
239	306	39	1
240	306	39	1
242	306	39	1
213	307	39	1
214	307	39	1
224	307	39	1
221	308	39	1
225	308	39	1
242	308	39	1
215	309	39	1
222	309	39	1
224	309	39	1
226	309	39	1
239	309	39	1
222	310	39	2
228	310	39	2
239	310	39	1
206	311	39	1
217	311	39	1
219	311	39	1
222	311	39	2
224	311	39	1
225	311	39	2
229	311	39	1
233	311	39	2
236	311	39	1
246	311	39	1
196	312	39	1
222	312	39	2
241	312	39	1
227	313	39	1
228	313	39	1
236	313	39	1
242	313	39	1
219	314	39	1
228	314	39	1
237	314	39	1
241	314	39	2
217	315	39	2
230	315	39	1
237	315	39	1
238	315	39	1
239	315	39	2
243	315	39	1
217	316	39	1
211	317	39	1
225	317	39	1
235	317	39	1
229	318	39	2
233	319	39	1
240	319	39	1
214	320	39	1
217	320	39	1
229	320	39	1
230	320	39	2
241	320	39	1
219	321	39	1
230	321	39	1
232	321	39	2
233	321	39	2
232	323	39	1
212	327	39	2
214	274	40	1
197	283	40	2
204	285	40	2
204	287	40	1
192	289	40	1
211	290	40	1
218	290	40	1
191	291	40	1
196	291	40	1
206	291	40	1
225	291	40	1
227	292	40	1
235	292	40	1
197	293	40	2
209	293	40	1
213	293	40	1
229	293	40	2
217	294	40	1
225	294	40	1
238	294	40	2
239	294	40	2
225	295	40	2
200	296	40	1
211	296	40	1
234	296	40	1
216	297	40	1
230	297	40	1
241	297	40	1
222	298	40	2
226	298	40	1
231	298	40	1
225	300	40	1
236	300	40	1
237	300	40	4
237	301	40	1
232	302	40	1
241	303	40	1
245	304	40	1
223	305	40	2
231	305	40	1
225	306	40	1
230	306	40	1
242	306	40	1
240	307	40	1
224	308	40	1
240	308	40	1
203	309	40	1
220	309	40	1
223	309	40	1
227	309	40	1
222	310	40	1
224	310	40	1
241	310	40	1
242	310	40	1
196	311	40	1
231	311	40	1
237	311	40	2
242	311	40	1
218	312	40	1
240	312	40	1
241	312	40	1
216	313	40	1
223	313	40	1
220	314	40	1
225	314	40	1
238	314	40	1
242	314	40	1
219	315	40	1
221	315	40	1
229	315	40	1
235	315	40	1
237	315	40	1
241	315	40	1
220	316	40	1
238	316	40	1
243	316	40	1
218	317	40	1
221	317	40	1
226	317	40	1
242	317	40	1
229	318	40	1
231	318	40	1
236	318	40	2
241	318	40	1
215	319	40	1
221	319	40	1
232	319	40	1
237	319	40	1
239	319	40	1
242	319	40	1
243	319	40	1
217	320	40	1
241	320	40	1
240	321	40	1
233	322	40	1
212	324	40	2
229	324	40	1
193	293	41	1
209	294	41	1
213	294	41	1
214	298	41	1
237	299	41	2
222	303	41	1
223	305	41	1
228	305	41	2
229	305	41	1
217	306	41	1
227	307	41	2
229	307	41	1
211	308	41	1
220	308	41	1
225	308	41	2
226	308	41	1
243	308	41	1
239	309	41	1
196	310	41	1
220	310	41	1
221	310	41	1
239	310	41	2
221	311	41	1
236	311	41	1
221	312	41	1
225	312	41	1
240	312	41	1
242	312	41	1
223	313	41	1
228	314	41	1
236	316	41	1
237	316	41	1
246	316	41	1
242	317	41	2
245	317	41	1
243	318	41	2
246	318	41	1
230	319	41	3
242	319	41	1
245	319	41	1
230	320	41	1
240	320	41	1
231	321	41	1
228	322	41	1
230	323	41	1
228	299	42	1
221	301	42	1
213	302	42	1
220	304	42	1
212	305	42	1
214	305	42	1
230	306	42	1
231	306	42	1
239	306	42	1
221	307	42	1
220	308	42	1
227	308	42	1
239	308	42	2
240	308	42	1
241	308	42	1
223	309	42	2
235	309	42	1
222	310	42	1
236	310	42	1
239	310	42	1
220	311	42	1
222	311	42	2
240	311	42	1
223	312	42	1
241	312	42	1
218	313	42	2
223	313	42	1
221	314	42	2
225	314	42	2
204	315	42	1
222	315	42	1
241	315	42	1
221	316	42	1
231	316	42	1
238	316	42	1
240	316	42	1
242	316	42	1
224	317	42	1
226	317	42	1
232	317	42	1
239	317	42	1
240	317	42	1
217	318	42	1
220	318	42	1
245	318	42	1
246	318	42	1
247	318	42	1
224	319	42	1
230	319	42	1
232	319	42	1
228	320	42	1
229	320	42	2
224	321	42	1
231	322	42	1
219	304	43	1
227	304	43	1
228	305	43	2
221	307	43	1
223	308	43	1
242	309	43	1
217	310	43	1
222	310	43	2
241	311	43	1
211	312	43	1
238	313	43	1
240	313	43	1
223	315	43	1
229	315	43	1
230	315	43	1
245	315	43	1
227	317	43	1
238	317	43	1
217	318	43	1
218	318	43	1
228	318	43	1
217	319	43	1
227	319	43	1
227	320	43	1
215	324	43	2
219	306	44	1
223	308	44	1
225	311	44	1
239	311	44	1
223	312	44	2
243	312	44	1
223	313	44	2
211	314	44	1
237	314	44	2
241	314	44	1
222	315	44	1
204	316	44	1
227	317	44	2
231	317	44	1
238	317	44	1
242	317	44	2
243	318	44	1
223	319	44	1
226	320	44	1
230	321	44	1
242	321	44	1
220	312	45	2
