x	y	z	CREB1 phosphorylation through the activation of Adenylate Cyclase
216.157603775171	275.673637444315	34.5586340221659	1
244	284	21	1
246	292	21	1
232	278	24	1
239	278	24	1
244	287	24	1
249	289	24	1
236	268	25	1
233	269	25	1
233	272	25	2
238	272	25	1
239	272	25	2
238	273	25	1
230	274	25	1
238	274	25	2
233	276	25	1
235	276	25	1
240	276	25	1
234	277	25	1
236	277	25	1
247	277	25	1
231	278	25	1
233	278	25	1
237	278	25	1
232	279	25	1
234	279	25	2
236	279	25	1
237	279	25	1
241	279	25	1
245	280	25	1
235	281	25	1
241	281	25	1
248	281	25	1
214	282	25	1
237	282	25	1
233	283	25	1
246	283	25	2
247	284	25	1
241	285	25	1
246	285	25	1
235	286	25	1
245	286	25	1
238	287	25	1
224	288	25	1
236	288	25	1
239	288	25	2
248.5	289.5	25.5	1
234	290	25	1
235	290	25	1
237	290	25	1
243	290	25	1
234	291	25	1
236	291	25	1
242	291	25	1
227	292	25	1
235	292	25	1
243	292	25	1
244	292	25	1
249	292	25	1
239	293	25	1
243	293	25	1
247	293	25	1
241	294	25	1
241	295	25	1
239	296	25	1
244	296	25	2
246	296	25	1
239	297	25	1
241	299	25	1
239	300	25	1
239	302	25	1
183	258	26	1
182	259	26	1
229	264	26	1
231	264	26	1
232	265	26	1
234	265	26	1
234	267	26	1
235	267	26	1
228	269	26	1
228	270	26	1
233	270	26	1
234	270	26	1
215	272	26	1
234	272	26	1
236	273	26	1
237	273	26	1
239	273	26	1
248	273	26	1
233	274	26	1
238	274	26	1
237	275	26	1
239	275	26	1
249	275	26	1
207	276	26	1
232	276	26	2
248	276	26	2
250	276	26	1
210	277	26	2
231	277	26	1
237	277	26	1
235	278	26	2
239	278	26	1
239	279	26	1
240	279	26	1
246	279	26	1
250	279	26	1
234	280	26	1
238	280	26	1
240	280	26	1
232	281	26	1
234	281	26	1
239	281	26	2
246	281	26	2
248	281	26	1
212	282	26	1
229	282	26	1
249	282	26	1
254	282	26	1
248	283	26	1
253	283	26	1
254	283	26	2
233	284	26	2
241	284	26	2
212	285	26	1
240	285	26	1
241	285	26	1
245	285	26	1
253	285	26	1
216	286	26	1
225	286	26	1
232	286	26	1
233	286	26	2
238	286	26	1
240	286	26	1
243	286	26	1
248	286	26	1
253	286	26	1
254	286	26	2
223	287	26	1
236	287	26	4
247	287	26	1
251	287	26	1
232	288	26	1
243	288	26	1
245	288	26	1
248	288	26	1
253	288	26	1
236	289	26	1
240	289	26	1
243	289	26	1
251	289	26	1
225	290	26	2
233	290	26	1
236	290	26	2
240	290	26	1
242	290	26	1
243	290	26	1
232	291	26	1
240	291	26	1
242	291	26	3
225	292	26	1
244	292	26	1
246	292	26	1
250	292	26	1
251	292	26	1
240	293	26	1
244	293	26	1
246	293	26	2
237	294	26	1
234	295	26	2
239	295	26	1
235	296	26	1
243	296	26	1
237	297	26	1
240	297	26	1
236	298	26	1
239	299	26	1
240	299	26	1
184	256	27	1
183	258	27	2
183	259	27	2
186	260	27	1
233	260	27	1
235	260	27	1
237	260	27	1
181	261	27	1
185	261	27	1
220	261	27	1
222	261	27	2
227	261	27	2
228	261	27	1
232	261	27	1
237	261	27	1
238	262	27	2
178	263	27	1
183	263	27	1
220	263	27	1
230	263	27	1
235	263	27	2
236	263	27	1
244	263	27	1
224	264	27	1
230	264	27	1
234	264	27	1
237	264	27	1
240	264	27	1
181	265	27	1
212	265	27	1
215	265	27	1
226	265	27	1
230	265	27	1
215	266	27	1
217	266	27	1
219	266	27	1
227	266	27	1
231	266	27	1
232	266	27	1
217	267	27	1
226	267	27	1
230	267	27	1
234	267	27	1
235	267	27	1
213	268	27	1
216	268	27	1
217	268	27	1
219	268	27	1
222	268	27	1
223	268	27	1
225	268	27	1
226	268	27	1
228	268	27	1
229	268	27	1
230	268	27	1
232	268	27	2
236	268	27	1
240	268	27	1
247	268	27	1
177	269	27	2
178	269	27	1
182	269	27	1
201	269	27	1
205	269	27	1
215	269	27	1
218	269	27	1
227	269	27	1
242	269	27	1
252	269	27	1
207	270	27	1
227	270	27	1
228	270	27	1
236	270	27	1
240	270	27	1
242	270	27	1
178	271	27	1
210	271	27	2
217	271	27	1
233	271	27	1
237	271	27	1
238	271	27	1
239	271	27	1
242	271	27	1
243	271	27	1
250	271	27	1
217	272	27	1
225	272	27	1
229	272	27	1
231	272	27	1
235	272	27	1
240	272	27	1
247	272	27	1
249	272	27	1
250	272	27	1
251	272	27	1
205	273	27	1
210	273	27	2
213	273	27	1
215	273	27	2
217	273	27	1
234	273	27	1
247	273	27	1
177	274	27	1
178	274	27	1
179	274	27	1
206	274	27	1
212	274	27	1
214	274	27	1
224	274	27	2
226	274	27	1
232	274	27	1
236	274	27	1
238	274	27	1
243	274	27	1
217	275	27	1
220	275	27	1
230	275	27	1
232	275	27	1
246	275	27	1
249	275	27	1
252	275	27	1
177	276	27	1
206	276	27	1
215	276	27	1
220	276	27	1
227	276	27	1
234	276	27	1
246	276	27	1
250	276	27	1
205	277	27	1
219	277	27	1
224	277	27	1
233	277	27	1
236	277	27	1
244	277	27	1
245	277	27	1
248	277	27	1
250	277	27	1
206	278	27	1
210	278	27	1
211	278	27	1
231	278	27	1
240	278	27	1
249	278	27	2
231	279	27	1
238	279	27	1
257	279	27	1
206	280	27	1
209	280	27	1
235	280	27	2
249	280	27	1
256	280	27	1
207	281	27	1
217	281	27	1
222	281	27	1
228	281	27	1
229	281	27	1
230	281	27	1
231	281	27	1
237	281	27	1
254	281	27	1
209	282	27	1
210	282	27	1
212	282	27	1
229	282	27	1
237	282	27	1
238	282	27	1
240	282	27	1
243	282	27	1
244	282	27	1
245	282	27	1
252	282	27	1
253	282	27	1
218	283	27	1
232	283	27	1
234	283	27	1
240	283	27	2
248	283	27	1
255	283	27	2
256	283	27	1
209	284	27	1
212	284	27	2
213	284	27	1
235	284	27	1
240	284	27	1
252	284	27	1
257	284	27	1
206	285	27	2
213	285	27	1
215	285	27	1
235	285	27	1
238	285	27	1
242	285	27	1
254	285	27	1
207	286	27	1
214	286	27	1
220	286	27	1
226	286	27	1
233	286	27	1
234	286	27	1
236	286	27	1
237	286	27	1
241	286	27	1
244	286	27	1
245	286	27	1
219	287	27	1
221	287	27	1
232	287	27	1
234	287	27	1
237	287	27	1
249	287	27	1
250	287	27	1
204	288	27	1
222	288	27	1
240	288	27	1
241	288	27	1
242	288	27	1
209	289	27	1
219	289	27	1
225	289	27	1
228	289	27	1
234	289	27	1
238	289	27	1
246	289	27	1
228	290	27	1
231	290	27	1
233	290	27	1
236	290	27	2
237	290	27	1
249	290	27	1
252	290	27	1
253	290	27	1
211	291	27	1
224	291	27	1
227	291	27	1
241	291	27	1
242	291	27	1
248	291	27	1
218	292	27	2
220	292	27	2
223	292	27	1
224	292	27	1
234	292	27	1
235	292	27	1
238	292	27	1
249	292	27	1
250	292	27	1
251	292	27	1
253	292	27	1
222	293	27	1
247	293	27	1
251	293	27	1
211	294	27	1
220	294	27	1
235	294	27	2
237	294	27	1
245	294	27	1
246	294	27	1
220	295	27	1
222	295	27	1
250	295	27	1
252	295	27	1
255	295	27	1
238	296	27	1
239	296	27	1
241	296	27	1
244	296	27	1
249	296	27	1
255	296	27	1
236	297	27	1
237	297	27	2
244	297	27	1
248	297	27	2
226	298	27	1
235	298	27	1
244	298	27	1
223	299	27	2
229	299	27	1
237	299	27	1
249	299	27	1
252	299	27	1
227	300	27	1
247	300	27	1
248	300	27	1
224	301	27	1
234	301	27	1
239	301	27	1
245	301	27	2
250	301	27	1
226	302	27	1
239	302	27	1
241	303	27	1
236	304	27	1
232	264	28	1
235	266	28	1
231	267	28	1
250	270	28	2
206	272	28	1
250	272	28	1
235	273	28	1
232	274	28	1
234	276	28	1
238	277	28	2
235	281	28	1
250	281	28	1
252	281	28	1
237	283	28	1
246	283	28	1
248	284	28	1
245	285	28	1
237	286	28	1
246	286	28	1
240	287	28	1
244	287	28	1
246	287	28	1
238	288	28	1
243	289	28	1
226	291	28	1
237	291	28	1
222	292	28	1
247	292	28	1
240	293	28	1
243	293	28	3
250	293	28	1
249	294	28	1
251	294	28	1
240	295	28	1
239	297	28	1
240	299	28	1
236	300	28	1
235	256	29	1
181	258	29	2
237	258	29	1
182	259	29	1
234	260	29	1
187	261	29	1
199	261	29	1
229	262	29	1
222	263	29	1
232	263	29	1
178	264	29	1
224	264	29	1
232	264	29	1
215	265	29	1
234	265	29	1
239	265	29	1
237	266	29	1
194	267	29	1
197	267	29	1
235	267	29	1
194	268	29	1
201	268	29	1
244	268	29	1
204	269	29	1
200	270	29	1
227	270	29	1
231	270	29	1
237	270	29	1
239	270	29	2
204	271	29	1
214	271	29	1
237	271	29	1
249	271	29	1
251	271	29	1
233	272	29	2
236	272	29	1
245	272	29	1
182	273	29	1
207	273	29	2
212	273	29	1
225	273	29	1
236	273	29	1
250	273	29	1
236	274	29	1
239	274	29	1
240	274	29	1
247	274	29	1
206	275	29	1
215	275	29	1
231	275	29	1
204	276	29	1
208	276	29	1
237	276	29	1
246	276	29	1
205	277	29	1
232	277	29	1
236	277	29	1
237	277	29	1
239	277	29	1
247	277	29	1
251	277	29	2
235	278	29	1
237	278	29	2
239	278	29	1
234	279	29	1
247	279	29	1
254	279	29	1
234	280	29	2
235	280	29	2
250	280	29	1
251	280	29	1
214	281	29	1
238	281	29	1
241	281	29	1
245	281	29	1
246	281	29	1
247	281	29	1
206	282	29	1
233	282	29	2
245	282	29	1
248	282	29	1
249	282	29	1
239	283	29	1
241	283	29	1
246	283	29	1
248	283	29	1
249	283	29	1
251	283	29	1
211	284	29	1
232	284	29	2
233	284	29	1
236	284	29	1
238	284	29	1
240	284	29	1
241	284	29	1
250	284	29	1
252	284	29	1
227	285	29	1
233	285	29	2
233	286	29	1
226	287	29	1
234	287	29	2
249	287	29	1
232	288	29	2
249	288	29	1
225	289	29	1
237	289	29	1
226	290	29	1
228	290	29	1
238	290	29	1
246	290	29	1
239	291	29	1
246	291	29	1
249	291	29	1
251	291	29	2
222	292	29	1
241	292	29	1
245	292	29	1
247	292	29	1
247	293	29	1
249	293	29	1
240	294	29	1
243	294	29	1
249	294	29	1
241	295	29	1
246	296	29	1
253	296	29	1
255	296	29	1
227	297	29	1
238	297	29	1
239	297	29	1
240	297	29	1
243	297	29	1
246	297	29	1
248	297	29	1
219	298	29	2
221	298	29	1
226	298	29	1
247	298	29	1
252	299	29	1
221	300	29	1
225	300	29	1
223	301	29	1
227	301	29	2
236	301	29	1
250	302	29	1
237	304	29	1
236	305	29	1
228	253	30	2
237	253	30	1
215	255	30	2
227	255	30	1
232	256	30	1
190	257	30	1
192	257	30	2
203	257	30	1
230	257	30	1
186	258	30	1
203	258	30	1
215	258	30	1
195	259	30	1
206	259	30	1
210	259	30	2
219	259	30	1
224	259	30	1
234	259	30	2
239	259	30	1
196	260	30	1
228	260	30	2
235	260	30	1
236	260	30	1
240	260	30	2
187	261	30	2
188	261	30	1
194	261	30	1
199	261	30	1
212	261	30	1
219	261	30	3
224	261	30	1
225	261	30	1
239	261	30	2
246	261	30	1
179	262	30	1
216	262	30	2
246	262	30	1
249	262	30	1
215	263	30	1
230	263	30	1
232	263	30	1
247	263	30	1
249	263	30	1
186	264	30	1
225	264	30	2
241	264	30	1
245	264	30	1
197	265	30	1
208	265	30	1
210	265	30	1
214	265	30	1
233	265	30	1
247	265	30	2
195	266	30	1
211	266	30	1
219	266	30	1
228	266	30	1
238	266	30	1
183	267	30	1
191	267	30	1
198	267	30	1
199	267	30	1
244	267	30	1
247	267	30	1
250	267	30	1
172	268	30	1
189	268	30	1
190	268	30	2
228	268	30	1
230	268	30	1
235	268	30	1
241	268	30	2
244	268	30	1
246	268	30	1
248	268	30	1
191	269	30	1
193	269	30	2
211	269	30	1
216	269	30	1
222	269	30	1
235	269	30	1
236	269	30	1
237	269	30	1
238	269	30	1
239	269	30	1
240	269	30	1
250	269	30	1
181	270	30	1
214	270	30	1
216	270	30	1
230	270	30	1
235	270	30	1
238	270	30	1
181	271	30	1
183	271	30	1
187	271	30	1
193	271	30	1
206	271	30	1
207	271	30	1
212	271	30	1
239	271	30	1
180	272	30	1
203	272	30	1
206	272	30	1
207	272	30	1
224	272	30	1
227	272	30	1
233	272	30	1
240	272	30	1
244	272	30	1
245	272	30	1
204	273	30	1
208	273	30	1
210	273	30	1
213	273	30	1
214	273	30	1
227	273	30	1
235	273	30	1
241	273	30	1
208	274	30	1
229	274	30	1
239	274	30	1
244	274	30	2
251	274	30	1
213	275	30	1
215	275	30	1
236	275	30	1
240	275	30	1
250	275	30	1
236	276	30	2
239	276	30	2
243	276	30	1
246	276	30	1
174	277	30	1
232	277	30	1
249	277	30	1
250	277	30	2
201	278	30	1
203	278	30	1
208	278	30	1
236	278	30	1
243	278	30	1
246	278	30	1
248	278	30	1
249	278	30	1
253	278	30	1
237	279	30	1
238	279	30	1
244	279	30	1
245	279	30	1
247	279	30	1
248	279	30	2
249	279	30	1
252	279	30	1
183	280	30	2
254	280	30	1
173	281	30	1
179	281	30	1
214	281	30	1
217	281	30	2
235	281	30	1
247	281	30	1
177	282	30	2
220	282	30	1
241	282	30	1
247	282	30	1
250	282	30	1
251	282	30	1
256	282	30	1
202	283	30	1
232	283	30	1
234	283	30	1
238	283	30	1
251	283	30	1
254	283	30	1
226	284	30	2
230	284	30	1
253	284	30	1
237	285	30	1
206	286	30	1
231	286	30	2
241	286	30	1
243	286	30	1
250	286	30	1
255	286	30	2
222	287	30	1
234	287	30	1
250	287	30	1
251	287	30	1
221	288	30	1
228	288	30	1
233	288	30	1
235	288	30	1
236	288	30	1
238	288	30	1
239	288	30	2
241	288	30	1
250	288	30	1
184	289	30	1
222	289	30	1
223	289	30	1
224	289	30	1
231	289	30	1
237	289	30	2
256	289	30	1
198	290	30	3
231	290	30	1
233	290	30	1
223	291	30	2
227	291	30	1
241	291	30	1
247	291	30	1
255	291	30	1
258	291	30	1
197	292	30	1
199	292	30	1
232	292	30	2
241	292	30	1
247	292	30	1
201	293	30	1
225	293	30	2
227	293	30	1
229	293	30	1
234	293	30	1
239	293	30	1
243	293	30	1
246	293	30	1
253	293	30	1
210	294	30	1
225	294	30	2
245	294	30	1
257	294	30	1
221	295	30	3
224	295	30	1
229	295	30	1
241	295	30	1
244	295	30	1
247	295	30	1
251	295	30	1
255	295	30	1
257	295	30	2
243	296	30	1
244	296	30	2
253	296	30	1
227	297	30	1
237	297	30	1
238	297	30	1
240	297	30	1
244	297	30	1
248	297	30	1
221	298	30	1
222	298	30	1
242	298	30	1
251	298	30	1
224	299	30	1
227	299	30	1
229	299	30	1
231	299	30	1
241	299	30	1
246	299	30	1
247	299	30	1
231	300	30	1
236	300	30	1
237	300	30	1
240	300	30	1
241	300	30	1
251	300	30	1
225	301	30	1
226	301	30	1
230	301	30	1
238	301	30	1
239	301	30	2
240	301	30	1
248	301	30	1
226	302	30	1
242	302	30	1
217	303	30	1
223	303	30	1
240	303	30	1
235	304	30	2
240	304	30	1
233	305	30	1
236	306	30	1
240	306	30	1
235	250	31	1
225	252	31	1
224	253	31	1
238	253	31	1
226	254	31	2
227	254	31	1
229	254	31	1
231	254	31	1
234	255	31	1
215	256	31	2
214	257	31	1
233	257	31	1
205	258	31	1
229	258	31	1
230	258	31	1
234	258	31	1
239	258	31	1
240	258	31	1
188	259	31	1
209	259	31	1
216	259	31	1
219	259	31	1
231	259	31	1
237	259	31	1
239	259	31	1
242	259	31	2
187	260	31	1
190	260	31	1
195	260	31	1
209	260	31	1
216	260	31	1
221	260	31	2
224	260	31	2
228	260	31	2
234	260	31	1
237	260	31	1
245	260	31	1
246	260	31	2
184	261	31	1
187	261	31	1
195	261	31	1
211	261	31	1
213	261	31	1
224	261	31	1
227	261	31	1
228	261	31	1
234	261	31	1
244	261	31	1
218	262	31	1
219	262	31	1
225	262	31	1
246	262	31	1
193	263	31	1
197	263	31	1
215	263	31	1
217	263	31	1
219	263	31	1
220	263	31	1
221	263	31	1
222	263	31	1
228	263	31	1
244	263	31	1
187	264	31	1
195	264	31	1
204	264	31	1
215	264	31	2
216	264	31	1
217	264	31	1
237	264	31	1
186	265	31	1
196	265	31	2
200	265	31	1
216	265	31	1
222	265	31	1
233	265	31	1
239	265	31	1
243	265	31	1
246	265	31	1
250	265	31	1
191	266	31	1
215	266	31	2
220	266	31	1
233	266	31	1
246	266	31	1
251	266	31	1
183	267	31	1
186	267	31	1
194	267	31	2
222	267	31	1
232	267	31	1
242	267	31	1
244	267	31	1
248	267	31	1
215	268	31	1
216	268	31	2
232	268	31	1
244	268	31	1
247	268	31	1
199	269	31	1
201	269	31	1
204	269	31	1
210	269	31	1
213	269	31	1
214	269	31	1
235	269	31	1
242	269	31	1
249	269	31	1
250	269	31	1
173	270	31	1
186	270	31	1
198	270	31	2
201	270	31	1
250	270	31	1
174	271	31	1
198	271	31	1
199	271	31	1
204	271	31	1
209	271	31	2
210	271	31	1
213	271	31	2
225	271	31	1
244	271	31	1
251	271	31	1
214	272	31	1
230	272	31	2
239	272	31	1
250	272	31	1
251	272	31	1
176	273	31	1
184	273	31	1
207	273	31	1
209	273	31	1
210	273	31	1
234	273	31	1
246	273	31	1
203	274	31	1
205	274	31	1
209	274	31	1
213	274	31	1
233	274	31	1
239	274	31	2
240	274	31	1
243	274	31	1
247	274	31	1
248	274	31	1
250	274	31	1
205	275	31	1
235	275	31	1
236	275	31	1
238	275	31	1
239	275	31	1
243	275	31	1
250	275	31	1
181	276	31	1
226	276	31	1
233	276	31	1
237	276	31	1
238	276	31	1
239	276	31	1
244	276	31	1
204	277	31	1
205	277	31	1
234	277	31	1
238	277	31	1
240	277	31	2
177	278	31	1
180	278	31	1
204	278	31	1
238	278	31	1
243	278	31	1
249	278	31	1
175	279	31	1
216	279	31	1
238	279	31	1
249	279	31	1
253	279	31	1
175	280	31	1
221	280	31	1
248	280	31	1
179	281	31	1
204	281	31	1
219	281	31	1
228	281	31	2
234	281	31	1
235	281	31	1
237	281	31	1
241	281	31	1
254	281	31	1
178	282	31	2
220	282	31	1
233	282	31	1
235	282	31	1
244	282	31	1
254	282	31	1
256	282	31	1
209	283	31	1
223	283	31	1
228	283	31	1
233	283	31	1
236	283	31	1
240	283	31	2
251	283	31	1
253	283	31	1
179	284	31	1
182	284	31	1
223	284	31	1
231	284	31	1
243	284	31	1
173	285	31	1
222	285	31	1
223	285	31	1
229	285	31	1
233	285	31	1
234	285	31	1
243	285	31	1
244	285	31	1
245	285	31	1
251	285	31	2
253	285	31	1
255	285	31	1
256	285	31	1
204	286	31	1
229	286	31	1
237	286	31	1
187	287	31	1
219	287	31	1
220	287	31	1
222	287	31	1
226	287	31	1
227	287	31	1
229	287	31	1
230	287	31	2
237	287	31	1
244	287	31	2
186	288	31	1
221	288	31	1
223	288	31	1
225	288	31	1
231	288	31	1
233	288	31	1
234	288	31	1
245	288	31	2
227	289	31	1
232	289	31	1
238	289	31	2
241	289	31	1
243	289	31	1
244	289	31	1
246	289	31	1
252	289	31	1
222	290	31	1
240	290	31	1
247	290	31	3
250	290	31	2
198	291	31	1
242	291	31	1
255	291	31	1
227	292	31	1
236	292	31	1
243	292	31	1
247	292	31	2
222	293	31	1
235	293	31	1
236	293	31	1
253	293	31	1
220	294	31	2
222	294	31	1
226	294	31	1
228	294	31	1
232	294	31	2
233	294	31	1
235	294	31	2
245	294	31	2
220	295	31	1
223	295	31	1
226	295	31	1
232	295	31	1
234	295	31	1
235	295	31	1
241	295	31	2
252	295	31	1
255	295	31	2
197	296	31	1
200	296	31	1
222	296	31	1
223	296	31	2
234	296	31	1
236	296	31	1
240	296	31	1
248	296	31	1
252	296	31	1
253	296	31	1
223	297	31	2
224	298	31	1
232	298	31	1
237	298	31	1
238	298	31	1
242	298	31	2
247	298	31	1
252	298	31	1
232	299	31	1
227	300	31	1
230	300	31	1
244	300	31	1
232	301	31	1
237	301	31	1
223	302	31	1
229	302	31	1
235	302	31	1
236	302	31	1
245	302	31	1
237	303	31	1
245	303	31	1
240	305	31	1
236	306	31	1
224	307	31	1
223	308	31	1
193	253	32	2
217	253	32	1
224	253	32	1
227	253	32	1
237	253	32	1
223	254	32	1
218	255	32	1
230	255	32	1
234	255	32	1
236	255	32	2
238	255	32	1
240	255	32	1
216	256	32	1
227	256	32	2
229	256	32	1
242	256	32	1
218	257	32	1
219	257	32	1
229	257	32	2
214	258	32	1
216	258	32	1
230	258	32	1
237	258	32	1
239	258	32	1
191	259	32	1
201	259	32	1
211	259	32	1
216	259	32	1
219	259	32	1
234	259	32	1
244	259	32	1
247	259	32	2
182	260	32	1
221	260	32	1
228	260	32	1
230	260	32	1
234	260	32	1
235	260	32	1
238	260	32	1
243	260	32	1
186	261	32	1
195	261	32	1
216	261	32	1
229	261	32	2
230	261	32	1
231	261	32	2
239	261	32	1
242	261	32	1
196	262	32	1
197	262	32	1
209	262	32	1
210	262	32	1
216	262	32	1
218	262	32	1
219	262	32	1
224	262	32	1
225	262	32	1
228	262	32	1
235	262	32	1
238	262	32	1
243	262	32	1
248	262	32	1
250	262	32	1
193	263	32	1
194	263	32	1
200	263	32	1
208	263	32	1
215	263	32	1
230	263	32	1
237	263	32	1
189	264	32	1
216	264	32	1
230	264	32	1
247	264	32	1
176	265	32	1
186	265	32	2
187	265	32	1
211	265	32	1
212	265	32	2
217	265	32	1
218	265	32	1
222	265	32	1
224	265	32	2
226	265	32	1
233	265	32	1
234	265	32	1
248	265	32	1
188	266	32	1
194	266	32	1
196	266	32	1
214	266	32	1
229	266	32	1
236	266	32	1
241	266	32	2
252	266	32	1
186	267	32	1
196	267	32	1
197	267	32	1
216	267	32	1
230	267	32	1
240	267	32	1
245.5	267.5	32.5	2
183	268	32	1
212	268	32	1
213	268	32	1
216	268	32	1
219	268	32	1
231	268	32	1
243	268	32	2
245	268	32	2
248	268	32	1
175	269	32	1
177	269	32	1
184	269	32	1
187	269	32	2
238	269	32	1
248	269	32	1
249	269	32	1
172	270	32	1
184	270	32	1
185	270	32	1
201	270	32	1
206	270	32	1
214	270	32	1
216	270	32	1
227	270	32	1
232	270	32	1
249	270	32	1
182	271	32	1
184	271	32	1
209	271	32	2
216	271	32	1
228	271	32	1
231	271	32	1
240	271	32	1
241	271	32	1
249	271	32	2
250	271	32	1
183	272	32	1
185	272	32	1
186	272	32	1
201	272	32	1
213	272	32	1
235	272	32	1
243	272	32	1
252	272	32	1
182	273	32	1
183	273	32	1
185	273	32	1
204	273	32	1
206	273	32	1
207	273	32	1
213	273	32	1
214	273	32	1
215	273	32	2
229	273	32	1
234	273	32	1
236	273	32	2
240	273	32	1
249	273	32	2
250	273	32	2
173	274	32	1
174	274	32	1
202	274	32	1
203	274	32	1
205	274	32	1
206	274	32	1
208	274	32	2
214	274	32	1
215	274	32	1
243	274	32	1
181	275	32	1
184	275	32	1
210	275	32	1
236	275	32	1
240	275	32	1
174	276	32	2
206	276	32	2
210	276	32	1
235	276	32	1
238	276	32	1
241	276	32	2
176	277	32	1
204	277	32	1
236	277	32	1
204	278	32	1
244	278	32	1
255	278	32	1
178	279	32	2
241	279	32	1
242	279	32	1
255	279	32	1
174	280	32	1
178	280	32	1
180	280	32	1
189	280	32	1
222	280	32	1
232	280	32	1
242	280	32	1
248	280	32	1
182	281	32	1
186	281	32	1
221	281	32	1
237	281	32	1
187	282	32	1
188	282	32	1
220	282	32	1
229	282	32	1
231	282	32	1
232	282	32	1
233	282	32	1
242	282	32	1
246	282	32	2
248	282	32	2
250	282	32	1
254	282	32	1
211	283	32	1
222	283	32	1
230	283	32	2
241	283	32	1
245	283	32	1
248	283	32	1
178	284	32	1
186	284	32	1
206	284	32	2
209	284	32	1
226	284	32	1
232	284	32	1
242	284	32	1
244	284	32	1
251	284	32	1
252	284	32	2
254	284	32	1
257	284	32	1
176	285	32	1
205	285	32	1
206	285	32	1
219	285	32	1
220	285	32	1
222	285	32	1
230	285	32	1
233	285	32	1
238	285	32	1
240	285	32	1
241	285	32	2
174	286	32	1
183	286	32	1
218	286	32	2
221	286	32	1
231	286	32	1
219	287	32	1
220	287	32	1
226	287	32	1
233	287	32	1
234	287	32	1
238	287	32	1
245	287	32	2
246	287	32	1
248	287	32	1
203	288	32	1
229	288	32	1
231	288	32	2
235	288	32	1
237	288	32	1
242	288	32	1
201	289	32	1
222	289	32	2
226	289	32	1
233	289	32	1
235	289	32	1
237	289	32	1
238	289	32	1
239	289	32	1
243	289	32	1
244	289	32	1
185	290	32	1
220	290	32	1
226	290	32	1
232	290	32	1
234	290	32	1
235	290	32	2
237	290	32	1
245	290	32	1
224	291	32	3
233.333333333333	291.333333333333	33	1
236	291	32	1
244	291	32	1
245	291	32	1
188	292	32	1
197	292	32	1
227	292	32	1
228	292	32	1
229	292	32	1
248	292	32	1
179	293	32	1
199	293	32	1
223	293	32	1
234	293	32	1
241	293	32	1
250	293	32	1
253	293	32	1
198	294	32	1
199	294	32	1
224	294	32	1
225	294	32	1
227	294	32	1
230	294	32	1
233	294	32	1
247	294	32	1
252	294	32	1
256	294	32	2
181	295	32	1
192	295	32	1
195	295	32	1
218	295	32	1
229	295	32	2
239	295	32	1
241	295	32	1
253	295	32	1
202	296	32	2
218	296	32	1
232	296	32	1
234	296	32	1
242	296	32	1
244	296	32	1
247	296	32	1
252	296	32	1
183	297	32	1
198	297	32	1
221	297	32	2
233	297	32	1
234	297	32	1
236	297	32	2
237	297	32	1
246	297	32	2
197	298	32	1
227	298	32	1
236	298	32	2
237	298	32	1
238	298	32	1
239	298	32	1
247	298	32	1
253	298	32	1
196	299	32	1
227	299	32	1
228	299	32	1
235	299	32	1
237	299	32	2
196	300	32	1
225	300	32	1
228	300	32	1
247	300	32	1
210	301	32	1
223	301	32	1
229	301	32	1
236	301	32	1
243	301	32	1
229	302	32	2
230	302	32	1
234	302	32	1
238	302	32	1
241	302	32	1
243	302	32	2
207	303	32	2
226	303	32	1
234	303	32	1
242	303	32	1
225	304	32	1
233	304	32	1
234	304	32	1
222	305	32	1
234	306	32	1
236	307	32	1
225	309	32	2
227	310	32	1
230	310	32	1
231	310	32	1
225	311	32	1
234	311	32	1
229	312	32	1
235	313	32	1
229	252	33	1
231	252	33	1
216	253	33	1
225	253	33	3
231	253	33	1
232	253	33	1
217	254	33	1
231	254	33	1
236	254	33	1
239	254	33	1
241	254	33	1
217	255	33	1
224	255	33	1
235	255	33	1
237	255	33	1
216	256	33	1
221	256	33	1
225	256	33	1
232	256	33	1
241	256	33	1
222	257	33	1
224	257	33	1
235	257	33	1
216	258	33	1
217	258	33	2
218	258	33	1
222	258	33	2
223	258	33	1
226	258	33	1
230	258	33	1
233	258	33	1
244	258	33	1
209	259	33	1
220	259	33	1
225	259	33	2
229	259	33	1
212	260	33	3
215	260	33	1
220	260	33	2
230	260	33	1
233	260	33	1
238	260	33	1
240	260	33	1
208	261	33	1
220	261	33	1
224	261	33	1
228	261	33	1
234	261	33	1
237	261	33	1
239	261	33	1
241	261	33	1
242	261	33	2
192	262	33	1
212	262	33	1
226	262	33	1
227	262	33	1
229	262	33	1
230	262	33	1
231	262	33	1
238	262	33	1
242	262	33	1
185	263	33	1
189	263	33	1
190	263	33	1
218	263	33	1
222	263	33	1
238	263	33	2
239	263	33	1
245	263	33	1
249	263	33	1
214	264	33	1
215	264	33	1
246	264	33	1
250	264	33	2
189	265	33	1
194	265	33	1
212	265	33	1
217	265	33	2
219	265	33	1
224	265	33	1
244	265	33	1
248	265	33	1
185	266	33	1
189	266	33	1
192	266	33	2
194	266	33	1
197	266	33	1
215	266	33	1
217	266	33	1
219	266	33	1
228	266	33	1
183	267	33	1
184	267	33	1
191	267	33	1
200	267	33	1
202	267	33	1
210	267	33	1
214	267	33	1
215	267	33	1
217	267	33	1
220	267	33	1
223	267	33	1
225	267	33	1
226	267	33	1
242	267	33	1
250	267	33	1
253	267	33	1
189	268	33	2
195	268	33	1
196	268	33	1
207	268	33	2
232	268	33	1
240	268	33	1
242	268	33	1
188	269	33	1
208	269	33	1
215	269	33	1
219	269	33	1
235	269	33	1
239	269	33	1
210	270	33	2
212	270	33	1
223	270	33	1
233	270	33	1
241	270	33	1
248	270	33	1
185	271	33	1
211	271	33	1
214	271	33	1
217	271	33	1
224	271	33	1
225	271	33	1
235	271	33	2
246	271	33	1
182	272	33	1
184	272	33	1
203	272	33	1
208	272	33	1
233	272	33	1
234	272	33	1
237	272	33	2
249	272	33	1
171	273	33	1
173	273	33	1
182	273	33	1
189	273	33	1
196	273	33	1
209	273	33	1
213	273	33	1
226	273	33	1
227	273	33	3
240	273	33	1
241	273	33	1
247	273	33	1
248	273	33	1
170	274	33	1
176	274	33	1
185	274	33	1
193	274	33	1
203	274	33	1
210	274	33	1
211	274	33	1
212	274	33	1
226	274	33	1
227	274	33	2
176	275	33	1
237	275	33	1
176	276	33	1
232	276	33	1
235	276	33	1
237	276	33	1
242	276	33	1
244	276	33	1
183	277	33	1
208	277	33	1
210	277	33	3
224	277	33	1
241	277	33	1
242	277	33	1
247	277	33	1
177	278	33	1
209	278	33	1
235	278	33	1
238	278	33	1
240	278	33	2
243	278	33	1
244	278	33	1
175	279	33	1
241	279	33	1
180	280	33	1
209	280	33	1
210	280	33	1
221	280	33	1
223	280	33	1
226	280	33	1
241	280	33	1
249	280	33	1
250	280	33	1
176	281	33	1
219	281	33	2
224	281	33	1
233	281	33	1
234	281	33	1
243	281	33	1
250	281	33	1
175	282	33	1
207	282	33	1
210	282	33	1
212	282	33	1
213	282	33	1
218	282	33	1
221	282	33	1
225	282	33	1
226	282	33	1
230	282	33	1
233	282	33	1
234	282	33	1
235	282	33	1
242	282	33	1
244	282	33	1
253	282	33	1
211	283	33	1
212	283	33	1
215	283	33	1
225	283	33	1
236	283	33	1
237	283	33	2
241	283	33	1
186	284	33	1
187	284	33	1
188	284	33	1
205	284	33	2
209	284	33	1
211	284	33	1
219	284	33	1
220	284	33	2
225	284	33	1
237	284	33	1
241	284	33	1
243	284	33	1
247	284	33	1
248	284	33	2
252	284	33	1
176	285	33	1
222	285	33	1
234	285	33	1
241	285	33	3
243	285	33	1
254	285	33	2
188	286	33	1
204	286	33	1
211	286	33	1
219	286	33	1
220	286	33	1
223	286	33	1
252	286	33	1
255	286	33	2
198	287	33	1
222	287	33	1
227	287	33	1
234	287	33	2
245	287	33	1
196	288	33	1
230	288	33	1
234	288	33	1
247	288	33	1
250	288	33	1
201	289	33	2
203	289	33	1
223	289	33	1
244	289	33	1
246	289	33	1
202	290	33	1
225	290	33	1
233	290	33	2
246	290	33	1
199	291	33	1
201	291	33	2
229	291	33	2
233	291	33	1
241	291	33	1
242	291	33	1
248	291	33	1
249	291	33	1
257	291	33	1
200	292	33	1
223	292	33	1
226	292	33	1
227	292	33	1
245	292	33	2
246	292	33	1
220	293	33	1
223	293	33	1
226	293	33	1
237	293	33	1
195	294	33	1
223	294	33	1
227	294	33	1
239	294	33	1
243	294	33	1
245	294	33	1
246	294	33	1
252	294	33	1
197	295	33	1
199	295	33	2
232	295	33	1
237	295	33	1
253	295	33	1
254	295	33	1
179	296	33	1
180	296	33	1
233	296	33	1
236	296	33	1
237	296	33	1
252	296	33	1
255	296	33	1
195	297	33	1
196	297	33	1
198	297	33	1
202	297	33	1
224	297	33	1
228	297	33	1
232	297	33	1
236	297	33	1
241	297	33	1
182	298	33	1
198	298	33	1
226	298	33	1
236	298	33	1
238	298	33	1
244	298	33	1
248	298	33	1
195	299	33	1
197	299	33	1
222	299	33	1
227	299	33	1
239	299	33	1
240	299	33	1
247	299	33	1
229	300	33	1
230	300	33	1
235	300	33	1
237	300	33	2
240	300	33	1
227	301	33	1
237	301	33	1
238	301	33	1
244	301	33	1
246	301	33	1
223	302	33	1
228	302	33	1
230	302	33	1
236	302	33	1
237	302	33	2
207	303	33	1
222	303	33	2
232	303	33	2
241	303	33	1
206	304	33	2
220	304	33	1
225	305	33	1
227	305	33	1
231	306	33	1
232	306	33	1
238	306	33	1
242	306	33	1
206	307	33	1
227	307	33	1
217	308	33	2
221	308	33	1
222	308	33	1
233	308	33	2
235	308	33	1
237	308	33	1
239	308	33	1
242	308	33	1
222	309	33	1
224	309	33	1
235	309	33	1
228	310	33	1
227	311	33	1
236	311	33	1
230	313	33	1
233	313	33	1
234	313	33	1
237	313	33	1
228	314	33	1
230	314	33	1
235	314	33	1
230	315	33	1
228	251	34	1
225	252	34	1
226	252	34	1
227	253	34	1
228	253	34	1
226	254	34	3
220	255	34	1
225	255	34	1
226	255	34	1
215	256	34	1
225	256	34	1
233	256	34	1
210	257	34	1
225	257	34	1
241	257	34	1
242	257	34	1
201	258	34	1
223	258	34	1
227	258	34	2
242	258	34	1
244	258	34	2
217	259	34	1
218	259	34	2
233	259	34	1
216	260	34	1
221	260	34	1
225	260	34	1
244	260	34	1
188	261	34	1
190	261	34	1
215	261	34	1
216	261	34	1
219	261	34	1
227	261	34	1
228	261	34	1
231	261	34	1
244	261	34	1
246	261	34	1
189	262	34	1
214	262	34	1
240	262	34	1
243	262	34	1
244	262	34	1
246	262	34	1
185	263	34	1
188	263	34	1
197	263	34	1
224	263	34	1
226	263	34	1
228	263	34	2
244	263	34	1
251	263	34	1
252	263	34	1
187	264	34	2
188	264	34	1
201	264	34	3
212	264	34	1
213	264	34	2
215	264	34	1
217	264	34	2
222	264	34	1
227	264	34	2
237	264	34	1
245	264	34	2
247	264	34	2
249	264	34	1
187	265	34	1
188	265	34	1
193	265	34	1
196	265	34	1
205	265	34	1
232	265	34	1
178	266	34	1
194	266	34	1
196	266	34	1
208	266	34	1
211	266	34	1
220	266	34	1
228	266	34	1
229	266	34	2
230	266	34	1
240	266	34	1
241	266	34	1
244	266	34	1
246	266	34	1
249	266	34	1
250	266	34	1
252	266	34	3
183	267	34	1
191	267	34	1
194	267	34	1
197	267	34	1
208	267	34	1
209	267	34	1
211	267	34	1
214	267	34	1
220	267	34	1
231	267	34	1
235	267	34	1
188	268	34	1
193	268	34	1
195	268	34	1
214	268	34	1
216	268	34	1
231	268	34	1
240	268	34	1
242	268	34	1
246	268	34	1
250	268	34	1
171	269	34	1
176	269	34	1
187	269	34	1
188	269	34	1
189	269	34	1
191	269	34	1
197	269	34	1
210	269	34	1
212	269	34	2
218	269	34	1
231	269	34	1
233	269	34	2
234	269	34	1
244	269	34	1
175	270	34	1
188	270	34	1
189	270	34	1
197	270	34	2
203	270	34	1
205	270	34	2
215	270	34	1
221	270	34	1
245	270	34	1
251	270	34	1
177	271	34	1
187	271	34	1
201	271	34	1
214	271	34	1
226	271	34	1
230	271	34	1
234	271	34	1
240	271	34	1
243	271	34	1
244	271	34	1
245	271	34	1
249	271	34	1
198	272	34	1
205	272	34	1
206	272	34	1
218	272	34	1
225	272	34	1
228	272	34	1
229	272	34	1
230	272	34	1
239	272	34	1
181	273	34	2
182	273	34	1
184	273	34	1
188	273	34	1
211	273	34	1
212	273	34	1
215	273	34	1
230	273	34	1
248	273	34	1
174	274	34	1
179	274	34	1
180	274	34	1
182	274	34	1
187	274	34	1
203	274	34	1
206	274	34	1
207	274	34	1
218	274	34	1
235	274	34	1
238	274	34	1
239	274	34	1
226	275	34	1
227	275	34	1
239	275	34	1
212	276	34	1
233	276	34	1
243	276	34	1
202	277	34	1
203	277	34	1
207	277	34	2
208	277	34	1
238	277	34	1
176	278	34	1
178	278	34	1
188	278	34	1
190	278	34	1
209	278	34	1
211	278	34	1
239	278	34	1
244	278	34	1
174	279	34	1
175	279	34	1
181	279	34	1
192	279	34	2
208	279	34	1
214	279	34	1
231	279	34	1
248	279	34	1
177	280	34	1
178	280	34	1
193	280	34	1
233	280	34	1
235	280	34	1
236	280	34	1
249	280	34	1
191	281	34	1
210	281	34	1
221	281	34	1
223	281	34	1
227	281	34	1
231	281	34	1
178	282	34	2
187	282	34	1
188	282	34	1
211	282	34	1
212	282	34	1
214	282	34	1
223	282	34	1
229	282	34	1
232	282	34	2
233	282	34	1
247	282	34	1
248	282	34	1
249	282	34	1
176	283	34	1
187	283	34	1
204	283	34	1
207	283	34	1
210	283	34	1
218	283	34	2
223	283	34	1
237	283	34	1
240	283	34	1
243	283	34	1
249	283	34	1
250	283	34	1
253	283	34	1
185	284	34	1
191	284	34	1
203	284	34	1
206	284	34	1
207	284	34	1
209	284	34	1
212	284	34	1
214	284	34	1
237	284	34	1
241	284	34	1
246	284	34	1
247	284	34	1
248	284	34	1
254	284	34	1
177	285	34	1
185	285	34	1
187	285	34	2
188	285	34	2
204	285	34	1
210	285	34	1
220	285	34	1
221	285	34	1
229	285	34	1
232	285	34	1
243	285	34	1
245	285	34	1
247	285	34	1
177	286	34	1
186	286	34	1
189	286	34	1
199	286	34	1
208	286	34	2
240	286	34	1
242	286	34	1
187	287	34	1
188	287	34	2
199	287	34	1
219	287	34	1
223	287	34	1
226	287	34	1
229	287	34	2
231	287	34	1
235	287	34	1
243	287	34	1
245	287	34	1
247	287	34	1
190	288	34	1
199	288	34	1
205	288	34	1
228	288	34	1
237	288	34	1
248	288	34	2
184	289	34	1
186	289	34	1
199	289	34	1
200	289	34	1
230	289	34	1
232	289	34	1
249	289	34	1
182	290	34	1
203	290	34	1
240	290	34	1
253	290	34	2
223	291	34	1
229	291	34	1
236	291	34	1
237	291	34	1
244	291	34	1
255	291	34	1
187	292	34	1
202	292	34	2
203	292	34	1
204	292	34	1
222	292	34	1
225	292	34	1
226	292	34	1
247	292	34	1
182	293	34	1
190	293	34	1
222	293	34	1
224	293	34	1
237	293	34	1
247	293	34	1
197	294	34	1
224	294	34	2
246	294	34	1
194	295	34	1
222	295	34	1
225	295	34	1
229	295	34	1
233	295	34	1
236	295	34	1
196	296	34	1
199	296	34	1
202	296	34	1
205	296	34	1
217	296	34	1
226	296	34	1
230	296	34	1
236	296	34	1
244	296	34	1
179	297	34	1
199	297	34	2
225	297	34	2
233	297	34	1
237	297	34	1
244	297	34	2
245	297	34	1
182	298	34	1
197	298	34	1
203	298	34	2
223	298	34	1
246	298	34	1
251	298	34	1
195	299	34	1
199	299	34	1
226	299	34	1
245	299	34	1
225	300	34	1
228	300	34	1
230	300	34	1
196	301	34	1
197	301	34	1
207	301	34	3
242	301	34	1
223	302	34	2
232	302	34	1
236	302	34	1
243	302	34	1
229	303	34	1
231	303	34	2
232	303	34	1
233	303	34	2
199	304	34	1
227	304	34	1
230	304	34	1
236	304	34	1
237	304	34	1
241	304	34	1
222	305	34	1
227	305	34	1
236	305	34	2
222	306	34	1
225	306	34	1
232	306	34	1
236	306	34	1
206	307	34	1
230	307	34	1
237	307	34	1
242	307	34	1
224	308	34	1
225	308	34	2
233	308	34	1
241	308	34	1
221	309	34	1
223	309	34	2
232	309	34	1
234	309	34	1
235	309	34	1
239	310	34	1
240	310	34	1
241	310	34	1
231	311	34	1
229	312	34	2
232	312	34	1
237	312	34	1
224	313	34	1
236	313	34	2
228	314	34	1
234	314	34	1
238	315	34	1
234	316	34	1
233	317	34	1
228	250	35	1
225	251	35	1
227	251	35	1
219	253	35	1
230	254	35	1
222	255	35	1
229	255	35	1
218	256	35	1
221	256	35	1
223	256	35	1
225	256	35	1
228	256	35	1
230	256	35	1
215	257	35	1
216	257	35	2
218	257	35	1
221	257	35	1
224	257	35	1
225	257	35	2
239	257	35	1
241	257	35	1
217	258	35	1
223	258	35	1
224	258	35	1
227	258	35	1
229	258	35	1
182	259	35	2
215	259	35	1
220	259	35	1
225	259	35	2
230	259	35	1
231	259	35	1
238	259	35	1
241	259	35	2
242	259	35	1
244	259	35	1
214	260	35	1
230	260	35	1
233	260	35	1
235	260	35	1
237	260	35	1
238	260	35	2
245	260	35	1
247	260	35	1
191	261	35	1
193	261	35	1
208	261	35	1
221	261	35	1
226	261	35	1
227	261	35	1
241	261	35	1
242	261	35	1
244	261	35	1
246	261	35	2
206	262	35	2
207	262	35	1
228	262	35	1
230	262	35	1
239	262	35	1
188	263	35	1
190	263	35	1
196	263	35	1
214	263	35	1
216	263	35	2
220	263	35	1
221	263	35	1
227	263	35	1
228	263	35	1
231	263	35	1
235	263	35	1
237	263	35	1
244	263	35	1
190	264	35	1
191	264	35	1
209	264	35	1
211	264	35	1
216	264	35	1
220	264	35	1
223	264	35	1
236	264	35	2
238	264	35	1
245	264	35	1
250	264	35	1
184	265	35	1
187	265	35	1
193	265	35	1
209	265	35	1
216	265	35	1
228	265	35	1
231	265	35	1
238	265	35	1
241	265	35	2
245	265	35	1
178	266	35	1
183	266	35	1
194	266	35	1
195	266	35	1
204	266	35	1
208	266	35	1
219	266	35	1
224	266	35	1
243	266	35	1
250	266	35	1
251	266	35	1
187	267	35	1
189	267	35	1
191	267	35	1
196	267	35	1
209	267	35	1
212	267	35	1
215	267	35	2
218	267	35	1
220	267	35	1
223	267	35	1
229	267	35	1
232	267	35	1
250	267	35	1
183	268	35	1
186	268	35	1
194	268	35	1
203	268	35	1
206	268	35	1
208	268	35	1
219	268	35	1
222	268	35	1
225	268	35	4
240	268	35	1
245	268	35	1
246	268	35	1
247	268	35	1
250	268	35	1
178	269	35	1
186	269	35	1
191	269	35	1
193	269	35	1
194	269	35	1
196	269	35	1
201	269	35	1
212	269	35	1
214	269	35	1
178	270	35	1
179	270	35	1
187	270	35	1
188	270	35	1
190	270	35	1
194	270	35	1
223	270	35	1
231	270	35	1
237	270	35	1
239	270	35	1
240	270	35	1
243	270	35	1
176	271	35	1
180	271	35	1
181	271	35	1
187	271	35	1
188	271	35	1
195	271	35	1
198	271	35	1
201	271	35	1
205	271	35	1
209	271	35	1
213	271	35	1
220	271	35	1
234	271	35	1
237	271	35	1
238	271	35	1
179	272	35	1
182	272	35	2
185	272	35	1
197	272	35	1
201	272	35	1
202	272	35	1
206	272	35	1
217	272	35	1
234	272	35	1
235	272	35	2
243	272	35	1
244	272	35	1
183	273	35	1
204	273	35	1
206	273	35	1
209	273	35	1
212	273	35	1
228	273	35	1
231	273	35	1
238	273	35	2
239	273	35	1
170	274	35	1
178	274	35	1
181	274	35	1
186	274	35	1
190	274	35	1
205	275	35	1
207	275	35	1
237	275	35	1
239	275	35	1
202	276	35	1
211	276	35	1
219	276	35	1
220	276	35	1
230	276	35	1
239	276	35	1
242	276	35	1
173	277	35	1
175	277	35	1
182	277	35	1
185	277	35	1
219	277	35	2
235	277	35	1
237	277	35	2
238	277	35	1
241	277	35	1
248	277	35	1
174	278	35	1
178	278	35	1
195	278	35	1
213	278	35	1
230	278	35	2
192	279	35	1
201	279	35	1
203	279	35	1
209	279	35	1
210	279	35	1
214	279	35	1
221	279	35	1
227	279	35	1
229	279	35	2
232	279	35	1
238	279	35	1
245	279	35	2
179	280	35	1
193	280	35	1
211	280	35	1
246	280	35	1
174	281	35	1
182	281	35	2
205	281	35	1
207	281	35	1
212	281	35	1
213	281	35	1
216	281	35	1
219	281	35	1
223	281	35	1
235	281	35	1
244	281	35	1
186	282	35	1
189	282	35	1
207	282	35	1
210	282	35	1
216	282	35	1
220	282	35	1
222	282	35	2
232	282	35	1
245	282	35	1
175	283	35	1
180	283	35	1
188	283	35	2
207	283	35	1
209	283	35	1
220	283	35	1
233	283	35	1
240	283	35	1
247	283	35	1
189	284	35	2
203	284	35	2
204	284	35	1
205	284	35	1
206	284	35	1
207	284	35	1
216	284	35	1
229	284	35	1
232	284	35	1
233	284	35	1
237	284	35	1
241	284	35	1
242	284	35	1
247	284	35	2
177	285	35	1
182	285	35	1
203	285	35	1
208	285	35	1
209	285	35	1
220	285	35	1
221	285	35	1
222	285	35	2
229	285	35	2
230	285	35	2
234	285	35	1
236	285	35	1
240	285	35	1
241	285	35	1
242	285	35	1
243	285	35	3
246	285	35	1
185	286	35	2
187	286	35	1
191	286	35	1
198	286	35	1
200	286	35	1
201	286	35	1
205	286	35	1
215	286	35	1
219	286	35	1
220	286	35	1
221	286	35	1
224	286	35	1
229	286	35	3
233	286	35	1
234	286	35	1
236	286	35	1
238	286	35	1
246	286	35	1
248	286	35	1
188	287	35	1
196	287	35	1
199	287	35	1
200	287	35	1
204	287	35	1
205	287	35	1
208	287	35	2
221	287	35	2
226	287	35	1
229	287	35	1
230	287	35	1
242	287	35	1
243	287	35	2
246	287	35	1
190	288	35	1
194	288	35	1
196	288	35	1
201	288	35	2
204	288	35	1
223	288	35	1
230	288	35	2
238	288	35	1
242	288	35	2
174	289	35	1
185	289	35	2
186	289	35	1
205	289	35	1
207	289	35	1
237	289	35	1
244	289	35	1
186	290	35	1
187	290	35	1
197	290	35	1
200	290	35	2
203	290	35	1
224	290	35	1
235	290	35	1
242	290	35	1
247	290	35	1
191	291	35	1
199	291	35	1
206	291	35	1
223	291	35	1
225	291	35	2
226	291	35	1
234	291	35	1
236	291	35	1
241	291	35	1
242	291	35	2
244	291	35	1
247	291	35	1
185	292	35	2
199	292	35	2
225	292	35	1
233	292	35	1
235	292	35	1
238	292	35	1
245	292	35	2
247	292	35	1
185	293	35	1
200	293	35	1
206	293	35	2
223	293	35	2
231	293	35	1
234	293	35	1
181	294	35	1
183	294	35	1
198	294	35	1
201	294	35	1
224	294	35	1
225	294	35	1
237	294	35	2
244	294	35	1
184	295	35	1
197	295	35	2
226	295	35	1
230	295	35	1
236	295	35	1
238	295	35	1
244	295	35	1
247	295	35	1
177	296	35	1
180	296	35	2
181	296	35	1
193	296	35	1
195	296	35	1
196	296	35	1
198	296	35	1
202	296	35	2
204	296	35	1
221	296	35	1
228	296	35	1
241	296	35	1
196	297	35	1
197	297	35	1
221	297	35	1
222	297	35	2
233	297	35	1
236	297	35	1
247	297	35	2
181	298	35	2
198	298	35	1
236	298	35	1
246	298	35	1
235	299	35	1
236	299	35	1
238	299	35	1
240	299	35	1
197	300	35	1
229	300	35	1
194	301	35	1
236	301	35	1
244	301	35	1
199	302	35	1
222	302	35	1
225	302	35	2
233	302	35	1
244	302	35	2
226	303	35	1
227	303	35	1
229	303	35	1
241	303	35	1
243	303	35	1
207	304	35	1
225	304	35	1
227	304	35	1
232	304	35	1
234	304	35	1
244	304	35	1
234	305	35	1
235	305	35	2
230	306	35	1
232	306	35	2
233	306	35	1
242	306	35	1
207	307	35	1
222	307	35	1
224	307	35	2
227	307	35	1
232	307	35	1
234	307	35	1
235	307	35	1
236	307	35	1
237	307	35	1
239	307	35	1
240	307	35	1
243	307	35	1
222	308	35	2
224	308	35	1
226	308	35	3
223	309	35	1
234	309	35	1
222	310	35	1
230	310	35	1
236	311	35	2
213	312	35	2
226	312	35	1
226	313	35	1
228	313	35	1
230	313	35	1
237	313	35	1
236	314	35	1
226	315	35	1
230	315	35	1
237	315	35	1
232	316	35	1
234	316	35	1
238	316	35	1
230	317	35	1
238	317	35	1
239	317	35	1
233	318	35	2
237	318	35	1
238	318	35	1
225	253	36	1
223	255	36	1
224	255	36	1
226	257	36	2
216	258	36	2
222	258	36	1
223	259	36	1
226	259	36	1
232	259	36	1
212	260	36	1
230	260	36	1
237	260	36	2
224	261	36	1
226	261	36	1
237	261	36	1
243	261	36	1
190	262	36	1
192	262	36	1
217	262	36	1
222	262	36	1
224	262	36	1
240	262	36	1
244	262	36	1
210	263	36	1
214	263	36	1
221	263	36	1
225	263	36	1
235	263	36	1
240	263	36	1
220	264	36	1
226	264	36	1
232	264	36	1
234	264	36	2
239	264	36	1
249	264	36	1
207	265	36	1
222	265	36	1
230	265	36	1
231	265	36	1
187	266	36	2
188	266	36	1
193	266	36	1
208	266	36	1
211	266	36	2
219	266	36	1
222	266	36	1
223	266	36	1
229	266	36	1
231	266	36	2
238	266	36	1
241	266	36	1
195	267	36	2
208	267	36	1
212	267	36	1
217	267	36	1
229	267	36	1
233	267	36	1
239	267	36	1
241	267	36	1
249	267	36	1
191	268	36	1
193	268	36	1
195	268	36	1
196	268	36	1
206	268	36	1
209	268	36	1
214	268	36	1
222	268	36	1
233	268	36	1
238	268	36	1
243	268	36	1
219	269	36	1
234	269	36	1
237	269	36	1
194	270	36	1
213	270	36	1
220	270	36	1
231	270	36	1
238	270	36	2
181	271	36	1
191	271	36	1
206	271	36	1
211	271	36	1
215	271	36	1
217	271	36	1
238	271	36	1
248	271	36	2
179	272	36	1
193	272	36	1
211	272	36	1
217	272	36	1
218	272	36	1
222	272	36	2
231	272	36	1
235	272	36	1
236	272	36	1
186	273	36	1
191	273	36	1
205	273	36	1
212	273	36	1
216	273	36	1
235	273	36	1
241	273	36	2
205	274	36	3
206	274	36	1
208	274	36	1
211	274	36	1
212	274	36	1
215	274	36	1
217	274	36	1
220	274	36	1
239	274	36	1
250	274	36	1
210	275	36	1
212	275	36	1
220	275	36	1
186	276	36	1
206	276	36	1
208	276	36	1
212	276	36	1
213	276	36	1
215	276	36	1
219	276	36	2
175	277	36	1
206	277	36	2
215	277	36	1
226	277	36	1
181	278	36	1
202	278	36	1
218	278	36	1
193	279	36	1
212	279	36	1
223	279	36	1
215	280	36	1
173	281	36	1
179	281	36	1
187	281	36	1
191	281	36	1
192	281	36	1
193	281	36	1
208	281	36	1
209	281	36	1
211	281	36	1
217	281	36	2
175	282	36	1
181	282	36	1
201	282	36	1
209	282	36	1
220	282	36	2
189	283	36	2
202	283	36	1
205	283	36	1
225	283	36	2
239	283	36	1
196	284	36	1
201	284	36	1
206	284	36	1
224	284	36	1
231	284	36	2
233	284	36	1
240	284	36	1
190	285	36	1
199	285	36	1
200	285	36	2
201	285	36	1
227	285	36	1
234	285	36	1
237	285	36	1
243	285	36	1
247	285	36	1
202	286	36	2
207	286	36	1
211	286	36	2
218	286	36	1
225	286	36	1
227	286	36	1
231	286	36	1
234	286	36	1
190	287	36	1
191	287	36	1
198	287	36	1
201	287	36	1
203	287	36	1
219	287	36	1
220	287	36	1
228	287	36	1
230	287	36	1
239	287	36	2
241	287	36	1
184	288	36	1
194	288	36	1
203	288	36	1
204	288	36	1
233	288	36	1
238	288	36	1
239	288	36	1
198	289	36	1
199	289	36	1
200	289	36	1
201	289	36	1
206	289	36	1
235	289	36	1
240	289	36	1
198	290	36	1
201	290	36	1
202	290	36	1
220	290	36	1
223	290	36	2
234	290	36	1
242	290	36	1
247	290	36	1
186	291	36	1
194	291	36	1
196	291	36	1
231	291	36	1
234	291	36	2
240	291	36	1
241	291	36	1
242	291	36	1
245	291	36	1
196	292	36	1
230	292	36	1
244	292	36	1
197	293	36	1
201	293	36	1
205	293	36	1
222	293	36	1
225	293	36	1
231	293	36	1
234	293	36	1
235	293	36	1
240	293	36	1
202	294	36	1
224	294	36	1
227	294	36	1
234	294	36	1
197	295	36	1
204	295	36	1
229	295	36	2
233	295	36	1
235	295	36	1
236	295	36	1
238	295	36	1
199	296	36	1
235	296	36	1
236	296	36	1
237	296	36	1
238	296	36	1
239	296	36	1
245	296	36	1
233	297	36	1
236	297	36	1
239	297	36	1
226	298	36	1
233	298	36	1
240	298	36	1
196	299	36	2
228	299	36	1
241	299	36	1
242	299	36	1
244	299	36	1
228	300	36	1
240	300	36	2
241	300	36	1
244	300	36	2
198	301	36	1
223	301	36	1
226	301	36	1
236	301	36	1
226	302	36	1
237	302	36	2
233	303	36	1
234	303	36	1
235	303	36	1
241	303	36	1
242	303	36	1
225	304	36	1
227	304	36	1
241	306	36	1
243	306	36	1
242	307	36	1
242	308	36	1
220	309	36	1
227	309	36	1
234	309	36	1
221	310	36	1
224	310	36	1
226	310	36	1
229	310	36	1
240	310	36	1
217	311	36	3
220	311	36	1
222	311	36	1
231	311	36	1
231	312	36	1
232	312	36	1
235	312	36	1
216	313	36	1
230	313	36	1
234	313	36	1
225	314	36	1
230	314	36	1
232	314	36	4
235	314	36	1
236	314	36	1
220	315	36	2
233	315	36	1
235	315	36	1
236	315	36	1
235	317	36	1
230	318	36	1
238	319	36	3
227	257	37	1
228	258	37	2
230	259	37	2
235	260	37	2
226	261	37	1
228	261	37	2
230	261	37	1
216	262	37	1
229	262	37	1
231	262	37	1
211	264	37	1
215	264	37	2
215	265	37	1
228	265	37	1
193	266	37	1
183	267	37	1
189	267	37	1
214	267	37	1
236	267	37	1
188	268	37	1
217	268	37	2
235	268	37	1
216	269	37	1
236	269	37	1
237	269	37	1
190	270	37	1
192	270	37	1
235	270	37	1
187	271	37	1
192	271	37	3
213	271	37	1
218	271	37	1
221	271	37	1
213	272	37	1
214	272	37	1
209	273	37	1
211	273	37	1
213	273	37	1
208	274	37	1
215	274	37	1
207	275	37	1
219	275	37	2
208	276	37	1
217	276	37	1
206	277	37	1
211	277	37	1
195	278	37	2
206	278	37	1
211	278	37	1
215	278	37	1
195	279	37	1
207	279	37	1
214	279	37	1
212	280	37	1
208	281	37	1
208	282	37	1
211	282	37	1
214	282	37	1
219	282	37	1
228	283	37	2
237	283	37	1
196	284	37	1
203	284	37	1
186	285	37	2
187	285	37	2
237	285	37	1
241	285	37	1
203	286	37	1
204	286	37	1
205	286	37	1
241	286	37	1
188	287	37	1
191	287	37	1
220	287	37	1
230	287	37	1
236	287	37	1
237	287	37	1
238	287	37	1
248	287	37	1
193	288	37	2
194	288	37	1
202	288	37	2
210	288	37	1
221	288	37	1
232	288	37	1
238	288	37	1
241	288	37	2
224	289	37	1
233	289	37	1
230	290	37	1
234	290	37	1
236	290	37	1
237	290	37	1
236	291	37	3
240	291	37	1
200	292	37	1
204	292	37	2
225	292	37	1
226	292	37	1
233	292	37	1
235	292	37	1
236	292	37	1
193	293	37	1
201	293	37	1
202	293	37	1
204	293	37	1
205	293	37	1
225	293	37	1
224	294	37	1
225	294	37	1
228	294	37	1
232	294	37	1
237	294	37	1
239	294	37	2
237	295	37	1
245	295	37	1
201	296	37	1
228	296	37	1
235	296	37	1
198	297	37	1
199	298	37	1
229	298	37	2
231	298	37	1
233	298	37	1
238	298	37	1
240	298	37	1
244	298	37	2
228	299	37	1
231	299	37	1
233	299	37	1
240	299	37	1
241	299	37	1
245	299	37	2
227	300	37	1
230	300	37	1
233	300	37	1
235	300	37	1
241	300	37	1
242	300	37	1
244	300	37	1
233	301	37	3
226	302	37	1
233	302	37	1
226	305	37	1
229	305	37	1
242	305	37	1
229	308	37	1
221	309	37	1
224	309	37	1
229	309	37	1
227	310	37	1
228	310	37	1
229	310	37	1
228	311	37	1
234	311	37	1
237	311	37	1
229	312	37	1
240	312	37	1
242	312	37	1
216	313	37	1
218	313	37	1
227	313	37	1
229	313	37	1
236	313	37	1
221	314	37	1
228	314	37	1
232	314	37	1
235	314	37	2
236	314	37	1
230	315	37	1
240	316	37	1
232	318	37	1
238	319	37	1
233	322	37	1
226	259	38	1
226	260	38	1
228	260	38	1
227	261	38	1
232	264	38	1
226	265	38	1
237	266	38	2
209	269	38	1
211	269	38	2
218	270	38	1
232	270	38	1
214	272	38	1
217	272	38	1
232	272	38	2
215	273	38	1
209	274	38	1
212	274	38	2
203	275	38	1
206	275	38	1
213	275	38	1
209	277	38	1
213	277	38	2
206	278	38	1
208	278	38	3
212	278	38	1
213	278	38	1
217	278	38	1
221	278	38	1
212	279	38	1
217	279	38	1
209	280	38	1
211	280	38	1
208	281	38	1
216	281	38	1
192	282	38	1
193	282	38	1
211	282	38	1
214	282	38	1
215	282	38	1
222	282	38	1
185	284	38	1
188	284	38	1
191	284	38	1
193	284	38	1
214	284	38	1
188	285	38	1
190	285	38	1
205	286	38	1
208	286	38	1
218	286	38	1
221	286	38	1
202	287	38	2
204	287	38	1
207	287	38	2
219	287	38	1
238	287	38	1
188	288	38	1
193	288	38	1
205	288	38	1
187	289	38	2
192	289	38	1
207	289	38	2
188	290	38	1
193	290	38	1
203	290	38	1
206	290	38	1
223	290	38	1
191	291	38	1
202	291	38	2
211	291	38	1
234	291	38	2
238	291	38	1
196	292	38	1
197	292	38	1
208	292	38	1
237	292	38	1
239	292	38	1
220	293	38	1
225	293	38	1
226	293	38	2
230	293	38	1
234	293	38	1
206	294	38	1
217	294	38	1
225	294	38	1
234	294	38	1
235	294	38	1
237	294	38	1
242	294	38	2
202	295	38	1
204	295	38	1
218	295	38	1
227	295	38	1
230	295	38	1
207	296	38	1
221	296	38	1
235	296	38	1
239	296	38	1
204	297	38	1
220	297	38	1
223	297	38	1
227	297	38	1
234	297	38	1
240	297	38	1
242	297	38	1
243	297	38	1
244	297	38	1
192	298	38	1
200	298	38	2
215	298	38	1
216	298	38	1
226	298	38	1
237	298	38	1
193	299	38	1
204	299	38	1
214	299	38	1
227	299	38	1
228	299	38	1
231	299	38	1
236	299	38	1
237	299	38	1
239	299	38	1
243	299	38	1
245	299	38	1
204	300	38	1
225	300	38	1
227	300	38	2
230	300	38	1
241	300	38	1
242	300	38	1
233	301	38	1
226	302	38	4
227	302	38	1
228	302	38	1
235	302	38	1
237	302	38	1
234	303	38	1
225	304	38	1
228	304	38	1
229	304	38	1
237	304	38	1
240	304	38	2
243	304	38	1
229	305	38	1
233	305	38	2
234	305	38	2
244	305	38	1
245	305	38	2
210	306	38	3
246	306	38	1
224	307	38	1
237	307	38	1
241	307	38	1
243	307	38	1
222	309	38	1
228	309	38	1
233	309	38	1
241	309	38	1
243	309	38	1
244	309	38	1
217	310	38	2
217	311	38	1
231	311	38	1
237	311	38	1
219	312	38	1
221	312	38	1
228	312	38	1
242	312	38	1
229	313	38	1
236	313	38	1
244	313	38	2
219	314	38	1
241	314	38	1
227	315	38	1
229	315	38	2
230	315	38	2
235	315	38	1
240	316	38	1
244	316	38	1
211	317	38	1
232	317	38	2
237	317	38	1
243	317	38	1
230	318	38	1
232	318	38	1
238	319	38	1
221	321	38	1
231	321	38	1
220	322	38	1
220	323	38	1
235	323	38	1
216	270	39	1
214	273	39	1
215	273	39	1
213	275	39	1
216	275	39	1
218	276	39	1
214	277	39	1
208	278	39	1
206	279	39	1
215	282	39	1
226	282	39	1
190	283	39	1
196	283	39	1
206	284	39	1
196	286	39	1
201	286	39	1
205	286	39	1
216	286	39	1
187	287	39	2
188	287	39	1
198	287	39	1
187	288	39	1
189	289	39	1
201	289	39	1
203	289	39	1
211	289	39	1
197	290	39	1
204	290	39	1
207	290	39	1
210	290	39	1
218	290	39	1
193	291	39	1
199	291	39	1
213	291	39	2
225	291	39	1
238	291	39	1
188	292	39	2
213	292	39	1
230	292	39	1
236	292	39	1
199	293	39	1
205	293	39	2
209	293	39	1
238	293	39	2
221	294	39	1
234	294	39	1
237	294	39	1
238	294	39	1
204	295	39	1
212	295	39	1
227	295	39	1
241	295	39	1
243	295	39	1
202	296	39	1
206	296	39	1
219	296	39	1
223	296	39	1
237	296	39	1
194	297	39	1
203	297	39	2
221	297	39	1
223	297	39	1
235	297	39	1
241	297	39	1
202	298	39	1
203	298	39	1
219	298	39	1
224	298	39	1
231	298	39	1
233	298	39	2
240	298	39	1
231	299	39	1
233	299	39	1
227	300	39	2
228	300	39	1
229	301	39	1
226	302	39	1
239	303	39	1
228	304	39	1
235	304	39	2
243	304	39	1
194	305	39	1
227	305	39	1
240	305	39	1
223	306	39	1
225	306	39	1
213	307	39	1
225	307	39	1
229	307	39	2
220	308	39	2
223	308	39	1
225	308	39	1
243	308	39	1
216	309	39	1
229	309	39	1
235	309	39	1
242	309	39	1
195	310	39	1
225	310	39	1
218	311	39	1
219	311	39	1
224	311	39	1
227	311	39	1
233	311	39	1
236	311	39	1
246	311	39	1
218	312	39	1
219	312	39	1
220	312	39	1
222	312	39	1
230	312	39	1
241	312	39	1
225	313	39	1
228	313	39	1
235	313	39	1
216	314	39	1
220	314	39	1
229	314	39	1
234	314	39	1
238	314	39	1
239	314	39	1
240	314	39	1
220	315	39	1
217	316	39	1
241	316	39	2
242	316	39	1
211	317	39	1
235	317	39	1
230	318	39	1
235	318	39	2
223	319	39	1
230	319	39	1
217	320	39	1
229	320	39	1
231	320	39	1
234	320	39	2
238	320	39	1
241	320	39	1
231	322	39	1
233	322	39	1
220	324	39	1
212	325	39	2
212	327	39	1
201	278	40	1
193	280	40	1
190	283	40	1
192	283	40	1
237	283	40	3
191	285	40	1
192	289	40	1
193	289	40	1
191	291	40	1
225	291	40	1
189	292	40	1
208	292	40	1
210	292	40	2
209	293	40	1
213	293	40	1
225	293	40	1
217	294	40	1
225	294	40	1
237	294	40	1
238	294	40	1
204	295	40	1
225	295	40	1
200	296	40	1
188	297	40	1
207	297	40	1
221	297	40	1
203	298	40	2
223	298	40	1
230	298	40	1
235	298	40	1
199	299	40	1
222	299	40	1
225	299	40	1
237	299	40	1
242	299	40	1
212	300	40	1
225	300	40	1
231	302	40	1
232	302	40	1
233	302	40	1
243	302	40	1
232	305	40	1
242	305	40	1
214	306	40	1
229	306	40	1
239	306	40	2
242	306	40	1
202	307	40	1
240	307	40	1
241	307	40	1
233	308	40	1
239	308	40	3
241	308	40	1
195	309	40	1
220	309	40	1
226	309	40	2
232	309	40	1
219	310	40	1
196	311	40	1
220	311	40	1
222	311	40	1
225	311	40	1
235	311	40	1
242	311	40	1
216	312	40	1
217	312	40	1
218	312	40	1
219	312	40	3
221	312	40	1
217	313	40	1
223	313	40	1
234	313	40	1
241	313	40	1
242	314	40	1
219	315	40	1
237	315	40	1
221	316	40	1
243	316	40	3
219	317	40	1
221	317	40	1
236	317	40	1
236	318	40	1
238	318	40	1
241	318	40	1
243	318	40	1
243	319	40	1
232	320	40	1
216	321	40	2
227	321	40	1
240	321	40	1
212	325	40	1
231	300	41	2
232	304	41	1
221	305	41	1
229	305	41	1
231	305	41	1
219	307	41	1
223	307	41	1
227	307	41	1
229	307	41	1
229	308	41	1
220	310	41	1
223	310	41	1
240	310	41	1
221	311	41	1
222	311	41	1
233	311	41	1
241	311	41	1
217	312	41	2
221	312	41	1
225	312	41	1
235	312	41	2
242	312	41	1
223	313	41	2
239	313	41	1
245	313	41	2
221	314	41	1
228	314	41	1
238	314	41	1
236	316	41	1
237	316	41	1
238	316	41	1
243	316	41	1
246	316	41	1
249	316	41	1
218	317	41	1
221	317	41	1
229	318	41	1
246	318	41	1
240	320	41	1
216	321	41	1
229	321	41	1
228	323	41	1
230	323	41	1
236	323	41	1
213	302	42	2
221	302	42	1
223	302	42	1
212	305	42	1
214	305	42	1
220	305	42	1
239	306	42	1
220	308	42	1
227	308	42	1
240	308	42	2
226	309	42	1
221	310	42	1
239	311	42	1
240	311	42	1
242	311	42	1
218	312	42	1
217	313	42	1
218	313	42	1
221	313	42	1
240	313	42	1
221	314	42	1
225	314	42	1
221	315	42	2
222	315	42	1
230	315	42	1
240	315	42	1
225	316	42	2
231	316	42	1
218	317	42	1
240	317	42	1
217	318	42	1
218	318	42	1
228	318	42	1
243	318	42	1
246	318	42	2
228	320	42	1
231	322	42	1
222	311	43	1
225	311	43	1
234	311	43	1
241	311	43	1
211	312	43	2
220	312	43	1
240	313	43	1
238	314	43	1
238	315	43	1
204	316	43	1
230	316	43	2
228	318	43	1
215	324	43	1
220	304	44	1
220	309	44	2
223	309	44	2
235	311	44	1
223	312	44	1
223	313	44	1
221	314	44	1
237	314	44	1
241	314	44	1
230	315	44	1
238	315	44	1
223	318	44	2
230	318	44	1
242	319	44	1
230	321	44	1
220	312	45	1
216	316	45	1
