x	y	z	Mitochondrial translation
183.039773122643	289.659001437601	35.0807824929564	1
132	221	20	1
123	222	20	1
134	222	20	2
142	222	20	1
176	222	20	1
178	222	20	1
115	224	20	1
144	224	20	2
156	224	20	1
172	224	20	2
176	224	20	2
135	225	20	2
153	225	20	3
159	225	20	1
162	225	20	1
176	225	20	1
119	226	20	2
126	226	20	1
158	226	20	3
155	227	20	1
160	227	20	1
128	228	20	1
155	228	20	1
157	228	20	1
196	228	20	1
197	228	20	1
112	229	20	1
158	229	20	1
127	230	20	1
157	230	20	2
173	230	20	1
186	230	20	1
190	230	20	2
204	230	20	1
113	231	20	2
116	231	20	2
149	231	20	1
154	231	20	5
170	231	20	2
137	232	20	1
146	232	20	1
152	233	20	1
165	233	20	4
206	233	20	1
215	233	20	1
114	234	20	1
135	234	20	2
138	234	20	2
154	234	20	2
213	234	20	1
215	234	20	1
129	235	20	1
137	235	20	1
143	235	20	1
151	235	20	1
158	235	20	1
216	235	20	2
139	236	20	1
141	236	20	1
146	236	20	1
163	236	20	1
215	236	20	1
133	237	20	1
135	237	20	1
146	237	20	1
151	237	20	1
154	237	20	1
165	237	20	3
168	237	20	1
173	237	20	2
202	237	20	1
204	237	20	2
220	237	20	1
222	237	20	1
232	237	20	1
248	237	20	1
117	238	20	1
126	238	20	1
139	238	20	3
140	238	20	2
141	238	20	1
158	238	20	1
139	239	20	2
144	239	20	1
151	239	20	1
160	239	20	1
215	239	20	3
230	239	20	1
102	240	20	3
126	240	20	1
132	240	20	3
146	240	20	2
147	240	20	1
149	240	20	1
152	240	20	1
191	240	20	2
214	240	20	1
216	240	20	2
231	240	20	1
239	240	20	1
108	241	20	2
111	241	20	1
122	241	20	1
127	241	20	1
135	241	20	1
138	241	20	2
141	241	20	1
146	241	20	1
237	241	20	1
120	242	20	1
123	242	20	1
128	242	20	1
130	242	20	1
132	242	20	2
137	242	20	2
141	242	20	2
148	242	20	1
163	242	20	1
183	242	20	1
185	242	20	1
207	242	20	3
124	243	20	2
140	243	20	3
173	243	20	1
118	244	20	1
126	244	20	1
145	244	20	2
154	244	20	2
155	244	20	1
162	244	20	2
183	244	20	1
188	244	20	1
207	244	20	2
210	244	20	2
220	244	20	1
242	244	20	1
108	245	20	2
111	245	20	1
160	245	20	2
169	245	20	1
176	245	20	1
241	245	20	1
117	246	20	1
130	246	20	1
149	246	20	1
215	246	20	1
221	246	20	1
240	246	20	2
246	246	20	1
133	247	20	1
140	247	20	3
163	247	20	2
218	247	20	1
109	248	20	5
141	248	20	1
158	248	20	2
166	248	20	1
175	248	20	2
190	248	20	3
215	248	20	1
230	248	20	2
102	249	20	2
138	249	20	3
145	249	20	1
151	249	20	2
167	249	20	1
169	249	20	1
191	249	20	1
215	249	20	1
218	249	20	4
101	250	20	2
113	250	20	1
119	250	20	1
121	250	20	2
131	250	20	1
155	250	20	1
157	250	20	3
172	250	20	3
175	250	20	1
225	250	20	2
227	250	20	1
175	251	20	2
216	251	20	1
218	251	20	1
161	252	20	1
175	252	20	1
207	252	20	2
212	252	20	1
218	252	20	1
226	252	20	1
122	253	20	1
140	253	20	1
222	253	20	1
231	253	20	1
252	253	20	1
124	254	20	2
127	254	20	2
148	254	20	1
180	254	20	3
183	254	20	3
217	254	20	1
223	254	20	1
226	254	20	1
243	254	20	1
244	254	20	1
121	255	20	1
143	255	20	1
149	255	20	1
197	255	20	1
246	255	20	1
251	255	20	3
110	256	20	2
128	256	20	2
157	256	20	2
161	256	20	2
166	256	20	3
198	256	20	2
227	256	20	2
234	256	20	1
241	256	20	2
124	257	20	3
134	257	20	1
146	257	20	1
171	257	20	1
175	257	20	1
177	257	20	1
198	257	20	1
162	258	20	1
232	258	20	1
233	258	20	3
107	259	20	1
136	259	20	3
144	259	20	1
145	259	20	1
166	259	20	1
193	259	20	1
201	259	20	3
229	259	20	1
231	259	20	2
232	259	20	2
265	259	20	1
127	260	20	2
147	260	20	2
157	260	20	2
184	260	20	1
245	260	20	1
112	261	20	2
130	261	20	2
147	261	20	1
165	261	20	2
191	261	20	2
215	261	20	1
226	261	20	2
231	261	20	2
118	262	20	2
124	262	20	1
223	262	20	3
225	262	20	3
230	262	20	2
254	262	20	2
166	263	20	2
229	263	20	2
259	263	20	1
265	263	20	1
105	264	20	3
126	264	20	2
163	264	20	1
168	264	20	1
187	264	20	2
220	264	20	1
249	264	20	1
250	264	20	1
124	265	20	1
162	265	20	3
163	265	20	3
176	265	20	2
179	265	20	1
218	265	20	2
232	265	20	2
236	265	20	1
113	266	20	1
120	266	20	1
126	266	20	1
129	266	20	2
132	266	20	1
136	266	20	2
158	266	20	3
160	266	20	1
172	266	20	1
197	266	20	1
225	266	20	1
116	267	20	1
168	267	20	1
239	267	20	2
109	268	20	1
113	268	20	1
121	268	20	2
141	268	20	3
145	268	20	1
146	268	20	3
151	268	20	2
156	268	20	1
157	268	20	3
162	268	20	1
212	268	20	1
213	268	20	1
216	268	20	1
107	269	20	2
112	269	20	1
118	269	20	1
119	269	20	1
140	269	20	1
147	269	20	2
151	269	20	1
165	269	20	1
167	269	20	2
173	269	20	1
212	269	20	1
246	269	20	3
257	269	20	4
100	270	20	1
125	270	20	1
147	270	20	1
156	270	20	2
162	270	20	3
165	270	20	1
166	270	20	1
210	270	20	2
217	270	20	1
227	270	20	1
118	271	20	2
119	271	20	2
128	271	20	1
152	271	20	2
159	271	20	2
164	271	20	1
165	271	20	2
167	271	20	2
171	271	20	1
173	271	20	2
225	271	20	1
266	271	20	1
268	271	20	1
107	272	20	1
115	272	20	2
116	272	20	3
119	272	20	2
120	272	20	3
121	272	20	2
144	272	20	1
154	272	20	1
156	272	20	2
158	272	20	2
162	272	20	1
168	272	20	1
226	272	20	1
260	272	20	2
264	272	20	2
117	273	20	1
123	273	20	3
149	273	20	1
152	273	20	1
165	273	20	1
170	273	20	2
176	273	20	1
201	273	20	1
206	273	20	1
207	273	20	1
211	273	20	1
217	273	20	1
223	273	20	1
122	274	20	2
159	274	20	1
167	274	20	1
174	274	20	2
185	274	20	1
214	274	20	1
226	274	20	2
227	274	20	1
131	275	20	1
134	275	20	2
169	275	20	1
172	275	20	1
176	275	20	1
200	275	20	1
204	275	20	2
205	275	20	1
221	275	20	1
236	275	20	1
110	276	20	2
122	276	20	1
126	276	20	2
142	276	20	1
155	276	20	2
163	276	20	2
170	276	20	2
174	276	20	1
182	276	20	2
231	276	20	2
266	276	20	2
140	277	20	2
154	277	20	1
211	277	20	1
217	277	20	1
220	277	20	1
226	277	20	2
227	277	20	1
249	277	20	2
137	278	20	2
152	278	20	2
168	278	20	5
180	278	20	1
183	278	20	1
208	278	20	1
227	278	20	1
269	278	20	1
270	278	20	1
163	279	20	1
171	279	20	2
177	279	20	1
186	279	20	2
204	279	20	1
218	279	20	2
224	279	20	2
225	279	20	1
232	279	20	2
234	279	20	1
269	279	20	2
125	280	20	1
132	280	20	1
166	280	20	1
172	280	20	1
174	280	20	1
175	280	20	1
197	280	20	1
224	280	20	1
256	280	20	3
134	281	20	2
142	281	20	2
147	281	20	1
166	281	20	1
172	281	20	1
216	281	20	1
218	281	20	3
226	281	20	1
227	281	20	1
261	281	20	1
106	282	20	2
149	282	20	1
152	282	20	1
158	282	20	3
172	282	20	2
181	282	20	2
219	282	20	2
269	282	20	4
276	282	20	1
130	283	20	2
161	283	20	2
165	283	20	1
171	283	20	1
176	283	20	1
179	283	20	1
189	283	20	1
190	283	20	1
203	283	20	1
271	283	20	3
272	283	20	1
153	284	20	3
186	284	20	1
213	284	20	1
214	284	20	4
224	284	20	1
265	284	20	2
267	284	20	1
119	285	20	1
139	285	20	3
141	285	20	1
171	285	20	1
223	285	20	1
231	285	20	2
250	285	20	3
272	285	20	1
129	286	20	1
133	286	20	1
151	286	20	1
218	286	20	1
225	286	20	2
236	286	20	1
271	286	20	1
112	287	20	2
129	287	20	2
146	287	20	1
198	287	20	3
220	287	20	2
221	287	20	1
224	287	20	1
268	287	20	3
113	288	20	2
126	288	20	1
136	288	20	2
162	288	20	1
167	288	20	2
170	288	20	1
196	288	20	1
218	288	20	1
223	288	20	1
224	288	20	1
225	288	20	1
230	288	20	1
238	288	20	1
124	289	20	1
143	289	20	3
149	289	20	2
152	289	20	2
179	289	20	1
224	289	20	1
252	289	20	1
271	289	20	1
161	290	20	1
173	290	20	3
189	290	20	3
195	290	20	1
224	290	20	1
226	290	20	1
271	290	20	1
106	291	20	1
117	291	20	1
149	291	20	1
163	291	20	1
192	291	20	1
262	291	20	1
104	292	20	1
140	292	20	1
157	292	20	1
173	292	20	1
189	292	20	1
192	292	20	2
205	292	20	1
213	292	20	2
217	292	20	3
219	292	20	1
237	292	20	1
244	292	20	2
249	292	20	2
265	292	20	1
106	293	20	1
117	293	20	2
133	293	20	1
134	293	20	1
161	293	20	1
165	293	20	1
204	293	20	2
219	293	20	1
225	293	20	1
226	293	20	2
258	293	20	2
118	294	20	2
126	294	20	1
174	294	20	1
177	294	20	2
180	294	20	2
194	294	20	1
199	294	20	1
216	294	20	1
219	294	20	1
220	294	20	2
264	294	20	2
269	294	20	2
151	295	20	1
173	295	20	1
189	295	20	1
196	295	20	2
218	295	20	2
266	295	20	1
116	296	20	2
131	296	20	1
143	296	20	1
157	296	20	2
162	296	20	1
178	296	20	2
187	296	20	1
193	296	20	1
194	296	20	1
212	296	20	3
217	296	20	3
228	296	20	1
137	297	20	2
172	297	20	1
238	297	20	2
249	297	20	1
256	297	20	2
257	297	20	1
268	297	20	1
153	298	20	1
189	298	20	1
192	298	20	1
203	298	20	1
237	298	20	1
129	299	20	2
156	299	20	1
194	299	20	1
219	299	20	1
243	299	20	3
257	299	20	1
264	299	20	1
270	299	20	1
139	300	20	1
174	300	20	1
191	300	20	1
232	300	20	1
266	300	20	1
114	301	20	3
149	301	20	2
155	301	20	1
159	301	20	2
166	301	20	1
186	301	20	1
216	301	20	1
233	301	20	1
268	301	20	2
114	302	20	2
134	302	20	1
187	302	20	1
219	302	20	1
223	302	20	1
257	302	20	2
261	302	20	3
264	302	20	2
101	303	20	2
127	303	20	1
141	303	20	1
150	303	20	1
222	303	20	1
234	303	20	1
266	303	20	1
149	304	20	1
157	304	20	1
158	304	20	3
174	304	20	3
185	304	20	2
193	304	20	1
203	304	20	2
210	304	20	1
237	304	20	1
238	304	20	2
243	304	20	1
256	304	20	1
130	305	20	1
177	305	20	1
208	305	20	1
223	305	20	1
236	305	20	1
237	305	20	2
252	305	20	1
258	305	20	1
127	306	20	1
132	306	20	2
146	306	20	1
177	306	20	1
209	306	20	1
236	306	20	1
240	306	20	3
246	306	20	2
249	306	20	3
258	306	20	2
124	307	20	1
142	307	20	3
158	307	20	1
177	307	20	2
182	307	20	1
211	307	20	1
213	307	20	1
227	307	20	1
234	307	20	2
239	307	20	2
103	308	20	2
184	308	20	3
200	308	20	1
205	308	20	1
208	308	20	1
227	308	20	1
229	308	20	1
233	308	20	1
249	308	20	2
175	309	20	1
203	309	20	1
224	309	20	1
239	309	20	1
260	309	20	1
262	309	20	1
269	309	20	3
118	310	20	1
144	310	20	1
182	310	20	1
185	310	20	1
241	310	20	2
143	311	20	1
201	311	20	3
93	312	20	4
100	312	20	1
115	312	20	1
148	312	20	1
168	312	20	2
173	312	20	1
202	312	20	1
209	312	20	1
247	312	20	2
258	312	20	1
260	312	20	1
94	313	20	1
107	313	20	2
115	313	20	1
158	313	20	1
164	313	20	1
174	313	20	1
181	313	20	1
212	313	20	2
217	313	20	1
241	313	20	1
250	313	20	2
262	313	20	1
100	314	20	1
142	314	20	1
152	314	20	1
180	314	20	1
210	314	20	1
259	314	20	1
268	314	20	1
159	315	20	3
194	315	20	2
198	315	20	2
240	315	20	1
250	315	20	2
256	315	20	1
260	315	20	2
262	315	20	2
265	315	20	1
266	315	20	1
98	316	20	2
126	316	20	2
131	316	20	2
146	316	20	3
178	316	20	3
179	316	20	2
182	316	20	1
185	316	20	2
202	316	20	1
203	316	20	2
204	316	20	2
232	316	20	2
235	316	20	3
244	316	20	2
256	316	20	1
95	317	20	3
110	317	20	2
113	317	20	1
115	317	20	2
129	317	20	1
145	317	20	3
152	317	20	1
162	317	20	1
163	317	20	2
172	317	20	2
177	317	20	1
202	317	20	2
232	317	20	1
113	318	20	1
117	318	20	2
129	318	20	3
172	318	20	2
187	318	20	1
237	318	20	2
247	318	20	2
257	318	20	3
258	318	20	1
263	318	20	5
98	319	20	3
140	319	20	3
153	319	20	1
168	319	20	2
190	319	20	3
193	319	20	1
237	319	20	2
242	319	20	1
258	319	20	1
120	320	20	2
141	320	20	1
168	320	20	3
180	320	20	1
187	320	20	2
195	320	20	2
201	320	20	1
241	320	20	2
244	320	20	1
140	321	20	1
195	321	20	2
196	321	20	3
210	321	20	2
213	321	20	1
231	321	20	3
157	322	20	1
183	322	20	1
185	322	20	1
187	322	20	1
190	322	20	1
193	322	20	2
198	322	20	1
200	322	20	1
258	322	20	1
99	323	20	2
106	323	20	2
108	323	20	1
153	323	20	1
164	323	20	2
177	323	20	1
178	323	20	2
180	323	20	1
193	323	20	1
233	323	20	1
234	323	20	1
236	323	20	2
237	323	20	3
264	323	20	1
149	324	20	1
169	324	20	1
173	324	20	1
185	324	20	1
188	324	20	2
196	324	20	1
198	324	20	1
224	324	20	1
126	325	20	1
181	325	20	2
188	325	20	1
189	325	20	1
196	325	20	1
205	325	20	1
228	325	20	1
259	325	20	3
128	326	20	2
130	326	20	3
177	326	20	1
191	326	20	1
194	326	20	1
199	326	20	1
201	326	20	3
203	326	20	5
211	326	20	1
212	326	20	1
219	326	20	1
240	326	20	2
261	326	20	1
102	327	20	1
106	327	20	1
145	327	20	2
179	327	20	2
188	327	20	2
190	327	20	2
212	327	20	1
228	327	20	2
233	327	20	2
244	327	20	1
256	327	20	1
261	327	20	1
144	328	20	1
156	328	20	3
173	328	20	1
179	328	20	1
181	328	20	1
183	328	20	2
212	328	20	1
214	328	20	1
221	328	20	1
260	328	20	3
261	328	20	1
106	329	20	1
117	329	20	1
120	329	20	1
147	329	20	2
169	329	20	1
187	329	20	2
199	329	20	1
221	329	20	1
253	329	20	1
124	330	20	1
129	330	20	1
131	330	20	2
179	330	20	2
195	330	20	1
260	330	20	2
262	330	20	2
100	331	20	2
136	331	20	1
145	331	20	1
180	331	20	1
200	331	20	2
205	331	20	1
249	331	20	1
104	332	20	1
106	332	20	3
113	332	20	1
114	332	20	2
140	332	20	1
172	332	20	1
176	332	20	1
180	332	20	2
191	332	20	2
192	332	20	1
198	332	20	2
199	332	20	2
209	332	20	1
216	332	20	1
226	332	20	2
232	332	20	1
260	332	20	1
117	333	20	2
132	333	20	1
157	333	20	1
174	333	20	1
179	333	20	1
204	333	20	1
210	333	20	1
227	333	20	2
235	333	20	2
244	333	20	1
250	333	20	1
131	334	20	2
151	334	20	1
153	334	20	2
158	334	20	2
160	334	20	2
177	334	20	2
183	334	20	1
186	334	20	3
210	334	20	2
224	334	20	2
258	334	20	2
179	335	20	1
182	335	20	1
237	335	20	5
239	335	20	1
246	335	20	1
134	336	20	1
163	336	20	1
188	336	20	1
205	336	20	1
207	336	20	2
222	336	20	1
260	336	20	3
144	337	20	2
194	337	20	1
217	337	20	1
220	337	20	1
236	337	20	1
246	337	20	2
173	338	20	2
183	338	20	3
190	338	20	1
173	339	20	1
186	339	20	1
246	339	20	1
249	339	20	2
201	340	20	1
248	340	20	4
157	341	20	2
167	341	20	1
230	341	20	1
242	341	20	1
246	341	20	2
217	342	20	2
227	342	20	1
231	342	20	1
194	343	20	3
219	343	20	2
223	343	20	1
229	343	20	1
240	343	20	1
245	343	20	2
161	344	20	1
216	344	20	1
242	344	20	1
244	344	20	1
183	345	20	1
223	345	20	3
240	345	20	2
241	345	20	1
243	345	20	2
162	346	20	1
187	346	20	1
213	346	20	2
190	347	20	2
202	347	20	1
192	348	20	1
232	348	20	2
236	348	20	1
178	349	20	1
186	349	20	2
190	349	20	2
192	349	20	3
195	349	20	2
212	349	20	1
229	349	20	2
165	350	20	1
169	350	20	1
207	350	20	1
221	350	20	3
237	350	20	2
206	351	20	1
178	352	20	2
186	352	20	1
216	352	20	1
173	353	20	1
178	353	20	2
184	353	20	1
212	353	20	2
224	353	20	1
170	354	20	2
178	354	20	1
230	354	20	3
200	355	20	1
218	355	20	1
229	356	20	1
180	357	20	1
182	357	20	1
198	357	20	1
199	357	20	1
207	357	20	1
220	357	20	1
169	358	20	2
178	358	20	4
220	358	20	1
171	359	20	1
173	359	20	3
173	360	20	3
176	360	20	1
180	360	20	1
186	360	20	2
206	360	20	1
219	360	20	2
176	361	20	1
203	361	20	3
205	361	20	1
182	362	20	2
192	362	20	1
204	363	20	3
193	364	20	1
129	222	21	1
142	224	21	2
172	224	21	2
159	225	21	1
175	225	21	2
180	225	21	1
147	228	21	1
182	228	21	1
154	230	21	2
188	230	21	1
110	231	21	2
162	232	21	1
136	233	21	2
140	235	21	1
141	235	21	2
214	236	21	1
132	237	21	2
137	237	21	2
138	237	21	1
146	237	21	1
154	237	21	2
164	237	21	3
128	238	21	1
132	238	21	2
148	238	21	2
149	238	21	2
151	238	21	1
129	239	21	1
195	239	21	2
126	240	21	2
127	240	21	1
128	240	21	5
146	240	21	2
171	240	21	2
190	240	21	1
212	240	21	1
214	240	21	2
130	241	21	1
133	241	21	1
135	241	21	3
147	241	21	1
174	241	21	1
126	242	21	1
128	242	21	3
136	242	21	2
143	242	21	2
109	243	21	1
116	243	21	1
129	243	21	1
138	243	21	3
141	243	21	4
142	243	21	2
143	243	21	1
152	243	21	1
213	243	21	2
135	244	21	2
102	245	21	1
116	245	21	2
139	245	21	3
194	245	21	2
214	245	21	1
215	245	21	1
245	245	21	1
135	246	21	1
137	246	21	2
149	247	21	1
201	247	21	2
232	247	21	1
212	248	21	1
134	249	21	2
216	249	21	4
126	250	21	1
131	250	21	1
217	250	21	1
217	251	21	1
220	251	21	1
201	252	21	1
223	254	21	3
225	254	21	2
228	254	21	1
169	255	21	1
230	255	21	1
122	256	21	1
227	256	21	1
231	256	21	2
161	257	21	1
200	257	21	1
124	258	21	1
140	258	21	3
252	258	21	2
160	259	21	2
163	259	21	2
160	260	21	1
181	260	21	1
130	261	21	1
137	262	21	2
163	262	21	2
189	262	21	1
219	263	21	1
162	264	21	1
163	264	21	1
181	264	21	2
135	265	21	1
158	265	21	2
161	265	21	1
162	265	21	2
215	265	21	1
222	265	21	1
161	266	21	1
221	266	21	1
155	268	21	1
183	268	21	1
114	269	21	2
117	269	21	1
124	269	21	1
160	269	21	1
177	269	21	1
208	269	21	1
117	270	21	1
120	270	21	2
126	270	21	1
164	270	21	1
235	270	21	1
159	271	21	1
174	271	21	1
176	271	21	1
124	272	21	2
129	272	21	2
158	272	21	1
159	272	21	2
163	272	21	1
164	272	21	2
166	272	21	2
173	272	21	1
175	272	21	1
157	273	21	2
166	273	21	3
178	273	21	1
225	273	21	1
149	274	21	2
154	274	21	1
167	274	21	1
176	274	21	2
224	274	21	1
236	274	21	4
265	274	21	1
165	275	21	1
177	275	21	1
219	275	21	1
117	276	21	1
136	276	21	1
169	276	21	1
173	276	21	4
219	276	21	1
221	276	21	3
267	276	21	3
119	277	21	2
169	277	21	2
172	277	21	1
218	277	21	1
171	278	21	2
169	279	21	1
170	279	21	1
176	279	21	1
186	279	21	2
216	279	21	1
220	279	21	1
266	279	21	2
125	280	21	1
147	280	21	2
167	280	21	2
174	280	21	2
177	280	21	1
205	280	21	2
218	280	21	1
219	280	21	2
227	280	21	1
169	281	21	1
175	281	21	1
219	281	21	2
225	281	21	1
140	282	21	2
170	282	21	1
173	282	21	1
224	282	21	1
270	282	21	1
271	282	21	1
150	283	21	1
173	283	21	1
216	283	21	1
206	284	21	1
215	284	21	2
222	284	21	3
224	284	21	1
230	284	21	2
123	285	21	1
180	285	21	2
237	285	21	1
220	286	21	1
223	286	21	1
219	287	21	2
220	287	21	1
221	287	21	1
251	287	21	2
186	288	21	1
217	288	21	1
224	288	21	2
271	288	21	1
223	289	21	2
225	289	21	3
219	290	21	1
106	291	21	2
218	291	21	1
244	292	21	1
268	292	21	2
271	292	21	3
196	293	21	1
217	293	21	1
218	294	21	2
269	294	21	1
140	295	21	1
215	295	21	3
217	295	21	3
218	295	21	2
245	295	21	2
271	295	21	1
126	296	21	4
218	296	21	2
150	297	21	2
154	297	21	2
214	297	21	1
217	297	21	1
250	297	21	1
177	298	21	1
131	300	21	2
153	300	21	1
214	300	21	1
239	300	21	3
267	300	21	2
210	301	21	1
252	301	21	1
269	301	21	2
270	301	21	1
236	302	21	1
264	302	21	1
146	303	21	4
186	303	21	1
239	303	21	1
190	304	21	1
208	304	21	2
240	304	21	3
210	305	21	1
208	306	21	1
209	306	21	1
231	306	21	2
235	306	21	1
238	306	21	2
203	307	21	2
210	307	21	1
243	307	21	3
260	307	21	3
201	308	21	1
205	308	21	1
240	308	21	2
256	308	21	1
259	308	21	1
261	308	21	1
170	309	21	2
209	309	21	1
242	309	21	2
265	309	21	1
112	310	21	3
114	310	21	3
132	310	21	1
149	310	21	1
180	310	21	2
186	310	21	2
230	310	21	1
231	310	21	2
93	311	21	1
177	311	21	4
199	311	21	1
204	311	21	2
212	311	21	1
260	311	21	1
148	312	21	1
199	312	21	1
201	312	21	2
203	312	21	1
227	312	21	3
257	312	21	2
116	313	21	1
238	313	21	1
172	314	21	1
175	314	21	2
182	314	21	2
203	314	21	2
237	314	21	1
256	314	21	1
115	315	21	1
163	315	21	1
179	315	21	1
214	315	21	2
256	315	21	1
257	315	21	2
265	315	21	2
181	316	21	1
203	316	21	1
208	316	21	3
237	316	21	1
254	316	21	1
260	316	21	1
166	317	21	1
180	317	21	1
232	317	21	1
257	317	21	1
146	318	21	1
170	318	21	1
182	318	21	1
233	318	21	1
264	318	21	2
266	318	21	2
152	319	21	1
166	319	21	1
241	319	21	1
247	319	21	1
258	319	21	1
261	319	21	1
257	320	21	2
118	321	21	1
183	321	21	1
185	321	21	3
187	321	21	1
249	321	21	1
256	321	21	1
260	321	21	1
264	321	21	2
178	322	21	1
187	322	21	1
259	322	21	1
126	323	21	2
179	323	21	1
185	323	21	1
200	323	21	1
201	323	21	1
227	323	21	1
261	323	21	1
141	324	21	1
149	324	21	1
180	324	21	1
184	324	21	3
186	324	21	2
187	324	21	1
188	324	21	4
195	324	21	2
196	324	21	1
177	325	21	1
187	325	21	1
195	325	21	2
199	325	21	2
202	325	21	2
96	326	21	2
189	326	21	4
94	327	21	2
180	327	21	1
188	327	21	2
147	328	21	2
202	328	21	2
260	328	21	2
99	329	21	1
100	329	21	1
157	329	21	1
141	331	21	2
153	331	21	1
183	331	21	2
260	332	21	1
261	332	21	1
181	333	21	2
259	333	21	3
121	334	21	1
223	334	21	1
255	334	21	2
259	334	21	2
260	334	21	1
134	335	21	2
181	335	21	3
237	335	21	3
142	336	21	1
173	336	21	1
178	336	21	2
211	336	21	2
259	336	21	1
175	337	21	1
177	337	21	3
145	338	21	1
176	338	21	1
180	338	21	1
240	338	21	1
173	339	21	1
175	339	21	1
189	339	21	1
160	340	21	2
175	340	21	1
231	340	21	2
244	341	21	1
169	342	21	2
231	342	21	1
239	342	21	2
240	344	21	1
241	344	21	1
244	344	21	1
241	345	21	1
180	346	21	3
198	349	21	1
212	349	21	1
221	354	21	1
179	355	21	1
169	356	21	1
175	356	21	3
168	359	21	5
179	360	21	5
195	361	21	3
181	362	21	1
154	229	22	2
154	230	22	1
131	234	22	1
139	234	22	1
140	234	22	1
132	235	22	2
136	235	22	3
148	235	22	1
132	236	22	2
133	236	22	1
136	236	22	2
140	236	22	1
129	237	22	1
133	237	22	1
135	237	22	1
129	238	22	3
139	238	22	2
141	238	22	1
146	238	22	1
132	239	22	2
213	239	22	1
216	239	22	1
141	240	22	1
152	240	22	1
154	240	22	1
132	241	22	1
133	241	22	1
139	241	22	1
140	241	22	2
150	241	22	1
214	241	22	3
215	241	22	1
117	242	22	2
131	242	22	1
134	242	22	2
144	242	22	1
215	242	22	1
136	243	22	1
139	243	22	1
149	243	22	1
136	244	22	1
145	244	22	1
132	246	22	1
135	247	22	2
216	251	22	1
219	251	22	2
218	252	22	1
223	252	22	1
221	254	22	1
226	254	22	1
161	255	22	6
229	255	22	1
150	256	22	1
163	256	22	3
196	256	22	1
228	256	22	1
161	257	22	2
163	257	22	2
199	257	22	1
237	257	22	2
160	258	22	2
163	258	22	1
232	259	22	1
161	260	22	1
162	260	22	2
163	261	22	1
161	263	22	1
160	264	22	1
163	264	22	1
120	267	22	1
121	267	22	1
132	267	22	1
160	267	22	2
121	268	22	2
122	268	22	1
157	268	22	1
158	268	22	1
165	268	22	1
195	268	22	1
158	270	22	3
165	270	22	2
119	271	22	2
156	271	22	2
165	271	22	1
181	271	22	3
120	272	22	1
155	272	22	1
168	272	22	1
118	273	22	2
170	273	22	1
179	273	22	2
154	274	22	1
156	274	22	1
169	274	22	2
174	274	22	1
177	274	22	1
165	275	22	1
178	275	22	2
177	276	22	1
170	277	22	3
170	278	22	1
176	278	22	1
190	278	22	2
227	278	22	2
169	279	22	1
171	279	22	2
217	279	22	1
226	279	22	1
230	279	22	2
167	280	22	1
170	280	22	1
174	280	22	2
178	280	22	2
224	280	22	4
227	280	22	1
175	282	22	1
226	282	22	1
224	285	22	2
226	285	22	1
219	288	22	3
224	288	22	1
271	289	22	1
217	290	22	1
219	292	22	2
241	293	22	3
266	294	22	1
269	296	22	1
217	297	22	1
219	297	22	1
220	297	22	2
216	299	22	1
214	300	22	2
189	301	22	2
210	301	22	1
211	301	22	1
264	302	22	2
268	303	22	2
186	304	22	1
236	305	22	1
232	306	22	3
264	306	22	1
182	307	22	1
204	307	22	1
205	307	22	1
207	307	22	2
238	307	22	1
262	307	22	2
203	308	22	3
207	308	22	1
238	308	22	1
201	309	22	1
231	309	22	1
207	310	22	3
250	310	22	3
259	310	22	1
260	310	22	2
206	311	22	1
176	312	22	1
260	313	22	2
261	313	22	2
200	314	22	2
236	314	22	1
261	314	22	1
226	315	22	1
257	315	22	1
261	315	22	2
263	315	22	1
262	316	22	1
236	317	22	1
256	317	22	2
258	317	22	1
240	318	22	1
260	318	22	2
262	318	22	1
180	319	22	1
261	320	22	1
182	321	22	2
191	321	22	2
256	321	22	2
181	322	22	1
259	322	22	1
185	323	22	2
187	323	22	3
191	323	22	1
194	323	22	1
258	323	22	1
261	323	22	1
179	324	22	1
180	324	22	1
181	324	22	2
194	324	22	1
146	325	22	2
182	325	22	1
199	325	22	1
215	325	22	1
202	326	22	2
259	326	22	1
260	326	22	2
202	327	22	1
98	328	22	1
200	328	22	2
201	329	22	1
184	330	22	2
100	332	22	1
180	334	22	2
259	334	22	1
177	338	22	3
179	339	22	1
235	340	22	1
242	343	22	2
243	343	22	2
245	343	22	1
244	344	22	1
156	225	23	1
157	225	23	2
175	225	23	1
180	225	23	1
154	228	23	2
157	229	23	1
157	231	23	1
158	231	23	1
144	233	23	3
138	234	23	2
140	234	23	1
146	234	23	1
145	235	23	1
144	236	23	2
150	236	23	2
133	237	23	2
214	237	23	1
133	238	23	2
138	238	23	1
140	238	23	2
145	238	23	1
150	238	23	2
217	238	23	1
131	239	23	1
138	239	23	1
148	239	23	1
130	240	23	1
142	240	23	1
135	241	23	1
138	241	23	2
140	241	23	1
141	241	23	1
142	241	23	3
143	241	23	2
145	241	23	1
132	242	23	1
138	242	23	1
149	242	23	3
213	242	23	1
130	243	23	2
132	243	23	3
134	243	23	1
140	243	23	2
214	243	23	1
134	244	23	1
142	244	23	3
145	244	23	1
134	246	23	1
215	246	23	1
192	253	23	1
222	253	23	2
223	253	23	1
224	253	23	1
223	254	23	2
162	255	23	2
197	255	23	1
226	255	23	1
231	255	23	1
193	257	23	1
224	257	23	2
228	257	23	3
178	258	23	3
197	259	23	1
220	262	23	1
119	264	23	2
119	267	23	1
124	267	23	1
162	267	23	1
127	268	23	2
163	268	23	1
117	269	23	2
240	269	23	1
120	270	23	2
156	270	23	2
165	270	23	1
183	270	23	3
166	271	23	2
168	271	23	1
154	272	23	1
167	272	23	1
164	273	23	2
165	273	23	1
166	273	23	1
168	273	23	1
177	273	23	2
169	274	23	3
179	274	23	1
167	275	23	2
173	275	23	1
140	276	23	1
172	276	23	1
166	277	23	1
174	277	23	2
168	278	23	2
169	278	23	1
177	278	23	1
178	278	23	2
179	279	23	2
170	281	23	1
173	282	23	1
206	282	23	2
172	284	23	2
173	284	23	2
176	284	23	1
271	285	23	2
271	286	23	1
203	287	23	2
222	291	23	1
269	291	23	1
268	292	23	1
271	292	23	3
220	293	23	2
217	294	23	2
219	294	23	1
266	294	23	4
266	295	23	2
269	297	23	3
266	298	23	1
267	298	23	4
268	298	23	3
269	298	23	1
215	299	23	2
267	299	23	2
207	301	23	1
235	301	23	2
268	301	23	1
236	302	23	1
239	302	23	2
264	303	23	3
212	304	23	1
237	304	23	1
208	305	23	2
264	305	23	1
265	305	23	1
206	306	23	1
241	306	23	1
185	307	23	2
205	307	23	1
235	307	23	3
236	307	23	1
241	307	23	1
262	307	23	1
261	308	23	1
266	308	23	1
181	309	23	1
182	309	23	1
257	309	23	3
257	310	23	3
260	310	23	1
234	311	23	2
257	311	23	1
260	311	23	1
175	312	23	2
176	312	23	1
260	312	23	1
203	313	23	1
239	313	23	1
262	313	23	4
176	314	23	1
232	314	23	1
257	314	23	1
263	314	23	1
179	315	23	1
203	315	23	2
245	315	23	2
258	315	23	1
259	315	23	1
265	315	23	1
264	316	23	2
181	317	23	1
256	317	23	1
258	317	23	1
184	318	23	2
254	318	23	1
257	318	23	1
258	318	23	1
261	318	23	1
166	319	23	2
182	319	23	1
241	319	23	1
256	319	23	2
258	319	23	2
261	319	23	1
262	319	23	1
183	321	23	1
256	321	23	2
187	322	23	1
236	322	23	2
182	323	23	1
185	323	23	1
183	326	23	1
259	326	23	1
99	327	23	1
184	327	23	2
259	327	23	1
94	328	23	1
97	328	23	2
199	328	23	2
96	329	23	3
259	329	23	2
184	330	23	1
102	331	23	1
260	331	23	1
182	333	23	2
192	334	23	1
175	336	23	1
260	336	23	3
235	340	23	2
244	344	23	2
240	345	23	1
242	345	23	4
176	358	23	2
182	221	24	1
179	222	24	1
178	223	24	2
160	225	24	1
156	226	24	2
157	226	24	2
157	227	24	1
160	227	24	1
157	228	24	1
156	229	24	3
157	229	24	1
151	231	24	2
149	232	24	1
153	232	24	3
138	234	24	1
141	234	24	2
143	234	24	1
135	235	24	1
136	235	24	2
151	235	24	1
136	236	24	2
139	236	24	3
146	236	24	1
151	236	24	1
137	237	24	1
138	237	24	1
150	237	24	1
132	238	24	1
137	238	24	3
143	238	24	3
148	238	24	1
149	238	24	3
151	238	24	1
132	239	24	3
133	239	24	1
132	240	24	1
137	240	24	2
142	240	24	2
145	240	24	1
146	240	24	2
132	241	24	2
140	241	24	4
142	241	24	4
144	241	24	1
140	242	24	2
226	242	24	2
132	243	24	1
139	243	24	2
149	243	24	2
141	244	24	1
147	244	24	1
135	245	24	2
137	245	24	1
141	246	24	2
227	246	24	1
139	247	24	2
228	247	24	1
230	249	24	1
222	251	24	1
225	252	24	2
141	253	24	1
220	253	24	1
222	253	24	2
140	254	24	1
140	255	24	1
143	255	24	2
142	256	24	1
163	256	24	1
194	257	24	1
197	257	24	1
199	258	24	1
118	260	24	1
120	261	24	2
199	261	24	1
117	262	24	1
118	262	24	1
119	262	24	2
219	262	24	3
222	262	24	1
115	263	24	1
120	263	24	1
121	263	24	3
217	263	24	3
221	263	24	1
117	264	24	1
119	264	24	1
122	264	24	1
163	264	24	2
118	265	24	2
119	265	24	2
124	265	24	1
127	265	24	1
117	266	24	1
126	266	24	2
166	268	24	1
210	268	24	4
130	269	24	2
162	269	24	1
165	269	24	1
127	270	24	2
163	270	24	1
184	270	24	1
181	271	24	1
165	273	24	1
167	273	24	1
177	273	24	1
182	273	24	1
166	274	24	1
166	275	24	1
178	275	24	2
181	276	24	2
168	277	24	1
169	277	24	1
170	277	24	1
180	277	24	1
168	278	24	1
171	278	24	1
175	278	24	1
178	278	24	2
180	278	24	1
168	279	24	2
171	279	24	1
173	279	24	1
179	279	24	1
180	279	24	2
168	280	24	2
169	280	24	1
170	280	24	2
172	280	24	1
174	280	24	1
174	281	24	1
179	281	24	1
204	283	24	1
206	284	24	2
204	285	24	1
275	288	24	1
277	288	24	1
276	289	24	1
225	290	24	1
270	290	24	1
275	290	24	2
197	291	24	1
198	291	24	1
275	291	24	2
269	292	24	2
271	293	24	1
237	294	24	1
271	295	24	2
236	297	24	3
269	297	24	2
268	298	24	1
213	299	24	1
236	299	24	1
237	299	24	2
264	299	24	1
235	300	24	2
235	301	24	2
267	301	24	2
242	302	24	2
263	302	24	3
266	302	24	1
207	303	24	1
234	303	24	1
237	303	24	2
186	304	24	3
188	304	24	1
236	304	24	1
238	304	24	1
241	304	24	2
259	305	24	1
262	305	24	1
206	306	24	2
238	306	24	1
239	306	24	2
241	306	24	1
262	306	24	2
263	306	24	1
259	307	24	2
260	307	24	2
265	307	24	2
206	308	24	1
209	308	24	1
235	308	24	1
264	308	24	1
232	309	24	1
257	309	24	1
259	309	24	1
260	309	24	2
202	310	24	1
204	310	24	2
260	310	24	1
206	311	24	1
260	311	24	1
239	312	24	1
257	312	24	1
263	312	24	1
209	313	24	1
264	313	24	1
175	314	24	1
203	314	24	1
211	314	24	2
234	314	24	1
237	314	24	1
257	314	24	2
259	314	24	1
260	314	24	1
263	314	24	2
173	315	24	3
175	315	24	1
177	315	24	3
211	315	24	2
260	315	24	2
172	316	24	1
213	316	24	2
258	316	24	1
167	317	24	1
169	317	24	1
185	317	24	1
258	318	24	2
261	319	24	1
262	319	24	1
263	319	24	2
166	320	24	3
182	320	24	1
185	320	24	1
239	320	24	2
164	321	24	1
165	321	24	2
181	321	24	1
260	321	24	1
241	322	24	1
242	322	24	1
187	323	24	1
161	324	24	2
186	324	24	1
185	325	24	1
258	326	24	3
261	326	24	1
157	327	24	1
183	327	24	1
184	327	24	1
201	327	24	1
154	329	24	1
157	329	24	1
183	329	24	1
185	329	24	2
261	329	24	1
96	330	24	1
97	330	24	1
105	330	24	1
104	331	24	3
180	331	24	1
97	332	24	1
102	332	24	1
258	333	24	3
259	333	24	3
178	334	24	1
259	334	24	1
181	335	24	1
259	335	24	1
259	337	24	3
186	360	24	2
179	222	25	1
179	223	25	1
179	224	25	2
155	228	25	1
158	228	25	3
161	228	25	1
155	229	25	3
152	230	25	1
155	231	25	1
158	231	25	1
163	233	25	2
137	234	25	1
134	235	25	2
135	235	25	4
143	235	25	1
135	236	25	1
133	237	25	1
141	237	25	2
247	237	25	1
249	237	25	1
140	238	25	1
133	239	25	1
135	239	25	1
136	239	25	1
228	240	25	2
136	241	25	2
134	242	25	1
135	242	25	2
135	244	25	1
139	246	25	1
144	246	25	1
139	248	25	2
230	248	25	1
229	249	25	1
230	251	25	1
136	253	25	2
225	253	25	2
121	258	25	1
121	259	25	1
118	261	25	2
121	261	25	3
122	261	25	1
199	261	25	1
123	262	25	4
119	263	25	2
219	263	25	1
120	264	25	2
215	264	25	1
126	265	25	1
123	266	25	3
128	266	25	1
181	271	25	2
175	276	25	1
177	276	25	1
178	276	25	2
177	278	25	1
178	278	25	1
165	279	25	1
177	279	25	1
273	279	25	3
274	280	25	1
177	281	25	1
169	282	25	1
172	282	25	1
275	285	25	1
277	287	25	1
277	288	25	2
199	289	25	1
277	290	25	1
271	291	25	1
266	292	25	1
268	292	25	1
270	293	25	1
269	294	25	2
266	296	25	1
269	296	25	1
238	297	25	1
266	297	25	2
268	297	25	2
268	298	25	1
238	299	25	2
268	299	25	1
240	301	25	1
264	301	25	1
265	301	25	1
237	302	25	3
238	302	25	1
234	305	25	1
236	305	25	1
233	306	25	1
236	307	25	1
243	308	25	2
230	309	25	1
208	310	25	1
260	310	25	2
206	311	25	3
208	311	25	1
230	311	25	3
233	311	25	1
258	311	25	1
260	311	25	1
230	312	25	1
259	312	25	2
260	312	25	2
263	312	25	3
232	314	25	2
256	314	25	2
258	314	25	1
262	314	25	1
176	315	25	2
256	316	25	2
257	317	25	1
260	317	25	1
259	318	25	3
261	318	25	2
256	319	25	1
258	319	25	1
240	320	25	3
241	320	25	2
257	320	25	2
238	321	25	1
241	321	25	1
258	321	25	2
237	324	25	1
259	324	25	1
258	325	25	3
258	327	25	4
183	329	25	5
180	221	26	2
180	222	26	2
182	222	26	2
180	223	26	1
181	223	26	2
178	225	26	2
174	226	26	2
178	226	26	1
157	229	26	1
157	230	26	1
160	230	26	2
168	230	26	3
159	231	26	1
144	234	26	1
152	234	26	1
136	235	26	2
145	235	26	1
246	235	26	1
249	235	26	1
145	236	26	1
250	236	26	1
134	237	26	1
140	237	26	1
143	237	26	1
246	237	26	2
248	237	26	3
249	237	26	2
136	238	26	1
137	238	26	1
143	238	26	2
144	238	26	2
246	238	26	1
248	238	26	1
240	239	26	1
242	239	26	1
135	240	26	1
136	240	26	1
226	241	26	5
132	242	26	1
132	243	26	1
226	243	26	1
235	243	26	3
136	244	26	1
134	245	26	1
226	246	26	1
228	247	26	2
223	248	26	2
226	248	26	1
230	248	26	2
224	249	26	1
227	250	26	1
125	251	26	3
229	251	26	1
124	252	26	2
123	253	26	1
124	255	26	2
122	257	26	1
121	258	26	1
123	259	26	2
123	267	26	3
125	267	26	1
126	268	26	1
127	268	26	2
121	269	26	1
123	269	26	3
126	269	26	2
122	270	26	1
127	270	26	2
124	271	26	1
171	276	26	1
178	277	26	1
169	278	26	1
175	278	26	2
177	278	26	3
163	279	26	1
171	279	26	1
173	280	26	1
274	280	26	2
169	281	26	1
273	281	26	1
177	282	26	4
175	283	26	2
176	283	26	1
274	283	26	1
268	293	26	1
272	293	26	2
271	294	26	1
268	295	26	2
266	297	26	4
267	298	26	2
237	306	26	1
231	307	26	1
237	307	26	2
229	308	26	2
231	309	26	2
259	311	26	2
260	311	26	3
262	311	26	1
209	312	26	1
208	313	26	1
209	313	26	2
259	313	26	1
260	314	26	2
262	314	26	1
211	315	26	2
261	315	26	1
210	316	26	1
257	316	26	1
258	316	26	2
263	316	26	1
256	317	26	1
262	317	26	1
241	320	26	1
242	322	26	1
238	323	26	1
259	331	26	1
186	359	26	3
186	360	26	1
183	222	27	1
160	229	27	1
155	231	27	1
161	231	27	2
162	231	27	3
162	232	27	1
163	232	27	2
164	232	27	1
166	232	27	1
155	233	27	3
164	233	27	1
146	234	27	1
152	234	27	1
154	234	27	3
145	235	27	1
146	235	27	1
136	236	27	1
137	236	27	1
245	236	27	2
249	236	27	1
135	237	27	1
243	237	27	1
138	238	27	2
139	238	27	1
146	238	27	1
132	239	27	1
182	239	27	1
234	239	27	1
243	239	27	1
139	240	27	1
135	241	27	4
226	244	27	1
250	245	27	1
228	246	27	1
194	247	27	1
193	251	27	3
227	251	27	2
125	255	27	2
120	256	27	1
122	256	27	1
121	257	27	1
122	257	27	1
125	257	27	1
124	258	27	2
125	267	27	1
259	267	27	1
121	268	27	1
124	268	27	1
122	270	27	1
123	270	27	2
126	270	27	2
127	270	27	2
128	270	27	2
127	271	27	2
173	277	27	2
175	278	27	1
167	279	27	2
175	279	27	1
176	279	27	1
274	280	27	1
170	281	27	1
173	281	27	2
177	281	27	2
275	281	27	1
173	282	27	1
175	282	27	1
178	283	27	2
272	283	27	1
173	284	27	1
273	285	27	1
178	286	27	1
270	290	27	2
271	291	27	1
177	294	27	1
195	294	27	1
270	294	27	1
199	299	27	1
232	302	27	1
266	303	27	2
237	304	27	2
240	308	27	1
201	309	27	4
203	309	27	2
261	309	27	1
230	310	27	1
202	311	27	1
209	311	27	2
259	312	27	1
206	313	27	1
213	313	27	1
259	313	27	2
208	314	27	1
209	315	27	3
210	315	27	1
258	316	27	1
259	316	27	1
261	317	27	1
259	319	27	1
240	320	27	1
238	322	27	1
261	324	27	2
233	326	27	2
260	328	27	2
183	361	27	1
160	231	28	1
162	231	28	1
163	231	28	1
165	231	28	2
166	231	28	2
167	231	28	1
162	232	28	1
164	232	28	2
165	232	28	3
152	233	28	1
156	233	28	1
166	234	28	3
146	235	28	3
153	235	28	2
243	235	28	2
244	235	28	3
250	235	28	2
138	236	28	2
249	236	28	2
138	237	28	1
242	237	28	1
243	237	28	2
247	237	28	1
139	238	28	1
141	238	28	2
147	238	28	2
185	238	28	1
244	238	28	1
137	239	28	1
144	239	28	2
232	239	28	3
134	240	28	1
139	240	28	1
184	240	28	2
179	241	28	1
186	241	28	2
227	243	28	1
233	243	28	1
235	243	28	1
230	245	28	1
231	245	28	1
194	247	28	2
226	250	28	1
235	250	28	2
125	251	28	2
193	251	28	1
123	252	28	1
124	252	28	1
127	252	28	1
124	254	28	1
126	254	28	2
124	255	28	1
125	255	28	1
124	256	28	2
127	256	28	1
128	256	28	1
121	264	28	1
259	266	28	1
124	267	28	1
127	267	28	1
262	268	28	1
121	270	28	2
126	270	28	1
121	271	28	3
123	271	28	2
127	271	28	3
167	272	28	2
129	275	28	3
134	276	28	1
171	277	28	1
175	277	28	1
128	278	28	2
176	279	28	1
172	280	28	1
174	280	28	1
177	280	28	1
276	280	28	1
172	281	28	1
174	281	28	1
274	281	28	1
165	282	28	3
176	282	28	2
275	282	28	1
165	283	28	1
170	283	28	1
171	283	28	1
174	283	28	2
275	283	28	1
175	284	28	3
176	284	28	1
274	284	28	2
164	285	28	2
167	285	28	1
169	285	28	1
170	285	28	1
178	285	28	1
179	285	28	3
275	285	28	3
166	287	28	3
271	289	28	2
192	292	28	1
193	294	28	1
232	304	28	1
236	305	28	1
230	306	28	1
232	306	28	2
227	307	28	2
228	307	28	1
234	307	28	1
207	308	28	1
225	308	28	2
208	310	28	3
222	310	28	2
230	310	28	1
211	311	28	3
247	311	28	2
257	312	28	2
261	313	28	2
260	314	28	2
209	315	28	1
211	315	28	2
210	316	28	2
259	316	28	2
240	317	28	1
259	317	28	1
262	318	28	1
239	321	28	1
240	321	28	1
242	322	28	2
232	325	28	1
96	327	28	1
133	328	28	2
185	357	28	1
218	360	28	1
112	226	29	1
112	228	29	1
171	231	29	1
162	232	29	2
160	233	29	2
164	233	29	1
191	236	29	1
250	236	29	1
142	237	29	1
250	237	29	1
140	238	29	1
250	238	29	1
179	240	29	2
182	240	29	1
190	240	29	1
180	241	29	1
185	241	29	2
134	242	29	2
235	242	29	2
237	242	29	1
188	243	29	1
190	243	29	1
234	243	29	1
186	244	29	1
189	244	29	1
192	244	29	1
235	244	29	1
190	245	29	3
191	245	29	1
236	246	29	1
189	249	29	1
226	250	29	1
127	253	29	2
128	254	29	3
132	254	29	2
134	255	29	1
125	257	29	1
131	257	29	1
133	257	29	3
132	259	29	1
134	259	29	4
135	263	29	1
259	266	29	2
125	268	29	1
123	270	29	1
168	270	29	1
124	271	29	1
129	271	29	1
167	271	29	1
121	272	29	1
124	272	29	1
135	272	29	1
136	272	29	2
137	272	29	1
137	273	29	2
166	273	29	1
167	273	29	2
168	273	29	1
170	273	29	1
128	274	29	1
168	274	29	1
137	275	29	1
168	275	29	1
170	275	29	2
171	275	29	2
174	277	29	1
167	278	29	1
168	278	29	1
169	278	29	1
174	278	29	2
170	279	29	1
175	279	29	1
164	280	29	1
172	280	29	1
175	280	29	3
175	281	29	2
162	282	29	3
167	282	29	1
174	282	29	1
274	282	29	1
165	283	29	2
166	283	29	1
276	283	29	1
161	284	29	1
274	284	29	1
276	284	29	1
277	284	29	1
176	285	29	1
177	285	29	1
275	285	29	3
276	285	29	1
168	286	29	1
169	287	29	1
176	295	29	1
181	299	29	1
183	300	29	1
204	307	29	2
236	307	29	2
199	308	29	1
204	308	29	1
206	308	29	2
211	308	29	3
225	308	29	3
204	309	29	1
227	309	29	2
229	309	29	1
111	310	29	1
202	311	29	1
209	311	29	1
211	311	29	2
204	312	29	1
212	312	29	1
209	313	29	1
221	313	29	2
258	313	29	1
207	314	29	2
211	314	29	1
212	315	29	1
245	315	29	1
262	317	29	1
241	318	29	1
239	320	29	3
126	325	29	1
121	326	29	1
94	327	29	2
125	327	29	2
95	328	29	1
96	328	29	1
98	329	29	1
134	329	29	1
95	331	29	1
97	331	29	2
94	332	29	1
95	332	29	1
143	332	29	1
95	333	29	1
185	360	29	1
187	360	29	1
187	361	29	1
192	234	30	1
197	235	30	3
176	237	30	2
175	238	30	1
179	238	30	2
181	238	30	1
117	239	30	1
172	239	30	1
184	239	30	1
178	241	30	1
183	241	30	5
172	242	30	1
181	242	30	2
182	242	30	1
182	243	30	1
183	243	30	1
184	244	30	2
193	244	30	1
250	255	30	2
126	256	30	1
129	256	30	1
132	256	30	2
123	257	30	3
125	257	30	3
126	258	30	2
250	258	30	2
129	259	30	1
133	259	30	1
257	261	30	2
136	263	30	2
259	266	30	1
262	267	30	3
260	268	30	3
126	269	30	1
123	270	30	1
125	270	30	1
126	270	30	1
134	270	30	1
137	270	30	1
165	270	30	1
127	271	30	1
139	271	30	3
165	271	30	1
123	272	30	2
125	272	30	1
129	272	30	1
165	272	30	1
123	273	30	1
124	273	30	1
138	273	30	1
140	273	30	1
168	273	30	2
142	274	30	1
167	274	30	1
170	274	30	1
139	275	30	3
163	279	30	1
276	280	30	3
276	281	30	2
175	282	30	1
275	282	30	1
163	283	30	1
276	283	30	1
163	284	30	2
274	284	30	1
275	284	30	1
276	284	30	1
165	285	30	1
275	285	30	3
276	285	30	2
170	287	30	1
162	288	30	2
177	296	30	1
180	299	30	1
194	305	30	2
194	306	30	1
198	307	30	2
189	308	30	1
210	309	30	1
211	311	30	3
207	312	30	2
206	313	30	1
210	316	30	1
246	316	30	3
246	317	30	1
242	318	30	1
213	322	30	1
124	323	30	1
128	324	30	1
99	329	30	2
98	330	30	1
97	331	30	1
98	331	30	1
141	331	30	1
95	332	30	1
96	333	30	4
96	334	30	3
186	349	30	1
218	361	30	2
220	362	30	1
220	363	30	2
139	239	31	2
174	239	31	1
178	240	31	2
179	240	31	2
185	240	31	1
240	240	31	2
175	241	31	2
185	241	31	1
187	241	31	1
174	242	31	1
179	242	31	1
176	243	31	3
188	243	31	1
190	244	31	1
185	245	31	1
187	245	31	3
188	245	31	2
174	246	31	1
123	256	31	3
124	256	31	2
127	256	31	1
128	256	31	2
129	256	31	1
123	257	31	1
147	257	31	2
131	260	31	2
256	262	31	1
257	263	31	2
127	264	31	2
129	265	31	1
262	266	31	1
264	266	31	2
258	267	31	2
260	267	31	1
261	267	31	3
125	268	31	1
127	269	31	1
129	269	31	1
125	270	31	1
132	270	31	1
134	270	31	1
125	271	31	2
129	271	31	2
135	271	31	1
136	271	31	1
260	271	31	2
127	272	31	2
163	273	31	2
140	274	31	1
143	274	31	2
141	275	31	2
166	275	31	1
259	280	31	1
159	281	31	3
261	281	31	1
276	281	31	1
159	282	31	1
162	282	31	1
259	282	31	2
262	282	31	1
275	282	31	2
276	282	31	1
167	283	31	1
276	283	31	1
162	284	31	1
275	284	31	1
276	284	31	1
165	285	31	1
276	285	31	1
162	286	31	2
163	286	31	1
166	286	31	1
163	287	31	2
167	287	31	1
162	288	31	2
164	288	31	1
166	290	31	1
170	292	31	2
182	298	31	1
191	307	31	1
193	307	31	1
197	307	31	2
206	307	31	1
187	308	31	1
188	308	31	1
193	308	31	1
205	308	31	2
190	309	31	1
204	310	31	1
203	311	31	2
210	311	31	1
245	311	31	1
210	312	31	2
222	312	31	2
225	312	31	1
190	313	31	2
200	315	31	1
211	315	31	1
211	317	31	2
206	319	31	1
212	319	31	1
242	322	31	1
236	323	31	1
128	325	31	1
98	327	31	2
98	329	31	1
95	330	31	2
95	331	31	2
96	331	31	1
97	331	31	1
94	332	31	1
96	332	31	1
96	333	31	2
97	333	31	1
96	334	31	1
174	339	31	1
184	347	31	1
183	348	31	1
182	349	31	1
188	349	31	1
184	350	31	2
113	225	32	2
114	225	32	1
180	241	32	1
185	242	32	3
186	242	32	1
187	242	32	2
174	243	32	1
181	244	32	1
190	244	32	2
181	245	32	1
188	245	32	1
190	245	32	1
175	247	32	1
186	247	32	1
149	251	32	1
134	254	32	1
250	255	32	1
132	257	32	1
134	257	32	1
147	257	32	1
149	257	32	2
254	257	32	1
157	259	32	4
128	260	32	1
168	260	32	2
256	261	32	1
130	263	32	1
261	263	32	2
126	264	32	3
259	265	32	1
261	265	32	3
262	265	32	2
124	267	32	2
130	267	32	3
259	267	32	1
260	267	32	1
261	267	32	1
263	267	32	2
260	268	32	2
126	269	32	1
127	269	32	3
129	269	32	1
130	269	32	2
259	269	32	1
262	269	32	2
139	271	32	1
165	272	32	3
166	272	32	2
140	273	32	1
166	273	32	2
165	274	32	1
141	275	32	1
164	276	32	2
157	277	32	1
262	277	32	1
161	279	32	2
261	280	32	2
165	283	32	1
167	284	32	1
163	285	32	3
162	286	32	2
162	287	32	1
163	287	32	1
167	287	32	1
167	288	32	3
167	289	32	1
165	295	32	2
177	298	32	1
118	304	32	1
114	308	32	2
187	308	32	1
194	308	32	1
195	308	32	1
196	308	32	2
205	308	32	3
112	309	32	1
186	309	32	1
188	309	32	3
210	309	32	4
258	309	32	2
113	310	32	1
195	310	32	2
196	310	32	1
202	310	32	1
111	311	32	1
113	311	32	1
198	311	32	3
203	311	32	1
210	311	32	1
112	312	32	1
193	312	32	1
199	312	32	2
200	312	32	1
247	312	32	2
112	313	32	1
212	313	32	1
225	313	32	1
211	315	32	1
223	315	32	1
245	315	32	1
243	316	32	1
246	316	32	1
243	317	32	1
245	318	32	1
207	319	32	1
246	319	32	2
201	320	32	1
211	320	32	3
240	320	32	3
245	320	32	1
246	320	32	1
242	321	32	1
236	322	32	1
99	327	32	2
97	328	32	1
92	330	32	1
97	330	32	4
94	331	32	1
97	333	32	1
204	333	32	2
187	348	32	1
188	348	32	1
180	352	32	3
175	359	32	2
220	363	32	1
113	225	33	2
114	227	33	1
173	241	33	1
176	242	33	2
181	244	33	2
188	244	33	1
194	244	33	1
178	245	33	1
183	245	33	1
185	245	33	1
200	246	33	1
208	246	33	2
210	246	33	2
134	253	33	1
136	254	33	1
134	255	33	1
149	255	33	2
133	257	33	2
147	257	33	1
254	258	33	2
257	258	33	2
129	259	33	1
258	259	33	1
131	260	33	3
132	260	33	1
149	260	33	1
255	260	33	2
257	260	33	1
258	260	33	1
128	261	33	2
129	261	33	1
158	261	33	1
256	261	33	1
158	262	33	1
164	262	33	1
128	263	33	3
132	263	33	2
169	263	33	1
127	264	33	1
126	266	33	2
128	266	33	1
129	266	33	2
124	267	33	1
261	267	33	1
262	267	33	1
266	267	33	3
128	268	33	2
163	268	33	1
127	269	33	1
128	269	33	2
129	269	33	1
130	269	33	1
263	269	33	1
125	270	33	3
127	270	33	1
266	270	33	2
127	271	33	1
263	271	33	2
261	272	33	3
157	273	33	1
262	273	33	2
261	274	33	2
159	276	33	1
261	276	33	1
163	278	33	1
152	280	33	1
261	281	33	1
162	282	33	1
160	283	33	2
161	283	33	2
163	283	33	1
165	283	33	1
161	284	33	2
164	284	33	4
165	284	33	1
124	285	33	1
161	286	33	1
162	286	33	1
125	292	33	1
118	298	33	1
169	299	33	2
117	301	33	2
118	301	33	1
120	301	33	1
118	303	33	2
119	303	33	1
194	304	33	3
195	306	33	2
115	307	33	1
183	307	33	2
115	308	33	1
189	308	33	1
190	308	33	1
198	308	33	3
199	308	33	1
207	308	33	2
115	309	33	1
186	309	33	3
190	309	33	3
198	309	33	2
248	309	33	1
193	310	33	1
208	310	33	2
114	311	33	2
115	311	33	1
187	311	33	2
194	311	33	1
196	311	33	1
197	311	33	1
206	311	33	2
189	312	33	2
190	312	33	2
192	312	33	1
198	312	33	1
205	312	33	3
248	313	33	1
207	314	33	1
209	314	33	2
245	314	33	2
246	314	33	2
120	318	33	1
198	318	33	1
243	318	33	2
246	318	33	1
201	319	33	1
206	319	33	2
238	321	33	1
243	322	33	1
126	323	33	2
95	329	33	1
98	329	33	2
92	330	33	1
199	332	33	3
198	333	33	1
204	333	33	1
205	333	33	1
205	334	33	1
217	339	33	1
214	341	33	3
212	344	33	2
206	345	33	1
187	346	33	2
182	348	33	3
183	348	33	1
187	348	33	2
188	348	33	1
190	348	33	1
197	348	33	3
210	348	33	2
183	349	33	1
186	349	33	3
192	349	33	1
207	349	33	1
208	349	33	2
180	350	33	2
211	352	33	1
177	353	33	3
178	354	33	1
178	360	33	2
116	225	34	1
115	226	34	1
114	227	34	1
113	228	34	1
115	229	34	1
139	234	34	2
137	237	34	1
139	239	34	2
140	240	34	1
174	240	34	3
139	242	34	1
138	243	34	1
176	243	34	2
197	244	34	3
179	245	34	1
199	245	34	2
193	246	34	1
212	247	34	1
134	250	34	1
130	252	34	1
135	252	34	1
131	254	34	1
138	254	34	1
131	255	34	1
133	255	34	1
138	256	34	1
139	256	34	2
143	256	34	1
151	256	34	2
131	257	34	3
133	257	34	1
147	257	34	2
252	257	34	1
131	258	34	1
252	258	34	1
133	259	34	3
134	259	34	1
131	261	34	2
133	261	34	1
156	261	34	1
167	261	34	1
159	262	34	1
127	263	34	2
126	265	34	1
129	265	34	1
154	265	34	1
129	266	34	1
130	266	34	2
130	267	34	4
128	268	34	2
266	268	34	1
129	269	34	1
157	269	34	1
264	269	34	2
127	270	34	1
157	270	34	2
265	270	34	1
266	270	34	1
166	271	34	3
157	272	34	1
158	272	34	2
163	272	34	1
260	272	34	1
159	273	34	3
161	273	34	3
139	274	34	2
157	274	34	3
165	274	34	2
260	274	34	1
261	274	34	1
162	275	34	2
164	277	34	1
263	278	34	3
144	279	34	2
151	279	34	1
158	279	34	2
161	279	34	2
163	279	34	1
158	280	34	2
261	281	34	1
262	281	34	1
259	282	34	1
157	283	34	2
125	284	34	1
159	284	34	2
124	287	34	1
161	290	34	1
120	294	34	1
164	294	34	3
165	294	34	2
166	294	34	1
121	296	34	1
118	298	34	2
170	298	34	1
118	301	34	1
119	301	34	2
121	302	34	3
116	303	34	1
114	305	34	1
177	305	34	3
116	306	34	1
182	306	34	1
183	308	34	1
190	308	34	2
191	308	34	3
192	308	34	1
112	309	34	2
116	309	34	1
187	309	34	1
193	309	34	1
197	309	34	3
244	309	34	1
185	310	34	1
190	310	34	2
191	310	34	1
197	310	34	1
200	310	34	2
252	310	34	1
112	311	34	2
113	311	34	1
114	311	34	2
115	311	34	1
192	311	34	1
199	311	34	1
248	311	34	2
249	311	34	2
252	311	34	3
115	312	34	2
197	312	34	2
198	312	34	1
198	313	34	1
205	313	34	2
111	314	34	1
112	316	34	1
242	316	34	1
244	316	34	1
124	317	34	1
242	317	34	1
244	317	34	1
245	317	34	1
123	318	34	1
241	318	34	2
120	319	34	2
240	319	34	1
241	319	34	1
202	320	34	2
198	321	34	2
201	321	34	1
127	322	34	1
131	322	34	1
199	322	34	1
200	322	34	1
201	322	34	1
234	323	34	1
238	323	34	1
239	323	34	1
234	324	34	1
236	324	34	2
239	324	34	2
235	325	34	1
98	328	34	2
100	329	34	1
100	330	34	5
96	331	34	1
98	332	34	2
98	333	34	1
126	333	34	1
194	333	34	1
191	334	34	1
197	334	34	1
202	334	34	1
194	335	34	1
192	336	34	1
194	336	34	1
217	336	34	1
192	337	34	2
194	337	34	2
215	337	34	2
191	340	34	1
211	340	34	1
213	341	34	1
211	342	34	1
192	344	34	3
201	344	34	2
205	345	34	1
211	346	34	4
191	347	34	1
196	347	34	1
213	347	34	1
214	347	34	1
182	348	34	2
185	348	34	2
186	348	34	1
207	348	34	1
212	348	34	1
188	349	34	2
198	349	34	2
205	349	34	1
208	349	34	4
187	350	34	2
196	350	34	2
180	351	34	1
185	351	34	1
179	352	34	3
181	352	34	2
198	352	34	2
200	352	34	1
201	352	34	2
213	352	34	1
207	353	34	2
187	354	34	2
182	355	34	2
177	357	34	2
181	358	34	1
180	360	34	1
117	226	35	2
112	228	35	1
114	229	35	2
121	234	35	2
117	236	35	1
129	236	35	1
139	237	35	2
129	238	35	1
138	238	35	2
139	238	35	1
139	239	35	2
143	240	35	1
140	242	35	2
172	244	35	2
207	244	35	2
176	245	35	1
134	251	35	1
134	252	35	1
133	253	35	1
137	254	35	2
130	255	35	4
135	255	35	4
134	256	35	1
254	256	35	1
138	257	35	1
130	258	35	1
138	258	35	2
136	259	35	1
255	259	35	1
127	260	35	1
143	260	35	1
149	260	35	1
128	263	35	2
131	263	35	2
132	263	35	2
127	264	35	2
128	264	35	1
130	264	35	1
146	264	35	1
157	264	35	1
265	264	35	1
157	265	35	2
262	265	35	2
126	266	35	2
263	266	35	1
265	266	35	1
266	266	35	1
127	267	35	1
153	267	35	1
263	267	35	1
130	269	35	1
135	271	35	1
156	271	35	1
264	271	35	1
141	272	35	1
159	272	35	1
160	272	35	1
164	273	35	1
140	274	35	1
162	274	35	1
163	274	35	1
258	274	35	3
157	275	35	4
260	276	35	2
160	277	35	1
262	277	35	1
149	278	35	1
161	278	35	4
159	279	35	1
161	279	35	3
163	279	35	1
260	279	35	1
125	280	35	2
158	282	35	2
162	283	35	1
160	285	35	1
123	286	35	1
125	286	35	2
125	289	35	1
123	290	35	1
121	294	35	1
162	294	35	1
120	295	35	3
255	295	35	2
122	297	35	1
167	297	35	1
118	298	35	2
121	298	35	1
122	298	35	2
170	298	35	4
171	299	35	1
118	300	35	1
169	300	35	2
173	300	35	1
174	300	35	1
118	302	35	1
121	303	35	1
119	304	35	1
175	304	35	1
117	306	35	1
246	306	35	1
116	307	35	2
114	308	35	1
115	308	35	2
118	308	35	1
181	308	35	1
186	308	35	1
188	308	35	1
189	308	35	2
112	309	35	1
186	309	35	1
188	309	35	1
193	309	35	2
196	309	35	1
116	310	35	2
193	310	35	1
114	311	35	2
190	311	35	1
192	311	35	1
195	311	35	1
197	311	35	1
250	311	35	1
248	312	35	2
111	313	35	2
114	313	35	1
195	313	35	1
110	314	35	2
112	314	35	1
245	315	35	1
124	316	35	1
244	316	35	4
109	317	35	1
126	317	35	2
244	317	35	1
202	319	35	1
242	319	35	2
124	320	35	1
132	321	35	2
133	321	35	2
201	321	35	2
240	321	35	1
238	323	35	1
200	324	35	1
236	324	35	1
240	324	35	2
131	325	35	2
132	325	35	2
134	325	35	1
234	325	35	2
242	325	35	1
236	326	35	2
235	327	35	1
96	328	35	3
237	329	35	1
183	333	35	1
189	333	35	1
198	333	35	1
192	334	35	2
195	334	35	1
196	335	35	1
188	336	35	1
189	336	35	1
195	336	35	1
199	337	35	1
213	339	35	2
216	339	35	1
212	341	35	1
210	342	35	1
193	343	35	1
199	345	35	1
189	346	35	1
206	346	35	2
211	346	35	1
186	347	35	1
211	347	35	2
186	348	35	1
195	348	35	1
192	349	35	1
193	349	35	1
213	349	35	1
212	350	35	1
188	351	35	1
193	351	35	1
207	351	35	1
210	351	35	1
211	351	35	2
212	351	35	3
180	352	35	1
191	352	35	2
207	352	35	1
209	352	35	1
183	353	35	3
194	353	35	2
207	353	35	1
212	353	35	1
178	354	35	1
182	354	35	1
185	354	35	3
194	354	35	1
202	354	35	1
209	354	35	3
204	355	35	3
172	356	35	3
179	356	35	1
204	356	35	2
113	227	36	2
122	231	36	2
136	235	36	2
136	236	36	1
138	236	36	1
139	237	36	2
140	238	36	1
165	239	36	1
138	240	36	1
141	240	36	1
141	241	36	1
169	241	36	1
140	242	36	2
174	244	36	1
171	245	36	1
132	250	36	4
134	250	36	2
133	251	36	1
137	252	36	2
131	253	36	1
136	253	36	1
137	253	36	2
140	253	36	2
137	254	36	1
140	254	36	1
144	254	36	1
136	255	36	1
140	255	36	1
132	256	36	1
129	257	36	1
132	257	36	1
131	258	36	1
132	258	36	2
253	258	36	1
256	258	36	3
252	259	36	1
255	259	36	1
128	260	36	2
127	261	36	1
128	261	36	1
131	261	36	1
265	261	36	3
128	263	36	1
129	263	36	1
132	263	36	1
143	263	36	3
262	263	36	3
265	263	36	1
126	264	36	1
130	264	36	1
146	264	36	2
155	264	36	1
129	265	36	3
155	265	36	1
262	265	36	1
264	265	36	1
265	265	36	1
153	266	36	1
154	266	36	1
264	266	36	1
146	267	36	1
127	268	36	3
157	270	36	1
136	271	36	1
157	271	36	2
162	274	36	1
163	274	36	1
139	275	36	2
166	275	36	2
261	275	36	1
163	276	36	3
175	276	36	2
260	276	36	2
158	277	36	2
162	277	36	2
164	278	36	1
161	279	36	1
163	279	36	1
261	281	36	2
262	281	36	2
126	282	36	1
149	282	36	1
261	282	36	1
262	282	36	1
125	283	36	1
127	283	36	1
259	283	36	1
161	284	36	1
124	285	36	1
123	286	36	2
124	286	36	1
127	286	36	1
159	286	36	2
160	286	36	2
124	288	36	3
145	288	36	1
124	290	36	1
147	290	36	2
122	292	36	1
159	292	36	3
120	295	36	2
257	295	36	1
121	297	36	1
120	298	36	1
172	298	36	3
259	298	36	1
171	299	36	1
249	299	36	1
119	300	36	1
167	300	36	2
174	300	36	2
247	300	36	1
121	301	36	1
172	301	36	1
175	301	36	1
176	301	36	2
121	302	36	1
176	302	36	1
177	302	36	2
120	303	36	2
179	303	36	1
182	303	36	2
179	304	36	1
249	305	36	3
115	306	36	1
116	306	36	1
118	306	36	1
113	308	36	1
117	308	36	2
183	308	36	1
185	308	36	1
188	308	36	2
113	309	36	1
189	309	36	1
114	310	36	1
115	310	36	1
184	310	36	1
189	310	36	1
190	310	36	1
248	310	36	2
191	311	36	1
194	311	36	2
252	311	36	1
110	312	36	1
190	312	36	1
191	312	36	1
109	313	36	2
110	313	36	1
108	315	36	1
112	315	36	1
122	315	36	2
259	317	36	3
151	318	36	1
114	319	36	1
137	321	36	1
239	321	36	3
129	322	36	1
238	322	36	1
196	324	36	2
236	324	36	1
240	324	36	2
234	325	36	2
97	326	36	1
126	326	36	1
94	327	36	1
98	327	36	3
97	328	36	1
127	328	36	2
184	332	36	2
185	333	36	2
203	333	36	2
186	335	36	2
201	335	36	1
204	336	36	2
148	337	36	1
194	337	36	1
150	338	36	2
213	338	36	1
198	339	36	2
209	340	36	2
211	340	36	1
212	340	36	1
213	340	36	2
212	341	36	1
200	344	36	1
189	346	36	2
191	347	36	2
209	349	36	1
184	350	36	1
187	350	36	2
210	352	36	1
212	352	36	1
213	352	36	1
207	353	36	2
182	354	36	1
185	354	36	1
182	355	36	1
203	355	36	1
204	355	36	1
207	355	36	1
208	355	36	1
179	356	36	1
182	356	36	1
183	356	36	1
176	357	36	2
179	357	36	1
205	357	36	1
207	357	36	3
179	358	36	2
177	359	36	1
203	361	36	1
114	226	37	2
119	228	37	1
122	229	37	1
124	230	37	1
125	230	37	2
124	232	37	1
123	233	37	1
127	233	37	1
128	233	37	1
129	233	37	1
138	233	37	1
124	234	37	1
125	234	37	3
126	234	37	1
130	234	37	2
119	235	37	2
134	235	37	2
118	237	37	1
138	237	37	2
140	238	37	1
135	239	37	1
139	239	37	1
167	239	37	1
166	240	37	2
169	240	37	1
141	241	37	1
173	241	37	1
125	242	37	1
124	243	37	1
139	243	37	3
141	243	37	1
144	243	37	1
169	243	37	3
173	243	37	1
175	243	37	1
126	244	37	1
137	244	37	1
169	244	37	1
170	244	37	2
173	245	37	1
174	247	37	1
133	253	37	2
140	253	37	1
148	253	37	1
133	254	37	1
133	255	37	2
131	256	37	3
132	256	37	2
134	256	37	2
148	256	37	1
132	257	37	1
129	258	37	2
208	258	37	1
132	260	37	2
209	260	37	1
244	260	37	1
129	262	37	2
159	262	37	1
261	262	37	3
128	263	37	1
131	263	37	3
140	263	37	2
142	263	37	2
145	263	37	1
154	263	37	2
143	264	37	2
144	264	37	1
128	265	37	1
144	265	37	1
155	265	37	1
262	265	37	1
263	265	37	1
128	268	37	1
145	269	37	1
151	269	37	2
150	270	37	2
249	272	37	1
161	273	37	1
132	274	37	1
143	274	37	1
160	274	37	1
164	274	37	1
163	275	37	2
136	276	37	1
160	276	37	3
162	276	37	1
258	276	37	1
163	277	37	1
142	278	37	1
126	279	37	2
162	279	37	1
162	280	37	4
258	280	37	1
127	281	37	1
129	281	37	2
161	281	37	2
161	282	37	1
125	283	37	2
127	284	37	1
161	284	37	2
126	286	37	1
146	286	37	1
126	287	37	1
126	288	37	1
152	288	37	1
153	288	37	1
256	292	37	2
262	292	37	2
121	293	37	2
159	293	37	2
256	293	37	1
259	293	37	1
254	294	37	2
259	294	37	2
259	295	37	1
260	297	37	1
168	299	37	2
174	299	37	2
173	300	37	1
175	300	37	1
173	301	37	1
172	302	37	2
176	303	37	1
115	304	37	1
121	304	37	2
261	304	37	1
113	306	37	1
116	308	37	1
183	308	37	2
181	309	37	2
252	309	37	2
112	310	37	1
114	310	37	4
115	310	37	1
132	311	37	2
188	311	37	1
189	311	37	1
195	311	37	1
191	312	37	1
194	312	37	1
112	313	37	2
196	313	37	1
111	314	37	1
119	314	37	2
150	315	37	1
152	316	37	1
256	316	37	1
121	317	37	2
135	317	37	2
117	318	37	1
119	318	37	1
146	318	37	1
152	318	37	1
153	318	37	1
117	319	37	1
146	319	37	2
116	320	37	1
131	320	37	1
138	320	37	5
143	321	37	3
139	322	37	1
138	324	37	2
192	324	37	1
238	324	37	3
239	324	37	4
242	324	37	2
134	325	37	1
188	327	37	1
148	331	37	1
221	331	37	3
181	332	37	1
181	333	37	2
185	333	37	1
185	334	37	2
195	335	37	1
175	339	37	2
211	340	37	1
213	341	37	2
210	342	37	1
191	343	37	1
197	343	37	1
203	346	37	1
191	347	37	1
213	347	37	1
186	349	37	2
210	349	37	3
212	349	37	3
215	349	37	4
211	350	37	1
214	350	37	1
214	351	37	2
186	352	37	3
209	353	37	1
182	354	37	1
183	354	37	2
205	354	37	1
203	355	37	3
207	356	37	2
208	356	37	1
205	357	37	1
206	357	37	1
180	358	37	2
206	358	37	2
114	218	38	3
112	220	38	3
125	223	38	1
123	225	38	1
124	226	38	1
126	227	38	1
126	230	38	1
173	230	38	2
174	230	38	1
137	231	38	1
140	231	38	1
173	232	38	2
117	233	38	2
127	233	38	1
136	233	38	1
169	233	38	1
129	234	38	2
134	234	38	1
135	234	38	1
170	234	38	3
137	235	38	2
134	236	38	1
138	236	38	1
143	237	38	1
166	237	38	1
136	238	38	1
141	238	38	2
144	238	38	1
197	238	38	1
137	239	38	1
144	239	38	2
166	239	38	2
168	239	38	1
136	240	38	1
138	240	38	1
162	240	38	1
163	240	38	1
164	240	38	1
166	240	38	2
167	240	38	1
197	240	38	1
200	240	38	1
143	241	38	1
165	241	38	1
199	241	38	2
126	242	38	2
144	242	38	1
167	242	38	2
171	242	38	1
124	243	38	1
127	243	38	1
136	243	38	2
138	243	38	1
140	243	38	1
168	243	38	2
174	243	38	2
121	244	38	2
123	244	38	1
141	244	38	1
169	244	38	2
173	244	38	1
124	245	38	1
125	245	38	1
169	245	38	2
171	245	38	1
172	245	38	1
173	245	38	2
175	245	38	1
123	246	38	3
169	246	38	1
170	246	38	2
140	248	38	1
132	251	38	2
137	252	38	2
142	252	38	1
233	252	38	4
135	253	38	2
152	253	38	1
132	254	38	1
141	254	38	1
134	255	38	2
136	255	38	1
138	255	38	1
139	255	38	3
140	255	38	2
143	255	38	2
150	255	38	1
151	255	38	1
169	255	38	1
132	256	38	1
134	256	38	1
136	256	38	1
158	256	38	1
135	258	38	1
146	259	38	2
148	259	38	4
206	259	38	1
252	259	38	2
130	260	38	2
144	260	38	3
168	260	38	1
130	261	38	1
131	261	38	2
139	261	38	1
260	261	38	1
264	261	38	2
137	262	38	1
140	262	38	1
142	262	38	1
151	262	38	2
152	262	38	1
128	263	38	2
144	263	38	2
147	263	38	2
150	263	38	1
153	263	38	1
154	263	38	3
260	263	38	1
263	263	38	1
129	264	38	1
130	264	38	1
131	264	38	1
151	264	38	2
153	264	38	2
163	264	38	1
166	264	38	1
146	265	38	1
156	265	38	1
165	265	38	2
152	266	38	2
154	266	38	1
143	267	38	2
262	267	38	1
143	268	38	1
152	268	38	2
261	268	38	1
136	269	38	2
142	270	38	1
137	271	38	1
140	271	38	1
247	271	38	1
132	272	38	1
133	272	38	3
137	272	38	1
145	272	38	1
147	272	38	1
251	272	38	1
254	272	38	1
136	273	38	2
139	273	38	1
144	273	38	1
145	273	38	1
134	274	38	1
138	274	38	2
252	274	38	1
129	276	38	1
134	276	38	2
147	276	38	1
256	276	38	1
131	277	38	1
140	277	38	1
143	277	38	1
152	277	38	1
161	277	38	2
160	278	38	1
126	280	38	1
128	280	38	3
129	280	38	2
134	280	38	2
128	281	38	1
129	281	38	2
139	281	38	3
161	281	38	2
127	282	38	1
132	282	38	2
125	283	38	2
135	283	38	4
160	283	38	1
126	284	38	1
159	284	38	1
125	285	38	1
129	285	38	1
149	285	38	1
153	286	38	1
126	288	38	1
156	288	38	2
156	289	38	4
257	291	38	1
156	292	38	2
253	293	38	1
120	295	38	1
155	295	38	1
254	295	38	1
259	295	38	1
157	296	38	1
251	297	38	2
259	297	38	1
170	298	38	1
179	300	38	1
170	301	38	2
172	302	38	2
175	302	38	1
178	302	38	2
260	303	38	1
125	304	38	1
174	304	38	1
176	304	38	3
182	304	38	2
261	304	38	1
115	306	38	1
180	306	38	1
114	307	38	1
257	307	38	2
254	309	38	1
260	310	38	1
122	314	38	1
119	315	38	2
122	315	38	1
137	315	38	2
116	316	38	1
119	316	38	1
145	316	38	1
146	316	38	2
115	317	38	1
119	317	38	2
153	317	38	4
116	318	38	2
120	318	38	1
121	318	38	1
143	318	38	1
116	319	38	1
117	319	38	1
116	320	38	1
140	320	38	1
146	320	38	1
147	320	38	2
150	320	38	1
113	321	38	2
177	321	38	2
143	322	38	2
137	323	38	1
140	323	38	1
181	324	38	2
239	324	38	1
241	324	38	1
242	324	38	1
237	325	38	1
242	326	38	1
240	328	38	1
157	329	38	1
148	330	38	1
219	331	38	1
152	332	38	1
155	332	38	3
191	332	38	2
147	333	38	1
152	333	38	1
177	333	38	2
181	333	38	1
155	334	38	3
179	334	38	1
183	334	38	2
186	334	38	2
189	334	38	1
148	335	38	2
210	339	38	2
211	339	38	1
215	339	38	2
209	340	38	3
211	341	38	1
197	343	38	1
199	344	38	1
209	344	38	5
189	346	38	2
190	346	38	2
192	346	38	1
247	346	38	2
189	347	38	1
215	347	38	2
247	347	38	3
248	347	38	1
247	348	38	3
211	349	38	1
211	350	38	1
216	351	38	1
184	354	38	2
209	354	38	2
212	354	38	1
176	355	38	1
208	355	38	1
211	355	38	1
177	356	38	1
208	356	38	4
174	357	38	2
181	357	38	2
205	358	38	1
191	361	38	1
193	361	38	1
195	361	38	1
207	361	38	1
193	364	38	2
115	218	39	1
113	219	39	2
112	220	39	1
122	223	39	1
124	223	39	4
118	224	39	1
126	226	39	2
146	226	39	2
124	227	39	1
149	228	39	1
136	229	39	1
138	230	39	3
145	230	39	1
172	230	39	3
198	233	39	3
199	233	39	1
201	233	39	2
130	234	39	1
195	234	39	1
140	235	39	1
154	235	39	1
136	236	39	1
137	236	39	1
167	236	39	1
136	237	39	1
137	237	39	1
138	237	39	1
139	237	39	1
161	237	39	3
198	237	39	1
199	237	39	2
200	237	39	3
116	238	39	1
140	238	39	2
142	238	39	1
167	238	39	2
199	238	39	1
201	238	39	1
139	239	39	1
161	239	39	2
164	239	39	2
127	240	39	1
135	240	39	1
144	240	39	2
196	240	39	5
125	241	39	1
133	241	39	2
137	241	39	1
142	241	39	1
145	241	39	2
127	242	39	1
168	242	39	1
169	242	39	1
171	242	39	2
129	243	39	1
134	243	39	1
174	243	39	1
121	244	39	2
124	244	39	1
125	244	39	4
136	244	39	1
140	244	39	1
141	244	39	1
142	244	39	1
169	244	39	1
168	245	39	3
175	245	39	1
127	246	39	2
173	246	39	1
127	247	39	2
168	247	39	2
174	247	39	2
123	248	39	2
173	248	39	2
133	249	39	4
134	249	39	1
140	250	39	1
137	251	39	2
123	252	39	2
134	252	39	1
136	252	39	2
237	252	39	1
126	253	39	2
127	253	39	2
135	253	39	2
169	253	39	3
235	253	39	1
247	253	39	3
124	254	39	2
132	254	39	1
134	254	39	2
142	254	39	2
144	254	39	1
151	254	39	1
168	254	39	2
136	255	39	1
141	255	39	1
143	255	39	1
152	255	39	3
156	256	39	2
136	257	39	3
139	257	39	1
141	257	39	1
254	257	39	4
151	258	39	1
154	258	39	1
132	259	39	1
134	259	39	1
136	259	39	2
137	259	39	2
138	259	39	1
148	259	39	1
149	259	39	1
251	259	39	3
252	259	39	2
149	260	39	1
150	260	39	1
153	260	39	1
159	260	39	1
168	260	39	1
169	260	39	4
255	260	39	1
256	260	39	1
130	261	39	2
142	261	39	5
148	261	39	1
150	261	39	1
152	261	39	2
254	261	39	3
132	262	39	1
146	262	39	1
231	262	39	2
250	262	39	1
261	262	39	1
262	262	39	1
132	263	39	1
139	263	39	2
150	263	39	2
152	263	39	2
153	263	39	1
157	263	39	2
167	263	39	1
262	263	39	1
263	263	39	1
131	264	39	1
144	264	39	2
145	264	39	1
151	264	39	2
152	264	39	2
166	264	39	1
263	264	39	1
129	265	39	3
146	265	39	1
145	266	39	2
165	266	39	1
261	266	39	1
142	267	39	1
256	267	39	1
259	267	39	1
132	269	39	2
136	269	39	1
132	270	39	2
134	270	39	1
145	270	39	1
154	270	39	1
167	270	39	1
245	270	39	2
143	271	39	1
144	271	39	2
145	271	39	1
247	271	39	1
134	272	39	1
135	272	39	3
141	272	39	1
143	272	39	1
147	272	39	1
166	272	39	1
227	272	39	1
251	272	39	3
252	272	39	1
146	273	39	1
151	273	39	1
141	274	39	2
146	274	39	1
162	274	39	2
254	274	39	1
130	275	39	1
131	275	39	1
134	275	39	1
135	275	39	2
136	275	39	1
144	275	39	2
129	276	39	1
133	276	39	1
145	276	39	1
148	276	39	2
164	276	39	2
131	277	39	1
140	277	39	1
143	277	39	3
145	277	39	2
147	277	39	1
149	277	39	1
129	278	39	3
138	278	39	1
147	278	39	1
148	278	39	1
162	278	39	2
164	278	39	1
128	279	39	1
130	279	39	1
136	279	39	2
141	279	39	2
142	279	39	1
143	279	39	1
145	279	39	1
147	279	39	1
148	279	39	1
152	279	39	2
154	279	39	2
135	280	39	3
145	280	39	1
162	280	39	1
141	281	39	1
151	281	39	1
133	282	39	1
138	282	39	1
160	282	39	1
125	283	39	1
127	283	39	2
130	283	39	1
133	283	39	2
133	284	39	4
134	284	39	1
136	284	39	2
138	284	39	1
140	284	39	2
141	285	39	1
158	286	39	1
172	286	39	2
173	286	39	2
132	287	39	1
154	287	39	1
134	288	39	1
254	290	39	3
154	291	39	1
252	292	39	1
134	293	39	2
139	293	39	1
159	293	39	2
248	293	39	2
253	293	39	1
159	294	39	3
159	295	39	2
170	295	39	1
249	295	39	2
249	296	39	2
259	296	39	2
171	297	39	1
248	297	39	1
165	298	39	2
171	298	39	1
167	299	39	1
171	299	39	1
174	299	39	1
249	299	39	2
165	300	39	1
168	300	39	3
174	300	39	2
176	300	39	1
120	301	39	2
172	301	39	1
131	302	39	1
173	302	39	5
178	302	39	2
124	303	39	3
174	303	39	1
178	303	39	4
172	304	39	4
178	304	39	1
180	304	39	1
174	305	39	1
182	305	39	1
260	305	39	1
125	306	39	1
126	306	39	1
177	306	39	1
260	310	39	1
124	311	39	1
138	314	39	1
145	314	39	1
120	316	39	1
115	317	39	1
119	317	39	1
135	317	39	1
139	317	39	1
141	317	39	1
147	317	39	1
148	317	39	1
113	318	39	1
114	318	39	1
115	318	39	1
116	318	39	1
117	318	39	1
144	318	39	1
146	318	39	3
150	318	39	2
136	319	39	2
150	319	39	1
139	320	39	1
140	320	39	1
144	320	39	2
146	320	39	1
180	321	39	3
177	322	39	1
181	324	39	1
241	324	39	1
242	326	39	1
239	327	39	2
240	328	39	1
241	328	39	2
242	328	39	1
157	329	39	1
152	330	39	1
153	330	39	4
149	331	39	1
153	331	39	4
168	331	39	1
186	331	39	2
219	331	39	1
221	331	39	2
191	332	39	1
221	332	39	2
152	333	39	2
161	333	39	3
178	333	39	1
183	333	39	2
193	333	39	3
219	333	39	2
151	334	39	2
154	334	39	4
155	334	39	2
160	334	39	1
183	334	39	1
153	336	39	1
157	337	39	1
212	337	39	2
152	338	39	1
213	338	39	5
215	340	39	1
214	341	39	1
215	341	39	1
201	342	39	1
207	343	39	1
208	343	39	2
208	344	39	1
209	344	39	1
211	344	39	1
201	345	39	1
202	345	39	1
191	346	39	3
209	346	39	1
190	347	39	1
211	347	39	1
247	347	39	1
211	348	39	3
212	348	39	1
213	348	39	1
217	349	39	1
209	352	39	1
213	352	39	1
215	353	39	1
206	354	39	1
211	354	39	1
214	354	39	2
207	355	39	2
214	355	39	1
207	356	39	1
176	357	39	3
177	357	39	2
212	357	39	1
212	358	39	2
192	359	39	1
191	361	39	1
195	361	39	3
201	362	39	1
205	362	39	2
191	363	39	2
195	363	39	1
112	220	40	2
113	220	40	2
111	221	40	1
120	224	40	1
122	224	40	1
144	225	40	1
138	227	40	1
141	228	40	1
137	229	40	1
138	229	40	1
140	229	40	2
150	229	40	1
137	230	40	2
137	231	40	1
141	231	40	2
199	231	40	1
203	231	40	1
136	232	40	1
203	232	40	1
204	232	40	1
198	233	40	2
201	234	40	1
203	234	40	3
118	235	40	1
139	235	40	1
144	235	40	1
195	235	40	3
199	235	40	2
203	235	40	1
146	236	40	1
136	237	40	1
162	237	40	2
197	237	40	1
198	237	40	1
203	237	40	1
142	238	40	1
154	238	40	1
159	238	40	2
160	238	40	1
197	238	40	1
203	238	40	2
143	239	40	1
160	239	40	2
126	240	40	1
142	240	40	1
165	240	40	2
196	240	40	2
125	241	40	2
136	241	40	2
162	241	40	3
168	241	40	1
133	242	40	2
134	242	40	1
143	242	40	1
168	242	40	1
169	242	40	2
128	243	40	1
141	243	40	1
142	243	40	1
176	243	40	1
124	244	40	1
132	244	40	3
171	244	40	2
140	245	40	3
163	245	40	1
173	245	40	1
179	245	40	2
126	246	40	3
171	247	40	1
174	247	40	1
124	248	40	1
125	248	40	1
137	248	40	3
125	249	40	1
232	249	40	1
137	250	40	4
225	251	40	1
230	251	40	1
232	251	40	1
134	252	40	2
136	252	40	1
139	252	40	3
235	253	40	1
152	254	40	1
154	254	40	4
137	255	40	1
138	255	40	1
137	256	40	1
152	256	40	2
212	256	40	1
132	257	40	2
134	257	40	2
139	257	40	5
146	257	40	1
154	257	40	1
134	258	40	1
149	258	40	1
151	258	40	2
174	258	40	1
147	259	40	1
156	259	40	1
160	259	40	1
162	259	40	1
176	259	40	1
144	260	40	1
147	260	40	1
158	260	40	1
165	260	40	1
205	260	40	3
161	261	40	2
168	261	40	3
249	261	40	1
250	261	40	1
252	261	40	2
136	262	40	1
139	262	40	1
146	262	40	1
147	262	40	3
151	262	40	1
153	262	40	3
154	262	40	1
168	262	40	1
140	263	40	2
142	263	40	2
151	263	40	1
159	263	40	2
167	263	40	2
234	263	40	3
130	264	40	1
158	264	40	1
163	264	40	1
168	264	40	1
144	265	40	1
151	265	40	1
155	265	40	1
156	265	40	2
222	265	40	1
151	266	40	1
157	266	40	1
158	266	40	1
167	266	40	2
219	266	40	1
256	266	40	1
142	267	40	1
147	268	40	1
150	268	40	1
139	269	40	2
153	269	40	2
165	269	40	2
245	269	40	1
250	269	40	2
135	270	40	1
136	270	40	3
137	270	40	1
142	270	40	2
144	270	40	1
146	270	40	3
147	270	40	1
150	270	40	1
164	270	40	1
251	270	40	1
138	271	40	2
144	271	40	1
146	271	40	2
151	271	40	2
135	272	40	1
136	272	40	1
143	272	40	3
144	272	40	1
151	272	40	1
165	272	40	1
223	272	40	1
231	272	40	1
245	272	40	1
247	272	40	2
251	272	40	2
131	273	40	1
146	273	40	3
150	273	40	1
156	273	40	1
164	273	40	3
144	274	40	1
147	274	40	3
156	274	40	1
139	275	40	1
142	275	40	1
147	275	40	2
129	276	40	1
130	276	40	1
144	276	40	1
148	276	40	2
154	276	40	1
163	276	40	2
130	277	40	1
136	277	40	3
143	277	40	1
141	278	40	1
142	278	40	2
147.5	278	40.5	2
151	278	40	1
157	278	40	1
161	278	40	2
163	278	40	2
164	278	40	2
131	279	40	1
141	279	40	1
148	279	40	2
149	279	40	2
152	279	40	1
253	279	40	1
142	280	40	1
152	280	40	1
142	282	40	1
150	282	40	1
134	283	40	2
142	284	40	3
135	285	40	1
132	286	40	1
137	286	40	1
139	286	40	1
154	286	40	1
160	286	40	1
133	287	40	1
156	287	40	2
134	288	40	2
135	288	40	1
135	291	40	1
139	291	40	1
257	291	40	2
138	292	40	2
156	292	40	1
125	293	40	1
140	293	40	1
160	294	40	2
254	294	40	2
162	295	40	1
123	296	40	1
130	296	40	1
131	296	40	1
134	296	40	1
121	297	40	2
133	297	40	4
149	297	40	1
172	297	40	1
253	297	40	1
136	298	40	1
259	298	40	1
260	298	40	1
168	299	40	1
169	299	40	1
131	300	40	1
249	300	40	2
260	300	40	2
133	301	40	2
140	301	40	1
169	301	40	1
172	301	40	1
250	301	40	2
130	302	40	1
143	302	40	1
171	302	40	3
129	303	40	1
133	303	40	1
139	303	40	1
181	303	40	1
182	303	40	1
130	304	40	1
132	304	40	3
139	304	40	1
144	304	40	1
170	304	40	2
171	304	40	1
180	304	40	1
125	305	40	1
126	305	40	2
172	306	40	1
181	306	40	1
182	307	40	1
262	307	40	2
124	309	40	3
125	310	40	2
126	310	40	4
119	312	40	2
140	313	40	2
118	315	40	1
141	315	40	1
150	315	40	2
116	316	40	1
119	316	40	1
145	316	40	2
143	317	40	2
116	318	40	2
146	318	40	1
148	318	40	1
116	319	40	1
177	323	40	1
186	327	40	1
241	327	40	1
242	327	40	1
151	328	40	2
149	329	40	1
240	329	40	1
151	330	40	2
175	330	40	1
178	330	40	2
186	330	40	3
148	331	40	1
154	331	40	1
177	331	40	1
221	331	40	1
241	331	40	1
149	332	40	1
151	332	40	1
156	332	40	1
177	332	40	1
180	332	40	1
183	332	40	1
192	332	40	1
216	332	40	1
217	332	40	1
218	332	40	2
221	332	40	2
154	333	40	2
179	333	40	1
219	333	40	1
153	334	40	1
154	334	40	1
156	334	40	1
191	334	40	1
151	335	40	1
156	335	40	1
186	335	40	1
244	335	40	1
158	337	40	1
156	339	40	1
223	339	40	2
245	340	40	1
208	341	40	2
216	341	40	1
211	342	40	1
215	342	40	1
220	342	40	1
222	342	40	1
196	343	40	2
195	344	40	1
204	344	40	1
209	344	40	1
210	344	40	1
194	345	40	1
203	345	40	1
209	345	40	2
211	345	40	2
211	347	40	2
208	348	40	1
193	349	40	2
220	349	40	1
235	350	40	1
215	351	40	2
235	351	40	1
209	355	40	2
173	356	40	2
177	356	40	4
174	357	40	1
207	357	40	2
208	357	40	2
173	358	40	2
207	359	40	1
173	360	40	1
172	361	40	2
206	361	40	1
112	220	41	2
111	221	41	1
110	222	41	3
111	222	41	1
137	227	41	2
140	227	41	2
138	228	41	1
134	229	41	2
138	231	41	2
139	231	41	1
141	231	41	1
140	233	41	1
142	233	41	1
198	233	41	3
142	234	41	1
146	235	41	1
138	236	41	2
142	236	41	1
151	236	41	1
161	236	41	3
165	236	41	1
170	236	41	2
204	236	41	2
140	237	41	2
158	237	41	1
160	237	41	1
164	237	41	1
202	237	41	1
138	238	41	1
141	238	41	1
146	238	41	1
158	238	41	1
164	238	41	1
166	238	41	2
167	238	41	2
202	238	41	1
138	239	41	2
141	239	41	2
144	239	41	2
165	240	41	1
198	240	41	2
127	241	41	3
129	241	41	1
143	241	41	2
164	241	41	3
168	241	41	1
169	241	41	1
128	242	41	1
134	242	41	1
137	242	41	1
170	242	41	3
129	243	41	2
139	243	41	2
140	243	41	2
164	243	41	4
169	243	41	4
125	244	41	1
127	244	41	2
165	244	41	1
166	244	41	1
167	244	41	3
168	244	41	1
170	244	41	1
173	244	41	1
176	244	41	1
128	246	41	1
166	246	41	2
181	247	41	1
133	249	41	2
232	250	41	2
141	252	41	3
175	252	41	1
229	252	41	1
119	253	41	1
121	253	41	3
142	253	41	1
143	253	41	2
144	254	41	1
119	255	41	1
141	255	41	2
140	256	41	1
141	256	41	1
143	256	41	2
210	256	41	1
137	257	41	1
141	257	41	1
155	257	41	2
177	257	41	3
210	257	41	1
214	257	41	2
254	257	41	1
138	258	41	4
146	258	41	2
147	258	41	1
153	258	41	3
155	258	41	1
172	258	41	1
140	259	41	1
144	259	41	1
173	259	41	1
176	259	41	1
212	259	41	1
213	259	41	2
140	260	41	1
146	260	41	1
148	260	41	1
150	260	41	2
154	260	41	2
158	260	41	1
170	260	41	1
175	260	41	1
210	260	41	2
250	260	41	2
253	260	41	2
130	261	41	2
143	261	41	1
144	261	41	1
149	261	41	1
151	261	41	1
153	261	41	1
160	261	41	1
167	261	41	1
119	262	41	2
144	262	41	2
146	262	41	1
158	262	41	2
159	262	41	1
163	262	41	1
175	262	41	1
248	262	41	2
249	262	41	1
251	262	41	3
143	263	41	1
151	263	41	1
153	263	41	2
167	263	41	2
201	263	41	3
232	263	41	1
145	264	41	1
147	264	41	2
148	264	41	1
149	264	41	1
151	264	41	2
158	264	41	1
171	264	41	1
249	264	41	1
124	265	41	2
143	265	41	2
144	265	41	1
149	265	41	1
153	265	41	1
256	265	41	1
119	266	41	3
142	266	41	2
150	266	41	1
153	266	41	1
167	266	41	1
135	267	41	1
247	267	41	1
258	267	41	1
142	268	41	1
145	268	41	3
146	268	41	3
148	268	41	2
153	268	41	2
164	268	41	1
248	268	41	1
203	269	41	1
247	269	41	2
258	269	41	1
135	270	41	1
137	270	41	3
142	270	41	1
151	270	41	2
152	270	41	1
247	270	41	1
146	271	41	2
154	271	41	1
247	271	41	1
139	272	41	1
145	272	41	1
147	272	41	3
149	272	41	1
154	272	41	2
165	272	41	1
219	272	41	2
220	272	41	1
147	273	41	2
150	273	41	1
151	273	41	1
155	273	41	1
157	273	41	2
143	274	41	1
146	274	41	4
155	274	41	2
156	274	41	2
247	274	41	1
130	275	41	2
137	275	41	1
153	275	41	1
157	275	41	1
130	276	41	1
139	276	41	1
141	276	41	2
155	276	41	1
156	276	41	2
211	276	41	2
246	276	41	2
247	276	41	1
129	277	41	1
131	277	41	2
132	277	41	1
138	277	41	2
139	277	41	1
151	277	41	1
157	277	41	1
161	277	41	2
135	278	41	1
142	278	41	2
150	278	41	2
152	278	41	1
155	278	41	2
133	279	41	3
138	279	41	2
141	280	41	2
148	280	41	1
152	280	41	2
154	280	41	2
162	280	41	2
130	281	41	1
142	281	41	2
145	281	41	1
154	282	41	2
162	282	41	1
134	283	41	1
151	283	41	1
218	283	41	1
138	284	41	1
141	284	41	2
142	284	41	1
156	284	41	1
215	284	41	2
135	286	41	2
140	286	41	1
158	286	41	1
159	286	41	1
135	287	41	1
140	287	41	3
156	287	41	2
157	288	41	1
135	289	41	2
141	289	41	1
155	289	41	1
135	291	41	2
155	292	41	1
157	292	41	1
134	293	41	1
139	293	41	1
132	294	41	2
142	294	41	3
152	294	41	2
128	295	41	1
140	295	41	2
150	295	41	2
164	295	41	2
143	296	41	1
148	296	41	2
129	297	41	2
137	297	41	1
165	297	41	1
171	297	41	2
252	298	41	2
256	298	41	3
93	299	41	1
128	299	41	4
149	299	41	1
167	299	41	3
168	299	41	1
260	299	41	6
164	300	41	3
172	300	41	1
249	300	41	2
260	300	41	1
123	301	41	2
250	301	41	1
97	302	41	1
128	302	41	1
132	302	41	1
134	302	41	1
168	302	41	3
171	302	41	1
123	303	41	2
124	303	41	2
130	303	41	1
134	303	41	1
138	303	41	1
139	303	41	2
261	303	41	1
122	304	41	1
125	304	41	2
126	304	41	4
128	304	41	2
133	304	41	1
141	304	41	2
170	304	41	1
181	304	41	3
140	305	41	2
172	305	41	1
182	305	41	4
259	305	41	1
130	306	41	1
171	306	41	1
125	307	41	3
142	307	41	1
126	308	41	1
127	308	41	3
128	308	41	2
129	308	41	1
140	309	41	4
141	309	41	1
162	309	41	1
122	310	41	1
122	311	41	1
119	314	41	2
116	315	41	1
119	315	41	1
142	315	41	1
114	316	41	1
139	317	41	2
142	317	41	1
139	319	41	1
150	320	41	2
141	321	41	1
137	322	41	2
179	322	41	1
181	322	41	1
111	323	41	1
133	324	41	1
179	324	41	1
248	324	41	2
147	325	41	1
181	325	41	1
247	325	41	1
134	326	41	2
179	326	41	1
181	326	41	1
249	326	41	1
252	326	41	1
136	327	41	2
181	327	41	1
244	327	41	2
249	327	41	2
156	328	41	1
167	328	41	1
239	328	41	1
242	328	41	2
252	328	41	1
148	329	41	2
182	329	41	2
238	329	41	2
245	329	41	1
155	330	41	2
175	330	41	1
181	330	41	3
182	330	41	1
240	330	41	2
158	331	41	1
174	331	41	1
175	331	41	1
187	331	41	2
238	331	41	2
240	331	41	2
243	331	41	3
157	332	41	1
168	332	41	2
174	332	41	1
176	332	41	1
189	332	41	1
192	332	41	2
218	332	41	2
221	332	41	1
134	333	41	1
152	333	41	2
154	333	41	1
179	333	41	1
187	333	41	2
189	333	41	1
216	333	41	1
217	333	41	1
220	333	41	1
240	333	41	1
154	334	41	1
216	334	41	2
218	334	41	2
244	334	41	1
133	335	41	1
150	335	41	1
151	335	41	1
153	335	41	1
238	335	41	1
242	335	41	1
157	336	41	1
218	336	41	1
126	337	41	2
127	337	41	2
151	337	41	2
248	337	41	2
152	338	41	3
158	339	41	3
247	339	41	2
194	340	41	2
214	340	41	1
213	341	41	1
218	341	41	2
214	342	41	2
210	343	41	2
194	344	41	1
210	344	41	1
211	344	41	3
194	345	41	2
212	345	41	1
249	345	41	1
206	346	41	2
218	346	41	1
221	347	41	2
231	347	41	1
232	347	41	2
193	350	41	1
211	351	41	1
237	351	41	2
209	352	41	1
235	352	41	1
207	358	41	1
169	359	41	3
171	359	41	3
200	363	41	1
138	228	42	2
139	228	42	1
136	229	42	1
138	230	42	1
139	231	42	1
136	232	42	1
138	232	42	5
136	233	42	1
141	235	42	2
165	235	42	2
201	235	42	1
144	236	42	2
156	236	42	1
166	236	42	1
158	237	42	1
165	237	42	1
162	238	42	2
164	238	42	2
166	238	42	1
167	238	42	1
204	239	42	2
141	240	42	1
166	240	42	1
170	242	42	2
164	243	42	2
174	243	42	1
139	244	42	2
178	244	42	3
179	244	42	2
182	244	42	1
184	244	42	1
181	245	42	3
126	247	42	1
178	252	42	1
138	254	42	1
140	254	42	2
120	256	42	2
144	256	42	1
213	256	42	1
141	257	42	3
142	257	42	1
147	257	42	3
149	257	42	1
157	257	42	2
173	257	42	1
174	257	42	1
177	257	42	2
213	257	42	1
253	257	42	1
150	258	42	1
158	258	42	2
175	258	42	1
208	258	42	1
213	258	42	1
145	259	42	2
148	259	42	1
154	259	42	1
158	259	42	2
160	259	42	1
211	259	42	2
252	259	42	1
157	260	42	3
171	260	42	1
176	260	42	1
213	260	42	3
150	261	42	2
157	261	42	3
169	261	42	2
173	261	42	1
174	261	42	1
177	261	42	1
149	262	42	1
155	262	42	1
163	262	42	3
166	262	42	1
171	262	42	2
174	262	42	1
175	262	42	1
151	263	42	1
165	263	42	2
250	263	42	1
143	264	42	2
151	264	42	1
155	264	42	1
168	264	42	1
252	264	42	1
144	265	42	2
145	265	42	2
152	265	42	1
124	266	42	1
147	266	42	1
149	266	42	1
154	266	42	2
143	267	42	2
147	267	42	1
149	267	42	1
254	267	42	1
141	268	42	1
143	268	42	1
146	268	42	3
141	269	42	1
144	269	42	1
132	270	42	1
150	270	42	2
151	270	42	1
155	270	42	1
143	271	42	2
146	271	42	2
156	271	42	3
223	271	42	1
143	272	42	1
145	272	42	1
131	273	42	2
142	273	42	1
147	273	42	1
154	273	42	1
158	273	42	1
142	274	42	1
148	274	42	2
250	274	42	3
134	275	42	2
143	275	42	2
153	275	42	2
162	275	42	3
165	275	42	1
250	275	42	2
134	276	42	1
143	276	42	1
146	276	42	1
151	276	42	2
154	276	42	2
156	276	42	1
138	277	42	1
140	277	42	5
143	277	42	1
155	277	42	1
158	277	42	2
163	277	42	3
132	278	42	3
162	278	42	1
137	279	42	1
143	279	42	1
144	279	42	1
147	279	42	1
149	279	42	2
152	279	42	3
154	280	42	1
140	281	42	1
143	281	42	1
151	281	42	1
139	282	42	1
148	282	42	1
151	282	42	1
209	282	42	2
141	283	42	1
149	283	42	1
152	283	42	2
137	284	42	1
138	284	42	2
149	284	42	1
152	285	42	1
154	285	42	1
217	285	42	1
155	286	42	1
136	287	42	1
174	287	42	2
134	288	42	2
136	288	42	1
135	289	42	1
136	289	42	2
137	289	42	3
174	289	42	1
134	290	42	1
133	292	42	1
153	292	42	2
130	293	42	1
138	293	42	2
142	293	42	2
129	294	42	1
131	294	42	1
135	294	42	1
138	294	42	1
139	294	42	1
152	294	42	1
154	294	42	2
136	296	42	2
161	296	42	2
130	297	42	1
136	297	42	1
140	297	42	1
150	297	42	2
141	298	42	2
166	298	42	2
94	299	42	1
126	299	42	1
128	299	42	1
169	299	42	2
259	299	42	1
125	300	42	2
136	300	42	1
139	300	42	1
124	301	42	1
130	301	42	2
136	301	42	2
137	301	42	2
142	301	42	1
144	301	42	1
248	301	42	1
165	302	42	1
138	303	42	1
139	303	42	1
150	303	42	1
170	303	42	3
171	303	42	3
125	304	42	1
144	304	42	1
125	305	42	2
131	305	42	2
170	305	42	1
171	305	42	1
128	306	42	2
140	306	42	3
125	307	42	1
130	307	42	1
170	307	42	1
130	308	42	2
169	308	42	1
143	310	42	2
141	311	42	3
140	314	42	1
141	316	42	1
142	317	42	1
140	319	42	1
139	320	42	1
138	321	42	3
183	323	42	4
253	323	42	1
137	324	42	2
141	324	42	1
181	324	42	3
132	325	42	2
134	325	42	1
137	325	42	2
183	325	42	1
133	326	42	1
135	326	42	1
249	326	42	2
251	326	42	2
252	327	42	1
154	328	42	1
176	328	42	1
250	328	42	2
150	329	42	1
168	329	42	1
131	330	42	2
150	330	42	1
160	330	42	1
161	330	42	1
179	330	42	1
187	330	42	1
134	331	42	2
154	331	42	1
176	331	42	2
180	331	42	4
187	331	42	2
242	331	42	2
127	332	42	1
133	332	42	1
150	332	42	1
165	332	42	3
177	332	42	2
180	332	42	1
186	332	42	1
126	333	42	1
131	333	42	1
153	333	42	2
177	333	42	1
178	333	42	2
181	333	42	1
183	333	42	1
222	333	42	1
158	334	42	3
178	334	42	1
218	334	42	1
219	334	42	1
247	334	42	1
134	335	42	2
218	335	42	1
128	336	42	2
151	336	42	1
220	336	42	1
126	337	42	2
127	337	42	1
156	337	42	1
216	337	42	1
247	337	42	1
155	338	42	1
194	338	42	1
159	340	42	3
193	340	42	1
221	340	42	1
152	341	42	1
215	341	42	1
207	344	42	1
212	344	42	1
210	347	42	1
231	349	42	3
235	353	42	3
205	355	42	1
207	355	42	2
207	358	42	2
204	360	42	2
183	361	42	1
200	364	42	2
206	364	42	1
137	227	43	2
137	229	43	1
138	229	43	1
136	231	43	2
139	231	43	1
140	231	43	1
137	232	43	1
138	232	43	1
141	232	43	1
139	233	43	1
203	234	43	1
163	235	43	1
136	236	43	1
157	236	43	1
136	237	43	2
143	237	43	1
154	237	43	1
138	238	43	2
140	238	43	1
138	239	43	1
143	240	43	1
165	240	43	3
166	240	43	1
140	242	43	1
178	245	43	1
119	256	43	1
139	256	43	1
155	257	43	1
175	257	43	2
146	258	43	1
175	258	43	1
144	259	43	1
143	260	43	1
149	260	43	3
159	260	43	2
160	260	43	1
161	260	43	1
170	260	43	2
172	260	43	1
178	260	43	3
146	261	43	1
209	261	43	1
152	262	43	1
153	262	43	1
158	262	43	1
160	262	43	1
164	262	43	1
167	262	43	2
177	262	43	3
206	262	43	1
208	262	43	1
147	263	43	2
148	263	43	1
154	263	43	1
144	264	43	2
147	264	43	1
151	264	43	2
124	265	43	1
145	265	43	3
147	265	43	1
151	265	43	3
145	266	43	1
149	266	43	2
151	266	43	2
158	266	43	1
147	267	43	1
143	268	43	2
149	268	43	1
164	268	43	1
151	270	43	1
143	271	43	1
143	272	43	2
147	272	43	1
149	272	43	1
214	272	43	1
146	273	43	3
147	273	43	2
148	273	43	2
153	274	43	1
156	274	43	2
214	274	43	1
255	274	43	1
129	275	43	2
131	275	43	1
142	275	43	1
144	275	43	2
145	275	43	2
155	275	43	1
160	275	43	1
148	276	43	2
152	276	43	2
165	276	43	3
131	277	43	2
156	277	43	2
164	277	43	2
132	278	43	1
149	278	43	2
155	278	43	2
162	278	43	3
142	279	43	1
148	279	43	1
152	279	43	1
147	280	43	1
148	280	43	1
150	280	43	1
152	280	43	1
155	280	43	1
210	280	43	1
148	281	43	2
152	281	43	1
140	282	43	2
154	282	43	1
214	282	43	1
150	283	43	1
152	283	43	1
153	283	43	1
250	283	43	1
141	284	43	2
148	284	43	2
149	284	43	2
152	284	43	1
141	285	43	2
151	285	43	2
152	285	43	1
155	285	43	1
160	285	43	1
215	285	43	1
140	286	43	1
141	286	43	2
143	286	43	1
216	286	43	1
137	288	43	2
140	288	43	1
173	288	43	1
133	289	43	1
134	289	43	1
256	289	43	4
134	291	43	1
152	292	43	1
143	293	43	1
146	293	43	1
255	293	43	1
256	293	43	3
141	294	43	3
151	295	43	2
254	295	43	2
136	296	43	2
137	296	43	1
137	297	43	1
149	297	43	1
136	298	43	2
209	298	43	1
141	299	43	1
143	299	43	1
135	300	43	2
138	300	43	5
141	300	43	1
152	300	43	1
140	301	43	1
142	301	43	1
129	302	43	1
135	302	43	1
170	302	43	1
172	302	43	1
130	303	43	2
135	303	43	2
136	303	43	1
138	303	43	2
167	303	43	1
170	303	43	4
126	304	43	1
140	304	43	1
143	304	43	2
126	305	43	1
131	305	43	2
135	305	43	1
141	305	43	1
143	305	43	1
125	306	43	1
129	306	43	3
131	306	43	1
132	306	43	2
143	306	43	1
168	306	43	1
126	307	43	1
129	308	43	1
174	308	43	1
141	309	43	1
167	309	43	1
144	312	43	1
143	314	43	1
140	317	43	1
137	319	43	2
142	319	43	1
114	321	43	1
138	321	43	2
179	323	43	2
135	324	43	1
135	325	43	3
140	325	43	1
136	326	43	2
177	326	43	1
249	326	43	1
156	328	43	2
184	328	43	1
133	329	43	1
132	331	43	1
189	331	43	2
133	332	43	2
192	332	43	1
218	332	43	3
240	332	43	1
179	333	43	2
187	333	43	1
188	333	43	1
216	333	43	1
151	334	43	1
181	334	43	1
189	334	43	1
219	334	43	1
128	335	43	1
131	335	43	1
156	335	43	1
131	336	43	2
217	336	43	1
220	336	43	2
244	336	43	1
245	336	43	1
249	337	43	2
132	338	43	1
249	338	43	1
195	340	43	2
211	344	43	4
231	344	43	2
208	347	43	1
211	347	43	1
231	347	43	1
233	347	43	2
210	349	43	4
232	349	43	1
236	349	43	1
227	350	43	1
233	350	43	2
235	351	43	1
205	352	43	1
207	352	43	1
231	352	43	1
207	353	43	1
204	354	43	1
208	354	43	1
206	358	43	1
207	358	43	1
206	359	43	2
186	360	43	1
206	361	43	1
206	363	43	1
139	228	44	1
140	228	44	1
141	229	44	1
135	230	44	1
137	231	44	2
136	232	44	2
164	232	44	2
137	233	44	1
140	234	44	3
139	236	44	2
159	236	44	2
139	238	44	1
177	243	44	1
178	245	44	2
179	249	44	1
175	257	44	1
176	258	44	1
177	258	44	1
178	258	44	1
150	260	44	1
177	260	44	1
147	261	44	3
155	261	44	2
156	261	44	1
161	261	44	1
174	261	44	2
175	261	44	2
156	262	44	1
159	262	44	1
160	262	44	1
147	263	44	1
149	263	44	2
156	263	44	1
158	263	44	1
159	263	44	2
146	264	44	1
146	266	44	2
147	266	44	1
149	266	44	1
143	269	44	3
146	269	44	1
152	269	44	1
213	269	44	1
145	270	44	2
147	271	44	1
203	271	44	1
144	272	44	1
148	272	44	2
143	273	44	1
148	273	44	1
156	273	44	2
145	274	44	1
144	275	44	3
153	276	44	1
156	276	44	1
167	276	44	1
252	276	44	3
146	277	44	2
158	277	44	1
151	278	44	1
154	278	44	1
160	278	44	1
146	279	44	3
155	279	44	1
146	281	44	3
148	281	44	1
150	281	44	1
156	281	44	1
204	281	44	1
143	282	44	1
150	282	44	4
151	282	44	3
152	282	44	4
158	282	44	1
142	283	44	1
148	283	44	1
217	283	44	1
149	284	44	1
155	284	44	1
212	285	44	1
121	290	44	2
139	291	44	2
144	291	44	3
252	292	44	2
145	293	44	1
132	294	44	1
142	294	44	1
143	294	44	1
144	294	44	1
225	295	44	1
223	296	44	3
139	297	44	1
130	299	44	1
135	299	44	1
137	299	44	1
139	299	44	1
143	300	44	2
168	300	44	1
130	301	44	1
145	301	44	1
209	301	44	2
133	302	44	2
142	302	44	1
165	302	44	2
140	303	44	1
130	304	44	1
131	306	44	1
144	306	44	2
173	306	44	1
170	309	44	1
174	309	44	1
143	310	44	1
170	310	44	1
141	315	44	1
142	316	44	2
141	317	44	1
182	325	44	1
133	326	44	1
133	328	44	1
133	329	44	2
187	329	44	1
179	330	44	1
133	331	44	2
182	332	44	1
132	334	44	1
218	334	44	2
128	335	44	1
215	335	44	1
213	336	44	1
215	337	44	3
216	337	44	3
217	337	44	1
215	338	44	1
216	344	44	1
211	346	44	1
228	346	44	1
211	347	44	1
228	347	44	1
234	347	44	1
211	348	44	3
179	360	44	1
192	361	44	1
140	231	45	1
163	233	45	1
175	257	45	1
176	258	45	1
174	259	45	1
176	259	45	1
173	260	45	1
175	262	45	1
159	263	45	1
153	265	45	2
155	267	45	1
148	269	45	1
143	270	45	3
148	270	45	1
136	271	45	3
144	272	45	2
151	272	45	1
141	275	45	1
146	275	45	1
164	277	45	1
152	278	45	1
147	279	45	2
162	279	45	3
149	280	45	1
148	281	45	1
144	282	45	2
142	283	45	1
145	283	45	1
251	283	45	1
140	285	45	1
218	286	45	3
144	291	45	1
140	294	45	5
145	294	45	3
143	295	45	2
140	296	45	3
143	296	45	2
128	299	45	1
135	299	45	1
138	299	45	2
140	299	45	1
138	301	45	2
127	302	45	2
137	302	45	2
143	302	45	3
133	303	45	1
130	304	45	1
132	304	45	2
139	304	45	1
140	304	45	1
180	318	45	1
185	322	45	3
252	324	45	1
186	326	45	3
187	329	45	1
185	330	45	2
189	331	45	1
217	334	45	1
245	340	45	2
215	343	45	1
217	345	45	1
209	347	45	1
227	349	45	3
206	351	45	1
230	354	45	1
134	229	46	1
132	236	46	1
181	247	46	3
176	258	46	1
154	262	46	1
159	263	46	2
157	265	46	1
147	266	46	2
145	269	46	1
145	270	46	1
154	270	46	1
144	272	46	1
146	272	46	2
163	275	46	1
150	279	46	1
155	279	46	3
149	280	46	2
152	280	46	1
158	280	46	1
215	280	46	1
146	281	46	1
150	281	46	2
144	282	46	2
153	282	46	2
140	284	46	1
149	284	46	1
140	285	46	2
146	285	46	1
120	286	46	1
143	290	46	2
145	291	46	1
140	292	46	1
144	292	46	2
201	292	46	1
204	292	46	1
148	293	46	4
146	294	46	1
139	295	46	2
140	296	46	1
207	296	46	1
225	297	46	2
136	298	46	1
140	298	46	1
143	299	46	1
144	299	46	1
143	300	46	1
228	300	46	1
132	301	46	2
136	301	46	3
130	302	46	1
146	302	46	1
133	303	46	2
139	303	46	1
195	315	46	1
184	319	46	1
188	319	46	2
184	320	46	1
188	320	46	1
179	322	46	1
191	322	46	1
176	323	46	1
179	323	46	2
189	323	46	2
180	324	46	1
174	325	46	1
172	326	46	1
182	326	46	1
183	326	46	1
174	327	46	1
178	327	46	1
191	327	46	1
183	328	46	2
188	328	46	1
216	341	46	1
222	342	46	2
222	343	46	1
232	343	46	1
205	346	46	1
209	351	46	1
182	353	46	2
131	223	47	1
212	261	47	2
146	270	47	1
155	279	47	3
164	281	47	1
146	282	47	1
120	283	47	2
149	284	47	1
146	293	47	2
144	294	47	1
140	297	47	1
140	298	47	1
178	320	47	2
194	321	47	2
179	322	47	1
175	324	47	2
179	324	47	1
218	341	47	2
212	344	47	3
206	348	47	1
207	351	47	1
207	355	47	2
203	356	47	1
231	356	47	1
144	225	48	3
186	257	48	3
154	274	48	1
146	275	48	2
159	279	48	2
140	285	48	1
140	295	48	1
137	297	48	1
142	300	48	3
124	319	48	2
179	323	48	1
169	324	48	1
157	325	48	1
216	342	48	2
217	344	48	1
207	351	48	1
136	222	49	3
140	224	49	1
170	228	49	2
116	230	49	1
135	230	49	1
172	237	49	1
126	245	49	1
147	245	49	2
151	252	49	1
195	252	49	1
156	256	49	1
171	260	49	2
145	262	49	1
139	263	49	2
146	264	49	1
191	267	49	2
127	268	49	1
139	268	49	1
167	269	49	4
169	270	49	1
144	271	49	1
154	274	49	2
146	276	49	2
155	276	49	3
145	279	49	1
147	279	49	2
207	279	49	1
134	280	49	1
145	280	49	1
113	284	49	1
169	284	49	1
132	285	49	1
132	287	49	2
142	291	49	1
144	294	49	3
133	295	49	1
136	298	49	3
133	299	49	3
139	299	49	1
144	299	49	1
131	300	49	1
225	300	49	1
133	303	49	1
139	304	49	1
128	307	49	2
169	308	49	1
213	311	49	1
170	312	49	1
149	313	49	1
145	316	49	1
138	333	49	1
148	337	49	1
239	344	49	1
160	348	49	4
179	349	49	1
206	353	49	1
134	227	50	1
131	229	50	2
173	232	50	1
162	253	50	1
139	263	50	1
149	263	50	1
155	263	50	3
130	265	50	1
154	270	50	3
155	273	50	1
134	275	50	1
160	275	50	2
220	277	50	4
150	283	50	2
249	286	50	2
146	289	50	1
143	291	50	2
131	294	50	1
244	301	50	1
140	302	50	1
132	304	50	1
131	306	50	2
146	307	50	1
193	307	50	1
129	312	50	1
157	313	50	2
195	325	50	3
179	329	50	4
198	337	50	1
