x	y	z	Metabolism of water-soluble vitamins and cofactors
233	274	25	1
234	274	25	1
235	276	25	1
236	276	25	1
214	282	25	1
238	285	25	1
239	285	25	1
233	286	25	1
241	295	25	1
232	265	26	1
234	280	26	1
236	280	26	1
241	285	26	1
246	292	26	1
247	292	26	1
250	292	26	1
240	293	26	1
221	295	26	1
177	261	27	1
219	264	27	1
215	266	27	1
232	267	27	1
214	268	27	1
225	268	27	1
228	269	27	1
237	269	27	1
178	271	27	1
249	271	27	1
211	273	27	1
232	273	27	1
234	273	27	1
214	274	27	1
221	274	27	1
233	276	27	1
240	281	27	1
257	281	27	1
212	284	27	1
247	286	27	1
248	287	27	1
223	288	27	1
226	289	27	1
251	289	27	1
239	291	27	1
218	292	27	1
220	296	27	1
236	300	27	1
236	272	28	1
248	286	28	1
222	292	28	1
197	266	29	1
228	266	29	1
233	271	29	1
235	275	29	1
245	279	29	1
236	292	29	1
247	293	29	1
249	293	29	1
240	299	29	1
229	255	30	1
222	259	30	1
199	261	30	1
197	263	30	1
231	264	30	1
231	266	30	1
236	267	30	1
246	267	30	1
250	267	30	1
216	268	30	1
246	268	30	1
180	269	30	1
239	271	30	1
204	273	30	1
219	279	30	1
231	284	30	1
233	284	30	1
226	285	30	1
205	286	30	1
234	287	30	1
229	291	30	1
221	298	30	1
241	300	30	1
247	302	30	1
235	304	30	1
237	304	30	1
216	257	31	1
238	257	31	1
225	262	31	1
238	263	31	1
231	264	31	1
217	267	31	1
238	268	31	1
241	271	31	1
218	272	31	1
229	273	31	1
238	273	31	1
237	275	31	1
203	278	31	1
178	282	31	1
181	282	31	1
252	283	31	1
219	284	31	1
236	288	31	1
231	291	31	1
223	293	31	1
235	294	31	1
225	297	31	1
241	303	31	1
238	304	31	1
215	253	32	1
216	253	32	1
224	253	32	1
238	257	32	1
214	258	32	1
237	259	32	1
214	260	32	1
230	261	32	1
196	262	32	1
230	264	32	1
247	264	32	1
225	268	32	1
223	269	32	1
176	271	32	1
211	271	32	1
235	272	32	1
236	273	32	1
234	274	32	1
250	274	32	1
234	276	32	1
177	279	32	1
178	279	32	1
178	285	32	1
229	285	32	1
236	285	32	1
174	286	32	1
183	286	32	1
231	286	32	1
227	287	32	1
242	289	32	1
236	291	32	1
224	293	32	1
230	302	32	1
239	303	32	1
242	306	32	1
229	252	33	1
224	257	33	1
226	258	33	1
242	259	33	1
243	260	33	1
228	261	33	1
240	261	33	1
203	263	33	1
194	265	33	1
213	265	33	1
246	266	33	1
182	267	33	1
183	267	33	1
216	268	33	1
194	269	33	1
178	272	33	1
246	272	33	1
209	273	33	1
214	275	33	1
227	275	33	1
238	278	33	2
207	281	33	1
233	282	33	1
238	282	33	1
250	283	33	1
229	285	33	1
201	286	33	1
250	289	33	1
237	293	33	1
256	294	33	1
250	295	33	1
202	297	33	1
247	300	33	1
221	310	33	1
232	312	33	1
216	257	34	1
230	259	34	1
238	260	34	1
241	262	34	1
209	264	34	1
245	264	34	1
190	265	34	1
243	265	34	1
211	266	34	1
214	267	34	1
231	268	34	1
206	270	34	1
176	272	34	1
187	274	34	1
236	274	34	1
237	274	34	1
240	274	34	1
226	275	34	1
239	275	34	1
219	276	34	1
210	280	34	1
249	282	34	1
243	283	34	1
220	284	34	1
223	287	34	1
231	288	34	1
248	290	34	1
222	296	34	1
236	299	34	1
224	301	34	1
223	306	34	1
206	307	34	1
237	307	34	1
243	307	34	2
224	312	34	1
228	312	34	1
240	254	35	1
215	256	35	1
228	258	35	1
242	258	35	1
234	259	35	1
226	260	35	1
235	260	35	1
237	260	35	1
243	262	35	1
186	264	35	1
216	264	35	1
194	265	35	1
204	265	35	1
243	265	35	1
196	266	35	1
214	268	35	1
216	268	35	1
238	268	35	1
186	270	35	1
242	271	35	1
215	272	35	1
227	273	35	1
186	274	35	1
209	275	35	1
242	276	35	1
203	278	35	1
216	278	35	1
207	279	35	1
233	279	35	1
213	281	35	1
231	282	35	1
180	283	35	1
209	283	35	1
186	284	35	1
225	284	35	1
241	284	35	1
180	285	35	1
188	286	35	1
200	286	35	1
199	288	35	1
174	289	35	1
185	289	35	1
193	289	35	1
239	289	35	1
201	291	35	1
188	292	35	1
248	292	35	1
181	296	35	1
223	296	35	1
229	299	35	1
227	300	35	1
233	306	35	1
235	306	35	1
239	306	35	1
241	307	35	1
202	309	35	1
214	311	35	1
217	313	35	1
230	317	35	1
228	258	36	1
220	261	36	1
188	268	36	1
193	269	36	1
214	270	36	1
232	270	36	1
211	272	36	1
213	276	36	1
224	278	36	1
187	279	36	1
191	285	36	1
210	285	36	1
244	285	36	1
207	286	36	1
209	286	36	1
207	287	36	1
203	288	36	1
221	288	36	1
231	288	36	1
244	288	36	1
193	289	36	1
232	289	36	1
198	290	36	1
184	291	36	2
194	292	36	2
223	292	36	1
224	294	36	1
241	295	36	1
227	297	36	1
236	297	36	1
226	298	36	1
225	308	36	1
226	310	36	1
243	310	36	1
232	311	36	1
214	315	36	1
231	319	36	1
232	262	37	1
189	264	37	1
238	264	37	1
188	268	37	1
210	269	37	1
206	275	37	1
214	275	37	1
208	276	37	1
197	285	37	1
198	285	37	1
226	285	37	1
238	291	37	1
239	294	37	1
230	298	37	1
233	302	37	1
240	306	37	1
241	307	37	1
235	308	37	1
225	312	37	1
230	312	37	1
232	312	37	1
237	313	37	1
228	314	37	1
216	274	38	1
203	275	38	1
232	285	38	1
198	287	38	1
207	288	38	1
189	291	38	1
208	292	38	1
208	293	38	1
241	297	38	1
244	299	38	1
227	301	38	1
228	303	38	1
193	307	38	1
227	307	38	1
234	307	38	1
235	311	38	1
227	315	38	1
228	316	38	1
243	317	38	1
221	278	39	1
190	282	39	2
205	286	39	1
190	287	39	1
191	291	39	1
236	292	39	1
237	292	39	1
213	294	39	1
227	304	39	1
237	304	39	1
198	307	39	1
221	313	39	1
191	291	40	1
242	292	40	1
197	295	40	1
241	297	40	1
224	309	40	1
217	311	40	1
216	312	41	1
238	313	41	1
218	318	41	1
240	317	42	1
247	318	42	1
222	310	43	1
234	311	43	1
132	221	20	2
142	221	20	2
179	221	20	2
123	222	20	1
127	222	20	3
132	222	20	2
134	222	20	1
178	222	20	3
138	223	20	1
148	223	20	2
115	224	20	1
133	224	20	1
134	224	20	1
144	224	20	2
155	224	20	1
156	224	20	1
167	224	20	2
172	224	20	1
175	224	20	2
135	225	20	1
141	225	20	1
162	225	20	1
176	225	20	2
115	226	20	1
119	226	20	2
126	226	20	2
139	226	20	2
156	226	20	1
160	227	20	1
178	227	20	2
119	228	20	1
128	228	20	1
130	228	20	1
151	228	20	2
155	228	20	1
157	228	20	1
179	228	20	3
196	228	20	1
197	228	20	2
153	229	20	2
169	230	20	1
173	230	20	1
186	230	20	1
132	231	20	1
149	231	20	1
154	231	20	2
160	231	20	1
161	231	20	1
170	231	20	2
177	231	20	1
199	231	20	1
115	232	20	2
142	232	20	1
130	233	20	1
147	233	20	1
152	233	20	2
165	233	20	1
169	233	20	1
170	233	20	1
206	233	20	1
135	234	20	1
154	234	20	1
204	234	20	2
213	234	20	1
215	234	20	2
126	235	20	1
129	235	20	3
135	235	20	1
136	235	20	1
143	235	20	2
145	235	20	2
151	235	20	1
216	235	20	3
218	235	20	2
222	235	20	1
127	236	20	1
146	236	20	1
154	236	20	1
163	236	20	1
133	237	20	1
145	237	20	2
146	237	20	2
147	237	20	1
148	237	20	1
151	237	20	2
154	237	20	2
165	237	20	2
168	237	20	1
169	237	20	2
202	237	20	1
204	237	20	1
126	238	20	1
127	238	20	1
141	238	20	2
150	238	20	2
152	238	20	2
158	238	20	2
168	238	20	4
192	238	20	1
213	238	20	2
139	239	20	1
141	239	20	1
144	239	20	2
151	239	20	2
160	239	20	1
165	239	20	1
118	240	20	2
126	240	20	1
132	240	20	3
146	240	20	3
149	240	20	2
214	240	20	2
231	240	20	1
239	240	20	1
122	241	20	2
126	241	20	1
127	241	20	2
129	241	20	2
135	241	20	2
138	241	20	5
139	241	20	1
145	241	20	1
146	241	20	2
157	241	20	1
167	241	20	2
237	241	20	3
121	242	20	1
123	242	20	1
132	242	20	1
137	242	20	2
141	242	20	1
150	242	20	2
163	242	20	1
183	242	20	2
207	242	20	2
214	242	20	1
237	242	20	3
116	243	20	2
124	243	20	2
125	243	20	2
132	243	20	2
140	243	20	2
181	243	20	1
201	243	20	1
247	243	20	2
118	244	20	1
123	244	20	2
126	244	20	1
134	244	20	1
135	244	20	1
145	244	20	1
154	244	20	2
155	244	20	2
183	244	20	1
188	244	20	1
207	244	20	1
210	244	20	1
214	244	20	1
220	244	20	1
242	244	20	1
121	245	20	2
176	245	20	1
182	245	20	1
214	245	20	2
226	245	20	1
241	245	20	3
122	246	20	2
126	246	20	1
130	246	20	1
149	246	20	1
177	246	20	1
215	246	20	2
221	246	20	1
237	246	20	1
240	246	20	3
246	246	20	2
252	246	20	1
102	247	20	1
122	247	20	1
133	247	20	1
139	247	20	1
218	247	20	2
235	247	20	2
248	247	20	1
114	248	20	2
141	248	20	2
158	248	20	1
163	248	20	2
166	248	20	1
175	248	20	3
210	248	20	3
233	248	20	1
102	249	20	1
143	249	20	1
145	249	20	1
194	249	20	1
215	249	20	1
101	250	20	1
113	250	20	1
119	250	20	3
121	250	20	1
155	250	20	2
162	250	20	2
172	250	20	1
175	250	20	1
225	250	20	1
207	251	20	1
216	251	20	1
218	251	20	1
220	251	20	3
223	251	20	1
251	251	20	1
118	252	20	2
122	252	20	1
173	252	20	1
175	252	20	1
218	252	20	1
226	252	20	2
234	252	20	1
120	253	20	1
122	253	20	1
140	253	20	2
194	253	20	3
222	253	20	2
252	253	20	1
124	254	20	1
148	254	20	2
161	254	20	1
180	254	20	1
183	254	20	1
197	254	20	1
217	254	20	1
223	254	20	2
248	254	20	3
255	254	20	2
143	255	20	1
198	255	20	2
207	255	20	1
214	255	20	3
246	255	20	1
110	256	20	2
113	256	20	2
128	256	20	2
145	256	20	1
157	256	20	1
161	256	20	1
196	256	20	2
204	256	20	1
234	256	20	1
262	256	20	1
124	257	20	1
143	257	20	3
146	257	20	1
159	257	20	1
171	257	20	1
175	257	20	2
229	257	20	2
232	257	20	1
251	257	20	1
128	258	20	2
132	258	20	1
162	258	20	2
163	258	20	1
172	258	20	3
175	258	20	2
176	258	20	1
198	258	20	1
220	258	20	1
232	258	20	1
166	259	20	2
193	259	20	1
195	259	20	2
197	259	20	1
201	259	20	2
229	259	20	1
250	259	20	1
265	259	20	1
108	260	20	2
127	260	20	1
134	260	20	1
147	260	20	1
157	260	20	1
158	260	20	1
184	260	20	1
200	260	20	2
224	260	20	1
245	260	20	1
102	261	20	1
130	261	20	1
140	261	20	1
142	261	20	1
156	261	20	3
165	261	20	2
199	261	20	2
207	261	20	2
215	261	20	1
226	261	20	1
228	261	20	1
231	261	20	2
118	262	20	1
124	262	20	2
152	262	20	1
156	262	20	1
230	262	20	1
142	263	20	2
163	263	20	1
191	263	20	2
210	263	20	2
259	263	20	1
105	264	20	1
136	264	20	1
146	264	20	2
168	264	20	1
187	264	20	1
220	264	20	1
249	264	20	1
250	264	20	1
264	264	20	2
134	265	20	1
137	265	20	1
162	265	20	1
176	265	20	2
179	265	20	1
190	265	20	1
218	265	20	1
236	265	20	1
117	266	20	2
118	266	20	1
155	266	20	1
160	266	20	1
170	266	20	1
172	266	20	1
179	266	20	1
184	266	20	1
197	266	20	2
211	266	20	1
251	266	20	1
116	267	20	3
117	267	20	1
239	267	20	2
262	267	20	1
109	268	20	1
113	268	20	1
121	268	20	2
141	268	20	3
145	268	20	1
151	268	20	1
156	268	20	1
157	268	20	2
167	268	20	1
209	268	20	1
213	268	20	1
255	268	20	2
112	269	20	1
118	269	20	2
130	269	20	2
132	269	20	3
147	269	20	2
159	269	20	1
167	269	20	3
184	269	20	2
197	269	20	2
214	269	20	1
246	269	20	1
257	269	20	1
100	270	20	2
113	270	20	1
117	270	20	1
147	270	20	2
156	270	20	1
162	270	20	1
165	270	20	3
166	270	20	2
177	270	20	2
210	270	20	2
217	270	20	1
224	270	20	1
226	270	20	2
250	270	20	2
261	270	20	1
133	271	20	2
159	271	20	3
162	271	20	1
163	271	20	1
164	271	20	1
165	271	20	1
171	271	20	2
201	271	20	2
222	271	20	2
225	271	20	1
266	271	20	3
268	271	20	1
107	272	20	1
113	272	20	1
115	272	20	1
120	272	20	1
144	272	20	1
154	272	20	1
158	272	20	1
162	272	20	1
166	272	20	1
168	272	20	1
169	272	20	2
175	272	20	2
176	272	20	1
181	272	20	1
218	272	20	2
225	272	20	1
226	272	20	1
255	272	20	1
119	273	20	2
123	273	20	1
132	273	20	1
149	273	20	1
152	273	20	1
167	273	20	1
170	273	20	1
178	273	20	2
201	273	20	1
220	273	20	2
223	273	20	1
122	274	20	1
139	274	20	3
165	274	20	1
167	274	20	1
169	274	20	3
170	274	20	1
174	274	20	1
197	274	20	1
227	274	20	2
229	274	20	1
131	275	20	1
154	275	20	2
172	275	20	1
174	275	20	2
176	275	20	2
200	275	20	2
204	275	20	3
205	275	20	1
208	275	20	1
221	275	20	1
226	275	20	1
235	275	20	1
110	276	20	1
130	276	20	2
142	276	20	2
155	276	20	2
157	276	20	2
162	276	20	1
167	276	20	2
170	276	20	2
174	276	20	1
180	276	20	1
221	276	20	3
222	276	20	1
231	276	20	1
258	276	20	4
111	277	20	2
130	277	20	4
154	277	20	2
171	277	20	1
211	277	20	2
217	277	20	2
219	277	20	1
227	277	20	2
249	277	20	1
262	277	20	1
129	278	20	3
152	278	20	1
160	278	20	1
176	278	20	2
180	278	20	1
183	278	20	1
208	278	20	1
227	278	20	2
256	278	20	1
269	278	20	1
150	279	20	1
171	279	20	1
175	279	20	1
177	279	20	1
186	279	20	1
200	279	20	2
204	279	20	2
218	279	20	1
224	279	20	3
225	279	20	1
228	279	20	2
234	279	20	1
269	279	20	2
108	280	20	1
109	280	20	2
162	280	20	2
172	280	20	1
174	280	20	2
175	280	20	2
199	280	20	2
224	280	20	1
256	280	20	2
134	281	20	4
166	281	20	1
168	281	20	1
169	281	20	1
176	281	20	1
216	281	20	1
218	281	20	1
222	281	20	1
227	281	20	1
106	282	20	1
116	282	20	2
149	282	20	1
152	282	20	1
158	282	20	2
181	282	20	1
203	282	20	1
219	282	20	3
269	282	20	1
130	283	20	1
161	283	20	1
167	283	20	2
170	283	20	2
176	283	20	2
190	283	20	1
203	283	20	1
216	283	20	1
266	283	20	1
272	283	20	1
149	284	20	1
153	284	20	1
214	284	20	1
223	284	20	1
267	284	20	2
109	285	20	2
119	285	20	2
137	285	20	1
139	285	20	2
141	285	20	1
145	285	20	2
157	285	20	1
205	285	20	1
208	285	20	1
210	285	20	1
223	285	20	1
230	285	20	1
231	285	20	1
250	285	20	2
268	285	20	1
129	286	20	2
133	286	20	1
164	286	20	1
213	286	20	2
225	286	20	2
236	286	20	1
112	287	20	1
129	287	20	1
146	287	20	1
155	287	20	1
199	287	20	1
205	287	20	1
220	287	20	1
224	287	20	1
226	287	20	1
261	287	20	2
269	287	20	1
113	288	20	1
126	288	20	3
136	288	20	3
167	288	20	1
170	288	20	2
196	288	20	2
224	288	20	1
225	288	20	2
230	288	20	1
238	288	20	1
147	289	20	1
152	289	20	1
179	289	20	3
181	289	20	2
217	289	20	2
143	290	20	2
173	290	20	2
189	290	20	1
195	290	20	2
224	290	20	3
250	290	20	3
259	290	20	2
106	291	20	1
108	291	20	2
149	291	20	1
163	291	20	2
192	291	20	1
227	291	20	1
112	292	20	3
129	292	20	1
146	292	20	3
157	292	20	2
173	292	20	2
195	292	20	1
207	292	20	1
217	292	20	2
219	292	20	3
237	292	20	1
242	292	20	2
244	292	20	3
249	292	20	1
264	292	20	1
265	292	20	1
268	292	20	1
106	293	20	2
117	293	20	1
133	293	20	1
134	293	20	1
148	293	20	1
165	293	20	1
219	293	20	1
225	293	20	1
258	293	20	4
261	293	20	1
118	294	20	1
126	294	20	1
136	294	20	2
141	294	20	2
174	294	20	1
177	294	20	1
194	294	20	1
199	294	20	3
211	294	20	1
214	294	20	1
216	294	20	2
219	294	20	1
220	294	20	1
264	294	20	3
269	294	20	4
136	295	20	1
151	295	20	1
189	295	20	1
196	295	20	3
198	295	20	1
266	295	20	1
271	295	20	3
131	296	20	1
136	296	20	2
143	296	20	2
157	296	20	1
162	296	20	2
163	296	20	1
170	296	20	1
178	296	20	2
187	296	20	2
193	296	20	1
194	296	20	1
196	296	20	1
202	296	20	1
212	296	20	3
216	296	20	2
217	296	20	2
270	296	20	1
151	297	20	3
161	297	20	1
172	297	20	2
238	297	20	1
256	297	20	1
257	297	20	2
268	297	20	1
270	297	20	1
110	298	20	1
123	298	20	1
147	298	20	1
153	298	20	1
177	298	20	1
192	298	20	1
193	298	20	1
203	298	20	2
246	298	20	2
265	298	20	2
134	299	20	1
179	299	20	1
194	299	20	1
235	299	20	1
243	299	20	2
257	299	20	2
120	300	20	1
139	300	20	1
174	300	20	2
191	300	20	2
253	300	20	2
118	301	20	1
133	301	20	2
149	301	20	1
155	301	20	1
159	301	20	1
166	301	20	1
233	301	20	2
268	301	20	1
116	302	20	1
134	302	20	1
167	302	20	1
187	302	20	1
206	302	20	1
213	302	20	1
219	302	20	1
252	302	20	1
257	302	20	1
261	302	20	1
264	302	20	1
150	303	20	4
187	303	20	2
234	303	20	1
266	303	20	1
149	304	20	2
157	304	20	1
174	304	20	1
193	304	20	1
203	304	20	1
209	304	20	1
210	304	20	1
234	304	20	1
236	304	20	2
237	304	20	1
239	304	20	2
243	304	20	1
256	304	20	1
124	305	20	1
130	305	20	3
177	305	20	1
208	305	20	2
223	305	20	1
236	305	20	1
237	305	20	1
252	305	20	3
258	305	20	2
132	306	20	1
136	306	20	3
146	306	20	2
172	306	20	3
177	306	20	3
191	306	20	1
209	306	20	1
236	306	20	1
240	306	20	1
249	306	20	2
259	306	20	3
100	307	20	4
118	307	20	1
124	307	20	1
142	307	20	3
158	307	20	2
182	307	20	1
211	307	20	2
213	307	20	3
227	307	20	1
229	307	20	1
234	307	20	1
241	307	20	1
184	308	20	1
186	308	20	3
197	308	20	1
200	308	20	2
201	308	20	2
205	308	20	2
219	308	20	1
220	308	20	3
227	308	20	2
229	308	20	1
232	308	20	2
233	308	20	1
235	308	20	1
249	308	20	2
257	308	20	1
260	308	20	1
124	309	20	3
130	309	20	2
134	309	20	2
202	309	20	2
203	309	20	1
205	309	20	1
224	309	20	3
238	309	20	1
239	309	20	3
246	309	20	2
263	309	20	2
268	309	20	1
269	309	20	1
118	310	20	2
182	310	20	1
185	310	20	1
245	310	20	1
255	310	20	2
263	310	20	2
152	311	20	2
201	311	20	1
210	311	20	1
246	311	20	1
264	311	20	2
266	311	20	2
100	312	20	3
115	312	20	3
168	312	20	2
202	312	20	2
205	312	20	1
209	312	20	3
233	312	20	4
258	312	20	1
260	312	20	3
263	312	20	1
107	313	20	1
139	313	20	1
174	313	20	2
181	313	20	2
182	313	20	2
201	313	20	1
212	313	20	1
227	313	20	1
229	313	20	1
250	313	20	1
180	314	20	1
201	314	20	1
202	314	20	2
210	314	20	1
237	314	20	2
259	314	20	1
266	314	20	1
124	315	20	2
133	315	20	2
148	315	20	2
150	315	20	2
159	315	20	2
169	315	20	2
180	315	20	1
194	315	20	2
198	315	20	2
215	315	20	1
243	315	20	1
250	315	20	4
256	315	20	1
259	315	20	1
260	315	20	1
262	315	20	1
263	315	20	2
265	315	20	1
266	315	20	1
98	316	20	2
119	316	20	1
126	316	20	2
146	316	20	1
178	316	20	3
179	316	20	1
185	316	20	1
198	316	20	1
202	316	20	2
203	316	20	2
232	316	20	2
235	316	20	1
244	316	20	1
259	316	20	1
103	317	20	1
115	317	20	2
129	317	20	1
145	317	20	1
152	317	20	2
162	317	20	1
163	317	20	1
172	317	20	1
212	317	20	2
232	317	20	1
251	317	20	1
117	318	20	1
121	318	20	2
126	318	20	1
133	318	20	3
172	318	20	1
187	318	20	2
198	318	20	1
237	318	20	2
247	318	20	1
257	318	20	1
260	318	20	1
261	318	20	1
263	318	20	1
98	319	20	1
100	319	20	1
140	319	20	1
153	319	20	2
168	319	20	1
171	319	20	1
193	319	20	1
233	319	20	1
242	319	20	2
258	319	20	1
141	320	20	3
168	320	20	1
180	320	20	1
187	320	20	1
195	320	20	2
200	320	20	1
241	320	20	1
243	320	20	1
244	320	20	1
112	321	20	2
140	321	20	3
197	321	20	2
213	321	20	1
237	321	20	2
254	321	20	1
257	321	20	1
127	322	20	2
157	322	20	2
178	322	20	2
185	322	20	1
187	322	20	2
198	322	20	3
200	322	20	1
226	322	20	1
257	322	20	1
258	322	20	1
99	323	20	1
106	323	20	1
108	323	20	1
118	323	20	1
164	323	20	1
177	323	20	1
180	323	20	2
186	323	20	2
193	323	20	3
194	323	20	1
222	323	20	1
233	323	20	1
236	323	20	1
237	323	20	2
264	323	20	3
135	324	20	2
165	324	20	2
169	324	20	2
185	324	20	2
188	324	20	1
196	324	20	3
203	324	20	2
101	325	20	1
111	325	20	1
139	325	20	2
180	325	20	2
181	325	20	1
183	325	20	1
185	325	20	1
187	325	20	1
190	325	20	1
195	325	20	2
207	325	20	4
216	325	20	1
259	325	20	3
122	326	20	2
177	326	20	1
188	326	20	4
191	326	20	2
194	326	20	1
199	326	20	1
201	326	20	1
203	326	20	1
211	326	20	1
212	326	20	1
217	326	20	1
261	326	20	1
102	327	20	2
106	327	20	2
139	327	20	2
153	327	20	1
189	327	20	2
190	327	20	1
212	327	20	1
228	327	20	1
258	327	20	1
120	328	20	6
135	328	20	2
144	328	20	1
156	328	20	1
173	328	20	1
179	328	20	1
181	328	20	1
183	328	20	1
200	328	20	1
214	328	20	2
221	328	20	1
261	328	20	1
98	329	20	2
106	329	20	1
117	329	20	2
137	329	20	1
158	329	20	1
165	329	20	1
179	329	20	1
180	329	20	1
199	329	20	1
221	329	20	2
253	329	20	2
124	330	20	1
131	330	20	2
150	330	20	1
157	330	20	2
258	330	20	1
259	330	20	1
260	330	20	1
100	331	20	1
118	331	20	2
136	331	20	1
145	331	20	1
177	331	20	2
186	331	20	2
200	331	20	2
205	331	20	1
240	331	20	1
255	331	20	1
113	332	20	4
150	332	20	1
172	332	20	1
176	332	20	2
179	332	20	2
180	332	20	1
191	332	20	1
192	332	20	1
198	332	20	1
216	332	20	2
218	332	20	1
232	332	20	1
117	333	20	1
132	333	20	1
137	333	20	2
157	333	20	2
161	333	20	1
175	333	20	1
179	333	20	4
204	333	20	2
210	333	20	1
235	333	20	1
244	333	20	3
250	333	20	1
261	333	20	1
131	334	20	2
143	334	20	2
151	334	20	2
153	334	20	1
160	334	20	1
177	334	20	2
186	334	20	2
205	334	20	2
207	334	20	2
210	334	20	1
244	334	20	2
253	334	20	1
258	334	20	1
179	335	20	1
210	335	20	1
227	335	20	1
237	335	20	1
239	335	20	2
246	335	20	1
134	336	20	1
137	336	20	1
144	336	20	2
163	336	20	1
169	336	20	1
175	336	20	2
188	336	20	1
200	336	20	1
205	336	20	1
222	336	20	3
224	336	20	2
260	336	20	2
144	337	20	2
173	337	20	1
205	337	20	2
217	337	20	2
220	337	20	1
233	337	20	5
173	338	20	3
183	338	20	2
198	338	20	2
173	339	20	2
242	339	20	2
249	339	20	1
177	340	20	2
201	340	20	3
233	340	20	2
157	341	20	1
173	341	20	2
213	341	20	1
214	341	20	2
230	341	20	1
234	341	20	1
237	341	20	1
242	341	20	3
246	341	20	2
173	342	20	1
185	342	20	1
231	342	20	1
194	343	20	1
229	343	20	2
240	343	20	1
243	343	20	1
178	344	20	1
216	344	20	3
244	344	20	3
183	345	20	1
209	345	20	1
223	345	20	1
240	345	20	1
243	345	20	3
162	346	20	1
187	346	20	2
213	346	20	1
217	346	20	1
190	347	20	2
201	347	20	2
202	347	20	1
161	348	20	1
173	348	20	2
232	348	20	1
178	349	20	2
186	349	20	1
235	349	20	1
165	350	20	3
207	350	20	2
221	350	20	1
237	350	20	2
203	351	20	1
178	352	20	1
183	352	20	1
186	352	20	1
197	352	20	2
165	353	20	3
173	353	20	1
170	354	20	1
178	354	20	1
208	354	20	2
210	354	20	3
200	355	20	2
210	355	20	1
229	356	20	3
180	357	20	1
198	357	20	3
199	357	20	1
207	357	20	1
215	357	20	1
220	357	20	2
169	358	20	1
178	358	20	2
220	358	20	3
171	359	20	2
173	359	20	2
176	359	20	2
178	359	20	1
200	359	20	1
218	359	20	2
173	360	20	1
176	360	20	2
179	360	20	1
180	360	20	3
186	360	20	2
219	360	20	1
176	361	20	1
203	361	20	1
205	361	20	2
192	362	20	1
193	364	20	2
129	222	21	1
142	224	21	2
172	224	21	2
159	225	21	1
175	225	21	2
155	226	21	1
183	226	21	1
146	228	21	1
161	228	21	2
154	229	21	2
156	229	21	1
154	230	21	1
173	230	21	1
188	230	21	1
137	231	21	1
162	232	21	1
136	233	21	1
144	233	21	1
140	235	21	1
141	235	21	1
215	235	21	2
217	235	21	4
131	236	21	2
132	236	21	3
133	236	21	1
146	236	21	1
147	236	21	1
214	236	21	1
132	237	21	2
136	237	21	1
137	237	21	3
138	237	21	1
146	237	21	1
154	237	21	1
178	237	21	1
128	238	21	1
131	238	21	1
132	238	21	1
137	238	21	1
148	238	21	1
151	238	21	2
200	238	21	1
129	239	21	1
135	239	21	2
136	239	21	1
139	239	21	1
178	239	21	2
195	239	21	1
126	240	21	1
127	240	21	2
128	240	21	1
132	240	21	1
138	240	21	1
150	240	21	1
151	240	21	1
171	240	21	1
214	240	21	1
241	240	21	1
126	241	21	2
130	241	21	1
132	241	21	2
135	241	21	2
137	241	21	1
147	241	21	1
152	241	21	1
174	241	21	1
215	241	21	2
136	242	21	2
143	242	21	1
144	242	21	1
215	242	21	2
109	243	21	1
116	243	21	2
128	243	21	1
129	243	21	1
136	243	21	1
138	243	21	2
141	243	21	3
142	243	21	1
143	243	21	2
146	243	21	1
152	243	21	3
213	243	21	2
135	244	21	2
141	244	21	2
139	245	21	2
149	245	21	1
214	245	21	3
215	245	21	1
217	245	21	1
137	246	21	1
201	247	21	1
134	249	21	1
217	250	21	2
117	251	21	1
217	251	21	2
220	251	21	1
232	251	21	2
148	252	21	1
158	252	21	1
201	252	21	3
219	252	21	1
220	252	21	1
197	253	21	2
228	253	21	1
223	254	21	1
225	254	21	1
169	255	21	1
223	255	21	1
225	255	21	1
226	255	21	1
230	255	21	1
231	255	21	5
122	256	21	2
107	257	21	1
197	257	21	2
200	257	21	1
252	258	21	3
160	259	21	1
163	259	21	2
196	260	21	1
231	260	21	3
130	261	21	2
201	261	21	1
137	262	21	1
189	262	21	2
133	263	21	1
162	264	21	1
163	264	21	2
181	264	21	2
135	265	21	3
158	265	21	1
162	265	21	2
215	265	21	1
222	265	21	1
139	266	21	1
162	267	21	2
155	268	21	1
183	268	21	2
114	269	21	2
117	269	21	2
124	269	21	1
154	269	21	1
160	269	21	1
177	269	21	1
178	269	21	1
208	269	21	4
115	270	21	1
117	270	21	2
126	270	21	1
156	270	21	1
164	270	21	2
115	271	21	3
119	271	21	2
159	271	21	1
174	271	21	1
124	272	21	1
125	272	21	1
149	272	21	1
158	272	21	1
159	272	21	3
164	272	21	2
165	272	21	1
167	272	21	2
173	272	21	2
175	272	21	1
182	272	21	2
120	273	21	1
122	273	21	1
133	273	21	2
164	273	21	1
178	273	21	3
225	273	21	1
134	274	21	1
154	274	21	2
167	274	21	1
176	274	21	1
165	275	21	1
175	275	21	2
176	275	21	1
177	275	21	1
179	275	21	1
219	275	21	1
116	276	21	1
117	276	21	2
136	276	21	1
173	276	21	3
175	276	21	1
219	276	21	1
221	276	21	1
223	276	21	1
267	276	21	4
172	277	21	1
174	277	21	2
218	277	21	3
124	278	21	3
157	278	21	1
218	278	21	1
221	278	21	3
169	279	21	2
170	279	21	1
177	279	21	1
186	279	21	1
216	279	21	1
218	279	21	1
225	279	21	3
125	280	21	1
167	280	21	1
168	280	21	2
172	280	21	1
177	280	21	4
204	280	21	1
205	280	21	1
219	280	21	1
227	280	21	2
175	281	21	2
225	281	21	3
140	282	21	3
217	282	21	1
224	282	21	1
270	282	21	2
173	283	21	1
217	283	21	1
206	284	21	1
230	284	21	1
125	285	21	1
180	285	21	1
223	285	21	1
237	285	21	3
220	286	21	1
152	287	21	1
220	287	21	1
221	287	21	1
251	287	21	1
186	288	21	2
205	288	21	1
220	288	21	1
224	288	21	1
217	289	21	2
223	289	21	2
225	289	21	2
220	290	21	1
221	290	21	1
106	291	21	1
218	291	21	3
219	291	21	4
271	292	21	1
196	293	21	1
187	294	21	3
193	294	21	2
194	294	21	2
269	294	21	2
140	295	21	3
215	295	21	2
217	295	21	1
218	295	21	1
271	295	21	2
156	296	21	1
150	297	21	2
154	297	21	1
250	297	21	3
177	298	21	1
230	298	21	1
232	298	21	1
192	299	21	1
131	300	21	2
214	300	21	3
239	300	21	1
267	300	21	1
252	301	21	1
269	301	21	1
189	302	21	1
264	302	21	2
105	303	21	1
186	303	21	2
239	303	21	2
240	303	21	1
187	304	21	1
240	304	21	1
266	304	21	1
267	304	21	1
96	305	21	1
241	305	21	1
242	305	21	2
181	306	21	1
203	306	21	2
209	306	21	1
234	306	21	1
235	306	21	1
238	306	21	1
258	306	21	3
203	307	21	1
204	307	21	1
210	307	21	1
260	307	21	2
180	308	21	3
205	308	21	1
232	308	21	3
240	308	21	2
256	308	21	3
259	308	21	1
260	308	21	1
261	308	21	2
264	308	21	2
100	309	21	2
170	309	21	2
242	309	21	2
261	309	21	1
264	309	21	1
114	310	21	3
132	310	21	2
166	310	21	1
176	310	21	2
180	310	21	2
252	310	21	3
257	310	21	1
261	310	21	1
177	311	21	1
199	311	21	1
212	311	21	1
148	312	21	1
167	312	21	1
179	312	21	2
199	312	21	2
201	312	21	2
203	312	21	1
227	312	21	2
230	312	21	1
258	312	21	1
116	313	21	2
200	313	21	4
238	313	21	1
261	313	21	1
262	313	21	1
175	314	21	2
182	314	21	1
203	314	21	2
230	314	21	1
237	314	21	1
256	314	21	1
260	314	21	3
115	315	21	1
163	315	21	2
179	315	21	1
265	315	21	1
181	316	21	1
203	316	21	1
208	316	21	2
256	316	21	1
166	317	21	2
178	317	21	3
200	317	21	2
232	317	21	1
257	317	21	2
264	317	21	3
146	318	21	1
170	318	21	1
177	318	21	2
233	318	21	1
240	318	21	1
264	318	21	2
266	318	21	1
152	319	21	1
241	319	21	2
247	319	21	2
258	319	21	1
92	320	21	2
257	320	21	1
183	321	21	1
256	321	21	1
258	321	21	2
260	321	21	1
178	322	21	1
187	322	21	2
199	322	21	1
259	322	21	1
98	323	21	1
126	323	21	1
179	323	21	1
227	323	21	2
243	323	21	2
149	324	21	1
162	324	21	2
178	324	21	1
184	324	21	1
187	324	21	1
195	324	21	2
196	324	21	1
181	325	21	1
186	325	21	2
187	325	21	2
195	325	21	1
199	325	21	3
202	325	21	1
96	326	21	1
189	326	21	1
147	328	21	1
173	328	21	4
260	328	21	2
99	329	21	2
100	329	21	1
153	331	21	1
183	331	21	1
138	332	21	1
181	332	21	2
261	332	21	2
220	333	21	1
121	334	21	2
260	334	21	1
134	335	21	2
237	335	21	1
259	335	21	1
173	336	21	3
177	336	21	1
178	336	21	2
183	336	21	3
259	336	21	1
260	336	21	3
175	337	21	3
177	337	21	1
145	338	21	1
176	338	21	1
148	339	21	1
175	339	21	2
189	339	21	1
163	340	21	1
231	340	21	1
237	340	21	1
225	341	21	1
169	342	21	1
231	342	21	1
239	342	21	1
240	344	21	2
241	344	21	1
243	345	21	1
180	346	21	1
173	349	21	2
198	349	21	3
221	354	21	1
181	355	21	1
169	356	21	2
197	363	21	2
126	226	22	1
154	230	22	2
134	234	22	2
147	234	22	1
132	235	22	3
142	235	22	1
143	235	22	2
133	236	22	2
136	236	22	2
139	236	22	1
140	236	22	2
130	237	22	1
133	237	22	1
135	237	22	1
143	237	22	3
129	238	22	1
134	238	22	1
139	238	22	1
146	238	22	1
132	239	22	1
144	239	22	1
213	239	22	1
216	239	22	1
125	240	22	1
129	240	22	3
139	240	22	1
152	240	22	1
154	240	22	1
216	240	22	3
132	241	22	2
137	241	22	2
139	241	22	1
146	241	22	2
148	241	22	1
215	241	22	3
131	242	22	1
134	242	22	1
135	242	22	1
215	242	22	1
136	243	22	1
139	243	22	1
136	244	22	1
136	245	22	2
132	246	22	1
216	251	22	1
221	254	22	1
161	255	22	1
229	255	22	1
150	256	22	2
163	256	22	2
196	256	22	1
228	256	22	3
161	257	22	1
163	257	22	1
237	257	22	1
160	258	22	2
163	258	22	2
197	258	22	1
232	259	22	1
162	260	22	1
197	260	22	1
163	261	22	1
161	263	22	1
163	264	22	1
119	267	22	1
121	267	22	1
122	267	22	3
132	267	22	1
160	267	22	1
157	268	22	1
162	268	22	2
165	268	22	1
195	268	22	2
155	269	22	1
159	269	22	2
121	270	22	2
122	270	22	1
127	270	22	1
155	270	22	2
158	270	22	2
119	271	22	1
156	271	22	1
164	271	22	1
165	271	22	1
176	271	22	2
181	271	22	2
120	272	22	1
155	272	22	2
177	272	22	1
165	273	22	1
170	273	22	2
179	273	22	1
156	274	22	1
165	274	22	1
174	274	22	3
177	274	22	1
164	275	22	1
165	275	22	2
227	275	22	3
176	276	22	2
170	277	22	1
176	277	22	1
190	278	22	2
227	278	22	3
171	279	22	2
178	279	22	1
217	279	22	1
226	279	22	1
230	279	22	1
167	280	22	2
173	280	22	1
227	280	22	2
167	282	22	1
170	282	22	1
175	282	22	1
226	282	22	1
271	284	22	2
224	285	22	1
271	287	22	1
219	288	22	1
198	290	22	1
219	292	22	1
266	294	22	2
269	294	22	3
215	296	22	1
219	297	22	1
220	297	22	4
268	297	22	1
216	299	22	1
214	300	22	1
267	300	22	2
189	301	22	1
210	301	22	3
238	303	22	1
268	303	22	1
185	304	22	1
186	304	22	2
210	304	22	2
236	304	22	1
263	304	22	1
185	305	22	1
236	305	22	1
232	306	22	1
238	306	22	2
204	307	22	2
262	307	22	1
203	308	22	1
235	308	22	2
260	308	22	1
201	309	22	2
231	309	22	1
204	310	22	3
207	310	22	1
209	310	22	1
259	310	22	1
206	311	22	2
231	311	22	2
264	311	22	1
176	312	22	1
258	312	22	2
175	313	22	2
260	313	22	2
261	313	22	2
200	314	22	2
236	314	22	1
257	314	22	2
179	315	22	1
226	315	22	3
257	315	22	1
261	315	22	1
263	315	22	3
179	317	22	3
236	317	22	1
256	317	22	2
258	317	22	1
258	318	22	1
180	319	22	1
260	320	22	2
261	320	22	1
256	321	22	3
181	322	22	2
185	322	22	1
258	322	22	1
185	323	22	3
197	323	22	1
258	323	22	1
261	323	22	2
179	324	22	1
180	324	22	3
184	324	22	3
196	324	22	1
200	324	22	2
146	325	22	1
181	325	22	1
184	325	22	1
188	325	22	2
215	325	22	2
202	326	22	1
202	327	22	1
98	328	22	1
199	328	22	2
200	328	22	3
99	329	22	2
103	330	22	1
184	330	22	2
100	332	22	1
178	334	22	2
180	334	22	2
176	335	22	3
179	337	22	3
177	338	22	1
179	339	22	2
235	340	22	1
240	343	22	4
245	343	22	1
242	344	22	1
180	360	22	1
156	225	23	2
157	225	23	1
175	225	23	2
180	225	23	2
158	226	23	1
157	229	23	2
156	230	23	1
157	230	23	1
152	231	23	2
157	231	23	1
134	234	23	2
138	234	23	2
140	234	23	2
143	234	23	1
146	234	23	2
140	235	23	2
145	235	23	1
146	235	23	2
148	235	23	3
133	236	23	1
144	236	23	3
150	236	23	1
133	237	23	1
142	237	23	1
130	238	23	5
140	238	23	2
217	238	23	3
131	239	23	1
142	240	23	1
132	241	23	1
135	241	23	1
136	241	23	3
138	241	23	1
141	241	23	2
142	241	23	1
143	241	23	2
149	241	23	1
150	241	23	1
138	242	23	3
146	242	23	1
149	242	23	1
215	242	23	1
140	243	23	2
214	243	23	1
227	243	23	1
134	244	23	2
139	244	23	3
142	244	23	1
134	246	23	1
215	246	23	2
227	249	23	1
218	250	23	1
219	251	23	1
222	252	23	1
222	253	23	1
223	253	23	3
196	254	23	2
223	254	23	1
162	255	23	1
197	255	23	1
226	255	23	1
231	255	23	1
163	256	23	3
228	257	23	1
220	262	23	1
218	263	23	1
119	267	23	3
124	267	23	3
162	267	23	1
127	268	23	2
240	269	23	1
120	270	23	2
156	270	23	1
183	270	23	2
168	271	23	4
154	272	23	2
167	272	23	2
177	272	23	1
158	273	23	2
164	273	23	1
166	273	23	3
177	273	23	2
226	274	23	1
167	275	23	1
173	275	23	1
224	275	23	1
140	276	23	1
179	276	23	1
166	277	23	1
176	277	23	1
168	278	23	1
169	278	23	1
178	278	23	1
170	279	23	1
175	279	23	2
219	279	23	1
176	280	23	1
169	281	23	2
170	281	23	2
174	281	23	2
210	281	23	2
173	282	23	1
174	282	23	2
174	283	23	1
172	284	23	1
176	284	23	2
226	284	23	2
271	285	23	1
271	286	23	1
220	291	23	1
222	291	23	1
269	291	23	1
220	293	23	2
266	293	23	1
267	293	23	2
271	293	23	1
269	294	23	3
266	295	23	2
215	296	23	1
218	296	23	2
269	297	23	3
266	298	23	2
267	298	23	2
264	299	23	1
207	301	23	1
235	301	23	2
236	301	23	1
264	301	23	1
236	302	23	1
136	303	23	1
208	305	23	1
264	305	23	1
265	305	23	1
239	306	23	3
241	306	23	2
185	307	23	1
205	307	23	1
206	307	23	1
235	307	23	3
236	307	23	1
241	307	23	2
262	307	23	1
241	308	23	2
266	308	23	2
179	309	23	1
181	309	23	1
182	309	23	2
203	309	23	1
261	309	23	1
176	310	23	2
257	310	23	1
260	310	23	1
234	311	23	3
240	311	23	2
175	312	23	1
176	312	23	2
203	312	23	1
260	312	23	1
261	312	23	1
263	312	23	1
203	313	23	3
239	313	23	3
262	313	23	2
232	314	23	2
257	314	23	3
263	314	23	1
179	315	23	3
203	315	23	1
238	315	23	1
245	315	23	2
257	315	23	4
259	315	23	1
265	315	23	1
172	316	23	1
264	316	23	1
256	317	23	4
257	317	23	1
258	317	23	3
182	318	23	1
257	318	23	1
259	318	23	3
261	318	23	1
262	318	23	1
241	319	23	1
256	319	23	1
261	319	23	2
260	321	23	1
187	322	23	2
236	322	23	2
256	322	23	1
184	323	23	1
162	324	23	3
178	324	23	1
260	324	23	4
182	325	23	1
188	325	23	3
194	326	23	1
259	326	23	1
99	327	23	1
184	327	23	1
94	328	23	2
97	328	23	1
203	328	23	3
96	329	23	1
94	330	23	2
180	330	23	1
184	330	23	1
257	330	23	1
260	331	23	1
180	332	23	2
182	333	23	4
259	333	23	2
235	340	23	1
240	342	23	1
244	344	23	1
242	345	23	1
176	358	23	1
182	221	24	2
181	222	24	1
178	223	24	2
179	224	24	1
160	225	24	1
176	225	24	1
156	226	24	1
157	226	24	2
174	226	24	3
160	227	24	2
154	229	24	1
156	229	24	1
157	229	24	1
158	229	24	1
162	231	24	2
153	232	24	1
135	234	24	3
138	234	24	1
151	234	24	1
135	235	24	2
136	235	24	1
145	235	24	1
151	235	24	1
136	236	24	2
137	236	24	1
139	236	24	2
140	236	24	2
146	236	24	3
151	236	24	1
137	237	24	2
145	237	24	1
143	238	24	2
151	238	24	1
132	239	24	2
133	239	24	1
142	239	24	1
145	239	24	3
108	240	24	2
132	240	24	1
137	240	24	1
146	240	24	1
132	241	24	3
140	242	24	3
143	242	24	1
226	242	24	1
132	243	24	2
149	243	24	1
139	244	24	2
141	244	24	1
146	244	24	1
147	244	24	2
137	245	24	5
141	246	24	1
142	246	24	3
139	247	24	3
140	247	24	1
228	247	24	1
215	248	24	1
138	249	24	2
139	249	24	3
222	251	24	2
131	252	24	2
225	252	24	4
141	253	24	1
220	253	24	1
222	253	24	1
140	254	24	1
227	254	24	3
140	255	24	1
143	255	24	4
163	256	24	1
194	257	24	1
197	257	24	3
196	258	24	2
199	258	24	2
118	260	24	1
225	260	24	1
120	261	24	1
198	261	24	1
117	262	24	1
118	262	24	1
119	262	24	2
222	262	24	1
121	263	24	4
217	263	24	1
221	263	24	1
163	264	24	3
117	265	24	3
118	265	24	1
119	265	24	1
127	265	24	2
117	266	24	1
126	266	24	1
165	267	24	1
127	268	24	1
156	269	24	1
165	269	24	2
127	270	24	1
131	271	24	1
181	271	24	1
166	272	24	1
177	273	24	1
166	274	24	1
167	275	24	2
170	276	24	3
168	277	24	5
169	277	24	2
180	277	24	2
171	278	24	3
175	278	24	1
178	278	24	1
170	279	24	2
173	279	24	1
179	279	24	1
180	279	24	1
168	280	24	1
174	280	24	2
176	282	24	1
173	283	24	1
176	284	24	2
206	284	24	2
204	285	24	2
276	286	24	1
275	288	24	1
277	288	24	2
201	289	24	2
276	289	24	1
274	290	24	1
275	290	24	1
222	291	24	1
275	291	24	2
237	294	24	1
191	296	24	1
219	296	24	2
236	297	24	3
213	299	24	1
264	299	24	1
265	299	24	1
189	300	24	1
235	300	24	1
235	301	24	1
238	301	24	2
267	301	24	3
235	302	24	3
240	302	24	1
263	302	24	2
266	302	24	2
207	303	24	1
234	303	24	1
186	304	24	1
188	304	24	1
235	304	24	1
236	304	24	1
238	304	24	2
241	304	24	3
263	304	24	1
240	305	24	1
259	305	24	1
264	305	24	1
238	306	24	2
242	306	24	1
262	306	24	2
266	306	24	3
259	307	24	1
260	307	24	1
263	307	24	1
265	307	24	1
202	308	24	2
206	308	24	2
209	308	24	2
263	308	24	1
181	309	24	1
232	309	24	1
237	309	24	1
257	309	24	1
259	309	24	2
260	309	24	1
202	310	24	4
204	310	24	1
240	310	24	2
231	311	24	1
235	311	24	1
260	311	24	1
266	311	24	2
200	312	24	1
239	312	24	1
240	312	24	1
255	312	24	1
257	312	24	1
263	312	24	1
177	313	24	1
209	313	24	1
261	313	24	2
264	313	24	3
175	314	24	2
234	314	24	1
237	314	24	1
257	314	24	1
259	314	24	3
260	314	24	2
263	314	24	1
175	315	24	1
177	315	24	2
211	315	24	1
258	315	24	1
260	315	24	2
172	316	24	1
213	316	24	1
258	316	24	1
167	317	24	1
185	317	24	1
259	317	24	1
168	318	24	1
169	318	24	1
179	318	24	1
253	318	24	2
259	318	24	2
253	319	24	1
261	319	24	1
263	319	24	1
166	320	24	2
182	320	24	2
185	320	24	1
187	320	24	2
239	320	24	1
164	321	24	1
165	321	24	2
181	321	24	1
186	321	24	1
238	321	24	2
259	321	24	1
260	321	24	2
185	322	24	1
241	322	24	1
236	323	24	1
161	324	24	1
186	324	24	1
259	324	24	1
182	325	24	1
185	325	24	4
188	325	24	2
183	326	24	2
185	326	24	2
258	326	24	1
261	326	24	2
183	327	24	1
184	327	24	1
201	327	24	1
99	329	24	1
154	329	24	1
157	329	24	4
183	329	24	1
185	329	24	2
261	329	24	1
96	330	24	1
97	330	24	2
105	330	24	1
132	330	24	2
180	331	24	1
261	331	24	1
97	332	24	2
102	332	24	2
178	334	24	1
257	334	24	1
258	334	24	1
146	335	24	1
181	335	24	4
257	335	24	1
259	335	24	1
181	336	24	1
259	336	24	1
259	337	24	2
181	359	24	1
179	222	25	1
180	222	25	1
158	228	25	1
161	228	25	2
152	230	25	1
159	230	25	1
158	231	25	3
150	233	25	1
163	233	25	2
137	234	25	2
152	234	25	4
136	235	25	1
142	235	25	2
143	235	25	2
144	235	25	1
150	235	25	1
135	236	25	2
133	237	25	2
141	237	25	1
145	237	25	1
247	237	25	1
140	238	25	2
246	238	25	2
133	239	25	1
134	239	25	1
135	239	25	2
132	240	25	2
134	240	25	1
134	241	25	1
135	241	25	1
226	241	25	2
237	241	25	1
131	243	25	2
134	243	25	2
135	244	25	3
134	245	25	1
133	246	25	1
135	246	25	1
139	246	25	3
230	248	25	1
195	249	25	2
138	250	25	1
229	250	25	1
136	251	25	3
225	253	25	1
224	257	25	1
121	258	25	2
121	259	25	1
223	260	25	4
118	261	25	1
122	261	25	1
123	262	25	1
219	263	25	4
120	264	25	1
215	264	25	2
122	266	25	1
128	266	25	1
181	271	25	4
180	274	25	2
175	276	25	2
164	278	25	1
165	278	25	4
170	278	25	1
177	278	25	1
178	278	25	1
170	279	25	1
273	279	25	1
170	280	25	2
274	280	25	1
276	280	25	1
169	281	25	2
165	282	25	1
172	282	25	4
174	282	25	1
275	285	25	2
277	288	25	1
199	289	25	1
271	290	25	1
271	291	25	1
266	292	25	1
270	293	25	1
269	294	25	2
266	295	25	1
266	296	25	1
269	296	25	1
238	297	25	1
266	297	25	1
268	297	25	1
268	299	25	3
266	300	25	1
262	301	25	1
237	302	25	1
235	305	25	3
236	305	25	2
264	307	25	1
232	308	25	1
243	308	25	1
208	310	25	3
260	310	25	1
206	311	25	2
208	311	25	2
230	311	25	2
233	311	25	1
258	311	25	1
260	311	25	1
208	312	25	1
230	312	25	1
260	312	25	1
232	314	25	1
256	314	25	1
257	314	25	1
258	314	25	1
262	314	25	1
210	316	25	2
256	316	25	1
262	316	25	4
257	317	25	2
260	317	25	2
261	317	25	2
259	318	25	1
241	320	25	2
257	320	25	2
238	321	25	2
258	321	25	1
260	322	25	1
239	323	25	1
237	324	25	1
259	324	25	3
258	325	25	2
188	327	25	2
258	327	25	4
183	329	25	1
107	331	25	1
259	331	25	2
144	337	25	1
180	221	26	1
180	222	26	1
182	222	26	1
180	223	26	1
181	223	26	3
179	224	26	1
174	226	26	2
157	228	26	1
160	230	26	1
168	230	26	2
144	233	26	1
246	234	26	1
139	235	26	1
145	235	26	1
246	235	26	1
249	235	26	2
248	236	26	1
135	237	26	1
142	237	26	1
143	237	26	2
133	238	26	1
137	238	26	1
143	238	26	1
144	238	26	3
248	238	26	3
240	239	26	2
134	240	26	2
135	240	26	3
131	241	26	1
226	241	26	1
132	243	26	2
226	243	26	1
235	243	26	1
134	245	26	3
137	245	26	1
226	246	26	2
223	248	26	1
226	248	26	1
125	251	26	2
229	251	26	2
124	252	26	1
226	252	26	3
123	253	26	1
224	253	26	1
227	253	26	1
124	255	26	1
121	257	26	4
121	258	26	1
120	259	26	1
123	259	26	1
123	267	26	1
126	268	26	3
211	268	26	1
119	269	26	3
121	269	26	2
122	269	26	1
123	269	26	1
126	269	26	2
176	275	26	1
178	275	26	1
177	276	26	3
178	277	26	1
169	278	26	1
163	279	26	1
176	279	26	1
165	280	26	1
173	280	26	1
174	280	26	1
274	280	26	3
172	281	26	1
273	281	26	1
167	282	26	1
175	283	26	2
176	283	26	2
274	283	26	1
274	284	26	1
181	287	26	2
183	288	26	1
266	297	26	1
235	298	26	3
267	298	26	2
237	306	26	3
229	308	26	2
262	309	26	1
259	311	26	1
209	312	26	1
243	312	26	2
257	312	26	1
208	313	26	1
209	313	26	1
258	313	26	4
211	314	26	3
260	314	26	2
262	314	26	1
258	315	26	1
210	316	26	2
257	316	26	1
263	316	26	1
256	317	26	2
258	317	26	2
262	317	26	4
258	318	26	3
237	319	26	1
239	320	26	1
241	320	26	2
241	321	26	2
242	321	26	3
240	322	26	1
259	331	26	2
186	359	26	2
186	360	26	1
183	222	27	1
160	229	27	1
161	231	27	1
162	231	27	1
161	232	27	1
162	232	27	2
164	232	27	1
164	233	27	2
144	234	27	1
152	234	27	1
250	235	27	1
136	236	27	1
137	236	27	1
245	236	27	1
250	236	27	1
137	237	27	1
241	237	27	1
138	238	27	3
146	238	27	1
241	238	27	1
246	238	27	2
249	238	27	3
132	239	27	3
135	239	27	2
234	239	27	2
236	239	27	1
242	239	27	1
139	240	27	1
133	241	27	1
135	241	27	1
226	241	27	2
134	243	27	1
226	244	27	1
246	245	27	1
250	245	27	2
228	246	27	2
194	247	27	2
228	249	27	1
193	251	27	2
229	251	27	1
226	252	27	4
125	255	27	1
120	256	27	2
121	257	27	1
125	257	27	2
126	257	27	2
122	258	27	1
124	258	27	3
126	267	27	1
119	268	27	2
121	268	27	1
124	268	27	1
122	270	27	3
123	270	27	1
126	270	27	2
127	270	27	1
173	277	27	1
174	277	27	1
175	277	27	1
178	278	27	1
174	279	27	2
176	279	27	1
175	280	27	1
274	280	27	1
174	281	27	1
175	281	27	1
177	281	27	2
274	281	27	2
275	281	27	1
165	282	27	1
173	282	27	1
175	282	27	2
178	282	27	4
274	282	27	1
275	282	27	1
178	283	27	2
271	283	27	2
272	283	27	1
273	283	27	4
173	284	27	1
274	284	27	1
168	285	27	1
270	290	27	1
269	293	27	2
177	294	27	1
191	294	27	1
195	294	27	1
192	295	27	1
264	302	27	1
266	303	27	3
236	306	27	2
240	308	27	1
201	309	27	1
203	309	27	2
237	309	27	1
257	309	27	3
230	310	27	2
209	311	27	2
259	312	27	1
206	313	27	1
213	313	27	2
259	313	27	1
210	315	27	3
261	317	27	1
239	318	27	1
239	319	27	1
240	320	27	1
238	322	27	1
261	324	27	1
233	326	27	2
260	328	27	1
259	330	27	1
186	357	27	1
186	360	27	3
183	361	27	2
115	228	28	1
162	231	28	1
165	231	28	1
156	233	28	2
166	234	28	2
145	235	28	1
146	235	28	1
243	235	28	1
244	235	28	2
246	235	28	1
143	236	28	1
144	236	28	2
251	236	28	1
136	237	28	2
247	237	28	1
248	237	28	1
136	238	28	1
140	238	28	2
141	238	28	1
146	238	28	4
185	238	28	2
244	238	28	2
250	238	28	1
137	239	28	1
144	239	28	3
232	239	28	2
134	240	28	1
139	240	28	4
179	241	28	1
186	241	28	1
235	243	28	1
248	244	28	1
231	245	28	2
226	250	28	1
229	250	28	1
235	250	28	1
123	252	28	2
124	252	28	1
126	252	28	1
127	252	28	2
125	255	28	2
127	256	28	1
128	256	28	1
126	257	28	1
134	257	28	1
121	264	28	1
259	266	28	1
124	267	28	1
127	267	28	1
262	268	28	3
124	269	28	1
126	270	28	2
127	270	28	2
123	271	28	2
127	271	28	1
129	275	28	5
129	277	28	1
171	277	28	2
173	277	28	1
172	279	28	1
175	279	28	1
176	279	28	3
174	280	28	1
275	280	28	2
276	280	28	1
172	281	28	2
274	281	28	2
276	281	28	1
165	282	28	1
172	282	28	1
177	282	28	2
178	282	28	3
275	282	28	1
165	283	28	2
170	283	28	2
171	283	28	1
173	283	28	1
174	283	28	1
275	283	28	1
176	284	28	1
274	284	28	1
275	284	28	2
167	285	28	1
168	285	28	1
178	285	28	1
179	285	28	1
275	285	28	1
271	289	28	1
270	290	28	2
192	292	28	1
193	294	28	1
197	295	28	2
179	299	28	2
236	305	28	2
230	306	28	1
232	306	28	2
227	307	28	1
228	307	28	1
234	307	28	1
207	308	28	1
225	308	28	2
208	310	28	1
222	310	28	2
211	311	28	3
247	311	28	1
204	313	28	1
206	313	28	1
211	313	28	1
259	313	28	3
261	313	28	1
208	314	28	1
209	315	28	5
210	315	28	2
259	316	28	1
242	317	28	4
261	317	28	1
262	317	28	1
262	318	28	2
240	319	28	2
239	321	28	2
242	322	28	2
232	325	28	2
96	327	28	1
94	328	28	2
133	328	28	1
96	331	28	1
96	332	28	2
185	357	28	1
218	360	28	1
116	223	29	1
162	232	29	3
160	233	29	1
250	235	29	1
250	236	29	1
142	237	29	2
179	238	29	1
250	238	29	1
183	239	29	1
186	239	29	2
115	240	29	1
178	240	29	1
179	240	29	1
183	240	29	2
186	240	29	3
190	240	29	3
180	241	29	2
185	241	29	1
235	242	29	1
237	242	29	1
188	243	29	1
190	243	29	2
193	243	29	2
234	243	29	1
236	243	29	1
186	244	29	1
189	244	29	1
192	244	29	1
235	244	29	2
191	245	29	1
193	247	29	1
189	249	29	1
128	254	29	3
132	254	29	1
134	255	29	2
131	257	29	1
133	257	29	1
132	259	29	1
135	263	29	1
259	267	29	1
125	268	29	1
257	268	29	1
162	269	29	1
123	270	29	2
168	270	29	1
129	271	29	1
167	271	29	2
124	272	29	3
132	272	29	1
135	272	29	2
136	272	29	2
137	272	29	2
168	273	29	1
128	274	29	2
138	274	29	1
168	274	29	2
137	275	29	1
168	275	29	1
171	275	29	3
167	278	29	1
168	278	29	1
169	278	29	1
170	278	29	1
170	279	29	1
164	280	29	1
172	280	29	1
175	281	29	1
276	281	29	2
161	282	29	1
167	282	29	5
174	282	29	1
175	282	29	1
275	282	29	1
276	282	29	1
166	283	29	1
168	283	29	1
174	283	29	1
275	283	29	2
161	284	29	1
166	284	29	1
168	284	29	1
274	284	29	1
275	284	29	1
276	284	29	1
176	285	29	1
177	285	29	1
276	285	29	2
169	286	29	1
175	295	29	1
176	295	29	4
177	296	29	1
183	297	29	2
183	300	29	1
235	304	29	1
235	307	29	2
236	307	29	1
206	308	29	3
211	308	29	2
225	308	29	1
233	308	29	4
204	309	29	1
111	310	29	1
202	311	29	2
206	311	29	1
209	311	29	1
249	311	29	1
204	312	29	1
208	312	29	1
211	312	29	1
212	312	29	1
258	313	29	1
207	314	29	2
249	314	29	2
212	315	29	3
259	317	29	3
262	317	29	1
241	318	29	2
243	320	29	1
126	324	29	2
123	325	29	1
126	325	29	2
93	327	29	1
95	328	29	1
96	328	29	1
98	329	29	3
130	329	29	1
134	329	29	1
95	330	29	1
97	330	29	1
95	331	29	4
95	332	29	1
191	346	29	3
185	360	29	1
187	360	29	2
220	360	29	1
192	234	30	2
175	238	30	1
179	238	30	1
181	238	30	2
183	238	30	2
181	239	30	3
182	239	30	2
184	239	30	1
186	239	30	3
183	241	30	1
189	241	30	3
181	242	30	1
182	242	30	1
189	242	30	1
182	243	30	2
183	243	30	2
186	243	30	2
184	244	30	1
190	244	30	2
193	244	30	1
190	245	30	2
191	245	30	1
148	253	30	1
125	255	30	1
250	255	30	2
126	256	30	2
129	256	30	1
125	257	30	1
250	257	30	1
133	259	30	1
131	260	30	1
136	263	30	2
128	265	30	2
127	267	30	1
260	268	30	2
125	270	30	1
134	270	30	2
168	270	30	1
122	271	30	1
124	271	30	1
127	271	30	1
165	271	30	1
123	272	30	1
125	272	30	2
135	272	30	3
124	273	30	3
138	273	30	2
167	273	30	2
168	273	30	1
139	274	30	1
142	274	30	1
167	274	30	1
168	278	30	1
159	279	30	2
164	280	30	1
276	280	30	2
159	281	30	1
165	281	30	1
276	281	30	1
175	282	30	3
160	283	30	2
163	283	30	1
165	283	30	2
276	283	30	2
163	284	30	1
164	284	30	4
275	284	30	1
275	285	30	1
163	286	30	1
165	287	30	1
170	287	30	1
162	288	30	2
178	294	30	1
177	296	30	2
180	299	30	1
194	305	30	1
198	307	30	2
189	308	30	1
205	308	30	2
208	310	30	1
249	310	30	3
207	311	30	3
247	311	30	1
207	312	30	2
208	312	30	1
206	313	30	1
225	313	30	3
210	316	30	1
246	316	30	1
245	317	30	3
243	320	30	1
213	322	30	2
128	324	30	1
129	324	30	1
128	325	30	2
99	327	30	1
99	329	30	1
98	330	30	2
93	331	30	2
98	331	30	1
141	331	30	1
95	333	30	1
97	333	30	1
186	349	30	1
218	359	30	1
218	361	30	1
220	363	30	1
190	232	31	1
139	239	31	1
178	240	31	2
179	240	31	1
185	240	31	1
240	240	31	2
183	241	31	1
185	241	31	2
187	241	31	2
188	241	31	2
174	242	31	1
179	242	31	2
174	243	31	3
186	243	31	3
188	243	31	2
190	244	31	1
173	245	31	2
186	245	31	2
187	245	31	1
188	245	31	2
174	246	31	1
123	256	31	2
126	256	31	1
127	256	31	1
128	256	31	1
129	256	31	3
148	259	31	3
131	260	31	2
256	262	31	2
256	263	31	3
257	263	31	1
261	264	31	3
259	265	31	1
261	265	31	1
259	266	31	3
262	266	31	1
264	266	31	1
127	267	31	1
261	267	31	1
125	268	31	1
126	268	31	2
260	268	31	2
261	268	31	2
125	270	31	1
125	271	31	2
164	271	31	1
127	272	31	2
163	273	31	1
140	274	31	2
143	274	31	1
162	274	31	1
141	275	31	2
146	276	31	3
168	277	31	1
262	279	31	1
259	280	31	1
159	281	31	1
261	281	31	1
159	282	31	1
162	282	31	1
259	282	31	1
261	282	31	1
275	282	31	2
276	282	31	3
165	283	31	1
167	283	31	2
276	283	31	1
164	284	31	1
167	284	31	1
274	284	31	1
275	284	31	1
276	284	31	1
162	285	31	1
163	285	31	2
165	285	31	2
166	285	31	2
163	286	31	1
167	287	31	2
162	288	31	3
168	288	31	1
169	288	31	1
170	292	31	1
181	301	31	1
198	306	31	1
197	307	31	1
206	307	31	1
187	308	31	3
205	308	31	1
190	309	31	2
191	309	31	1
197	310	31	3
198	310	31	3
205	310	31	2
203	311	31	1
245	311	31	2
210	312	31	2
222	312	31	1
225	312	31	1
190	313	31	1
200	315	31	1
211	315	31	1
220	315	31	1
206	319	31	1
242	322	31	3
236	323	31	1
98	326	31	2
92	327	31	2
93	327	31	1
98	327	31	1
96	328	31	1
98	329	31	2
132	329	31	1
94	330	31	1
93	331	31	1
95	331	31	1
96	332	31	2
98	332	31	1
96	333	31	1
97	333	31	2
97	334	31	1
187	346	31	2
188	349	31	1
184	350	31	2
114	225	32	1
185	241	32	1
183	242	32	1
185	242	32	1
187	242	32	2
183	243	32	2
194	243	32	1
172	244	32	1
176	244	32	1
178	244	32	1
181	244	32	1
189	244	32	2
190	244	32	1
186	245	32	1
188	245	32	3
193	246	32	3
186	247	32	1
250	255	32	1
132	257	32	1
147	257	32	3
149	257	32	1
254	257	32	2
132	258	32	1
253	258	32	1
133	259	32	2
157	259	32	1
256	259	32	2
130	263	32	3
261	263	32	1
126	264	32	1
259	265	32	1
261	265	32	1
129	267	32	3
130	267	32	1
260	267	32	2
261	267	32	2
263	267	32	2
126	268	32	2
165	268	32	2
261	268	32	2
124	269	32	2
127	269	32	1
130	269	32	1
262	269	32	2
126	270	32	2
263	270	32	1
124	271	32	2
125	271	32	1
139	271	32	2
139	272	32	1
165	272	32	1
166	273	32	1
167	273	32	2
165	274	32	1
167	274	32	1
141	275	32	2
260	277	32	2
262	277	32	2
158	279	32	2
161	279	32	1
261	280	32	1
275	281	32	4
276	281	32	1
262	282	32	3
276	282	32	1
163	283	32	1
164	283	32	3
161	284	32	1
164	284	32	1
163	285	32	4
163	286	32	1
162	287	32	1
167	287	32	1
167	288	32	1
166	289	32	1
165	295	32	1
177	298	32	1
118	304	32	1
114	308	32	1
194	308	32	1
196	308	32	2
199	308	32	1
205	308	32	1
186	309	32	1
210	309	32	1
258	309	32	3
113	310	32	2
195	310	32	1
111	311	32	1
113	311	32	1
195	311	32	1
196	311	32	2
198	311	32	2
207	311	32	2
210	311	32	1
225	311	32	2
112	312	32	3
193	312	32	1
199	312	32	2
201	312	32	2
207	312	32	1
246	312	32	1
247	312	32	1
200	313	32	1
212	313	32	2
225	313	32	1
211	315	32	1
223	315	32	2
245	315	32	2
197	316	32	1
243	316	32	2
246	316	32	2
245	318	32	1
207	319	32	3
246	319	32	1
211	320	32	1
212	320	32	1
209	321	32	1
236	322	32	1
238	323	32	2
97	328	32	2
92	330	32	2
95	330	32	1
97	330	32	4
93	331	32	2
204	333	32	1
184	336	32	1
187	345	32	1
188	346	32	1
187	348	32	1
186	354	32	1
175	359	32	1
113	225	33	1
112	228	33	1
181	244	33	1
188	244	33	1
178	245	33	1
183	245	33	1
184	245	33	1
185	245	33	1
190	245	33	2
200	246	33	2
208	246	33	1
210	246	33	1
134	253	33	1
135	254	33	3
136	254	33	3
134	255	33	1
149	255	33	2
138	258	33	2
252	258	33	2
129	259	33	2
252	259	33	1
258	259	33	1
255	260	33	2
256	260	33	2
257	260	33	2
128	261	33	2
256	261	33	1
158	262	33	3
164	262	33	2
128	263	33	2
129	263	33	1
130	263	33	2
132	263	33	3
169	263	33	1
126	264	33	1
127	264	33	3
130	264	33	3
157	264	33	1
124	267	33	3
128	267	33	3
262	267	33	1
263	267	33	2
264	267	33	1
266	267	33	2
125	268	33	1
157	268	33	1
163	268	33	1
263	268	33	1
124	269	33	1
129	269	33	1
130	269	33	2
264	269	33	1
125	270	33	2
127	270	33	1
263	270	33	1
266	270	33	2
127	271	33	1
129	271	33	1
263	271	33	1
261	272	33	2
157	273	33	2
263	275	33	1
158	276	33	1
159	276	33	1
164	277	33	2
163	278	33	2
164	278	33	3
262	278	33	1
149	279	33	5
157	279	33	4
262	279	33	1
152	280	33	1
261	281	33	2
162	282	33	3
163	283	33	4
165	283	33	1
164	284	33	1
164	285	33	3
160	286	33	1
161	286	33	1
162	287	33	1
125	292	33	1
121	293	33	4
118	298	33	1
169	299	33	1
119	301	33	1
121	301	33	1
172	301	33	3
119	303	33	1
194	304	33	1
118	305	33	3
195	306	33	3
195	307	33	1
116	308	33	1
184	308	33	1
186	308	33	1
189	308	33	1
190	308	33	1
198	308	33	1
199	308	33	2
115	309	33	1
185	309	33	1
186	309	33	1
197	309	33	1
198	309	33	2
248	309	33	1
112	310	33	1
193	310	33	2
197	310	33	2
114	311	33	1
115	311	33	1
191	311	33	2
194	311	33	1
196	311	33	2
206	311	33	2
190	312	33	1
192	312	33	1
196	312	33	1
199	312	33	1
205	312	33	1
111	313	33	1
113	313	33	1
111	314	33	1
207	314	33	1
209	314	33	2
246	314	33	4
247	315	33	1
249	316	33	1
119	318	33	2
199	319	33	1
201	319	33	2
206	319	33	1
210	321	33	2
236	321	33	2
238	321	33	3
243	322	33	1
239	323	33	2
98	329	33	1
100	329	33	1
196	331	33	2
193	333	33	2
198	333	33	1
204	333	33	1
205	334	33	2
217	339	33	2
193	341	33	1
215	341	33	1
215	343	33	1
212	344	33	1
206	345	33	1
187	346	33	1
199	346	33	1
182	348	33	1
183	348	33	2
187	348	33	1
189	348	33	1
197	348	33	1
183	349	33	2
192	349	33	1
209	349	33	1
210	349	33	1
180	350	33	1
181	350	33	1
187	350	33	1
181	352	33	1
184	352	33	1
211	352	33	1
181	353	33	1
178	354	33	1
177	355	33	2
179	357	33	1
178	360	33	1
113	225	34	2
114	226	34	1
115	226	34	1
139	234	34	1
136	237	34	2
137	237	34	2
139	239	34	1
174	240	34	1
176	243	34	4
176	244	34	2
190	244	34	1
175	245	34	2
179	245	34	3
199	245	34	1
208	247	34	1
134	250	34	2
130	252	34	1
135	252	34	1
136	254	34	1
138	254	34	2
131	255	34	1
131	256	34	1
133	256	34	2
138	256	34	1
139	256	34	3
151	256	34	1
131	257	34	2
147	257	34	2
252	257	34	1
130	258	34	1
131	258	34	1
136	258	34	1
137	258	34	2
148	258	34	2
250	258	34	1
252	258	34	1
134	259	34	2
151	259	34	1
130	260	34	1
131	261	34	1
133	261	34	1
134	261	34	1
156	261	34	1
127	262	34	1
131	262	34	1
134	262	34	1
126	263	34	3
127	263	34	1
129	263	34	1
261	264	34	3
126	265	34	1
129	265	34	1
154	265	34	4
129	266	34	3
130	266	34	1
130	267	34	1
154	267	34	1
158	267	34	2
262	267	34	1
264	267	34	4
164	268	34	1
263	268	34	1
266	268	34	1
129	269	34	1
157	269	34	1
264	269	34	1
126	270	34	1
154	270	34	1
157	271	34	1
163	271	34	1
166	271	34	1
157	272	34	1
162	272	34	3
166	272	34	1
157	274	34	1
165	274	34	1
261	274	34	1
144	275	34	1
162	275	34	2
166	275	34	2
262	276	34	2
164	277	34	1
165	277	34	1
146	278	34	1
263	278	34	2
144	279	34	3
151	279	34	1
158	279	34	1
163	279	34	1
164	279	34	1
158	280	34	1
261	281	34	1
262	281	34	1
259	282	34	1
157	283	34	1
165	283	34	1
125	284	34	1
125	289	34	2
122	290	34	2
159	290	34	1
161	290	34	1
120	294	34	2
164	294	34	2
165	294	34	1
120	297	34	4
121	297	34	2
122	297	34	2
165	297	34	3
118	298	34	1
170	298	34	1
172	300	34	2
118	301	34	1
119	301	34	1
173	301	34	2
117	302	34	2
121	302	34	2
248	302	34	2
119	304	34	2
114	305	34	2
177	305	34	1
116	306	34	1
118	308	34	1
189	308	34	4
191	308	34	1
186	309	34	1
187	309	34	2
193	309	34	1
195	309	34	1
197	309	34	2
244	309	34	1
112	310	34	2
185	310	34	2
187	310	34	1
191	310	34	3
197	310	34	1
113	311	34	1
115	311	34	1
192	311	34	1
248	311	34	1
249	311	34	1
252	311	34	2
110	312	34	2
115	312	34	1
191	312	34	3
197	312	34	3
247	312	34	1
205	313	34	1
113	316	34	1
244	316	34	1
124	317	34	1
244	317	34	1
245	317	34	3
245	318	34	1
120	319	34	1
240	319	34	1
202	320	34	1
198	321	34	1
201	321	34	1
127	322	34	2
131	322	34	1
234	323	34	1
239	323	34	1
234	324	34	1
236	324	34	2
242	324	34	2
235	325	34	1
94	327	34	1
94	328	34	1
96	328	34	2
98	328	34	2
100	330	34	3
186	331	34	2
189	331	34	2
98	332	34	2
101	332	34	2
98	333	34	1
126	333	34	3
194	333	34	2
191	334	34	1
193	334	34	1
197	334	34	1
193	335	34	3
192	336	34	2
217	336	34	1
194	337	34	1
215	337	34	1
190	340	34	1
191	340	34	2
195	341	34	1
212	341	34	2
211	342	34	1
190	345	34	1
199	345	34	2
205	345	34	1
213	345	34	3
205	346	34	1
211	346	34	1
214	346	34	2
191	347	34	1
195	347	34	1
196	347	34	1
208	347	34	2
213	347	34	3
182	348	34	1
185	348	34	2
186	348	34	2
207	348	34	1
215	348	34	1
188	349	34	2
205	349	34	1
208	349	34	1
194	350	34	2
196	350	34	2
180	351	34	1
185	351	34	1
179	352	34	1
181	352	34	1
198	352	34	2
200	352	34	1
201	352	34	3
207	352	34	2
213	352	34	1
205	353	34	1
207	353	34	1
187	354	34	1
206	354	34	3
180	355	34	1
181	355	34	1
182	355	34	1
181	358	34	1
180	360	34	1
218	362	34	1
113	225	35	2
117	226	35	1
113	227	35	2
117	230	35	1
123	232	35	1
121	234	35	2
123	235	35	1
117	236	35	1
129	236	35	3
138	238	35	1
139	238	35	2
139	241	35	1
140	241	35	2
140	242	35	2
172	244	35	1
207	244	35	1
175	246	35	1
210	246	35	2
213	247	35	1
134	251	35	3
133	252	35	4
134	252	35	1
133	253	35	1
135	253	35	1
149	253	35	1
137	254	35	2
135	255	35	1
138	255	35	1
134	256	35	2
254	256	35	2
129	257	35	1
130	257	35	2
134	257	35	2
138	257	35	2
130	258	35	1
255	259	35	2
127	260	35	1
143	260	35	1
140	261	35	1
156	261	35	1
256	261	35	2
126	262	35	2
160	262	35	2
131	263	35	1
156	263	35	1
128	264	35	1
130	264	35	2
265	264	35	4
157	265	35	1
262	265	35	1
126	266	35	1
263	266	35	2
266	266	35	1
153	267	35	1
263	267	35	1
130	268	35	2
135	271	35	3
264	271	35	3
132	272	35	1
141	272	35	2
158	272	35	2
255	272	35	1
142	273	35	2
143	273	35	2
159	273	35	2
140	274	35	2
146	274	35	1
159	274	35	1
162	274	35	2
163	274	35	1
166	274	35	1
258	274	35	1
157	275	35	1
160	275	35	2
161	275	35	1
162	276	35	2
163	276	35	3
166	276	35	1
260	276	35	1
145	277	35	1
262	277	35	2
149	278	35	1
161	278	35	1
159	279	35	2
161	279	35	2
260	279	35	2
261	282	35	1
262	282	35	1
126	283	35	1
161	283	35	1
146	285	35	2
125	286	35	1
123	287	35	2
125	289	35	2
123	290	35	2
121	294	35	2
162	294	35	1
120	295	35	2
122	295	35	3
252	296	35	1
122	297	35	1
167	297	35	3
118	298	35	1
121	298	35	1
171	299	35	3
247	299	35	1
118	300	35	1
173	300	35	1
174	300	35	4
118	302	35	2
175	303	35	1
118	304	35	1
119	304	35	3
174	304	35	5
176	304	35	1
119	305	35	1
121	305	35	1
117	306	35	1
120	306	35	1
246	306	35	2
114	307	35	1
116	307	35	1
120	307	35	1
176	307	35	4
182	307	35	2
114	308	35	3
115	308	35	2
181	308	35	1
187	308	35	2
188	308	35	1
189	308	35	2
114	309	35	1
188	309	35	3
245	309	35	3
190	310	35	2
114	311	35	1
190	311	35	5
192	311	35	2
195	311	35	1
197	311	35	2
248	312	35	1
111	313	35	1
112	314	35	2
113	315	35	1
245	315	35	1
124	316	35	1
244	316	35	2
109	317	35	1
121	317	35	3
125	317	35	3
244	317	35	2
202	319	35	2
242	319	35	1
124	320	35	2
132	321	35	2
201	321	35	1
239	321	35	2
240	321	35	1
238	323	35	1
200	324	35	2
236	324	35	1
98	325	35	1
132	325	35	3
234	325	35	1
236	325	35	1
242	325	35	1
236	326	35	2
235	327	35	2
96	328	35	2
95	329	35	1
96	329	35	1
237	329	35	3
183	333	35	1
198	333	35	2
192	334	35	2
195	334	35	2
196	335	35	1
188	336	35	2
189	336	35	1
191	336	35	2
200	338	35	3
213	339	35	4
214	339	35	2
210	342	35	2
212	342	35	1
193	343	35	2
199	345	35	2
206	346	35	1
211	346	35	1
186	347	35	1
187	347	35	1
211	347	35	1
215	347	35	2
190	348	35	2
193	349	35	1
213	349	35	3
215	349	35	2
212	350	35	1
193	351	35	1
207	351	35	1
210	351	35	2
211	351	35	1
212	351	35	1
180	352	35	1
191	352	35	3
209	352	35	2
198	353	35	1
207	353	35	2
210	353	35	1
178	354	35	2
185	354	35	1
202	354	35	1
205	354	35	1
208	354	35	1
209	354	35	4
178	355	35	1
181	355	35	3
204	355	35	1
207	355	35	1
172	356	35	1
179	356	35	1
204	356	35	1
179	357	35	1
122	231	36	1
125	234	36	3
136	235	36	1
138	236	36	2
139	237	36	1
140	238	36	2
138	239	36	1
139	239	36	2
165	239	36	2
136	240	36	4
138	240	36	1
141	240	36	2
142	240	36	1
141	241	36	2
136	242	36	3
170	242	36	3
174	244	36	2
132	250	36	1
134	250	36	2
135	254	36	2
137	254	36	3
140	254	36	1
141	254	36	1
144	254	36	1
132	255	36	1
136	255	36	4
140	255	36	1
130	256	36	1
132	257	36	1
135	257	36	1
130	258	36	2
131	258	36	1
132	258	36	1
134	259	36	1
252	259	36	2
128	260	36	2
128	261	36	1
131	261	36	1
134	261	36	1
127	263	36	1
129	263	36	1
132	263	36	1
143	263	36	3
265	263	36	1
130	264	36	2
146	264	36	2
155	264	36	2
263	264	36	3
129	265	36	1
155	265	36	2
262	265	36	2
140	266	36	1
153	266	36	3
154	266	36	1
264	266	36	1
146	267	36	1
127	268	36	3
136	269	36	1
160	269	36	2
129	270	36	1
157	270	36	2
157	271	36	1
143	273	36	1
160	273	36	2
163	273	36	1
260	273	36	2
162	274	36	2
257	274	36	1
139	275	36	1
261	275	36	1
162	276	36	2
163	276	36	1
158	277	36	2
162	277	36	1
163	277	36	2
164	278	36	3
161	279	36	3
262	279	36	2
126	280	36	1
259	280	36	2
261	281	36	2
262	281	36	1
126	282	36	1
261	282	36	1
125	283	36	2
127	283	36	2
258	283	36	1
259	283	36	2
124	285	36	1
126	285	36	3
123	286	36	1
124	286	36	2
158	286	36	1
124	288	36	1
152	288	36	1
124	289	36	4
124	290	36	2
147	290	36	1
121	292	36	1
122	292	36	2
126	292	36	3
120	295	36	1
124	295	36	1
121	297	36	3
165	297	36	2
172	298	36	1
259	298	36	1
166	299	36	1
249	299	36	1
119	300	36	3
167	300	36	1
171	300	36	1
174	300	36	1
175	300	36	1
247	300	36	1
172	301	36	3
175	301	36	1
117	302	36	1
121	302	36	2
176	302	36	1
175	303	36	1
179	303	36	1
115	306	36	2
116	306	36	1
121	306	36	2
113	308	36	1
117	308	36	3
187	308	36	1
188	308	36	1
113	309	36	3
186	309	36	2
185	310	36	4
190	310	36	2
191	311	36	1
194	311	36	1
249	311	36	1
250	311	36	1
252	311	36	2
110	312	36	2
190	312	36	3
109	313	36	1
108	315	36	1
112	315	36	1
122	315	36	1
126	316	36	2
259	317	36	1
151	318	36	1
114	319	36	2
130	320	36	3
228	320	36	3
137	321	36	3
240	321	36	2
129	322	36	1
130	322	36	1
238	322	36	1
186	324	36	1
196	324	36	1
240	324	36	1
234	325	36	1
235	325	36	1
237	325	36	3
233	326	36	2
94	327	36	3
96	327	36	4
98	327	36	1
97	328	36	1
127	328	36	2
184	332	36	1
151	333	36	2
185	333	36	1
203	333	36	1
186	334	36	2
186	335	36	2
204	336	36	1
148	337	36	2
194	337	36	3
150	338	36	3
213	338	36	1
198	339	36	3
209	340	36	2
211	340	36	1
213	340	36	2
189	343	36	1
200	344	36	2
191	347	36	1
209	349	36	1
217	349	36	1
184	350	36	2
188	350	36	1
211	350	36	1
214	350	36	2
214	351	36	2
212	352	36	1
213	352	36	3
207	353	36	1
211	353	36	2
213	353	36	1
182	354	36	4
182	355	36	3
203	355	36	2
204	355	36	1
207	355	36	3
208	355	36	1
183	356	36	1
179	357	36	1
205	357	36	2
179	358	36	1
206	358	36	1
203	361	36	3
123	225	37	2
126	226	37	1
119	228	37	1
125	230	37	1
116	232	37	4
124	232	37	1
127	233	37	1
128	233	37	2
138	233	37	1
124	234	37	1
125	234	37	1
130	234	37	1
127	235	37	1
134	235	37	2
134	236	37	1
139	238	37	2
140	238	37	1
144	238	37	1
143	239	37	1
167	239	37	3
167	240	37	1
137	241	37	1
141	241	37	2
167	241	37	2
136	242	37	1
165	242	37	1
124	243	37	1
137	243	37	2
138	243	37	3
139	243	37	3
141	243	37	2
173	243	37	3
175	243	37	1
137	244	37	2
169	244	37	2
171	244	37	1
172	244	37	2
173	245	37	1
137	252	37	1
133	253	37	2
139	253	37	1
140	253	37	2
141	253	37	2
145	253	37	2
148	253	37	1
132	254	37	1
133	254	37	2
134	254	37	2
143	254	37	2
144	254	37	2
141	255	37	2
131	256	37	1
134	256	37	2
148	256	37	1
129	258	37	2
208	258	37	2
134	260	37	2
209	260	37	1
244	260	37	1
129	262	37	1
159	262	37	1
261	262	37	2
128	263	37	1
140	263	37	2
142	263	37	1
148	263	37	1
156	263	37	1
142	264	37	4
144	264	37	1
155	265	37	1
263	265	37	1
147	266	37	1
145	269	37	1
151	269	37	3
162	269	37	1
150	270	37	1
158	271	37	1
146	272	37	1
162	272	37	1
249	272	37	2
251	272	37	3
254	272	37	4
132	274	37	1
143	274	37	1
160	274	37	1
164	274	37	1
165	274	37	1
145	275	37	2
163	275	37	1
136	276	37	2
162	276	37	1
163	277	37	3
142	278	37	1
146	278	37	2
162	280	37	2
129	281	37	2
161	282	37	3
259	282	37	2
125	283	37	2
128	283	37	1
124	284	37	1
128	284	37	1
161	284	37	2
126	286	37	1
146	286	37	3
126	287	37	1
126	288	37	1
152	288	37	2
153	288	37	1
155	288	37	1
126	289	37	1
256	292	37	3
262	292	37	2
121	293	37	1
159	293	37	2
256	293	37	1
259	293	37	1
260	293	37	2
254	294	37	1
260	297	37	3
168	299	37	2
173	299	37	1
174	299	37	1
175	299	37	3
172	300	37	5
173	300	37	1
173	301	37	2
175	301	37	1
247	301	37	3
250	301	37	1
172	302	37	2
176	302	37	1
178	302	37	1
180	302	37	1
250	302	37	1
174	303	37	2
176	303	37	1
114	304	37	1
261	304	37	1
113	306	37	2
116	308	37	2
183	308	37	1
181	309	37	2
188	311	37	2
189	311	37	2
195	311	37	2
191	312	37	1
194	312	37	1
196	313	37	1
111	314	37	1
119	314	37	1
196	314	37	2
150	315	37	1
121	316	37	1
152	316	37	1
256	316	37	1
117	317	37	2
121	317	37	1
153	317	37	1
117	318	37	3
119	318	37	1
140	318	37	1
146	318	37	2
153	318	37	3
115	319	37	1
116	319	37	2
117	319	37	1
146	319	37	1
116	320	37	1
131	320	37	1
138	320	37	1
143	321	37	2
131	322	37	1
240	323	37	1
192	324	37	3
241	326	37	1
148	331	37	1
221	331	37	2
180	332	37	2
181	332	37	2
185	333	37	1
148	335	37	1
211	337	37	1
214	337	37	2
209	338	37	1
212	339	37	3
209	342	37	3
210	342	37	1
211	342	37	1
197	343	37	1
192	344	37	1
208	344	37	2
189	346	37	2
214	347	37	1
212	348	37	2
188	349	37	1
215	349	37	1
210	350	37	1
214	351	37	1
211	352	37	2
215	352	37	1
186	353	37	1
209	353	37	1
183	354	37	1
203	355	37	2
206	355	37	1
208	356	37	1
206	357	37	1
208	357	37	1
180	358	37	3
206	358	37	1
125	223	38	2
123	225	38	1
125	225	38	2
126	225	38	1
124	226	38	2
126	230	38	2
173	230	38	1
122	231	38	1
137	231	38	1
140	231	38	1
122	232	38	2
173	232	38	2
127	233	38	1
138	233	38	1
169	233	38	1
114	234	38	3
129	234	38	4
130	234	38	1
135	234	38	2
117	235	38	2
137	235	38	2
197	235	38	1
134	236	38	1
138	236	38	1
143	237	38	1
166	237	38	1
143	238	38	1
197	238	38	2
126	239	38	3
137	239	38	3
166	239	38	2
167	239	38	4
136	240	38	1
138	240	38	1
162	240	38	1
164	240	38	1
166	240	38	4
167	240	38	1
143	241	38	2
126	242	38	1
144	242	38	2
166	242	38	1
167	242	38	1
197	242	38	2
124	243	38	2
127	243	38	1
138	243	38	2
140	243	38	3
174	243	38	1
121	244	38	2
123	244	38	3
135	244	38	2
140	244	38	1
141	244	38	1
172	244	38	1
167	245	38	1
168	245	38	1
169	245	38	1
173	245	38	1
175	245	38	1
169	246	38	1
170	246	38	1
173	246	38	1
174	246	38	2
175	246	38	1
140	249	38	2
167	249	38	3
137	250	38	2
132	251	38	1
131	252	38	2
137	252	38	1
152	252	38	1
132	253	38	1
139	253	38	1
147	253	38	2
148	253	38	1
152	253	38	1
134	254	38	2
135	254	38	4
141	254	38	1
143	254	38	1
138	255	38	1
139	255	38	1
143	255	38	1
144	255	38	1
150	255	38	2
132	256	38	1
136	256	38	1
146	258	38	1
250	258	38	1
132	259	38	3
148	259	38	1
169	259	38	2
206	259	38	2
252	259	38	1
143	260	38	1
168	260	38	2
263	260	38	1
146	261	38	2
149	261	38	1
260	261	38	1
264	261	38	2
137	262	38	2
140	262	38	1
143	262	38	2
149	262	38	2
151	262	38	1
128	263	38	1
144	263	38	1
147	263	38	1
150	263	38	2
154	263	38	1
158	263	38	2
167	263	38	3
260	263	38	1
263	263	38	3
129	264	38	1
130	264	38	3
131	264	38	1
143	264	38	2
147	264	38	2
151	264	38	2
153	264	38	2
166	264	38	1
143	265	38	1
146	265	38	1
154	265	38	3
156	265	38	1
152	266	38	1
143	267	38	1
149	267	38	2
262	267	38	2
143	268	38	2
146	268	38	1
261	268	38	3
136	269	38	2
132	272	38	3
133	272	38	1
137	272	38	4
145	272	38	1
147	272	38	1
251	272	38	1
144	273	38	1
134	274	38	1
138	274	38	1
143	274	38	1
250	274	38	1
251	274	38	3
252	274	38	1
129	275	38	1
147	276	38	2
256	276	38	2
152	277	38	1
164	277	38	1
164	278	38	1
126	280	38	3
128	280	38	2
129	280	38	1
164	280	38	1
128	281	38	3
129	281	38	2
137	281	38	1
139	281	38	1
141	281	38	2
161	281	38	1
129	282	38	2
135	282	38	2
125	283	38	1
135	283	38	1
125	284	38	2
126	284	38	1
136	284	38	1
159	284	38	2
127	285	38	1
149	285	38	2
153	286	38	1
125	288	38	2
126	288	38	1
154	288	38	2
156	288	38	4
156	289	38	3
157	290	38	1
257	291	38	1
154	292	38	1
253	293	38	1
155	294	38	1
255	294	38	2
259	294	38	2
120	295	38	2
156	295	38	2
259	295	38	1
260	296	38	1
259	297	38	1
172	298	38	2
121	300	38	1
173	300	38	1
126	303	38	2
260	303	38	1
125	304	38	2
174	304	38	2
176	304	38	1
182	304	38	1
261	304	38	2
259	305	38	1
115	306	38	1
180	306	38	1
257	306	38	1
116	308	38	2
254	309	38	1
125	310	38	1
259	310	38	1
260	310	38	2
122	314	38	2
119	315	38	2
122	315	38	1
148	315	38	1
119	316	38	2
115	317	38	2
119	317	38	1
153	317	38	1
116	318	38	2
120	318	38	1
121	318	38	1
151	318	38	2
117	319	38	1
142	319	38	1
116	320	38	1
138	320	38	2
140	320	38	3
146	320	38	1
113	321	38	4
143	322	38	1
140	323	38	1
239	324	38	1
241	324	38	1
235	325	38	4
238	327	38	1
240	328	38	1
148	330	38	1
219	331	38	1
152	332	38	3
155	332	38	3
191	332	38	1
150	333	38	1
152	333	38	1
181	333	38	4
185	333	38	1
188	333	38	3
155	334	38	1
179	334	38	2
186	334	38	1
189	334	38	1
148	335	38	1
181	335	38	1
210	339	38	2
209	340	38	1
214	340	38	3
197	343	38	1
199	344	38	2
197	345	38	2
212	345	38	1
188	346	38	2
190	346	38	1
192	346	38	1
248	346	38	1
189	347	38	3
211	347	38	1
214	347	38	1
248	347	38	1
187	348	38	1
190	348	38	1
247	348	38	1
211	349	38	2
211	350	38	2
210	351	38	1
216	351	38	2
180	354	38	1
209	354	38	1
176	355	38	1
182	355	38	1
208	355	38	3
211	355	38	1
176	356	38	1
180	356	38	1
207	356	38	1
208	356	38	2
174	357	38	3
176	357	38	1
178	357	38	1
171	358	38	1
208	358	38	2
204	359	38	1
191	361	38	2
193	361	38	2
195	361	38	1
201	361	38	1
191	362	38	2
196	363	38	2
193	364	38	1
115	218	39	3
113	219	39	1
112	220	39	1
113	220	39	1
111	221	39	2
119	223	39	1
122	223	39	1
125	223	39	2
118	224	39	2
120	224	39	1
126	226	39	3
136	226	39	1
124	227	39	3
134	228	39	1
138	228	39	1
147	228	39	1
175	228	39	1
136	229	39	1
138	229	39	1
144	229	39	1
138	230	39	1
145	230	39	2
172	230	39	1
174	232	39	3
128	233	39	1
198	233	39	1
201	233	39	1
137	234	39	3
195	234	39	1
202	234	39	2
137	235	39	1
154	235	39	1
136	236	39	1
142	236	39	1
195	236	39	1
198	236	39	1
199	236	39	1
120	237	39	2
137	237	39	1
139	237	39	1
140	237	39	3
161	237	39	2
168	237	39	1
116	238	39	2
138	238	39	3
143	238	39	1
201	238	39	2
139	239	39	1
161	239	39	1
164	239	39	2
127	240	39	2
135	240	39	3
163	240	39	2
197	240	39	1
125	241	39	1
128	241	39	4
133	241	39	2
137	241	39	1
142	241	39	2
168	241	39	2
169	241	39	1
126	242	39	1
169	242	39	2
125	243	39	1
128	243	39	2
131	243	39	2
171	243	39	1
174	243	39	1
121	244	39	2
124	244	39	2
125	244	39	2
139	244	39	1
140	244	39	1
141	244	39	1
143	244	39	3
169	244	39	1
176	244	39	2
178	245	39	3
141	246	39	3
172	246	39	2
173	246	39	2
125	247	39	1
168	247	39	1
174	247	39	2
178	247	39	1
123	248	39	2
173	248	39	2
133	249	39	1
134	249	39	1
135	249	39	3
140	249	39	1
135	250	39	2
140	250	39	3
137	251	39	3
136	252	39	1
143	252	39	2
237	252	39	2
132	253	39	1
136	253	39	1
169	253	39	2
235	253	39	1
124	254	39	1
132	254	39	3
140	254	39	1
142	254	39	1
144	254	39	1
151	254	39	3
153	254	39	1
154	254	39	2
136	255	39	4
153	255	39	1
155	255	39	1
153	256	39	1
155	256	39	1
156	256	39	1
133	257	39	1
136	257	39	1
138	257	39	1
139	257	39	3
141	257	39	2
154	258	39	2
155	258	39	1
168	258	39	1
208	258	39	2
134	259	39	3
136	259	39	3
137	259	39	3
147	259	39	1
148	259	39	1
149	259	39	1
130	260	39	1
145	260	39	1
149	260	39	2
150	260	39	2
159	260	39	2
168	260	39	1
169	260	39	3
255	260	39	1
130	261	39	1
141	261	39	1
142	261	39	1
151	261	39	2
166	261	39	1
167	261	39	1
252	261	39	1
254	261	39	1
131	262	39	2
132	262	39	2
146	262	39	1
148	262	39	1
156	262	39	1
231	262	39	1
250	262	39	2
262	262	39	4
129	263	39	1
131	263	39	1
132	263	39	2
150	263	39	3
154	263	39	2
157	263	39	2
158	263	39	3
262	263	39	2
151	264	39	1
153	264	39	3
155	264	39	2
165	264	39	2
166	264	39	1
263	264	39	3
147	265	39	2
155	265	39	1
130	266	39	1
145	266	39	1
156	267	39	1
259	267	39	1
131	268	39	2
135	268	39	2
147	268	39	2
259	268	39	1
132	269	39	1
136	269	39	1
144	269	39	3
151	269	39	1
152	269	39	2
134	270	39	2
142	270	39	1
154	270	39	1
244	270	39	1
245	270	39	2
141	271	39	1
143	271	39	2
145	271	39	1
143	272	39	1
166	272	39	3
252	272	39	1
142	273	39	1
151	273	39	1
139	274	39	1
144	274	39	1
146	274	39	1
148	274	39	1
162	274	39	1
254	274	39	2
129	275	39	1
131	275	39	2
134	275	39	1
141	275	39	1
144	275	39	1
129	276	39	2
132	276	39	2
142	276	39	1
148	276	39	2
149	276	39	1
130	277	39	1
131	277	39	2
133	277	39	1
144	277	39	1
145	277	39	2
147	277	39	1
149	277	39	1
138	278	39	1
162	278	39	2
164	278	39	2
128	279	39	1
136	279	39	1
141	279	39	1
143	279	39	1
147	279	39	2
149	279	39	2
152	279	39	1
154	279	39	1
135	280	39	2
137	280	39	1
145	280	39	1
141	281	39	2
151	281	39	1
127	282	39	1
133	282	39	1
136	282	39	1
125	283	39	3
127	283	39	1
142	283	39	2
138	284	39	1
140	284	39	1
142	284	39	1
134	285	39	1
169	285	39	2
158	286	39	1
172	286	39	1
134	288	39	1
136	288	39	2
157	288	39	1
135	289	39	2
158	290	39	1
134	293	39	1
139	293	39	1
159	293	39	1
248	293	39	2
140	294	39	3
159	294	39	1
170	294	39	2
258	294	39	1
263	294	39	1
159	295	39	2
170	295	39	2
174	296	39	1
259	296	39	1
121	297	39	5
171	297	39	2
247	297	39	2
250	297	39	1
134	298	39	1
165	298	39	1
171	298	39	1
253	298	39	1
261	298	39	1
167	299	39	3
165	300	39	2
260	300	39	2
261	300	39	1
121	301	39	1
176	301	39	3
172	302	39	3
175	302	39	1
180	302	39	1
259	302	39	1
178	303	39	2
126	304	39	1
171	304	39	1
172	304	39	1
177	304	39	1
259	304	39	1
177	305	39	1
182	305	39	1
259	305	39	2
260	305	39	1
177	306	39	2
179	306	39	3
115	307	39	1
126	307	39	1
125	308	39	1
138	314	39	1
147	314	39	2
120	316	39	1
146	316	39	1
115	317	39	1
119	317	39	2
135	317	39	1
147	317	39	1
113	318	39	1
114	318	39	4
115	318	39	1
117	318	39	4
137	318	39	2
139	318	39	3
141	318	39	2
146	318	39	2
150	318	39	1
136	319	39	1
117	320	39	1
139	320	39	2
144	320	39	1
181	320	39	1
149	321	39	2
179	321	39	1
140	322	39	1
177	322	39	2
179	322	39	2
242	323	39	1
241	324	39	1
242	325	39	1
240	328	39	1
241	328	39	1
238	329	39	1
153	330	39	1
220	330	39	1
153	331	39	1
168	331	39	1
181	331	39	2
218	331	39	1
219	331	39	2
240	331	39	1
153	332	39	1
179	332	39	1
187	332	39	1
191	332	39	1
219	332	39	1
154	333	39	2
178	333	39	1
219	333	39	2
154	334	39	1
155	334	39	1
183	334	39	4
189	334	39	1
195	335	39	1
153	336	39	1
154	336	39	1
156	336	39	2
214	336	39	2
242	336	39	1
157	337	39	1
195	337	39	2
212	337	39	2
152	338	39	1
155	338	39	1
215	340	39	3
211	341	39	1
214	341	39	1
215	341	39	2
201	342	39	1
208	343	39	2
191	344	39	1
208	344	39	1
209	344	39	2
211	344	39	3
191	345	39	3
192	345	39	5
201	345	39	2
202	345	39	2
208	346	39	3
209	346	39	1
247	346	39	1
248	346	39	1
192	347	39	2
211	347	39	1
247	347	39	1
194	348	39	2
209	349	39	2
217	349	39	1
237	351	39	1
212	352	39	1
213	352	39	1
215	353	39	1
206	354	39	3
207	355	39	1
214	355	39	1
207	356	39	3
176	357	39	2
205	357	39	1
212	357	39	1
212	358	39	2
191	361	39	1
195	361	39	2
192	362	39	1
201	362	39	3
205	362	39	2
191	363	39	1
195	363	39	2
192	364	39	1
114	218	40	2
113	219	40	1
113	220	40	2
111	221	40	2
121	222	40	2
118	224	40	1
120	224	40	4
122	224	40	1
144	225	40	3
136	226	40	2
138	227	40	2
137	229	40	2
138	229	40	1
142	229	40	2
150	229	40	1
137	230	40	3
138	230	40	1
137	231	40	2
141	231	40	2
203	231	40	1
136	232	40	1
203	232	40	2
196	233	40	1
203	234	40	1
118	235	40	1
144	235	40	1
195	235	40	1
202	235	40	1
203	235	40	1
115	236	40	2
142	236	40	2
168	236	40	2
202	236	40	2
136	237	40	1
162	237	40	2
163	237	40	2
197	237	40	1
203	237	40	2
142	238	40	3
143	238	40	1
154	238	40	3
166	238	40	1
126	239	40	1
139	239	40	1
143	239	40	3
160	239	40	2
143	240	40	2
145	240	40	1
165	240	40	3
196	240	40	1
125	241	40	2
161	241	40	1
162	241	40	1
125	242	40	1
126	242	40	1
133	242	40	1
134	242	40	1
143	242	40	1
167	242	40	1
127	243	40	1
141	243	40	1
142	243	40	3
165	243	40	1
176	243	40	1
124	244	40	1
132	244	40	1
171	244	40	2
163	245	40	2
170	245	40	1
179	245	40	1
126	246	40	2
178	246	40	1
171	247	40	1
174	247	40	1
121	248	40	2
124	248	40	2
126	248	40	1
137	248	40	1
125	249	40	2
137	250	40	1
225	251	40	1
232	251	40	1
136	252	40	2
139	252	40	1
240	252	40	1
132	253	40	1
223	253	40	1
235	253	40	2
138	254	40	1
154	254	40	1
134	255	40	1
140	255	40	1
127	256	40	1
137	256	40	2
152	256	40	2
134	257	40	1
139	257	40	1
146	257	40	1
147	257	40	2
156	257	40	2
157	257	40	2
142	258	40	1
149	258	40	2
151	258	40	2
174	258	40	1
145	259	40	1
147	259	40	1
157	259	40	1
160	259	40	2
162	259	40	2
176	259	40	6
132	260	40	1
142	260	40	2
148	260	40	1
157	260	40	2
165	260	40	1
205	260	40	1
136	261	40	2
149	261	40	1
151	261	40	1
152	261	40	2
161	261	40	3
167	261	40	3
168	261	40	1
211	261	40	2
249	261	40	1
250	261	40	1
251	261	40	1
257	261	40	2
136	262	40	1
139	262	40	2
143	262	40	1
144	262	40	2
146	262	40	1
147	262	40	1
151	262	40	2
153	262	40	2
159	262	40	2
167	262	40	1
168	262	40	1
222	262	40	2
142	263	40	2
150	263	40	1
151	263	40	2
157	263	40	1
159	263	40	2
166	263	40	1
167	263	40	2
130	264	40	4
163	264	40	1
168	264	40	3
144	265	40	1
151	265	40	1
155	265	40	1
156	265	40	1
165	265	40	2
222	265	40	1
146	266	40	1
152	266	40	1
153	266	40	2
154	266	40	2
157	266	40	1
158	266	40	1
167	266	40	1
142	267	40	3
258	267	40	1
150	268	40	1
166	268	40	2
253	268	40	1
151	269	40	1
167	269	40	2
245	269	40	1
246	269	40	2
252	269	40	2
134	270	40	1
135	270	40	1
136	270	40	1
137	270	40	1
144	270	40	2
145	270	40	1
146	270	40	2
147	270	40	1
150	270	40	1
164	270	40	2
249	270	40	2
251	270	40	1
137	271	40	2
144	271	40	1
146	271	40	1
135	272	40	1
143	272	40	2
144	272	40	2
223	272	40	2
231	272	40	1
245	272	40	1
247	272	40	1
131	273	40	2
142	273	40	2
150	273	40	1
156	273	40	1
164	273	40	1
166	273	40	2
167	273	40	1
143	274	40	1
144	274	40	2
145	274	40	1
147	274	40	1
154	274	40	1
156	274	40	1
247	274	40	2
132	275	40	1
137	275	40	1
138	275	40	1
139	275	40	3
142	275	40	1
147	275	40	1
150	275	40	3
129	276	40	1
130	276	40	1
131	276	40	1
133	276	40	1
136	276	40	2
147	276	40	1
154	276	40	1
155	276	40	1
163	276	40	1
130	277	40	3
136	277	40	1
143	277	40	3
129	278	40	1
134	278	40	2
138	278	40	4
139	278	40	2
147.5	278	40.5	1
151	278	40	1
157	278	40	1
161	278	40	1
163	278	40	2
164	278	40	1
131	279	40	3
143	279	40	1
152	279	40	2
253	279	40	2
134	280	40	2
138	280	40	2
140	280	40	2
152	280	40	1
161	280	40	1
162	280	40	2
129	281	40	1
133	281	40	1
142	281	40	1
142	282	40	2
159	282	40	1
138	284	40	1
140	284	40	1
142	284	40	1
132	286	40	2
133	286	40	1
154	286	40	1
158	286	40	2
133	287	40	2
156	287	40	1
134	288	40	1
258	288	40	1
135	291	40	1
139	291	40	2
138	292	40	2
156	292	40	3
125	293	40	4
133	293	40	2
140	293	40	1
160	294	40	1
162	295	40	2
134	296	40	1
133	297	40	1
149	297	40	1
172	297	40	2
253	297	40	1
134	298	40	1
136	298	40	1
162	298	40	2
169	298	40	1
259	298	40	2
168	299	40	1
169	299	40	1
131	300	40	1
249	300	40	2
257	300	40	3
168	301	40	1
177	301	40	1
130	302	40	2
143	302	40	1
172	302	40	1
261	302	40	1
128	303	40	1
133	303	40	1
171	303	40	3
181	303	40	1
124	304	40	1
130	304	40	1
132	304	40	1
144	304	40	1
169	304	40	2
170	304	40	2
126	305	40	1
140	305	40	1
181	306	40	1
182	307	40	1
262	307	40	1
139	308	40	1
123	310	40	1
126	310	40	2
123	312	40	1
118	315	40	1
141	315	40	2
145	316	40	1
139	317	40	1
143	317	40	2
116	318	40	1
117	318	40	1
138	318	40	3
146	318	40	2
148	318	40	2
115	319	40	3
116	319	40	1
149	320	40	1
152	320	40	2
177	323	40	2
174	326	40	3
176	326	40	1
186	327	40	2
241	327	40	1
151	328	40	1
149	329	40	1
240	329	40	1
244	329	40	1
175	330	40	1
186	330	40	1
242	330	40	1
243	330	40	2
148	331	40	2
154	331	40	2
177	331	40	2
149	332	40	2
156	332	40	1
174	332	40	1
177	332	40	1
181	332	40	2
183	332	40	1
216	332	40	1
217	332	40	1
220	332	40	1
150	333	40	1
156	333	40	1
158	333	40	1
176	333	40	2
240	333	40	1
153	334	40	1
154	334	40	2
191	334	40	2
244	334	40	2
151	335	40	1
156	335	40	1
165	335	40	1
219	335	40	1
244	335	40	1
150	336	40	1
151	336	40	1
158	337	40	1
153	338	40	1
216	338	40	1
223	339	40	3
213	340	40	1
245	340	40	1
208	341	40	1
221	341	40	2
210	342	40	2
211	342	40	1
220	342	40	1
222	342	40	3
197	343	40	2
208	343	40	2
220	343	40	2
222	343	40	2
204	344	40	2
210	344	40	2
193	345	40	1
203	345	40	1
204	345	40	1
191	347	40	1
211	347	40	1
208	348	40	2
193	349	40	1
195	349	40	3
220	349	40	1
235	350	40	2
215	351	40	1
235	351	40	1
211	352	40	4
209	355	40	1
173	356	40	1
177	356	40	4
174	357	40	1
208	357	40	1
172	358	40	1
173	358	40	2
173	360	40	1
206	361	40	1
134	226	41	2
141	226	41	1
140	227	41	2
138	228	41	1
134	229	41	1
136	229	41	1
136	230	41	1
139	231	41	1
141	231	41	3
136	233	41	1
140	233	41	1
141	233	41	2
142	233	41	2
136	234	41	1
140	234	41	1
142	234	41	1
201	235	41	1
138	236	41	2
141	236	41	3
142	236	41	1
151	236	41	3
161	236	41	2
165	236	41	1
167	236	41	1
170	236	41	1
204	236	41	1
140	237	41	2
141	237	41	2
142	237	41	2
158	237	41	2
163	237	41	1
165	237	41	1
202	237	41	1
138	238	41	3
158	238	41	1
166	238	41	2
202	238	41	1
161	239	41	2
201	239	41	2
129	240	41	1
165	240	41	2
127	241	41	2
129	241	41	1
140	241	41	2
164	241	41	4
167	241	41	1
168	241	41	1
169	241	41	1
134	242	41	4
135	242	41	1
137	242	41	2
140	242	41	2
141	242	41	2
170	242	41	2
138	243	41	1
139	243	41	1
169	243	41	2
124	244	41	2
125	244	41	2
127	244	41	1
165	244	41	2
170	244	41	1
176	244	41	3
128	245	41	2
177	245	41	2
126	246	41	2
128	246	41	1
124	247	41	1
181	247	41	1
122	248	41	2
130	249	41	2
133	249	41	3
230	250	41	2
231	250	41	1
230	251	41	1
141	252	41	1
234	252	41	1
142	253	41	3
143	253	41	1
228	253	41	1
232	253	41	1
144	254	41	1
243	254	41	2
119	255	41	1
141	255	41	1
143	256	41	1
152	256	41	1
137	257	41	1
141	257	41	3
143	257	41	2
158	257	41	1
210	257	41	1
214	257	41	3
138	258	41	1
147	258	41	1
153	258	41	2
154	258	41	2
155	258	41	1
177	258	41	2
211	258	41	1
215	258	41	1
139	259	41	5
140	259	41	2
144	259	41	2
146	259	41	2
205	259	41	2
208	259	41	1
212	259	41	2
140	260	41	2
150	260	41	3
154	260	41	1
157	260	41	1
158	260	41	1
175	260	41	1
210	260	41	1
250	260	41	2
130	261	41	1
143	261	41	1
148	261	41	1
149	261	41	1
160	261	41	2
174	261	41	1
210	261	41	2
250	261	41	1
119	262	41	1
139	262	41	1
144	262	41	3
159	262	41	1
163	262	41	2
164	262	41	1
173	262	41	1
175	262	41	1
251	262	41	2
143	263	41	2
151	263	41	1
162	263	41	1
168	263	41	2
201	263	41	1
204	263	41	2
232	263	41	1
234	263	41	2
255	263	41	1
143	264	41	1
145	264	41	1
147	264	41	2
148	264	41	1
149	264	41	2
158	264	41	3
171	264	41	2
210	264	41	2
249	264	41	2
143	265	41	1
144	265	41	2
145	265	41	1
152	265	41	1
142	266	41	1
145	266	41	1
149	266	41	3
167	266	41	2
168	266	41	1
132	267	41	1
161	267	41	1
167	267	41	1
247	267	41	1
258	267	41	2
142	268	41	2
147	268	41	2
153	268	41	2
164	268	41	2
248	268	41	3
144	269	41	1
203	269	41	2
247	269	41	1
254	269	41	1
132	270	41	1
135	270	41	1
137	270	41	1
139	270	41	2
140	270	41	1
142	270	41	2
151	270	41	1
152	270	41	3
247	270	41	1
132	271	41	2
135	271	41	1
144	271	41	2
148	271	41	1
203	271	41	1
218	271	41	4
136	272	41	1
140	272	41	1
149	272	41	1
154	272	41	1
163	272	41	2
165	272	41	1
219	272	41	1
228	272	41	2
147	273	41	2
150	273	41	2
157	273	41	1
134	274	41	1
146	274	41	1
147	274	41	2
151	274	41	1
155	274	41	1
156	274	41	1
247	274	41	3
130	275	41	1
136	275	41	4
137	275	41	2
141	275	41	3
151	275	41	2
153	275	41	4
157	275	41	3
136	276	41	2
139	276	41	1
141	276	41	1
146	276	41	2
155	276	41	1
162	276	41	1
211	276	41	1
245	276	41	2
131	277	41	3
133	277	41	1
139	277	41	1
142	277	41	1
157	277	41	2
161	277	41	1
131	278	41	1
135	278	41	1
136	278	41	1
149	278	41	2
150	278	41	1
152	278	41	1
155	278	41	1
164	278	41	2
247	278	41	1
129	279	41	1
133	279	41	1
138	279	41	2
139	279	41	1
210	279	41	1
133	280	41	2
141	280	41	1
142	280	41	1
144	280	41	2
152	280	41	1
153	280	41	1
130	281	41	1
130	282	41	4
137	282	41	1
162	282	41	1
134	283	41	1
136	283	41	1
139	283	41	2
151	283	41	4
134	284	41	3
138	284	41	2
141	284	41	1
142	284	41	3
155	284	41	1
156	284	41	2
155	285	41	1
135	286	41	2
140	286	41	2
158	286	41	4
160	286	41	2
135	287	41	1
136	287	41	1
139	287	41	1
141	287	41	1
137	288	41	1
157	288	41	2
135	289	41	1
141	289	41	2
155	289	41	3
134	290	41	1
154	291	41	1
155	292	41	1
157	292	41	1
257	292	41	2
132	294	41	2
142	294	41	1
152	294	41	3
154	294	41	1
160	294	41	1
128	295	41	1
140	295	41	2
150	295	41	1
164	295	41	1
254	295	41	2
143	296	41	2
148	296	41	1
150	296	41	1
153	296	41	2
252	296	41	2
129	297	41	2
162	297	41	1
165	297	41	1
171	297	41	1
259	297	41	1
131	298	41	1
138	298	41	1
152	298	41	1
252	298	41	2
256	298	41	1
149	299	41	1
166	299	41	1
167	299	41	2
168	299	41	2
169	299	41	2
260	299	41	1
130	300	41	1
168	300	41	3
249	300	41	1
260	300	41	1
127	301	41	2
250	301	41	1
125	302	41	1
127	302	41	2
132	302	41	1
167	302	41	2
168	302	41	1
171	302	41	2
124	303	41	1
134	303	41	2
138	303	41	1
144	303	41	1
176	303	41	1
179	303	41	1
181	303	41	2
259	303	41	2
261	303	41	2
126	304	41	1
128	304	41	2
129	304	41	1
132	304	41	1
133	304	41	2
170	304	41	2
181	304	41	2
127	305	41	1
140	305	41	1
172	305	41	2
176	305	41	1
182	305	41	2
259	305	41	1
123	306	41	3
130	306	41	3
132	306	41	2
171	306	41	2
122	307	41	1
125	307	41	1
129	307	41	1
142	307	41	3
127	308	41	3
129	308	41	2
123	309	41	1
140	309	41	1
141	309	41	1
165	309	41	1
122	310	41	2
143	310	41	1
116	315	41	1
119	315	41	1
142	315	41	1
114	316	41	1
140	316	41	1
139	317	41	2
141	317	41	2
142	317	41	1
139	319	41	2
143	319	41	3
138	320	41	1
149	321	41	2
150	321	41	3
137	322	41	1
179	322	41	1
181	322	41	1
111	323	41	1
133	324	41	1
248	324	41	3
136	325	41	2
147	325	41	1
181	325	41	1
247	325	41	2
133	326	41	1
179	326	41	1
181	326	41	1
252	326	41	2
136	327	41	2
148	327	41	1
181	327	41	1
249	327	41	2
131	328	41	1
167	328	41	1
239	328	41	1
130	329	41	1
167	329	41	1
186	329	41	2
245	329	41	2
126	330	41	1
147	330	41	3
175	330	41	4
181	330	41	1
182	330	41	1
184	330	41	1
185	330	41	1
242	330	41	1
243	330	41	1
251	330	41	2
154	331	41	1
170	331	41	3
173	331	41	1
174	331	41	4
175	331	41	1
187	331	41	1
240	331	41	1
241	331	41	3
133	332	41	1
157	332	41	2
165	332	41	1
168	332	41	1
174	332	41	1
176	332	41	1
180	332	41	1
185	332	41	1
189	332	41	2
192	332	41	2
218	332	41	5
221	332	41	1
240	332	41	1
134	333	41	3
151	333	41	1
152	333	41	2
154	333	41	1
189	333	41	1
216	333	41	3
217	333	41	1
220	333	41	2
240	333	41	2
189	334	41	1
218	334	41	1
243	334	41	2
244	334	41	2
133	335	41	1
150	335	41	2
151	335	41	2
164	335	41	3
246	335	41	1
218	336	41	1
126	337	41	1
128	337	41	1
129	337	41	3
151	337	41	3
251	337	41	1
151	338	41	1
152	338	41	2
250	338	41	1
158	339	41	2
195	339	41	1
214	339	41	1
215	339	41	1
247	339	41	1
152	340	41	1
194	340	41	1
214	340	41	1
216	340	41	1
195	341	41	1
220	341	41	4
210	342	41	1
214	342	41	2
215	342	41	1
194	344	41	1
195	344	41	1
211	344	41	1
194	345	41	1
212	345	41	1
249	345	41	2
206	346	41	3
210	346	41	1
218	346	41	3
231	347	41	1
248	347	41	1
233	349	41	1
193	350	41	2
237	350	41	1
211	351	41	1
233	351	41	2
237	351	41	1
209	352	41	1
210	353	41	2
207	358	41	3
171	359	41	2
206	359	41	2
207	360	41	1
208	360	41	2
202	361	41	1
199	363	41	2
200	363	41	1
138	227	42	2
134	228	42	1
138	228	42	2
139	228	42	1
136	229	42	1
138	230	42	1
135	232	42	2
136	232	42	1
138	232	42	1
137	233	42	1
203	233	42	1
147	234	42	1
201	234	42	1
202	234	42	3
156	235	42	1
163	235	42	2
201	235	42	1
202	235	42	2
203	235	42	2
143	236	42	3
144	236	42	1
156	236	42	2
161	236	42	2
164	236	42	1
165	236	42	2
199	236	42	2
139	237	42	1
158	237	42	3
161	237	42	1
165	237	42	2
204	237	42	1
206	237	42	3
161	238	42	2
162	238	42	1
164	238	42	2
166	238	42	1
136	239	42	2
137	239	42	2
141	240	42	1
143	240	42	1
166	240	42	3
137	242	42	1
170	242	42	1
164	243	42	1
174	243	42	1
176	244	42	1
179	244	42	2
184	244	42	1
126	245	42	1
126	247	42	1
177	252	42	1
178	252	42	1
140	253	42	1
140	254	42	1
176	254	42	1
120	256	42	2
151	256	42	1
158	256	42	2
212	256	42	3
213	256	42	2
141	257	42	1
147	257	42	1
149	257	42	1
151	257	42	1
157	257	42	2
173	257	42	1
175	257	42	1
177	257	42	1
212	257	42	2
253	257	42	1
150	258	42	1
158	258	42	3
172	258	42	1
175	258	42	1
139	259	42	1
145	259	42	1
154	259	42	2
158	259	42	1
160	259	42	2
173	259	42	3
248	259	42	3
252	259	42	2
172	260	42	3
174	260	42	1
253	260	42	1
150	261	42	2
153	261	42	1
155	261	42	1
157	261	42	2
167	261	42	2
175	261	42	1
177	261	42	1
149	262	42	1
155	262	42	1
171	262	42	1
175	262	42	1
209	262	42	2
146	263	42	3
151	263	42	2
153	263	42	1
157	263	42	2
249	263	42	2
120	264	42	2
121	264	42	2
147	264	42	1
152	264	42	1
155	264	42	1
156	264	42	3
157	264	42	1
158	264	42	1
168	264	42	1
252	264	42	2
124	266	42	1
145	266	42	1
154	266	42	1
155	266	42	1
149	267	42	1
254	267	42	1
143	268	42	3
146	268	42	1
151	268	42	1
141	269	42	1
144	269	42	2
250	269	42	2
142	270	42	1
150	270	42	3
151	270	42	1
143	271	42	1
132	272	42	1
143	272	42	1
144	272	42	2
145	272	42	1
131	273	42	2
142	273	42	1
147	273	42	1
154	273	42	1
157	273	42	1
142	274	42	1
148	274	42	4
134	275	42	2
144	275	42	1
153	275	42	1
155	275	42	2
162	275	42	1
165	275	42	1
250	275	42	1
134	276	42	1
143	276	42	3
151	276	42	1
153	276	42	4
154	276	42	1
156	276	42	1
140	277	42	1
141	277	42	2
143	277	42	1
146	277	42	3
155	277	42	2
163	277	42	4
131	278	42	1
132	278	42	2
144	278	42	1
148	278	42	1
162	278	42	1
137	279	42	2
144	279	42	2
147	279	42	2
149	279	42	2
152	279	42	2
154	279	42	1
164	279	42	1
141	280	42	1
145	280	42	2
151	280	42	1
160	280	42	1
210	280	42	1
140	281	42	1
151	281	42	2
156	281	42	1
139	282	42	1
148	282	42	2
151	282	42	2
154	282	42	1
209	282	42	1
137	283	42	2
141	283	42	1
152	283	42	1
138	284	42	1
149	284	42	1
154	285	42	2
157	285	42	1
217	285	42	2
174	287	42	2
134	288	42	1
137	288	42	1
135	289	42	1
134	290	42	1
133	291	42	3
135	291	42	4
140	291	42	1
153	292	42	3
141	294	42	2
154	294	42	1
135	295	42	1
136	296	42	1
161	296	42	1
130	297	42	1
139	297	42	4
150	297	42	1
136	298	42	1
151	298	42	1
166	298	42	1
215	298	42	1
126	299	42	1
128	299	42	1
133	299	42	1
150	299	42	1
169	299	42	2
259	299	42	2
125	300	42	2
131	300	42	1
133	300	42	1
136	300	42	1
139	300	42	1
124	301	42	1
144	301	42	2
248	301	42	1
138	302	42	1
143	302	42	2
138	303	42	2
140	303	42	1
142	303	42	1
168	303	42	1
132	304	42	2
168	304	42	1
171	304	42	1
181	304	42	1
125	305	42	1
126	305	42	1
131	305	42	2
133	305	42	1
170	305	42	2
171	305	42	1
140	306	42	1
170	306	42	1
130	307	42	2
143	307	42	2
170	307	42	2
129	308	42	2
130	308	42	3
169	308	42	1
140	309	42	1
162	310	42	3
141	311	42	2
142	317	42	1
139	318	42	1
148	318	42	2
140	319	42	2
139	320	42	1
179	323	42	1
183	323	42	3
253	323	42	4
181	324	42	1
132	325	42	3
183	325	42	1
134	326	42	2
249	326	42	3
251	326	42	1
176	327	42	2
130	328	42	1
154	328	42	1
186	328	42	1
187	329	42	2
131	330	42	1
160	330	42	1
179	330	42	1
184	330	42	1
187	330	42	1
188	330	42	1
132	331	42	1
154	331	42	3
176	331	42	2
187	331	42	1
127	332	42	1
133	332	42	1
160	332	42	2
161	332	42	2
164	332	42	1
165	332	42	1
176	332	42	2
177	332	42	1
180	332	42	1
186	332	42	1
187	332	42	3
189	332	42	3
126	333	42	2
131	333	42	1
176	333	42	2
183	333	42	2
189	333	42	1
222	333	42	2
133	334	42	1
178	334	42	3
188	334	42	1
219	334	42	1
222	334	42	2
245	334	42	2
247	334	42	1
134	335	42	1
128	336	42	1
190	336	42	1
246	336	42	1
248	336	42	1
216	337	42	3
155	338	42	2
221	340	42	2
195	341	42	4
211	344	42	1
212	344	42	1
196	345	42	1
213	345	42	1
210	347	42	1
231	349	42	2
235	353	42	2
207	355	42	1
208	356	42	1
207	358	42	2
204	360	42	1
205	361	42	1
200	364	42	1
206	364	42	2
137	227	43	1
139	228	43	2
138	229	43	1
138	230	43	1
136	231	43	1
139	231	43	3
140	231	43	1
162	231	43	2
138	232	43	1
137	233	43	5
139	233	43	1
203	234	43	1
141	235	43	1
163	235	43	3
136	236	43	1
157	236	43	1
136	237	43	2
138	237	43	2
166	238	43	2
143	240	43	1
165	240	43	1
140	242	43	3
169	245	43	1
179	246	43	1
178	247	43	1
179	254	43	1
139	256	43	1
155	257	43	2
174	257	43	1
175	257	43	1
177	257	43	1
215	257	43	3
146	258	43	1
149	258	43	4
175	258	43	2
215	258	43	2
216	258	43	3
144	259	43	1
179	259	43	1
149	260	43	3
154	260	43	2
160	260	43	2
161	260	43	1
172	260	43	1
175	260	43	1
178	260	43	1
145	261	43	1
178	261	43	1
152	262	43	1
153	262	43	2
158	262	43	2
163	262	43	1
164	262	43	2
167	262	43	1
206	262	43	1
208	262	43	1
146	263	43	2
147	263	43	1
154	263	43	3
144	264	43	1
151	264	43	1
156	264	43	3
257	264	43	1
124	265	43	2
144	265	43	2
147	265	43	2
153	265	43	1
155	265	43	1
151	266	43	2
143	267	43	2
147	267	43	3
143	268	43	1
149	268	43	2
142	270	43	2
143	271	43	1
148	271	43	1
143	272	43	2
147	272	43	2
148	272	43	1
149	272	43	2
143	273	43	1
146	273	43	1
147	273	43	2
141	274	43	2
156	274	43	2
214	274	43	1
129	275	43	1
131	275	43	1
132	275	43	1
141	275	43	1
144	275	43	1
182	275	43	1
148	276	43	3
152	276	43	2
131	277	43	3
143	277	43	1
148	277	43	2
156	277	43	2
131	278	43	1
147	278	43	1
151	278	43	2
155	278	43	1
162	278	43	1
150	279	43	1
151	279	43	3
152	279	43	3
158	279	43	1
147	280	43	2
148	280	43	1
150	280	43	2
152	280	43	2
155	280	43	2
152	281	43	1
158	281	43	1
161	281	43	1
141	282	43	1
143	282	43	2
144	282	43	1
158	282	43	1
214	282	43	1
149	283	43	2
152	283	43	1
250	283	43	1
139	284	43	1
141	284	43	1
149	284	43	2
150	284	43	3
152	284	43	1
160	284	43	1
141	285	43	2
152	285	43	2
160	285	43	2
139	286	43	1
140	286	43	3
141	286	43	2
143	286	43	2
154	286	43	2
216	286	43	4
136	288	43	1
173	288	43	1
134	291	43	1
143	292	43	1
152	292	43	2
139	293	43	1
143	293	43	1
146	293	43	2
255	293	43	1
256	293	43	1
141	294	43	1
134	295	43	4
140	295	43	1
151	295	43	1
254	295	43	1
131	296	43	3
137	297	43	2
149	297	43	2
140	298	43	1
141	299	43	1
143	299	43	1
165	299	43	1
129	300	43	2
135	300	43	1
141	300	43	2
167	300	43	2
129	301	43	3
142	301	43	2
131	302	43	1
133	302	43	1
135	302	43	1
137	302	43	1
169	302	43	1
130	303	43	1
135	303	43	1
138	303	43	1
167	303	43	2
135	304	43	3
140	304	43	2
146	304	43	1
134	305	43	1
135	305	43	3
168	305	43	1
125	306	43	2
129	306	43	1
132	306	43	2
148	306	43	2
170	306	43	1
126	307	43	2
128	308	43	3
174	308	43	2
144	312	43	2
140	313	43	1
142	313	43	2
140	314	43	1
140	317	43	1
137	319	43	2
114	321	43	1
138	321	43	1
179	323	43	1
138	324	43	3
135	325	43	1
140	325	43	1
133	326	43	1
136	326	43	1
136	327	43	2
186	327	43	2
184	328	43	2
251	328	43	3
179	329	43	1
188	329	43	1
179	330	43	2
153	331	43	1
189	331	43	1
133	332	43	1
191	332	43	1
192	332	43	2
218	332	43	3
240	332	43	1
133	333	43	3
217	333	43	2
181	334	43	1
222	334	43	2
128	335	43	1
131	335	43	2
156	335	43	1
131	336	43	2
153	336	43	2
244	336	43	1
246	336	43	2
249	337	43	1
132	338	43	1
249	338	43	2
195	340	43	1
211	343	43	1
213	343	43	1
222	343	43	1
231	344	43	1
212	346	43	1
233	346	43	1
208	347	43	1
211	347	43	2
231	347	43	3
209	349	43	1
210	349	43	1
236	349	43	1
238	349	43	2
200	350	43	2
206	350	43	4
227	350	43	1
233	350	43	1
235	351	43	1
205	352	43	2
207	352	43	1
231	352	43	5
206	353	43	2
204	354	43	2
208	354	43	1
207	359	43	1
188	360	43	2
204	360	43	3
206	361	43	1
209	361	43	1
204	362	43	1
206	363	43	2
137	228	44	1
138	228	44	1
139	228	44	2
140	228	44	1
141	229	44	1
135	230	44	1
137	231	44	2
164	232	44	1
137	233	44	1
159	236	44	1
164	237	44	1
139	238	44	2
180	245	44	1
181	245	44	1
175	257	44	1
177	258	44	1
178	258	44	2
158	259	44	1
178	259	44	1
150	260	44	1
155	261	44	1
156	261	44	3
161	261	44	1
175	261	44	1
211	261	44	1
159	262	44	2
149	263	44	1
156	263	44	4
157	263	44	2
158	263	44	2
159	263	44	1
210	263	44	1
146	264	44	2
152	264	44	4
146	266	44	1
147	266	44	1
149	266	44	1
150	266	44	1
146	267	44	2
149	267	44	2
143	269	44	2
146	269	44	2
148	269	44	3
152	269	44	1
145	270	44	1
146	270	44	1
147	271	44	1
203	271	44	1
148	272	44	2
181	272	44	1
142	273	44	1
143	273	44	2
148	273	44	2
145	274	44	2
146	274	44	1
181	274	44	1
211	274	44	1
166	275	44	2
153	276	44	1
154	276	44	3
156	276	44	1
167	276	44	3
145	277	44	1
148	277	44	1
150	277	44	1
149	278	44	1
151	278	44	1
152	278	44	2
154	278	44	2
160	278	44	2
146	279	44	2
154	279	44	1
155	279	44	1
161	279	44	1
147	280	44	1
210	280	44	2
140	281	44	1
146	281	44	1
148	281	44	1
150	281	44	2
156	281	44	2
204	281	44	1
143	282	44	1
150	282	44	1
152	282	44	3
154	282	44	2
142	283	44	1
148	283	44	2
217	283	44	2
145	284	44	1
149	284	44	2
155	284	44	2
142	285	44	2
143	285	44	2
218	286	44	1
217	289	44	1
136	291	44	2
142	291	44	3
144	291	44	1
144	292	44	3
139	293	44	1
145	293	44	2
132	294	44	1
142	294	44	1
144	294	44	2
225	295	44	1
223	296	44	1
139	297	44	2
130	299	44	2
135	299	44	1
137	299	44	1
139	299	44	2
140	300	44	1
142	300	44	2
143	300	44	1
168	300	44	1
130	301	44	1
137	301	44	1
145	301	44	1
127	302	44	2
133	302	44	4
127	303	44	1
139	304	44	1
128	305	44	2
130	306	44	3
131	306	44	1
144	306	44	1
173	306	44	1
170	309	44	2
174	309	44	1
143	310	44	2
140	318	44	2
141	318	44	2
113	322	44	1
183	323	44	2
182	325	44	1
131	328	44	1
133	328	44	4
187	329	44	1
179	330	44	2
185	330	44	1
133	331	44	1
131	333	44	1
180	333	44	1
136	334	44	2
189	334	44	3
218	334	44	2
128	335	44	3
215	335	44	1
242	335	44	1
213	336	44	2
219	336	44	1
220	336	44	1
215	338	44	1
247	339	44	2
216	344	44	1
211	346	44	2
228	346	44	2
231	346	44	2
211	348	44	2
211	349	44	2
192	361	44	3
195	361	44	1
163	233	45	2
143	237	45	1
176	259	45	2
173	260	45	1
158	262	45	2
175	262	45	2
153	265	45	1
145	270	45	1
144	272	45	1
151	272	45	1
179	274	45	2
141	275	45	1
149	279	45	2
150	279	45	1
162	279	45	2
149	280	45	1
152	281	45	1
161	281	45	1
149	282	45	2
145	283	45	1
146	285	45	1
143	293	45	2
144	294	45	1
143	295	45	1
140	296	45	2
143	296	45	1
135	299	45	2
138	299	45	2
134	301	45	2
142	301	45	1
127	302	45	2
133	302	45	1
133	303	45	2
130	304	45	1
132	304	45	1
137	304	45	1
139	304	45	1
140	304	45	1
141	315	45	1
180	318	45	1
182	321	45	1
252	324	45	1
167	326	45	2
187	329	45	3
185	330	45	1
189	331	45	4
214	339	45	3
217	344	45	2
211	345	45	2
229	346	45	2
209	347	45	2
233	349	45	2
206	351	45	1
202	352	45	1
155	233	46	1
132	236	46	2
173	255	46	1
157	259	46	1
158	260	46	2
159	263	46	1
147	266	46	1
154	270	46	1
144	272	46	3
146	272	46	2
139	273	46	1
161	277	46	1
148	278	46	1
150	279	46	1
149	280	46	2
152	280	46	1
215	280	46	1
144	281	46	1
146	281	46	1
150	281	46	4
146	282	46	3
140	284	46	1
149	284	46	1
120	286	46	1
143	290	46	1
140	292	46	2
144	292	46	2
148	293	46	1
140	296	46	2
207	296	46	1
225	297	46	2
139	298	46	1
140	298	46	2
142	299	46	1
144	299	46	1
132	300	46	5
143	300	46	1
228	300	46	1
135	301	46	2
137	301	46	1
130	302	46	4
131	302	46	1
143	302	46	1
146	302	46	1
133	303	46	1
134	303	46	2
143	303	46	1
137	304	46	1
240	304	46	5
194	315	46	1
188	319	46	3
184	320	46	1
188	320	46	1
176	323	46	1
177	323	46	1
189	323	46	1
180	324	46	3
173	325	46	1
172	326	46	2
183	326	46	1
174	327	46	2
178	327	46	3
188	328	46	1
238	331	46	4
217	334	46	1
215	336	46	1
216	341	46	4
217	342	46	1
222	343	46	1
232	343	46	1
182	353	46	1
131	223	47	1
141	227	47	2
138	229	47	2
149	265	47	2
146	270	47	1
146	277	47	1
155	279	47	1
152	280	47	1
162	282	47	1
120	283	47	1
149	284	47	2
147	285	47	2
146	289	47	2
144	294	47	3
202	295	47	4
139	298	47	2
136	299	47	2
229	302	47	1
178	320	47	2
194	321	47	2
179	322	47	1
185	323	47	2
190	323	47	1
175	324	47	2
179	324	47	4
186	329	47	1
218	341	47	1
212	344	47	3
230	353	47	2
207	355	47	2
203	356	47	3
231	356	47	1
186	257	48	1
140	278	48	1
143	279	48	1
159	279	48	2
147	281	48	1
140	285	48	2
149	288	48	1
142	290	48	3
124	319	48	1
179	323	48	1
169	324	48	1
157	325	48	2
216	342	48	1
217	344	48	2
207	351	48	1
140	224	49	1
116	230	49	1
135	230	49	1
147	245	49	1
151	248	49	1
151	252	49	1
195	252	49	1
156	256	49	1
173	256	49	1
171	260	49	1
139	263	49	2
146	264	49	1
191	267	49	2
139	268	49	2
169	270	49	1
144	271	49	5
156	274	49	2
146	276	49	3
150	278	49	2
145	279	49	3
157	279	49	1
145	280	49	1
214	282	49	1
144	284	49	2
169	284	49	3
132	285	49	2
132	287	49	3
147	287	49	1
146	288	49	1
200	296	49	1
144	299	49	1
202	299	49	2
131	300	49	2
225	300	49	1
135	302	49	1
128	307	49	1
169	308	49	2
149	313	49	4
183	319	49	2
178	322	49	2
170	325	49	1
139	326	49	2
235	326	49	2
138	333	49	1
152	338	49	4
211	346	49	1
197	348	49	1
204	348	49	2
186	349	49	1
206	353	49	1
183	230	50	1
127	235	50	1
234	246	50	1
162	253	50	3
139	263	50	1
155	263	50	2
130	265	50	1
151	272	50	1
155	273	50	1
134	275	50	2
249	286	50	3
259	286	50	1
143	291	50	3
131	294	50	1
139	294	50	3
140	294	50	1
148	296	50	1
174	298	50	2
140	302	50	5
131	306	50	1
146	307	50	2
157	313	50	1
195	325	50	2
179	329	50	3
198	337	50	2
206	340	50	1
225	341	50	3
