x	y	z	The NLRP3 inflammasome
216.157603775171	275.673637444315	34.5586340221659	1
246	292	21	1
239	272	24	1
240	277	24	1
232	278	24	1
245	284	24	1
244	288	24	1
245	288	24	2
231	268	25	1
236	268	25	1
233	269	25	1
232	274	25	1
233	274	25	1
237	275	25	1
232.5	276.5	25.5	1
240	276	25	1
236	277	25	1
237	277	25	1
233	278	25	1
236	278	25	1
237	278	25	1
239	278	25	1
232	279	25	1
233	279	25	1
238	279	25	1
241	279	25	1
248	280	25	1
247	282	25	1
231	283	25	1
233	283	25	1
238	283	25	1
213	284	25	1
236	284	25	1
243	284	25	1
246	285	25	2
234	286	25	1
242	286	25	1
252	286	25	2
223	287	25	1
238	287	25	1
249	287	25	1
252	287	25	1
239	288	25	1
238	289	25	2
242	289	25	1
244	289	25	1
243	290	25	1
246	290	25	1
237	291	25	1
243	292	25	1
250	292	25	2
243	293	25	1
239	294	25	2
243	294	25	1
239	296	25	1
246	296	25	1
240	298	25	1
238	300	25	1
182	260	26	1
229	262	26	2
215	265	26	1
234	265	26	1
234	267	26	1
235	268	26	1
217	272	26	1
224	272	26	1
226	272	26	1
236	272	26	1
239	275	26	1
245	275	26	1
246	275	26	1
233	276	26	1
237	276	26	1
207	277	26	1
210	277	26	1
236	277	26	1
247	277	26	1
250	277	26	1
239	278	26	1
240	278	26	1
249	278	26	1
207	279	26	1
232	279	26	1
233	279	26	1
241	279	26	1
241	280	26	1
232	281	26	1
236	281	26	2
240	281	26	1
244	281	26	1
209	282	26	1
234	282	26	1
235	282	26	1
242	282	26	1
245	282	26	1
246	282	26	1
250	282	26	1
238	283	26	1
245	283	26	1
248	283	26	1
215	284	26	1
235	284	26	1
238	284	26	1
234	285	26	1
235	285	26	1
244	285	26	1
238	286	26	3
241	286	26	2
223	287	26	1
249	287	26	1
252	287	26	1
232	288	26	1
233	289	26	1
251	289	26	1
225	290	26	1
238	290	26	1
239	290	26	1
242	290	26	1
232	291	26	1
237	291	26	1
238	291	26	1
239	291	26	1
240	291	26	1
227	292	26	1
251	292	26	1
225	293	26	1
246	293	26	2
235	294	26	1
239	294	26	1
248	295	26	1
242	297	26	1
245	297	26	1
227	301	26	1
181	257	27	2
183	257	27	1
180	259	27	2
176	260	27	1
186	260	27	1
228	261	27	2
230	261	27	1
236	262	27	1
238	262	27	2
179	263	27	1
181	263	27	1
211	263	27	1
229	263	27	1
236	263	27	1
237	264	27	1
221	265	27	1
226	265	27	1
178	266	27	1
179	266	27	1
232	266	27	1
234	266	27	1
235	266	27	2
226	267	27	1
234	267	27	1
214	268	27	1
219	268	27	1
223	268	27	1
225	268	27	1
228	268	27	1
229	268	27	2
240	268	27	1
207	269	27	1
213	269	27	1
215	269	27	1
227	269	27	1
238	269	27	1
240	269	27	1
178	270	27	1
181	270	27	1
217	270	27	1
218	270	27	1
221	270	27	1
231	270	27	1
236	270	27	1
239	270	27	1
180	271	27	1
217	271	27	1
231	271	27	1
240	271	27	1
247	271	27	1
248	271	27	1
204	272	27	1
206	272	27	1
208	272	27	1
214	272	27	1
223	272	27	1
225	272	27	1
229	272	27	1
230	272	27	1
236	272	27	1
249	272	27	1
215	273	27	1
220	273	27	1
178	274	27	1
179	274	27	1
208	274	27	1
216	274	27	1
224	274	27	1
226	274	27	1
230	274	27	1
232	274	27	1
235	274	27	1
205	275	27	1
212	275	27	1
223	275	27	1
224	275	27	1
233	275	27	1
238	275	27	1
250	275	27	1
252	275	27	1
204	276	27	1
205	276	27	1
210	276	27	1
211	276	27	1
230	276	27	1
219	277	27	1
235	277	27	1
244	277	27	1
246	277	27	1
203	278	27	1
209	278	27	1
239	278	27	1
240	278	27	1
201	279	27	1
237	279	27	1
240	279	27	1
244	279	27	1
247	279	27	1
249	279	27	1
250	279	27	1
207	280	27	1
234	280	27	1
235	280	27	1
236	280	27	1
240	280	27	1
243	280	27	1
247	280	27	1
206	281	27	1
228	281	27	1
236	281	27	1
241	281	27	1
249	281	27	1
254	281	27	1
213	282	27	2
227	282	27	1
237	282	27	1
240	282	27	1
241	282	27	1
242	282	27	1
245	282	27	1
248	282	27	2
207	283	27	1
215	283	27	1
236	283	27	1
254	283	27	2
206	284	27	1
210	284	27	1
215	284	27	1
230	284	27	1
256	284	27	1
257	284	27	1
200	285	27	2
212	285	27	1
215	285	27	1
233	285	27	1
235	285	27	1
242	285	27	1
246	285	27	1
254	285	27	2
208	286	27	1
219	286	27	1
233	286	27	1
219	287	27	1
222	287	27	1
223	287	27	1
232	287	27	1
240	287	27	1
246	287	27	1
248	287	27	1
249	287	27	1
207	288	27	1
214	288	27	1
229	288	27	1
231	288	27	1
233	288	27	1
236	288	27	1
240	288	27	1
242	288	27	1
243	288	27	1
249	288	27	1
252	288	27	1
203	289	27	1
219	289	27	1
226	289	27	1
235	289	27	1
239	289	27	1
251	289	27	1
228	290	27	1
233	290	27	1
235	290	27	1
250	290	27	1
253	290	27	1
221	291	27	1
239	291	27	1
242	291	27	1
248	291	27	1
211	292	27	1
221	292	27	1
223	292	27	1
227	292	27	1
229	292	27	1
247	292	27	1
248	292	27	1
251	292	27	2
254	292	27	1
227	293	27	1
237	293	27	1
238	293	27	1
254	293	27	1
213	294	27	1
219	294	27	3
238	294	27	1
245	294	27	1
246	294	27	1
249	294	27	1
251	294	27	1
257	294	27	1
211	295	27	2
221	295	27	1
248	295	27	1
252	295	27	1
220	296	27	1
242	297	27	1
246	297	27	1
223	298	27	1
237	298	27	1
226	299	27	1
237	300	27	1
238	301	27	1
243	301	27	1
245	301	27	1
244	302	27	1
241	303	27	1
231	264	28	1
238	269	28	1
235	270	28	1
238	270	28	1
237	271	28	1
240	271	28	1
236	272	28	1
250	272	28	1
237	278	28	1
235	280	28	1
248	281	28	1
247	282	28	1
250	284	28	1
238	285	28	1
237	286	28	1
242	288	28	1
247	289	28	1
242	290	28	1
244	290	28	1
241	291	28	1
243	293	28	1
248	293	28	1
242	294	28	2
249	294	28	1
245	295	28	1
181	258	29	1
190	258	29	1
229	259	29	2
238	259	29	1
182	260	29	1
248	262	29	2
245	263	29	1
178	264	29	1
248	264	29	1
232	265	29	1
234	265	29	1
229	266	29	1
250	266	29	1
192	267	29	1
194	267	29	2
214	267	29	1
231	267	29	1
235	267	29	1
234	268	29	1
238	268	29	2
232	269	29	1
235	269	29	1
232	270	29	1
250	270	29	1
203	271	29	2
204	271	29	1
214	271	29	1
216	271	29	1
234	271	29	1
211	272	29	1
214	272	29	1
233	272	29	1
234	272	29	1
236	272	29	1
239	272	29	2
249	272	29	1
182	273	29	1
225	273	29	1
250	273	29	1
232	274	29	1
238	274	29	1
231	275	29	1
232	275	29	1
241	275	29	1
204	276	29	2
208	276	29	1
246	276	29	1
232	277	29	1
251	277	29	1
238	278	29	1
245	278	29	2
252	279	29	2
205	280	29	1
245	280	29	1
247	280	29	2
233	281	29	1
234	281	29	1
249	281	29	1
212	282	29	2
242	282	29	1
215	283	29	1
233	283	29	2
236	283	29	1
244	283	29	1
251	283	29	1
237	284	29	1
246	284	29	1
250	284	29	1
227	285	29	1
236	285	29	1
247	285	29	1
232	286	29	1
247	286	29	1
248	286	29	1
249	286	29	1
231	287	29	2
238	287	29	1
247	287	29	1
232	288	29	1
240	288	29	1
246	288	29	1
253	288	29	1
226	290	29	1
240	290	29	1
245	290	29	1
224	291	29	1
225	291	29	1
226	291	29	1
239	291	29	1
245	291	29	1
222	292	29	1
238	292	29	1
257	292	29	1
222	293	29	1
223	293	29	1
242	293	29	1
247	293	29	1
224	294	29	1
238	294	29	1
247	295	29	1
248	297	29	1
235	300	29	1
247	300	29	1
221	301	29	1
223	301	29	2
224	301	29	1
238	301	29	1
224	302	29	1
232	254	30	1
236	254	30	1
191	255	30	1
230	255	30	1
232	255	30	1
237	255	30	1
204	256	30	2
230	256	30	1
232	256	30	1
204	257	30	2
227	257	30	2
176	258	30	1
189	259	30	1
205	259	30	1
209	259	30	1
216	259	30	1
219	259	30	1
220	259	30	1
237	259	30	1
239	259	30	1
186	260	30	1
223	260	30	1
188	261	30	1
212	261	30	1
225	261	30	1
230	261	30	1
178	262	30	1
179	262	30	1
206	262	30	1
221	262	30	1
223	262	30	1
227	262	30	1
231	262	30	1
186	263	30	1
188	263	30	1
215	263	30	1
216	263	30	2
224	263	30	1
249	263	30	1
178	264	30	1
225	264	30	1
227	264	30	1
233	264	30	1
236	264	30	2
238	264	30	1
245	264	30	1
249	264	30	1
196	265	30	1
211	265	30	1
219	265	30	1
224	265	30	1
239	265	30	1
194	266	30	1
215	266	30	1
230	266	30	1
239.5	266.5	30.5	1
243	266	30	1
235	267	30	1
249	267	30	2
250	267	30	1
213	268	30	1
231	268	30	1
238	268	30	1
240	268	30	1
246	268	30	1
250	268	30	1
172	269	30	1
177	269	30	1
191	269	30	1
196	269	30	1
216	269	30	1
232	269	30	2
235	269	30	1
236	269	30	1
187	270	30	1
207	270	30	1
223	270	30	1
175	271	30	1
188	271	30	1
193	271	30	1
199	271	30	1
200	271	30	1
208	271	30	1
239	271	30	1
243	271	30	1
185	272	30	1
207	272	30	1
238	272	30	1
244	272	30	2
203	273	30	1
235	273	30	1
241	273	30	1
234	274	30	1
238	274	30	1
241	274	30	1
180	275	30	1
182	275	30	1
203	275	30	1
239	275	30	1
244	275	30	1
250	275	30	1
186	276	30	1
253	276	30	1
201	278	30	1
250	278	30	1
253	278	30	1
206	279	30	1
239	279	30	2
233	280	30	1
241	280	30	1
242	280	30	1
247	280	30	1
217	281	30	1
235	281	30	1
251	281	30	1
177	282	30	1
181	282	30	1
213	282	30	1
215	282	30	1
221	282	30	1
239	282	30	1
240	282	30	3
244	282	30	1
245	282	30	2
251	282	30	1
254	282	30	1
233	284	30	1
240	284	30	2
249	284	30	1
250	284	30	1
251	284	30	1
253	284	30	1
225	285	30	1
236	285	30	1
246	285	30	1
256	285	30	2
219	286	30	1
223	286	30	1
234	286	30	1
241	286	30	1
250	286	30	1
252	286	30	1
207	287	30	1
222	287	30	1
246	287	30	1
248	287	30	1
251	287	30	1
252	287	30	1
254	287	30	1
199	288	30	1
231	288	30	1
235	288	30	1
199	289	30	1
223	289	30	1
232	289	30	1
248	289	30	1
224	290	30	1
225	290	30	1
250	290	30	1
197	291	30	2
226	291	30	1
242	291	30	1
247	291	30	1
250	291	30	1
251	291	30	2
255	291	30	1
213	292	30	1
229	292	30	1
235	292	30	1
237	292	30	1
249	292	30	1
257	292	30	1
238	293	30	1
253	293	30	2
189	294	30	1
210	294	30	1
235	294	30	1
245	294	30	2
249	294	30	1
241	295	30	1
257	295	30	1
233	296	30	1
244	296	30	1
247	296	30	1
253	296	30	1
223	297	30	1
229	297	30	1
231	297	30	1
226	298	30	1
229	298	30	1
237	298	30	1
252	298	30	1
221	299	30	1
226	300	30	1
232	300	30	1
236	300	30	1
247	300	30	1
249	300	30	2
226	301	30	1
238	301	30	1
244	301	30	1
249	301	30	1
251	301	30	1
221	302	30	1
229	302	30	2
223	303	30	1
244	303	30	1
233	305	30	1
236	305	30	2
240	306	30	1
224	250	31	1
235	250	31	1
215	251	31	1
226	252	31	1
229	252	31	1
232	253	31	1
232	254	31	1
235	255	31	1
216	256	31	2
177	257	31	2
230	257	31	1
240	257	31	1
190	258	31	1
216	258	31	1
230	258	31	1
234	258	31	1
239	258	31	1
227	259	31	2
242	259	31	1
188	260	31	1
191	260	31	1
216	260	31	1
231	260	31	2
181	261	31	1
195	261	31	1
210	261	31	1
228	261	31	1
186	262	31	1
217	262	31	1
226	262	31	1
235	262	31	1
198	263	31	1
211	263	31	1
222	263	31	1
228	263	31	1
233	263	31	1
234	263	31	2
245	263	31	1
188	264	31	1
210	264	31	1
223	264	31	1
238	264	31	1
248	264	31	1
249	264	31	2
184	265	31	1
192	265	31	1
200	265	31	1
234	265	31	1
240	265	31	2
245	265	31	1
246	265	31	1
249	265	31	1
250	265	31	1
191	266	31	1
198	266	31	1
217	266	31	1
219	266	31	1
196	267	31	1
211	267	31	1
224	267	31	1
245	267	31	1
246	267	31	1
188	268	31	1
195	268	31	1
197	268	31	1
205	268	31	1
219	268	31	1
243	268	31	1
188	269	31	1
194	269	31	1
206	269	31	2
232	269	31	1
240	269	31	1
246	269	31	1
250	269	31	1
181	270	31	1
198	270	31	1
237	270	31	1
250	270	31	2
174	271	31	1
175	271	31	1
178	271	31	1
182	271	31	1
203	271	31	1
209	271	31	1
224	271	31	1
232	271	31	1
235	271	31	1
251	271	31	1
234	272	31	1
236	272	31	1
181	273	31	1
213	273	31	1
244	273	31	1
203	274	31	1
210	274	31	1
229	274	31	2
248	274	31	1
252	274	31	1
182	275	31	1
184	275	31	1
236	275	31	1
244	275	31	1
234	276	31	1
238	276	31	1
252	276	31	2
247	277	31	1
249	277	31	1
174	278	31	1
204	278	31	1
207	278	31	1
175	279	31	1
205	279	31	1
216	279	31	1
236	279	31	1
243	279	31	1
246	279	31	1
247	279	31	1
176	280	31	1
220	280	31	1
221	280	31	1
226	280	31	2
237	280	31	1
241	280	31	1
248	280	31	1
223	281	31	1
234	281	31	1
240	281	31	1
251	281	31	1
179	282	31	1
221	282	31	1
232	282	31	1
239	282	31	1
208	283	31	1
223	283	31	1
232	283	31	1
181	284	31	1
206	284	31	1
231	284	31	1
237	284	31	1
257	284	31	1
183	285	31	1
206	285	31	2
218	285	31	1
224	285	31	1
231	285	31	1
234	285	31	1
243	285	31	1
244	285	31	1
252	285	31	1
253	285	31	1
219	286	31	1
225	286	31	1
231	286	31	1
238	286	31	1
220	287	31	1
227	287	31	1
237	287	31	1
239	287	31	1
248	287	31	1
250	287	31	1
251	287	31	1
252	287	31	1
186	288	31	1
220	288	31	1
236	288	31	1
240.5	288.5	31.5	1
246	288	31	1
251	288	31	1
221	289	31	1
241	289	31	1
244	289	31	2
200	290	31	1
235	290	31	1
240	290	31	1
223	291	31	1
226	291	31	1
231	291	31	1
247	291	31	1
199	292	31	2
250	292	31	1
252	292	31	1
253	292	31	1
231	293	31	1
232	293	31	1
238	293	31	1
247	293	31	1
225	294	31	1
237	294	31	2
242	294	31	1
198	295	31	1
221	295	31	1
229	295	31	1
240	295	31	1
188	296	31	2
199	296	31	1
200	296	31	1
234	296	31	2
235	297	31	1
236	297	31	2
239	297	31	1
243	297	31	1
196	298	31	1
205	298	31	2
240	298	31	1
248	298	31	1
252	298	31	1
221	299	31	1
237	300	31	1
238	300	31	2
216	301	31	1
229	301	31	1
233	301	31	1
237	301	31	1
241	301	31	1
220	302	31	2
229	302	31	1
247	302	31	2
224	303	31	1
231	303	31	2
235	303	31	1
239	303	31	1
244	303	31	1
235	304	31	1
223	305	31	1
225	305	31	1
238	305	31	1
242	305	31	1
234	307	31	1
237	307	31	2
226	309	31	1
216	252	32	1
217	252	32	1
226	254	32	1
235	254	32	1
215	255	32	1
229	256	32	1
232	256	32	1
195	257	32	1
202	257	32	1
210	257	32	1
229	257	32	1
232	257	32	1
238	257	32	1
193	258	32	1
213	258	32	1
214	258	32	1
235	258	32	1
191	259	32	1
201	259	32	1
209	259	32	1
215	259	32	1
220	259	32	1
229	259	32	1
242	259	32	1
216	260	32	1
228	260	32	1
244	261	32	1
246	261	32	2
196	262	32	1
216	262	32	2
221	262.666666666667	33	1
224	262	32	1
227	262	32	1
230	262	32	1
238	262	32	1
246	262	32	1
212	263	32	1
215	263	32	1
218	263	32	2
225	263	32	1
227	263	32	1
228	263	32	1
250	263	32	1
189	264	32	1
192	264	32	1
200	264	32	1
222	264	32	1
238	264	32	1
189	265	32	1
198	265	32	1
204	265	32	1
206	265	32	1
211	265	32	3
213	265	32	1
216	265	32	1
231	265	32	1
184	266	32	1
186	266	32	1
237	266	32	1
245	266	32	1
247	266	32	1
183	267	32	1
191	267	32	1
211	267	32	1
216	267	32	1
225	267	32	1
229	267	32	1
233	267	32	1
246	267	32	1
188	268	32	1
207	268	32	2
228	268	32	1
175	269	32	1
176	269	32	2
182	269	32	1
187	269	32	1
241	269	32	2
252	269	32	1
196	270	32	1
231	270	32	1
248	270	32	1
174	271	32	1
186	271	32	1
188	271	32	1
202	271	32	1
208	271	32	1
216	271	32	1
234	271	32	1
235	271	32	1
212	272	32	1
240	272	32	1
243	272	32	2
255	272	32	1
183	273	32	1
201	273	32	1
210	273	32	1
212	273	32	1
249	273	32	1
181	274	32	1
183	274	32	1
209	274	32	1
211	274	32	1
213	274	32	3
233	274	32	1
240	275	32	1
215	276	32	1
238	276	32	2
243	276	32	1
214	277	32	1
237	277	32	2
243	277	32	1
247	277	32	1
204	278	32	1
237	278	32	1
248	278	32	1
250	278	32	1
205	279	32	1
173	280	32	1
176	280	32	1
189	280	32	1
229	280	32	1
232	280	32	1
173	281	32	1
210	281	32	1
217	281	32	1
232	281	32	1
234	281	32	1
240	281	32	1
174	282	32	1
187	282	32	1
226	282	32	1
229	282	32	1
248	282	32	3
256	282	32	1
211	283	32	1
222	283	32	1
226	283	32	2
238	283	32	1
244	283	32	1
253	283	32	1
254	283	32	1
177	284	32	1
219	284	32	1
220	284	32	1
221	284	32	1
222	284	32	1
240	284	32	1
247	284	32	1
185	285	32	1
208	285	32	1
221	285	32	1
229	285	32	1
232	285	32	1
233	285	32	1
236	285	32	1
243	285	32	1
249	285	32	1
253	285	32	1
255	285	32	1
177	286	32	1
224	286	32	1
227	286	32	1
228	286	32	1
229	286	32	1
234	286	32	1
239	286	32	1
243	286	32	1
249	286	32	1
177	287	32	1
226	287	32	1
241	287	32	1
254	287	32	1
256	287	32	1
202	288	32	1
223	288	32	1
225	288	32	1
231	288	32	1
234	288	32	1
244	288	32	1
246	288	32	1
249	288	32	1
250	288	32	1
226	289	32	1
243	289	32	1
247	289	32	1
229	290	32	1
237	290	32	1
243	290	32	1
245	290	32	1
246	290	32	1
198	291	32	1
222	291	32	1
226	291	32	1
242	291	32	1
188	292	32	1
197	292	32	1
227	292	32	1
199	293	32	1
218	293	32	1
222	293	32	1
223	293	32	1
229	293	32	1
234	293	32	1
236	293	32	1
248	293	32	1
256	293	32	1
199	294	32	1
202	294	32	1
204	294	32	1
221	294	32	1
223	294	32	1
225	294	32	1
228	294	32	1
233	294	32	1
238	294	32	1
245	294	32	1
253	294	32	1
256	294	32	1
220	295	32	1
231	295	32	1
244	295	32	1
248	295	32	1
197	296	32	1
241	296	32	1
242	296	32	1
219	297	32	1
226	297	32	2
233	297	32	3
242	297	32	1
250	297	32	1
255	297	32	1
198	298	32	1
227	298	32	1
228	298	32	1
230	298	32	1
239	298	32	1
249	298	32	1
250	298	32	1
226	299	32	1
244	299	32	1
248	299	32	1
225	300	32	1
236	300	32	2
244	300	32	1
245	300	32	2
223	301	32	1
225	301	32	1
227	301	32	1
236	301	32	1
224	302	32	1
233	302	32	1
242	302	32	1
247	302	32	1
249	302	32	1
217	304	32	1
231	304	32	1
235	304	32	1
236	304	32	1
206	307	32	1
225	307	32	1
221	308	32	2
227	308	32	1
236	308	32	1
225	309	32	1
228	309	32	1
234	309	32	1
225	310	32	1
231	310	32	1
232	312	32	1
231	252	33	1
217	253	33	1
232	253	33	1
237	253	33	1
240	253	33	1
227	254	33	1
232	254	33	1
217	255	33	1
219	255	33	1
236	255	33	1
221	256	33	1
222	256	33	1
228	256	33	1
232	256	33	1
214	257	33	1
219	257	33	1
230	257	33	1
235	257	33	1
223	258	33	1
232	258	33	1
235	258	33	1
243	258	33	1
244	258	33	1
189	259	33	1
215	259	33	1
226	259	33	1
228	259	33	1
229	259	33	1
239	259	33	1
242	259	33	1
246	259	33	1
208	260	33	1
220	260	33	1
224	260	33	1
243	260	33	1
193	261	33	1
218	261	33	2
227	261	33	1
237	261	33	1
239	261	33	1
247	261	33	1
214	262	33	2
215	262	33	1
216	262	33	1
221	262	33	1
238	262	33	1
243	262	33	1
245	262	33	1
250	262	33	1
185	263	33	1
224	263	33	1
228	263	33	1
231	263	33	1
185	264	33	1
191	264	33	1
192	264	33	1
195	264	33	1
211	264	33	1
214	264	33	1
224	264	33	1
250	264	33	1
188	265	33	1
194	265	33	2
224	265	33	1
229	265	33	1
242	265	33	1
243	265	33	1
248	265	33	1
252	265	33	1
184	266	33	1
195	266	33	1
214	266	33	1
222	266	33	2
224	266	33	1
246	266	33	1
183	267	33	1
186	267	33	1
191	267	33	1
192	267	33	1
202	267	33	1
214	267	33	1
250	267	33	1
188	268	33	1
189	268	33	1
208	268	33	1
218	268	33	1
194	269	33	1
204	269	33	1
233	269	33	1
235	269	33	1
245	269	33	1
207	270	33	1
214	270	33	1
233	270	33	2
177	271	33	1
242	271	33	2
246	271	33	2
173	272	33	1
183	272	33	1
186	272	33	1
225	272	33	1
232	272	33	1
247	272	33	1
254	272	33	1
183	273	33	1
201	273	33	1
203	273	33	1
209	273	33	1
243	273	33	1
170	274	33	1
190	274	33	2
193	274	33	1
203	274	33	1
204	274	33	1
206	274	33	1
211	274	33	2
212	274	33	1
214	274	33	1
229	274	33	1
237	274	33	2
235	275	33	1
176	276	33	1
177	276	33	1
201	276	33	2
206	276	33	1
236	276	33	2
180	277	33	1
206	277	33	1
224	277	33	1
243	277	33	1
245	277	33	1
246	277	33	1
204	278	33	1
210	278	33	1
237	278	33	1
245	278	33	1
175	279	33	1
176	279	33	1
178	279	33	1
240	279	33	2
244	279	33	1
245	279	33	1
251	279	33	1
187	280	33	1
207	280	33	1
229	280	33	1
247	280	33	1
248	280	33	2
249	280	33	1
250	280	33	1
207	281	33	1
222	281	33	1
223	281	33	1
243	281	33	1
245	281	33	1
177	282	33	1
188	282	33	1
214	282	33	1
224	282	33	1
233	282	33	1
241	282	33	1
247	282	33	1
185	283	33	1
207	283	33	1
220	283	33	1
221	283	33	1
237	283	33	1
242	283	33	1
246	283	33	1
250	283	33	1
186	284	33	1
205	284	33	2
235	284	33	1
240	284	33	1
248	284	33	1
202	285	33	1
206	285	33	2
212	285	33	1
221	285	33	1
228	285	33	1
240	285	33	1
242	285	33	1
246	285	33	1
204	286	33	2
220	286	33	1
237	286	33	1
249	286	33	1
208	287	33	1
224	287	33	1
228	287	33	1
187	288	33	2
202	288	33	1
219	288	33	1
223	288	33	1
233	288	33	1
234	288	33	1
249	288	33	1
257	288	33	1
230	289	33	1
232	289	33	1
241.5	289.5	33.5	1
184	290	33	1
234	290	33	2
235	290	33	1
229	291	33	1
232	291	33	1
240	291	33	1
227	292	33	1
246	292	33	1
247	292	33	1
177	293	33	1
199	293	33	2
225	293	33	2
254	293	33	1
202	294	33	1
213	294	33	1
236	294	33	1
251	294	33	1
201	295	33	1
245	295	33	1
247	295	33	1
253	295	33	1
195	296	33	1
198	296	33	1
222	296	33	2
230	296	33	1
242	296	33	2
198	297	33	2
223	297	33	2
226	297	33	1
246	297	33	1
246	298	33	1
195	299	33	1
198	299	33	1
201	299	33	2
228	299	33	1
245	299	33	1
247	299	33	1
228	300	33	1
229	300	33	1
240	300	33	1
226	301	33	1
227	301	33	1
237	301	33	1
239	301	33	1
246	301	33	1
249	301	33	2
226	302	33	1
234	302	33	1
236	302	33	1
242	303	33	1
243	303	33	1
206	304	33	1
220	304	33	1
223	304	33	1
232	304	33	1
227	305	33	1
233	305	33	1
235	305	33	1
240	305	33	1
235	306	33	1
238	306	33	1
206	307	33	1
226	307	33	1
234	307	33	1
233	308	33	1
239	308	33	3
224	309	33	1
225	309	33	1
229	309	33	1
232	309	33	1
235	309	33	1
237	309	33	1
225	310	33	1
226	310	33	1
227	310	33	1
233	311	33	1
236	311	33	1
238	311	33	1
222	312	33	1
225	312	33	1
226	312	33	1
228	313	33	2
235	313	33	1
237	313	33	1
226	250	34	1
229	251	34	1
226	252	34	1
229	253	34	2
241	254	34	1
227	256	34	1
233	256	34	1
237	256	34	1
210	257	34	1
225	257	34	1
201	258	34	1
222	258	34	1
225	258	34	1
211	259	34	1
216	259	34	1
223	259	34	1
241	259	34	1
212	260	34	1
218	260	34	1
219	260	34	1
220	260	34	1
230	260	34	1
235	260	34	1
220	261	34	2
225	261	34	1
230	261	34	1
235	261	34	1
246	261	34	1
189	262	34	1
214	262	34	1
219	262	34	2
221	262	34	1
224	262	34	1
238	262	34	1
192	263	34	1
193	263	34	1
207	263	34	1
213	263	34	1
216	263	34	1
226	263	34	1
233	263	34	1
244	263	34	1
250	263	34	1
251	263	34	2
200	264	34	1
235	264	34	1
245	264	34	1
247	264	34	1
223	265	34	1
234	265	34	1
243	265	34	1
244	265	34	2
250	265	34	1
178	266	34	1
186	266	34	1
214	266	34	1
220	266	34	1
227	266	34	1
228	266	34	1
235	266	34	1
237	266	34	1
242	266	34	1
250	266	34	1
189	267	34	1
191	267	34	1
209	267	34	1
215	267	34	1
220	267	34	1
232	267	34	1
189	268	34	1
210	268	34	1
215	268	34	1
227	268	34	1
244	268	34	1
245	268	34	1
249	268	34	1
251	268	34	1
188	269	34	1
213	269	34	1
215	269	34	1
230	269	34	1
243	269	34	1
254	269	34	1
175	270	34	1
179	270	34	1
180	270	34	1
183	270	34	1
184	270	34	1
187	270	34	1
195	270	34	1
205	270	34	1
210	270	34	1
215	270	34	1
218	270	34	1
239	270	34	1
244	270	34	1
245	270	34	1
180	271	34	1
188	271	34	1
211	271	34	1
213	271	34	1
230	271	34	1
240	271	34	1
185	272	34	1
190	272	34	1
197	272	34	2
247	272	34	1
248	272	34	1
209	273	34	1
210	273	34	1
213	273	34	1
249	273	34	1
182	274	34	1
186	274	34	1
207	274	34	1
212	274	34	2
233	274	34	2
234	274	34	1
187	276	34	1
203	276	34	1
206	276	34	1
237	276	34	1
183	277	34	1
184	277	34	1
205	277	34	1
176	278	34	1
204	278	34	1
211	278	34	1
226	278	34	1
231	278	34	1
174	279	34	1
176	279	34	1
180	279	34	1
237	279	34	1
244	279	34	1
174	280	34	1
193	280	34	1
208	280	34	1
234	280	34	1
246	280	34	1
174	281	34	1
179	281	34	1
208	281	34	1
227	281	34	1
175	282	34	1
181	282	34	1
188	282	34	1
204	282	34	1
206	282	34	1
208	282	34	1
224	282	34	1
230	282	34	1
251	282	34	1
206	283	34	1
207	283	34	1
211	283	34	1
227	283	34	1
253	283	34	1
205	284	34	3
208	284	34	1
220	284	34	1
226	284	34	1
233	284	34	1
234	284	34	1
242	284	34	2
247	284	34	1
210	285	34	1
224	285	34	1
231	285	34	1
232	285	34	1
177	286	34	1
188	286	34	1
189	286	34	1
202	286	34	1
220	286	34	1
222	286	34	1
240	286	34	1
242	286	34	1
246	286	34	1
247	286	34	1
184	287	34	2
188	287	34	1
190	287	34	1
226	287	34	1
227	287	34	1
228	287	34	1
231	287	34	1
235	287	34	1
239	287	34	1
251	287	34	1
184	288	34	1
206	288	34	1
223	288	34	1
238	288	34	1
247	288	34	1
185	289	34	1
230	289	34	1
235	289	34	1
241	289	34	1
248	289	34	1
199	290	34	1
220	290	34	1
239	290	34	1
240	290	34	1
186	291	34	1
199	291	34	1
221	291	34	1
231	291	34	1
246	291	34	1
248	291	34	1
249	291	34	1
250	291	34	1
198	292	34	1
199	292	34	1
203	292	34	2
222	292	34	2
225	292	34	1
226	292	34	1
230	292	34	1
231	292	34	1
232	292	34	1
236	292	34	1
241	292	34	1
247	292	34	2
252	292	34	1
202	293	34	1
224	293	34	1
235	293	34	1
237	293	34	1
243	293	34	1
244	293	34	1
177	294	34	1
197	294	34	1
217	294	34	1
221	294	34	1
223	294	34	1
226	294	34	1
237	294	34	1
242	294	34	1
192	295	34	1
196	295	34	1
197	295	34	1
202	295	34	1
222	295	34	1
229	295	34	1
233	295	34	2
239	295	34	2
182	296	34	1
200	296	34	1
221	296	34	1
225	296	34	1
238	296	34	1
241	296	34	1
245	296	34	1
195	297	34	1
219	297	34	1
231	297	34	1
238	297	34	1
239	297	34	1
245	297	34	1
220	298	34	1
228	298	34	1
233	298	34	1
241	298	34	1
242	299	34	1
244	299	34	1
226	300	34	1
228	300	34	2
233	300	34	1
198	301	34	1
232	301	34	1
240	301	34	1
244	301	34	1
246	301	34	1
223	302	34	1
232	302	34	1
237	302	34	1
242	302	34	1
231	303	34	1
232	303	34	1
244	303	34	1
245	303	34	1
194	304	34	1
236	304	34	1
241	304	34	1
204	305	34	1
225	305	34	1
230	305	34	1
236	305	34	1
237	305	34	1
222	306	34	1
227	306	34	1
232	306	34	1
238	306	34	1
241	306	34	2
242	306	34	1
244	306	34	1
206	307	34	1
221	307	34	1
234	307	34	1
235	307	34	1
236	308	34	1
239	308	34	1
220	309	34	1
221	309	34	1
229	309	34	1
235	309	34	1
222	310	34	1
231	310	34	1
237	310	34	1
230	312	34	1
235	312	34	1
221	313	34	1
236	313	34	1
226	314	34	1
232	314	34	2
234	314	34	1
231	315	34	1
234	316	34	1
233	317	34	2
226	250	35	1
224	253	35	1
226	253	35	1
224	254	35	1
218	255	35	1
222	255	35	1
215	256	35	1
241	256	35	1
210	257	35	1
216	257	35	1
218	257	35	1
221	257	35	1
237	257	35	1
240	257	35	1
218	258	35	1
222	258	35	1
225	258	35	2
237	258	35	1
182	259	35	1
218	259	35	1
222	259	35	1
233	259	35	1
214	260	35	1
215	260	35	1
222	260	35	1
224	260	35	1
233	260	35	1
240	260	35	1
189	261	35	1
211	261	35	1
212	261	35	1
216	261	35	1
222	261	35	1
227	261	35	1
233	261	35	1
237	261	35	1
240	261	35	1
245	261	35	1
193	262	35	1
218	262	35	1
223	262	35	1
231	262	35	2
232	262	35	1
208	263	35	1
209	263	35	1
212	263	35	1
220	263	35	1
227	263	35	1
228	263	35	1
230	263	35	1
241	263	35	1
243	263	35	1
190	264	35	1
216	264	35	1
218	264	35	1
226	264	35	1
229	264	35	1
231	264	35	1
237	264	35	1
238	264	35	1
248	264	35	1
250	264	35	2
178	265	35	1
184	265	35	1
202	265	35	1
205	265	35	1
209	265	35	1
232	265	35	1
245	265	35	1
247	265	35	1
195	266	35	1
196	266	35	1
197	266	35	1
204	266	35	1
219	266	35	2
220	266	35	1
221	266	35	1
245	266	35	1
247	266	35	1
186	267	35	1
188	267	35	1
215	267	35	1
216	267	35	1
219	267	35	1
227	267	35	1
235	267	35	1
186	268	35	1
207	268	35	1
213	268	35	1
216	268	35	1
220	268	35	1
225	268	35	1
239	268	35	2
243	268	35	1
245	268	35	2
172	269	35	1
184	269	35	1
188	269	35	1
191	269	35	1
201	269	35	1
214	269	35	1
235	269	35	1
239	269	35	1
173	270	35	1
178	270	35	1
181	270	35	1
185	270	35	1
190	270	35	1
191	270	35	1
198	270	35	1
199	270	35	1
206	270	35	1
207	270	35	1
233	270	35	1
240	270	35	1
241	270	35	1
243	270	35	1
246	270	35	1
188	271	35	1
218	271	35	1
228	271	35	1
231	271	35	1
234	271	35	1
249	271	35	2
179	272	35	1
183	272	35	1
184	272	35	1
208	272	35	1
210	272	35	1
211	272	35	1
213	272	35	1
216	272	35	1
218	272	35	1
184	273	35	1
185	273	35	1
205	273	35	1
212	273	35	1
216	273	35	1
218	273	35	1
245	273	35	1
248	273	35	1
170	274	35	1
171	274	35	1
186	274	35	1
190	274	35	1
201	274	35	3
218	274	35	1
225	274	35	1
232	274	35	2
238	274	35	1
243	274	35	1
250	274	35	2
184	275	35	1
203	275	35	1
213	275	35	1
225	275	35	1
242	275	35	1
202	276	35	1
206	276	35	1
221	276	35	1
240	276	35	3
243	276	35	1
173	277	35	1
182	277	35	1
204	277	35	1
210	277	35	1
211	277	35	2
218	277	35	2
234	277	35	1
238	277	35	1
241	277	35	1
176	278	35	1
178	278	35	1
198	278	35	1
215	278	35	1
224	278	35	1
231	278	35	1
236	278	35	1
238	278	35	1
245	278	35	1
172	279	35	1
214	279	35	1
229	279	35	2
234	279	35	1
237	279	35	1
245	279	35	1
189	280	35	1
199	280	35	1
205	280	35	1
210	280	35	1
211	280	35	1
219	280	35	1
232	280	35	2
234	280	35	1
180	281	35	2
205	281	35	1
210	281	35	1
213	281	35	1
223	281	35	1
228	281	35	1
239	281	35	1
245	281	35	1
248	281	35	1
186	282	35	1
189	282	35	1
215	282	35	1
216	282	35	1
232	282	35	1
233	282	35	1
183	283	35	1
188	283	35	2
202	283	35	1
205	283	35	1
210	283	35	1
214	283	35	1
215	283	35	2
222	283	35	1
223	283	35	1
226	283	35	1
227	283	35	1
229	283	35	1
236	283	35	1
180	284	35	1
184	284	35	1
218	284	35	1
230	284	35	1
236	284	35	1
177	285	35	1
187	285	35	1
201	285	35	2
205	285	35	2
207	285	35	1
209	285	35	1
221	285	35	1
226	285	35	1
231	285	35	1
236	285	35	1
240	285	35	1
178	286	35	1
188	286	35	1
205	286	35	1
208	286	35	1
225	286	35	1
236	286	35	1
174	287	35	1
190	287	35	1
205	287	35	1
239	287	35	1
188	288	35	1
196	288	35	1
199	288	35	1
218	288	35	2
222	288	35	1
175	289	35	1
184	289	35	1
187	289	35	2
195	289	35	1
200	289	35	2
222	289	35	1
235	289	35	1
186	290	35	1
201	290	35	1
205	290	35	1
235	290	35	1
247	290	35	1
183	291	35	1
187	291	35	1
201	291	35	2
202	291	35	1
237	291	35	1
244	291	35	1
182	292	35	1
198	292	35	1
200	292	35	1
203	292	35	1
225	292	35	1
233	292	35	1
181	293	35	1
200	293	35	1
201	293	35	1
218	293	35	1
225	293	35	1
234	293	35	1
235	293	35	1
239	293	35	1
187	294	35	1
224	294	35	1
245	294	35	1
202	295	35	1
203	295	35	1
226	295	35	1
233	295	35	1
241	295	35	1
248	295	35	1
193	296	35	1
196	296	35	1
222	296	35	1
223	296	35	1
228	296	35	1
229	296	35	1
241	296	35	1
242	296	35	1
197	297	35	1
229	297	35	1
244	297	35	2
181	298	35	1
196	298	35	1
219	298	35	1
221	298	35	1
229	298	35	1
195	300	35	1
237	300	35	1
194	301	35	1
238	301	35	1
224	302	35	1
228	302	35	1
229	302	35	1
230	302	35	1
236	302	35	1
238	302	35	1
244	302	35	1
223	303	35	1
226	303	35	1
236	303	35	1
238	303	35	2
242	303	35	1
241	304	35	1
225	305	35	1
229	305	35	1
234	305	35	1
235	305	35	1
225	306	35	1
233	306	35	1
198	307	35	1
221	307	35	1
225	307	35	1
227	307	35	1
238	307	35	1
222	308	35	1
228	308	35	1
223	309	35	1
237	309	35	1
240	309	35	1
222	310	35	1
225	310	35	1
230	310	35	1
220	311	35	1
222	311	35	1
228	311	35	1
238	311	35	1
214	312	35	1
231	312	35	1
237	312	35	1
228	313	35	1
237	313	35	1
236	314	35	1
236	315	35	1
234	316	35	1
236	316	35	1
235	317	35	2
238	317	35	1
212	318	35	1
236	318	35	1
224	253	36	1
225	256	36	2
217	258	36	2
223	258	36	1
225	258	36	1
219	259	36	1
227	259	36	2
216	260	36	1
223	260	36	1
226	260	36	1
232	260	36	1
223	261	36	1
226	261	36	2
232	261	36	1
243	261	36	1
227	262	36	1
230	262	36	1
245	262	36	1
191	263	36	1
231	263	36	1
242	263	36	1
244	263	36	1
188	264	36	3
217	264	36	1
234	264	36	2
240	264	36	3
216	265	36	1
233	265	36	2
187	266	36	1
205	266	36	1
222	266	36	1
230	266	36	1
189	267	36	2
192	267	36	1
194	267	36	1
218	267	36	1
233	267	36	2
195	268	36	1
210	268	36	1
222	268	36	1
232	268	36	1
236	268	36	1
243	268	36	1
186	269	36	1
213	269	36	2
216	269	36	1
219	269	36	1
236	269	36	1
237	269	36	1
191	270	36	1
217	270	36	1
231	270	36	1
235	270	36	1
237	270	36	1
239	270	36	1
246	270	36	1
191	271	36	2
211	271	36	1
220	271	36	1
177	272	36	2
206	272	36	1
217	272	36	2
186	273	36	1
209	273	36	1
236	273	36	1
238	273	36	1
176	274	36	2
201	274	36	2
203	274	36	2
205	274	36	1
206	274	36	1
208	274	36	1
221	274	36	1
236	274	36	1
205	275	36	1
214	275	36	1
220	275	36	1
231	275	36	1
186	276	36	1
204	276	36	1
207	276	36	1
211	276	36	1
212	276	36	1
189	277	36	1
213	277	36	1
205	278	36	1
207	278	36	1
211	278	36	1
213	278	36	1
234	278	36	1
239	278	36	1
219	279	36	1
199	280	36	1
206	280	36	1
210	280	36	1
176	281	36	1
207	281	36	1
208	281	36	1
211	281	36	1
191	282	36	2
201	282	36	1
206	282	36	1
214	282	36	1
231	282	36	1
225	283	36	1
176	284	36	1
199	284	36	1
210	284	36	1
219	284	36	2
232	284	36	1
191	285	36	1
200	285	36	1
210	285	36	2
212	285	36	3
223	285	36	2
224	285	36	1
226	285	36	2
235	285	36	1
240	285	36	1
245	285	36	1
203	286	36	1
224	286	36	1
235	286	36	1
238	286	36	1
239	286	36	1
177	287	36	2
199	287	36	2
222	287	36	1
227	287	36	1
231	287	36	1
238	287	36	1
248	287	36	1
185	288	36	1
186	288	36	1
188	288	36	1
192	288	36	1
199	288	36	1
219	288	36	1
220	288	36	1
240	289	36	1
243	289	36	1
197	290	36	1
199	290	36	2
200	290	36	1
220	290	36	1
225	290	36	1
231	290	36	1
240	290	36	1
242	290	36	1
247	290	36	1
186	291	36	2
201	291	36	1
202	291	36	1
234	291	36	1
238	291	36	1
219	292	36	1
221	292	36	1
225	292	36	1
245	292	36	1
197	293	36	2
200	293	36	1
202	293	36	1
205	293	36	1
223	293	36	2
182	294	36	1
187	294	36	1
202	294	36	1
223	294	36	1
227	294	36	1
229	294	36	1
230	294	36	1
202	295	36	1
232	295	36	1
234	295	36	1
238	295	36	1
244	295	36	1
195	297	36	1
199	297	36	1
229	297	36	1
231	297	36	1
235	297	36	1
241	297	36	1
205	298	36	1
229	299	36	1
239	299	36	2
232	300	36	1
245	300	36	1
225	302	36	1
229	302	36	1
232	302	36	1
244	302	36	1
234	303	36	1
238	303	36	2
230	304	36	1
233	304	36	1
225	305	36	1
226	306	36	1
228	306	36	1
243	306	36	1
226	307	36	1
243	307	36	2
223	308	36	1
224	308	36	2
225	308	36	1
227	308	36	1
228	308	36	1
237	308	36	1
243	308	36	1
223	309	36	1
224	309	36	1
232	309	36	2
222	310	36	1
226	310	36	1
231	310	36	1
214	311	36	1
215	311	36	1
217	311	36	1
230	311	36	1
213	312	36	2
216	312	36	1
220	312	36	1
225	312	36	1
240	312	36	1
226	313	36	1
234	313	36	1
238	313	36	1
225	314	36	1
228	316	36	1
240	316	36	1
232	317	36	1
235	318	36	1
239	319	36	2
224	260	37	1
228	260	37	1
217	261	37	1
216	262	37	1
215	264	37	1
231	264	37	1
215	265	37	1
188	266	37	1
243	266	37	1
183	267	37	1
211	267	37	1
229	267	37	2
236	267	37	1
189	268	37	2
238	268	37	1
204	269	37	1
188	270	37	1
216	270	37	1
232	270	37	1
238	270	37	2
187	271	37	1
213	271	37	1
214	272	37	1
209	273	37	1
217	273	37	1
212	274	37	1
219	275	37	1
218	277	37	1
212	278	37	2
175	279	37	1
210	279	37	1
189	281	37	1
215	281	37	1
211	282	37	1
193	283	37	1
207	283	37	1
228	283	37	1
230	283	37	1
237	283	37	2
202	285	37	1
206	285	37	1
199	286	37	1
216	286	37	1
187	287	37	1
219	287	37	1
201	288	37	1
205	288	37	1
240	288	37	1
191	289	37	1
202	289	37	2
205	289	37	1
224	289	37	1
233	289	37	1
204	290	37	1
206	290	37	1
242	290	37	1
243	290	37	1
229	291	37	1
232	291	37	1
240	291	37	1
234	292	37	1
242	292	37	1
185	293	37	1
230	293	37	1
204	294	37	1
232	294	37	1
232	295	37	1
236	295	37	1
237	295	37	1
205	296	37	2
228	296	37	1
241	296	37	1
218	297	37	1
233	298	37	1
237	298	37	1
238	298	37	1
242	298	37	1
244	298	37	1
228	299	37	1
231	299	37	1
227	300	37	1
244	300	37	1
241	301	37	1
242	301	37	1
232	302	37	1
228	303	37	1
226	305	37	1
228	305	37	1
224	306	37	1
239	307	37	2
220	309	37	1
227	309	37	1
239	309	37	1
216	310	37	1
224	310	37	1
228	310	37	1
229	310	37	1
216	311	37	2
219	311	37	1
217	312	37	1
236	313	37	1
242	314	37	1
227	315	37	1
230	315	37	1
237	316	37	1
211	317	37	1
230	317	37	1
237	319	37	1
238	319	37	1
228	261	38	1
238	262	38	1
230	265	38	1
237	265	38	1
189	266	38	2
237	266	38	1
211	268	38	2
213	268	38	1
211	269	38	1
217	269	38	1
188	271	38	1
201	273	38	1
209	273	38	1
210	273	38	1
215	273	38	1
217	273	38	2
213	274	38	1
216	274	38	1
240	274	38	1
206	275	38	1
208	276	38	1
194	277	38	1
207	277	38	1
209	277	38	1
215	277	38	1
219	277	38	1
230	278	38	1
194	279	38	1
214	279	38	1
191	281	38	3
192	281	38	1
193	281	38	1
216	281	38	1
215	282	38	1
189	283	38	3
214	283	38	1
229	283	38	1
196	284	38	1
211	284	38	1
195	285	38	1
216	285	38	1
193	286	38	1
203	286	38	1
206	286	38	1
208	286	38	1
219	287	38	1
220	287	38	1
189	288	38	1
209	288	38	1
219	288	38	1
224	288	38	1
236	288	38	1
192	289	38	1
200	289	38	1
215	289	38	1
223	289	38	1
234	289	38	2
199	290	38	1
206	290	38	2
237	290	38	1
191	291	38	1
192	291	38	2
206	291	38	1
207	291	38	1
220	291	38	1
238	291	38	1
192	292	38	1
201	292	38	2
206	292	38	1
207	292	38	1
208	292	38	1
221	292	38	1
229	292	38	1
236	292	38	1
204	293	38	2
206	293	38	2
208	293	38	2
225	293	38	2
227	293	38	1
229	293	38	1
240	293	38	1
228	294	38	1
239	294	38	1
202	295	38	1
220	295	38	1
227	295	38	1
229	295	38	1
244	295	38	1
197	296	38	1
241	296	38	1
229	297	38	1
236	297	38	1
192	298	38	1
215	298	38	1
226	298	38	1
231	298	38	1
229	299	38	1
231	299	38	2
236	299	38	1
239	299	38	2
236	301	38	1
233	302	38	1
235	302	38	1
239	302	38	1
228	303	38	1
234	303	38	1
229	304	38	1
228	305	38	1
234	305	38	1
236	305	38	1
229	306	38	1
246	306	38	1
227	307	38	1
237	307	38	1
241	308	38	1
242	308	38	1
195	309	38	1
233	309	38	2
242	309	38	1
244	309	38	1
217	310	38	1
222	310	38	1
224	310	38	1
217	311	38	1
219	311	38	1
225	311	38	1
244	311	38	1
220	312	38	1
241	312	38	1
219	313	38	1
200	314	38	1
219	314	38	1
238	314	38	1
211	315	38	1
214	315	38	1
220	315	38	1
221	315	38	1
235	315	38	1
236	316	38	1
239	316	38	1
242	316	38	1
231	318	38	3
235	318	38	1
241	318	38	1
231	319	38	1
237	319	38	1
238	319	38	1
229	320	38	1
231	320	38	2
221	321	38	1
233	321	38	1
220	322	38	1
220	323	38	1
235	323	38	1
188	269	39	1
192	270	39	1
215	273	39	1
214	275	39	1
212	277	39	1
213	277	39	1
201	278	39	1
220	278	39	1
215	280	39	1
218	280	39	1
223	281	39	1
190	283	39	1
215	283	39	2
199	285	39	1
187	287	39	1
196	287	39	1
198	287	39	2
187	288	39	1
217	288	39	1
218	288	39	1
191	289	39	1
211	289	39	1
239	289	39	1
204	290	39	1
238	290	39	1
197	292	39	1
199	292	39	1
235	292	39	1
236	292	39	1
197	293	39	1
220	293	39	1
221	293	39	1
227	293	39	1
205	294	39	1
206	294	39	2
213	294	39	1
230	294	39	1
235	294	39	1
220	295	39	1
200	296	39	1
196	297	39	2
198	297	39	1
200	297	39	1
203	297	39	1
204	297	39	1
206	297	39	2
220	297	39	1
200	298	39	1
201	298	39	1
214	298	39	1
219	298	39	1
221	298	39	1
223	298	39	1
230	298	39	1
230	299	39	1
237	299	39	2
229	300	39	2
230	300	39	1
231	300	39	1
229	301	39	1
226	303	39	2
233	303	39	1
239	303	39	1
225	304	39	2
231	304	39	1
243	304	39	1
212	305	39	1
224	305	39	1
227	305	39	1
228	305	39	1
236	305	39	1
241	305	39	1
211	306	39	1
227	306	39	1
235	306	39	1
226	307	39	1
229	307	39	1
222	308	39	1
226	308	39	1
233	308	39	1
212	309	39	1
218	309	39	1
225	309	39	1
235	309	39	2
239	309	39	1
195	310	39	1
222	310	39	1
228	310	39	1
219	311	39	1
230	311	39	1
231	311	39	1
233	311	39	1
235	311	39	1
211	312	39	1
228	312	39	1
229	312	39	1
230	312	39	2
239	312	39	1
242	312	39	2
220	313	39	1
229	313	39	1
230	313	39	1
235	313	39	1
227	314	39	1
241	314	39	1
225	315	39	1
237	315	39	1
217	316	39	1
229	316	39	1
236	316	39	1
244	316	39	1
225	317	39	1
240	317	39	1
244	317	39	1
243	318	39	1
218	321	39	1
229	321	39	1
230	321	39	1
234	322	39	1
232	323	39	1
190	283	40	1
206	291	40	1
212	292	40	1
221	292	40	2
236	292	40	1
192	293	40	1
194	293	40	1
197	293	40	1
216	293	40	1
220	295	40	1
227	295	40	2
235	296	40	1
207	297	40	1
222	298	40	1
226	298	40	1
228	298	40	1
229	298	40	1
236	299	40	1
225	300	40	1
227	300	40	1
229	300	40	1
236	300	40	1
215	301	40	1
243	302	40	1
235	304	40	1
230	305	40	1
231	305	40	1
242	305	40	1
212	306	40	1
226	306	40	1
226	307	40	1
224	308	40	1
215	309	40	1
223	309	40	1
240	309	40	1
194	310	40	1
226	310	40	2
220	311	40	1
228	311	40	1
238	311	40	1
218	312	40	2
216	313	40	1
217	313	40	1
235	313	40	1
215	314	40	1
242	314	40	2
238	315	40	1
207	317	40	1
219	317	40	2
235	317	40	1
240	318	40	2
215	319	40	1
230	319	40	2
239	319	40	1
241	319	40	2
217	320	40	1
212	324	40	2
195	294	41	1
225	294	41	1
224	297	41	1
235	300	41	1
221	305	41	1
227	305	41	1
196	309	41	1
220	309	41	2
240	309	41	2
196	310	41	1
235	312	41	1
219	313	41	1
245	313	41	2
220	314	41	1
239	314	41	1
242	314	41	1
230	315	41	1
219	316	41	1
236	316	41	1
243	316	41	1
235	317	41	1
218	318	41	1
231	320	41	1
230	322	41	1
230	323	41	1
213	302	42	1
222	303	42	1
212	305	42	1
220	305	42	1
221	307	42	1
240	308	42	1
241	308	42	1
235	309	42	1
236	310	42	1
239	310	42	1
241	310	42	1
223	311	42	1
242	311	42	1
221	312	42	1
244	312	42	2
218	313	42	1
244	313	42	1
221	314	42	1
225	314	42	1
220	315	42	1
222	315	42	1
218	316	42	1
231	316	42	1
243	316	42	1
221	317	42	1
232	317	42	1
218	318	42	1
220	318	42	1
228	318	42	1
240	318	42	1
204	319	42	1
224	319	42	1
227	319	42	1
229	319	42	1
218	321	42	3
225	303	43	1
234	310	43	1
211	312	43	2
220	312	43	1
236	313	43	1
238	314	43	1
223	315	43	1
238	315	43	1
204	316	43	1
223	316	43	1
220	308	44	2
234	310	44	1
225	311	44	1
221	314	44	1
220	315	44	1
204	316	44	1
223	319	44	1
242	321	44	1
