x	y	z	Deregulated CDK5 triggers multiple neurodegenerative pathways in Alzheimer's disease models
246	292	21	1
240	277	24	1
232	278	24	1
235	278	24	1
237	278	24	1
244	286	24	1
239	287	24	1
245	287	24	1
246	289	24	1
248	289	24	1
249	289	24	2
244	291	24	1
232	265	25	1
238	270	25	1
234	271	25	1
227	272	25	2
233	272	25	1
238	272	25	1
239	272	25	1
235	273	25	1
236	273	25	2
238	273	25	2
231	274	25	1
232	274	25	1
233	274	25	1
233	276	25	1
235	276	25	2
231	277	25	1
233	277	25	1
234	277	25	1
235	277	25	1
238	278	25	2
239	278	25	1
237	279	25	1
240	279	25	1
249	279	25	1
232	280	25	1
234	280	25	1
241	280	25	1
248	280	25	1
235	281	25	1
241	281	25	1
243	281	25	1
245	281	25	1
248	281	25	2
249	281	25	1
232	282	25	1
234	282	25	1
235	282	25	1
240	282	25	1
245	282	25	1
236	283	25	1
237	283	25	1
239	283	25	1
213	284	25	1
233	284	25	1
243	284	25	2
232	285	25	2
234	285	25	1
235	285	25	1
237	285	25	2
239	285	25	1
243	285	25	2
244	285	25	1
250	285	25	1
252	285	25	1
218	286	25	1
232	286	25	1
234	286	25	1
242	286	25	2
254	286	25	1
223	287	25	1
249	287	25	2
251	287	25	1
242	288	25	1
250	288	25	2
251	288	25	1
226	289	25	1
235	289	25	1
236	289	25	2
225	290	25	1
235	290	25	1
240	290	25	1
243	290	25	1
244	290	25	1
238	291	25	1
239	291	25	1
241	291	25	2
245	291	25	1
246	291	25	2
250	291	25	2
237	292	25	2
242	292	25	1
244	292	25	1
249	292	25	1
250	292	25	1
239	293	25	1
244	293	25	1
242	294	25	1
241	295	25	1
239	297	25	1
240	300	25	2
182	260	26	1
232	263	26	2
232	265	26	3
234	267	26	1
241	267	26	1
235	268	26	1
241	268	26	3
228	269	26	1
227	270	26	1
233	270	26	1
235	270	26	1
250	270	26	2
236	271	26	1
215	272	26	1
232	272	26	1
234	272	26	1
231	273	26	1
248	273	26	1
231	274	26	2
236	274	26	1
237	275	26	1
215	276	26	1
231	276	26	1
235	276	26	1
237	276	26	1
239	276	26	1
213	277	26	1
239	277	26	1
249	277	26	2
250	277	26	1
234	278	26	1
235	278	26	1
237	278	26	1
252	278	26	2
234	279	26	1
237	279	26	1
240	279	26	2
248	279	26	3
232	280	26	1
234	280	26	2
242	280	26	2
217	281	26	1
230	281	26	1
235	281	26	1
244	281	26	1
246	281	26	1
208	282	26	1
215	282	26	1
231	282	26	1
237	282	26	1
240	282	26	2
246	282	26	1
247	282	26	2
250	282	26	1
254	282	26	1
248	283	26	1
251	283	26	1
212	284	26	1
214	284	26	1
233	284	26	1
234	284	26	1
235	284	26	1
236	284	26	3
238	284	26	1
241	284	26	1
243	284	26	1
244	284	26	1
250	284	26	1
235	285	26	2
237	285	26	1
244	285	26	2
246	285	26	1
253	285	26	1
233	286	26	1
242	286	26	1
246	286	26	1
248	286	26	1
252	286	26	1
254	286	26	1
224	287	26	1
237	287	26	1
247	287	26	1
248	287	26	1
253	287	26	1
235	288	26	1
223	289	26	2
233	289	26	1
236	289	26	1
228	290	26	1
236	290	26	1
226	291	26	1
232	291	26	2
237	291	26	1
238	291	26	1
246	291	26	2
249	291	26	2
250	291	26	1
226	292	26	1
237	292	26	1
244	292	26	1
245	292	26	1
247	292	26	1
225	293	26	1
244	293	26	1
245	293	26	1
235	294	26	1
237	294	26	1
239	294	26	1
240	294	26	2
245	294	26	1
221	295	26	1
240	295	26	1
241	295	26	1
242	295	26	1
243	295	26	1
245	295	26	2
241	296	26	1
244	296	26	1
236	297	26	2
245	297	26	1
246	297	26	3
235	298	26	3
246	298	26	1
243	299	26	1
227	300	26	3
236	300	26	1
227	301	26	2
235	301	26	1
182	255	27	2
184	255	27	1
183	257	27	1
186	257	27	1
184	258	27	1
180	259	27	2
184	259	27	1
226	259	27	1
229	259	27	1
183	260	27	1
226	260	27	1
235	260	27	1
237	260	27	1
177	261	27	1
183	261	27	1
220	261	27	1
222	261	27	1
227	261	27	2
229	261	27	1
230	261	27	1
231	261	27	1
239	261	27	1
180	262	27	2
182	262	27	1
229	262	27	1
232	262	27	1
233	262	27	1
239	262	27	2
183	263	27	1
184	263	27	1
185	263	27	1
210	263	27	2
225	263	27	1
229	263	27	1
230	263	27	1
232	263	27	1
235	263	27	1
244	263	27	1
186	264	27	1
209	264	27	3
219	264	27	1
225	264	27	1
226	264	27	2
228	264	27	1
229	264	27	1
230	264	27	1
231	264	27	2
234	264	27	1
237	264	27	1
238	264	27	1
239	264	27	1
240	264	27	1
181	265	27	1
212	265	27	1
215	265	27	1
226	265	27	1
237	265	27	1
238	265	27	2
179	266	27	1
201	266	27	2
215	266	27	1
217	266	27	1
219	266	27	1
221	266	27	1
224	266	27	1
226	266	27	1
229	266	27	2
233	266	27	1
234	266	27	1
237	266	27	1
239	266	27	1
234	267	27	1
239	267	27	1
240	267	27	1
241	267	27	1
250	267	27	1
179	268	27	1
207	268	27	1
217	268	27	1
223	268	27	1
228	268	27	2
230	268	27	1
232	268	27	2
233	268	27	1
180	269	27	1
224	269	27	2
231	269	27	1
235	269	27	2
237	269	27	3
240	269	27	1
179	270	27	1
184	270	27	1
192	270	27	2
207	270	27	1
226	270	27	1
236	270	27	1
238	270	27	1
240	270	27	1
242	270	27	1
248	270	27	2
178	271	27	1
181	271	27	1
182	271	27	1
207	271	27	2
209	271	27	2
211	271	27	2
217	271	27	2
222	271	27	1
223	271	27	1
230	271	27	1
231	271	27	1
232	271	27	2
233	271	27	1
250	271	27	1
176	272	27	2
181	272	27	1
217	272	27	1
222	272	27	1
229	272	27	2
234	272	27	2
238	272	27	1
183	273	27	2
206	273	27	1
227	273	27	2
229	273	27	1
234	273	27	1
235	273	27	1
241	273	27	1
246	273	27	1
247	273	27	1
203	274	27	1
207	274	27	1
212	274	27	1
214	274	27	1
216	274	27	1
221	274	27	1
228	274	27	1
229	274	27	1
232	274	27	1
235	274	27	1
238	274	27	1
247	274	27	1
252	274	27	1
184	275	27	2
185	275	27	1
205	275	27	1
208	275	27	1
213	275	27	1
214	275	27	1
216	275	27	1
217	275	27	1
218	275	27	3
233	275	27	1
235	275	27	2
239	275	27	1
246	275	27	1
247	275	27	1
249	275	27	1
177	276	27	3
206	276	27	1
208	276	27	1
213	276	27	1
215	276	27	1
219	276	27	1
222	276	27	2
227	276	27	1
230	276	27	1
232	276	27	2
233	276	27	1
238	276	27	1
245	276	27	1
247	276	27	1
204	277	27	1
210	277	27	1
212	277	27	1
219	277	27	1
227	277	27	1
232	277	27	1
235	277	27	1
236	277	27	2
244	277	27	1
248	277	27	1
250	277	27	1
203	278	27	1
208	278	27	1
219	278	27	1
221	278	27	1
225	278	27	2
229	278	27	1
231	278	27	1
234	278	27	1
239	278	27	1
240	278	27	1
248	278	27	1
251	278	27	1
207	279	27	1
210	279	27	1
219	279	27	1
237	279	27	1
240	279	27	1
244	279	27	1
247	279	27	1
248	279	27	3
206	280	27	1
233	280	27	1
234	280	27	1
236	280	27	1
244	280	27	2
248	280	27	2
252	280	27	1
209	281	27	2
215	281	27	1
217	281	27	1
222	281	27	1
231	281	27	1
240	281	27	1
244	281	27	1
248	281	27	1
210	282	27	2
212	282	27	1
214	282	27	1
215	282	27	1
216	282	27	1
236	282	27	1
239	282	27	1
241	282	27	1
242	282	27	2
243	282	27	1
245	282	27	1
246	282	27	1
247	282	27	1
250	282	27	1
254	282	27	1
201	283	27	1
206	283	27	1
207	283	27	1
221	283	27	1
235	283	27	1
239	283	27	2
240	283	27	1
242	283	27	1
243	283	27	1
253	283	27	2
254	283	27	1
255	283	27	1
256	283	27	1
207	284	27	1
208	284	27	1
213	284	27	1
215	284	27	2
232	284	27	1
238	284	27	1
241	284	27	1
249	284	27	2
254	284	27	1
255	284	27	1
256	284	27	1
209	285	27	1
211	285	27	1
215	285	27	1
220	285	27	1
228	285	27	2
233	285	27	1
236	285	27	1
240	285	27	2
246	285	27	1
255	285	27	1
256	285	27	1
204	286	27	1
206	286	27	1
212	286	27	2
216	286	27	1
225	286	27	1
232	286	27	1
235	286	27	1
236	286	27	1
240	286	27	1
241	286	27	1
247	286	27	1
249	286	27	1
251	286	27	1
252	286	27	1
254	286	27	2
258	286	27	1
210	287	27	2
227	287	27	1
228	287	27	1
230	287	27	1
231	287	27	1
233	287	27	1
236	287	27	1
237	287	27	1
241	287	27	1
243	287	27	1
249	287	27	1
250	287	27	1
252	287	27	1
253	287	27	1
255	287	27	2
211	288	27	1
225	288	27	2
226	288	27	1
229	288	27	1
234	288	27	1
238	288	27	1
244	288	27	1
245	288	27	2
246	288	27	2
250	288	27	1
255	288	27	2
203	289	27	1
219	289	27	1
227	289	27	1
233	289	27	1
235	289	27	1
236	289	27	1
238	289	27	1
240	289	27	3
243	289	27	1
248	289	27	1
252	289	27	2
254	289	27	1
256	289	27	1
207	290	27	3
214	290	27	1
221	290	27	1
222	290	27	3
224	290	27	1
225	290	27	1
231	290	27	1
233	290	27	2
236	290	27	1
239	290	27	1
247	290	27	1
250	290	27	2
252	290	27	1
253	290	27	1
222	291	27	1
225	291	27	1
233	291	27	1
237	291	27	1
239	291	27	1
241	291	27	1
249	291	27	2
250	291	27	1
252	291	27	1
257	291	27	2
212	292	27	1
213	292	27	2
220	292	27	1
223	292	27	2
230	292	27	1
234	292	27	2
241	292	27	1
247	292	27	3
252	292	27	1
254	292	27	1
217	293	27	1
219	293	27	1
220	293	27	1
222	293	27	1
223	293	27	1
224	293	27	1
239	293	27	1
240	293	27	2
243	293	27	1
248	293	27	1
249	293	27	3
250	293	27	1
251	293	27	1
256	293	27	1
211	294	27	2
224	294	27	1
226	294	27	1
235	294	27	4
245	294	27	1
248	294	27	1
251	294	27	1
255	294	27	1
218	295	27	1
221	295	27	3
247	295	27	1
252	295	27	2
220	296	27	1
221	296	27	1
237	296	27	2
238	296	27	1
244	296	27	2
245	296	27	1
255	296	27	1
217	297	27	1
220	297	27	1
238	297	27	1
239	297	27	2
240	297	27	1
244	297	27	1
246	297	27	1
249	297	27	1
252	297	27	1
223	298	27	1
224	298	27	2
236	298	27	1
238	298	27	1
244	298	27	1
248	298	27	1
242	299	27	1
243	299	27	1
245	299	27	2
246	299	27	1
249	299	27	1
227	300	27	1
235	300	27	2
238	300	27	1
240	300	27	1
244	300	27	2
247	300	27	1
224	301	27	2
235	301	27	2
239	301	27	2
241	301	27	2
226	302	27	1
234	302	27	1
237	302	27	1
245	302	27	1
238	304	27	1
235	305	27	1
237	305	27	1
230	262	28	1
234	265	28	1
231	268	28	1
235	268	28	1
236	271	28	1
233	272	28	1
235	273	28	1
214	274	28	2
234	274	28	1
237	276	28	1
236	277	28	1
237	278	28	1
237	279	28	1
208	281	28	1
248	281	28	2
247	282	28	1
246	283	28	1
249	283	28	1
246	284	28	1
250	284	28	2
254	284	28	1
248	285	28	2
232	286	28	2
247	286	28	1
248	286	28	1
240	287	28	1
244	287	28	1
251	287	28	1
238	288	28	1
242	288	28	1
227	289	28	2
231	289	28	1
249	289	28	1
253	289	28	1
226	290	28	1
237	290	28	2
242	290	28	1
226	291	28	2
237	291	28	1
240	291	28	1
249	291	28	1
241	292	28	1
248	292	28	1
250	292	28	1
240	293	28	1
248	293	28	1
249	293	28	2
241	294	28	1
242	294	28	1
245	294	28	1
242	295	28	2
245	295	28	1
248	295	28	2
240	299	28	1
229	255	29	1
234	256	29	1
182	257	29	1
230	257	29	1
235	257	29	1
190	258	29	1
229	259	29	1
181	260	29	1
234	260	29	1
227	261	29	2
248	262	29	1
232	263	29	1
234	263	29	2
178	264	29	2
216	264	29	1
229	264	29	1
231	264	29	1
232	264	29	1
237	264	29	1
248	264	29	1
226	265	29	1
232	265	29	1
234	265	29	1
235	265	29	1
239	265	29	1
249	265	29	1
195	266	29	1
197	266	29	1
229	266	29	1
230	266	29	3
234	266	29	2
237	266	29	2
199	267	29	2
214	267	29	1
236	267	29	1
201	268	29	1
231	268	29	1
237	268	29	1
238	268	29	3
244	268	29	2
204	269	29	1
230	270	29	1
237	270	29	2
173	271	29	2
214	272	29	1
233	272	29	1
234	272	29	1
236	272	29	2
238	272	29	1
239	272	29	1
245	272	29	1
249	273	29	1
206	274	29	1
214	274	29	1
233	274	29	1
234	274	29	1
235	274	29	1
236	274	29	2
239	274	29	1
247	274	29	1
184	275	29	1
235	275	29	1
237	275	29	1
239	275	29	1
204	276	29	1
232	276	29	1
236	276	29	1
240	276	29	1
246	276	29	1
249	276	29	1
250	276	29	1
236	277	29	1
238	277	29	1
239	277	29	1
208	278	29	1
235	278	29	1
237	278	29	1
239	278	29	1
247	278	29	1
234	279	29	1
236	279	29	2
247	279	29	1
248	279	29	1
249	279	29	1
205	280	29	1
233	280	29	4
254	280	29	1
233	281	29	2
234	281	29	1
245	281	29	1
246	281	29	1
247	281	29	1
212	282	29	2
235	282	29	1
241	282	29	1
246	282	29	1
254	282	29	1
232	283	29	1
236	283	29	1
238	283	29	1
239	283	29	1
244	283	29	1
251	283	29	1
232	284	29	1
233	284	29	1
234	284	29	1
235	284	29	2
238	284	29	1
240	284	29	1
244	284	29	1
246	284	29	2
250	284	29	1
227	285	29	2
234	285	29	2
238	285	29	1
241	285	29	2
244	285	29	2
247	285	29	1
254	285	29	1
233	286	29	1
235	286	29	1
247	286	29	1
248	286	29	1
249	286	29	2
252	286	29	1
225	287	29	1
238	287	29	2
245	287	29	1
246	287	29	1
224	288	29	2
226	288	29	1
233	288	29	1
236	288	29	1
243	288	29	1
245	288	29	1
249	288	29	1
234	289	29	1
235	289	29	1
240	289	29	1
250	289	29	1
254	289	29	1
222	290	29	1
226	290	29	1
227	290	29	1
237	290	29	1
238	290	29	1
239	290	29	1
240	290	29	1
246	290	29	1
247	290	29	2
222	291	29	1
224	291	29	2
226	291	29	1
239	291	29	1
245	291	29	2
249	291	29	1
225	292	29	1
237	292	29	1
241	292	29	1
242	292	29	1
245	292	29	1
250	292	29	1
257	292	29	1
223	293	29	1
227	293	29	1
242	293	29	2
246	293	29	1
248	293	29	2
249	293	29	1
252	293	29	2
221	294	29	1
238	294	29	1
240	294	29	1
242	294	29	1
243	294	29	1
246	294	29	3
248	294	29	1
220	295	29	1
223	295	29	2
240	295	29	1
243	295	29	1
219	296	29	1
252	296	29	1
253	296	29	2
242	297	29	1
243	297	29	1
247	297	29	1
219	298	29	1
224	298	29	2
226	298	29	1
237	298	29	1
249	298	29	1
237	299	29	1
240	299	29	2
252	299	29	2
236	300	29	1
237	300	29	1
239	300	29	1
221	301	29	1
224	301	29	1
250	302	29	1
236	305	29	1
215	252	30	1
233	252	30	2
231	253	30	1
237	253	30	1
238	254	30	1
229	255	30	1
230	255	30	1
232	255	30	1
234	255	30	1
229	256	30	1
230	256	30	1
235	256	30	1
236	256	30	1
183	257	30	2
192	257	30	1
215	257	30	2
230	257	30	1
236	257	30	1
203	258	30	2
226	258	30	1
228	258	30	2
231	258	30	1
236	258	30	1
237	258	30	1
238	258	30	1
239	258	30	1
175	259	30	1
195	259	30	2
209	259	30	1
214	259	30	1
219	259	30	1
226	259	30	1
227	259	30	1
196	260	30	2
197	260	30	2
206	260	30	2
217	260	30	2
223	260	30	1
225	260	30	1
231	260	30	2
239	260	30	2
245	260	30	1
198	261	30	1
199	261	30	1
208	261	30	3
216	261	30	1
217	261	30	1
227	261	30	1
230	261	30	2
232	261	30	1
194	262	30	1
219	262	30	1
221	262	30	2
222	262	30	1
223	262	30	1
225	262	30	1
240	262	30	1
246	262	30	2
247	262	30	1
248	262	30	2
182	263	30	2
193	263	30	2
197	263	30	1
219	263	30	1
226	263	30	2
234	263	30	1
242	263	30	1
247	263	30	1
248	263	30	1
186	264	30	1
194	264	30	1
227	264	30	1
228	264	30	1
231	264	30	1
232	264	30	1
236	264	30	2
245	264	30	1
246	264	30	3
249	264	30	1
193	265	30	1
196	265	30	2
205	265	30	1
208	265	30	1
212	265	30	2
217	265	30	1
224	265	30	1
230	265	30	1
234	265	30	2
235	265	30	1
244	265	30	1
187	266	30	1
189	266	30	2
193	266	30	1
195	266	30	1
212	266	30	1
226	266	30	1
228	266	30	1
230	266	30	1
231	266	30	1
232	266	30	1
238	266	30	1
240	266	30	1
241	266	30	1
189	267	30	1
208	267	30	2
219	267	30	2
231	267	30	2
238	267	30	2
241	267	30	1
244	267	30	1
250	267	30	1
189	268	30	1
191	268	30	1
211	268	30	1
216	268	30	1
228	268	30	1
231	268	30	1
240	268	30	1
247	268	30	1
178	269	30	1
197	269	30	1
215	269	30	2
236	269	30	2
243	269	30	1
249	269	30	2
250	269	30	1
252	269	30	1
178	270	30	1
186	270	30	1
195	270	30	1
196	270	30	2
198	270	30	1
215	270	30	1
245	270	30	1
176	271	30	2
187	271	30	1
193	271	30	1
194	271	30	1
198	271	30	1
206	271	30	1
207	271	30	2
211	271	30	1
216	271	30	1
232	271	30	1
234	271	30	1
239	271	30	1
244	271	30	1
185	272	30	1
197	272	30	1
224	272	30	2
245	272	30	1
250	272	30	1
206	273	30	1
210	273	30	1
213	273	30	1
227	273	30	1
231	273	30	1
234	273	30	3
177	274	30	1
182	274	30	2
185	274	30	1
211	274	30	2
214	274	30	1
229	274	30	1
239	274	30	1
247	274	30	1
175	275	30	3
180	275	30	1
182	275	30	1
184	275	30	1
185	275	30	1
213	275	30	1
215	275	30	1
233	275	30	1
235	275	30	1
236	275	30	2
238	275	30	1
179	276	30	2
207	276	30	2
233	276	30	1
239	276	30	1
241	276	30	1
246	276	30	2
248	276	30	1
250	276	30	1
253	276	30	1
180	277	30	2
232	277	30	1
235	277	30	1
243	277	30	1
205	278	30	2
206	278	30	1
208	278	30	1
235	278	30	1
236	278	30	1
237	278	30	1
238	278	30	2
239	278	30	1
243	278	30	1
247	278	30	1
250	278	30	1
253	278	30	2
207	279	30	1
241	279	30	1
243	279	30	1
244	279	30	1
245	279	30	3
247	279	30	1
248	279	30	1
249	279	30	1
252	279	30	2
183	280	30	1
226	280	30	1
233	280	30	1
235	280	30	1
239	280	30	1
245	280	30	1
248	280	30	1
251	280	30	1
254	280	30	1
179	281	30	1
181	281	30	1
224	281	30	1
233	281	30	1
237	281	30	1
239	281	30	2
240	281	30	1
241	281	30	1
242	281	30	1
243	281	30	1
246	281	30	2
252	281	30	1
177	282	30	1
179	282	30	1
187	282	30	1
210	282	30	1
215	282	30	1
222	282	30	1
229	282	30	1
239	282	30	2
240	282	30	1
244	282	30	1
247	282	30	1
251	282	30	1
253	282	30	2
179	283	30	1
219	283	30	1
222	283	30	1
232	283	30	1
234	283	30	1
241	283	30	1
246	283	30	1
249	283	30	1
251	283	30	1
254	283	30	1
221	284	30	1
231	284	30	2
236	284	30	1
251	284	30	1
254	284	30	1
223	285	30	1
226	285	30	1
227	285	30	2
229	285	30	1
242	285	30	1
248	285	30	1
252	285	30	1
254	285	30	1
206	286	30	1
219	286	30	1
222	286	30	1
223	286	30	1
224	286	30	2
225	286	30	1
226	286	30	1
228	286	30	1
231	286	30	1
235	286	30	2
241	286	30	1
243	286	30	1
248	286	30	1
255	286	30	1
220	287	30	1
226	287	30	1
231	287	30	1
241	287	30	1
243	287	30	1
239	288	30	1
241	288	30	3
250	288	30	1
252	288	30	1
253	288	30	1
224	289	30	1
231	289	30	1
232	289	30	1
233	289	30	1
239	289	30	1
247	289	30	2
256	289	30	2
231	290	30	1
235	290	30	2
240	290	30	1
241	290	30	1
242	290	30	1
244	290	30	1
245	290	30	1
246	290	30	1
257	290	30	2
197	291	30	1
223	291	30	2
227	291	30	2
232	291	30	1
234	291	30	1
246	291	30	1
248	291	30	1
249	291	30	1
251	291	30	1
194	292	30	1
198	292	30	1
199	292	30	1
203	292	30	1
220	292	30	1
223	292	30	1
228	292	30	3
232	292	30	1
237	292	30	1
247	292	30	1
251	292	30	1
222	293	30	3
224	293	30	1
229	293	30	1
231	293	30	1
233	293	30	1
236	293	30	5
239	293	30	1
243	293	30	1
245	293	30	1
189	294	30	1
210	294	30	1
226	294	30	1
231	294	30	1
232	294	30	1
233	294	30	3
236	294	30	1
237	294	30	1
240	294	30	2
241	294	30	2
243	294	30	1
245	294	30	1
246	294	30	1
252	294	30	1
254	294	30	1
257	294	30	1
225	295	30	3
226	295	30	1
228	295	30	2
229	295	30	2
234	295	30	1
247	295	30	1
253	295	30	3
255	295	30	1
256	295	30	1
257	295	30	1
232	296	30	1
239	296	30	1
242	296	30	1
246	296	30	2
239	297	30	1
241	297	30	1
244	297	30	1
245	297	30	1
250	297	30	1
252	297	30	1
215	298	30	1
221	298	30	2
227	298	30	1
228	298	30	1
231	298	30	1
232	298	30	1
237	298	30	1
249	298	30	1
250	298	30	1
218	299	30	1
225	299	30	1
227	299	30	1
230	299	30	1
236	299	30	1
240	299	30	2
244	299	30	1
246	299	30	1
218	300	30	1
225	300	30	3
231	300	30	1
242	300	30	1
247	300	30	1
248	300	30	1
249	300	30	1
223	301	30	1
227	301	30	2
230	301	30	1
236	301	30	1
237	301	30	1
242	301	30	3
247	301	30	1
223	302	30	1
229	302	30	1
231	302	30	1
236	302	30	1
237	302	30	1
238	302	30	1
239	302	30	1
240	302	30	1
247	302	30	1
248	302	30	2
217	303	30	1
225	303	30	1
237	303	30	1
240	303	30	2
243	303	30	2
244	303	30	1
235	304	30	1
238	304	30	1
238	305	30	2
238	306	30	1
227	250	31	1
215	251	31	1
216	252	31	1
239	252	31	1
193	253	31	2
215	253	31	1
217	253	31	1
238	253	31	1
226	254	31	1
231	254	31	1
232	254	31	1
230	255	31	2
236	255	31	1
238	255	31	1
216	256	31	1
233	256	31	2
177	257	31	1
214	257	31	1
215	257	31	1
229	257	31	1
232	257	31	1
239	257	31	1
190	258	31	1
205	258	31	2
227	258	31	1
229	258	31	1
230	258	31	1
234	258	31	1
206	259	31	1
219	259	31	1
226	259	31	2
235	259	31	2
239	259	31	1
212	260	31	1
221	260	31	1
227	260	31	1
228	260	31	1
231	260	31	1
234	260	31	1
235	260	31	1
246	260	31	1
187	261	31	1
188	261	31	1
193	261	31	1
210	261	31	1
216	261	31	1
226	261	31	1
227	261	31	1
228	261	31	2
234	261	31	1
235	261	31	1
237	261	31	2
244	261	31	1
245	261	31	1
207	262	31	1
219	262	31	1
220	262	31	1
222	262	31	1
223	262	31	1
225	262	31	1
246	262	31	1
249	262	31	1
186	263	31	1
189	263	31	1
215	263	31	1
221	263	31	1
229	263	31	1
232	263	31	1
233	263	31	1
249	263	31	2
189	264	31	1
190	264	31	2
195	264	31	1
197	264	31	1
204	264	31	3
209	264	31	1
222	264	31	1
228	264	31	1
238	264	31	1
245	264	31	1
246	264	31	2
184	265	31	1
216	265	31	2
229	265	31	1
232	265	31	2
234	265	31	1
235	265	31	1
239	265	31	1
245	265	31	1
249	265	31	1
189	266	31	1
193	266	31	1
194	266	31	1
211	266	31	2
213	266	31	1
215	266	31	2
217	266	31	1
220	266	31	2
221	266	31	1
241	266	31	1
246	266	31	2
251	266	31	1
177	267	31	1
182	267	31	1
195	267	31	1
197	267	31	1
211	267	31	1
217	267	31	1
219	267	31	2
224	267	31	1
230	267	31	1
231	267	31	1
232	267	31	1
233	267	31	1
236	267	31	2
244	267	31	1
183	268	31	1
203	268	31	2
205	268	31	2
215	268	31	1
216	268	31	1
222	268	31	1
225	268	31	1
231	268	31	1
234	268	31	1
242	268	31	1
247	268	31	2
173	269	31	1
182	269	31	2
198	269	31	2
201	269	31	1
206	269	31	1
209	269	31	1
213	269	31	1
232	269	31	1
235	269	31	1
238	269	31	1
239	269	31	1
246	269	31	1
247	269	31	1
250	269	31	1
173	270	31	1
180	270	31	1
217	270	31	1
231	270	31	1
239	270	31	1
244	270	31	1
248	270	31	1
250	270	31	1
178	271	31	1
185	271	31	1
198	271	31	1
199	271	31	1
200	271	31	2
204	271	31	2
214	271	31	1
216	271	31	1
224	271	31	2
225	271	31	1
226	271	31	1
231	271	31	1
232	271	31	1
239	271	31	2
251	271	31	1
184	272	31	1
204	272	31	1
212	272	31	1
215	272	31	1
227	272	31	1
230	272	31	1
234	272	31	1
236	272	31	1
237	272	31	3
243	272	31	1
249	272	31	1
250	272	31	2
254	272	31	2
176	273	31	1
209	273	31	1
211	273	31	1
214	273	31	1
229	273	31	1
237	273	31	2
246	273	31	1
175	274	31	1
180	274	31	1
182	274	31	1
203	274	31	1
205	274	31	1
216	274	31	3
225	274	31	2
232	274	31	1
243	274	31	1
244	274	31	1
247	274	31	1
252	274	31	1
182	275	31	1
184	275	31	2
205	275	31	2
206	275	31	2
176	276	31	2
198	276	31	1
205	276	31	2
233	276	31	1
237	276	31	1
246	276	31	1
253	276	31	1
209	277	31	1
233	277	31	1
235	277	31	1
239	277	31	1
241	277	31	1
247	277	31	1
174	278	31	1
177	278	31	1
180	278	31	1
204	278	31	2
205	278	31	1
208	278	31	1
224	278	31	1
236	278	31	3
242	278	31	1
244	278	31	1
246	278	31	1
175	279	31	1
234	279	31	1
235	279	31	1
243	279	31	1
253	279	31	1
254	279	31	1
205	280	31	1
217	280	31	1
248	280	31	1
206	281	31	1
220	281	31	1
234	281	31	1
235	281	31	1
250	281	31	1
251	281	31	2
175	282	31	1
178	282	31	1
219	282	31	1
223	282	31	1
235	282	31	4
238	282	31	1
241	282	31	1
246	282	31	1
248	282	31	1
250	282	31	1
252	282	31	1
254	282	31	1
256	282	31	1
179	283	31	2
184	283	31	1
209	283	31	1
221	283	31	2
224	283	31	1
231	283	31	1
233	283	31	1
246	283	31	1
251	283	31	1
179	284	31	1
180	284	31	1
209	284	31	1
222	284	31	2
231	284	31	1
235	284	31	1
238	284	31	1
239	284	31	1
241	284	31	1
256	284	31	1
177	285	31	1
179	285	31	1
183	285	31	1
206	285	31	1
225	285	31	1
226	285	31	1
231	285	31	2
234	285	31	1
236	285	31	1
240	285	31	1
251	285	31	1
253	285	31	1
256	285	31	1
178	286	31	2
204	286	31	2
221	286	31	1
225	286	31	1
229	286	31	2
231	286	31	1
239	286	31	2
240	286	31	1
244	286	31	3
249	286	31	1
221	287	31	1
223	287	31	2
224	287	31	1
225	287	31	1
228	287	31	1
230	287	31	1
239	287	31	1
250	287	31	1
256	287	31	1
186	288	31	1
187	288	31	1
221	288	31	1
225	288	31	1
230	288	31	1
231	288	31	3
234	288	31	1
244	288	31	2
245	288	31	1
247	288	31	1
251	288	31	1
200	289	31	2
234	289	31	2
238	289	31	2
240	289	31	1
241	289	31	1
246	289	31	3
252	289	31	1
200	290	31	1
221	290	31	1
222	290	31	1
225	290	31	1
230	290	31	2
234	290	31	2
235	290	31	2
242	290	31	1
246	290	31	2
250	290	31	1
198	291	31	1
222	291	31	1
228	291	31	2
247	291	31	1
226	292	31	1
227	292	31	1
236	292	31	1
242	292	31	1
252	292	31	1
223	293	31	1
225	293	31	1
228	293	31	1
229	293	31	1
230	293	31	3
231	293	31	1
234	293	31	2
237	293	31	1
242	293	31	1
251	293	31	1
202	294	31	4
220	294	31	1
221	294	31	1
222	294	31	2
225	294	31	2
227	294	31	1
235	294	31	1
242	294	31	1
251	294	31	1
252	294	31	1
202	295	31	3
220	295	31	1
225	295	31	1
229	295	31	2
231	295	31	1
232	295	31	1
234	295	31	1
235	295	31	1
240	295	31	1
241	295	31	1
244	295	31	1
249	295	31	1
255	295	31	1
197	296	31	2
223	296	31	1
224	296	31	1
242	296	31	1
245	296	31	1
254	296	31	1
195	297	31	1
227	297	31	1
231	297	31	1
223	298	31	1
228	298	31	2
232	298	31	1
245	298	31	1
247	298	31	1
248	298	31	1
229	299	31	1
230	299	31	2
232	299	31	1
240	299	31	1
245	299	31	1
246	299	31	1
218	300	31	1
223	300	31	1
225	300	31	1
230	300	31	1
231	300	31	1
236	300	31	1
237	300	31	1
244	300	31	1
247	300	31	1
216	301	31	1
227	301	31	1
228	301	31	1
229	301	31	1
232	301	31	1
243	301	31	1
245	301	31	1
246	301	31	1
248	301	31	1
220	302	31	1
223	302	31	1
229	302	31	1
236	302	31	1
240	302	31	1
243	302	31	2
245	302	31	1
247	302	31	1
223	303	31	1
224	303	31	1
232	303	31	1
233	303	31	1
236	303	31	1
243	303	31	1
247	303	31	2
232	304	31	1
235	304	31	1
237	304	31	1
238	304	31	1
244	304	31	1
223	305	31	1
237	305	31	1
231	306	31	2
233	306	31	1
223	307	31	1
224	307	31	2
237	307	31	1
223	308	31	1
215	251	32	1
228	251	32	2
229	251	32	2
214	252	32	1
235	252	32	1
193	253	32	3
216	253	32	1
223	253	32	2
227	253	32	1
232	253	32	1
223	254	32	1
226	254	32	1
228	254	32	2
232	254	32	1
236	254	32	1
239	254	32	2
188	255	32	1
214	255	32	1
215	255	32	1
216	255	32	2
226	255	32	1
227	255	32	1
235	255	32	1
238	255	32	1
215	256	32	1
236	256	32	1
195	257	32	1
209	257	32	1
218	257	32	1
219	257	32	1
228	257	32	1
229	257	32	2
232	257	32	1
238	257	32	1
240	257	32	1
193	258	32	1
215	258	32	1
218	258	32	1
219	258	32	1
220	258	32	1
237	258	32	1
201	259	32	1
207	259	32	2
215	259	32	1
217	259	32	1
227	259	32	1
243	259	32	1
247	259	32	1
211	260	32	3
218	260	32	1
235	260	32	1
236	260	32	1
238	260	32	1
244	260	32	1
245	260	32	1
194	261	32	1
195	261	32	1
217	261	32	1
225	261	32	1
231	261	32	1
186	262	32	1
196	262	32	1
209	262	32	1
216	262	32	2
218	262	32	1
221	262.666666666667	33	1
231	262	32	1
233	262	32	2
244	262	32	1
245	262	32	2
249	262	32	1
184	263	32	1
208	263	32	1
215	263	32	1
216	263	32	1
220	263	32	1
226	263	32	1
227	263	32	1
228	263	32	2
232	263	32	1
237	263	32	2
245	263	32	1
249	263	32	1
186	264	32	1
192	264	32	1
193	264	32	1
202	264	32	1
210	264	32	1
212	264	32	1
215	264	32	1
216	264	32	1
222	264	32	1
223	264	32	2
224	264	32	1
238	264	32	1
239	264	32	1
244	264	32	1
247	264	32	1
248	264	32	1
250	264	32	2
176	265	32	1
187	265	32	2
188	265	32	1
193	265	32	1
194	265	32	1
215	265	32	2
216	265	32	3
220	265	32	1
224	265	32	1
232	265	32	1
234	265	32	1
239	265	32	1
243	265	32	2
188	266	32	1
197	266	32	1
212	266	32	1
214	266	32	1
220	266	32	1
221	266	32	2
222	266	32	1
224	266	32	1
236	266	32	1
237	266	32	1
245	266	32	1
247	266	32	1
248	266	32	1
183	267	32	1
184	267	32	2
194	267	32	1
196	267	32	1
209	267	32	2
215	267	32	1
216	267	32	1
221	267	32	2
229	267	32	1
238	267	32	1
239	267	32	2
242	267	32	1
246	267	32	2
247	267	32	1
188	268	32	2
194	268	32	1
195	268	32	1
198	268	32	1
206	268	32	1
212	268	32	1
216	268	32	1
231	268	32	1
238	268	32	1
241	268	32	1
252	268	32	1
253	268	32	1
177	269	32	1
180	269	32	2
182	269	32	1
184	269	32	1
187	269	32	1
196	269	32	1
210	269	32	1
214	269	32	1
232	269	32	1
240	269	32	1
241	269	32	2
242	269	32	1
243	269	32	1
250	269	32	1
251	269	32	2
172	270	32	1
174	270	32	1
180	270	32	1
181	270	32	1
187	270	32	1
203	270	32	1
207	270	32	1
211	270	32	1
212	270	32	1
214	270	32	1
222	270	32	1
227	270	32	1
232	270	32	1
233	270	32	1
249	270	32	1
173	271	32	1
174	271	32	2
176	271	32	1
177	271	32	2
180	271	32	1
188	271	32	1
196	271	32	1
209	271	32	1
213	271	32	2
233	271	32	1
235	271	32	1
239	271	32	1
240	271	32	1
243	271	32	1
246	271	32	1
247	271	32	1
251	271	32	1
173	272	32	2
175	272	32	1
176	272	32	1
181	272	32	1
182	272	32	1
201	272	32	1
202	272	32	2
203	272	32	1
207	272	32	1
208	272	32	1
209	272	32	2
211	272	32	2
212	272	32	3
214	272	32	2
226	272	32	1
237	272	32	3
238	272	32	1
240	272	32	1
241	272	32	1
243	272	32	2
245	272	32	1
249	272	32	1
185	273	32	1
204	273	32	2
205	273	32	1
207	273	32	1
208	273	32	1
210	273	32	1
212	273	32	1
213	273	32	1
214	273	32	1
225	273	32	1
229	273	32	1
239	273	32	1
254	273	32	1
181	274	32	1
184	274	32	2
203	274	32	1
204	274	32	1
207	274	32	1
235	274	32	1
240	274	32	1
241	274	32	1
243	274	32	1
250	274	32	1
186	275	32	2
202	275	32	1
203	275	32	1
210	275	32	1
213	275	32	1
214	275	32	1
226	275	32	2
249	275	32	1
250	275	32	1
205	276	32	1
215	276	32	1
228	276	32	1
241	276	32	2
175	277	32	1
214	277	32	1
215	277	32	1
216	277	32	1
232	277	32	1
238	277	32	1
241	277	32	1
247	277	32	1
248	277	32	1
203	278	32	1
220	278	32	1
224	278	32	2
225	278	32	1
238	278	32	2
239	278	32	1
243	278	32	2
250	278	32	1
255	278	32	2
220	279	32	1
243	279	32	1
244	279	32	1
245	279	32	3
247	279	32	2
175	280	32	1
177	280	32	1
178	280	32	1
219	280	32	2
221	280	32	1
222	280	32	2
229	280	32	2
239	280	32	2
249	280	32	1
251	280	32	1
173	281	32	1
176	281	32	3
210	281	32	2
211	281	32	2
219	281	32	1
220	281	32	1
226	281	32	1
236	281	32	2
239	281	32	1
246	281	32	2
251	281	32	1
187	282	32	1
188	282	32	1
218	282	32	1
221	282	32	1
224	282	32	1
227	282	32	1
232	282	32	1
244	282	32	1
245	282	32	2
248	282	32	1
254	282	32	1
256	282	32	1
175	283	32	1
181	283	32	1
183	283	32	1
207	283	32	1
208	283	32	1
226	283	32	1
230	283	32	1
236	283	32	1
238	283	32	1
245	283	32	1
248	283	32	1
251	283	32	1
253	283	32	2
176	284	32	1
177	284	32	1
178	284	32	1
186	284	32	1
205	284	32	1
206	284	32	1
225	284	32	2
226	284	32	1
233	284	32	1
234	284	32	1
236	284	32	1
244	284	32	1
245	284	32	1
247	284	32	1
249	284	32	1
257	284	32	1
179	285	32	1
182	285	32	2
208	285	32	1
219	285	32	2
222	285	32	1
223	285	32	1
229	285	32	1
230	285	32	1
233	285	32	1
243	285	32	1
249	285	32	1
250	285	32	1
253	285	32	1
175	286	32	1
177	286	32	1
180	286	32	2
183	286	32	1
207	286	32	1
209	286	32	1
221	286	32	1
224	286	32	1
226	286	32	1
229	286	32	1
231	286	32	1
239	286	32	1
240	286	32	1
242	286	32	1
243	286	32	1
250	286	32	1
256	286	32	1
176	287	32	1
224	287	32	1
227	287	32	3
240	287	32	1
241	287	32	1
242	287	32	1
244	287	32	2
245	287	32	1
246	287	32	1
247	287	32	2
221	288	32	1
222	288	32	1
225	288	32	2
226	288	32	2
231	288	32	1
237	288	32	1
243	288	32	1
245	288	32	1
246	288	32	1
247	288	32	2
253	288	32	1
258	288	32	2
187	289	32	1
200	289	32	2
226	289	32	1
230	289	32	1
233	289	32	1
237	289	32	1
243	289	32	1
244	289	32	1
247	289	32	1
253	289	32	1
199	290	32	1
246	290	32	1
248	290	32	1
250	290	32	1
252	290	32	1
186	291	32	1
197	291	32	1
224	291	32	1
231	291	32	1
236	291	32	2
239	291	32	1
241	291	32	1
244	291	32	1
247	291	32	1
255	291	32	1
256	291	32	1
199	292	32	1
201	292	32	2
218	292	32	1
221	292	32	1
227	292	32	2
228	292	32	2
233	292	32	1
234	292	32	1
236.75	292.75	33	1
248	292	32	1
255	292	32	1
256	292	32	1
179	293	32	1
197	293	32	1
216	293	32	1
220	293	32	1
221	293	32	1
222	293	32	1
223	293	32	1
228	293	32	1
248	293	32	2
250	293	32	1
256	293	32	1
180	294	32	1
199	294	32	3
223	294	32	1
225	294	32	1
228	294	32	1
230	294	32	2
236	294	32	1
242	294	32	1
244	294	32	1
251	294	32	2
252	294	32	1
195	295	32	1
225	295	32	1
226	295	32	1
228	295	32	1
229	295	32	1
243	295	32	1
245	295	32	1
249	295	32	1
200	296	32	1
228	296	32	2
231	296	32	2
235	296	32	1
237	296	32	1
244	296	32	2
255	296	32	1
219	297	32	1
221	297	32	1
225	297	32	1
227	297	32	1
233	297	32	1
234	297	32	1
236	297	32	1
241	297	32	1
244	297	32	2
250	297	32	2
255	297	32	1
195	298	32	1
220	298	32	1
223	298	32	1
227	298	32	1
233	298	32	1
240	298	32	1
246	298	32	3
253	298	32	1
235	299	32	2
236	299	32	1
241	299	32	1
243	299	32	1
248	299	32	1
197	300	32	1
227	300	32	1
228	300	32	3
245	300	32	1
198	301	32	1
210	301	32	1
223	301	32	1
225	301	32	1
227	301	32	1
235	301	32	2
236	301	32	2
245	301	32	1
248	301	32	2
222	302	32	2
223	302	32	1
224	302	32	1
233	302	32	1
238	302	32	1
241	302	32	1
242	302	32	1
207	303	32	1
229	303	32	2
232	303	32	1
242	303	32	1
245	303	32	1
230	304	32	1
237	304	32	2
239	304	32	1
245	304	32	1
222	305	32	1
234	305	32	1
208	306	32	1
224	306	32	1
230	306	32	1
233	306	32	1
235	306	32	1
237	306	32	1
241	306	32	1
221	307	32	1
222	307	32	1
234	307	32	1
220	308	32	1
223	308	32	1
235	308	32	2
227	309	32	2
231	309	32	1
232	309	32	1
225	310	32	1
227	310	32	1
227	312	32	1
229	312	32	1
228	249	33	1
228	251	33	1
226	252	33	1
229	252	33	1
240	252	33	1
225	253	33	1
228	253	33	1
229	253	33	1
241	253	33	2
193	254	33	1
223	254	33	1
225	254	33	1
226	254	33	1
230	254	33	1
232	254	33	1
235	254	33	1
218	255	33	1
221	255	33	1
226	255	33	1
215	256	33	1
216	256	33	2
223	256	33	1
225	256	33	1
214	257	33	1
216	257	33	1
217	257	33	1
215	258	33	1
218	258	33	1
219	258	33	2
221	258	33	1
222	258	33	1
233	258	33	1
235	258	33	2
242	258	33	1
189	259	33	1
194	259	33	1
201	259	33	1
209	259	33	1
213	259	33	1
216	259	33	1
217	259	33	1
222	259	33	1
223	259	33	2
226	259	33	2
231	259	33	2
243	259	33	1
192	260	33	2
212	260	33	1
217	260	33	1
229	260	33	1
231	260	33	1
236	260	33	2
240	260	33	1
246	260	33	1
209	261	33	1
211	261	33	1
214	261	33	1
217.5	261.5	33.5	1
229	261	33	1
230	261	33	1
237	261	33	1
238	261	33	1
241	261	33	1
245	261	33	1
191	262	33	1
212	262	33	2
214	262	33	2
221	262	33	1
230	262	33	2
233	262	33	1
243	262	33	1
246	262	33	1
185	263	33	1
189	263	33	1
190	263	33	1
191	263	33	1
200	263	33	1
211	263	33	1
213	263	33	1
214	263	33	1
237	263	33	3
242	263	33	1
247	263	33	1
248	263	33	1
249	263	33	2
186	264	33	1
187	264	33	1
188	264	33	1
191	264	33	1
194	264	33	1
195	264	33	3
216	264	33	1
221	264	33	1
223	264	33	1
226	264	33	2
239	264	33	2
249	264	33	1
250	264	33	1
186	265	33	1
189	265	33	1
192	265	33	1
194	265	33	1
195	265	33	1
202	265	33	2
211	265	33	2
213	265	33	1
217	265	33	1
220	265	33	3
222	265	33	1
225	265	33	1
226	265	33	1
229	265	33	1
237	265	33	1
243	265	33	1
189	266	33	1
191	266	33	1
193	266	33	1
213	266	33	1
215	266	33	2
220	266	33	1
221	266	33	1
237	266	33	1
239	266	33	1
242	266	33	1
246	266	33	1
247	266	33	2
249	266	33	2
250	266	33	1
182	267	33	2
183	267	33	1
184	267	33	1
194	267	33	2
205	267	33	1
210	267	33	1
212	267	33	1
216	267	33	1
228	267	33	1
241	267	33	1
247	267	33	1
248	267	33	2
250	267	33	1
183	268	33	1
188	268	33	2
189	268	33	1
191	268	33	1
192	268	33	2
217	268	33	3
218	268	33	1
219	268	33	1
220	268	33	2
240	268	33	1
241	268	33	1
252	268	33	1
187	269	33	1
188	269	33	1
196	269	33	1
201	269	33	1
204	269	33	1
208	269	33	1
209	269	33	2
211	269	33	1
224	269	33	1
227	269	33	1
235	269	33	1
243	269	33	1
245	269	33	1
250	269	33	1
251	269	33	2
186	270	33	1
187	270	33	1
188	270	33	1
198	270	33	1
205	270	33	1
206	270	33	1
209	270	33	1
210	270	33	1
212	270	33	1
231	270	33	1
241	270	33	2
251	270	33	1
252	270	33	1
179	271	33	2
182	271	33	1
186	271	33	1
192	271	33	2
205	271	33	1
211	271	33	1
215	271	33	1
233	271	33	1
238	271	33	1
239	271	33	1
243	271	33	1
245	271	33	2
246	271	33	1
185	272	33	1
187	272	33	1
201	272	33	1
204	272	33	2
231	272	33	1
239	272	33	2
240	272	33	1
244	272	33	2
246	272	33	1
251	272	33	1
254	272	33	1
171	273	33	1
173	273	33	1
183	273	33	1
188	273	33	1
202	273	33	1
213	273	33	1
215	273	33	1
226	273	33	1
238	273	33	1
239	273	33	1
247	273	33	1
249	273	33	1
170	274	33	1
174	274	33	1
185	274	33	1
186	274	33	1
201	274	33	1
204	274	33	1
209	274	33	1
227	274	33	2
237	274	33	1
244	274	33	1
250	274	33	1
175	275	33	1
176	275	33	1
207	275	33	1
211	275	33	1
212	275	33	1
215	275	33	1
227	275	33	1
239	275	33	1
242	275	33	1
243	275	33	2
251	275	33	2
176	276	33	1
177	276	33	1
192	276	33	1
207	276	33	1
208	276	33	1
237	276	33	1
239	276	33	1
241	276	33	1
244	276	33	1
173	277	33	1
180	277	33	1
187	277	33	1
208	277	33	1
209	277	33	2
210	277	33	1
224	277	33	1
234	277	33	1
244	277	33	1
247	277	33	1
177	278	33	1
178	278	33	2
204	278	33	1
207	278	33	2
210	278	33	1
223	278	33	1
235	278	33	1
243	278	33	2
168	279	33	1
176	279	33	1
207	279	33	1
208	279	33	1
210	279	33	1
222	279	33	2
241	279	33	2
249	279	33	1
174	280	33	1
175	280	33	2
176	280	33	1
203	280	33	1
207	280	33	1
209	280	33	1
210	280	33	1
214	280	33	1
225	280	33	1
232	280	33	1
242	280	33	1
246	280	33	1
248	280	33	1
179	281	33	1
180	281	33	1
207	281	33	1
208	281	33	1
224	281	33	1
233	281	33	2
239	281	33	1
247	281	33	1
175	282	33	1
179	282	33	1
188	282	33	1
211	282	33	1
212	282	33	1
220	282	33	1
223	282	33	2
229	282	33	1
232	282	33	1
242	282	33	1
244	282	33	1
245	282	33	2
189	283	33	2
206	283	33	1
207	283	33	1
218	283	33	1
225	283	33	1
228	283	33	1
230	283	33	1
232	283	33	2
239	283	33	2
240	283	33	1
247	283	33	1
250	283	33	1
184	284	33	1
209	284	33	2
211	284	33	1
219	284	33	2
220	284	33	1
222	284	33	1
224	284	33	1
231	284	33	1
234	284	33	3
235	284	33	1
240	284	33	1
243	284	33	2
247	284	33	1
252	284	33	1
206	285	33	1
208	285	33	1
219	285	33	1
220	285	33	1
224	285	33	1
226	285	33	1
227	285	33	1
228	285	33	1
241	285	33	2
242	285	33	1
245	285	33	1
248	285	33	1
178	286	33	1
203	286	33	1
204	286	33	1
206	286	33	2
208	286	33	2
225	286	33	1
229	286	33	1
243	286	33	3
244	286	33	2
246	286	33	2
252	286	33	1
255	286	33	1
179	287	33	1
204	287	33	1
220	287	33	1
222	287	33	2
225	287	33	1
228	287	33	1
229	287	33	1
234	287	33	1
242	287	33	1
245	287	33	1
246	287	33	1
247	287	33	1
251	287	33	1
253	287	33	1
186	288	33	2
202	288	33	1
219	288	33	1
226	288	33	1
231	288	33	1
233	288	33	1
234	288	33	1
244	288	33	1
246	288	33	1
248	288	33	1
203	289	33	1
205	289	33	1
223	289	33	2
231	289	33	1
232	289	33	1
237	289	33	1
247	289	33	2
185	290	33	2
187	290	33	1
197	290	33	1
200	290	33	1
235	290	33	1
242	290	33	1
246	290	33	2
248	290	33	1
250	290	33	1
199	291	33	3
200	291	33	1
203	291	33	1
231	291	33	1
232	291	33	1
237	291	33	1
241	291	33	1
244	291	33	2
245	291	33	2
246	291	33	2
247	291	33	2
257	291	33	1
197	292	33	1
221	292	33	1
223	292	33	1
227	292	33	1
238	292	33	1
239	292	33	1
242	292	33	1
245	292	33	1
247	292	33	1
248	292	33	1
254	292	33	1
256	292	33	1
199	293	33	1
226	293	33	2
228	293	33	1
230	293	33	2
234	293	33	3
246	293	33	1
251	293	33	1
254	293	33	2
187	294	33	2
199	294	33	1
213	294	33	2
227	294	33	1
235	294	33	1
239	294	33	1
243	294	33	2
244	294	33	1
256	294	33	1
182	295	33	1
197	295	33	1
225	295	33	1
229	295	33	1
231	295	33	2
247	295	33	1
248	295	33	1
253	295	33	1
194	296	33	2
195	296	33	1
222	296	33	1
223	296	33	1
226	296	33	1
229	296	33	1
235	296	33	1
241	296	33	1
242	296	33	1
245	296	33	1
255	296	33	1
196	297	33	2
223	297	33	2
225	297	33	1
226	297	33	1
227	297	33	1
231	297	33	1
236	297	33	1
242	297	33	1
245	297	33	2
246	297	33	2
195	298	33	1
220	298	33	1
226	298	33	1
231	298	33	1
236	298	33	2
244	298	33	1
195	299	33	1
197	299	33	1
201	299	33	1
223	299	33	1
232	299	33	1
237	299	33	2
245	299	33	1
246	299	33	1
247	299	33	2
197	300	33	1
235	300	33	1
237	300	33	2
238	300	33	3
196	301	33	1
225	301	33	1
228	301	33	1
229	301	33	1
234	301	33	2
235	301	33	1
241	301	33	1
243	301	33	1
244	301	33	3
209	302	33	1
211	302	33	1
223	302	33	1
228	302	33	1
230	302	33	1
231	302	33	1
236	302	33	1
237	302	33	1
240	302	33	1
244	302	33	1
245	302	33	1
229	303	33	1
232	303	33	1
240	303	33	2
242	303	33	1
229	304	33	1
231	304	33	1
238	304	33	1
242	304	33	2
235	305	33	1
237	305	33	2
199	306	33	1
224	306	33	2
232	306	33	1
236	306	33	1
237	306	33	2
242	306	33	1
225	307	33	1
234	307	33	1
241	307	33	1
217	308	33	1
222	308	33	1
224	308	33	1
233	308	33	2
221	309	33	1
232	309	33	1
235	309	33	1
237	309	33	1
225	310	33	1
227	310	33	1
229	310	33	2
233	310	33	1
239	310	33	2
218	311	33	3
224	311	33	1
228	311	33	1
230	311	33	1
231	311	33	1
232	311	33	2
236	311	33	1
222	312	33	1
225	313	33	1
234	313	33	1
230	314	33	1
234	314	33	1
230	318	33	1
226	250	34	1
229	251	34	2
224	252	34	1
225	253	34	2
226	253	34	1
227	253	34	1
229	253	34	1
219	254	34	1
231	254	34	2
233	254	34	2
235	254	34	1
239	254	34	1
220	255	34	1
215	256	34	1
219	256	34	1
223	256	34	1
224	256	34	1
226	256	34	1
227	256	34	1
232	256	34	1
233	256	34	1
241	256	34	1
216	257	34	1
218	257	34	3
219	257	34	1
227	257	34	1
235	257	34	1
243	257	34	1
227	258	34	1
232	258	34	1
235	258	34	1
240	258	34	1
189	259	34	1
211	259	34	1
216	259	34	1
217	259	34	1
219	259	34	1
220	259	34	1
222	259	34	1
228	259	34	1
232	259	34	2
233	259	34	2
235	259	34	1
237	259	34	1
242	259	34	2
211	260	34	1
212	260	34	1
214	260	34	2
221	260	34	1
224	260	34	1
226	260	34	1
237	260	34	2
238	260	34	1
243	260	34	1
244	260	34	1
220	261	34	1
222	261	34	1
227	261	34	1
229	261	34	1
246	261	34	1
214	262	34	2
217	262	34	1
219	262	34	1
220	262	34	1
224	262	34	1
228	262	34	1
233	262	34	1
235	262	34	1
245	262	34	1
185	263	34	1
189	263	34	1
197	263	34	2
206	263	34	1
213	263	34	1
214	263	34	1
217	263	34	1
218	263	34	1
219	263	34	2
222	263	34	1
225	263	34	1
226	263	34	1
227	263	34	1
229	263	34	1
231	263	34	1
233	263	34	2
238	263	34	1
240	263	34	1
244	263	34	1
248	263	34	1
249	263	34	1
191	264	34	1
200	264	34	1
201	264	34	1
202	264	34	1
213	264	34	1
216	264	34	1
218	264	34	1
221	264	34	2
223	264	34	1
224	264	34	2
227	264	34	1
228	264	34	1
232	264	34	2
235	264	34	1
244	264	34	1
209	265	34	2
211	265	34	3
226	265	34	1
228	265	34	1
229	265	34	1
230	265	34	1
232	265	34	2
241	265	34	1
249	265	34	1
186	266	34	1
193	266	34	1
194	266	34	1
196	266	34	1
204	266	34	2
228	266	34	1
233	266	34	1
240	266	34	1
241	266	34	1
244	266	34	2
246	266	34	1
252	266	34	1
182	267	34	2
186	267	34	5
191	267	34	1
193	267	34	2
197	267	34	1
208	267	34	1
210	267	34	1
211	267	34	1
214	267	34	1
216	267	34	1
221	267	34	1
240	267	34	1
246	267	34	1
173	268	34	1
176	268	34	1
183	268	34	1
210	268	34	1
215	268	34	1
218	268	34	1
221	268	34	2
233	268	34	1
244	268	34	1
245	268	34	2
247	268	34	1
250	268	34	2
252	268	34	1
185	269	34	1
187	269	34	1
188	269	34	1
189	269	34	1
197	269	34	1
204	269	34	1
216	269	34	1
219	269	34	1
222	269	34	1
234	269	34	1
239	269	34	2
243	269	34	1
244	269	34	1
249	269	34	1
254	269	34	1
175	270	34	1
183	270	34	1
185	270	34	1
192	270	34	1
195	270	34	1
197	270	34	2
203	270	34	1
205	270	34	1
214	270	34	1
216	270	34	1
218	270	34	1
233	270	34	1
239	270	34	1
240	270	34	1
242	270	34	1
243	270	34	1
246	270	34	2
251	270	34	1
252	270	34	1
177	271	34	1
181	271	34	1
182	271	34	1
186	271	34	2
189	271	34	1
205	271	34	1
210	271	34	1
212	271	34	2
213	271	34	1
218	271	34	1
220	271	34	1
221	271	34	1
235	271	34	2
237	271	34	1
240	271	34	3
242	271	34	1
246	271	34	1
248	271	34	1
179	272	34	1
180	272	34	1
183	272	34	1
184	272	34	2
185	272	34	1
211	272	34	1
212	272	34	1
170	273	34	2
176	273	34	1
182	273	34	1
186	273	34	1
188	273	34	1
204	273	34	1
208	273	34	1
215	273	34	1
229	273	34	1
230	273	34	1
231	273	34	2
239	273	34	1
243	273	34	1
249	273	34	1
170	274	34	1
180	274	34	1
187	274	34	1
211	274	34	2
212	274	34	2
215	274	34	1
217	274	34	2
226	274	34	1
229	274	34	1
232	274	34	1
236	274	34	1
237	274	34	1
240	274	34	1
184	275	34	1
189	275	34	3
206	275	34	1
209	275	34	2
215	275	34	1
216	275	34	1
227	275	34	2
233	275	34	2
235	275	34	2
237	275	34	1
245	275	34	1
187	276	34	3
208	276	34	1
209	276	34	1
212	276	34	1
219	276	34	2
237	276	34	1
240	276	34	2
242	276	34	1
243	276	34	1
244	276	34	1
245	276	34	1
250	276	34	1
183	277	34	1
186	277	34	1
189	277	34	1
205	277	34	2
206	277	34	1
209	277	34	1
244	277	34	1
175	278	34	1
176	278	34	1
190	278	34	1
201	278	34	1
206	278	34	2
210	278	34	1
211	278	34	1
214	278	34	1
226	278	34	1
232	278	34	1
239	278	34	1
180	279	34	2
192	279	34	1
207	279	34	2
219	279	34	1
227	279	34	1
236	279	34	1
242	279	34	2
244	279	34	1
245	279	34	1
248	279	34	1
177	280	34	3
204	280	34	2
205	280	34	3
208	280	34	1
210	280	34	3
212	280	34	1
224	280	34	1
233	280	34	1
236	280	34	2
175	281	34	1
180	281	34	1
189	281	34	1
192	281	34	2
202	281	34	1
208	281	34	1
209	281	34	2
210	281	34	1
213	281	34	1
223	281	34	3
226	281	34	1
227	281	34	2
229	281	34	2
232	281	34	3
233	281	34	1
237	281	34	1
182	282	34	1
204	282	34	1
218	282	34	1
222	282	34	1
223	282	34	1
226	282	34	1
230	282	34	1
247	282	34	2
249	282	34	1
175	283	34	1
187	283	34	1
204	283	34	1
206	283	34	1
209	283	34	1
218	283	34	1
219	283	34	1
224	283	34	1
231	283	34	1
232	283	34	1
240	283	34	1
243	283	34	2
245	283	34	1
251	283	34	1
177	284	34	1
178	284	34	1
184	284	34	2
186	284	34	1
207	284	34	1
211	284	34	1
212	284	34	1
215	284	34	1
219	284	34	1
222	284	34	1
225	284	34	1
226	284	34	1
235	284	34	1
237	284	34	2
241	284	34	1
243	284	34	1
245	284	34	1
254	284	34	1
176	285	34	1
177	285	34	1
185	285	34	1
204	285	34	1
206	285	34	1
208	285	34	1
209	285	34	2
211	285	34	2
218	285	34	1
222	285	34	1
224	285	34	1
226	285	34	2
229	285	34	2
232	285	34	1
240	285	34	2
176	286	34	1
188	286	34	1
189	286	34	1
208	286	34	2
209	286	34	1
213	286	34	1
224	286	34	3
226	286	34	1
227	286	34	1
239	286	34	1
247	286	34	2
248	286	34	4
255	286	34	2
187	287	34	1
190	287	34	1
199	287	34	1
208	287	34	1
209	287	34	3
221	287	34	2
226	287	34	1
228	287	34	1
229	287	34	1
235	287	34	2
236	287	34	1
241	287	34	2
243	287	34	5
251	287	34	1
252	287	34	2
176	288	34	1
185	288	34	1
190	288	34	1
199	288	34	1
201	288	34	1
202	288	34	1
203	288	34	2
224	288	34	1
226	288	34	1
227	288	34	2
228	288	34	2
229	288	34	1
238	288	34	1
245	288	34	2
175	289	34	2
184	289	34	1
186	289	34	1
200	289	34	2
202	289	34	1
224	289	34	1
235	289	34	1
238	289	34	2
241	289	34	1
242	289	34	1
257	289	34	3
187	290	34	1
197	290	34	1
204	290	34	3
225	290	34	1
230	290	34	1
233	290	34	1
237	290	34	2
240	290	34	1
253	290	34	1
185	291	34	1
202	291	34	1
203	291	34	1
222	291	34	1
223	291	34	1
225	291	34	2
232	291	34	2
234	291	34	2
239	291	34	1
247	291	34	1
248	291	34	1
198	292	34	1
222	292	34	1
228	292	34	1
230	292	34	1
231	292	34	1
232	292	34	1
236	292	34	1
238	292	34	1
244	292	34	1
182	293	34	1
197	293	34	1
204	293	34	1
205	293	34	2
227	293	34	2
233	293	34	2
238	293	34	1
243	293	34	2
251	293	34	2
182	294	34	1
183	294	34	2
190	294	34	1
198	294	34	1
206	294	34	1
224	294	34	1
225	294	34	1
242	294	34	1
246	294	34	1
184	295	34	2
218	295	34	1
220	295	34	1
225	295	34	1
228	295	34	1
239	295	34	1
183	296	34	1
201	296	34	1
202	296	34	1
205	296	34	2
217	296	34	1
222	296	34	1
223	296	34	1
228	296	34	1
229	296	34	1
236	296	34	1
237	296	34	1
239	296	34	1
244	296	34	1
179	297	34	2
194	297	34	2
195	297	34	2
196	297	34	1
203	297	34	1
227	297	34	4
239	297	34	1
242	297	34	1
182	298	34	2
194	298	34	2
223	298	34	1
233	298	34	1
234	298	34	1
246	298	34	1
248	298	34	1
180	299	34	1
182	299	34	1
196	299	34	1
198	299	34	1
199	299	34	1
200	299	34	2
203	299	34	1
229	299	34	1
232	299	34	1
241	299	34	1
224	300	34	1
225	300	34	1
226	300	34	1
233	300	34	1
236	300	34	2
242	300	34	2
243	300	34	1
246	300	34	1
197	301	34	1
207	301	34	2
224	301	34	1
236	301	34	1
245	301	34	2
229	302	34	1
232	302	34	1
236	302	34	1
237	302	34	1
242	302	34	1
243	302	34	1
229	303	34	1
231	303	34	1
232	303	34	1
237	303	34	1
240	303	34	1
244	303	34	2
245	303	34	1
230	304	34	1
233	304	34	1
236	304	34	1
240	304	34	1
199	305	34	3
204	305	34	1
229	305	34	1
230	305	34	2
232	305	34	1
233	305	34	1
235	305	34	1
240	305	34	1
225	306	34	1
228	306	34	2
232	306	34	1
236	306	34	2
238	306	34	1
242	306	34	1
230	307	34	1
234	307	34	1
241	307	34	1
243	307	34	1
227	308	34	1
232	308	34	1
233	308	34	3
237	308	34	1
243	308	34	1
220	309	34	1
221	309	34	1
222	309	34	2
224	309	34	1
233	309	34	1
221	310	34	1
224	310	34	1
226	310	34	1
231	310	34	1
232	310	34	1
218	311	34	1
227	311	34	1
230	311	34	1
235	311	34	1
236	311	34	1
229	312	34	1
232	312	34	1
236	312	34	2
231	313	34	1
234	313	34	1
236	313	34	1
228	314	34	1
229	315	34	1
233	315	34	1
232	317	34	1
233	317	34	1
211	318	34	1
227	251	35	1
225	252	35	1
226	252	35	2
229	252	35	1
219	253	35	2
224	253	35	1
226	253	35	1
226	254	35	2
235	254	35	1
218	255	35	1
219	255	35	1
223	255	35	1
226	255	35	1
227	255	35	1
222	256	35	1
223	256	35	1
228	256	35	1
218	257	35	1
224	257	35	3
237	257	35	1
243	257	35	1
223	258	35	2
225	258	35	1
226	258	35	1
228	258	35	1
232	258	35	1
235	258	35	1
240	258	35	1
201	259	35	1
215	259	35	2
218	259	35	1
219	259	35	1
221	259	35	1
224	259	35	1
229	259	35	1
231	259	35	1
233	259	35	1
234	259	35	3
239	259	35	1
242	259	35	1
210	260	35	1
220	260	35	2
221	260	35	2
222	260	35	1
223	260	35	2
226	260	35	1
230	260	35	1
231	260	35	1
234	260	35	1
235	260	35	1
236	260	35	2
242	260	35	1
193	261	35	1
211	261	35	2
213	261	35	1
216	261	35	1
218	261	35	1
223	261	35	1
224	261	35	2
227	261	35	1
228	261	35	1
229	261	35	2
233	261	35	1
234	261	35	1
193	262	35	1
203	262	35	1
207	262	35	1
208	262	35	1
220	262	35	1
224	262	35	1
238	262	35	1
239	262	35	1
240	262	35	1
241	262	35	1
245	262	35	1
248	262	35	1
188	263	35	1
191	263	35	1
210	263	35	2
216	263	35	1
219	263	35	1
220	263	35	1
230	263	35	1
238	263	35	1
240	263	35	1
241	263	35	1
244	263	35	2
245	263	35	2
247	263	35	1
188	264	35	2
192	264	35	2
200	264	35	1
211	264	35	2
212	264	35	1
214	264	35	1
219	264	35	1
220	264	35	1
222	264	35	1
228	264	35	1
229	264	35	1
230	264	35	1
234	264	35	1
240	264	35	2
249	264	35	1
187	265	35	2
190	265	35	1
191	265	35	1
216	265	35	1
217	265	35	1
220	265	35	1
222	265	35	1
226	265	35	1
229	265	35	1
233	265	35	1
243	265	35	1
249	265	35	1
184	266	35	1
188	266	35	1
196	266	35	1
204	266	35	1
206	266	35	1
208	266	35	1
209	266	35	1
219	266	35	2
220	266	35	1
221	266	35	2
224	266	35	2
228	266	35	1
229	266	35	1
234	266	35	1
236	266	35	1
238	266	35	1
242	266	35	1
243	266	35	1
245	266	35	2
247	266	35	1
186	267	35	1
187	267	35	1
189	267	35	1
191	267	35	1
206	267	35	1
210	267	35	1
214	267	35	1
216	267	35	1
243	267	35	1
177	268	35	1
183	268	35	2
187	268	35	2
189	268	35	2
192	268	35	1
194	268	35	1
195	268	35	1
205	268	35	1
209	268	35	1
213	268	35	1
217	268	35	1
218	268	35	1
222	268	35	2
233	268	35	1
234	268	35	1
239	268	35	1
240	268	35	1
242	268	35	1
247	268	35	2
252	268	35	1
172	269	35	1
174	269	35	3
176	269	35	2
178	269	35	1
193	269	35	1
197	269	35	1
201	269	35	2
202	269	35	1
210	269	35	1
212	269	35	1
220	269	35	1
224	269	35	1
232	269	35	1
238	269	35	2
244	269	35	1
179	270	35	1
181	270	35	1
185	270	35	1
189	270	35	1
195	270	35	1
196	270	35	1
202	270	35	1
206	270	35	1
213	270	35	1
217	270	35	1
218	270	35	2
220	270	35	1
236	270	35	1
237	270	35	1
238	270	35	1
240	270	35	1
243	270	35	1
247	270	35	1
250	270	35	1
183	271	35	1
185	271	35	1
186	271	35	1
190	271	35	1
192	271	35	1
198	271	35	1
205	271	35	1
212	271	35	1
213	271	35	1
216	271	35	1
217	271	35	1
220	271	35	1
225	271	35	1
235	271	35	2
238	271	35	1
242	271	35	1
245	271	35	1
247	271	35	1
248	271	35	1
249	271	35	2
180	272	35	1
182	272	35	1
184	272	35	1
193	272	35	2
197	272	35	2
205	272	35	1
207	272	35	1
208	272	35	1
214	272	35	1
215	272	35	1
217	272	35	1
222	272	35	1
229	272	35	1
237	272	35	1
239	272	35	2
243	272	35	1
244	272	35	1
178	273	35	1
181	273	35	1
182	273	35	1
184	273	35	1
185	273	35	1
186	273	35	1
205	273	35	1
206	273	35	1
209	273	35	1
215	273	35	1
218	273	35	1
232	273	35	1
234	273	35	2
248	273	35	1
171	274	35	1
173	274	35	1
176	274	35	1
178	274	35	1
179	274	35	1
181	274	35	1
183	274	35	1
186	274	35	2
187	274	35	1
190	274	35	1
196	274	35	1
217	274	35	2
223	274	35	1
224	274	35	1
225	274	35	1
228	274	35	3
232	274	35	2
244	274	35	1
250	274	35	1
176	275	35	1
186	275	35	1
189	275	35	2
210	275	35	1
213	275	35	1
218	275	35	4
231	275	35	2
235	275	35	1
239	275	35	2
240	275	35	1
245	275	35	1
186	276	35	3
187	276	35	1
203	276	35	1
211	276	35	1
220	276	35	1
222	276	35	2
230	276	35	2
232	276	35	1
237	276	35	1
239	276	35	1
175	277	35	1
176	277	35	1
183	277	35	1
211	277	35	1
220	277	35	1
230	277	35	3
171	278	35	1
175	278	35	1
178	278	35	1
187	278	35	2
203	278	35	1
210	278	35	2
213	278	35	1
215	278	35	1
224	278	35	1
225	278	35	2
230	278	35	1
234	278	35	1
238	278	35	1
247	278	35	1
180	279	35	1
184	279	35	1
192	279	35	1
203	279	35	1
207	279	35	1
209	279	35	2
212	279	35	1
222	279	35	1
229	279	35	1
245	279	35	1
175	280	35	1
177	280	35	1
194	280	35	1
203	280	35	1
210	280	35	3
214	280	35	2
215	280	35	1
217	280	35	1
221	280	35	1
232	280	35	2
233	280	35	1
245	280	35	1
246	280	35	1
174	281	35	1
180	281	35	1
191	281	35	1
204	281	35	3
205	281	35	1
207	281	35	1
212	281	35	1
217	281	35	1
219	281	35	1
222	281	35	1
224	281	35	1
226	281	35	2
228	281	35	1
230	281	35	1
240	281	35	1
248	281	35	2
189	282	35	1
190	282	35	2
210	282	35	1
218	282	35	2
220	282	35	1
233	282	35	1
242	282	35	1
171	283	35	2
173	283	35	3
183	283	35	1
215	283	35	1
216	283	35	1
221	283	35	2
226	283	35	1
243	283	35	2
181	284	35	1
184	284	35	1
185	284	35	1
186	284	35	1
187	284	35	1
188	284	35	1
191	284	35	1
200	284	35	1
203	284	35	1
218	284	35	1
219	284	35	1
225	284	35	2
242	284	35	1
248	284	35	1
249	284	35	2
176	285	35	1
177	285	35	1
180	285	35	1
182	285	35	1
203	285	35	1
209	285	35	1
218	285	35	1
222	285	35	1
226	285	35	1
231	285	35	1
234	285	35	1
236	285	35	1
248	285	35	1
175	286	35	3
181	286	35	2
183	286	35	2
186	286	35	1
187	286	35	1
191	286	35	1
196	286	35	1
198	286	35	1
205	286	35	1
207	286	35	1
208	286	35	1
209	286	35	1
211	286	35	1
215	286	35	1
216	286	35	1
218	286	35	1
229	286	35	1
233	286	35	1
175	287	35	2
187	287	35	1
188	287	35	1
190	287	35	1
196	287	35	1
202	287	35	1
203	287	35	1
205	287	35	1
208	287	35	1
220	287	35	1
230	287	35	1
233	287	35	1
237	287	35	1
239	287	35	1
243	287	35	1
185	288	35	1
190	288	35	1
192	288	35	1
199	288	35	1
204	288	35	1
218	288	35	2
232	288	35	1
237	288	35	1
238	288	35	1
242	288	35	1
245	288	35	2
247	288	35	1
184	289	35	1
185	289	35	1
186	289	35	1
188	289	35	2
190	289	35	1
224	289	35	1
226	289	35	1
230	289	35	1
235	289	35	1
238	289	35	1
239	289	35	2
244	289	35	1
184	290	35	1
195	290	35	1
197	290	35	1
198	290	35	2
199	290	35	1
222	290	35	2
238	290	35	2
247	290	35	2
179	291	35	1
195	291	35	2
196	291	35	1
198	291	35	1
199	291	35	1
204	291	35	1
223	291	35	2
224	291	35	2
229	291	35	1
230	291	35	2
231	291	35	1
232	291	35	2
237	291	35	1
247	291	35	1
185	292	35	1
188	292	35	2
194	292	35	1
198	292	35	1
199	292	35	1
200	292	35	1
203	292	35	1
220	292	35	1
229	292	35	1
230	292	35	1
231	292	35	3
235	292	35	2
238	292	35	2
243	292	35	1
247	292	35	1
185	293	35	1
195	293	35	1
198	293	35	1
201	293	35	1
203	293	35	1
204	293	35	1
218	293	35	1
222	293	35	1
223	293	35	2
225	293	35	1
227	293	35	1
228	293	35	1
231	293	35	1
232	293	35	2
236	293	35	1
239	293	35	1
183	294	35	1
188	294	35	2
190	294	35	1
197	294	35	1
222	294	35	1
223	294	35	1
224	294	35	2
237	294	35	2
181	295	35	1
204	295	35	1
224	295	35	1
227	295	35	2
228	295	35	1
233	295	35	2
238	295	35	1
241	295	35	1
247	295	35	1
249	295	35	1
181	296	35	1
199	296	35	1
203	296	35	1
205	296	35	1
219	296	35	2
222	296	35	1
223	296	35	1
228	296	35	1
236	296	35	1
242	296	35	1
194	297	35	1
199	297	35	1
202	297	35	1
221	297	35	1
225	297	35	2
230	297	35	1
236	297	35	1
240	297	35	3
243	297	35	2
245	297	35	1
247	297	35	2
181	298	35	2
191	298	35	1
194	298	35	1
200	298	35	1
219	298	35	1
220	298	35	1
223	298	35	2
228	298	35	1
239	298	35	1
196	299	35	1
227	299	35	2
235	299	35	1
238	299	35	1
240	299	35	1
242	299	35	3
245	299	35	3
194	300	35	1
195	300	35	1
208	300	35	2
224	300	35	1
241	300	35	1
242	300	35	2
194	301	35	1
228	301	35	2
231	301	35	1
233	301	35	1
241	301	35	1
243	301	35	1
244	301	35	1
222	302	35	1
226	302	35	1
227	302	35	1
228	302	35	1
230	302	35	2
231	302	35	1
240	302	35	1
244	302	35	1
199	303	35	1
225	303	35	1
226	303	35	1
230	303	35	1
231	303	35	1
236	303	35	1
238	303	35	1
242	303	35	1
191	304	35	1
227	304	35	1
228	304	35	1
195	305	35	1
225	305	35	1
229	305	35	1
233	305	35	1
234	305	35	1
235	305	35	1
237	305	35	1
204	306	35	2
220	306	35	3
223	306	35	2
224	306	35	1
225	306	35	1
227	306	35	1
230	306	35	1
231	306	35	1
233	306	35	2
198	307	35	1
221	307	35	1
231	307	35	1
234	307	35	1
238	307	35	1
239	307	35	1
243	307	35	1
203	308	35	1
206	308	35	1
221	308	35	2
224	308	35	1
226	308	35	1
227	308	35	3
231	308	35	1
232	308	35	1
222	309	35	1
228	309	35	1
235	309	35	2
237	309	35	1
219	310	35	1
222	310	35	1
223	310	35	2
225	310	35	1
229	310	35	1
231	310	35	1
238	310	35	1
213	311	35	1
220	311	35	1
223	311	35	1
228	311	35	1
229	311	35	1
232	311	35	1
240	311	35	1
241	311	35	2
229	312	35	1
236	312	35	1
242	312	35	2
221	313	35	1
223	313	35	1
226	313	35	2
235	313	35	2
225	314	35	1
233	314	35	1
226	315	35	1
233	315	35	1
234	315	35	1
236	315	35	1
210	316	35	1
238	316	35	2
227	317	35	1
237	317	35	1
231	318	35	1
237	318	35	1
238	318	35	1
224	253	36	2
225	253	36	2
229	254	36	1
218	256	36	2
219	256	36	1
219	257	36	3
226	257	36	1
227	257	36	2
216	258	36	1
220	258	36	1
221	258	36	1
228	258	36	1
229	258	36	1
217	259	36	1
219	259	36	1
220	259	36	2
224	259	36	2
225	259	36	2
237	259	36	1
212	260	36	1
216	260	36	1
224	260	36	1
232	260	36	2
211	261	36	1
218	261	36	1
224	261	36	2
229	261	36	1
232	261	36	2
246	261	36	2
192	262	36	2
212	262	36	1
214	262	36	1
222	262	36	1
226	262	36	2
227	262	36	1
229	262	36	1
238	262	36	1
245	262	36	1
191	263	36	1
193	263	36	2
210	263	36	1
211	263	36	1
216	263	36	1
219	263	36	1
222	263	36	1
226	263	36	1
227	263	36	1
236	263	36	1
209	264	36	1
213	264	36	1
225	264	36	1
232	264	36	1
238	264	36	3
246	264	36	1
250	264	36	2
185	265	36	1
188	265	36	1
189	265	36	1
194	265	36	1
196	265	36	1
207	265	36	1
208	265	36	1
211	265	36	1
226	265	36	1
235	265	36	1
240	265	36	1
243	265	36	1
245	265	36	1
188	266	36	1
196	266	36	2
217	266	36	1
223	266	36	1
226	266	36	1
232	266	36	1
238	266	36	1
243	266	36	1
244	266	36	2
192	267	36	2
195	267	36	1
202	267	36	1
212	267	36	1
214	267	36	1
216	267	36	1
233	267	36	1
239	267	36	1
196	268	36	1
206	268	36	1
210	268	36	1
213	268	36	1
219	268	36	1
222	268	36	1
223	268	36	2
235	268	36	2
250	268	36	1
185	269	36	1
186	269	36	2
188	269	36	1
191	269	36	1
193	269	36	1
215	269	36	1
217	269	36	1
219	269	36	1
222	269	36	1
229	269	36	1
234	269	36	1
237	269	36	2
240	269	36	1
185	270	36	1
191	270	36	1
192	270	36	1
193	270	36	2
212	270	36	3
213	270	36	1
221	270	36	1
231	270	36	1
232	270	36	2
235	270	36	1
237	270	36	1
240	270	36	1
248	270	36	1
198	271	36	1
206	271	36	1
207	271	36	1
216	271	36	2
238	271	36	1
239	271	36	1
249	271	36	1
178	272	36	2
179	272	36	1
215	272	36	1
218	272	36	2
222	272	36	1
233	272	36	2
235	272	36	2
240	272	36	1
178	273	36	1
181	273	36	2
186	273	36	1
209	273	36	1
216	273	36	1
238	273	36	1
176	274	36	2
179	274	36	2
188	274	36	1
201	274	36	1
204	274	36	1
206	274	36	2
208	274	36	1
213	274	36	1
215	274	36	1
216	274	36	1
218	274	36	2
236	274	36	1
175	275	36	1
184	275	36	1
206	275	36	1
207	275	36	1
208	275	36	2
211	275	36	1
212	275	36	1
214	275	36	1
218	275	36	2
220	275	36	2
231	275	36	1
243	275	36	1
177	276	36	1
180	276	36	1
186	276	36	1
204	276	36	1
208	276	36	1
211	276	36	1
213	276	36	3
216	276	36	1
217	276	36	1
228	276	36	1
241	276	36	1
204	277	36	1
205	277	36	1
213	277	36	1
214	277	36	1
220	277	36	1
223	277	36	1
188	278	36	1
204	278	36	1
207	278	36	1
211	278	36	2
213	278	36	1
173	279	36	1
192	279	36	1
206	279	36	1
208	279	36	1
231	279	36	2
173	280	36	1
174	280	36	1
192	280	36	1
205	280	36	2
211	280	36	1
214	280	36	1
215	280	36	1
219	280	36	1
223	280	36	2
232	280	36	1
173	281	36	1
187	281	36	1
193	281	36	1
208	281	36	1
212	281	36	1
214	281	36	1
217	281	36	1
224	281	36	2
229	281	36	1
230	281	36	1
172	282	36	1
175	282	36	1
191	282	36	2
208	282	36	2
212	282	36	1
222	282	36	2
226	282	36	2
231	282	36	1
187	283	36	1
189	283	36	1
202	283	36	1
210	283	36	1
211	283	36	1
214	283	36	2
215	283	36	1
216	283	36	1
226	283	36	3
233	283	36	1
240	283	36	1
199	284	36	1
201	284	36	1
211	284	36	1
214	284	36	1
215	284	36	1
224	284	36	1
239	284	36	1
240	284	36	1
245	284	36	1
190	285	36	1
199	285	36	1
200	285	36	1
220	285	36	1
223	285	36	1
226	285	36	2
227	285	36	1
234	285	36	1
238	285	36	1
241	285	36	1
245	285	36	1
247	285	36	2
187	286	36	1
193	286	36	1
201	286	36	1
213	286	36	1
216	286	36	1
225	286	36	1
231	286	36	1
236	286	36	1
237	286	36	1
238	286	36	1
240	286	36	1
177	287	36	1
190	287	36	1
199	287	36	1
200	287	36	1
201	287	36	1
204	287	36	1
205	287	36	1
221	287	36	1
222	287	36	2
225	287	36	1
230	287	36	1
231	287	36	1
236	287	36	1
239	287	36	1
248	287	36	1
176	288	36	1
185	288	36	2
186	288	36	1
192	288	36	1
194	288	36	1
199	288	36	1
204	288	36	1
219	288	36	1
221	288	36	1
230	288	36	1
237	288	36	1
242	288	36	1
244	288	36	1
185	289	36	1
193	289	36	1
196	289	36	1
199	289	36	1
200	289	36	1
203	289	36	1
206	289	36	1
231	289	36	2
235	289	36	1
237	289	36	1
240	289	36	1
241	289	36	1
198	290	36	2
225	290	36	1
237	290	36	1
239	290	36	1
240	290	36	1
241	290	36	1
243	290	36	2
186	291	36	1
196	291	36	2
197	291	36	1
199	291	36	1
202	291	36	1
221	291	36	1
234	291	36	1
237	291	36	2
238	291	36	1
239	291	36	3
245	291	36	1
187	292	36	1
196	292	36	1
203	292	36	1
208	292	36	1
224	292	36	1
226	292	36	2
231	292	36	1
235	292	36	2
242	292	36	2
244	292	36	1
245	292	36	2
195	293	36	1
196	293	36	1
202	293	36	1
222	293	36	1
223	293	36	2
226	293	36	1
236	293	36	1
239	293	36	1
188	294	36	1
195	294	36	1
198	294	36	1
201	294	36	1
202	294	36	1
204	294	36	2
223	294	36	2
224	294	36	1
229	294	36	2
231	294	36	2
233	294	36	1
235	294	36	1
237	294	36	1
238	294	36	1
241	294	36	1
204	295	36	1
220	295	36	1
223	295	36	2
229	295	36	1
231	295	36	1
233	295	36	1
234	295	36	1
235	295	36	1
237	295	36	1
242	295	36	1
245	295	36	1
196	296	36	1
198	296	36	1
199	296	36	1
200	296	36	1
227	296	36	1
231	296	36	1
235	296	36	1
237	296	36	1
238	296	36	1
243	296	36	1
198	297	36	1
202	297	36	1
204	297	36	3
219	297	36	1
228	297	36	2
230	297	36	1
231	297	36	1
234	297	36	1
241	297	36	1
245	297	36	2
199	298	36	2
202	298	36	2
226	298	36	1
229	298	36	1
233	298	36	1
236	298	36	1
239	298	36	1
241	298	36	1
200	299	36	2
232	299	36	2
240	299	36	1
244	299	36	1
225	300	36	1
226	300	36	1
229	300	36	1
230	300	36	3
233	300	36	1
198	301	36	1
229	301	36	1
243	301	36	1
231	302	36	1
243	302	36	2
228	303	36	1
233	303	36	1
236	303	36	1
230	304	36	1
199	305	36	1
226	305	36	1
228	305	36	1
223	306	36	1
228	306	36	1
239	306	36	1
243	306	36	1
226	307	36	1
227	307	36	2
240	307	36	1
242	307	36	1
243	307	36	1
222	308	36	1
239	308	36	1
241	308	36	1
220	309	36	2
223	309	36	1
230	309	36	1
234	309	36	1
236	309	36	1
242	309	36	1
222	310	36	1
223	310	36	1
224	310	36	1
227	310	36	1
228	310	36	1
234	310	36	1
214	311	36	1
215	311	36	1
221	311	36	1
225	311	36	3
233	311	36	1
242	311	36	1
213	312	36	1
218	312	36	1
221	312	36	1
230	312	36	1
229	313	36	1
225	314	36	1
228	314	36	1
234	314	36	1
238	314	36	1
242	314	36	1
233	315	36	1
243	315	36	1
234	316	36	1
238	316	36	3
237	317	36	1
238	317	36	1
240	318	36	1
231	319	36	2
227	258	37	1
230	260	37	1
235	260	37	1
242	260	37	1
216	262	37	1
224	262	37	1
214	263	37	1
215	264	37	2
229	264	37	3
236	264	37	1
245	264	37	2
215	265	37	2
232	265	37	1
188	266	37	1
193	266	37	1
194	266	37	2
243	266	37	1
183	267	37	2
188	267	37	1
189	267	37	1
191	267	37	1
210	267	37	1
211	267	37	1
229	267	37	1
236	267	37	2
238	267	37	1
188	268	37	1
219	268	37	1
238	268	37	1
193	269	37	1
216	269	37	1
219	269	37	1
236	269	37	1
188	270	37	1
196	270	37	1
221	270	37	1
237	270	37	1
187	271	37	1
192	271	37	2
196	271	37	1
213	271	37	1
215	271	37	1
219	271	37	1
221	271	37	1
213	272	37	1
208	273	37	1
210	273	37	1
217	273	37	1
236	273	37	2
212	274	37	1
231	274	37	1
205	275	37	1
207	275	37	1
212	275	37	2
214	275	37	1
220	275	37	1
207	276	37	1
208	276	37	1
211	276	37	1
217	276	37	1
219	276	37	1
188	277	37	1
181	278	37	1
206	278	37	1
208	278	37	1
212	278	37	1
214	278	37	1
215	279	37	1
217	279	37	1
208	280	37	1
209	280	37	1
210	280	37	1
175	281	37	1
189	281	37	1
192	281	37	1
212	281	37	1
213	281	37	1
214	281	37	1
223	281	37	1
192	282	37	1
208	282	37	1
212	282	37	1
213	282	37	1
214	282	37	1
219	282	37	2
221	282	37	2
207	283	37	1
230	283	37	2
237	283	37	2
202	284	37	1
203	284	37	1
201	285	37	1
202	285	37	2
210	285	37	1
241	285	37	1
204	286	37	1
211	286	37	1
220	286	37	1
232	286	37	2
241	286	37	1
191	287	37	1
208	287	37	1
219	287	37	1
222	287	37	1
236	287	37	1
238	287	37	2
190	288	37	1
192	288	37	1
194	288	37	1
202	288	37	1
203	288	37	1
205	288	37	1
224	288	37	1
232	288	37	1
238	288	37	1
240	288	37	1
186	289	37	2
195	289	37	2
221	289	37	1
230	289	37	1
236	289	37	1
206	290	37	1
233	290	37	1
237	290	37	1
242	290	37	1
243	290	37	1
188	291	37	1
195	291	37	3
204	291	37	1
234	291	37	1
236	291	37	1
238	291	37	1
200	292	37	3
203	292	37	1
226	292	37	1
232	292	37	1
233	292	37	2
240	292	37	1
242	292	37	1
243	292	37	2
185	293	37	1
190	293	37	1
205	293	37	1
223	293	37	1
238	293	37	1
241	293	37	1
202	294	37	1
205	294	37	1
233	294	37	1
235	294	37	1
239	294	37	3
240	294	37	1
203	295	37	1
232	295	37	3
234	295	37	1
235	295	37	1
241	295	37	1
244	295	37	1
245	295	37	1
200	296	37	1
201	296	37	1
204	296	37	1
205	296	37	1
217	296	37	2
223	296	37	1
225	296	37	1
229	296	37	1
239	296	37	1
242	296	37	1
243	296	37	1
194	297	37	2
204	297	37	1
220	297	37	2
227	297	37	1
232	297	37	3
234	297	37	2
235	297	37	2
242	297	37	1
229	298	37	1
231	298	37	1
237	298	37	1
240	298	37	1
242	298	37	1
243	298	37	1
244	298	37	1
228	299	37	1
231	299	37	1
232	299	37	1
241	299	37	1
226	300	37	1
231	300	37	1
240	300	37	1
241	300	37	1
242	300	37	1
244	300	37	1
227	301	37	1
232	301	37	1
233	301	37	1
226	302	37	1
244	302	37	1
228	305	37	1
223	306	37	1
224	306	37	2
226	307	37	1
243	307	37	2
223	308	37	1
226	308	37	2
227	308	37	1
235	308	37	1
220	309	37	1
227	309	37	1
233	309	37	1
216	310	37	2
217	310	37	1
229	310	37	1
216	311	37	1
219	311	37	1
221	311	37	1
226	311	37	1
227	311	37	1
232	311	37	3
237	311	37	2
229	312	37	1
240	312	37	1
242	312	37	1
217	313	37	1
218	313	37	1
225	313	37	1
229	313	37	2
236	313	37	1
237	313	37	2
238	313	37	1
219	314	37	2
229	314	37	2
237	314	37	1
211	315	37	2
236	315	37	1
238	315	37	1
239	315	37	1
238	316	37	2
241	316	37	1
236	317	37	1
238	317	37	1
232	318	37	1
235	318	37	1
236	318	37	1
237	318	37	1
238	319	37	1
226	259	38	1
232	264	38	1
230	265	38	2
237	265	38	1
211	266	38	1
214	266	38	1
217	266	38	1
213	268	38	1
187	269	38	2
193	270	38	1
232	270	38	1
215	271	38	1
217	271	38	1
214	272	38	1
215	272	38	2
218	272	38	1
232	272	38	1
236	272	38	1
217	273	38	1
206	274	38	1
212	274	38	1
240	274	38	1
207	275	38	1
213	275	38	1
215	275	38	1
207	276	38	2
210	276	38	1
205	277	38	1
207	277	38	1
209	277	38	1
212	277	38	2
206	278	38	1
209	278	38	1
213	278	38	1
217	278	38	1
230	278	38	1
177	279	38	1
209	279	38	1
210	279	38	1
214	279	38	1
218	279	38	1
208	280	38	1
210	280	38	1
221	280	38	1
190	281	38	1
212	281	38	2
191	282	38	1
210	283	38	2
229	283	38	1
196	284	38	1
211	284	38	1
190	285	38	1
192	285	38	1
204	285	38	1
208	285	38	1
212	285	38	1
193	286	38	2
198	286	38	2
208	286	38	1
216	286	38	1
218	286	38	1
232	286	38	1
192	287	38	1
193	287	38	1
195	287	38	2
198	287	38	1
202	287	38	1
204	287	38	1
188	288	38	1
190	288	38	1
193	288	38	1
207	288	38	1
219	288	38	1
224	288	38	1
185	289	38	1
192	289	38	2
201	289	38	1
207	289	38	1
215	289	38	1
219	289	38	1
231	289	38	1
234	289	38	2
192	290	38	1
200	290	38	1
206	290	38	1
216	290	38	3
237	290	38	1
203	291	38	1
214	291	38	2
223	291	38	2
233	291	38	1
189	292	38	2
196	292	38	1
197	292	38	1
206	292	38	1
211	292	38	1
213	292	38	2
223	292	38	1
238	292	38	1
196	293	38	1
198	293	38	1
199	293	38	1
200	293	38	1
204	293	38	1
205	293	38	1
218	293	38	1
220	293	38	1
224	293	38	1
225	293	38	1
230	293	38	1
234	293	38	1
202	294	38	1
204	294	38	1
210	294	38	1
213	294	38	1
221	294	38	1
225	294	38	1
226	294	38	1
228	294	38	1
240	294	38	1
198	295	38	2
202	295	38	1
203	295	38	1
207	295	38	1
227	295	38	1
230	295	38	1
231	295	38	1
232	295	38	1
237	295	38	1
238	295	38	1
240	295	38	1
241	295	38	2
200	296	38	1
201	296	38	1
222	296	38	2
232	296	38	1
233	296	38	1
234	296	38	2
240	296	38	1
242	296	38	2
243	296	38	1
229	297	38	2
231	297	38	1
234	297	38	2
239	297	38	2
242	297	38	1
225	298	38	2
231	298	38	1
196	299	38	3
203	299	38	1
204	299	38	1
227	299	38	1
228	299	38	1
229	299	38	1
231	299	38	1
232	299	38	1
235	299	38	1
243	299	38	2
204	300	38	1
218	300	38	1
241	300	38	1
242	300	38	1
230	301	38	1
235	301	38	2
226	302	38	1
233	302	38	1
239	302	38	1
225	304	38	1
228	304	38	2
229	304	38	1
230	304	38	1
244	304	38	1
228	305	38	1
233	305	38	1
236	305	38	1
232	306	38	1
236	306	38	1
239	306	38	1
193	307	38	1
239	307	38	1
243	307	38	1
246	307	38	1
226	308	38	2
229	308	38	1
235	308	38	1
242	308	38	1
244	309	38	1
220	310	38	1
221	310	38	1
227	310	38	1
228	310	38	1
232	310	38	1
233	310	38	2
213	311	38	1
218	311	38	1
221	311	38	1
224	311	38	1
225	311	38	1
226	311	38	2
228	311	38	1
237	311	38	1
218	312	38	1
219	312	38	1
223	312	38	1
227	312	38	1
228	312	38	1
229	312	38	1
231	312	38	1
234	312	38	1
240	312	38	2
241	312	38	2
216	313	38	1
221	313	38	1
238	313	38	1
217	314	38	1
241	314	38	1
211	315	38	1
220	315	38	1
223	315	38	1
229	315	38	1
236	315	38	1
238	315	38	1
243	315	38	1
240	316	38	1
244	316	38	1
214	317	38	1
226	317	38	1
227	317	38	1
230	317	38	2
231	317	38	1
239	317	38	1
240	317	38	1
220	318	38	1
230	318	38	2
231	318	38	1
240	318	38	2
241	318	38	2
243	318	38	1
218	319	38	1
229	320	38	1
231	320	38	1
232	320	38	1
221	321	38	1
233	322	38	1
235	323	38	1
219	269	39	1
194	270	39	1
214	273	39	1
212	275	39	1
216	275	39	1
218	276	39	1
214	277	39	1
201	278	39	1
210	278	39	1
206	279	39	1
216	279	39	1
217	279	39	1
215	280	39	1
223	281	39	1
212	282	39	1
214	282	39	1
219	282	39	1
196	283	39	2
200	284	39	1
205	284	39	1
191	285	39	2
199	285	39	2
187	286	39	1
196	286	39	1
190	287	39	2
191	287	39	1
207	287	39	1
215	287	39	1
239	287	39	1
195	288	39	1
205	288	39	1
224	288	39	2
189	289	39	2
190	289	39	2
193	289	39	1
201	289	39	1
239	289	39	1
190	290	39	1
195	290	39	1
197	290	39	2
218	290	39	1
199	291	39	1
206	291	39	1
214	291	39	1
217	291	39	1
222	291	39	1
225	291	39	1
239	291	39	2
240	291	39	2
188	292	39	1
208	292	39	1
210	292	39	1
213	292	39	1
226	292	39	1
230	292	39	1
235	292	39	1
236	292	39	2
239	292	39	1
242	292	39	1
197	293	39	1
199	293	39	1
205	293	39	1
220	293	39	1
221	293	39	1
234	293	39	2
200	294	39	1
201	294	39	1
202	294	39	1
213	294	39	1
228	294	39	2
230	294	39	1
235	294	39	1
241	294	39	1
204	295	39	1
223	295	39	2
224	295	39	1
225	295	39	1
241	295	39	1
219	296	39	1
220	296	39	1
234	296	39	1
235	296	39	1
239	296	39	1
199	297	39	1
200	297	39	1
204	297	39	1
206	297	39	1
221	297	39	1
225	297	39	1
232	297	39	2
233	297	39	1
236	297	39	1
241	297	39	1
243	297	39	1
201	298	39	1
202	298	39	2
214	298	39	1
215	298	39	1
233	298	39	1
239	298	39	1
240	298	39	1
242	298	39	1
224	299	39	1
225	299	39	1
227	299	39	1
228	299	39	1
230	299	39	1
231	299	39	2
233	299	39	1
228	300	39	1
229	300	39	1
230	300	39	1
231	300	39	1
232	300	39	1
224	301	39	1
227	301	39	2
230	301	39	1
238	301	39	1
233	302	39	1
226	303	39	1
228	303	39	2
230	303	39	1
210	304	39	1
227	304	39	1
234	304	39	2
235	304	39	1
194	305	39	1
212	305	39	2
224	305	39	2
236	305	39	2
238	305	39	1
211	306	39	1
225	306	39	1
236	306	39	1
224	307	39	2
225	307	39	1
241	307	39	1
194	308	39	2
225	308	39	1
226	308	39	1
227	308	39	1
241	308	39	1
215	309	39	1
221	309	39	1
222	309	39	1
228	309	39	1
232	309	39	1
234	309	39	1
198	310	39	1
217	310	39	1
219	310	39	1
223	310	39	2
224	310	39	1
225	310	39	1
226	310	39	1
242	310	39	1
206	311	39	1
211	311	39	1
217	311	39	1
220	311	39	2
225	311	39	2
229	311	39	1
217	312	39	1
220	312	39	1
222	312	39	1
229	312	39	1
231	312	39	1
240	312	39	1
244	312	39	1
219	313	39	1
224	313	39	1
227	313	39	3
229	313	39	1
230	313	39	1
242	313	39	1
217	314	39	1
218	314	39	1
219	314	39	1
234	314	39	1
238	314	39	3
239	314	39	1
242	314	39	1
225	315	39	1
230	315	39	1
238	315	39	2
239	315	39	1
243	315	39	1
217	316	39	2
225	316	39	1
233	316	39	1
238	316	39	1
241	316	39	1
242	316	39	1
211	317	39	1
225	317	39	1
232	317	39	1
240	317	39	1
231	318	39	1
238	318	39	1
243	318	39	1
220	319	39	1
230	319	39	1
226	320	39	2
230	320	39	1
218	321	39	1
234	321	39	1
234	322	39	1
208	327	39	1
214	274	40	1
201	278	40	1
193	280	40	1
197	283	40	1
195	284	40	1
206	285	40	1
210	288	40	1
193	290	40	2
191	291	40	2
196	291	40	1
225	291	40	2
191	292	40	1
212	292	40	1
227	292	40	1
235	292	40	1
194	293	40	1
207	293	40	1
209	293	40	1
216	293	40	1
223	293	40	1
234	293	40	1
209	294	40	1
227	294	40	1
237	294	40	1
238	294	40	2
204	295	40	1
225	295	40	1
198	296	40	1
203	296	40	1
215	296	40	1
215	297	40	1
216	297	40	1
236	297	40	1
212	298	40	1
216	298	40	1
228	298	40	1
229	298	40	1
230	298	40	2
235	298	40	1
222	299	40	1
229	299	40	1
212	300	40	1
228	301	40	2
231	302	40	1
232	302	40	1
233	302	40	1
243	302	40	1
229	304	40	1
243	304	40	2
245	304	40	1
231	305	40	1
234	305	40	2
214	306	40	1
229	306	40	1
241	306	40	1
223	307	40	1
240	307	40	1
241	307	40	1
242	307	40	1
223	308	40	2
225	308	40	1
240	308	40	1
203	309	40	1
218	309	40	3
220	309	40	1
224	309	40	1
233	309	40	1
225	310	40	1
239	310	40	1
217	311	40	1
219	311	40	2
222	311	40	2
238	311	40	1
240	311	40	1
241	311	40	2
242	311	40	2
217	312	40	1
229	312	40	1
232	312	40	1
240	312	40	1
242	312	40	1
213	313	40	1
217	313	40	2
218	313	40	1
219	313	40	1
238	313	40	2
240	313	40	1
237	314	40	1
217	315	40	1
221	315	40	1
230	315	40	1
239	315	40	2
245	315	40	1
220	316	40	1
237	316	40	1
238	316	40	1
242	316	40	1
243	316	40	1
221	317	40	1
227	317	40	1
236	317	40	2
231	318	40	1
236	318	40	2
243	318	40	1
219	319	40	2
223	320	40	1
230	320	40	1
240	320	40	1
229	322	40	2
212	325	40	1
197	282	41	1
192	292	41	2
225	293	41	1
209	294	41	1
199	296	41	1
204	297	41	1
224	297	41	2
226	298	41	1
227	299	41	1
230	300	41	1
231	300	41	1
235	300	41	1
234	301	41	1
228	304	41	2
226	305	41	2
230	305	41	1
231	305	41	1
217	306	41	1
224	306	41	1
230	306	41	1
225	307	41	1
227	307	41	1
225	308	41	3
226	308	41	1
241	308	41	1
225	309	41	1
240	309	41	1
211	310	41	1
220	310	41	1
231	310	41	1
236	310	41	1
221	311	41	1
222	311	41	2
221	312	41	1
225	312	41	1
234	312	41	1
221	313	41	2
244	313	41	1
221	314	41	2
235	314	41	2
242	314	41	1
243	314	41	2
218	315	41	1
220	315	41	1
219	316	41	1
238	316	41	1
240	316	41	2
241	316	41	1
243	316	41	2
218	317	41	2
221	317	41	1
235	317	41	1
240	317	41	1
244	317	41	2
218	318	41	1
219	318	41	1
243	318	41	3
246	318	41	1
217	319	41	2
223	319	41	1
243	319	41	1
245	319	41	1
230	320	41	1
231	320	41	1
216	321	41	2
231	321	41	1
236	323	41	1
215	297	42	2
221	302	42	1
223	302	42	1
220	303	42	1
220	304	42	1
224	305	42	1
227	305	42	1
220	306	42	1
230	306	42	2
231	306	42	1
227	307	42	1
239	308	42	1
240	308	42	2
223	309	42	1
225	309	42	1
226	309	42	1
242	309	42	3
236	310	42	1
239	310	42	1
220	311	42	2
222	311	42	1
223	311	42	1
218	312	42	2
222	312	42	1
241	312	42	1
242	312	42	2
243	312	42	2
218	313	42	2
221	313	42	1
223	313	42	1
226	313	42	1
204	315	42	2
217	315	42	1
221	315	42	1
226	315	42	2
241	315	42	1
220	316	42	1
225	316	42	1
239	316	42	1
227	317	42	1
239	317	42	1
219	318	42	1
231	318	42	1
240	318	42	1
243	318	42	1
204	319	42	1
232	319	42	2
228	320	42	1
229	320	42	1
230	320	42	3
241	320	42	1
230	321	42	1
222	308	43	1
217	310	43	2
219	310	43	1
222	311	43	1
239	311	43	1
242	312	43	2
236	313	43	1
240	313	43	1
229	315	43	1
245	315	43	2
219	316	43	1
227	317	43	1
218	318	43	1
227	319	43	2
244	319	43	2
215	324	43	2
220	305	44	2
219	306	44	2
224	310	44	1
234	310	44	1
235	311	44	2
231	312	44	1
237	314	44	1
241	314	44	1
238	315	44	1
227	317	44	1
231	317	44	1
238	317	44	1
230	318	44	1
226	320	44	2
228	320	44	1
230	321	44	1
216	316	45	1
142	221	20	1
139	226	20	1
155	227	20	1
132	228	20	1
153	229	20	1
204	230	20	1
116	231	20	1
142	232	20	1
146	232	20	1
136	233	20	1
144	233	20	1
169	233	20	1
215	234	20	1
137	235	20	1
159	236	20	1
163	236	20	2
215	236	20	1
129	237	20	2
248	237	20	1
172	239	20	1
152	240	20	1
239	240	20	1
149	241	20	1
132	242	20	1
185	242	20	1
207	242	20	2
123	244	20	1
135	244	20	1
213	244	20	1
160	245	20	1
182	245	20	1
214	245	20	1
126	246	20	1
240	246	20	1
137	247	20	1
163	247	20	1
190	248	20	1
210	248	20	1
215	248	20	1
167	249	20	1
218	249	20	1
162	250	20	1
175	250	20	1
207	251	20	1
161	252	20	1
207	252	20	1
175	253	20	1
231	253	20	1
197	254	20	1
217	254	20	1
223	254	20	1
157	256	20	1
161	256	20	1
198	256	20	2
128	258	20	1
232	258	20	1
144	259	20	1
203	259	20	2
250	259	20	1
141	261	20	1
231	261	20	1
133	263	20	1
246	263	20	1
249	264	20	1
137	265	20	1
163	265	20	1
179	265	20	1
190	265	20	1
218	265	20	1
232	265	20	1
113	266	20	1
132	266	20	1
184	266	20	1
211	266	20	1
225	266	20	1
154	267	20	1
168	267	20	1
151	268	20	1
212	268	20	1
118	270	20	1
166	270	20	1
119	271	20	1
121	272	20	1
154	272	20	1
175	272	20	1
260	272	20	2
226	274	20	1
131	275	20	1
177	275	20	1
205	275	20	1
136	276	20	1
142	276	20	1
157	276	20	1
167	276	20	1
180	276	20	1
246	276	20	1
130	277	20	1
249	277	20	1
262	277	20	1
208	278	20	1
150	279	20	2
228	279	20	1
269	279	20	1
162	280	20	1
166	280	20	1
199	280	20	1
227	281	20	1
161	283	20	1
165	283	20	1
167	283	20	1
173	283	20	1
190	283	20	1
271	283	20	1
163	284	20	1
145	285	20	1
231	285	20	1
250	285	20	1
271	286	20	1
167	288	20	1
142	290	20	1
271	290	20	1
163	291	20	1
262	291	20	1
129	292	20	1
173	292	20	1
189	292	20	1
217	292	20	1
106	293	20	1
222	293	20	1
126	294	20	1
222	294	20	1
264	294	20	1
220	295	20	1
163	296	20	1
187	296	20	1
217	296	20	1
179	299	20	1
219	299	20	1
139	300	20	1
155	301	20	1
166	301	20	1
126	302	20	1
219	302	20	1
257	302	20	1
200	306	20	1
249	306	20	1
261	306	20	1
234	307	20	1
233	308	20	1
130	309	20	1
201	309	20	1
205	309	20	1
263	309	20	1
210	311	20	1
238	311	20	1
173	312	20	1
205	312	20	1
247	312	20	2
107	313	20	2
158	313	20	1
181	313	20	1
250	313	20	1
159	315	20	1
198	315	20	2
260	315	20	1
152	317	20	1
100	319	20	1
153	319	20	1
190	319	20	1
233	319	20	1
195	320	20	1
243	320	20	1
250	320	20	1
183	321	20	1
196	321	20	1
210	321	20	1
127	322	20	1
185	322	20	1
200	322	20	1
99	323	20	1
177	323	20	1
222	323	20	1
161	324	20	1
165	324	20	1
196	324	20	1
198	324	20	1
183	325	20	1
203	326	20	1
258	327	20	1
165	329	20	1
150	330	20	1
118	331	20	1
180	331	20	1
186	331	20	1
114	332	20	1
209	332	20	1
186	334	20	1
233	337	20	1
236	337	20	1
246	337	20	1
190	338	20	1
237	341	20	1
243	345	20	1
162	346	20	1
232	348	20	1
190	349	20	1
235	349	20	1
237	350	20	1
178	352	20	1
184	353	20	1
231	353	20	1
207	357	20	1
211	358	20	1
220	358	20	1
178	359	20	1
162	232	21	1
136	233	21	1
146	236	21	1
131	238	21	1
137	238	21	1
126	240	21	1
152	241	21	1
215	242	21	1
129	243	21	1
145	244	21	2
135	246	21	1
154	253	21	1
228	253	21	1
223	254	21	1
107	257	21	1
130	261	21	1
189	262	21	2
219	263	21	1
161	265	21	1
160	268	21	1
115	270	21	1
159	272	21	1
122	273	21	1
227	274	21	1
218	277	21	1
219	277	21	1
177	279	21	1
178	279	21	1
220	279	21	1
125	280	21	1
204	280	21	1
271	282	21	1
123	285	21	1
219	287	21	1
205	288	21	1
220	290	21	1
196	293	21	1
193	296	21	1
162	298	21	1
269	301	21	1
208	304	21	1
204	307	21	1
264	308	21	1
209	309	21	1
239	309	21	1
252	310	21	1
200	313	21	2
238	313	21	1
262	313	21	1
182	314	21	1
237	314	21	1
163	315	21	1
211	315	21	1
214	315	21	1
257	315	21	1
146	318	21	1
240	318	21	1
260	318	21	2
266	318	21	1
258	319	21	1
260	321	21	1
179	323	21	1
181	326	21	1
260	328	21	1
181	332	21	1
121	334	21	1
177	336	21	1
163	340	21	1
175	340	21	1
126	226	22	1
154	229	22	1
162	230	22	1
136	236	22	1
130	237	22	1
135	237	22	1
125	240	22	1
146	241	22	1
153	241	22	2
215	241	22	1
144	242	22	1
136	243	22	1
163	257	22	1
197	258	22	1
163	261	22	1
119	267	22	1
159	269	22	1
179	270	22	1
177	275	22	1
176	278	22	1
169	279	22	1
174	280	22	1
221	287	22	1
222	292	22	1
217	295	22	1
210	304	22	1
250	310	22	1
176	312	22	1
236	314	22	1
179	315	22	1
179	317	22	1
236	317	22	1
184	320	22	1
215	325	22	1
260	326	22	1
158	231	23	1
138	238	23	1
150	238	23	1
217	238	23	1
141	241	23	1
134	243	23	1
134	244	23	1
196	254	23	1
162	255	23	1
193	257	23	1
122	269	23	2
156	270	23	1
164	273	23	1
168	273	23	1
176	278	23	1
177	278	23	1
179	279	23	1
174	282	23	1
172	284	23	1
220	291	23	1
266	298	23	1
267	299	23	1
235	301	23	1
236	302	23	1
239	302	23	1
136	303	23	1
266	308	23	1
181	309	23	1
204	309	23	1
257	309	23	1
237	312	23	1
176	313	23	1
262	313	23	1
261	316	23	1
178	324	23	1
94	330	23	1
146	335	23	1
178	223	24	1
149	232	24	1
153	232	24	1
157	233	24	2
135	234	24	1
143	234	24	1
151	235	24	1
151	236	24	1
133	239	24	1
145	239	24	1
142	241	24	1
139	243	24	1
146	244	24	1
147	244	24	1
137	245	24	1
139	249	24	1
197	257	24	1
196	258	24	1
115	263	24	1
163	264	24	1
119	265	24	1
120	265	24	1
117	266	24	1
119	266	24	1
156	269	24	1
131	271	24	1
171	276	24	1
168	278	24	1
204	285	24	1
274	290	24	1
268	298	24	1
186	304	24	1
262	305	24	1
263	305	24	1
261	309	24	1
202	310	24	1
231	311	24	1
235	311	24	1
260	311	24	1
177	313	24	1
175	314	24	1
211	314	24	1
261	319	24	1
186	321	24	1
186	324	24	1
259	324	24	1
261	326	24	1
97	330	24	1
258	333	24	1
259	336	24	1
155	228	25	1
150	233	25	1
135	236	25	1
131	239	25	1
135	242	25	1
227	243	25	1
140	253	25	1
215	264	25	1
123	266	25	1
128	266	25	1
261	266	25	2
165	278	25	1
170	278	25	1
174	282	25	1
271	290	25	1
237	300	25	1
260	310	25	1
206	311	25	1
259	312	25	1
263	312	25	1
209	314	25	1
210	316	25	1
260	322	25	1
239	323	25	2
156	231	26	1
226	246	26	1
229	251	26	1
121	257	26	1
124	271	26	1
171	276	26	2
268	295	26	1
211	316	26	1
238	323	26	1
164	231	27	1
145	235	27	1
137	236	27	1
246	238	27	1
182	239	27	2
234	239	27	1
236	239	27	1
139	240	27	1
242	240	27	1
250	245	27	1
228	246	27	1
227	251	27	2
229	251	27	1
126	270	27	1
177	281	27	1
173	284	27	1
178	286	27	1
177	294	27	1
237	309	27	1
257	309	27	1
160	231	28	1
166	231	28	1
152	233	28	1
153	235	28	1
248	236	28	1
243	237	28	3
246	238	28	1
244	239	28	1
139	240	28	1
137	242	28	1
229	250	28	1
126	254	28	1
125	255	28	1
128	256	28	1
123	271	28	1
167	272	28	1
171	279	28	1
178	280	28	1
172	282	28	1
173	283	28	2
176	284	28	1
275	284	28	1
271	289	28	1
179	296	28	1
227	307	28	1
204	310	28	1
261	313	28	1
208	314	28	1
242	322	28	1
133	328	28	1
116	223	29	1
112	226	29	1
183	239	29	1
179	240	29	1
124	272	29	1
137	272	29	1
138	274	29	1
174	277	29	1
165	283	29	1
174	283	29	1
275	283	29	1
183	300	29	1
206	311	29	1
204	312	29	1
221	313	29	1
255	316	29	1
126	324	29	1
125	327	29	1
130	329	29	2
185	360	29	1
181	238	30	1
182	239	30	1
184	239	30	1
186	239	30	1
181	240	30	1
189	242	30	1
182	243	30	1
190	245	30	1
125	255	30	1
262	267	30	1
138	271	30	1
142	277	30	1
169	279	30	1
165	281	30	1
164	283	30	1
162	288	30	1
194	305	30	1
190	309	30	1
225	313	30	1
128	325	30	1
99	327	30	1
179	240	31	1
185	241	31	1
185	245	31	1
188	245	31	1
147	257	31	1
127	264	31	1
259	266	31	1
260	268	31	1
132	272	31	1
142	273	31	1
140	274	31	1
167	283	31	1
166	284	31	1
167	284	31	1
166	288	31	1
169	288	31	1
206	307	31	1
203	311	31	1
222	312	31	1
200	315	31	1
182	349	31	1
188	349	31	1
261	268	32	1
130	269	32	1
262	277	32	1
163	286	32	1
167	287	32	1
114	307	32	1
258	309	32	1
196	310	32	2
202	310	32	1
243	316	32	1
245	318	32	1
209	321	32	1
97	328	32	1
99	333	32	1
186	347	32	1
188	348	32	1
208	246	33	1
132	260	33	1
258	260	33	1
263	269	33	2
264	269	33	1
263	271	33	1
159	276	33	1
164	277	33	1
161	283	33	1
165	283	33	1
161	284	33	1
161	291	33	1
121	300	33	1
183	307	33	1
116	308	33	1
186	308	33	1
198	308	33	1
208	310	33	1
112	313	33	1
113	313	33	1
249	316	33	1
210	321	33	1
238	321	33	1
180	349	33	1
181	352	33	1
184	352	33	1
179	357	33	1
114	226	34	1
114	227	34	1
175	245	34	1
135	252	34	1
131	254	34	1
138	254	34	1
138	256	34	1
137	258	34	1
148	258	34	1
133	259	34	1
265	265	34	1
128	268	34	1
262	270	34	1
159	273	34	1
165	274	34	1
144	279	34	1
158	280	34	1
120	294	34	1
253	296	34	1
118	301	34	1
173	301	34	1
119	304	34	1
182	306	34	1
189	308	34	1
192	308	34	1
193	309	34	1
195	311	34	1
131	322	34	1
200	322	34	1
239	324	34	1
146	327	34	1
201	333	34	1
202	334	34	1
193	335	34	1
191	347	34	1
214	347	34	1
212	348	34	1
187	350	34	1
204	352	34	1
139	241	35	1
133	253	35	1
149	253	35	1
128	255	35	1
137	257	35	1
130	258	35	1
255	259	35	1
132	261	35	1
130	268	35	1
132	272	35	1
143	273	35	1
163	276	35	1
259	282	35	1
126	283	35	1
124	295	35	1
252	296	35	1
174	300	35	1
174	304	35	1
188	309	35	1
191	311	35	2
112	314	35	1
124	316	35	1
194	336	35	1
213	339	35	1
214	339	35	1
212	341	35	1
189	345	35	1
206	346	35	1
186	347	35	1
187	351	35	1
193	351	35	1
213	351	35	1
180	352	35	2
199	353	35	1
178	355	35	3
172	356	35	1
179	357	35	1
169	241	36	1
133	251	36	1
135	254	36	1
140	255	36	1
160	269	36	1
157	271	36	1
146	274	36	1
261	275	36	1
162	277	36	1
163	277	36	1
159	292	36	1
166	299	36	1
167	300	36	2
172	301	36	1
115	306	36	1
189	309	36	1
115	310	36	1
191	311	36	1
110	312	36	1
109	313	36	1
240	321	36	1
235	325	36	1
97	328	36	1
204	336	36	1
211	339	36	1
213	340	36	1
213	348	36	1
214	348	36	1
213	353	36	1
182	354	36	1
182	356	36	1
134	235	37	1
139	238	37	1
169	240	37	2
173	243	37	1
175	245	37	1
132	254	37	1
133	263	37	1
154	263	37	1
155	265	37	1
254	272	37	1
161	273	37	1
163	277	37	1
125	283	37	1
127	284	37	1
160	292	37	1
259	295	37	1
260	297	37	1
121	304	37	1
252	309	37	1
112	313	37	1
119	314	37	1
117	318	37	1
131	320	37	1
138	320	37	1
240	323	37	2
209	338	37	1
192	344	37	2
189	346	37	1
207	356	37	1
113	220	38	1
125	230	38	1
126	230	38	1
136	235	38	1
137	235	38	1
143	241	38	1
199	241	38	1
135	244	38	1
169	244	38	1
124	245	38	1
125	245	38	1
140	248	38	1
147	253	38	1
151	264	38	1
154	265	38	1
165	265	38	1
149	267	38	1
152	268	38	1
140	272	38	1
139	273	38	1
145	273	38	1
140	277	38	1
161	277	38	1
128	280	38	1
128	281	38	1
132	282	38	1
134	286	38	1
255	294	38	1
258	294	38	1
260	296	38	1
121	300	38	1
170	300	38	1
259	305	38	1
257	307	38	1
117	317	38	1
121	318	38	1
238	327	38	1
188	333	38	1
155	334	38	1
148	335	38	1
176	356	38	1
205	358	38	1
206	358	38	1
207	358	38	1
191	362	38	1
125	223	39	1
123	230	39	1
174	232	39	1
201	233	39	1
142	236	39	1
198	236	39	1
136	237	39	1
140	238	39	1
201	238	39	1
135	239	39	1
164	239	39	1
142	241	39	1
124	244	39	1
143	244	39	1
169	244	39	1
139	245	39	1
175	245	39	1
172	246	39	1
178	247	39	1
136	249	39	1
169	253	39	1
235	253	39	1
154	258	39	2
155	258	39	1
136	259	39	1
148	259	39	1
149	259	39	1
170	259	39	1
251	259	39	1
255	260	39	1
256	260	39	1
130	261	39	1
263	264	39	1
147	265	39	1
153	265	39	1
155	265	39	1
152	269	39	1
146	270	39	1
167	270	39	1
134	272	39	1
147	272	39	1
227	272	39	1
142	273	39	1
146	273	39	1
130	277	39	1
147	279	39	2
135	280	39	1
138	282	39	1
141	285	39	1
134	287	39	1
252	292	39	1
134	293	39	1
170	294	39	1
258	294	39	1
249	296	39	1
133	297	39	1
171	297	39	2
123	298	39	1
134	298	39	1
171	298	39	2
261	298	39	1
175	302	39	1
171	304	39	1
116	318	39	2
146	320	39	1
242	323	39	1
218	331	39	1
157	332	39	1
161	333	39	1
178	333	39	1
156	336	39	1
190	347	39	1
211	348	39	2
209	352	39	1
212	352	39	1
214	354	39	1
192	361	39	1
205	362	39	1
195	363	39	1
137	229	40	1
141	229	40	1
197	237	40	1
203	237	40	1
146	238	40	1
162	238	40	1
136	239	40	1
136	241	40	1
125	242	40	1
139	250	40	1
240	252	40	1
223	253	40	1
139	254	40	1
136	259	40	1
176	259	40	1
136	261	40	2
140	261	40	1
157	263	40	1
168	264	40	1
158	266	40	1
142	267	40	2
144	272	40	1
223	272	40	1
140	273	40	1
142	273	40	1
154	274	40	1
148	276	40	1
151	278	40	1
157	278	40	1
134	280	40	1
139	280	40	1
135	281	40	1
142	281	40	1
159	282	40	1
134	283	40	1
138	284	40	1
135	285	40	1
135	288	40	1
140	293	40	1
121	295	40	1
126	295	40	1
123	296	40	1
130	296	40	1
182	303	40	1
139	304	40	1
127	305	40	1
140	305	40	1
148	315	40	1
115	319	40	1
242	327	40	1
151	330	40	1
218	332	40	1
154	334	40	2
151	336	40	1
217	341	40	1
191	347	40	2
208	348	40	1
207	357	40	1
141	233	41	1
160	237	41	1
202	238	41	1
138	239	41	2
140	241	41	1
166	241	41	1
129	243	41	1
138	243	41	1
165	244	41	1
178	247	41	1
210	256	41	1
177	257	41	1
172	258	41	1
211	258	41	1
148	259	41	1
140	260	41	1
150	260	41	1
172	262	41	1
248	262	41	1
151	264	41	1
143	265	41	1
145	265	41	1
142	266	41	1
149	266	41	1
147	268	41	1
149	270	41	1
152	270	41	1
151	274	41	1
247	274	41	1
131	278	41	1
149	278	41	1
130	282	41	1
135	286	41	1
158	286	41	2
156	287	41	1
155	289	41	2
154	291	41	1
130	292	41	1
157	292	41	1
153	296	41	1
160	296	41	1
129	297	41	1
162	297	41	1
165	297	41	1
128	299	41	1
123	301	41	1
97	302	41	1
144	303	41	1
177	303	41	1
122	304	41	1
125	304	41	1
172	305	41	1
129	308	41	1
142	315	41	1
114	316	41	1
150	320	41	1
141	321	41	1
249	322	41	1
179	324	41	1
248	324	41	1
149	325	41	2
252	326	41	1
181	327	41	1
242	328	41	2
238	329	41	1
245	329	41	1
155	330	41	1
175	330	41	1
240	330	41	2
243	330	41	1
174	331	41	1
243	331	41	1
180	332	41	1
151	333	41	1
179	333	41	1
187	333	41	1
152	336	41	1
215	336	41	1
210	342	41	1
211	344	41	1
206	346	41	2
232	347	41	1
195	349	41	1
235	351	41	1
207	358	41	1
136	229	42	1
143	236	42	1
165	236	42	1
199	236	42	1
139	237	42	1
161	237	42	1
161	238	42	2
138	239	42	1
179	244	42	1
126	245	42	1
178	252	42	1
120	256	42	1
142	257	42	1
156	257	42	1
177	257	42	1
150	258	42	1
145	259	42	1
211	259	42	1
173	261	42	1
250	263	42	1
121	264	42	1
158	264	42	1
149	266	42	1
146	268	42	1
143	271	42	1
131	273	42	1
144	274	42	1
134	275	42	1
143	279	42	1
143	281	42	1
141	283	42	1
159	283	42	1
138	284	42	1
137	288	42	1
133	289	42	1
135	289	42	1
133	291	42	1
134	292	42	2
154	294	42	2
161	296	42	1
136	298	42	1
141	298	42	1
132	304	42	1
144	304	42	1
128	306	42	1
143	307	42	1
143	310	42	1
148	318	42	1
253	323	42	1
160	330	42	1
132	331	42	1
180	331	42	2
183	333	42	1
222	333	42	1
194	336	42	1
216	337	42	1
207	355	42	1
204	360	42	1
137	227	43	1
136	231	43	1
162	231	43	1
157	236	43	1
136	237	43	1
143	237	43	1
146	258	43	1
161	260	43	1
167	262	43	1
147	268	43	1
150	270	43	1
146	273	43	1
147	273	43	1
160	275	43	1
155	278	43	1
147	280	43	2
139	284	43	1
151	285	43	1
154	286	43	1
216	287	43	1
138	288	43	1
132	294	43	1
140	295	43	1
133	302	43	1
126	305	43	1
126	307	43	1
138	321	43	1
135	324	43	1
249	326	43	1
191	332	43	1
188	333	43	1
181	334	43	1
218	336	43	1
211	347	43	2
209	349	43	1
200	350	43	1
231	352	43	1
207	358	43	1
140	228	44	1
137	231	44	1
164	232	44	1
143	237	44	1
146	264	44	1
150	266	44	1
143	269	44	1
145	274	44	1
146	274	44	1
211	274	44	1
167	276	44	1
146	279	44	1
150	280	44	1
150	282	44	1
151	282	44	1
152	282	44	1
142	283	44	1
212	285	44	1
139	293	44	1
142	294	44	1
128	300	44	1
133	302	44	1
173	306	44	1
136	326	44	1
220	336	44	1
212	348	44	1
148	270	45	2
146	275	45	1
217	285	45	1
144	294	45	1
138	301	45	1
137	304	45	1
180	318	45	1
175	352	45	2
158	260	46	1
145	269	46	1
151	273	46	1
161	277	46	1
146	281	46	1
146	282	46	1
208	286	46	1
228	300	46	1
191	322	46	1
182	326	46	1
217	334	46	1
216	341	46	1
222	342	46	1
146	289	47	2
194	321	47	1
190	323	47	1
186	329	47	1
227	353	47	1
203	356	47	1
154	276	48	1
140	224	49	1
172	237	49	2
154	248	49	1
151	252	49	1
145	262	49	1
144	271	49	1
156	274	49	1
202	299	49	1
213	311	49	1
211	346	49	1
136	230	50	1
173	232	50	1
154	270	50	1
160	275	50	1
150	276	50	1
259	286	50	1
146	289	50	1
212	318	50	1
