x	y	z	Metabolism of folate and pterines
183.039773122643	289.659001437601	35.0807824929564	2
142	221	20	1
123	222	20	1
127	222	20	1
134	222	20	1
178	222	20	1
148	223	20	1
115	224	20	1
134	224	20	1
144	224	20	1
175	224	20	1
176	224	20	2
153	225	20	1
115	226	20	2
119	226	20	1
160	227	20	1
178	227	20	1
189	227	20	1
112	228	20	1
128	228	20	1
130	228	20	2
151	228	20	1
155	228	20	1
196	228	20	1
158	229	20	1
127	230	20	2
157	230	20	1
173	230	20	2
186	230	20	1
190	230	20	1
204	230	20	2
149	231	20	1
154	231	20	2
170	231	20	1
177	231	20	2
142	232	20	1
130	233	20	1
143	233	20	1
144	233	20	1
147	233	20	2
215	233	20	3
114	234	20	1
204	234	20	1
129	235	20	1
141	235	20	2
158	235	20	1
206	235	20	2
216	235	20	1
220	235	20	1
222	235	20	1
127	236	20	1
139	236	20	1
146	236	20	1
154	236	20	1
129	237	20	1
133	237	20	1
140	237	20	1
146	237	20	2
151	237	20	1
169	237	20	1
117	238	20	1
126	238	20	1
145	238	20	2
158	238	20	1
168	238	20	2
213	238	20	1
128	239	20	1
141	239	20	1
142	239	20	1
144	239	20	1
160	239	20	1
172	239	20	2
215	239	20	1
118	240	20	2
132	240	20	1
146	240	20	1
149	240	20	1
160	240	20	2
214	240	20	1
216	240	20	2
231	240	20	1
239	240	20	2
108	241	20	1
111	241	20	2
131	241	20	2
138	241	20	2
167	241	20	1
237	241	20	2
128	242	20	1
137	242	20	1
150	242	20	1
183	242	20	1
185	242	20	1
207	242	20	1
214	242	20	1
132	243	20	2
173	243	20	1
201	243	20	1
213	243	20	1
247	243	20	1
126	244	20	2
135	244	20	1
155	244	20	1
162	244	20	1
183	244	20	1
188	244	20	1
137	245	20	1
169	245	20	3
214	245	20	2
226	245	20	1
241	245	20	1
159	246	20	2
240	246	20	2
252	246	20	1
102	247	20	1
133	247	20	1
137	247	20	2
109	248	20	2
163	248	20	1
166	248	20	1
175	248	20	1
215	248	20	1
233	248	20	1
143	249	20	1
145	249	20	1
151	249	20	1
101	250	20	2
119	250	20	2
131	250	20	1
155	250	20	1
157	250	20	1
162	250	20	1
172	250	20	1
175	250	20	1
227	250	20	1
216	251	20	2
220	251	20	1
251	251	20	1
161	252	20	2
173	252	20	2
212	252	20	1
218	252	20	1
226	252	20	1
234	252	20	3
139	253	20	2
231	253	20	1
124	254	20	1
154	254	20	1
161	254	20	1
197	254	20	2
217	254	20	2
226	254	20	4
228	254	20	1
255	254	20	1
143	255	20	1
198	255	20	1
214	255	20	2
232	255	20	1
251	255	20	1
131	256	20	2
145	256	20	1
158	256	20	1
172	256	20	2
205	256	20	2
227	256	20	1
241	256	20	1
262	256	20	1
143	257	20	1
162	257	20	1
171	257	20	1
198	257	20	2
228	257	20	2
230	257	20	1
232	257	20	2
255	257	20	1
258	257	20	2
265	257	20	1
128	258	20	1
176	258	20	1
231	258	20	2
232	258	20	1
233	258	20	2
197	259	20	1
130	260	20	2
142	260	20	1
147	260	20	1
157	260	20	2
184	260	20	1
224	260	20	1
245	260	20	1
130	261	20	1
140	261	20	1
147	261	20	1
156	261	20	1
199	261	20	2
207	261	20	2
215	261	20	1
226	261	20	2
228	261	20	1
118	262	20	1
124	262	20	1
144	262	20	1
170	262	20	1
230	262	20	1
254	262	20	1
142	263	20	1
163	263	20	1
166	263	20	1
246	263	20	1
265	263	20	1
160	264	20	2
163	264	20	1
220	264	20	1
254	264	20	1
124	265	20	1
137	265	20	1
147	265	20	1
166	265	20	1
176	265	20	3
179	265	20	1
190	265	20	1
236	265	20	2
118	266	20	2
126	266	20	1
129	266	20	1
132	266	20	1
155	266	20	1
160	266	20	1
211	266	20	1
225	266	20	3
251	266	20	1
118	267	20	1
132	267	20	2
154	267	20	2
160	267	20	1
168	267	20	1
239	267	20	1
109	268	20	1
151	268	20	1
154	268	20	1
157	268	20	1
212	268	20	1
255	268	20	1
130	269	20	1
147	269	20	1
149	269	20	1
159	269	20	2
167	269	20	1
173	269	20	1
246	269	20	2
113	270	20	1
117	270	20	2
156	270	20	1
166	270	20	1
177	270	20	2
210	270	20	1
217	270	20	1
226	270	20	1
250	270	20	1
118	271	20	1
145	271	20	1
152	271	20	1
164	271	20	2
165	271	20	1
171	271	20	2
173	271	20	1
222	271	20	2
268	271	20	1
115	272	20	1
117	272	20	2
119	272	20	1
120	272	20	1
154	272	20	1
156	272	20	1
166	272	20	1
169	272	20	1
176	272	20	1
226	272	20	1
255	272	20	1
260	272	20	1
264	272	20	1
119	273	20	1
149	273	20	1
165	273	20	1
178	273	20	1
206	273	20	2
217	273	20	2
220	273	20	1
223	273	20	2
139	274	20	2
159	274	20	1
167	274	20	2
170	274	20	1
174	274	20	1
226	274	20	1
227	274	20	1
230	274	20	1
134	275	20	1
154	275	20	1
169	275	20	1
172	275	20	1
177	275	20	2
200	275	20	1
221	275	20	1
226	275	20	1
235	275	20	2
110	276	20	1
122	276	20	1
126	276	20	1
130	276	20	1
155	276	20	1
157	276	20	1
158	276	20	1
163	276	20	1
167	276	20	1
221	276	20	1
130	277	20	1
154	277	20	2
171	277	20	1
189	277	20	1
211	277	20	1
227	277	20	1
129	278	20	2
152	278	20	1
183	278	20	1
227	278	20	1
256	278	20	1
150	279	20	1
156	279	20	2
177	279	20	1
178	279	20	1
200	279	20	1
204	279	20	1
218	279	20	1
224	279	20	1
241	279	20	1
269	279	20	1
125	280	20	1
162	280	20	1
166	280	20	1
175	280	20	1
193	280	20	2
217	280	20	1
269	280	20	1
131	281	20	1
142	281	20	1
147	281	20	1
168	281	20	1
172	281	20	2
176	281	20	1
216	281	20	1
218	281	20	1
227	281	20	1
116	282	20	1
152	282	20	1
162	282	20	1
276	282	20	1
130	283	20	2
170	283	20	1
190	283	20	1
203	283	20	1
216	283	20	2
219	283	20	1
232	283	20	1
149	284	20	1
163	284	20	2
213	284	20	2
119	285	20	1
139	285	20	2
145	285	20	3
171	285	20	1
202	285	20	1
205	285	20	1
208	285	20	1
268	285	20	1
272	285	20	1
225	286	20	1
236	286	20	1
112	287	20	1
129	287	20	2
198	287	20	1
205	287	20	2
268	287	20	1
113	288	20	1
121	288	20	4
169	288	20	1
218	288	20	1
223	288	20	1
225	288	20	1
230	288	20	1
238	288	20	1
217	289	20	1
221	289	20	1
252	289	20	2
140	290	20	1
195	290	20	2
214	290	20	1
224	290	20	2
226	290	20	2
259	290	20	1
271	290	20	1
151	291	20	1
163	291	20	1
131	292	20	1
140	292	20	1
157	292	20	1
189	292	20	1
195	292	20	2
207	292	20	1
237	292	20	2
244	292	20	4
268	292	20	2
134	293	20	1
142	293	20	1
148	293	20	1
165	293	20	1
222	293	20	1
226	293	20	1
261	293	20	2
118	294	20	1
126	294	20	1
141	294	20	1
180	294	20	1
194	294	20	1
199	294	20	1
209	294	20	3
211	294	20	1
220	294	20	2
269	294	20	2
116	295	20	2
136	295	20	1
151	295	20	1
198	295	20	1
220	295	20	1
271	295	20	1
116	296	20	1
157	296	20	1
170	296	20	2
178	296	20	3
180	296	20	2
194	296	20	1
202	296	20	1
212	296	20	2
228	296	20	2
137	297	20	1
201	297	20	2
256	297	20	1
257	297	20	2
123	298	20	1
159	298	20	1
177	298	20	1
230	298	20	1
237	298	20	1
246	298	20	1
269	298	20	2
194	299	20	1
207	299	20	1
235	299	20	1
243	299	20	1
257	299	20	2
270	299	20	1
139	300	20	1
191	300	20	1
118	301	20	1
233	301	20	1
268	301	20	1
116	302	20	2
204	302	20	2
206	302	20	1
213	302	20	1
219	302	20	2
261	302	20	1
264	302	20	1
101	303	20	1
127	303	20	2
150	303	20	1
156	303	20	1
194	303	20	3
234	303	20	2
266	303	20	2
149	304	20	1
157	304	20	1
158	304	20	1
185	304	20	1
209	304	20	3
234	304	20	1
130	305	20	2
206	305	20	2
223	305	20	2
252	305	20	1
258	305	20	1
132	306	20	1
136	306	20	3
146	306	20	1
172	306	20	1
182	306	20	1
191	306	20	3
209	306	20	1
246	306	20	2
249	306	20	1
258	306	20	1
100	307	20	1
128	307	20	1
142	307	20	1
182	307	20	1
234	307	20	1
241	307	20	1
103	308	20	1
184	308	20	1
186	308	20	2
205	308	20	1
227	308	20	1
232	308	20	1
124	309	20	1
130	309	20	1
134	309	20	1
239	309	20	2
242	309	20	1
262	309	20	1
267	309	20	1
118	310	20	1
198	310	20	1
107	311	20	1
200	311	20	1
201	311	20	1
238	311	20	1
264	311	20	1
266	311	20	3
93	312	20	1
168	312	20	1
205	312	20	1
233	312	20	1
258	312	20	1
94	313	20	1
107	313	20	1
139	313	20	1
182	313	20	1
197	313	20	2
227	313	20	1
241	313	20	1
250	313	20	1
100	314	20	3
152	314	20	1
180	314	20	2
201	314	20	1
210	314	20	2
259	314	20	1
124	315	20	3
150	315	20	1
156	315	20	2
175	315	20	1
180	315	20	1
194	315	20	1
215	315	20	1
240	315	20	1
243	315	20	2
256	315	20	2
266	315	20	1
98	316	20	1
119	316	20	1
126	316	20	1
131	316	20	1
177	316	20	1
179	316	20	2
185	316	20	1
202	316	20	3
228	316	20	1
234	316	20	1
235	316	20	1
244	316	20	1
259	316	20	1
103	317	20	2
129	317	20	1
162	317	20	1
172	317	20	1
202	317	20	1
212	317	20	1
232	317	20	1
251	317	20	1
98	318	20	1
113	318	20	1
121	318	20	1
126	318	20	1
129	318	20	1
172	318	20	2
187	318	20	2
247	318	20	1
256	318	20	1
261	318	20	1
100	319	20	2
153	319	20	1
168	319	20	2
171	319	20	1
190	319	20	1
193	319	20	1
233	319	20	2
258	319	20	1
120	320	20	1
141	320	20	1
187	320	20	1
195	320	20	1
201	320	20	1
243	320	20	1
259	320	20	1
94	321	20	2
183	321	20	1
196	321	20	1
231	321	20	1
256	321	20	1
257	321	20	2
264	321	20	2
157	322	20	2
180	322	20	1
183	322	20	2
187	322	20	1
258	322	20	1
99	323	20	1
106	323	20	1
108	323	20	1
111	323	20	1
118	323	20	3
153	323	20	2
178	323	20	2
180	323	20	1
194	323	20	1
222	323	20	2
234	323	20	1
236	323	20	1
237	323	20	2
149	324	20	1
161	324	20	2
173	324	20	1
196	324	20	2
188	325	20	1
189	325	20	1
190	325	20	1
196	325	20	2
205	325	20	1
207	325	20	1
177	326	20	1
188	326	20	1
194	326	20	1
201	326	20	3
211	326	20	2
212	326	20	2
219	326	20	1
139	327	20	1
145	327	20	1
161	327	20	3
179	327	20	1
256	327	20	1
120	328	20	1
181	328	20	1
212	328	20	1
214	328	20	2
257	328	20	1
98	329	20	1
158	329	20	1
165	329	20	1
180	329	20	1
210	329	20	2
253	329	20	1
97	330	20	1
150	330	20	2
181	330	20	2
258	330	20	1
262	330	20	1
118	331	20	1
136	331	20	1
145	331	20	1
177	331	20	1
200	331	20	2
249	331	20	1
104	332	20	2
113	332	20	2
176	332	20	1
191	332	20	1
192	332	20	1
198	332	20	1
218	332	20	1
96	333	20	1
117	333	20	1
132	333	20	1
157	333	20	1
176	333	20	2
204	333	20	1
235	333	20	1
244	333	20	1
250	333	20	1
261	333	20	1
131	334	20	1
143	334	20	1
177	334	20	1
186	334	20	1
205	334	20	1
207	334	20	1
210	334	20	1
224	334	20	1
253	334	20	1
256	334	20	2
182	335	20	3
210	335	20	1
239	335	20	3
246	335	20	1
137	336	20	1
144	336	20	1
169	336	20	2
188	336	20	1
200	336	20	1
207	336	20	1
222	336	20	1
230	336	20	1
248	336	20	1
205	337	20	2
183	338	20	1
190	338	20	1
186	339	20	1
242	339	20	1
246	339	20	1
201	340	20	1
225	340	20	3
242	340	20	1
248	340	20	1
157	341	20	1
242	341	20	1
246	341	20	1
227	342	20	1
194	343	20	1
223	343	20	1
229	343	20	1
240	343	20	1
245	343	20	2
181	344	20	1
216	344	20	2
244	344	20	1
187	346	20	1
213	346	20	1
198	347	20	1
236	348	20	2
178	349	20	1
179	349	20	1
190	349	20	3
212	349	20	1
229	349	20	2
235	349	20	2
169	350	20	1
184	350	20	1
207	350	20	1
231	350	20	1
203	351	20	1
197	352	20	1
231	352	20	1
173	353	20	3
184	353	20	1
224	353	20	1
178	354	20	1
198	357	20	1
169	358	20	1
220	358	20	1
175	359	20	1
191	359	20	1
173	360	20	2
176	360	20	1
179	360	20	1
186	360	20	1
219	360	20	1
199	361	20	1
203	361	20	1
182	362	20	4
192	362	20	1
204	363	20	1
142	224	21	1
172	224	21	1
159	225	21	1
175	225	21	1
155	226	21	2
146	228	21	3
182	228	21	1
154	229	21	2
154	230	21	2
162	232	21	1
136	233	21	1
129	234	21	1
140	235	21	1
131	236	21	1
133	236	21	1
140	236	21	1
146	236	21	1
127	237	21	2
137	237	21	1
154	237	21	1
164	237	21	1
172	237	21	1
148	238	21	1
151	238	21	1
135	239	21	1
136	239	21	1
139	239	21	2
178	239	21	1
128	240	21	1
130	240	21	1
132	240	21	2
138	240	21	1
141	240	21	3
151	240	21	2
212	240	21	3
214	240	21	1
126	241	21	2
130	241	21	1
135	241	21	1
152	241	21	1
174	241	21	1
214	241	21	1
126	242	21	1
136	242	21	1
137	242	21	1
215	242	21	1
129	243	21	1
138	243	21	1
146	243	21	2
152	243	21	2
135	244	21	1
102	245	21	1
116	245	21	1
139	245	21	1
194	245	21	1
214	245	21	1
217	245	21	1
245	245	21	1
137	246	21	2
197	247	21	1
134	249	21	1
218	249	21	1
220	251	21	1
232	251	21	1
225	253	21	1
225	254	21	2
161	255	21	1
169	255	21	2
225	255	21	3
122	256	21	1
200	257	21	1
232	257	21	2
124	258	21	2
160	259	21	1
196	260	21	1
201	261	21	2
163	262	21	1
219	263	21	1
163	264	21	1
181	264	21	3
158	265	21	1
161	265	21	1
215	265	21	3
139	266	21	2
161	266	21	1
221	266	21	2
164	267	21	1
160	268	21	2
114	269	21	2
124	269	21	2
154	269	21	1
178	269	21	2
208	269	21	1
120	270	21	1
156	270	21	1
164	270	21	1
235	270	21	1
115	271	21	1
119	271	21	1
159	271	21	1
174	271	21	1
176	271	21	1
117	272	21	1
124	272	21	2
164	272	21	1
167	272	21	1
175	272	21	1
182	272	21	2
133	273	21	1
151	273	21	1
157	273	21	1
164	273	21	2
113	274	21	1
134	274	21	1
224	274	21	1
175	275	21	1
177	275	21	2
179	275	21	1
219	275	21	2
116	276	21	1
169	276	21	1
219	276	21	3
223	276	21	1
267	276	21	1
169	277	21	1
219	277	21	1
117	278	21	1
157	278	21	1
169	279	21	1
170	279	21	2
186	279	21	1
218	279	21	1
225	279	21	2
167	280	21	1
177	280	21	2
219	280	21	3
175	281	21	1
226	281	21	2
173	282	21	1
173	283	21	1
215	284	21	1
224	284	21	1
237	285	21	3
217	286	21	1
220	286	21	1
223	286	21	1
152	287	21	2
219	287	21	1
220	287	21	2
223	287	21	1
186	288	21	1
217	288	21	1
220	288	21	1
271	288	21	2
217	289	21	2
225	289	21	1
219	290	21	2
221	290	21	1
106	291	21	3
218	291	21	1
268	292	21	1
196	293	21	1
216	293	21	1
218	294	21	1
269	294	21	2
140	295	21	2
215	295	21	1
218	295	21	1
126	296	21	1
154	297	21	1
262	297	21	1
177	298	21	1
230	298	21	2
192	299	21	1
239	300	21	1
267	300	21	1
210	301	21	1
230	301	21	1
269	301	21	1
189	302	21	1
236	302	21	1
186	303	21	1
239	303	21	1
186	304	21	1
187	304	21	1
190	304	21	1
267	304	21	1
96	305	21	1
241	305	21	2
234	306	21	2
203	307	21	1
204	307	21	1
180	308	21	1
201	308	21	1
231	308	21	2
232	308	21	1
259	308	21	1
129	309	21	1
170	309	21	1
209	309	21	1
239	309	21	1
264	309	21	1
114	310	21	1
132	310	21	1
166	310	21	1
180	310	21	1
186	310	21	2
231	310	21	2
252	310	21	2
261	310	21	1
212	311	21	1
260	311	21	1
179	312	21	1
227	312	21	1
230	312	21	1
256	312	21	1
200	313	21	2
258	313	21	1
262	313	21	1
172	314	21	1
182	314	21	1
237	314	21	1
256	314	21	1
115	315	21	3
163	315	21	1
179	315	21	1
211	315	21	1
214	315	21	1
256	315	21	2
257	315	21	1
258	315	21	2
265	315	21	1
254	316	21	1
180	317	21	1
200	317	21	1
257	317	21	1
146	318	21	2
240	318	21	1
264	318	21	2
152	319	21	1
184	319	21	1
241	319	21	1
247	319	21	1
258	319	21	2
92	320	21	1
258	320	21	1
262	320	21	1
167	321	21	1
183	321	21	1
249	321	21	1
256	321	21	1
260	321	21	1
264	321	21	1
178	322	21	1
182	322	21	2
179	323	21	1
181	323	21	1
192	323	21	1
243	323	21	1
141	324	21	2
178	324	21	1
180	324	21	1
184	324	21	1
186	324	21	1
181	325	21	1
186	325	21	2
187	325	21	1
190	325	21	1
96	326	21	1
188	327	21	1
173	328	21	1
100	329	21	1
131	330	21	1
228	330	21	1
153	331	21	1
181	332	21	1
260	332	21	2
259	333	21	2
121	334	21	2
223	334	21	1
255	334	21	2
260	334	21	1
134	335	21	2
170	335	21	1
237	335	21	1
177	336	21	1
183	336	21	1
180	338	21	2
175	339	21	1
189	339	21	1
242	339	21	1
175	340	21	1
237	340	21	1
215	341	21	1
239	342	21	2
240	344	21	2
241	344	21	1
173	349	21	1
231	350	21	2
190	351	21	1
179	355	21	1
169	356	21	1
168	359	21	1
179	360	21	2
195	361	21	2
191	364	21	1
126	226	22	2
154	229	22	1
139	234	22	1
147	234	22	1
132	235	22	1
142	235	22	1
143	235	22	1
148	235	22	2
132	236	22	1
133	236	22	1
140	236	22	3
141	239	22	1
149	239	22	2
129	240	22	1
139	240	22	2
141	240	22	2
154	240	22	1
216	240	22	1
132	241	22	1
139	241	22	1
148	241	22	1
150	241	22	1
153	241	22	1
214	241	22	1
117	242	22	1
131	242	22	1
132	242	22	1
134	242	22	1
215	242	22	3
136	243	22	1
136	245	22	1
135	247	22	1
224	253	22	1
221	254	22	2
227	254	22	1
161	255	22	1
229	255	22	1
150	256	22	1
163	256	22	1
196	256	22	1
237	257	22	1
160	258	22	1
197	258	22	2
162	259	22	3
232	259	22	1
197	260	22	1
163	261	22	3
161	263	22	1
160	264	22	1
119	267	22	2
132	267	22	1
122	268	22	1
155	269	22	1
159	269	22	1
121	270	22	1
155	270	22	1
119	271	22	2
156	271	22	1
164	271	22	1
165	271	22	1
176	271	22	1
181	271	22	1
116	272	22	1
120	272	22	1
155	272	22	2
168	272	22	1
118	273	22	1
165	273	22	1
170	273	22	1
154	274	22	2
168	274	22	1
176	276	22	1
177	276	22	2
170	277	22	1
176	277	22	1
169	278	22	2
170	278	22	2
171	279	22	2
178	279	22	1
217	279	22	1
170	280	22	1
173	280	22	1
170	281	22	1
172	282	22	1
271	284	22	1
221	287	22	1
271	287	22	1
219	288	22	1
271	289	22	2
198	290	22	1
222	292	22	3
219	297	22	1
216	299	22	2
214	300	22	1
267	300	22	1
211	301	22	1
238	302	22	1
185	304	22	1
264	306	22	1
204	307	22	2
205	307	22	2
207	308	22	1
206	309	22	1
259	310	22	1
206	311	22	1
176	312	22	1
258	312	22	1
260	313	22	1
261	313	22	1
261	314	22	1
261	315	22	2
179	317	22	1
256	317	22	1
258	318	22	1
180	319	22	1
184	320	22	1
191	321	22	1
258	322	22	1
191	323	22	1
194	323	22	1
258	323	22	2
180	324	22	1
181	324	22	1
182	324	22	1
194	324	22	1
196	324	22	2
181	325	22	1
184	325	22	2
199	325	22	2
260	326	22	1
98	328	22	1
200	328	22	1
99	329	22	1
100	332	22	1
176	335	22	2
179	339	22	2
243	343	22	1
245	343	22	3
182	351	22	1
180	360	22	1
156	225	23	2
157	225	23	1
175	225	23	1
157	228	23	1
157	229	23	1
157	231	23	1
158	231	23	2
138	234	23	1
143	234	23	2
146	234	23	1
140	235	23	1
141	235	23	1
145	235	23	1
148	235	23	1
146	236	23	1
214	237	23	1
130	238	23	1
139	238	23	2
140	238	23	1
217	238	23	1
132	241	23	3
135	241	23	2
141	241	23	2
143	241	23	1
150	241	23	1
132	242	23	1
138	242	23	2
146	242	23	1
130	243	23	1
132	243	23	1
140	243	23	1
134	244	23	1
145	244	23	1
134	246	23	1
222	253	23	1
197	255	23	1
226	255	23	2
220	262	23	2
119	264	23	1
124	266	23	2
127	268	23	1
117	269	23	1
240	269	23	2
120	270	23	1
166	271	23	1
177	272	23	2
168	273	23	1
177	273	23	2
176	274	23	1
178	274	23	1
179	274	23	2
167	275	23	1
172	276	23	2
178	278	23	1
175	279	23	1
179	279	23	1
219	279	23	1
170	281	23	2
177	281	23	1
210	281	23	1
206	282	23	1
173	284	23	1
226	284	23	1
271	285	23	1
203	287	23	2
222	291	23	1
271	292	23	1
267	293	23	2
271	293	23	1
219	294	23	2
269	294	23	1
266	295	23	1
215	296	23	1
266	298	23	1
267	298	23	2
268	298	23	1
215	299	23	1
267	299	23	1
236	301	23	1
268	301	23	1
239	302	23	1
266	302	23	3
264	303	23	2
212	304	23	1
237	304	23	1
206	306	23	1
241	306	23	1
267	306	23	1
207	307	23	2
241	308	23	2
261	308	23	1
179	309	23	1
181	309	23	1
182	309	23	1
203	309	23	1
204	309	23	1
257	309	23	1
261	309	23	1
257	310	23	1
260	310	23	1
240	311	23	2
173	312	23	1
175	312	23	1
260	312	23	1
261	312	23	1
263	312	23	1
176	313	23	1
203	313	23	2
239	313	23	1
258	313	23	3
176	314	23	1
232	314	23	1
259	315	23	3
260	315	23	1
262	315	23	1
265	315	23	1
258	316	23	2
181	317	23	1
257	317	23	1
258	317	23	1
257	318	23	1
259	318	23	2
166	319	23	1
182	319	23	2
256	319	23	1
261	319	23	1
262	319	23	1
187	322	23	1
259	322	23	1
182	323	23	1
184	323	23	2
260	324	23	1
182	325	23	1
186	325	23	2
183	326	23	1
259	326	23	1
99	327	23	1
203	328	23	1
183	329	23	2
186	329	23	1
184	330	23	1
102	331	23	2
201	331	23	1
259	333	23	2
235	340	23	1
176	358	23	2
179	222	24	1
178	223	24	1
182	223	24	1
176	225	24	2
156	226	24	1
157	226	24	2
157	228	24	2
156	229	24	1
162	231	24	1
149	232	24	1
135	234	24	1
138	234	24	1
143	234	24	1
146	234	24	1
137	236	24	1
144	236	24	1
146	236	24	1
137	237	24	1
150	237	24	1
137	238	24	2
148	238	24	1
151	238	24	1
132	239	24	1
145	239	24	2
108	240	24	3
137	240	24	1
142	240	24	1
145	240	24	1
146	240	24	2
132	241	24	2
144	241	24	1
140	242	24	1
143	242	24	1
226	242	24	1
132	243	24	1
139	243	24	1
141	243	24	1
135	245	24	2
140	247	24	1
215	248	24	2
138	249	24	1
140	249	24	1
230	249	24	1
222	251	24	1
134	252	24	2
225	252	24	1
220	253	24	2
222	253	24	1
140	254	24	1
227	254	24	2
140	255	24	2
142	256	24	2
194	257	24	1
199	258	24	1
196	261	24	1
198	261	24	1
199	261	24	1
119	262	24	1
124	262	24	1
115	263	24	1
120	263	24	1
118	264	24	1
119	264	24	1
122	264	24	1
119	265	24	2
124	265	24	1
127	265	24	3
123	267	24	1
165	267	24	1
130	269	24	1
127	270	24	1
184	270	24	1
177	273	24	1
169	274	24	1
179	274	24	1
166	275	24	1
167	275	24	1
171	276	24	1
168	277	24	1
170	277	24	1
176	277	24	1
180	277	24	2
178	278	24	1
179	278	24	1
168	279	24	1
170	279	24	1
179	279	24	1
168	280	24	1
169	280	24	2
170	280	24	1
168	281	24	1
179	281	24	1
176	282	24	1
173	283	24	1
176	284	24	2
204	285	24	1
201	289	24	1
276	289	24	2
270	290	24	1
274	290	24	3
275	290	24	1
197	291	24	1
275	291	24	1
269	292	24	1
237	294	24	1
271	295	24	2
191	296	24	1
269	297	24	1
266	298	24	2
268	298	24	1
264	299	24	1
189	300	24	2
235	300	24	1
267	301	24	1
240	302	24	1
242	302	24	2
234	303	24	1
235	304	24	2
236	304	24	1
237	304	24	2
238	304	24	1
263	304	24	2
241	305	24	1
263	305	24	1
264	305	24	1
242	306	24	1
263	306	24	1
266	306	24	1
260	307	24	1
202	308	24	1
260	308	24	1
263	308	24	1
232	309	24	1
238	310	24	3
240	310	24	1
206	311	24	1
234	311	24	1
235	311	24	1
260	311	24	1
200	312	24	1
239	312	24	1
240	312	24	1
255	312	24	1
263	312	24	1
209	313	24	1
238	313	24	1
261	313	24	2
264	313	24	1
176	314	24	1
203	314	24	1
211	314	24	1
234	314	24	3
260	314	24	1
171	315	24	1
260	315	24	1
213	316	24	1
258	316	24	1
167	317	24	1
185	317	24	1
262	317	24	1
167	318	24	1
168	318	24	1
169	318	24	1
179	318	24	1
253	318	24	1
259	318	24	1
253	319	24	2
257	319	24	1
258	319	24	1
261	319	24	2
262	319	24	1
166	320	24	1
164	321	24	1
165	321	24	1
238	321	24	2
237	322	24	1
241	322	24	2
242	322	24	1
179	323	24	1
236	323	24	2
183	326	24	1
185	326	24	1
261	326	24	1
99	329	24	1
154	329	24	1
183	329	24	1
261	329	24	1
97	330	24	1
103	330	24	1
104	331	24	1
153	331	24	1
180	331	24	1
181	331	24	1
258	334	24	2
259	334	24	1
181	335	24	1
245	335	24	1
181	336	24	1
259	336	24	1
186	360	24	2
179	222	25	1
180	222	25	1
157	226	25	1
158	228	25	1
161	228	25	2
159	230	25	1
155	231	25	1
158	231	25	2
161	232	25	2
150	233	25	2
152	234	25	1
136	235	25	1
143	235	25	2
150	235	25	1
133	237	25	1
141	237	25	1
145	237	25	1
247	237	25	2
246	238	25	1
135	239	25	2
136	239	25	1
138	239	25	2
132	240	25	2
237	241	25	1
134	242	25	1
131	243	25	1
134	243	25	1
133	244	25	1
134	245	25	1
140	247	25	1
136	251	25	1
230	251	25	1
136	253	25	1
140	253	25	1
121	258	25	2
118	261	25	1
199	261	25	1
121	262	25	1
123	262	25	1
119	263	25	1
219	263	25	1
120	264	25	1
122	266	25	1
180	274	25	1
165	277	25	1
164	278	25	2
177	278	25	1
178	278	25	1
177	279	25	2
273	279	25	1
170	280	25	1
274	280	25	1
176	281	25	2
169	282	25	1
172	282	25	2
277	288	25	2
199	289	25	1
270	293	25	2
266	297	25	1
268	299	25	2
262	301	25	1
238	302	25	1
234	305	25	1
236	307	25	1
230	309	25	2
260	311	25	1
230	312	25	1
260	312	25	1
260	313	25	1
256	314	25	1
176	315	25	2
260	317	25	1
261	317	25	2
261	318	25	1
240	320	25	1
241	320	25	3
257	320	25	1
238	321	25	1
241	321	25	1
260	322	25	1
259	324	25	1
107	331	25	1
180	221	26	1
180	222	26	2
181	223	26	2
179	224	26	1
174	226	26	1
159	230	26	1
160	230	26	1
168	230	26	1
249	235	26	1
145	236	26	1
250	236	26	1
135	237	26	1
140	237	26	1
142	237	26	1
248	237	26	3
249	237	26	1
133	238	26	1
143	238	26	1
248	238	26	1
135	240	26	1
136	240	26	1
110	241	26	1
226	241	26	1
101	242	26	2
132	242	26	1
132	243	26	1
228	247	26	1
223	248	26	1
226	248	26	1
224	249	26	1
125	251	26	1
123	253	26	1
224	253	26	1
227	253	26	1
121	257	26	1
121	258	26	1
120	268	26	1
126	268	26	1
127	268	26	2
119	269	26	2
121	269	26	1
123	269	26	3
127	270	26	1
171	276	26	1
177	276	26	1
169	278	26	1
163	279	26	3
165	280	26	1
174	280	26	1
176	280	26	1
169	281	26	1
172	281	26	1
167	282	26	1
274	282	26	1
175	283	26	2
176	283	26	1
274	284	26	1
181	287	26	1
268	293	26	2
268	295	26	1
235	298	26	1
237	306	26	1
237	307	26	1
229	308	26	1
231	309	26	1
259	311	26	1
243	312	26	1
257	313	26	2
258	313	26	1
259	313	26	1
262	314	26	1
210	316	26	1
211	316	26	2
257	316	26	1
258	316	26	1
258	317	26	1
262	317	26	1
237	319	26	2
259	319	26	1
239	320	26	2
259	331	26	1
183	222	27	1
160	229	27	1
155	231	27	1
161	231	27	1
164	231	27	1
161	232	27	1
162	232	27	1
164	232	27	1
146	234	27	1
152	234	27	1
153	234	27	1
245	234	27	1
245	236	27	1
250	236	27	2
135	237	27	1
137	237	27	2
138	237	27	1
176	237	27	1
243	237	27	1
139	238	27	1
146	238	27	1
241	238	27	1
246	238	27	2
248	238	27	2
182	239	27	1
241	239	27	1
242	239	27	1
139	240	27	1
133	241	27	1
134	242	27	2
233	245	27	1
250	245	27	2
228	246	27	1
194	247	27	1
229	251	27	2
225	253	27	1
120	256	27	1
122	257	27	1
122	258	27	2
125	267	27	1
126	267	27	1
119	268	27	1
121	268	27	1
123	270	27	1
174	277	27	2
175	278	27	1
178	278	27	2
175	280	27	1
274	280	27	2
174	281	27	1
177	281	27	1
173	282	27	1
175	282	27	1
274	282	27	2
275	282	27	1
271	283	27	2
170	284	27	3
173	284	27	2
168	285	27	1
273	285	27	1
178	286	27	1
269	293	27	3
191	294	27	1
232	302	27	2
233	303	27	1
236	306	27	1
203	309	27	1
233	309	27	2
261	309	27	1
202	311	27	2
209	311	27	1
208	314	27	1
212	314	27	1
209	315	27	1
210	315	27	1
256	319	27	1
259	319	27	1
240	320	27	1
236	324	27	2
96	328	27	1
186	357	27	1
160	231	28	1
162	231	28	1
164	231	28	3
164	232	28	1
152	233	28	2
156	233	28	1
166	234	28	1
243	235	28	1
246	235	28	2
248	236	28	2
251	236	28	3
136	237	28	1
138	237	28	1
249	237	28	1
136	238	28	1
139	238	28	1
141	238	28	1
146	238	28	1
185	238	28	1
244	238	28	1
137	239	28	1
144	239	28	1
232	239	28	3
244	239	28	1
134	240	28	1
140	240	28	2
139	241	28	1
185	241	28	2
114	243	28	1
233	243	28	2
249	243	28	1
189	244	28	3
230	245	28	3
231	245	28	1
194	247	28	1
234	249	28	2
229	250	28	1
235	250	28	1
125	251	28	1
126	251	28	1
234	251	28	1
123	252	28	1
124	254	28	1
126	254	28	2
128	256	28	2
121	264	28	1
257	264	28	1
259	266	28	1
122	268	28	1
124	269	28	1
121	271	28	1
123	271	28	1
127	271	28	1
170	271	28	1
134	274	28	1
129	275	28	2
134	276	28	1
129	277	28	1
176	279	28	2
275	280	28	1
276	280	28	1
172	281	28	1
275	281	28	1
275	283	28	1
168	284	28	1
176	284	28	1
164	285	28	1
168	285	28	1
178	285	28	2
275	285	28	1
192	292	28	2
197	295	28	1
232	304	28	2
236	305	28	1
230	306	28	1
207	308	28	2
225	308	28	1
211	311	28	1
204	313	28	2
211	313	28	1
260	314	28	1
259	315	28	1
210	316	28	1
259	316	28	1
240	317	28	1
259	317	28	1
261	317	28	1
262	317	28	2
239	319	28	1
240	321	28	1
242	322	28	1
232	325	28	1
96	327	28	1
133	328	28	1
96	331	28	1
218	360	28	2
191	236	29	1
252	236	29	2
249	237	29	1
251	238	29	3
186	239	29	2
115	240	29	1
181	240	29	1
182	240	29	2
183	240	29	3
190	240	29	1
180	241	29	1
190	243	29	1
236	243	29	1
192	244	29	2
190	245	29	1
193	247	29	2
189	249	29	1
127	253	29	1
134	255	29	2
131	257	29	2
134	259	29	1
135	263	29	1
259	266	29	1
259	267	29	1
261	267	29	1
257	268	29	1
162	269	29	1
168	270	29	2
125	272	29	1
135	272	29	2
136	272	29	2
170	273	29	3
138	274	29	1
137	275	29	1
168	275	29	1
170	275	29	1
168	278	29	1
169	278	29	1
170	279	29	1
164	280	29	1
172	280	29	2
174	282	29	3
174	283	29	2
275	283	29	1
177	284	29	2
274	284	29	2
275	284	29	1
276	284	29	1
275	285	29	1
276	285	29	2
168	286	29	1
176	295	29	2
183	297	29	1
204	309	29	2
202	311	29	1
206	311	29	1
209	311	29	1
205	313	29	3
209	313	29	1
258	313	29	1
212	315	29	1
245	315	29	1
262	317	29	1
243	319	29	1
126	324	29	2
123	325	29	1
126	325	29	1
121	326	29	2
127	327	29	1
227	327	29	1
98	329	29	2
97	330	29	1
95	333	29	2
185	360	29	1
187	360	29	1
220	360	29	1
187	361	29	1
114	226	30	1
112	227	30	1
175	238	30	1
179	238	30	1
183	238	30	1
184	239	30	2
178	240	30	2
179	241	30	2
172	242	30	1
182	242	30	1
182	243	30	1
189	243	30	1
193	244	30	1
190	245	30	2
125	255	30	1
129	256	30	2
132	256	30	1
125	257	30	1
250	257	30	1
131	260	30	2
136	263	30	2
260	268	30	1
134	270	30	1
139	271	30	1
123	272	30	1
140	273	30	1
168	273	30	1
139	274	30	1
142	274	30	1
167	274	30	1
170	274	30	2
143	275	30	1
168	278	30	1
169	279	30	1
276	280	30	2
159	281	30	1
165	281	30	2
276	281	30	1
175	282	30	1
163	283	30	1
276	284	30	1
163	286	30	1
176	292	30	1
177	296	30	1
194	305	30	1
194	306	30	1
205	308	30	2
190	309	30	1
249	310	30	2
207	311	30	1
211	311	30	2
225	312	30	2
206	313	30	1
225	313	30	1
207	314	30	1
245	317	30	1
242	318	30	1
243	320	30	1
129	324	30	2
128	325	30	1
99	327	30	1
99	329	30	1
98	331	30	1
95	332	30	1
95	333	30	1
96	333	30	1
218	359	30	1
220	362	30	1
190	232	31	1
139	239	31	1
178	240	31	1
179	240	31	1
185	240	31	2
183	241	31	2
185	241	31	1
188	241	31	1
176	242	31	1
174	243	31	2
176	243	31	1
184	243	31	1
185	243	31	1
189	243	31	1
185	245	31	1
187	245	31	1
188	245	31	1
123	256	31	1
124	256	31	1
126	256	31	1
128	256	31	1
123	257	31	1
124	259	31	1
256	263	31	1
257	263	31	1
261	265	31	2
257	266	31	1
129	269	31	1
132	270	31	1
134	270	31	1
135	271	31	1
136	271	31	1
137	271	31	1
163	271	31	1
260	271	31	1
135	272	31	1
142	273	31	1
163	273	31	1
141	275	31	1
146	276	31	1
159	282	31	1
262	282	31	1
275	282	31	2
165	283	31	1
162	284	31	1
167	284	31	2
275	284	31	1
165	285	31	1
166	285	31	1
276	285	31	1
166	286	31	1
162	288	31	1
170	292	31	1
198	306	31	1
206	307	31	1
188	308	31	2
193	308	31	2
197	308	31	1
197	310	31	2
205	310	31	1
203	311	31	1
245	311	31	1
205	312	31	1
210	312	31	1
222	312	31	1
225	312	31	2
200	315	31	1
220	315	31	2
211	317	31	1
242	321	31	1
128	325	31	1
98	326	31	1
98	327	31	1
94	329	31	1
98	329	31	2
96	331	31	1
96	332	31	2
97	333	31	1
97	334	31	1
187	346	31	3
183	348	31	2
114	225	32	1
112	226	32	1
113	226	32	2
180	241	32	1
186	242	32	1
176	243	32	1
172	244	32	1
181	244	32	3
182	244	32	1
190	244	32	1
186	245	32	1
193	246	32	1
186	247	32	1
148	253	32	1
132	257	32	1
254	257	32	1
253	258	32	1
134	259	32	2
256	259	32	1
168	260	32	1
256	261	32	3
130	263	32	1
126	264	32	1
258	265	32	1
259	265	32	1
262	265	32	2
124	267	32	3
259	267	32	1
261	267	32	1
126	268	32	1
261	268	32	2
124	269	32	1
130	269	32	2
262	269	32	2
263	270	32	4
124	271	32	1
125	271	32	1
165	272	32	1
166	272	32	1
140	273	32	2
167	273	32	1
260	277	32	2
262	277	32	1
275	281	32	2
164	282	32	1
262	282	32	1
165	283	32	2
164	284	32	1
163	285	32	1
162	286	32	3
163	286	32	1
162	287	32	1
165	295	32	1
177	298	32	1
195	308	32	1
205	308	32	1
186	309	32	1
210	309	32	1
196	310	32	1
202	310	32	1
111	311	32	1
113	311	32	1
195	311	32	1
196	311	32	1
198	311	32	1
203	311	32	1
207	311	32	2
225	311	32	1
246	311	32	1
199	312	32	1
200	312	32	2
201	312	32	1
207	312	32	1
211	312	32	1
112	313	32	1
225	313	32	2
197	314	32	1
211	315	32	1
223	315	32	1
197	316	32	1
243	316	32	1
243	317	32	1
207	319	32	1
210	319	32	1
246	319	32	1
211	320	32	1
212	320	32	2
245	320	32	1
246	320	32	1
238	323	32	2
92	330	32	2
99	333	32	1
204	333	32	1
187	345	32	1
187	348	32	1
188	348	32	1
180	352	32	1
186	354	32	1
177	359	32	1
113	225	33	3
114	228	33	1
181	244	33	2
188	244	33	1
184	245	33	1
185	245	33	1
190	245	33	2
210	246	33	1
134	253	33	2
133	257	33	2
138	258	33	2
252	258	33	1
254	258	33	1
129	259	33	2
252	259	33	2
258	259	33	1
131	260	33	1
258	260	33	1
129	261	33	2
158	262	33	1
129	263	33	2
169	263	33	1
130	264	33	2
129	266	33	2
128	267	33	1
264	267	33	1
125	268	33	1
128	268	33	2
127	269	33	1
263	269	33	1
125	270	33	1
127	270	33	1
266	270	33	1
263	271	33	1
261	272	33	1
157	273	33	1
263	275	33	1
158	276	33	1
164	277	33	1
164	278	33	1
262	279	33	1
163	281	33	1
160	283	33	1
161	283	33	2
124	285	33	1
164	285	33	3
160	286	33	1
161	286	33	1
162	287	33	1
166	287	33	1
121	293	33	1
169	299	33	1
121	300	33	2
118	301	33	1
121	301	33	1
194	304	33	1
118	305	33	1
183	307	33	1
195	307	33	2
115	308	33	1
184	308	33	1
198	308	33	2
115	309	33	5
190	309	33	1
191	309	33	2
195	309	33	1
197	309	33	1
112	310	33	3
197	310	33	1
186	311	33	1
187	311	33	1
191	311	33	2
199	311	33	1
192	312	33	2
196	312	33	1
199	312	33	2
205	312	33	1
111	313	33	1
112	313	33	2
113	313	33	1
245	314	33	1
247	315	33	1
121	316	33	1
119	318	33	1
203	319	33	1
206	319	33	1
243	322	33	2
93	327	33	1
95	329	33	1
100	329	33	1
199	332	33	1
203	333	33	4
214	341	33	1
215	343	33	1
206	345	33	1
208	346	33	2
182	348	33	1
183	348	33	2
187	348	33	1
188	348	33	2
189	348	33	1
190	348	33	1
197	348	33	2
210	348	33	1
180	349	33	1
183	349	33	1
192	349	33	1
207	349	33	1
208	349	33	2
209	349	33	1
184	351	33	1
177	352	33	1
179	352	33	1
184	352	33	1
211	352	33	1
177	353	33	1
181	353	33	2
179	357	33	1
113	225	34	1
114	226	34	1
115	226	34	3
113	228	34	1
115	229	34	1
136	237	34	2
137	237	34	1
139	239	34	1
139	242	34	1
174	243	34	1
197	244	34	1
199	245	34	1
193	246	34	1
134	250	34	1
134	253	34	1
131	255	34	1
133	255	34	1
140	255	34	1
133	256	34	1
151	256	34	2
131	257	34	2
133	257	34	1
130	258	34	1
136	258	34	1
148	258	34	1
250	258	34	2
134	259	34	1
156	261	34	2
127	262	34	1
131	262	34	1
134	262	34	1
127	263	34	1
261	264	34	1
154	265	34	2
262	267	34	1
164	268	34	2
260	268	34	1
266	268	34	2
157	269	34	1
127	270	34	1
157	270	34	1
157	271	34	1
166	271	34	1
158	272	34	1
163	272	34	2
161	273	34	1
139	274	34	2
261	274	34	1
162	275	34	3
166	275	34	1
262	276	34	1
165	277	34	2
144	279	34	1
151	279	34	1
158	279	34	3
161	279	34	1
163	279	34	2
164	279	34	1
158	280	34	1
259	282	34	2
165	283	34	1
262	283	34	1
125	284	34	1
159	284	34	1
125	289	34	1
159	290	34	1
161	290	34	1
164	294	34	3
121	296	34	1
120	297	34	2
121	297	34	1
122	297	34	1
118	298	34	2
172	300	34	1
118	301	34	1
117	302	34	1
114	305	34	1
116	306	34	1
118	308	34	3
183	308	34	2
191	308	34	2
112	309	34	1
187	309	34	1
193	309	34	1
197	309	34	1
244	309	34	1
112	310	34	2
185	310	34	2
191	310	34	2
112	311	34	1
113	311	34	1
114	311	34	1
115	311	34	1
199	311	34	2
249	311	34	3
252	311	34	1
115	312	34	3
198	313	34	3
205	313	34	1
111	314	34	1
114	314	34	1
112	316	34	1
113	316	34	1
244	316	34	1
124	317	34	1
242	317	34	2
244	317	34	1
245	317	34	2
120	319	34	3
240	319	34	1
127	322	34	2
199	322	34	1
200	322	34	2
242	322	34	1
234	324	34	1
236	324	34	1
239	324	34	1
242	324	34	2
94	327	34	1
94	328	34	1
188	328	34	2
100	329	34	1
100	330	34	3
100	332	34	1
194	333	34	2
195	333	34	1
201	333	34	2
189	334	34	1
193	334	34	1
197	334	34	1
201	334	34	1
202	334	34	1
192	335	34	1
192	336	34	1
217	336	34	2
192	337	34	2
194	337	34	1
195	341	34	1
212	341	34	1
200	344	34	2
201	344	34	1
190	345	34	2
199	345	34	1
205	345	34	1
213	345	34	1
191	347	34	2
213	347	34	1
186	348	34	1
207	348	34	1
212	348	34	1
215	348	34	1
185	351	34	1
181	352	34	2
187	352	34	1
200	352	34	1
204	352	34	1
207	352	34	1
180	355	34	1
177	357	34	2
218	362	34	1
113	225	35	4
117	226	35	1
113	227	35	3
112	228	35	1
117	230	35	1
123	232	35	1
121	234	35	1
123	235	35	1
129	238	35	1
138	238	35	1
139	238	35	1
138	241	35	1
139	241	35	1
140	242	35	2
139	243	35	1
207	244	35	1
175	246	35	1
213	247	35	1
134	252	35	2
135	253	35	2
149	253	35	1
128	255	35	1
130	255	35	1
134	256	35	2
137	257	35	1
130	258	35	1
133	258	35	2
138	258	35	1
136	259	35	2
255	259	35	2
127	260	35	1
149	260	35	1
132	261	35	1
140	261	35	1
126	262	35	1
160	262	35	1
128	263	35	1
131	263	35	2
127	264	35	1
128	264	35	1
146	264	35	2
157	264	35	1
265	264	35	1
264	265	35	1
126	266	35	1
265	266	35	1
127	267	35	1
263	267	35	1
130	269	35	1
156	271	35	2
264	271	35	3
158	272	35	1
160	272	35	1
142	273	35	1
143	273	35	1
164	273	35	1
140	274	35	1
161	274	35	1
163	274	35	1
166	274	35	2
258	274	35	1
160	275	35	1
161	275	35	2
162	276	35	1
163	276	35	1
261	277	35	1
262	277	35	1
161	278	35	1
260	279	35	1
125	280	35	1
158	282	35	1
261	282	35	1
126	283	35	5
123	287	35	1
122	288	35	2
252	292	35	1
120	295	35	1
124	295	35	3
255	295	35	1
167	297	35	1
120	298	35	1
122	298	35	1
121	299	35	2
247	299	35	1
120	300	35	2
174	300	35	1
117	306	35	3
116	307	35	1
176	307	35	1
182	307	35	1
188	308	35	1
112	309	35	3
133	309	35	1
193	309	35	1
245	309	35	1
114	311	35	3
191	311	35	1
196	311	35	1
197	311	35	1
198	311	35	1
116	312	35	1
199	312	35	1
248	312	35	1
111	313	35	1
114	313	35	1
245	315	35	1
244	316	35	1
110	317	35	1
125	317	35	1
126	317	35	1
202	319	35	3
242	319	35	1
241	320	35	1
132	321	35	1
201	321	35	1
127	322	35	2
199	322	35	1
237	322	35	1
238	323	35	1
200	324	35	1
236	324	35	1
132	325	35	1
134	325	35	3
236	325	35	1
239	325	35	1
242	325	35	1
236	326	35	1
95	327	35	1
237	329	35	1
183	333	35	1
198	333	35	1
195	334	35	3
195	336	35	1
192	337	35	1
200	338	35	1
212	341	35	1
190	348	35	1
195	348	35	1
193	349	35	1
187	351	35	1
193	351	35	2
207	351	35	1
212	351	35	1
180	352	35	1
198	353	35	1
212	353	35	2
194	354	35	1
202	354	35	1
205	354	35	3
209	354	35	2
178	355	35	1
181	355	35	1
205	355	35	1
176	357	35	1
122	231	36	2
119	234	36	1
125	235	36	1
136	236	36	1
138	236	36	1
138	240	36	1
169	241	36	2
171	244	36	1
174	244	36	1
132	250	36	1
137	253	36	1
135	254	36	1
141	254	36	3
132	255	36	1
140	255	36	2
144	255	36	1
132	257	36	1
130	258	36	1
131	258	36	1
132	258	36	2
259	258	36	1
134	259	36	1
252	259	36	1
255	259	36	1
128	261	36	1
131	261	36	1
134	261	36	1
128	263	36	1
265	263	36	1
155	265	36	1
154	266	36	2
127	268	36	1
136	269	36	1
157	271	36	1
143	273	36	1
163	273	36	1
146	274	36	1
161	274	36	1
162	274	36	1
163	274	36	1
138	275	36	1
260	276	36	2
262	281	36	2
126	282	36	1
149	282	36	1
259	283	36	2
126	285	36	3
123	286	36	1
158	286	36	1
145	288	36	1
121	292	36	1
126	292	36	2
257	295	36	1
121	297	36	1
165	297	36	1
120	298	36	3
249	299	36	1
119	300	36	1
167	300	36	1
174	300	36	1
175	300	36	2
247	300	36	1
121	301	36	1
172	301	36	1
174	301	36	1
117	302	36	1
176	302	36	1
182	303	36	1
114	304	36	1
179	304	36	1
115	306	36	1
121	306	36	1
112	308	36	1
113	308	36	1
117	308	36	1
188	308	36	1
113	309	36	2
115	309	36	1
189	309	36	1
114	310	36	1
115	310	36	1
185	310	36	1
189	310	36	1
191	311	36	1
249	311	36	2
110	313	36	1
112	315	36	1
228	320	36	1
130	322	36	1
186	324	36	1
235	325	36	1
233	326	36	1
96	327	36	1
233	327	36	1
182	333	36	2
185	333	36	2
186	334	36	1
186	335	36	1
204	336	36	1
194	337	36	1
198	337	36	1
211	339	36	1
210	340	36	1
212	341	36	1
200	344	36	1
189	346	36	1
191	347	36	1
213	348	36	3
214	348	36	1
209	349	36	1
217	349	36	1
187	350	36	1
185	352	36	1
210	352	36	3
213	352	36	2
215	352	36	1
185	353	36	1
211	353	36	3
185	354	36	2
203	355	36	1
204	355	36	1
208	355	36	2
210	355	36	2
181	356	36	1
176	357	36	1
205	357	36	1
179	358	36	1
177	359	36	1
203	361	36	1
123	225	37	1
122	229	37	1
124	230	37	1
125	230	37	2
124	232	37	1
127	233	37	2
129	233	37	1
119	235	37	1
134	235	37	1
137	236	37	1
139	238	37	1
140	238	37	1
135	239	37	1
143	239	37	1
166	240	37	1
141	241	37	1
169	241	37	1
173	241	37	2
143	242	37	1
165	242	37	1
137	243	37	1
138	243	37	2
139	243	37	1
141	243	37	1
144	243	37	1
169	243	37	1
171	244	37	2
173	245	37	1
133	253	37	1
139	253	37	1
140	253	37	1
141	253	37	2
144	253	37	1
148	253	37	1
133	255	37	1
131	256	37	1
134	256	37	1
145	256	37	1
148	256	37	2
207	256	37	2
208	258	37	1
130	260	37	1
134	260	37	4
209	260	37	1
244	260	37	1
129	261	37	1
133	261	37	1
129	262	37	1
133	262	37	1
131	263	37	2
145	263	37	2
148	263	37	1
156	263	37	1
143	264	37	2
144	265	37	1
154	268	37	2
151	269	37	2
146	272	37	1
162	272	37	2
249	272	37	1
254	272	37	1
161	273	37	2
160	274	37	1
164	274	37	1
160	276	37	1
146	278	37	2
163	278	37	2
162	279	37	1
162	280	37	1
258	281	37	3
161	282	37	1
125	283	37	2
161	283	37	1
127	284	37	1
126	286	37	2
160	286	37	2
126	287	37	1
126	288	37	1
152	288	37	2
159	293	37	1
254	294	37	1
259	294	37	1
168	299	37	1
173	300	37	1
174	300	37	1
175	301	37	2
177	301	37	1
178	302	37	1
180	302	37	1
250	302	37	1
174	303	37	2
115	304	37	1
116	306	37	1
114	308	37	1
181	309	37	1
252	309	37	1
112	310	37	1
114	310	37	1
132	311	37	1
189	311	37	1
195	311	37	1
194	312	37	1
112	313	37	1
119	314	37	2
150	315	37	2
118	316	37	2
256	316	37	2
119	318	37	1
146	318	37	1
152	318	37	1
153	318	37	1
116	319	37	1
143	321	37	1
137	322	37	1
138	324	37	1
239	324	37	4
242	324	37	2
134	325	37	2
221	331	37	2
180	332	37	1
185	332	37	1
185	333	37	1
148	335	37	1
214	337	37	2
175	339	37	1
212	339	37	1
210	342	37	1
200	344	37	2
203	346	37	1
213	347	37	2
209	348	37	1
212	348	37	1
188	349	37	1
210	349	37	1
210	350	37	2
214	350	37	1
186	352	37	1
186	353	37	1
209	353	37	1
213	353	37	1
205	354	37	1
206	355	37	3
207	356	37	1
208	356	37	1
206	357	37	2
208	357	37	2
114	218	38	2
113	220	38	1
126	230	38	1
174	230	38	1
140	231	38	2
122	232	38	1
138	232	38	2
173	232	38	2
117	233	38	1
138	233	38	2
169	233	38	1
130	234	38	1
134	234	38	1
197	235	38	1
134	236	38	1
143	237	38	1
141	238	38	1
144	238	38	1
197	238	38	2
144	239	38	1
167	239	38	1
168	239	38	1
163	240	38	1
164	240	38	1
166	240	38	1
167	240	38	1
143	241	38	1
126	242	38	1
144	242	38	1
167	242	38	2
171	242	38	1
197	242	38	1
138	243	38	1
174	243	38	2
123	244	38	1
135	244	38	1
125	245	38	1
169	245	38	1
175	245	38	1
170	246	38	1
140	249	38	1
132	251	38	1
137	252	38	2
142	252	38	1
152	252	38	1
170	252	38	2
132	253	38	1
134	253	38	1
135	253	38	3
139	253	38	2
147	253	38	1
132	254	38	1
135	254	38	1
136	255	38	2
138	255	38	2
139	255	38	1
143	255	38	1
150	255	38	2
151	255	38	1
134	256	38	1
136	256	38	1
158	256	38	1
132	257	38	1
139	258	38	1
207	258	38	1
250	258	38	1
169	259	38	2
206	259	38	1
207	259	38	2
130	260	38	1
134	260	38	2
168	260	38	1
131	261	38	1
149	261	38	1
260	261	38	1
264	261	38	1
140	262	38	2
143	262	38	1
149	262	38	2
128	263	38	2
147	263	38	1
154	263	38	1
158	263	38	2
147	264	38	2
151	264	38	1
143	265	38	3
146	265	38	1
165	265	38	1
151	266	38	2
154	266	38	1
149	267	38	3
262	267	38	2
136	269	38	1
137	271	38	1
247	271	38	1
132	272	38	1
251	272	38	2
253	272	38	1
139	273	38	1
250	274	38	1
252	274	38	2
147	276	38	1
161	277	38	3
126	280	38	3
128	280	38	1
129	280	38	2
129	281	38	1
141	281	38	1
161	281	38	1
129	282	38	1
139	282	38	4
160	283	38	1
125	284	38	1
127	285	38	1
126	287	38	1
126	288	38	1
155	288	38	2
156	288	38	1
156	292	38	1
155	294	38	1
258	294	38	2
156	295	38	1
260	296	38	1
260	297	38	1
170	298	38	2
170	300	38	1
170	301	38	1
178	302	38	1
126	303	38	1
260	303	38	1
176	304	38	1
177	304	38	1
182	304	38	1
259	305	38	3
180	306	38	1
114	307	38	1
254	309	38	1
122	315	38	3
148	315	38	1
116	316	38	1
118	316	38	1
140	316	38	1
152	316	38	2
115	317	38	1
117	317	38	1
121	318	38	2
116	319	38	1
136	319	38	1
142	319	38	1
138	320	38	2
140	320	38	1
146	320	38	1
150	320	38	1
144	322	38	1
181	324	38	2
242	324	38	1
237	325	38	1
148	330	38	2
152	332	38	2
155	332	38	2
159	332	38	2
150	333	38	1
185	333	38	1
188	333	38	1
179	334	38	1
181	335	38	2
210	339	38	1
214	340	38	2
191	343	38	1
197	345	38	1
212	345	38	3
189	346	38	1
189	347	38	2
248	347	38	1
211	349	38	2
212	351	38	1
216	351	38	1
211	352	38	1
215	353	38	1
209	354	38	1
176	355	38	1
182	355	38	1
211	355	38	1
176	356	38	1
177	356	38	2
180	356	38	2
207	356	38	1
208	356	38	2
174	357	38	2
206	358	38	1
191	361	38	2
193	361	38	2
195	361	38	1
201	361	38	2
191	362	38	1
196	363	38	1
193	364	38	1
114	219	39	1
112	220	39	2
111	221	39	1
124	223	39	1
146	226	39	1
124	227	39	1
138	228	39	1
138	230	39	1
145	230	39	1
121	231	39	1
174	232	39	1
194	233	39	1
201	233	39	1
137	234	39	1
168	235	39	1
136	236	39	1
144	236	39	1
118	237	39	1
120	237	39	1
138	237	39	2
144	237	39	2
168	237	39	1
199	237	39	1
143	238	39	1
201	238	39	1
139	239	39	2
164	239	39	3
135	240	39	1
144	240	39	1
196	240	39	1
197	240	39	1
125	241	39	1
128	241	39	1
133	241	39	1
142	241	39	2
145	241	39	1
127	242	39	2
168	242	39	1
169	242	39	1
171	242	39	1
125	243	39	1
129	243	39	1
134	243	39	1
125	244	39	2
136	244	39	1
140	244	39	3
141	244	39	1
143	244	39	1
167	244	39	1
167	245	39	1
168	245	39	1
178	245	39	1
141	246	39	1
127	247	39	2
178	247	39	1
123	248	39	3
122	250	39	1
140	250	39	1
136	251	39	1
135	253	39	1
136	253	39	4
247	253	39	1
144	254	39	1
136	255	39	1
152	255	39	1
155	255	39	1
136	257	39	3
151	258	39	1
154	258	39	1
168	258	39	1
134	259	39	1
138	259	39	2
211	259	39	1
252	259	39	1
130	260	39	1
133	260	39	1
149	260	39	3
150	260	39	1
168	260	39	1
169	260	39	1
255	260	39	1
256	260	39	1
130	261	39	1
150	261	39	1
151	261	39	1
152	261	39	2
132	262	39	1
143	262	39	1
148	262	39	1
231	262	39	1
261	262	39	1
129	263	39	1
132	263	39	1
139	263	39	1
150	263	39	1
153	263	39	1
154	263	39	3
158	263	39	1
154	264	39	1
155	264	39	1
166	264	39	1
129	265	39	3
147	265	39	1
153	265	39	1
130	266	39	2
145	266	39	1
153	266	39	1
165	266	39	1
261	266	39	2
156	267	39	1
131	268	39	1
135	268	39	1
144	269	39	1
152	269	39	1
132	270	39	1
145	270	39	1
245	270	39	1
141	271	39	2
145	271	39	1
247	271	39	1
135	272	39	1
141	272	39	1
147	272	39	1
166	272	39	1
251	272	39	1
134	273	39	1
142	273	39	1
146	273	39	1
139	274	39	1
142	274	39	2
143	274	39	1
148	274	39	1
162	274	39	1
130	275	39	1
134	275	39	2
136	275	39	1
144	275	39	1
129	276	39	1
138	276	39	1
140	277	39	1
143	277	39	2
145	277	39	1
149	277	39	1
153	277	39	1
138	278	39	2
164	278	39	1
128	279	39	1
141	279	39	1
143	279	39	1
145	279	39	1
147	279	39	2
148	279	39	1
149	279	39	1
152	279	39	1
154	279	39	1
163	279	39	1
142	280	39	1
145	280	39	2
162	280	39	1
138	281	39	1
130	282	39	1
136	282	39	1
138	282	39	1
125	283	39	1
133	283	39	1
142	284	39	1
157	284	39	1
137	285	39	5
141	285	39	1
169	285	39	1
172	286	39	1
154	287	39	1
134	288	39	1
157	288	39	1
158	290	39	1
257	290	39	1
154	291	39	1
159	293	39	1
159	294	39	1
249	295	39	2
174	296	39	2
249	296	39	1
259	296	39	1
133	297	39	1
166	297	39	1
247	297	39	3
250	297	39	1
261	298	39	1
123	299	39	2
167	299	39	2
249	299	39	1
165	300	39	2
174	300	39	1
260	300	39	1
121	301	39	1
177	301	39	1
172	302	39	1
175	302	39	1
178	302	39	1
124	303	39	1
174	303	39	1
177	303	39	1
178	303	39	1
126	304	39	1
178	304	39	1
259	304	39	1
176	305	39	1
125	306	39	1
126	306	39	1
128	306	39	3
177	306	39	1
126	307	39	1
181	307	39	2
260	310	39	1
124	311	39	1
138	314	39	2
120	316	39	1
146	316	39	1
119	317	39	1
141	317	39	1
147	317	39	1
148	317	39	1
117	318	39	1
139	318	39	1
150	319	39	1
117	320	39	2
149	321	39	1
179	321	39	2
179	322	39	3
242	325	39	1
242	326	39	1
239	327	39	1
242	328	39	1
157	329	39	1
152	330	39	1
189	330	39	1
153	331	39	1
168	331	39	2
219	331	39	1
240	331	39	1
153	332	39	1
157	332	39	1
187	332	39	1
191	332	39	1
152	333	39	1
178	333	39	1
219	333	39	1
154	334	39	1
160	334	39	2
183	334	39	1
156	335	39	2
195	335	39	1
153	336	39	3
154	336	39	1
214	336	39	1
152	338	39	1
155	338	39	2
213	338	39	1
214	341	39	2
207	343	39	1
208	344	39	2
191	345	39	3
192	345	39	1
202	345	39	1
191	346	39	1
209	346	39	3
247	346	39	1
211	347	39	1
247	347	39	1
248	347	39	1
208	349	39	2
209	352	39	1
212	352	39	1
215	353	39	1
206	354	39	4
211	354	39	1
212	357	39	1
191	361	39	1
195	361	39	2
192	362	39	1
201	362	39	1
195	363	39	1
113	219	40	1
112	220	40	1
121	222	40	1
118	224	40	2
136	226	40	1
138	227	40	2
137	229	40	1
140	229	40	1
150	229	40	1
136	230	40	1
138	230	40	1
137	231	40	1
141	231	40	1
199	231	40	1
136	232	40	2
203	232	40	1
204	232	40	1
201	233	40	2
118	234	40	1
201	234	40	2
140	235	40	1
144	235	40	2
199	235	40	1
203	235	40	1
168	236	40	2
136	237	40	1
203	237	40	1
142	238	40	2
146	238	40	1
166	238	40	2
167	238	40	1
195	238	40	2
136	239	40	1
139	239	40	1
143	239	40	1
126	240	40	1
136	240	40	2
142	240	40	1
164	241	40	2
133	242	40	2
167	242	40	1
169	242	40	1
128	243	40	2
141	243	40	1
175	243	40	1
176	243	40	1
176	244	40	1
127	245	40	2
128	245	40	1
140	245	40	2
163	245	40	1
170	245	40	1
173	245	40	1
179	245	40	1
125	246	40	1
178	246	40	1
124	248	40	1
174	248	40	1
125	249	40	1
133	250	40	1
137	250	40	1
139	250	40	1
225	251	40	2
230	251	40	1
240	252	40	1
138	254	40	1
152	254	40	1
134	255	40	1
137	256	40	1
212	256	40	1
132	257	40	1
146	257	40	2
147	257	40	1
154	257	40	1
157	257	40	1
174	258	40	2
147	259	40	1
156	259	40	1
160	259	40	1
162	259	40	1
148	260	40	1
149	260	40	1
154	260	40	1
157	260	40	1
158	260	40	1
164	260	40	1
205	260	40	1
151	261	40	2
161	261	40	1
167	261	40	2
249	261	40	1
250	261	40	2
251	261	40	1
257	261	40	1
139	262	40	1
143	262	40	2
144	262	40	1
147	262	40	3
151	262	40	1
154	262	40	1
159	262	40	2
222	262	40	2
249	262	40	2
142	263	40	1
159	263	40	1
157	264	40	1
160	264	40	1
168	264	40	1
155	265	40	1
159	265	40	2
222	265	40	2
142	266	40	1
146	266	40	1
152	266	40	1
219	266	40	2
256	266	40	1
142	267	40	1
139	269	40	1
244	269	40	2
252	269	40	1
134	270	40	1
135	270	40	1
136	270	40	1
137	270	40	2
145	270	40	1
146	270	40	1
147	270	40	1
150	270	40	1
164	270	40	1
144	271	40	2
148	271	40	1
151	271	40	1
136	272	40	1
144	272	40	1
147	272	40	1
231	272	40	1
251	272	40	1
142	273	40	2
150	273	40	1
164	273	40	1
167	273	40	1
144	274	40	1
145	274	40	2
147	274	40	2
154	274	40	2
156	274	40	1
247	274	40	1
132	275	40	1
142	275	40	2
147	276	40	1
148	276	40	1
155	276	40	1
163	276	40	1
134	278	40	1
139	278	40	1
142	278	40	2
131	279	40	1
148	279	40	1
139	280	40	1
140	280	40	1
142	280	40	3
135	281	40	1
142	282	40	2
150	282	40	1
159	282	40	2
135	283	40	1
135	285	40	1
132	286	40	1
133	286	40	2
154	286	40	1
158	286	40	1
156	287	40	2
135	288	40	1
135	291	40	1
139	291	40	1
138	292	40	1
133	293	40	1
139	294	40	2
131	295	40	1
252	295	40	2
131	296	40	1
133	297	40	2
172	297	40	2
253	297	40	1
134	298	40	1
136	298	40	1
169	298	40	1
168	299	40	1
123	300	40	1
249	300	40	2
133	301	40	1
140	301	40	1
169	301	40	1
172	301	40	1
177	301	40	1
143	302	40	1
172	302	40	1
128	303	40	1
129	303	40	2
171	303	40	1
175	303	40	2
169	304	40	3
125	305	40	1
140	305	40	1
172	306	40	1
139	308	40	3
119	312	40	1
140	313	40	1
147	315	40	1
115	316	40	1
116	316	40	3
119	316	40	1
145	316	40	1
138	318	40	1
117	319	40	1
149	320	40	1
242	327	40	2
151	328	40	2
239	328	40	1
149	329	40	1
240	329	40	2
186	330	40	1
177	331	40	3
189	331	40	3
151	332	40	1
177	332	40	1
181	332	40	1
188	332	40	1
218	332	40	1
146	333	40	1
154	333	40	1
156	333	40	1
158	333	40	1
176	333	40	3
179	333	40	2
219	333	40	1
191	334	40	1
244	334	40	1
151	335	40	2
186	335	40	1
219	335	40	2
244	335	40	1
150	336	40	1
153	336	40	1
223	339	40	1
212	340	40	1
216	341	40	2
221	341	40	1
211	342	40	2
220	342	40	2
208	343	40	1
220	343	40	2
222	343	40	1
195	344	40	1
204	344	40	1
209	344	40	1
204	345	40	1
191	347	40	1
211	347	40	2
193	349	40	2
195	349	40	1
210	349	40	1
182	351	40	1
211	352	40	2
209	355	40	1
208	357	40	2
204	359	40	1
206	361	40	1
113	220	41	1
111	222	41	1
144	225	41	2
141	227	41	1
138	228	41	1
134	229	41	1
136	229	41	1
137	229	41	1
143	232	41	1
136	233	41	3
142	233	41	2
204	233	41	2
136	234	41	2
140	234	41	1
199	234	41	1
199	235	41	2
138	236	41	1
142	236	41	1
161	236	41	1
165	236	41	1
170	236	41	1
201	236	41	1
141	237	41	1
163	237	41	1
134	238	41	1
138	238	41	2
158	238	41	1
161	239	41	1
201	239	41	1
139	240	41	2
165	240	41	1
127	241	41	4
129	241	41	1
140	241	41	2
164	241	41	1
166	241	41	1
128	242	41	1
132	242	41	2
134	242	41	1
135	242	41	1
140	242	41	2
170	242	41	2
164	243	41	1
125	244	41	1
167	244	41	1
173	244	41	1
176	244	41	2
177	245	41	1
124	247	41	2
122	248	41	1
173	248	41	1
130	249	41	3
230	250	41	1
230	251	41	1
123	252	41	1
229	252	41	1
234	252	41	1
121	253	41	1
143	253	41	2
228	253	41	1
141	254	41	2
144	254	41	1
243	254	41	1
141	256	41	2
142	256	41	1
143	256	41	1
152	256	41	1
210	256	41	1
137	257	41	1
141	257	41	1
158	257	41	2
138	258	41	2
147	258	41	1
153	258	41	1
139	259	41	1
148	259	41	2
173	259	41	2
213	259	41	1
154	260	41	1
157	260	41	2
143	261	41	1
144	261	41	2
148	261	41	1
149	261	41	3
151	261	41	1
153	261	41	1
160	261	41	2
139	262	41	1
146	262	41	2
158	262	41	2
168	262	41	1
172	262	41	1
175	262	41	1
207	262	41	1
251	262	41	2
162	263	41	1
204	263	41	1
255	263	41	1
148	264	41	1
151	264	41	1
209	264	41	1
249	264	41	3
124	265	41	1
153	265	41	1
256	265	41	1
119	266	41	1
142	266	41	2
149	266	41	1
153	266	41	1
167	266	41	2
135	267	41	1
161	267	41	1
258	267	41	2
147	268	41	1
164	268	41	2
248	269	41	1
251	269	41	1
254	269	41	1
258	269	41	2
132	270	41	1
140	270	41	2
149	270	41	2
247	270	41	1
132	271	41	1
146	271	41	1
148	271	41	1
154	271	41	1
157	271	41	3
247	271	41	2
139	272	41	1
145	272	41	1
151	272	41	1
219	272	41	1
220	272	41	2
157	273	41	1
134	274	41	2
136	274	41	2
143	274	41	1
148	274	41	1
151	274	41	3
246	274	41	1
132	275	41	1
136	275	41	1
141	275	41	1
246	276	41	1
247	276	41	1
129	277	41	1
142	277	41	1
135	278	41	1
142	278	41	1
149	278	41	1
155	278	41	1
164	278	41	1
129	279	41	2
138	279	41	1
210	279	41	2
141	280	41	3
148	280	41	2
150	280	41	1
154	280	41	1
162	280	41	1
142	281	41	2
130	282	41	1
154	282	41	1
162	282	41	1
134	283	41	1
139	283	41	1
218	283	41	1
134	284	41	1
138	284	41	2
142	284	41	1
156	284	41	1
219	285	41	1
219	286	41	1
139	287	41	4
141	287	41	1
135	289	41	2
154	291	41	1
130	292	41	2
157	292	41	1
134	293	41	2
142	294	41	2
159	294	41	2
160	294	41	1
128	295	41	1
135	295	41	1
140	295	41	1
164	295	41	1
143	296	41	1
150	296	41	1
153	296	41	1
160	296	41	1
252	296	41	1
162	297	41	1
259	297	41	2
130	298	41	1
131	298	41	1
138	298	41	1
149	298	41	2
152	298	41	1
130	300	41	1
164	300	41	1
260	300	41	1
123	301	41	1
167	301	41	1
172	301	41	2
250	301	41	1
97	302	41	2
125	302	41	1
127	302	41	1
131	302	41	1
132	302	41	1
167	302	41	1
168	302	41	1
124	303	41	2
134	303	41	1
139	303	41	1
144	303	41	1
170	303	41	2
179	303	41	1
259	303	41	1
261	303	41	2
132	304	41	2
133	304	41	1
170	304	41	1
181	304	41	1
140	305	41	1
176	305	41	1
259	305	41	1
123	306	41	1
130	306	41	2
122	307	41	1
125	307	41	1
130	307	41	1
127	308	41	1
122	310	41	1
143	310	41	1
140	315	41	1
142	315	41	1
114	316	41	2
139	317	41	1
142	317	41	1
113	318	41	1
139	319	41	1
143	319	41	1
138	320	41	3
141	321	41	1
149	321	41	1
137	322	41	1
179	322	41	1
181	322	41	2
176	323	41	1
147	325	41	2
247	325	41	1
179	326	41	1
181	326	41	3
249	326	41	1
148	327	41	1
181	327	41	1
249	327	41	1
156	328	41	1
242	328	41	2
252	328	41	2
130	329	41	2
238	329	41	1
245	329	41	2
126	330	41	2
133	330	41	1
147	330	41	2
181	330	41	1
154	331	41	2
155	331	41	1
173	331	41	2
240	331	41	1
241	331	41	2
243	331	41	1
133	332	41	1
165	332	41	1
185	332	41	1
218	332	41	1
241	332	41	1
154	333	41	1
216	333	41	1
240	333	41	2
153	334	41	2
244	334	41	2
133	335	41	2
151	335	41	2
238	335	41	1
242	335	41	1
246	336	41	2
127	337	41	1
128	337	41	1
129	337	41	1
152	338	41	1
156	338	41	2
222	338	41	2
215	339	41	1
247	339	41	1
194	340	41	1
214	340	41	2
219	340	41	1
195	341	41	1
210	342	41	1
222	342	41	1
210	343	41	1
194	344	41	1
210	344	41	1
211	344	41	1
212	345	41	1
249	345	41	2
210	346	41	1
231	347	41	2
233	347	41	1
248	347	41	1
193	350	41	1
237	350	41	1
211	351	41	3
235	351	41	1
235	352	41	4
210	353	41	2
171	359	41	2
202	361	41	1
200	363	41	2
139	228	42	1
136	229	42	1
134	230	42	2
138	230	42	2
135	232	42	1
138	232	42	1
136	233	42	1
201	234	42	1
165	235	42	1
143	236	42	1
156	236	42	1
164	236	42	2
166	236	42	1
139	237	42	1
159	237	42	1
161	237	42	1
162	237	42	1
204	237	42	1
141	238	42	1
161	238	42	2
167	238	42	1
136	239	42	2
137	239	42	2
170	242	42	1
129	243	42	1
164	243	42	1
176	244	42	1
178	244	42	3
184	244	42	2
126	245	42	2
181	245	42	1
126	247	42	4
122	252	42	1
178	252	42	1
140	254	42	1
120	256	42	1
144	256	42	2
158	256	42	1
149	257	42	1
156	257	42	1
157	257	42	1
177	257	42	1
253	257	42	2
175	258	42	1
213	258	42	1
154	259	42	1
173	259	42	2
211	259	42	1
248	259	42	1
157	260	42	1
169	260	42	1
171	260	42	1
172	260	42	1
176	260	42	1
253	260	42	1
153	261	42	1
174	261	42	2
177	261	42	1
155	262	42	1
171	262	42	2
175	262	42	2
163	263	42	1
120	264	42	1
121	264	42	1
143	264	42	2
147	264	42	1
155	264	42	1
156	264	42	1
168	264	42	1
252	264	42	2
149	266	42	1
155	266	42	1
143	267	42	1
254	267	42	1
141	268	42	1
150	270	42	1
151	270	42	2
146	271	42	1
141	272	42	1
144	272	42	1
131	273	42	1
147	273	42	1
157	273	42	2
142	274	42	4
144	274	42	1
250	274	42	1
134	275	42	1
143	275	42	1
144	275	42	1
148	275	42	1
155	275	42	1
165	275	42	1
250	275	42	1
143	276	42	1
157	276	42	1
141	277	42	1
142	277	42	1
155	277	42	1
158	277	42	1
163	277	42	1
144	278	42	1
155	278	42	2
151	279	42	1
152	279	42	1
164	279	42	3
145	280	42	1
151	280	42	1
143	281	42	1
153	281	42	2
148	282	42	1
158	282	42	2
149	284	42	2
152	285	42	2
157	285	42	1
155	286	42	1
141	287	42	1
174	287	42	1
135	289	42	2
134	290	42	3
153	292	42	1
138	293	42	1
129	294	42	1
131	294	42	1
137	294	42	1
139	294	42	2
152	294	42	1
135	295	42	1
142	295	42	2
161	296	42	2
140	297	42	1
141	298	42	2
151	298	42	1
215	298	42	1
126	299	42	1
133	299	42	1
150	299	42	1
259	299	42	1
133	300	42	3
142	301	42	2
126	303	42	1
139	303	42	1
171	304	42	1
170	305	42	1
140	306	42	1
170	307	42	2
129	308	42	1
140	309	42	2
140	314	42	1
141	316	42	2
142	317	42	1
140	319	42	1
139	320	42	1
138	321	42	1
150	321	42	1
133	324	42	1
137	324	42	1
141	324	42	1
134	325	42	1
133	326	42	1
134	326	42	1
135	326	42	1
154	328	42	1
186	328	42	1
250	328	42	1
187	329	42	2
131	330	42	1
160	330	42	1
161	330	42	3
179	330	42	1
134	331	42	1
180	331	42	1
164	332	42	1
165	332	42	2
166	332	42	2
176	332	42	1
180	332	42	1
187	332	42	2
189	332	42	1
217	332	42	1
126	333	42	1
176	333	42	2
177	333	42	3
181	333	42	1
133	334	42	1
178	334	42	1
189	334	42	1
218	334	42	1
222	334	42	1
245	334	42	1
247	334	42	3
151	336	42	1
248	336	42	1
127	337	42	1
152	337	42	2
192	337	42	1
216	337	42	1
247	337	42	1
155	338	42	2
221	340	42	1
211	342	42	1
204	360	42	1
183	361	42	2
205	361	42	2
206	364	42	1
157	230	43	1
140	231	43	1
138	232	43	1
139	233	43	1
136	236	43	2
164	236	43	1
136	237	43	1
138	237	43	1
143	237	43	1
138	238	43	1
140	238	43	1
138	239	43	1
143	240	43	1
166	240	43	1
169	245	43	1
178	245	43	1
178	247	43	1
139	256	43	1
210	256	43	1
143	257	43	2
155	257	43	2
175	257	43	1
177	257	43	1
215	257	43	2
146	258	43	1
149	258	43	1
179	259	43	2
143	260	43	1
149	260	43	1
151	260	43	2
160	260	43	1
161	260	43	1
171	260	43	2
172	260	43	2
146	261	43	1
164	262	43	1
177	262	43	2
206	262	43	1
208	262	43	1
148	263	43	1
144	264	43	1
147	264	43	1
149	264	43	1
156	264	43	1
144	265	43	1
145	265	43	1
147	265	43	1
151	265	43	3
147	267	43	1
143	268	43	1
164	268	43	2
146	269	43	1
142	270	43	2
150	270	43	1
151	270	43	1
143	271	43	1
146	271	43	1
149	272	43	1
146	273	43	1
147	273	43	2
211	273	43	1
141	274	43	1
153	274	43	1
156	274	43	1
255	274	43	2
129	275	43	1
141	275	43	2
142	275	43	1
148	275	43	1
152	275	43	1
155	275	43	1
160	275	43	1
151	276	43	1
164	276	43	1
143	277	43	1
145	277	43	1
150	277	43	1
156	277	43	1
131	278	43	1
151	278	43	1
150	279	43	1
152	279	43	1
158	279	43	1
155	280	43	1
161	280	43	1
142	281	43	2
148	281	43	1
161	281	43	1
154	282	43	1
158	282	43	1
150	283	43	2
250	283	43	1
155	285	43	1
137	286	43	1
139	286	43	2
143	286	43	2
154	286	43	1
216	287	43	1
136	288	43	1
137	288	43	1
138	288	43	3
173	288	43	2
256	289	43	2
134	291	43	1
152	292	43	1
139	293	43	2
255	293	43	1
141	294	43	2
134	295	43	1
254	295	43	1
136	296	43	1
137	297	43	1
149	297	43	1
209	298	43	1
141	299	43	3
165	299	43	1
135	300	43	1
141	300	43	1
152	300	43	1
167	300	43	1
129	301	43	1
140	301	43	2
137	302	43	1
140	302	43	2
169	302	43	2
170	302	43	1
130	303	43	2
135	303	43	1
138	303	43	2
170	303	43	1
135	304	43	1
140	304	43	1
146	304	43	1
141	305	43	2
168	305	43	1
127	306	43	1
129	306	43	1
148	306	43	1
126	307	43	1
128	308	43	1
143	308	43	1
174	308	43	2
141	309	43	1
167	309	43	2
144	312	43	1
140	313	43	1
142	313	43	1
140	318	43	1
138	321	43	1
179	323	43	1
136	326	43	1
177	326	43	3
249	326	43	4
136	327	43	1
156	328	43	3
133	329	43	1
177	329	43	1
179	329	43	1
188	329	43	1
132	331	43	1
189	331	43	1
133	332	43	1
191	332	43	1
218	332	43	1
133	333	43	1
187	333	43	1
188	333	43	1
216	333	43	1
151	334	43	1
181	334	43	1
222	334	43	1
131	335	43	2
222	335	43	2
131	336	43	1
217	336	43	1
220	336	43	1
244	336	43	1
245	336	43	2
249	337	43	2
132	338	43	1
195	340	43	2
209	342	43	1
222	343	43	1
210	344	43	1
211	344	43	2
231	344	43	1
232	345	43	1
211	346	43	1
233	347	43	2
232	349	43	1
236	349	43	1
200	350	43	1
206	350	43	1
227	350	43	1
233	350	43	1
235	351	43	1
206	353	43	2
204	354	43	2
206	354	43	1
208	354	43	1
206	358	43	1
204	360	43	2
204	362	43	1
137	228	44	1
138	228	44	1
139	228	44	1
135	230	44	1
136	232	44	1
140	234	44	1
159	236	44	2
143	237	44	1
141	239	44	1
181	245	44	2
176	258	44	2
178	259	44	1
177	260	44	1
147	261	44	1
156	261	44	1
211	261	44	1
156	262	44	1
157	263	44	1
158	263	44	1
146	264	44	1
152	264	44	1
147	266	44	2
146	267	44	1
147	268	44	1
143	269	44	3
145	269	44	1
213	269	44	1
146	270	44	2
144	271	44	1
144	272	44	1
181	272	44	2
148	273	44	1
156	273	44	2
211	274	44	1
146	275	44	1
166	275	44	1
252	276	44	1
150	277	44	1
156	277	44	1
154	278	44	1
143	279	44	2
155	279	44	1
161	279	44	1
150	280	44	1
146	281	44	1
150	281	44	2
143	282	44	2
151	282	44	1
152	282	44	2
219	283	44	1
149	284	44	1
155	284	44	2
142	285	44	1
143	285	44	2
212	285	44	3
139	291	44	1
142	291	44	1
144	291	44	1
252	292	44	1
223	293	44	1
225	295	44	1
140	296	44	1
136	298	44	1
140	300	44	2
168	300	44	2
137	301	44	1
145	301	44	1
209	301	44	1
133	302	44	1
142	302	44	1
127	303	44	2
140	303	44	1
126	304	44	1
130	304	44	2
131	306	44	1
144	306	44	3
140	308	44	1
171	309	44	1
143	310	44	1
142	316	44	2
136	326	44	1
133	328	44	2
133	329	44	3
183	329	44	1
187	329	44	1
133	331	44	1
182	332	44	1
131	333	44	1
132	334	44	2
128	335	44	1
213	336	44	1
220	336	44	2
217	337	44	1
213	338	44	2
247	339	44	1
216	344	44	2
211	346	44	2
211	348	44	2
212	348	44	2
209	351	44	1
208	354	44	2
192	361	44	1
175	257	45	1
176	259	45	1
173	260	45	1
153	265	45	1
146	270	45	2
148	270	45	1
146	271	45	1
151	272	45	1
141	275	45	1
152	278	45	1
147	279	45	1
149	279	45	2
150	279	45	1
150	280	45	1
148	281	45	1
144	282	45	1
142	283	45	2
145	283	45	2
150	283	45	1
140	285	45	1
141	286	45	1
143	295	45	2
135	299	45	3
140	299	45	1
134	301	45	1
138	301	45	1
142	301	45	2
127	302	45	1
133	302	45	2
143	302	45	2
131	303	45	2
140	304	45	1
180	318	45	1
185	322	45	1
186	326	45	1
214	339	45	1
245	340	45	2
211	345	45	3
217	345	45	1
229	346	45	1
209	347	45	2
233	349	45	1
206	351	45	1
230	354	45	3
134	229	46	1
181	247	46	2
173	255	46	3
157	259	46	1
145	269	46	1
151	273	46	1
153	277	46	2
161	277	46	1
145	279	46	1
152	280	46	2
215	280	46	1
144	281	46	1
146	281	46	2
150	281	46	1
146	282	46	1
152	282	46	1
159	282	46	2
151	283	46	1
154	283	46	2
157	284	46	1
208	286	46	2
145	291	46	1
140	292	46	2
201	292	46	1
144	293	46	1
146	294	46	1
207	296	46	1
136	298	46	1
142	299	46	1
132	300	46	1
132	301	46	1
136	301	46	1
131	302	46	1
143	302	46	1
146	302	46	1
129	303	46	1
134	303	46	2
136	303	46	1
139	303	46	1
143	303	46	1
240	304	46	1
192	306	46	1
194	315	46	1
195	315	46	1
188	320	46	1
179	322	46	1
191	322	46	1
176	323	46	1
177	323	46	1
179	323	46	1
183	323	46	2
182	326	46	1
174	327	46	1
191	327	46	1
183	328	46	1
238	331	46	1
217	334	46	1
215	336	46	1
221	340	46	1
217	342	46	2
222	342	46	1
232	343	46	1
209	351	46	1
173	353	46	1
141	227	47	1
149	265	47	1
151	269	47	2
146	277	47	1
152	280	47	1
162	282	47	1
120	283	47	1
149	284	47	1
147	285	47	1
140	293	47	1
140	298	47	1
136	299	47	2
178	320	47	1
194	321	47	1
185	323	47	1
175	324	47	1
179	324	47	1
206	348	47	2
207	351	47	2
230	353	47	1
207	355	47	1
186	257	48	2
146	275	48	2
140	278	48	1
143	279	48	1
159	279	48	1
147	281	48	1
142	290	48	1
157	325	48	3
216	342	48	2
140	224	49	1
127	235	49	1
172	237	49	2
151	248	49	1
151	252	49	1
171	260	49	2
146	264	49	2
127	268	49	3
139	268	49	2
167	269	49	1
144	271	49	1
150	278	49	1
207	279	49	2
113	284	49	1
144	284	49	1
147	292	49	1
140	293	49	2
202	299	49	2
135	302	49	1
139	304	49	1
126	305	49	1
128	307	49	1
169	308	49	1
138	333	49	1
148	337	49	1
197	342	49	1
239	344	49	1
224	346	49	1
204	348	49	2
186	349	49	2
184	352	49	2
186	354	49	2
203	355	49	2
134	227	50	1
136	230	50	1
125	234	50	1
127	235	50	1
139	263	50	3
149	263	50	1
130	265	50	1
134	267	50	4
151	272	50	1
155	273	50	1
160	275	50	1
150	276	50	1
220	277	50	1
150	283	50	1
249	286	50	1
146	289	50	2
131	294	50	1
174	298	50	1
151	302	50	1
132	304	50	1
193	307	50	1
179	329	50	1
225	341	50	2
