x	y	z	Metabolism of folate and pterines
183.039773122643	289.659001437601	35.0807824929564	1
142	221	20	3
179	221	20	2
127	222	20	2
132	222	20	2
134	222	20	1
142	222	20	2
176	222	20	1
178	222	20	2
138	223	20	3
148	223	20	2
175	223	20	2
115	224	20	1
133	224	20	1
134	224	20	1
144	224	20	1
176	224	20	1
135	225	20	1
141	225	20	2
153	225	20	1
157	225	20	1
162	225	20	1
115	226	20	1
119	226	20	2
156	226	20	2
158	226	20	3
172	226	20	1
155	227	20	1
178	227	20	2
189	227	20	1
112	228	20	2
119	228	20	4
132	228	20	1
157	228	20	2
158	228	20	2
179	228	20	1
196	228	20	1
112	229	20	1
118	229	20	1
126	229	20	2
153	229	20	2
158	229	20	2
159	229	20	1
127	230	20	1
129	230	20	1
169	230	20	1
173	230	20	1
190	230	20	1
204	230	20	1
121	231	20	1
132	231	20	1
149	231	20	1
154	231	20	2
160	231	20	2
177	231	20	3
115	232	20	2
137	232	20	2
146	232	20	2
130	233	20	1
136	233	20	1
143	233	20	1
165	233	20	2
170	233	20	2
206	233	20	1
130	234	20	2
135	234	20	2
154	234	20	1
213	234	20	2
215	234	20	1
126	235	20	2
129	235	20	2
137	235	20	3
143	235	20	1
151	235	20	2
158	235	20	2
206	235	20	1
218	235	20	1
127	236	20	2
139	236	20	2
141	236	20	1
146	236	20	1
154	236	20	1
163	236	20	4
215	236	20	2
129	237	20	1
145	237	20	1
147	237	20	1
148	237	20	1
151	237	20	1
169	237	20	2
173	237	20	1
204	237	20	2
232	237	20	1
248	237	20	1
126	238	20	1
140	238	20	1
141	238	20	1
150	238	20	1
152	238	20	1
158	238	20	2
192	238	20	1
213	238	20	2
128	239	20	2
139	239	20	1
141	239	20	2
142	239	20	1
144	239	20	1
151	239	20	1
160	239	20	3
172	239	20	3
183	239	20	3
215	239	20	2
230	239	20	1
131	240	20	1
132	240	20	1
146	240	20	3
149	240	20	1
152	240	20	2
160	240	20	1
191	240	20	1
214	240	20	1
216	240	20	1
122	241	20	1
126	241	20	1
135	241	20	1
139	241	20	1
141	241	20	2
146	241	20	2
149	241	20	2
167	241	20	1
237	241	20	1
120	242	20	2
128	242	20	1
130	242	20	1
136	242	20	2
141	242	20	2
148	242	20	1
150	242	20	2
185	242	20	2
207	242	20	1
116	243	20	1
125	243	20	2
130	243	20	1
140	243	20	3
181	243	20	4
240	243	20	1
247	243	20	1
126	244	20	1
135	244	20	1
145	244	20	2
154	244	20	1
162	244	20	2
183	244	20	1
210	244	20	2
214	244	20	2
220	244	20	3
111	245	20	1
121	245	20	2
137	245	20	1
160	245	20	1
169	245	20	1
176	245	20	2
182	245	20	1
183	245	20	2
241	245	20	2
117	246	20	1
177	246	20	1
221	246	20	1
240	246	20	1
252	246	20	1
133	247	20	2
137	247	20	1
218	247	20	1
166	248	20	1
190	248	20	3
210	248	20	1
222	248	20	1
230	248	20	2
102	249	20	1
138	249	20	1
143	249	20	1
145	249	20	1
151	249	20	1
167	249	20	1
169	249	20	1
191	249	20	3
194	249	20	3
101	250	20	2
113	250	20	1
121	250	20	2
131	250	20	3
157	250	20	1
172	250	20	1
225	250	20	2
260	250	20	1
175	251	20	2
207	251	20	2
216	251	20	2
220	251	20	1
251	251	20	2
175	252	20	2
212	252	20	1
226	252	20	2
234	252	20	1
120	253	20	3
122	253	20	2
139	253	20	1
194	253	20	2
222	253	20	1
231	253	20	1
252	253	20	2
111	254	20	1
127	254	20	1
154	254	20	1
161	254	20	1
183	254	20	1
197	254	20	2
217	254	20	2
223	254	20	1
226	254	20	2
238	254	20	1
243	254	20	2
244	254	20	1
248	254	20	1
255	254	20	1
121	255	20	1
149	255	20	1
197	255	20	1
198	255	20	2
207	255	20	3
232	255	20	1
110	256	20	1
128	256	20	2
131	256	20	3
145	256	20	1
161	256	20	1
166	256	20	1
172	256	20	1
241	256	20	2
262	256	20	1
124	257	20	2
143	257	20	2
159	257	20	2
162	257	20	1
164	257	20	1
170	257	20	1
175	257	20	1
197	257	20	1
198	257	20	1
229	257	20	1
230	257	20	2
232	257	20	1
243	257	20	1
251	257	20	3
258	257	20	1
265	257	20	1
163	258	20	2
172	258	20	1
198	258	20	1
220	258	20	1
232	258	20	3
233	258	20	1
107	259	20	2
144	259	20	2
145	259	20	2
166	259	20	1
167	259	20	1
197	259	20	2
229	259	20	1
252	259	20	1
265	259	20	1
108	260	20	1
127	260	20	3
130	260	20	1
142	260	20	1
147	260	20	1
157	260	20	2
158	260	20	1
200	260	20	4
224	260	20	1
245	260	20	1
102	261	20	1
112	261	20	2
147	261	20	1
156	261	20	2
163	261	20	1
191	261	20	1
199	261	20	1
226	261	20	2
228	261	20	1
150	262	20	3
152	262	20	1
170	262	20	3
223	262	20	3
225	262	20	1
133	263	20	3
142	263	20	1
166	263	20	3
191	263	20	1
207	263	20	1
210	263	20	3
246	263	20	1
265	263	20	1
105	264	20	2
126	264	20	1
146	264	20	1
160	264	20	3
168	264	20	1
187	264	20	1
221	264	20	3
254	264	20	1
264	264	20	2
124	265	20	2
147	265	20	3
162	265	20	2
166	265	20	2
179	265	20	1
232	265	20	1
236	265	20	1
113	266	20	1
118	266	20	2
120	266	20	1
129	266	20	2
132	266	20	2
136	266	20	1
155	266	20	2
158	266	20	2
160	266	20	1
170	266	20	1
172	266	20	3
179	266	20	2
184	266	20	3
225	266	20	2
231	266	20	1
251	266	20	3
116	267	20	2
160	267	20	1
239	267	20	2
262	267	20	1
266	267	20	2
109	268	20	1
141	268	20	1
145	268	20	4
151	268	20	1
157	268	20	2
162	268	20	1
167	268	20	1
209	268	20	2
213	268	20	1
216	268	20	1
255	268	20	1
107	269	20	2
149	269	20	1
155	269	20	2
165	269	20	2
184	269	20	4
197	269	20	2
214	269	20	2
100	270	20	2
114	270	20	2
115	270	20	1
117	270	20	1
156	270	20	2
162	270	20	1
166	270	20	2
177	270	20	1
217	270	20	3
226	270	20	1
250	270	20	1
119	271	20	2
128	271	20	2
152	271	20	2
159	271	20	1
162	271	20	4
164	271	20	1
167	271	20	1
171	271	20	2
173	271	20	2
201	271	20	2
222	271	20	2
225	271	20	1
266	271	20	1
107	272	20	2
113	272	20	4
115	272	20	2
121	272	20	3
144	272	20	1
158	272	20	2
168	272	20	1
176	272	20	2
181	272	20	1
226	272	20	2
117	273	20	1
119	273	20	3
132	273	20	2
149	273	20	3
152	273	20	1
165	273	20	1
167	273	20	1
170	273	20	1
176	273	20	3
178	273	20	1
206	273	20	1
211	273	20	1
217	273	20	1
220	273	20	1
223	273	20	1
122	274	20	3
165	274	20	1
167	274	20	3
169	274	20	1
174	274	20	1
185	274	20	1
197	274	20	1
227	274	20	1
230	274	20	4
131	275	20	2
134	275	20	1
147	275	20	3
172	275	20	1
176	275	20	2
200	275	20	1
205	275	20	1
221	275	20	1
236	275	20	2
268	275	20	1
122	276	20	1
126	276	20	1
136	276	20	1
142	276	20	1
155	276	20	1
157	276	20	1
162	276	20	1
167	276	20	2
170	276	20	3
174	276	20	1
222	276	20	3
246	276	20	2
258	276	20	1
111	277	20	1
140	277	20	1
217	277	20	2
220	277	20	2
249	277	20	1
260	277	20	1
129	278	20	1
137	278	20	2
152	278	20	1
160	278	20	1
168	278	20	2
170	278	20	1
180	278	20	1
227	278	20	1
256	278	20	2
120	279	20	1
163	279	20	2
171	279	20	1
175	279	20	3
178	279	20	1
186	279	20	3
200	279	20	1
204	279	20	1
217	279	20	1
218	279	20	1
224	279	20	3
225	279	20	2
232	279	20	1
241	279	20	3
108	280	20	1
109	280	20	1
133	280	20	1
162	280	20	1
163	280	20	1
166	280	20	2
172	280	20	1
176	280	20	1
193	280	20	2
197	280	20	2
199	280	20	2
256	280	20	3
131	281	20	1
142	281	20	1
147	281	20	1
166	281	20	1
168	281	20	1
169	281	20	2
172	281	20	1
176	281	20	1
214	281	20	1
218	281	20	2
222	281	20	2
226	281	20	3
261	281	20	2
106	282	20	1
116	282	20	4
149	282	20	1
152	282	20	3
158	282	20	1
162	282	20	1
203	282	20	1
276	282	20	2
130	283	20	3
161	283	20	1
165	283	20	1
170	283	20	2
171	283	20	1
173	283	20	2
179	283	20	2
189	283	20	2
203	283	20	1
214	283	20	2
217	283	20	1
219	283	20	1
232	283	20	1
266	283	20	3
271	283	20	2
272	283	20	1
149	284	20	1
163	284	20	2
186	284	20	2
213	284	20	2
224	284	20	1
228	284	20	1
267	284	20	2
137	285	20	1
141	285	20	2
145	285	20	2
205	285	20	3
208	285	20	1
210	285	20	2
230	285	20	1
231	285	20	2
268	285	20	1
272	285	20	1
101	286	20	1
129	286	20	2
133	286	20	2
164	286	20	1
213	286	20	1
218	286	20	1
236	286	20	1
146	287	20	1
155	287	20	2
199	287	20	1
224	287	20	1
261	287	20	1
268	287	20	1
113	288	20	2
126	288	20	3
136	288	20	1
162	288	20	1
167	288	20	1
170	288	20	2
218	288	20	3
223	288	20	1
224	288	20	1
238	288	20	2
125	289	20	1
147	289	20	1
149	289	20	3
152	289	20	2
164	289	20	1
179	289	20	2
181	289	20	2
201	289	20	1
221	289	20	2
252	289	20	2
271	289	20	4
142	290	20	1
173	290	20	2
189	290	20	2
195	290	20	1
214	290	20	1
224	290	20	2
226	290	20	1
250	290	20	2
271	290	20	2
106	291	20	1
108	291	20	1
151	291	20	3
192	291	20	1
227	291	20	2
262	291	20	3
104	292	20	2
129	292	20	1
131	292	20	1
146	292	20	1
173	292	20	1
192	292	20	2
195	292	20	1
205	292	20	2
207	292	20	2
213	292	20	1
217	292	20	1
219	292	20	1
237	292	20	1
244	292	20	1
249	292	20	1
265	292	20	4
106	293	20	1
117	293	20	3
133	293	20	1
142	293	20	3
148	293	20	2
161	293	20	1
222	293	20	1
225	293	20	1
226	293	20	1
126	294	20	1
136	294	20	1
141	294	20	1
174	294	20	3
194	294	20	2
199	294	20	2
211	294	20	2
214	294	20	2
216	294	20	1
219	294	20	2
220	294	20	2
269	294	20	1
116	295	20	1
189	295	20	1
198	295	20	1
271	295	20	1
120	296	20	1
131	296	20	1
136	296	20	1
143	296	20	1
157	296	20	1
162	296	20	1
163	296	20	1
170	296	20	2
178	296	20	1
180	296	20	2
202	296	20	2
212	296	20	2
217	296	20	1
228	296	20	1
137	297	20	2
161	297	20	1
172	297	20	1
268	297	20	1
270	297	20	1
123	298	20	1
147	298	20	1
153	298	20	2
159	298	20	1
177	298	20	1
189	298	20	2
192	298	20	2
193	298	20	1
203	298	20	1
230	298	20	1
237	298	20	2
246	298	20	1
265	298	20	1
269	298	20	1
156	299	20	2
179	299	20	1
194	299	20	1
257	299	20	1
174	300	20	2
191	300	20	1
232	300	20	1
266	300	20	1
118	301	20	2
133	301	20	1
155	301	20	3
161	301	20	1
186	301	20	2
216	301	20	1
233	301	20	2
240	301	20	3
250	301	20	3
268	301	20	1
114	302	20	1
116	302	20	1
134	302	20	1
167	302	20	2
187	302	20	2
204	302	20	2
213	302	20	1
219	302	20	1
252	302	20	2
261	302	20	1
264	302	20	1
101	303	20	1
127	303	20	1
150	303	20	1
187	303	20	2
194	303	20	3
222	303	20	1
149	304	20	2
157	304	20	1
166	304	20	4
174	304	20	2
185	304	20	2
193	304	20	3
209	304	20	2
210	304	20	3
234	304	20	1
236	304	20	1
238	304	20	2
243	304	20	3
256	304	20	2
124	305	20	2
177	305	20	2
206	305	20	2
208	305	20	1
223	305	20	2
234	305	20	1
237	305	20	1
252	305	20	2
127	306	20	1
132	306	20	1
136	306	20	2
146	306	20	3
182	306	20	3
200	306	20	2
209	306	20	2
240	306	20	2
258	306	20	1
100	307	20	1
118	307	20	1
124	307	20	2
128	307	20	1
142	307	20	1
158	307	20	1
166	307	20	2
177	307	20	1
182	307	20	1
211	307	20	1
213	307	20	1
227	307	20	1
171	308	20	2
184	308	20	1
186	308	20	1
197	308	20	1
200	308	20	1
229	308	20	1
235	308	20	2
249	308	20	1
257	308	20	1
260	308	20	1
124	309	20	1
130	309	20	4
134	309	20	1
203	309	20	1
224	309	20	3
238	309	20	2
242	309	20	1
246	309	20	1
260	309	20	1
262	309	20	1
263	309	20	4
268	309	20	1
118	310	20	2
121	310	20	1
144	310	20	1
178	310	20	1
182	310	20	1
241	310	20	1
263	310	20	1
152	311	20	2
200	311	20	1
210	311	20	1
238	311	20	1
246	311	20	1
264	311	20	1
266	311	20	1
93	312	20	4
100	312	20	2
115	312	20	1
168	312	20	1
173	312	20	3
202	312	20	2
205	312	20	1
211	312	20	2
233	312	20	1
247	312	20	1
94	313	20	1
107	313	20	1
139	313	20	1
158	313	20	1
164	313	20	1
174	313	20	2
182	313	20	1
197	313	20	1
201	313	20	1
212	313	20	1
217	313	20	2
227	313	20	2
241	313	20	1
152	314	20	1
201	314	20	1
202	314	20	1
237	314	20	2
259	314	20	2
266	314	20	1
268	314	20	1
110	315	20	2
133	315	20	1
148	315	20	1
150	315	20	1
156	315	20	2
175	315	20	1
194	315	20	1
198	315	20	2
215	315	20	2
240	315	20	1
243	315	20	1
250	315	20	1
256	315	20	2
259	315	20	1
260	315	20	2
265	315	20	2
98	316	20	1
126	316	20	1
131	316	20	1
146	316	20	3
178	316	20	1
179	316	20	1
182	316	20	2
198	316	20	1
202	316	20	1
228	316	20	2
232	316	20	1
234	316	20	1
235	316	20	2
244	316	20	1
256	316	20	1
257	316	20	1
95	317	20	1
103	317	20	1
129	317	20	3
152	317	20	1
162	317	20	1
177	317	20	1
202	317	20	1
232	317	20	1
233	317	20	1
242	317	20	3
267	317	20	1
98	318	20	1
113	318	20	1
126	318	20	1
129	318	20	1
133	318	20	1
185	318	20	1
187	318	20	1
247	318	20	1
256	318	20	1
257	318	20	1
258	318	20	2
261	318	20	2
100	319	20	2
140	319	20	1
153	319	20	1
168	319	20	1
171	319	20	1
193	319	20	3
233	319	20	2
242	319	20	1
258	319	20	2
179	320	20	2
180	320	20	1
182	320	20	1
187	320	20	1
195	320	20	1
204	320	20	1
234	320	20	2
244	320	20	1
250	320	20	2
94	321	20	3
140	321	20	1
183	321	20	2
195	321	20	1
197	321	20	1
210	321	20	1
231	321	20	1
254	321	20	1
257	321	20	1
264	321	20	1
92	322	20	1
97	322	20	1
127	322	20	2
178	322	20	1
180	322	20	1
185	322	20	1
187	322	20	2
190	322	20	1
193	322	20	1
198	322	20	2
257	322	20	1
258	322	20	2
99	323	20	2
106	323	20	3
108	323	20	1
111	323	20	2
118	323	20	1
164	323	20	1
177	323	20	1
180	323	20	3
186	323	20	1
193	323	20	2
194	323	20	1
214	323	20	3
222	323	20	1
233	323	20	3
234	323	20	1
236	323	20	2
237	323	20	2
264	323	20	1
149	324	20	2
165	324	20	3
169	324	20	2
173	324	20	2
177	324	20	1
185	324	20	5
198	324	20	2
200	324	20	1
224	324	20	1
126	325	20	1
139	325	20	2
185	325	20	1
187	325	20	1
188	325	20	2
190	325	20	1
196	325	20	1
205	325	20	1
207	325	20	1
216	325	20	3
228	325	20	1
259	325	20	1
122	326	20	1
130	326	20	3
177	326	20	2
188	326	20	1
191	326	20	1
199	326	20	2
203	326	20	1
212	326	20	1
217	326	20	2
139	327	20	1
153	327	20	1
161	327	20	1
179	327	20	2
189	327	20	3
190	327	20	1
212	327	20	2
228	327	20	1
244	327	20	1
261	327	20	2
135	328	20	2
144	328	20	2
156	328	20	1
167	328	20	1
179	328	20	2
183	328	20	1
198	328	20	2
212	328	20	1
257	328	20	1
261	328	20	1
98	329	20	1
106	329	20	2
117	329	20	1
147	329	20	1
158	329	20	1
165	329	20	1
169	329	20	1
179	329	20	2
221	329	20	2
253	329	20	2
97	330	20	2
122	330	20	1
124	330	20	3
129	330	20	1
131	330	20	3
150	330	20	1
157	330	20	1
179	330	20	1
181	330	20	1
195	330	20	1
260	330	20	1
100	331	20	1
118	331	20	1
145	331	20	3
177	331	20	3
179	331	20	1
186	331	20	1
200	331	20	1
201	331	20	2
205	331	20	2
255	331	20	2
104	332	20	3
114	332	20	2
140	332	20	3
150	332	20	1
172	332	20	3
192	332	20	1
198	332	20	1
199	332	20	2
216	332	20	3
232	332	20	1
260	332	20	1
132	333	20	1
137	333	20	4
157	333	20	1
161	333	20	1
175	333	20	1
179	333	20	1
193	333	20	3
204	333	20	1
210	333	20	2
227	333	20	1
244	333	20	1
261	333	20	1
131	334	20	1
151	334	20	3
153	334	20	1
158	334	20	2
160	334	20	1
177	334	20	2
183	334	20	1
207	334	20	3
253	334	20	2
210	335	20	2
237	335	20	1
239	335	20	1
137	336	20	1
144	336	20	1
163	336	20	2
169	336	20	2
175	336	20	3
205	336	20	1
224	336	20	1
248	336	20	1
260	336	20	1
194	337	20	3
205	337	20	1
217	337	20	2
236	337	20	1
246	337	20	3
169	338	20	1
173	338	20	2
183	338	20	1
198	338	20	1
173	339	20	2
186	339	20	2
242	339	20	1
177	340	20	1
225	340	20	1
233	340	20	1
242	340	20	1
248	340	20	1
157	341	20	1
213	341	20	2
214	341	20	1
173	342	20	2
217	342	20	1
210	343	20	2
219	343	20	1
223	343	20	1
229	343	20	1
161	344	20	1
178	344	20	2
242	344	20	4
244	344	20	1
209	345	20	1
240	345	20	2
241	345	20	2
243	345	20	1
213	346	20	1
161	348	20	3
192	348	20	1
232	348	20	1
179	349	20	1
186	349	20	3
190	349	20	2
195	349	20	1
229	349	20	3
235	349	20	1
165	350	20	1
169	350	20	1
231	350	20	1
197	352	20	2
231	352	20	1
184	353	20	1
212	353	20	2
224	353	20	1
231	353	20	1
178	354	20	2
230	354	20	2
210	355	20	1
229	356	20	3
182	357	20	1
198	357	20	2
199	357	20	1
207	357	20	1
215	357	20	1
222	358	20	1
171	359	20	2
173	359	20	1
175	359	20	1
178	359	20	1
200	359	20	1
218	359	20	1
173	360	20	3
176	360	20	1
180	360	20	1
186	360	20	2
206	360	20	1
203	361	20	2
205	361	20	3
192	362	20	2
204	363	20	2
197	365	20	1
129	222	21	1
172	224	21	1
175	225	21	1
177	225	21	1
155	226	21	1
183	226	21	1
146	228	21	1
147	228	21	2
161	228	21	2
182	228	21	1
154	230	21	1
173	230	21	1
188	230	21	1
110	231	21	1
129	231	21	3
137	231	21	2
136	233	21	2
129	234	21	1
140	235	21	1
215	235	21	1
131	236	21	1
147	236	21	1
214	236	21	2
127	237	21	2
131	237	21	1
132	237	21	1
136	237	21	1
144	237	21	2
154	237	21	2
164	237	21	3
172	237	21	1
178	237	21	1
191	237	21	1
131	238	21	2
132	238	21	1
148	238	21	2
149	238	21	1
151	238	21	1
131	239	21	2
135	239	21	1
136	239	21	4
139	239	21	1
178	239	21	1
195	239	21	1
126	240	21	1
128	240	21	1
130	240	21	1
132	240	21	2
137	240	21	2
138	240	21	2
141	240	21	1
146	240	21	1
151	240	21	1
171	240	21	1
212	240	21	1
241	240	21	1
129	241	21	3
132	241	21	1
133	241	21	2
134	241	21	3
135	241	21	1
147	241	21	1
214	241	21	1
126	242	21	2
128	242	21	1
137	242	21	1
143	242	21	4
144	242	21	2
116	243	21	2
128	243	21	1
129	243	21	2
136	243	21	1
138	243	21	1
142	243	21	2
143	243	21	1
213	243	21	1
132	244	21	1
141	244	21	2
102	245	21	1
149	245	21	1
194	245	21	2
245	245	21	1
135	246	21	3
137	246	21	1
132	247	21	2
149	247	21	1
197	247	21	1
212	248	21	2
134	249	21	1
216	249	21	1
126	250	21	1
131	250	21	1
217	250	21	2
117	251	21	1
217	251	21	1
232	251	21	1
148	252	21	1
158	252	21	1
219	252	21	1
220	252	21	1
225	253	21	1
228	253	21	4
223	254	21	1
169	255	21	3
226	255	21	2
231	255	21	1
122	256	21	1
231	256	21	1
107	257	21	1
197	257	21	1
232	257	21	3
140	258	21	4
160	259	21	1
163	259	21	1
160	260	21	1
231	260	21	1
130	261	21	2
201	261	21	2
163	262	21	3
189	262	21	1
133	263	21	1
161	264	21	1
162	264	21	1
175	264	21	2
135	265	21	3
161	265	21	2
162	265	21	2
215	265	21	3
222	265	21	2
139	266	21	1
161	266	21	3
221	266	21	1
162	267	21	2
183	268	21	2
117	269	21	2
154	269	21	3
160	269	21	1
178	269	21	2
208	269	21	1
115	270	21	2
117	270	21	1
120	270	21	1
126	270	21	1
164	270	21	1
120	271	21	2
117	272	21	1
124	272	21	1
158	272	21	3
159	272	21	1
164	272	21	2
166	272	21	2
167	272	21	2
173	272	21	1
175	272	21	1
120	273	21	1
133	273	21	1
151	273	21	1
166	273	21	1
177	273	21	1
178	273	21	2
224	273	21	2
225	273	21	1
134	274	21	3
167	274	21	2
176	274	21	1
224	274	21	1
114	275	21	2
165	275	21	1
179	275	21	1
165	276	21	1
173	276	21	1
175	276	21	2
219	276	21	3
221	276	21	3
223	276	21	1
267	276	21	2
119	277	21	1
174	277	21	1
218	277	21	1
219	277	21	1
117	278	21	1
157	278	21	1
171	278	21	1
218	278	21	2
221	278	21	2
169	279	21	2
178	279	21	1
225	279	21	1
125	280	21	1
167	280	21	1
168	280	21	1
177	280	21	3
204	280	21	2
205	280	21	2
219	280	21	2
227	280	21	1
169	281	21	3
175	281	21	2
225	281	21	1
226	281	21	1
170	282	21	2
173	282	21	1
220	282	21	1
173	283	21	2
216	283	21	1
217	283	21	1
206	284	21	3
222	284	21	1
224	284	21	1
123	285	21	2
223	285	21	1
101	286	21	3
217	286	21	1
220	286	21	2
223	286	21	1
152	287	21	2
134	288	21	3
205	288	21	1
217	288	21	1
220	288	21	1
224	288	21	3
217	289	21	2
223	289	21	1
219	290	21	2
221	290	21	1
222	290	21	1
106	291	21	1
178	291	21	2
219	291	21	3
244	292	21	1
196	293	21	2
216	293	21	1
217	293	21	1
193	294	21	1
140	295	21	1
218	295	21	2
245	295	21	1
271	295	21	1
126	296	21	1
156	296	21	1
218	296	21	1
150	297	21	1
214	297	21	1
217	297	21	1
262	297	21	2
162	298	21	1
230	298	21	1
232	298	21	3
192	299	21	1
153	300	21	1
214	300	21	1
239	300	21	2
267	300	21	1
210	301	21	2
230	301	21	1
189	302	21	1
264	302	21	1
186	303	21	3
207	303	21	1
239	303	21	1
187	304	21	1
235	304	21	1
240	304	21	1
267	304	21	1
204	305	21	2
210	305	21	1
241	305	21	2
181	306	21	2
208	306	21	1
209	306	21	2
235	306	21	1
258	306	21	2
210	307	21	2
238	307	21	1
243	307	21	1
201	308	21	1
232	308	21	2
240	308	21	1
256	308	21	1
260	308	21	1
100	309	21	3
129	309	21	1
261	309	21	1
264	309	21	3
265	309	21	1
112	310	21	1
132	310	21	1
149	310	21	3
176	310	21	1
230	310	21	2
231	310	21	1
93	311	21	2
204	311	21	1
212	311	21	1
260	311	21	2
167	312	21	3
199	312	21	3
203	312	21	1
227	312	21	1
230	312	21	1
256	312	21	1
257	312	21	1
258	312	21	1
116	313	21	1
200	313	21	4
258	313	21	2
261	313	21	1
172	314	21	1
204	314	21	1
230	314	21	1
237	314	21	2
163	315	21	1
179	315	21	1
211	315	21	1
214	315	21	1
256	315	21	1
258	315	21	1
265	315	21	1
181	316	21	2
203	316	21	1
237	316	21	1
254	316	21	1
256	316	21	1
260	316	21	1
166	317	21	1
178	317	21	2
180	317	21	1
200	317	21	1
232	317	21	1
257	317	21	2
264	317	21	2
146	318	21	1
170	318	21	1
177	318	21	1
233	318	21	2
240	318	21	1
264	318	21	1
266	318	21	1
152	319	21	3
184	319	21	1
247	319	21	2
261	319	21	3
92	320	21	4
257	320	21	3
258	320	21	1
262	320	21	1
132	321	21	1
167	321	21	2
183	321	21	2
185	321	21	1
187	321	21	1
249	321	21	1
258	321	21	1
260	321	21	2
178	322	21	4
182	322	21	1
187	322	21	1
199	322	21	1
258	322	21	1
98	323	21	1
181	323	21	1
185	323	21	1
192	323	21	1
201	323	21	1
243	323	21	1
261	323	21	1
141	324	21	3
162	324	21	1
180	324	21	3
195	324	21	2
177	325	21	1
181	325	21	1
186	325	21	1
187	325	21	1
195	325	21	1
199	325	21	1
96	326	21	1
181	326	21	1
189	326	21	1
94	327	21	2
156	327	21	2
180	327	21	1
147	328	21	2
173	328	21	2
202	328	21	1
157	329	21	4
131	330	21	2
228	330	21	2
141	331	21	2
153	331	21	3
257	331	21	1
260	331	21	1
181	332	21	1
260	332	21	1
261	332	21	1
210	333	21	1
121	334	21	3
223	334	21	1
255	334	21	1
260	334	21	1
134	335	21	1
237	335	21	2
183	336	21	1
259	336	21	1
260	336	21	1
175	337	21	1
145	338	21	1
180	338	21	1
240	338	21	2
148	339	21	2
175	339	21	1
189	339	21	1
175	340	21	1
177	340	21	2
231	340	21	1
237	340	21	2
215	341	21	3
225	341	21	2
244	341	21	1
231	342	21	2
241	344	21	3
241	345	21	5
236	348	21	1
173	349	21	3
198	349	21	2
231	350	21	1
221	354	21	3
181	355	21	1
175	356	21	1
126	226	22	2
154	228	22	1
154	229	22	1
134	234	22	1
139	234	22	1
147	234	22	1
142	235	22	2
132	236	22	2
139	236	22	1
140	236	22	1
129	237	22	1
130	237	22	1
133	237	22	1
135	237	22	1
143	237	22	1
129	238	22	4
139	238	22	2
141	238	22	3
132	239	22	1
149	239	22	2
213	239	22	3
129	240	22	2
141	240	22	1
152	240	22	1
216	240	22	2
133	241	22	1
136	241	22	2
137	241	22	1
139	241	22	1
146	241	22	1
148	241	22	1
153	241	22	2
215	241	22	1
117	242	22	2
129	242	22	1
131	242	22	3
132	242	22	1
134	242	22	1
135	242	22	2
215	242	22	2
136	243	22	1
149	243	22	1
136	244	22	1
133	245	22	1
132	246	22	1
217	250	22	1
216	251	22	1
219	251	22	2
226	254	22	1
161	255	22	1
229	255	22	1
150	256	22	1
163	256	22	2
196	256	22	1
228	256	22	2
160	258	22	2
163	258	22	1
197	258	22	1
162	259	22	1
232	259	22	1
161	260	22	2
197	260	22	1
163	261	22	1
163	264	22	2
119	267	22	3
160	267	22	2
157	268	22	1
165	268	22	3
195	268	22	1
122	269	22	1
155	269	22	2
159	269	22	1
121	270	22	2
122	270	22	4
125	270	22	3
127	270	22	1
155	270	22	1
165	270	22	1
156	271	22	1
164	271	22	1
165	271	22	1
176	271	22	2
181	271	22	2
116	272	22	1
120	272	22	2
170	273	22	2
174	273	22	1
226	273	22	2
154	274	22	2
156	274	22	5
169	274	22	1
174	274	22	1
177	274	22	3
164	275	22	1
165	275	22	1
177	275	22	2
227	275	22	1
177	276	22	3
170	277	22	1
176	277	22	3
176	278	22	1
190	278	22	1
227	278	22	1
171	279	22	1
226	279	22	2
167	280	22	1
170	280	22	1
173	280	22	3
224	280	22	1
227	280	22	1
170	281	22	1
175	282	22	2
226	282	22	1
202	284	22	1
271	284	22	2
271	287	22	1
219	288	22	1
271	289	22	1
217	290	22	1
219	292	22	1
266	294	22	2
269	296	22	2
217	297	22	1
220	297	22	1
268	297	22	2
216	299	22	2
214	300	22	1
267	300	22	2
189	301	22	2
211	301	22	1
238	302	22	2
264	302	22	1
212	303	22	2
238	303	22	1
268	303	22	3
186	304	22	1
210	304	22	1
263	304	22	1
240	305	22	2
232	306	22	1
182	307	22	1
204	307	22	3
205	307	22	1
234	307	22	3
207	308	22	1
235	308	22	3
201	309	22	1
206	309	22	1
231	309	22	3
204	310	22	1
207	310	22	2
250	310	22	1
259	310	22	2
260	310	22	1
231	311	22	2
264	311	22	1
258	312	22	2
260	312	22	2
260	313	22	2
261	313	22	2
200	314	22	1
236	314	22	1
179	315	22	1
257	315	22	1
263	315	22	1
262	316	22	1
236	317	22	3
256	317	22	1
176	318	22	3
240	318	22	2
260	318	22	3
184	320	22	1
260	320	22	1
182	321	22	1
191	321	22	1
257	321	22	1
181	322	22	1
185	322	22	3
259	322	22	1
185	323	22	1
187	323	22	1
191	323	22	1
194	323	22	1
197	323	22	2
258	323	22	1
261	323	22	2
179	324	22	1
180	324	22	2
181	324	22	1
182	324	22	1
184	324	22	2
194	324	22	2
146	325	22	1
182	325	22	1
184	325	22	1
215	325	22	1
202	326	22	1
259	326	22	1
260	326	22	1
184	328	22	1
200	328	22	3
99	329	22	2
201	329	22	2
182	330	22	1
94	331	22	1
259	331	22	1
100	332	22	1
178	334	22	1
180	334	22	1
259	334	22	1
176	335	22	4
179	337	22	1
179	339	22	1
235	340	22	1
243	343	22	2
245	343	22	2
242	344	22	3
244	344	22	1
182	351	22	1
156	225	23	2
157	225	23	2
175	225	23	3
180	225	23	1
155	228	23	3
157	228	23	3
157	229	23	2
156	230	23	2
157	231	23	4
158	231	23	2
144	233	23	1
134	234	23	1
140	234	23	1
143	234	23	1
146	234	23	1
140	235	23	1
143	235	23	2
144	235	23	3
145	235	23	1
146	235	23	1
148	235	23	1
133	236	23	1
144	236	23	2
146	236	23	1
150	236	23	1
133	237	23	1
142	237	23	1
214	237	23	1
138	238	23	1
139	238	23	2
140	238	23	1
145	238	23	2
150	238	23	1
217	238	23	1
131	239	23	2
138	239	23	5
148	239	23	1
142	240	23	2
130	241	23	2
132	241	23	3
135	241	23	2
141	241	23	2
142	241	23	1
145	241	23	5
150	241	23	2
132	242	23	1
146	242	23	2
149	242	23	1
213	242	23	1
215	242	23	1
132	243	23	1
134	243	23	1
140	243	23	2
214	243	23	3
227	243	23	1
134	244	23	1
139	244	23	2
142	244	23	1
145	244	23	1
134	246	23	1
215	246	23	1
227	249	23	2
218	250	23	1
219	251	23	1
223	253	23	1
224	253	23	1
223	254	23	1
162	255	23	3
226	255	23	1
231	255	23	2
193	257	23	3
224	257	23	1
220	262	23	1
119	263	23	1
119	264	23	1
122	264	23	3
119	267	23	1
124	267	23	1
162	267	23	1
127	268	23	1
117	269	23	1
156	270	23	3
166	271	23	1
168	271	23	2
164	273	23	1
165	273	23	1
177	273	23	1
169	274	23	1
176	274	23	2
178	274	23	1
179	274	23	2
167	275	23	1
173	275	23	1
224	275	23	1
140	276	23	1
172	276	23	1
179	276	23	1
176	277	23	4
177	278	23	2
219	279	23	2
177	281	23	1
210	281	23	2
174	282	23	2
176	282	23	1
206	282	23	1
174	283	23	1
172	284	23	1
173	284	23	4
202	285	23	2
271	285	23	2
222	291	23	1
271	292	23	1
267	293	23	1
269	293	23	2
271	293	23	2
219	294	23	1
266	294	23	1
215	296	23	2
218	296	23	1
269	297	23	1
267	298	23	2
269	298	23	3
264	299	23	2
207	301	23	4
235	301	23	2
264	301	23	1
268	301	23	2
211	302	23	1
239	302	23	1
266	302	23	1
237	304	23	3
208	305	23	1
264	305	23	2
265	305	23	2
239	306	23	1
267	306	23	2
181	307	23	3
206	307	23	1
235	307	23	2
236	307	23	1
240	307	23	2
241	308	23	2
262	308	23	1
266	308	23	2
179	309	23	1
181	309	23	2
182	309	23	2
203	309	23	1
257	309	23	2
261	309	23	3
176	310	23	4
257	310	23	1
257	311	23	1
175	312	23	3
261	312	23	1
176	313	23	1
203	313	23	2
262	313	23	1
176	314	23	1
204	314	23	2
232	314	23	1
263	314	23	1
179	315	23	1
203	315	23	2
238	315	23	1
245	315	23	2
257	315	23	2
259	315	23	1
258	316	23	2
261	316	23	3
179	317	23	2
181	317	23	1
256	317	23	2
258	317	23	1
265	317	23	1
182	318	23	2
184	318	23	2
254	318	23	1
257	318	23	1
259	318	23	1
166	319	23	2
182	319	23	1
241	319	23	1
258	319	23	1
259	319	23	1
261	319	23	1
183	321	23	1
187	321	23	1
256	321	23	1
260	321	23	1
187	322	23	1
236	322	23	1
184	323	23	1
185	323	23	3
178	324	23	1
260	324	23	1
186	325	23	1
188	325	23	2
194	326	23	2
259	326	23	1
184	327	23	1
94	328	23	2
97	328	23	1
199	328	23	2
203	328	23	1
96	329	23	1
186	329	23	1
94	330	23	2
184	330	23	2
102	331	23	2
201	331	23	1
260	331	23	1
260	332	23	1
182	333	23	1
192	334	23	1
146	335	23	1
175	336	23	1
260	336	23	2
235	340	23	1
240	342	23	1
242	342	23	1
243	343	23	5
244	344	23	1
240	345	23	2
176	358	23	1
179	222	24	1
181	222	24	4
178	223	24	2
181	223	24	1
178	224	24	3
160	225	24	2
157	226	24	2
174	226	24	3
178	226	24	1
157	227	24	1
157	228	24	2
154	229	24	1
157	229	24	2
151	231	24	4
157	233	24	2
141	234	24	3
151	234	24	1
135	235	24	1
136	235	24	1
151	235	24	1
137	236	24	2
139	236	24	3
141	236	24	1
144	236	24	2
146	236	24	1
151	236	24	1
137	237	24	1
138	237	24	1
145	237	24	2
150	237	24	1
132	238	24	3
137	238	24	1
148	238	24	1
149	238	24	1
150	238	24	1
132	239	24	1
133	239	24	1
142	239	24	1
145	239	24	1
148	239	24	2
132	240	24	2
137	240	24	1
142	240	24	2
226	242	24	1
139	243	24	2
141	243	24	2
149	243	24	5
139	244	24	1
146	244	24	2
135	245	24	1
142	246	24	2
227	246	24	1
139	247	24	1
228	247	24	3
215	248	24	1
224	248	24	2
138	249	24	1
225	252	24	1
141	253	24	3
227	254	24	1
143	255	24	2
197	257	24	1
120	261	24	2
196	261	24	1
198	261	24	2
117	262	24	1
118	262	24	1
119	262	24	1
219	262	24	1
222	262	24	1
121	263	24	1
221	263	24	3
118	264	24	2
122	264	24	1
163	264	24	1
118	265	24	1
124	265	24	2
127	265	24	1
119	266	24	1
126	266	24	1
166	268	24	2
156	269	24	2
165	269	24	1
127	270	24	2
163	270	24	1
131	271	24	1
181	271	24	3
128	272	24	1
166	272	24	2
177	273	24	3
182	273	24	1
166	274	24	2
179	274	24	1
166	275	24	2
167	275	24	1
171	276	24	1
178	276	24	1
181	276	24	1
168	277	24	1
170	277	24	2
177	277	24	1
180	277	24	1
171	278	24	1
175	278	24	1
179	278	24	1
180	278	24	1
170	279	24	1
171	279	24	1
173	279	24	1
180	279	24	1
169	280	24	1
172	280	24	1
179	281	24	1
176	282	24	1
173	283	24	1
204	283	24	1
176	284	24	1
177	284	24	2
276	286	24	1
277	288	24	1
201	289	24	4
275	289	24	1
270	290	24	1
274	290	24	2
222	291	24	1
269	292	24	2
197	293	24	2
194	294	24	1
237	294	24	1
266	295	24	1
191	296	24	1
236	297	24	1
269	297	24	1
268	298	24	2
236	299	24	3
265	299	24	3
189	300	24	4
235	300	24	1
238	300	24	3
263	300	24	4
238	301	24	1
265	301	24	1
267	301	24	1
235	302	24	1
242	302	24	1
207	303	24	1
234	303	24	2
237	303	24	1
186	304	24	2
235	304	24	1
236	304	24	1
237	304	24	1
238	304	24	1
240	305	24	1
241	305	24	1
259	305	24	1
262	305	24	4
263	305	24	1
264	305	24	1
206	306	24	3
242	306	24	2
263	306	24	2
266	306	24	1
259	307	24	1
206	308	24	3
209	308	24	1
235	308	24	1
260	308	24	2
263	308	24	1
264	308	24	1
232	309	24	1
237	309	24	3
261	309	24	1
178	310	24	1
202	310	24	2
204	310	24	3
238	310	24	1
240	310	24	1
260	310	24	1
206	311	24	1
231	311	24	3
234	311	24	2
257	311	24	1
239	312	24	1
240	312	24	4
257	312	24	1
263	312	24	1
177	313	24	1
199	313	24	1
209	313	24	3
175	314	24	1
176	314	24	1
203	314	24	2
211	314	24	1
234	314	24	2
237	314	24	1
257	314	24	5
259	314	24	2
175	315	24	2
177	315	24	1
211	315	24	1
258	315	24	1
260	315	24	3
213	316	24	1
169	317	24	1
185	317	24	2
262	317	24	1
167	318	24	1
168	318	24	1
169	318	24	1
179	318	24	2
253	318	24	2
258	318	24	1
184	319	24	1
257	319	24	1
261	319	24	2
262	319	24	1
166	320	24	1
186	321	24	1
238	321	24	2
259	321	24	1
237	322	24	3
241	322	24	1
242	322	24	2
179	323	24	2
187	323	24	2
195	323	24	1
236	323	24	1
186	324	24	1
259	324	24	2
185	325	24	3
185	326	24	3
258	326	24	1
261	326	24	1
183	327	24	3
184	327	24	1
201	327	24	2
99	329	24	3
154	329	24	1
183	329	24	3
185	329	24	3
186	329	24	1
261	329	24	2
97	330	24	1
103	330	24	2
105	330	24	2
132	330	24	2
97	332	24	2
102	332	24	4
257	332	24	1
260	332	24	2
258	333	24	1
259	333	24	2
178	334	24	3
257	334	24	1
146	335	24	1
181	335	24	2
245	335	24	1
258	336	24	1
259	337	24	1
181	359	24	2
179	223	25	1
181	223	25	3
179	224	25	1
157	226	25	3
155	228	25	1
157	228	25	1
158	228	25	2
155	229	25	2
155	231	25	2
161	232	25	2
134	235	25	1
135	235	25	2
136	235	25	2
142	235	25	1
143	235	25	1
144	235	25	1
135	236	25	2
133	237	25	1
134	237	25	2
139	237	25	1
141	237	25	1
247	237	25	3
249	237	25	1
140	238	25	1
131	239	25	1
133	239	25	1
135	239	25	1
136	239	25	1
138	239	25	1
132	240	25	2
134	241	25	2
136	241	25	1
226	241	25	1
134	242	25	1
227	243	25	1
135	244	25	3
133	246	25	2
135	246	25	1
139	246	25	1
138	250	25	1
136	251	25	3
230	251	25	2
224	257	25	2
121	258	25	1
225	258	25	2
121	259	25	1
223	260	25	1
119	261	25	1
123	262	25	1
119	263	25	1
120	264	25	2
215	264	25	2
122	266	25	2
123	266	25	4
128	266	25	2
261	266	25	1
181	271	25	1
180	274	25	1
175	276	25	1
177	276	25	1
178	276	25	1
165	277	25	1
164	278	25	1
165	278	25	2
170	278	25	3
178	278	25	1
165	279	25	1
170	279	25	1
177	279	25	1
273	279	25	1
170	280	25	1
274	280	25	1
276	280	25	1
169	281	25	1
176	281	25	1
172	282	25	1
275	285	25	1
277	287	25	1
277	288	25	2
199	289	25	1
270	290	25	2
271	290	25	1
277	290	25	1
271	291	25	4
266	292	25	2
269	294	25	2
266	295	25	1
269	296	25	1
238	297	25	3
266	297	25	2
268	297	25	1
238	299	25	1
266	300	25	1
240	301	25	2
264	301	25	1
265	301	25	1
238	302	25	3
234	305	25	1
235	305	25	2
236	305	25	1
233	306	25	1
236	307	25	1
264	307	25	1
243	308	25	1
230	309	25	1
258	309	25	1
262	309	25	1
208	310	25	1
206	311	25	1
208	311	25	1
230	311	25	1
233	311	25	1
258	311	25	2
260	311	25	1
262	311	25	5
259	312	25	1
260	312	25	2
263	312	25	2
260	313	25	1
209	314	25	2
232	314	25	2
256	314	25	4
257	314	25	2
258	314	25	1
210	316	25	1
256	316	25	1
257	317	25	2
259	318	25	2
256	319	25	1
258	319	25	1
257	320	25	1
238	321	25	1
241	321	25	3
258	321	25	1
239	323	25	1
258	325	25	1
188	327	25	2
258	327	25	1
183	329	25	3
259	331	25	2
153	332	25	1
144	337	25	2
180	221	26	1
180	222	26	1
181	223	26	2
179	224	26	1
157	228	26	1
157	230	26	3
159	230	26	1
160	230	26	1
168	230	26	4
157	231	26	1
142	233	26	1
144	233	26	1
142	234	26	2
144	234	26	1
152	234	26	2
246	234	26	1
139	235	26	1
145	235	26	2
246	235	26	3
248	236	26	1
250	236	26	3
135	237	26	1
140	237	26	1
142	237	26	1
143	237	26	1
248	237	26	2
136	238	26	2
137	238	26	1
131	239	26	1
134	240	26	1
110	241	26	1
131	241	26	1
226	241	26	1
101	242	26	1
132	242	26	2
136	244	26	2
137	245	26	1
228	247	26	1
226	248	26	1
230	248	26	4
224	249	26	1
227	250	26	1
124	252	26	1
226	252	26	1
121	257	26	4
122	257	26	2
121	258	26	2
120	259	26	3
123	259	26	2
125	266	26	2
123	267	26	2
120	268	26	1
119	269	26	1
122	269	26	1
123	269	26	1
126	269	26	1
122	270	26	2
124	271	26	1
176	275	26	3
177	276	26	1
169	278	26	1
175	278	26	1
177	278	26	1
165	280	26	1
173	280	26	1
174	280	26	1
274	280	26	1
273	281	26	1
167	282	26	2
177	282	26	4
175	283	26	1
273	283	26	1
274	283	26	1
274	284	26	2
268	293	26	1
272	293	26	2
271	294	26	2
268	295	26	1
235	298	26	1
231	307	26	1
237	307	26	1
231	309	26	2
262	309	26	1
230	310	26	3
209	311	26	1
262	311	26	1
243	312	26	1
257	312	26	2
209	313	26	2
211	314	26	1
260	314	26	1
262	314	26	1
211	315	26	2
211	316	26	1
260	316	26	3
256	317	26	1
258	318	26	3
237	319	26	1
259	319	26	1
239	320	26	3
241	320	26	2
242	322	26	1
186	359	26	1
186	360	26	1
183	221	27	1
183	222	27	1
180	223	27	1
179	226	27	2
155	231	27	4
161	231	27	1
162	231	27	2
164	231	27	1
161	232	27	2
164	232	27	2
144	234	27	1
154	234	27	1
145	235	27	1
146	235	27	1
250	235	27	2
136	236	27	2
249	236	27	2
135	237	27	3
137	237	27	1
138	237	27	2
176	237	27	3
243	237	27	2
138	238	27	1
139	238	27	1
146	238	27	1
241	238	27	1
243	238	27	1
244	238	27	3
246	238	27	1
248	238	27	3
249	238	27	3
182	239	27	1
234	239	27	2
241	239	27	1
243	239	27	1
139	240	27	2
133	241	27	1
135	241	27	2
226	241	27	1
134	242	27	1
134	243	27	1
226	244	27	1
233	245	27	2
246	245	27	2
228	246	27	2
227	251	27	1
229	251	27	1
120	256	27	1
122	256	27	2
122	257	27	1
126	257	27	1
122	258	27	2
124	258	27	2
125	267	27	2
126	267	27	1
259	267	27	1
119	268	27	1
121	268	27	1
122	270	27	1
123	270	27	2
127	270	27	2
127	271	27	1
174	276	27	1
173	277	27	2
174	277	27	1
175	277	27	2
167	279	27	2
172	279	27	1
174	279	27	1
175	279	27	1
274	280	27	1
170	281	27	2
173	281	27	1
175	281	27	3
177	281	27	1
275	281	27	2
165	282	27	1
175	282	27	1
178	282	27	1
274	282	27	1
275	282	27	2
178	283	27	1
271	283	27	2
272	283	27	1
273	283	27	3
170	284	27	1
173	284	27	1
274	284	27	1
273	285	27	1
178	286	27	1
177	294	27	1
191	294	27	1
232	302	27	1
264	302	27	1
266	303	27	1
236	306	27	3
240	308	27	1
201	309	27	1
233	309	27	3
257	309	27	2
261	309	27	3
230	310	27	1
209	311	27	1
258	312	27	2
259	312	27	1
202	314	27	1
208	314	27	1
209	315	27	1
210	315	27	3
261	317	27	1
239	319	27	2
256	319	27	1
240	320	27	1
238	322	27	1
261	324	27	1
233	326	27	1
186	357	27	1
186	360	27	1
160	231	28	2
162	231	28	1
164	231	28	2
165	231	28	1
166	231	28	2
167	231	28	2
162	232	28	1
164	232	28	3
165	232	28	2
152	233	28	1
156	233	28	1
166	234	28	2
145	235	28	1
153	235	28	2
243	235	28	1
246	235	28	1
136	236	28	1
138	236	28	4
143	236	28	2
248	236	28	1
249	236	28	1
251	236	28	1
137	237	28	1
242	237	28	2
243	237	28	1
249	237	28	2
136	238	28	2
139	238	28	1
141	238	28	3
244	238	28	1
246	238	28	3
137	239	28	3
144	239	28	2
134	240	28	1
139	240	28	1
140	240	28	1
139	241	28	1
179	241	28	3
185	241	28	1
114	243	28	1
227	243	28	2
235	243	28	2
249	243	28	1
189	244	28	1
231	245	28	2
193	246	28	1
194	247	28	2
234	249	28	1
125	251	28	1
193	251	28	3
234	251	28	1
124	252	28	1
124	254	28	1
126	254	28	2
124	256	28	2
127	256	28	2
126	257	28	2
257	264	28	1
259	266	28	1
124	267	28	1
127	267	28	1
262	268	28	1
124	269	28	1
121	270	28	2
126	270	28	4
121	271	28	1
127	271	28	1
170	271	28	2
167	272	28	1
134	274	28	1
129	275	28	1
134	276	28	2
129	277	28	1
171	277	28	1
172	279	28	1
175	279	28	2
176	279	28	1
172	280	28	3
177	280	28	4
178	280	28	2
276	280	28	2
172	281	28	1
174	281	28	1
274	281	28	1
172	282	28	2
176	282	28	4
178	282	28	1
275	282	28	1
170	283	28	1
171	283	28	2
174	283	28	1
275	283	28	1
168	284	28	1
175	284	28	1
176	284	28	1
275	284	28	1
164	285	28	2
167	285	28	1
169	285	28	2
170	285	28	2
178	285	28	3
179	285	28	2
168	288	28	1
193	294	28	1
197	295	28	2
179	299	28	1
230	306	28	1
232	306	28	1
227	307	28	2
234	307	28	1
207	308	28	1
225	308	28	3
208	310	28	1
222	310	28	4
211	311	28	1
211	313	28	1
259	313	28	2
208	314	28	1
260	314	28	1
210	315	28	2
211	315	28	1
210	316	28	1
240	317	28	1
242	317	28	2
262	317	28	1
239	319	28	2
240	319	28	2
239	321	28	1
240	321	28	2
232	325	28	1
96	327	28	1
94	328	28	2
133	328	28	1
96	331	28	2
96	332	28	1
160	233	29	1
252	236	29	2
142	237	29	1
249	237	29	1
140	238	29	1
179	238	29	1
250	238	29	4
251	238	29	1
183	239	29	1
186	239	29	1
115	240	29	1
178	240	29	1
179	240	29	1
181	240	29	1
186	240	29	3
190	240	29	2
134	242	29	1
237	242	29	1
188	243	29	1
190	243	29	2
234	243	29	2
236	243	29	2
190	245	29	1
191	245	29	1
189	249	29	1
127	253	29	2
134	255	29	1
125	257	29	1
131	257	29	2
259	267	29	2
261	267	29	1
125	268	29	2
257	268	29	1
261	268	29	1
162	269	29	2
124	271	29	2
129	271	29	3
121	272	29	2
125	272	29	1
127	272	29	1
135	272	29	1
137	272	29	3
137	273	29	1
166	273	29	1
167	273	29	3
168	273	29	2
128	274	29	2
168	274	29	1
171	275	29	1
167	278	29	2
168	278	29	2
169	278	29	1
170	278	29	2
174	278	29	1
170	279	29	1
175	279	29	1
164	280	29	3
175	280	29	2
175	281	29	1
161	282	29	1
162	282	29	2
174	282	29	4
175	282	29	1
274	282	29	1
275	282	29	1
276	282	29	1
165	283	29	2
168	283	29	1
174	283	29	1
275	283	29	1
276	283	29	1
161	284	29	1
164	284	29	2
177	284	29	1
275	284	29	2
276	284	29	1
277	284	29	1
177	285	29	1
276	285	29	2
169	287	29	1
270	294	29	2
176	295	29	1
181	299	29	2
183	300	29	1
235	304	29	2
204	307	29	4
235	307	29	3
236	307	29	2
204	308	29	1
206	308	29	2
211	308	29	1
225	308	29	1
233	308	29	3
203	309	29	1
227	309	29	3
229	309	29	1
111	310	29	1
203	310	29	1
202	311	29	2
206	311	29	2
207	311	29	2
211	312	29	3
212	312	29	2
205	313	29	1
209	313	29	1
221	313	29	1
258	313	29	1
245	315	29	2
241	316	29	1
255	316	29	3
259	317	29	1
262	317	29	1
241	318	29	1
239	320	29	1
243	320	29	4
239	321	29	2
126	324	29	1
123	325	29	1
126	325	29	2
121	326	29	2
93	327	29	1
94	327	29	2
125	327	29	1
127	327	29	1
96	328	29	2
98	329	29	1
95	330	29	3
95	331	29	3
97	331	29	1
94	332	29	2
95	332	29	1
143	332	29	4
95	333	29	1
185	360	29	1
187	360	29	3
187	361	29	1
114	226	30	1
192	234	30	1
176	237	30	1
175	238	30	1
179	238	30	1
183	238	30	1
181	239	30	1
186	239	30	1
177	240	30	1
178	240	30	2
181	240	30	1
184	240	30	2
179	241	30	2
172	242	30	1
181	242	30	2
182	242	30	3
189	242	30	2
182	243	30	1
183	243	30	1
186	243	30	1
189	243	30	1
193	244	30	2
190	245	30	2
191	245	30	1
125	255	30	1
250	255	30	1
129	256	30	1
132	256	30	2
250	257	30	2
126	258	30	1
133	259	30	2
131	260	30	2
257	261	30	1
128	265	30	1
259	266	30	2
262	267	30	4
258	268	30	2
126	269	30	3
259	269	30	1
123	270	30	2
125	270	30	1
134	270	30	1
168	270	30	1
122	271	30	2
127	271	30	1
138	271	30	1
139	271	30	3
165	271	30	1
166	271	30	2
123	272	30	1
124	272	30	4
125	272	30	1
135	272	30	1
123	273	30	1
138	273	30	2
139	274	30	3
142	274	30	1
167	274	30	1
139	275	30	2
168	278	30	1
163	279	30	1
169	279	30	2
164	280	30	1
276	281	30	1
175	282	30	2
276	282	30	1
163	283	30	1
276	283	30	2
164	284	30	1
274	284	30	1
275	284	30	1
165	285	30	2
275	285	30	1
163	286	30	1
165	287	30	2
170	287	30	3
162	288	30	1
176	292	30	3
177	296	30	1
194	305	30	1
194	306	30	1
189	308	30	1
205	308	30	2
190	309	30	2
204	310	30	1
208	310	30	1
212	310	30	2
211	311	30	1
247	311	30	1
207	312	30	2
208	312	30	1
225	312	30	1
207	314	30	1
243	320	30	1
213	322	30	1
124	323	30	1
99	327	30	1
99	329	30	2
98	330	30	1
93	331	30	2
97	331	30	1
98	331	30	1
186	349	30	3
218	361	30	1
190	232	31	1
174	239	31	1
178	240	31	1
179	240	31	1
240	240	31	3
178	241	31	3
183	241	31	1
188	241	31	3
174	242	31	2
176	242	31	1
179	242	31	1
172	243	31	3
174	243	31	1
176	243	31	1
185	243	31	3
186	243	31	2
188	243	31	1
189	243	31	1
173	245	31	1
185	245	31	1
186	245	31	2
187	245	31	1
188	245	31	1
190	245	31	2
174	246	31	2
124	256	31	2
126	256	31	1
129	256	31	2
123	257	31	2
147	257	31	2
133	258	31	2
124	259	31	1
129	259	31	1
148	259	31	1
258	262	31	1
256	263	31	1
257	263	31	1
127	264	31	1
258	265	31	1
259	265	31	4
261	265	31	3
257	266	31	1
127	267	31	2
260	267	31	1
125	268	31	1
260	268	31	1
127	269	31	1
129	269	31	1
123	270	31	1
125	270	31	1
134	270	31	1
129	271	31	1
135	271	31	1
136	271	31	2
260	271	31	2
127	272	31	3
132	272	31	1
135	272	31	1
163	273	31	2
140	274	31	2
143	274	31	2
162	274	31	1
165	275	31	2
166	275	31	1
146	276	31	1
166	277	31	1
262	279	31	3
259	280	31	1
159	281	31	2
261	281	31	3
159	282	31	2
162	282	31	3
259	282	31	2
275	282	31	1
276	282	31	2
165	283	31	3
167	283	31	1
275	283	31	1
276	283	31	2
162	284	31	1
166	284	31	2
167	284	31	1
275	284	31	3
276	284	31	1
163	285	31	2
165	285	31	3
276	285	31	1
162	286	31	4
163	286	31	1
163	287	31	3
166	290	31	1
172	292	31	1
174	293	31	1
182	298	31	2
191	307	31	1
193	307	31	1
197	307	31	1
206	307	31	1
188	308	31	2
191	309	31	1
192	309	31	1
197	310	31	1
198	310	31	1
204	310	31	1
189	311	31	1
203	311	31	2
245	311	31	2
205	312	31	1
210	312	31	2
222	312	31	1
190	313	31	1
200	315	31	1
211	315	31	1
220	315	31	2
211	317	31	2
246	318	31	1
206	319	31	2
212	319	31	1
242	321	31	1
242	322	31	1
236	323	31	1
128	325	31	1
98	326	31	1
98	327	31	2
96	328	31	3
94	329	31	1
98	329	31	1
132	329	31	1
94	330	31	1
95	331	31	1
96	331	31	2
97	331	31	2
96	332	31	1
96	333	31	1
97	333	31	2
97	334	31	3
174	339	31	1
187	346	31	1
182	349	31	3
186	349	31	2
184	350	31	2
223	361	31	1
113	225	32	4
114	225	32	1
112	226	32	1
114	226	32	2
180	241	32	1
183	242	32	2
185	242	32	1
187	242	32	3
188	242	32	3
176	243	32	1
173	244	32	2
181	244	32	2
180	245	32	1
181	245	32	1
186	245	32	1
193	246	32	2
175	247	32	1
149	251	32	1
134	254	32	1
250	255	32	2
147	257	32	1
149	257	32	1
254	257	32	1
165	258	32	1
253	258	32	2
133	259	32	3
134	259	32	2
157	259	32	1
256	259	32	1
128	260	32	2
130	263	32	1
261	263	32	1
128	265	32	1
258	265	32	1
259	265	32	1
261	265	32	1
262	265	32	2
124	267	32	1
129	267	32	1
260	267	32	1
126	268	32	4
165	268	32	2
260	268	32	1
124	269	32	2
129	269	32	2
262	269	32	1
126	270	32	3
125	271	32	2
139	272	32	2
140	273	32	1
166	273	32	1
167	273	32	2
165	274	32	1
167	274	32	2
164	276	32	1
157	277	32	2
260	277	32	1
161	279	32	2
167	280	32	1
275	281	32	1
276	281	32	2
164	282	32	1
262	282	32	1
276	282	32	1
164	283	32	1
161	284	32	1
164	284	32	1
167	284	32	2
163	285	32	1
162	287	32	1
163	287	32	3
166	289	32	3
167	289	32	1
165	295	32	1
116	304	32	1
118	304	32	1
114	307	32	1
187	307	32	3
187	308	32	1
188	308	32	1
194	308	32	1
195	308	32	1
196	308	32	1
205	308	32	2
112	309	32	1
188	309	32	1
113	310	32	1
195	310	32	1
196	310	32	3
202	310	32	4
113	311	32	2
196	311	32	1
198	311	32	1
203	311	32	1
210	311	32	1
225	311	32	1
244	311	32	2
246	311	32	1
201	312	32	1
246	312	32	2
247	312	32	1
200	313	32	1
212	313	32	1
225	313	32	1
211	315	32	2
223	315	32	2
243	316	32	1
245	318	32	1
207	319	32	1
210	319	32	1
201	320	32	1
212	320	32	1
209	321	32	2
236	322	32	1
238	323	32	2
99	327	32	2
92	330	32	1
94	332	32	1
99	333	32	1
204	333	32	1
96	334	32	2
187	345	32	1
186	347	32	1
189	347	32	1
187	348	32	1
188	348	32	1
180	352	32	1
186	354	32	2
175	359	32	1
177	359	32	2
215	360	32	1
220	363	32	1
115	224	33	4
114	228	33	1
188	244	33	1
183	245	33	2
184	245	33	2
200	246	33	1
208	246	33	2
134	253	33	1
134	255	33	1
149	255	33	1
131	257	33	2
133	257	33	1
147	257	33	1
252	258	33	3
258	259	33	1
131	260	33	3
256	260	33	3
128	261	33	2
129	261	33	2
256	261	33	1
130	262	33	2
132	263	33	1
126	264	33	1
127	264	33	3
130	264	33	2
157	264	33	1
257	265	33	1
126	266	33	2
128	266	33	2
129	266	33	2
124	267	33	2
128	267	33	2
262	267	33	2
128	268	33	1
157	268	33	1
163	268	33	1
263	268	33	1
124	269	33	1
127	269	33	2
130	269	33	1
263	269	33	1
264	269	33	2
125	270	33	1
127	270	33	1
127	271	33	3
129	271	33	3
263	271	33	3
261	272	33	1
262	272	33	1
157	273	33	1
262	273	33	1
162	275	33	2
158	276	33	1
261	276	33	1
164	277	33	2
146	278	33	1
164	278	33	1
157	279	33	1
262	279	33	1
160	283	33	1
163	283	33	3
161	284	33	1
165	284	33	4
164	285	33	4
160	286	33	2
162	287	33	1
166	287	33	2
161	291	33	2
125	292	33	2
121	293	33	1
117	301	33	3
118	301	33	2
119	301	33	2
172	301	33	1
118	303	33	1
194	304	33	2
118	305	33	1
195	306	33	1
195	307	33	3
197	307	33	1
116	308	33	3
184	308	33	2
186	308	33	1
189	308	33	1
190	308	33	1
198	308	33	3
199	308	33	1
207	308	33	1
185	309	33	1
191	309	33	1
195	309	33	1
197	309	33	1
198	309	33	1
112	310	33	1
191	310	33	1
193	310	33	1
197	310	33	2
208	310	33	1
115	311	33	2
191	311	33	1
194	311	33	1
199	311	33	1
206	311	33	2
189	312	33	2
190	312	33	1
196	312	33	1
198	312	33	2
199	312	33	2
112	313	33	2
113	313	33	1
111	314	33	2
209	314	33	2
246	314	33	1
121	316	33	1
120	318	33	3
198	318	33	2
125	319	33	2
199	319	33	2
201	319	33	2
203	319	33	2
206	319	33	1
201	321	33	1
210	321	33	1
236	321	33	3
238	321	33	1
126	323	33	2
239	323	33	1
93	327	33	1
95	329	33	2
98	329	33	1
100	329	33	1
92	330	33	2
196	331	33	2
199	332	33	2
98	333	33	1
193	333	33	3
198	333	33	1
203	333	33	3
204	333	33	1
205	333	33	2
205	334	33	2
193	341	33	1
214	341	33	1
215	341	33	2
215	343	33	2
212	344	33	1
206	345	33	1
182	348	33	2
188	348	33	1
189	348	33	1
190	348	33	1
197	348	33	1
210	348	33	1
208	349	33	1
180	350	33	3
181	350	33	4
187	350	33	1
184	351	33	2
177	352	33	1
181	352	33	1
184	352	33	3
211	352	33	3
177	353	33	2
178	354	33	1
177	355	33	1
179	357	33	2
177	360	33	1
178	360	33	1
113	225	34	1
114	226	34	1
115	226	34	2
114	227	34	2
113	228	34	1
115	229	34	1
139	234	34	2
140	240	34	1
174	240	34	1
139	242	34	1
138	243	34	1
174	243	34	1
176	243	34	1
176	244	34	2
197	244	34	2
179	245	34	3
193	246	34	2
134	250	34	1
130	252	34	2
135	252	34	1
134	253	34	1
131	254	34	3
136	254	34	1
138	254	34	1
133	255	34	1
140	255	34	2
131	256	34	1
133	256	34	2
138	256	34	1
139	256	34	1
143	256	34	1
151	256	34	2
131	257	34	1
147	257	34	1
252	257	34	1
130	258	34	3
148	258	34	2
132	259	34	1
134	259	34	1
147	259	34	1
130	260	34	1
131	261	34	1
156	261	34	2
159	262	34	3
126	263	34	2
127	263	34	1
261	264	34	2
129	265	34	2
265	265	34	2
129	266	34	1
130	267	34	1
154	267	34	1
158	267	34	1
128	268	34	2
164	268	34	2
263	268	34	2
266	268	34	1
129	269	34	2
127	270	34	2
262	270	34	1
265	270	34	1
266	270	34	1
157	271	34	2
163	271	34	1
158	272	34	1
162	272	34	1
159	273	34	1
161	273	34	2
165	274	34	1
260	274	34	1
162	275	34	2
261	276	34	1
164	277	34	3
165	277	34	1
163	278	34	1
263	278	34	1
144	279	34	2
158	279	34	2
164	279	34	2
158	280	34	3
261	281	34	1
259	282	34	1
157	283	34	1
162	283	34	1
165	283	34	1
262	283	34	2
125	284	34	1
159	284	34	2
124	287	34	1
125	289	34	2
122	290	34	1
159	290	34	3
120	294	34	1
166	294	34	1
120	296	34	1
121	296	34	1
253	296	34	1
121	297	34	1
118	298	34	2
122	298	34	2
170	298	34	1
172	300	34	1
119	301	34	1
117	302	34	1
121	302	34	1
248	302	34	2
116	303	34	1
119	304	34	5
114	305	34	3
116	305	34	2
177	305	34	1
116	306	34	2
182	306	34	5
183	308	34	1
186	308	34	4
188	308	34	3
189	308	34	2
191	308	34	1
116	309	34	2
186	309	34	2
187	309	34	4
195	309	34	1
197	309	34	2
244	309	34	3
248	309	34	1
185	310	34	1
187	310	34	1
191	310	34	1
192	310	34	3
200	310	34	2
252	310	34	2
112	311	34	2
114	311	34	4
192	311	34	1
248	311	34	1
249	311	34	2
252	311	34	1
110	312	34	1
116	312	34	2
191	312	34	1
197	312	34	2
198	312	34	1
109	313	34	1
198	313	34	1
111	314	34	1
112	316	34	1
113	316	34	1
244	316	34	1
123	318	34	1
245	318	34	1
120	319	34	1
240	319	34	1
241	319	34	2
202	320	34	1
198	321	34	1
201	321	34	2
127	322	34	2
199	322	34	2
200	322	34	2
234	323	34	1
239	323	34	2
234	324	34	1
236	324	34	2
242	324	34	1
235	325	34	2
94	327	34	1
146	327	34	1
94	328	34	2
96	328	34	1
98	328	34	2
188	328	34	1
96	329	34	2
100	329	34	2
100	330	34	1
96	331	34	1
186	331	34	1
189	331	34	2
98	332	34	1
100	332	34	1
101	332	34	3
98	333	34	1
126	333	34	2
197	334	34	2
202	334	34	1
192	335	34	1
193	335	34	1
194	335	34	1
192	336	34	3
192	337	34	2
194	337	34	1
190	340	34	1
211	340	34	1
195	341	34	1
212	341	34	2
213	341	34	1
211	342	34	2
192	344	34	1
200	344	34	1
190	345	34	1
205	345	34	1
213	345	34	2
205	346	34	1
195	347	34	2
198	347	34	4
208	347	34	1
214	347	34	2
197	348	34	1
213	348	34	2
188	349	34	1
198	349	34	1
205	349	34	1
208	349	34	2
180	351	34	1
179	352	34	3
187	352	34	1
204	352	34	1
213	352	34	1
205	353	34	1
187	354	34	2
181	355	34	2
182	355	34	2
177	357	34	1
181	358	34	2
180	360	34	2
113	225	35	1
113	226	35	1
117	226	35	1
114	229	35	1
117	230	35	1
123	232	35	1
121	234	35	1
123	235	35	2
125	235	35	1
117	236	35	2
138	238	35	2
138	241	35	1
207	244	35	1
210	246	35	1
213	247	35	1
134	251	35	1
130	252	35	2
133	252	35	1
128	255	35	1
130	255	35	1
131	255	35	1
135	255	35	1
138	255	35	1
134	256	35	3
254	256	35	2
130	257	35	1
134	257	35	1
136	257	35	1
137	257	35	1
130	258	35	1
136	259	35	2
143	260	35	1
149	260	35	3
132	261	35	2
140	261	35	2
256	261	35	1
126	262	35	1
160	262	35	1
131	263	35	1
156	263	35	2
127	264	35	1
157	265	35	1
264	265	35	2
126	266	35	1
263	266	35	1
127	267	35	1
153	267	35	1
263	267	35	2
130	268	35	2
130	269	35	4
135	271	35	1
156	271	35	1
264	271	35	1
132	272	35	1
160	272	35	1
255	272	35	1
164	273	35	1
140	274	35	1
159	274	35	1
162	274	35	1
163	274	35	6
166	274	35	1
157	275	35	2
160	275	35	1
162	276	35	2
163	276	35	1
260	276	35	2
145	277	35	1
160	277	35	1
261	277	35	1
262	277	35	3
161	278	35	1
162	278	35	2
159	279	35	1
163	279	35	1
260	279	35	3
125	282	35	1
261	282	35	2
262	282	35	1
162	283	35	1
159	284	35	3
123	285	35	2
146	285	35	2
160	285	35	1
123	286	35	2
125	286	35	2
123	287	35	1
122	288	35	1
123	290	35	1
124	290	35	1
252	292	35	1
121	294	35	1
160	294	35	1
162	294	35	1
122	295	35	1
252	296	35	3
119	297	35	1
118	298	35	1
120	298	35	1
121	298	35	1
122	298	35	1
170	298	35	1
121	299	35	1
171	299	35	1
247	299	35	1
118	300	35	1
169	300	35	2
174	300	35	2
118	302	35	2
118	304	35	2
119	304	35	3
174	304	35	2
175	304	35	1
119	305	35	2
120	306	35	1
246	306	35	2
114	307	35	1
116	307	35	1
120	307	35	2
176	307	35	1
114	308	35	1
181	308	35	1
187	308	35	1
188	308	35	4
189	308	35	2
112	309	35	2
188	309	35	2
196	309	35	1
116	310	35	4
190	310	35	2
184	311	35	1
191	311	35	1
192	311	35	1
195	311	35	3
196	311	35	1
250	311	35	1
114	312	35	2
116	312	35	1
199	312	35	2
248	312	35	1
111	313	35	1
114	313	35	1
246	313	35	1
110	314	35	3
112	314	35	1
245	314	35	1
113	315	35	1
244	316	35	1
110	317	35	1
125	317	35	1
244	317	35	1
122	319	35	2
242	319	35	1
241	320	35	1
132	321	35	2
201	321	35	1
239	321	35	1
199	322	35	1
237	322	35	3
238	323	35	2
200	324	35	3
98	325	35	1
131	325	35	2
132	325	35	2
236	325	35	2
239	325	35	1
242	325	35	1
95	327	35	2
96	328	35	1
95	329	35	1
237	329	35	1
189	333	35	1
192	334	35	1
195	334	35	2
186	335	35	1
196	335	35	1
189	336	35	1
191	336	35	1
195	336	35	1
192	337	35	2
199	337	35	3
200	338	35	1
216	339	35	2
189	341	35	1
210	342	35	3
212	342	35	2
193	343	35	3
189	345	35	4
199	345	35	2
211	346	35	1
186	347	35	3
215	347	35	2
186	348	35	2
190	348	35	1
195	348	35	3
193	349	35	2
213	349	35	1
212	350	35	1
187	351	35	1
193	351	35	1
208	351	35	1
212	351	35	1
180	352	35	2
191	352	35	1
207	352	35	1
208	352	35	3
209	352	35	1
211	352	35	1
181	353	35	1
183	353	35	2
194	353	35	1
199	353	35	1
207	353	35	2
212	353	35	1
194	354	35	2
205	354	35	1
209	354	35	3
181	355	35	1
205	355	35	1
207	355	35	1
176	357	35	1
179	357	35	1
113	227	36	2
122	231	36	1
119	234	36	3
125	234	36	1
125	235	36	1
136	235	36	1
138	236	36	1
140	238	36	1
139	239	36	3
165	239	36	1
136	240	36	1
138	240	36	1
141	240	36	6
142	240	36	3
141	241	36	3
169	241	36	2
136	242	36	1
140	242	36	2
174	244	36	2
171	245	36	1
132	250	36	1
134	250	36	2
133	251	36	1
137	252	36	2
136	253	36	1
137	253	36	1
137	254	36	2
138	254	36	2
144	254	36	1
132	255	36	1
136	255	36	1
144	255	36	1
130	256	36	1
132	256	36	1
129	257	36	1
130	258	36	2
131	258	36	3
132	258	36	1
256	258	36	1
259	258	36	1
134	259	36	1
128	261	36	1
265	261	36	2
127	263	36	1
128	263	36	1
129	263	36	1
132	263	36	3
262	263	36	1
265	263	36	1
126	264	36	2
146	264	36	1
155	264	36	1
263	264	36	1
155	265	36	1
140	266	36	1
146	267	36	3
127	268	36	3
136	269	36	4
160	269	36	3
129	270	36	1
157	270	36	1
143	273	36	1
160	273	36	2
260	273	36	2
146	274	36	2
159	274	36	1
161	274	36	1
163	274	36	1
257	274	36	1
138	275	36	3
162	275	36	1
166	275	36	1
261	275	36	1
163	276	36	1
175	276	36	1
158	277	36	1
162	277	36	2
164	278	36	1
161	279	36	3
163	279	36	1
262	279	36	1
259	280	36	1
126	282	36	1
261	282	36	1
262	282	36	1
127	283	36	1
259	283	36	2
161	284	36	3
124	285	36	1
123	286	36	1
124	286	36	3
127	286	36	1
158	286	36	1
159	286	36	3
145	288	36	2
152	288	36	1
124	290	36	1
121	292	36	1
122	292	36	1
126	292	36	1
120	295	36	1
124	295	36	1
165	297	36	2
171	298	36	1
172	298	36	1
259	298	36	1
249	299	36	1
167	300	36	1
171	300	36	1
174	300	36	1
175	300	36	2
247	300	36	1
121	301	36	1
172	301	36	1
117	302	36	2
176	302	36	3
175	303	36	1
182	303	36	3
115	304	36	1
179	304	36	1
118	305	36	1
116	306	36	1
118	306	36	1
113	307	36	1
113	308	36	1
187	308	36	1
188	308	36	2
189	309	36	1
114	310	36	1
115	310	36	1
189	310	36	1
248	310	36	2
110	311	36	2
191	311	36	1
194	311	36	1
250	311	36	1
252	311	36	2
110	312	36	1
190	312	36	2
110	313	36	2
126	316	36	1
259	317	36	1
151	318	36	2
228	320	36	1
137	321	36	1
239	321	36	1
240	321	36	1
129	322	36	3
238	322	36	1
196	324	36	1
236	324	36	2
237	325	36	1
97	326	36	2
96	327	36	1
98	327	36	1
233	327	36	1
97	328	36	1
127	328	36	1
151	333	36	1
186	333	36	1
203	333	36	1
186	334	36	2
201	335	36	2
204	336	36	1
198	337	36	1
199	337	36	1
213	338	36	2
198	339	36	2
210	340	36	1
211	340	36	2
212	340	36	2
212	341	36	2
191	347	36	2
197	348	36	1
213	348	36	1
209	349	36	2
184	350	36	2
187	350	36	3
188	350	36	1
214	351	36	1
210	352	36	2
185	353	36	1
211	353	36	3
213	353	36	3
185	354	36	1
182	355	36	1
203	355	36	1
207	355	36	1
208	355	36	3
210	355	36	1
179	356	36	1
181	356	36	1
182	356	36	1
183	356	36	1
176	357	36	3
177	357	36	1
179	357	36	1
205	357	36	1
206	358	36	4
203	361	36	1
123	225	37	1
126	226	37	1
116	228	37	1
122	229	37	2
175	229	37	3
116	232	37	1
172	232	37	2
128	233	37	2
129	233	37	1
138	233	37	4
124	234	37	1
125	234	37	2
126	234	37	2
130	234	37	1
134	235	37	2
129	236	37	1
134	236	37	1
118	237	37	1
143	237	37	2
139	238	37	1
140	238	37	2
143	239	37	1
167	240	37	2
137	241	37	1
141	241	37	2
173	241	37	2
143	242	37	1
165	242	37	1
137	243	37	1
144	243	37	2
169	243	37	3
175	243	37	1
170	244	37	1
171	244	37	1
172	244	37	1
173	245	37	1
174	247	37	1
136	249	37	1
137	252	37	1
133	253	37	3
139	253	37	1
141	253	37	1
134	254	37	1
143	254	37	4
144	254	37	4
133	255	37	1
146	255	37	1
131	256	37	1
134	256	37	1
145	256	37	2
148	256	37	1
207	256	37	1
132	257	37	2
130	260	37	1
132	260	37	1
133	260	37	1
134	260	37	1
209	260	37	1
244	260	37	2
129	262	37	1
133	262	37	1
159	262	37	1
261	262	37	2
128	263	37	1
133	263	37	1
140	263	37	1
142	263	37	1
145	263	37	2
148	263	37	1
156	263	37	2
263	263	37	2
131	264	37	1
142	264	37	3
143	264	37	3
128	265	37	1
144	265	37	1
155	265	37	2
262	265	37	1
263	265	37	1
154	268	37	2
145	269	37	1
151	269	37	1
150	270	37	1
158	271	37	1
146	272	37	1
162	272	37	2
251	272	37	1
254	272	37	2
161	273	37	1
160	274	37	1
164	274	37	1
165	274	37	1
163	275	37	2
136	276	37	1
162	276	37	1
258	276	37	1
146	278	37	1
163	278	37	1
164	279	37	2
162	280	37	1
258	280	37	1
127	281	37	4
129	281	37	1
258	281	37	1
161	282	37	1
259	282	37	1
128	284	37	1
126	286	37	3
160	286	37	2
126	288	37	1
155	288	37	2
126	289	37	1
256	292	37	1
256	293	37	1
260	293	37	1
259	294	37	1
259	295	37	1
168	299	37	1
175	300	37	2
173	301	37	1
175	301	37	1
250	301	37	1
172	302	37	1
250	302	37	1
181	303	37	2
114	304	37	1
115	304	37	1
117	304	37	1
121	304	37	5
113	306	37	2
116	306	37	2
116	308	37	1
181	309	37	5
252	309	37	1
114	310	37	1
132	311	37	1
188	311	37	1
189	311	37	1
195	311	37	1
191	312	37	2
112	313	37	1
111	314	37	3
119	314	37	3
121	314	37	1
196	314	37	1
148	315	37	1
150	315	37	1
121	316	37	3
152	316	37	1
117	317	37	2
121	317	37	3
135	317	37	3
119	318	37	2
140	318	37	1
146	318	37	1
152	318	37	1
153	318	37	3
115	319	37	1
116	319	37	2
117	319	37	2
116	320	37	1
131	320	37	2
143	321	37	2
137	322	37	1
139	322	37	2
240	323	37	2
192	324	37	1
238	324	37	1
239	324	37	1
134	325	37	2
241	326	37	1
221	331	37	1
180	332	37	1
181	332	37	1
185	333	37	1
185	334	37	2
195	335	37	2
211	337	37	1
214	337	37	1
209	338	37	1
212	339	37	2
211	340	37	2
209	342	37	2
210	342	37	1
211	342	37	1
200	344	37	1
208	344	37	1
199	345	37	1
189	346	37	2
203	346	37	1
212	348	37	1
186	349	37	1
188	349	37	1
212	349	37	2
215	349	37	1
210	350	37	1
214	350	37	3
214	351	37	1
186	352	37	1
215	352	37	2
186	353	37	1
209	353	37	1
213	353	37	2
182	354	37	1
205	354	37	1
203	355	37	1
212	355	37	1
207	356	37	1
208	356	37	2
205	357	37	1
208	357	37	1
180	358	37	2
206	358	37	2
114	218	38	1
113	219	38	1
112	220	38	1
113	220	38	2
123	225	38	1
125	225	38	1
126	225	38	5
126	227	38	4
125	230	38	2
173	230	38	2
174	230	38	1
122	231	38	1
137	231	38	1
140	231	38	1
122	232	38	1
138	232	38	3
129	233	38	1
135	233	38	1
136	233	38	2
138	233	38	1
114	234	38	1
129	234	38	2
130	234	38	2
134	234	38	3
137	235	38	2
197	235	38	1
138	236	38	1
143	237	38	2
166	237	38	1
143	238	38	1
144	238	38	2
197	238	38	3
126	239	38	1
137	239	38	1
166	239	38	1
167	239	38	2
168	239	38	1
136	240	38	1
162	240	38	1
163	240	38	1
164	240	38	1
166	240	38	1
167	240	38	3
200	240	38	2
143	241	38	2
165	241	38	1
199	241	38	1
126	242	38	1
167	242	38	1
197	242	38	1
136	243	38	4
138	243	38	2
140	243	38	3
143	243	38	1
168	243	38	1
174	243	38	1
121	244	38	1
123	244	38	1
140	244	38	1
141	244	38	2
169	244	38	1
172	244	38	2
173	244	38	2
125	245	38	1
171	245	38	1
175	245	38	2
123	246	38	2
169	246	38	1
170	246	38	1
173	246	38	1
174	246	38	1
175	246	38	2
140	248	38	2
167	249	38	2
132	251	38	1
137	252	38	1
142	252	38	2
152	252	38	1
170	252	38	2
233	252	38	2
236	252	38	1
132	253	38	2
135	253	38	1
148	253	38	1
151	253	38	1
152	253	38	1
134	254	38	1
135	254	38	2
141	254	38	1
143	254	38	1
152	254	38	2
132	255	38	1
134	255	38	1
136	255	38	1
139	255	38	2
140	255	38	2
144	255	38	2
150	255	38	1
169	255	38	1
132	256	38	2
158	256	38	2
146	258	38	1
250	258	38	1
146	259	38	1
169	259	38	1
206	259	38	2
134	260	38	2
142	260	38	1
131	261	38	2
139	261	38	2
146	261	38	1
149	261	38	1
260	261	38	1
264	261	38	1
137	262	38	1
140	262	38	1
149	262	38	2
152	262	38	1
128	263	38	1
144	263	38	2
147	263	38	1
154	263	38	1
158	263	38	1
263	263	38	1
129	264	38	2
130	264	38	1
131	264	38	1
143	264	38	1
147	264	38	2
151	264	38	1
152	264	38	2
166	264	38	3
154	265	38	2
156	265	38	1
165	265	38	1
151	266	38	1
262	267	38	2
143	268	38	2
146	268	38	3
261	268	38	3
137	271	38	3
140	271	38	1
133	272	38	1
137	272	38	1
141	272	38	4
145	272	38	1
251	272	38	1
253	272	38	1
145	273	38	1
134	274	38	1
138	274	38	2
251	274	38	2
252	274	38	2
129	275	38	1
129	276	38	2
147	276	38	1
256	276	38	2
131	277	38	1
161	277	38	1
160	278	38	2
126	280	38	2
128	280	38	1
134	280	38	2
164	280	38	2
128	281	38	1
141	281	38	2
161	281	38	1
127	282	38	1
129	282	38	1
125	283	38	1
135	283	38	3
125	284	38	1
126	284	38	1
136	284	38	1
125	285	38	3
129	285	38	1
134	286	38	4
126	287	38	1
126	288	38	1
154	288	38	2
155	288	38	1
156	288	38	2
157	290	38	2
155	294	38	2
120	295	38	2
155	295	38	2
156	295	38	1
254	295	38	1
259	295	38	2
260	296	38	1
121	297	38	1
251	297	38	4
170	298	38	3
172	298	38	2
259	298	38	1
121	300	38	3
170	300	38	1
179	300	38	2
172	302	38	2
175	302	38	2
178	302	38	1
126	303	38	3
260	303	38	4
125	304	38	1
174	304	38	1
177	304	38	1
182	304	38	1
115	306	38	1
180	306	38	1
257	306	38	1
114	307	38	4
116	308	38	1
254	309	38	2
125	310	38	4
122	314	38	1
119	315	38	1
137	315	38	2
148	315	38	1
140	316	38	2
145	316	38	2
152	316	38	4
114	317	38	2
117	317	38	2
119	317	38	1
153	317	38	2
116	318	38	1
119	318	38	2
151	318	38	1
117	319	38	1
142	319	38	1
144	319	38	2
113	320	38	3
116	320	38	2
138	320	38	1
140	320	38	1
113	321	38	3
177	321	38	1
143	322	38	1
126	323	38	1
137	323	38	2
239	324	38	1
133	325	38	1
237	325	38	3
242	326	38	1
240	328	38	1
237	329	38	1
148	330	38	1
152	332	38	1
155	332	38	1
159	332	38	3
191	332	38	1
147	333	38	1
152	333	38	1
177	333	38	1
181	333	38	2
185	333	38	2
188	333	38	1
155	334	38	1
183	334	38	3
189	334	38	1
148	335	38	3
181	335	38	1
209	340	38	2
214	340	38	2
211	341	38	3
191	343	38	1
197	343	38	2
209	344	38	1
197	345	38	3
189	346	38	1
190	346	38	2
192	346	38	2
247	346	38	2
248	346	38	3
189	347	38	4
211	347	38	1
214	347	38	3
215	347	38	2
247	347	38	1
187	348	38	3
190	348	38	1
247	348	38	1
211	350	38	2
210	351	38	1
216	351	38	1
211	352	38	2
180	354	38	1
209	354	38	1
212	354	38	1
176	355	38	1
182	355	38	1
208	355	38	1
176	356	38	1
177	356	38	1
180	356	38	2
208	356	38	4
178	357	38	1
181	357	38	2
205	358	38	2
206	358	38	1
191	361	38	1
193	361	38	1
201	361	38	2
191	362	38	1
196	363	38	2
114	219	39	1
113	220	39	2
111	221	39	1
125	223	39	2
118	224	39	4
126	226	39	4
136	226	39	2
146	226	39	1
124	227	39	3
147	228	39	2
138	229	39	2
144	229	39	3
123	230	39	1
139	230	39	1
145	230	39	2
172	230	39	1
121	231	39	2
135	232	39	1
128	233	39	1
140	233	39	1
198	233	39	1
199	233	39	3
130	234	39	1
137	234	39	2
195	234	39	2
137	235	39	2
140	235	39	2
154	235	39	2
168	235	39	1
137	236	39	1
144	236	39	2
198	236	39	2
199	236	39	1
118	237	39	2
120	237	39	1
137	237	39	1
138	237	39	1
168	237	39	1
198	237	39	1
138	238	39	2
142	238	39	1
143	238	39	2
145	238	39	2
201	238	39	2
135	239	39	1
161	239	39	1
162	239	39	1
164	239	39	1
135	240	39	1
139	240	39	1
144	240	39	2
163	240	39	2
197	240	39	2
125	241	39	2
128	241	39	4
133	241	39	1
137	241	39	1
145	241	39	1
168	241	39	1
169	241	39	1
165	242	39	1
168	242	39	1
171	242	39	1
125	243	39	1
128	243	39	1
129	243	39	1
133	243	39	1
166	243	39	1
171	243	39	1
124	244	39	1
125	244	39	1
136	244	39	1
140	244	39	2
142	244	39	1
167	244	39	2
169	244	39	1
167	245	39	2
177	245	39	1
141	246	39	2
173	246	39	1
168	247	39	4
174	247	39	2
129	248	39	1
173	248	39	1
133	249	39	2
135	249	39	1
136	249	39	3
122	250	39	1
140	250	39	3
136	251	39	1
123	252	39	3
134	252	39	1
136	252	39	1
126	253	39	1
132	253	39	1
135	253	39	2
136	253	39	1
141	253	39	3
169	253	39	1
235	253	39	1
247	253	39	2
124	254	39	2
134	254	39	2
138	254	39	1
140	254	39	1
168	254	39	1
236	254	39	1
136	255	39	1
141	255	39	3
143	255	39	2
152	255	39	2
133	257	39	1
139	257	39	1
147	258	39	3
154	258	39	1
155	258	39	1
168	258	39	1
132	259	39	1
136	259	39	2
137	259	39	1
144	259	39	1
148	259	39	1
170	259	39	1
211	259	39	1
252	259	39	1
138	260	39	2
149	260	39	3
150	260	39	2
153	260	39	2
256	260	39	1
140	261	39	1
141	261	39	2
150	261	39	5
152	261	39	2
166	261	39	1
205	261	39	1
252	261	39	1
254	261	39	3
131	262	39	1
146	262	39	1
148	262	39	1
250	262	39	3
261	262	39	1
262	262	39	1
131	263	39	1
132	263	39	2
139	263	39	1
146	263	39	1
150	263	39	2
152	263	39	3
153	263	39	1
168	263	39	2
262	263	39	1
263	263	39	1
142	264	39	1
151	264	39	1
165	264	39	1
166	264	39	1
263	264	39	3
129	265	39	1
147	265	39	1
153	265	39	2
167	265	39	2
130	266	39	2
145	266	39	1
147	266	39	1
153	266	39	2
165	266	39	1
261	266	39	3
142	267	39	1
259	267	39	4
131	268	39	2
134	268	39	3
135	268	39	3
167	268	39	2
259	268	39	2
132	269	39	2
143	269	39	1
144	269	39	3
151	269	39	2
134	270	39	2
142	270	39	1
154	270	39	2
244	270	39	1
245	270	39	1
141	271	39	1
144	271	39	5
145	271	39	2
134	272	39	1
147	272	39	1
252	272	39	1
134	273	39	1
151	273	39	1
132	274	39	1
139	274	39	1
141	274	39	1
142	274	39	3
144	274	39	1
146	274	39	1
148	274	39	2
162	274	39	1
254	274	39	1
129	275	39	1
130	275	39	3
131	275	39	1
133	275	39	2
134	275	39	2
136	275	39	1
141	275	39	3
132	276	39	2
133	276	39	1
138	276	39	1
142	276	39	2
148	276	39	1
149	276	39	1
164	276	39	1
233	276	39	1
131	277	39	2
140	277	39	2
144	277	39	1
147	277	39	1
149	277	39	1
153	277	39	2
129	278	39	1
138	278	39	4
144	278	39	2
148	278	39	3
162	278	39	2
164	278	39	1
128	279	39	2
136	279	39	3
141	279	39	1
145	279	39	1
147	279	39	1
163	279	39	2
137	280	39	1
145	280	39	2
162	280	39	3
138	281	39	2
141	281	39	1
151	281	39	1
127	282	39	1
128	282	39	1
136	282	39	1
138	282	39	1
160	282	39	2
127	283	39	2
130	283	39	2
136	283	39	1
142	283	39	1
133	284	39	1
136	284	39	3
140	284	39	1
157	284	39	1
134	285	39	1
137	285	39	2
139	285	39	1
141	285	39	2
172	286	39	1
154	287	39	1
134	288	39	1
136	288	39	3
135	289	39	1
158	290	39	1
257	290	39	1
154	291	39	1
134	293	39	2
159	293	39	1
248	293	39	2
140	294	39	2
258	294	39	2
263	294	39	1
159	295	39	1
161	295	39	1
170	295	39	1
249	295	39	1
174	296	39	2
249	296	39	3
133	297	39	1
171	297	39	1
248	297	39	2
250	297	39	2
134	298	39	2
165	298	39	1
171	298	39	3
123	299	39	1
167	299	39	4
174	299	39	1
165	300	39	1
168	300	39	1
174	300	39	1
176	300	39	2
261	300	39	2
120	301	39	2
121	301	39	3
176	301	39	2
175	302	39	1
180	302	39	1
174	303	39	1
178	303	39	2
126	304	39	1
175	304	39	3
177	304	39	1
178	304	39	1
174	305	39	2
176	305	39	1
177	305	39	4
182	305	39	4
259	305	39	1
260	305	39	3
126	306	39	2
128	306	39	1
126	307	39	2
124	311	39	2
138	314	39	2
145	314	39	1
147	314	39	1
120	316	39	1
146	316	39	2
149	316	39	1
115	317	39	1
119	317	39	3
135	317	39	2
139	317	39	1
141	317	39	3
147	317	39	1
113	318	39	1
115	318	39	2
116	318	39	2
137	318	39	1
141	318	39	2
144	318	39	2
146	318	39	2
150	318	39	1
139	319	39	1
150	319	39	3
117	320	39	2
139	320	39	2
140	320	39	2
149	321	39	1
179	321	39	1
140	322	39	2
177	322	39	1
179	322	39	1
181	324	39	1
242	326	39	1
239	327	39	3
240	328	39	4
157	329	39	2
152	330	39	2
153	330	39	3
189	330	39	1
149	331	39	1
168	331	39	2
181	331	39	3
186	331	39	1
219	331	39	1
221	331	39	1
153	332	39	2
179	332	39	1
187	332	39	2
191	332	39	1
221	332	39	1
152	333	39	1
161	333	39	1
178	333	39	3
193	333	39	1
219	333	39	2
151	334	39	1
154	334	39	2
156	335	39	1
195	335	39	2
153	336	39	2
154	336	39	1
156	336	39	3
214	336	39	1
195	337	39	1
212	337	39	1
152	338	39	1
155	338	39	1
213	338	39	1
217	338	39	3
214	339	39	3
211	341	39	2
215	341	39	1
207	343	39	2
208	343	39	4
191	344	39	1
208	344	39	1
209	344	39	2
211	344	39	2
191	345	39	1
192	345	39	1
202	345	39	1
191	346	39	2
208	346	39	1
209	346	39	1
190	347	39	2
191	347	39	4
211	347	39	2
248	347	39	1
191	348	39	1
211	348	39	3
212	348	39	2
213	348	39	3
190	349	39	3
208	349	39	1
209	349	39	3
209	352	39	1
206	354	39	1
211	354	39	1
207	355	39	1
214	355	39	4
207	356	39	3
176	357	39	1
212	357	39	1
192	359	39	2
192	361	39	1
195	361	39	1
192	362	39	1
201	362	39	1
195	363	39	1
192	364	39	2
114	218	40	1
113	219	40	1
114	219	40	1
112	220	40	2
113	220	40	4
111	221	40	1
121	222	40	2
118	224	40	1
120	224	40	1
144	225	40	4
138	227	40	2
141	228	40	1
137	229	40	2
138	229	40	2
140	229	40	2
141	229	40	1
142	229	40	2
150	229	40	1
137	230	40	2
138	230	40	2
141	231	40	1
199	231	40	2
204	232	40	1
196	233	40	1
198	233	40	1
201	233	40	1
118	234	40	1
201	234	40	1
139	235	40	2
142	235	40	2
144	235	40	1
199	235	40	1
202	235	40	1
120	236	40	1
142	236	40	1
146	236	40	2
201	236	40	1
202	236	40	1
136	237	40	1
140	237	40	1
198	237	40	3
143	238	40	2
159	238	40	2
160	238	40	1
162	238	40	1
167	238	40	1
204	238	40	1
136	239	40	2
139	239	40	1
143	239	40	2
160	239	40	4
126	240	40	4
136	240	40	2
145	240	40	3
165	240	40	3
162	241	40	2
164	241	40	2
126	242	40	1
133	242	40	2
134	242	40	1
169	242	40	1
170	242	40	1
127	243	40	1
128	243	40	1
140	243	40	3
141	243	40	1
165	243	40	1
175	243	40	1
176	243	40	1
171	244	40	1
176	244	40	1
125	245	40	1
127	245	40	3
128	245	40	1
140	245	40	1
126	246	40	1
178	246	40	1
121	248	40	1
125	248	40	1
126	248	40	2
125	249	40	3
232	249	40	1
133	250	40	1
135	250	40	1
230	251	40	2
232	251	40	4
136	252	40	1
231	252	40	1
240	252	40	3
132	253	40	1
139	253	40	1
235	253	40	1
138	254	40	2
152	254	40	1
154	254	40	1
134	255	40	2
138	255	40	2
137	256	40	1
143	256	40	2
152	256	40	3
212	256	40	2
132	257	40	1
136	257	40	1
146	257	40	2
147	257	40	2
154	257	40	1
134	258	40	1
142	258	40	1
151	258	40	1
174	258	40	1
136	259	40	1
145	259	40	1
156	259	40	1
160	259	40	2
162	259	40	1
176	259	40	2
204	259	40	1
254	259	40	1
142	260	40	1
144	260	40	1
148	260	40	1
149	260	40	2
158	260	40	2
164	260	40	4
165	260	40	1
172	260	40	2
140	261	40	2
151	261	40	2
152	261	40	2
161	261	40	1
167	261	40	3
210	261	40	1
249	261	40	1
250	261	40	1
251	261	40	1
257	261	40	1
130	262	40	3
136	262	40	1
139	262	40	2
143	262	40	1
147	262	40	1
151	262	40	1
153	262	40	1
154	262	40	1
159	262	40	2
168	262	40	1
248	262	40	2
249	262	40	1
140	263	40	2
143	263	40	1
150	263	40	2
167	263	40	1
234	263	40	1
130	264	40	2
158	264	40	2
163	264	40	2
144	265	40	1
151	265	40	1
156	265	40	3
159	265	40	1
142	266	40	1
151	266	40	2
152	266	40	2
157	266	40	1
167	266	40	2
142	267	40	1
168	267	40	2
258	267	40	1
147	268	40	1
154	268	40	1
166	268	40	2
253	268	40	2
139	269	40	1
151	269	40	1
152	269	40	2
153	269	40	3
165	269	40	3
167	269	40	4
252	269	40	2
135	270	40	1
142	270	40	2
144	270	40	2
146	270	40	1
164	270	40	2
249	270	40	1
251	270	40	1
138	271	40	3
146	271	40	3
148	271	40	1
135	272	40	2
143	272	40	3
165	272	40	1
223	272	40	2
245	272	40	2
247	272	40	1
251	272	40	2
131	273	40	1
140	273	40	2
156	273	40	1
164	273	40	3
166	273	40	1
167	273	40	2
147	274	40	1
156	274	40	1
247	274	40	3
132	275	40	1
137	275	40	1
138	275	40	1
139	275	40	2
141	275	40	2
147	275	40	3
150	275	40	1
129	276	40	2
130	276	40	2
131	276	40	3
133	276	40	3
136	276	40	1
142	276	40	3
147	276	40	1
154	276	40	3
163	276	40	2
130	277	40	3
143	277	40	1
138	278	40	2
139	278	40	3
141	278	40	1
147.5	278	40.5	1
151	278	40	1
157	278	40	1
163	278	40	1
164	278	40	2
131	279	40	1
141	279	40	1
148	279	40	1
149	279	40	2
152	279	40	3
253	279	40	1
138	280	40	2
139	280	40	1
140	280	40	2
142	280	40	2
152	280	40	2
162	280	40	1
133	281	40	4
142	282	40	1
150	282	40	1
159	282	40	1
133	283	40	1
134	283	40	1
135	283	40	1
157	283	40	1
138	284	40	3
140	284	40	1
142	284	40	2
158	284	40	1
135	285	40	1
133	286	40	1
137	286	40	1
154	286	40	1
158	286	40	2
160	286	40	2
133	287	40	1
137	287	40	1
134	288	40	2
135	288	40	3
154	288	40	1
250	289	40	1
135	291	40	1
257	291	40	3
133	292	40	2
138	292	40	2
125	293	40	1
140	293	40	1
139	294	40	3
163	294	40	2
254	294	40	2
121	295	40	2
126	295	40	4
162	295	40	1
123	296	40	1
130	296	40	1
160	296	40	1
121	297	40	1
133	297	40	2
149	297	40	2
172	297	40	1
253	297	40	1
257	297	40	3
134	298	40	4
136	298	40	1
162	298	40	2
169	298	40	1
259	298	40	1
169	299	40	1
249	300	40	1
260	300	40	2
133	301	40	2
142	301	40	1
169	301	40	2
177	301	40	2
143	302	40	1
171	302	40	1
172	302	40	2
261	302	40	1
128	303	40	1
133	303	40	1
139	303	40	1
171	303	40	2
181	303	40	2
182	303	40	2
124	304	40	1
130	304	40	1
139	304	40	2
144	304	40	1
169	304	40	1
170	304	40	1
171	304	40	1
180	304	40	2
127	305	40	2
140	305	40	2
172	306	40	2
183	307	40	2
124	308	40	1
139	308	40	1
124	309	40	1
125	310	40	2
119	312	40	1
121	312	40	2
123	312	40	1
140	313	40	1
118	315	40	2
147	315	40	3
148	315	40	2
115	316	40	1
116	316	40	1
119	316	40	2
139	317	40	2
143	317	40	3
147	317	40	2
116	318	40	1
138	318	40	4
148	318	40	1
115	319	40	2
117	319	40	3
149	320	40	1
152	320	40	1
176	326	40	2
186	327	40	5
241	327	40	1
242	327	40	2
151	328	40	2
239	328	40	3
242	328	40	1
149	329	40	1
244	329	40	1
151	330	40	1
175	330	40	2
178	330	40	2
189	330	40	1
243	330	40	1
177	331	40	3
189	331	40	1
221	331	40	2
241	331	40	2
149	332	40	1
151	332	40	1
156	332	40	1
157	332	40	1
174	332	40	1
177	332	40	1
181	332	40	1
188	332	40	3
216	332	40	1
217	332	40	1
220	332	40	2
221	332	40	1
146	333	40	1
150	333	40	1
156	333	40	3
158	333	40	2
184	333	40	2
240	333	40	3
151	334	40	1
153	334	40	1
156	334	40	2
191	334	40	1
244	334	40	1
165	335	40	2
244	335	40	1
150	336	40	1
153	336	40	3
158	337	40	1
153	338	40	2
216	338	40	1
212	340	40	2
245	340	40	1
208	341	40	2
216	341	40	3
217	341	40	2
210	342	40	1
211	342	40	3
220	342	40	2
222	342	40	1
196	343	40	1
208	343	40	2
210	343	40	1
220	343	40	1
221	343	40	3
232	343	40	1
204	344	40	1
210	344	40	1
193	345	40	2
194	345	40	2
204	345	40	1
211	345	40	1
202	346	40	2
191	347	40	1
203	347	40	1
211	347	40	1
208	348	40	1
193	349	40	2
195	349	40	1
235	350	40	2
215	351	40	2
235	351	40	1
211	352	40	1
209	355	40	1
173	356	40	1
208	357	40	1
173	358	40	1
204	359	40	2
207	359	40	2
173	360	40	1
113	220	41	3
111	221	41	3
110	222	41	1
144	225	41	1
141	226	41	1
140	227	41	2
134	229	41	1
136	229	41	1
138	231	41	2
141	231	41	2
140	233	41	1
141	233	41	1
142	233	41	1
198	233	41	2
136	234	41	1
146	235	41	1
199	235	41	1
138	236	41	1
161	236	41	2
165	236	41	1
170	236	41	1
201	236	41	1
204	236	41	3
140	237	41	3
158	237	41	1
163	237	41	1
165	237	41	1
202	237	41	3
134	238	41	1
146	238	41	1
158	238	41	2
164	238	41	3
167	238	41	1
202	238	41	2
138	239	41	1
141	239	41	2
144	239	41	2
162	239	41	2
200	239	41	1
139	240	41	2
162	240	41	1
165	240	41	2
198	240	41	1
127	241	41	1
129	241	41	2
142	241	41	1
164	241	41	1
166	241	41	2
167	241	41	1
168	241	41	1
169	241	41	1
128	242	41	2
134	242	41	1
137	242	41	1
141	242	41	1
170	242	41	3
129	243	41	1
140	243	41	1
169	243	41	2
124	244	41	2
125	244	41	1
127	244	41	1
166	244	41	1
167	244	41	2
168	244	41	1
170	244	41	1
176	244	41	2
177	245	41	2
126	246	41	2
166	246	41	1
124	247	41	1
178	247	41	2
179	247	41	2
181	247	41	1
122	248	41	1
173	248	41	1
133	249	41	1
230	250	41	1
231	250	41	1
230	251	41	1
143	252	41	1
229	252	41	2
234	252	41	1
119	253	41	1
142	253	41	2
143	253	41	1
228	253	41	2
141	254	41	2
243	254	41	1
119	255	41	1
152	255	41	2
140	256	41	1
142	256	41	2
143	256	41	3
152	256	41	1
210	256	41	2
155	257	41	1
158	257	41	3
177	257	41	1
178	257	41	3
213	257	41	1
214	257	41	1
138	258	41	2
147	258	41	1
154	258	41	3
155	258	41	1
177	258	41	1
140	259	41	1
146	259	41	1
208	259	41	3
212	259	41	1
213	259	41	1
140	260	41	3
146	260	41	1
150	260	41	3
157	260	41	2
158	260	41	1
175	260	41	2
176	260	41	1
250	260	41	2
253	260	41	1
144	261	41	5
146	261	41	3
149	261	41	2
160	261	41	2
167	261	41	2
174	261	41	1
210	261	41	2
250	261	41	2
254	261	41	1
151	262	41	1
158	262	41	3
163	262	41	1
164	262	41	2
167	262	41	2
168	262	41	1
173	262	41	1
207	262	41	1
251	262	41	1
143	263	41	1
151	263	41	1
167	263	41	2
168	263	41	1
201	263	41	1
204	263	41	1
232	263	41	3
234	263	41	1
145	264	41	1
147	264	41	1
149	264	41	1
151	264	41	1
158	264	41	2
171	264	41	1
209	264	41	1
124	265	41	1
143	265	41	1
144	265	41	1
149	265	41	1
152	265	41	1
153	265	41	1
256	265	41	2
119	266	41	1
120	266	41	1
143	266	41	3
145	266	41	3
167	266	41	1
168	266	41	1
132	267	41	1
135	267	41	2
148	267	41	1
167	267	41	1
253	267	41	2
258	267	41	2
142	268	41	1
145	268	41	1
153	268	41	1
164	268	41	1
206	268	41	1
203	269	41	1
247	269	41	1
248	269	41	1
258	269	41	1
132	270	41	3
135	270	41	1
137	270	41	3
139	270	41	2
140	270	41	1
142	270	41	1
149	270	41	1
247	270	41	3
132	271	41	3
135	271	41	1
144	271	41	1
146	271	41	1
148	271	41	3
154	271	41	1
203	271	41	1
247	271	41	1
139	272	41	1
147	272	41	2
149	272	41	1
151	272	41	1
154	272	41	1
163	272	41	2
219	272	41	1
144	273	41	2
146	273	41	1
147	273	41	1
157	273	41	1
146	274	41	2
147	274	41	2
148	274	41	3
153	274	41	3
155	274	41	1
156	274	41	1
157	274	41	1
164	274	41	2
246	274	41	2
130	275	41	1
137	275	41	1
141	275	41	2
153	275	41	1
157	275	41	1
139	276	41	3
145	276	41	3
155	276	41	1
162	276	41	1
246	276	41	1
129	277	41	2
131	277	41	3
132	277	41	2
133	277	41	1
142	277	41	2
151	277	41	1
157	277	41	1
161	277	41	1
135	278	41	1
136	278	41	1
149	278	41	2
150	278	41	2
152	278	41	2
155	278	41	3
164	278	41	2
247	278	41	1
129	279	41	2
133	279	41	1
139	279	41	2
133	280	41	2
144	280	41	2
150	280	41	1
152	280	41	2
153	280	41	1
154	280	41	1
145	281	41	1
130	282	41	1
154	282	41	1
162	282	41	2
134	283	41	1
136	283	41	2
139	283	41	1
151	283	41	1
138	284	41	1
141	284	41	2
142	284	41	3
156	284	41	1
155	285	41	1
218	285	41	1
219	285	41	1
135	286	41	2
140	286	41	3
158	286	41	2
160	286	41	2
140	287	41	3
156	287	41	1
139	288	41	1
157	288	41	1
141	289	41	1
154	291	41	1
155	292	41	3
157	292	41	2
257	292	41	1
134	293	41	3
139	293	41	1
132	294	41	1
152	294	41	1
159	294	41	2
160	294	41	1
128	295	41	3
135	295	41	1
140	295	41	1
150	295	41	1
164	295	41	1
143	296	41	1
148	296	41	5
150	296	41	2
160	296	41	1
252	296	41	2
162	297	41	1
165	297	41	1
130	298	41	1
138	298	41	1
152	298	41	1
93	299	41	1
128	299	41	1
149	299	41	1
166	299	41	2
167	299	41	1
168	299	41	1
169	299	41	1
168	300	41	1
172	300	41	3
249	300	41	1
260	300	41	1
123	301	41	3
127	301	41	1
167	301	41	2
250	301	41	1
127	302	41	1
131	302	41	1
132	302	41	2
134	302	41	1
168	302	41	2
123	303	41	1
124	303	41	2
130	303	41	2
134	303	41	1
138	303	41	1
139	303	41	1
176	303	41	1
179	303	41	1
259	303	41	1
122	304	41	2
125	304	41	1
126	304	41	2
129	304	41	3
132	304	41	1
133	304	41	2
181	304	41	1
131	305	41	2
140	305	41	1
172	305	41	1
259	305	41	1
130	306	41	1
171	306	41	2
122	307	41	1
125	307	41	1
129	307	41	1
130	307	41	2
142	307	41	1
126	308	41	1
140	309	41	1
141	309	41	4
162	309	41	1
165	309	41	1
122	311	41	2
121	314	41	1
116	315	41	1
119	315	41	2
140	315	41	1
142	315	41	2
140	316	41	1
141	317	41	1
113	318	41	1
143	319	41	1
138	320	41	1
141	321	41	2
149	321	41	1
150	321	41	1
137	322	41	2
249	322	41	1
176	323	41	1
133	324	41	3
179	324	41	1
133	326	41	2
134	326	41	2
149	326	41	1
136	327	41	2
138	327	41	1
181	327	41	4
244	327	41	2
131	328	41	3
156	328	41	2
167	328	41	1
239	328	41	1
242	328	41	1
252	328	41	1
130	329	41	1
148	329	41	2
167	329	41	2
179	329	41	2
182	329	41	1
238	329	41	4
245	329	41	2
126	330	41	1
147	330	41	1
155	330	41	1
175	330	41	1
178	330	41	2
181	330	41	3
182	330	41	1
240	330	41	3
243	330	41	2
251	330	41	1
154	331	41	1
155	331	41	2
158	331	41	1
170	331	41	2
173	331	41	2
174	331	41	1
187	331	41	1
238	331	41	1
133	332	41	1
174	332	41	1
176	332	41	3
180	332	41	1
185	332	41	1
189	332	41	1
218	332	41	1
221	332	41	1
134	333	41	2
152	333	41	1
179	333	41	2
189	333	41	2
216	333	41	2
153	334	41	1
154	334	41	1
189	334	41	2
218	334	41	1
242	334	41	5
244	334	41	1
133	335	41	1
150	335	41	1
151	335	41	2
154	335	41	3
242	335	41	3
246	335	41	2
152	336	41	2
157	336	41	2
127	337	41	2
151	337	41	2
156	337	41	1
248	337	41	2
251	337	41	1
151	338	41	1
152	338	41	1
156	338	41	1
250	338	41	1
158	339	41	1
214	339	41	2
215	339	41	1
152	340	41	1
216	340	41	1
219	340	41	5
213	341	41	2
220	341	41	1
210	342	41	1
214	342	41	1
215	342	41	1
218	342	41	1
222	342	41	3
208	343	41	1
216	343	41	1
221	343	41	2
207	344	41	1
210	344	41	1
194	345	41	1
196	345	41	1
249	345	41	1
205	346	41	2
210	346	41	1
218	346	41	1
221	347	41	1
231	347	41	1
232	347	41	1
233	347	41	3
233	349	41	2
193	350	41	2
220	350	41	1
211	351	41	1
233	351	41	1
235	351	41	1
237	351	41	2
209	352	41	1
210	353	41	2
207	355	41	2
207	358	41	1
169	359	41	1
206	359	41	1
207	360	41	1
202	361	41	1
199	363	41	1
140	228	42	1
134	230	42	2
138	230	42	3
139	231	42	1
136	232	42	1
138	232	42	3
136	233	42	1
137	233	42	2
203	233	42	1
201	234	42	2
202	234	42	1
140	235	42	1
141	235	42	1
156	235	42	2
165	235	42	1
201	235	42	1
202	235	42	1
144	236	42	1
156	236	42	1
161	236	42	2
164	236	42	3
165	236	42	2
166	236	42	2
199	236	42	1
158	237	42	1
162	237	42	2
204	237	42	3
141	238	42	1
161	238	42	4
162	238	42	2
164	238	42	2
166	238	42	1
167	238	42	1
204	238	42	1
137	239	42	1
138	239	42	4
204	239	42	1
141	240	42	1
143	240	42	2
166	240	42	1
139	242	42	1
169	242	42	1
129	243	42	3
164	243	42	2
174	243	42	1
139	244	42	1
179	244	42	1
182	244	42	1
126	245	42	1
177	252	42	1
140	253	42	1
138	254	42	1
140	254	42	1
144	254	42	1
176	254	42	1
120	256	42	1
151	256	42	1
158	256	42	1
212	256	42	1
213	256	42	2
147	257	42	1
149	257	42	1
151	257	42	2
156	257	42	1
157	257	42	1
173	257	42	2
174	257	42	1
175	257	42	1
150	258	42	1
151	258	42	1
172	258	42	1
173	258	42	2
212	258	42	2
213	258	42	1
145	259	42	1
148	259	42	1
154	259	42	1
158	259	42	2
252	259	42	1
153	260	42	2
157	260	42	3
169	260	42	1
171	260	42	1
172	260	42	1
213	260	42	1
253	260	42	1
150	261	42	1
169	261	42	1
174	261	42	1
175	261	42	1
163	262	42	1
175	262	42	2
146	263	42	1
153	263	42	1
163	263	42	2
165	263	42	1
249	263	42	1
250	263	42	1
120	264	42	2
143	264	42	1
151	264	42	1
152	264	42	4
155	264	42	1
156	264	42	2
157	264	42	2
158	264	42	1
168	264	42	1
252	264	42	2
152	265	42	3
124	266	42	2
154	266	42	2
155	266	42	1
149	267	42	1
254	267	42	1
141	268	42	1
143	268	42	1
146	268	42	1
151	268	42	3
141	269	42	1
144	269	42	3
132	270	42	2
142	270	42	2
152	270	42	1
143	271	42	2
145	271	42	1
156	271	42	1
132	272	42	2
141	272	42	1
144	272	42	1
145	272	42	1
131	273	42	3
142	273	42	2
147	273	42	2
154	273	42	2
157	273	42	2
158	273	42	2
142	274	42	2
144	274	42	3
154	274	42	3
134	275	42	1
148	275	42	1
153	275	42	1
155	275	42	2
162	275	42	1
165	275	42	3
134	276	42	1
146	276	42	2
151	276	42	1
153	276	42	1
154	276	42	2
157	276	42	1
138	277	42	3
140	277	42	2
141	277	42	1
143	277	42	1
146	277	42	1
155	277	42	1
163	277	42	2
132	278	42	1
148	278	42	2
155	278	42	4
143	279	42	2
144	279	42	1
147	279	42	1
149	279	42	2
151	279	42	1
152	279	42	3
154	279	42	1
164	279	42	1
141	280	42	1
151	280	42	1
160	280	42	4
143	281	42	1
153	281	42	1
156	281	42	1
148	282	42	3
151	282	42	1
154	282	42	2
158	282	42	1
162	282	42	1
137	283	42	1
149	283	42	1
152	283	42	2
137	284	42	2
138	284	42	1
149	284	42	3
151	284	42	2
152	285	42	3
154	285	42	2
217	285	42	1
155	286	42	1
140	287	42	1
141	287	42	4
174	287	42	1
134	288	42	3
136	289	42	1
153	289	42	1
133	291	42	2
140	291	42	2
133	292	42	1
153	292	42	1
130	293	42	1
137	293	42	1
142	293	42	1
131	294	42	2
138	294	42	1
152	294	42	2
135	295	42	2
142	295	42	2
136	296	42	1
161	296	42	1
130	297	42	1
136	297	42	1
139	297	42	2
150	297	42	1
136	298	42	2
166	298	42	1
131	300	42	1
133	300	42	1
136	300	42	1
139	300	42	2
249	300	42	1
126	301	42	2
130	301	42	1
137	301	42	3
144	301	42	1
143	302	42	1
165	302	42	1
138	303	42	1
139	303	42	1
150	303	42	3
168	303	42	2
170	303	42	1
125	304	42	2
132	304	42	3
171	304	42	1
181	304	42	1
131	305	42	2
134	305	42	1
170	305	42	1
140	306	42	1
143	307	42	1
170	307	42	1
130	308	42	1
169	308	42	2
125	309	42	1
140	309	42	3
162	310	42	1
141	311	42	1
140	314	42	1
137	315	42	1
141	316	42	2
139	318	42	3
148	318	42	1
140	319	42	2
139	320	42	2
138	321	42	1
150	321	42	2
179	323	42	1
133	324	42	6
137	324	42	3
141	324	42	1
181	324	42	2
132	325	42	1
183	325	42	2
134	326	42	4
135	326	42	3
249	326	42	2
251	326	42	1
176	327	42	1
252	327	42	4
130	328	42	1
154	328	42	1
176	328	42	1
149	329	42	1
150	329	42	2
168	329	42	1
131	330	42	2
160	330	42	1
161	330	42	2
184	330	42	1
188	330	42	1
134	331	42	2
176	331	42	1
127	332	42	2
160	332	42	1
166	332	42	1
180	332	42	1
186	332	42	1
242	332	42	2
126	333	42	2
131	333	42	2
176	333	42	1
178	333	42	2
183	333	42	1
189	333	42	2
133	334	42	2
158	334	42	2
188	334	42	1
189	334	42	2
219	334	42	4
222	334	42	1
134	335	42	1
151	335	42	2
246	336	42	1
248	336	42	2
126	337	42	1
127	337	42	1
152	337	42	1
156	337	42	1
192	337	42	5
216	337	42	1
247	337	42	1
155	338	42	1
194	338	42	3
154	339	42	2
159	340	42	1
193	340	42	1
195	340	42	1
221	340	42	1
211	342	42	1
207	344	42	1
212	344	42	1
230	346	42	2
210	347	42	1
212	348	42	1
231	349	42	3
206	350	42	1
233	350	42	1
235	353	42	1
206	356	42	1
208	357	42	1
207	358	42	1
204	360	42	2
183	361	42	1
206	364	42	3
137	227	43	1
139	228	43	5
157	230	43	1
162	231	43	1
139	233	43	2
203	234	43	3
141	235	43	2
163	235	43	1
164	236	43	2
138	237	43	2
143	237	43	1
154	237	43	2
138	238	43	1
138	239	43	1
143	240	43	3
165	240	43	1
166	240	43	2
140	242	43	3
178	245	43	2
179	246	43	2
179	254	43	1
210	256	43	3
143	257	43	4
155	257	43	3
174	257	43	2
175	257	43	1
176	257	43	1
146	258	43	1
175	258	43	1
215	258	43	1
216	258	43	1
179	259	43	1
159	260	43	1
160	260	43	2
161	260	43	3
170	260	43	4
171	260	43	2
175	260	43	1
178	261	43	1
209	261	43	1
152	262	43	1
158	262	43	2
160	262	43	1
167	262	43	1
177	262	43	1
208	262	43	1
146	263	43	1
147	263	43	1
144	264	43	2
147	264	43	1
149	264	43	3
151	264	43	1
155	264	43	1
124	265	43	1
144	265	43	2
145	265	43	1
147	265	43	2
155	265	43	1
149	266	43	3
151	266	43	1
143	267	43	2
147	267	43	1
148	267	43	1
147	268	43	1
149	268	43	1
134	271	43	2
146	271	43	2
148	271	43	1
141	272	43	1
143	273	43	2
148	273	43	1
211	273	43	1
141	274	43	1
255	274	43	1
129	275	43	1
132	275	43	1
141	275	43	1
142	275	43	2
148	275	43	2
155	275	43	1
160	275	43	1
182	275	43	1
144	276	43	2
148	276	43	1
151	276	43	2
165	276	43	1
143	277	43	1
145	277	43	2
148	277	43	2
156	277	43	1
164	277	43	1
131	278	43	3
132	278	43	2
147	278	43	1
162	278	43	1
142	279	43	1
148	279	43	2
150	279	43	1
152	279	43	2
154	279	43	2
148	280	43	1
155	280	43	2
210	280	43	2
142	281	43	1
148	281	43	1
152	281	43	1
158	281	43	3
161	281	43	1
140	282	43	2
143	282	43	1
144	282	43	3
154	282	43	1
158	282	43	1
143	283	43	1
149	283	43	1
150	283	43	2
152	283	43	1
153	283	43	4
139	284	43	2
150	284	43	1
160	284	43	1
148	285	43	1
151	285	43	1
152	285	43	1
140	286	43	2
143	286	43	1
154	286	43	1
216	286	43	1
140	287	43	1
136	288	43	3
138	288	43	2
152	292	43	2
139	293	43	2
143	293	43	1
146	293	43	1
132	294	43	1
141	294	43	1
140	295	43	1
151	295	43	1
137	296	43	1
137	297	43	2
149	297	43	1
136	298	43	2
141	299	43	2
143	299	43	1
129	300	43	1
138	300	43	2
141	300	43	1
140	301	43	3
142	301	43	1
149	301	43	1
131	302	43	2
137	302	43	2
140	302	43	1
169	302	43	1
170	302	43	1
130	303	43	1
135	303	43	2
136	303	43	1
138	303	43	1
167	303	43	2
170	303	43	3
140	304	43	1
143	304	43	1
146	304	43	4
126	305	43	2
131	305	43	4
134	305	43	3
168	305	43	1
127	306	43	2
131	306	43	1
132	306	43	1
143	306	43	1
146	306	43	2
148	306	43	2
129	307	43	1
128	308	43	2
143	308	43	1
140	313	43	2
142	313	43	2
143	314	43	2
140	317	43	1
140	318	43	1
137	319	43	1
142	319	43	2
114	321	43	1
138	321	43	1
135	324	43	1
150	324	43	1
135	325	43	2
132	326	43	1
133	326	43	1
136	326	43	2
177	326	43	1
136	327	43	1
176	327	43	2
186	327	43	2
184	328	43	2
133	329	43	4
177	329	43	2
188	329	43	1
179	330	43	1
132	331	43	2
153	331	43	2
189	331	43	1
133	332	43	1
191	332	43	3
192	332	43	1
218	332	43	2
240	332	43	1
179	333	43	3
181	334	43	1
219	334	43	2
222	334	43	1
131	335	43	4
131	336	43	1
218	336	43	2
244	336	43	1
245	336	43	1
246	336	43	1
127	337	43	1
132	338	43	2
155	338	43	2
247	338	43	1
213	343	43	1
222	343	43	1
210	344	43	2
211	344	43	1
231	344	43	2
232	345	43	1
211	346	43	2
212	346	43	2
233	346	43	1
208	347	43	1
211	347	43	1
231	347	43	1
236	349	43	1
238	349	43	1
206	350	43	1
227	350	43	1
233	350	43	2
235	351	43	2
207	352	43	1
231	352	43	1
206	353	43	3
207	353	43	1
206	358	43	1
207	358	43	3
206	359	43	2
186	360	43	2
206	361	43	1
209	361	43	1
206	363	43	1
138	228	44	2
139	228	44	2
140	228	44	2
135	230	44	1
137	231	44	1
164	232	44	2
137	233	44	1
140	234	44	2
139	236	44	1
164	237	44	2
139	238	44	1
177	243	44	1
178	245	44	3
180	245	44	2
175	257	44	1
176	258	44	2
177	258	44	2
158	259	44	1
178	259	44	4
150	260	44	3
177	260	44	1
147	261	44	1
155	261	44	1
211	261	44	1
154	262	44	1
159	262	44	1
160	262	44	1
147	263	44	1
149	263	44	2
156	263	44	1
157	263	44	1
158	263	44	1
146	264	44	1
149	265	44	3
156	265	44	1
149	266	44	1
150	266	44	4
149	267	44	1
147	268	44	3
143	269	44	1
145	269	44	2
146	269	44	1
152	269	44	1
213	269	44	3
145	270	44	1
146	270	44	1
144	271	44	3
147	271	44	3
203	271	44	1
151	272	44	1
142	273	44	4
143	273	44	2
156	273	44	1
145	274	44	1
146	274	44	1
143	275	44	1
166	275	44	1
152	276	44	1
153	276	44	1
154	276	44	1
156	276	44	2
167	276	44	1
252	276	44	2
146	277	44	1
150	277	44	2
147	278	44	1
149	278	44	2
151	278	44	1
160	278	44	1
143	279	44	2
146	279	44	1
154	279	44	1
164	279	44	1
147	280	44	1
150	280	44	2
155	280	44	2
210	280	44	1
140	281	44	2
148	281	44	1
156	281	44	1
204	281	44	2
151	282	44	4
152	282	44	2
154	282	44	1
142	283	44	3
148	283	44	1
219	283	44	3
145	284	44	3
149	284	44	1
217	285	44	1
218	286	44	2
137	287	44	1
121	290	44	1
139	291	44	2
142	291	44	2
144	291	44	1
144	292	44	3
132	294	44	2
142	294	44	1
143	294	44	1
144	294	44	2
225	295	44	3
140	296	44	2
141	297	44	1
136	298	44	1
128	300	44	2
140	300	44	2
142	300	44	1
143	300	44	1
168	300	44	2
130	301	44	1
137	301	44	1
127	302	44	1
133	302	44	1
165	302	44	1
127	303	44	1
140	303	44	2
126	304	44	1
130	304	44	1
128	305	44	1
131	306	44	2
144	306	44	1
173	306	44	1
170	309	44	1
171	309	44	3
143	310	44	1
170	310	44	1
141	315	44	1
142	316	44	1
141	317	44	1
140	318	44	1
141	318	44	2
182	323	44	2
183	323	44	1
133	326	44	1
136	326	44	1
131	328	44	1
133	328	44	1
133	329	44	2
183	329	44	2
179	330	44	1
185	330	44	2
133	331	44	1
182	332	44	1
131	333	44	3
180	333	44	3
136	334	44	1
128	335	44	2
213	336	44	1
219	336	44	1
217	337	44	1
213	338	44	2
215	338	44	1
211	346	44	2
228	346	44	1
231	346	44	4
211	347	44	1
234	347	44	1
211	348	44	2
212	348	44	1
211	349	44	2
209	351	44	2
208	354	44	2
195	361	44	3
163	233	45	2
143	237	45	2
175	257	45	4
176	258	45	2
174	259	45	1
158	262	45	3
175	262	45	4
156	263	45	3
159	263	45	3
149	265	45	1
153	265	45	2
155	267	45	1
148	269	45	1
143	270	45	1
145	270	45	1
146	270	45	1
136	271	45	1
146	271	45	2
144	272	45	2
151	272	45	1
158	272	45	4
141	275	45	1
164	277	45	1
152	278	45	3
147	279	45	1
149	279	45	1
150	279	45	1
150	280	45	1
152	281	45	1
144	282	45	3
142	283	45	2
145	283	45	1
150	283	45	2
251	283	45	2
142	284	45	1
151	284	45	1
146	285	45	1
217	285	45	1
218	286	45	2
214	287	45	2
144	291	45	2
145	292	45	1
143	293	45	4
140	294	45	1
145	294	45	1
140	296	45	1
143	296	45	1
135	299	45	1
140	299	45	3
134	301	45	1
127	302	45	2
137	302	45	3
143	302	45	2
127	303	45	3
131	303	45	1
130	304	45	1
132	304	45	1
137	304	45	2
140	304	45	2
143	308	45	1
180	318	45	1
185	322	45	2
167	326	45	1
186	326	45	2
176	327	45	1
187	329	45	1
189	331	45	2
193	333	45	1
217	334	45	1
245	340	45	1
215	343	45	2
211	345	45	1
217	345	45	1
229	346	45	1
231	346	45	3
210	347	45	3
233	349	45	1
175	352	45	2
202	352	45	1
230	354	45	1
134	229	46	1
173	255	46	2
158	260	46	1
154	262	46	1
159	263	46	2
145	269	46	3
145	270	46	1
139	273	46	3
151	273	46	3
145	279	46	1
150	279	46	2
155	279	46	1
149	280	46	1
158	280	46	2
215	280	46	1
144	281	46	1
146	281	46	2
150	281	46	2
146	282	46	1
154	282	46	3
151	283	46	1
154	283	46	1
250	283	46	1
140	284	46	2
142	284	46	2
149	284	46	3
120	285	46	3
140	285	46	1
146	285	46	1
248	285	46	1
120	286	46	1
208	286	46	2
140	292	46	1
144	292	46	1
148	293	46	3
146	294	46	1
139	295	46	2
225	297	46	1
136	298	46	1
140	298	46	1
143	299	46	3
228	300	46	3
132	301	46	3
135	301	46	1
136	301	46	1
137	301	46	2
130	302	46	1
143	302	46	1
146	302	46	1
133	303	46	2
136	303	46	3
143	303	46	2
139	305	46	2
194	315	46	4
195	315	46	3
184	320	46	2
188	320	46	3
179	322	46	1
191	322	46	1
179	323	46	3
183	323	46	1
189	323	46	1
180	324	46	1
174	325	46	3
172	326	46	1
182	326	46	2
174	327	46	1
191	327	46	2
183	328	46	2
188	328	46	2
131	330	46	2
217	335	46	1
215	336	46	1
221	340	46	2
216	341	46	3
217	342	46	2
222	342	46	2
232	343	46	2
205	346	46	3
182	353	46	1
230	356	46	1
141	227	47	1
138	229	47	3
151	269	47	1
164	281	47	1
146	282	47	1
120	283	47	1
146	289	47	1
140	293	47	2
146	293	47	2
144	294	47	1
140	297	47	4
140	298	47	2
136	299	47	2
138	300	47	2
229	302	47	3
178	320	47	1
179	322	47	1
185	323	47	2
175	324	47	1
179	324	47	1
186	329	47	2
212	344	47	3
230	353	47	3
203	356	47	1
186	257	48	1
154	274	48	2
146	275	48	1
140	278	48	1
147	281	48	1
140	285	48	1
149	288	48	1
142	290	48	4
137	297	48	1
124	319	48	2
169	324	48	2
157	325	48	1
216	342	48	2
217	344	48	1
207	351	48	1
135	230	49	1
127	235	49	1
172	237	49	1
149	243	49	1
126	245	49	1
147	245	49	2
151	248	49	1
151	252	49	1
195	252	49	2
171	260	49	2
145	262	49	1
146	264	49	1
127	268	49	1
167	269	49	4
154	274	49	2
155	276	49	2
150	278	49	1
145	279	49	1
157	279	49	1
207	279	49	1
145	280	49	2
143	282	49	1
214	282	49	1
113	284	49	1
169	284	49	2
132	285	49	1
132	287	49	1
147	287	49	1
142	291	49	1
147	292	49	2
140	293	49	1
133	295	49	1
136	298	49	1
139	299	49	1
144	299	49	1
202	299	49	1
225	300	49	2
133	303	49	2
139	304	49	1
152	304	49	3
126	305	49	1
128	307	49	1
169	308	49	3
170	312	49	3
268	317	49	2
183	319	49	1
139	326	49	2
235	326	49	2
138	333	49	1
148	337	49	2
224	346	49	1
160	348	49	2
197	348	49	1
204	348	49	2
179	349	49	2
206	353	49	1
186	354	49	1
203	355	49	4
134	227	50	1
136	230	50	4
173	232	50	2
125	234	50	1
162	253	50	1
139	263	50	2
149	263	50	2
154	270	50	1
151	272	50	1
134	275	50	1
160	275	50	1
150	276	50	1
220	277	50	3
249	286	50	1
131	294	50	2
139	294	50	2
174	298	50	3
237	300	50	3
244	301	50	2
140	302	50	1
132	304	50	4
131	306	50	1
146	307	50	2
157	313	50	1
195	325	50	2
179	329	50	1
206	340	50	1
