x	y	z	Deregulated CDK5 triggers multiple neurodegenerative pathways in Alzheimer's disease models
216.157603775171	275.673637444315	34.5586340221659	1
239	272	24	1
244	286	24	1
244	287	24	1
248	289	24	1
232	265	25	1
231	268	25	1
238	270	25	1
227	272	25	1
230	272	25	1
227	273	25	2
238	273	25	1
230	274	25	1
234	274	25	1
235	275	25	1
238	275	25	1
234	276	25	1
236	276	25	1
237	276	25	1
240	276	25	1
232	277	25	1
233	277	25	1
235	277	25	1
236	277	25	1
237	277	25	1
233	278	25	1
236	278	25	1
232	279	25	1
240	279	25	1
247	279	25	1
236	280	25	2
231	281	25	1
234	281	25	1
240	281	25	2
241	281	25	1
243	281	25	1
245	281	25	1
248	281	25	1
235	282	25	2
238	282	25	1
239	282	25	1
240	282	25	2
248	282	25	1
249	282	25	1
230	283	25	1
236	283	25	1
238	283	25	1
240	283	25	1
241	283	25	2
246	283	25	1
247	283	25	1
213	284	25	1
234	284	25	1
235	284	25	1
242	284	25	2
247	284	25	1
236	285	25	1
239	285	25	1
243	285	25	2
246	285	25	1
218	286	25	1
233	286	25	3
235	286	25	1
236	286	25	1
243	286	25	1
245	286	25	1
250	286	25	1
254	286	25	1
242	287	25	1
245	287	25	3
249	287	25	1
251	287	25	1
235	288	25	1
239	288	25	1
242	288	25	1
234	289	25	1
235	289	25	1
241	289	25	1
249	290	25	1
235	291	25	2
236	291	25	1
239	291	25	1
246	291	25	1
238	292	25	1
249	292	25	1
246	293	25	1
239	294	25	1
242	294	25	1
247	294	25	1
237	295	25	1
238	296	25	1
239	297	25	4
240	298	25	2
243	299	25	1
239	300	25	1
176	259	26	1
182	259	26	1
182	260	26	2
229	264	26	2
241	267	26	1
241	268	26	1
228	269	26	1
229	269	26	2
237	269	26	1
235	270	26	1
235	271	26	1
226	272	26	2
230	272	26	1
232	272	26	2
239	272	26	2
231	273	26	1
236	273	26	2
237	273	26	1
238	274	26	2
236	275	26	1
239	275	26	1
245	275	26	1
248	275	26	1
249	275	26	1
250	275	26	1
232	276	26	1
233	276	26	1
248	276	26	1
207	277	26	1
209	277	26	1
213	277	26	1
231	277	26	1
247	277	26	1
250	277	26	1
231	278	26	1
239	278	26	1
243	278	26	2
252	278	26	1
231	279	26	1
236	279	26	2
248	279	26	2
230	280	26	1
236	280	26	2
238	280	26	1
241	280	26	1
242	280	26	1
249	280	26	1
250	280	26	1
230	281	26	1
231	281	26	1
234	281	26	2
235	281	26	1
239	281	26	1
244	281	26	2
246	281	26	1
208	282	26	1
231	282	26	1
235	282	26	1
237	282	26	1
245	282	26	1
246	282	26	1
250	282	26	1
254	282	26	2
234	283	26	1
241	283	26	1
243	283	26	1
245	283	26	1
246	283	26	1
212	284	26	1
214	284	26	1
233	284	26	1
238	284	26	1
246	284	26	1
248	284	26	1
250	284	26	1
234	285	26	1
235	285	26	1
245	285	26	1
246	285	26	2
252	285	26	1
253	285	26	2
255	285	26	1
216	286	26	2
225	286	26	1
232	286	26	1
234	286	26	1
235	286	26	1
236	286	26	2
246	286	26	2
247	286	26	1
249	286	26	1
253	286	26	1
223	287	26	1
236	287	26	1
237	287	26	1
238	287	26	1
248	287	26	2
250	287	26	1
241	288	26	1
245	288	26	1
248	288	26	1
249	288	26	3
250	288	26	1
252	288	26	1
223	289	26	1
227	289	26	1
231	289	26	2
233	289	26	1
234	289	26	1
236	289	26	1
242	289	26	1
243	289	26	1
250	289	26	1
233	290	26	1
236	290	26	1
243	290	26	1
250	290	26	1
222	291	26	1
226	291	26	1
232	291	26	2
237	291	26	1
239	291	26	1
242	291	26	2
246	291	26	1
226	292	26	3
237	292	26	1
244	292	26	1
254	292	26	1
234	293	26	2
240	293	26	1
220	294	26	1
235	294	26	1
243	294	26	1
246	294	26	1
222	295	26	1
234	295	26	1
237	295	26	1
239	295	26	1
242	295	26	1
239	296	26	1
236	297	26	1
245	297	26	1
236	298	26	1
239	298	26	2
236	299	26	1
239	299	26	1
240	299	26	1
241	299	26	1
227	300	26	1
241	300	26	2
235	301	26	1
181	257	27	1
183	257	27	2
183	258	27	2
232	258	27	1
180	259	27	1
184	259	27	1
232	259	27	1
183	260	27	1
185	260	27	1
234	260	27	1
237	260	27	1
177	261	27	2
183	261	27	2
222	261	27	1
229	261	27	1
232	261	27	1
234	261	27	1
235	261	27	1
237	261	27	1
177	262	27	1
227	262	27	1
236	262	27	1
175	263	27	1
184	263	27	1
185	263	27	1
220	263	27	1
227	263	27	1
229	263	27	1
232	263	27	1
233	263	27	1
238	263	27	2
219	264	27	1
224	264	27	1
238	264	27	1
248	264	27	3
221	265	27	1
225	265	27	1
232	265	27	1
233	265	27	1
237	265	27	1
178	266	27	1
180	266	27	1
215	266	27	1
217	266	27	1
224	266	27	3
230	266	27	1
232	266	27	1
237	266	27	1
239	266	27	1
228	267	27	2
233	267	27	1
235	267	27	1
236	267	27	1
239	267	27	2
250	267	27	1
197	268	27	1
213	268	27	1
216	268	27	1
217	268	27	1
219	268	27	1
223	268	27	1
228	268	27	1
229	268	27	1
230	268	27	2
231	268	27	2
232	268	27	1
237	268	27	1
240	268	27	1
247	268	27	1
248	268	27	1
178	269	27	1
213	269	27	1
214	269	27	1
227	269	27	1
228	269	27	1
229	269	27	1
232	269	27	2
235	269	27	1
236	269	27	3
237	269	27	2
243	269	27	1
181	270	27	2
197	270	27	2
207	270	27	1
215	270	27	1
216	270	27	1
217	270	27	2
226	270	27	1
227	270	27	1
228	270	27	1
233	270	27	1
237	270	27	1
238	270	27	1
239	270	27	2
177	271	27	1
206	271	27	2
211	271	27	1
215	271	27	2
222	271	27	1
230	271	27	1
231	271	27	1
235	271	27	1
237	271	27	1
239	271	27	1
240	271	27	1
248	271	27	1
249	271	27	3
179	272	27	1
203	272	27	1
215	272	27	1
222	272	27	1
225	272	27	2
229	272	27	1
236	272	27	1
238	272	27	2
240	272	27	1
247	272	27	1
250	272	27	1
203	273	27	2
211	273	27	1
213	273	27	1
229	273	27	3
235	273	27	2
239	273	27	1
246	273	27	1
203	274	27	1
204	274	27	1
207	274	27	1
208	274	27	1
209	274	27	1
214	274	27	1
226	274	27	2
227	274	27	1
230	274	27	2
231	274	27	1
233	274	27	1
237	274	27	1
240	274	27	1
243	274	27	1
250	274	27	1
254	274	27	2
184	275	27	2
185	275	27	1
205	275	27	1
212	275	27	1
213	275	27	2
214	275	27	1
216	275	27	1
217	275	27	2
218	275	27	1
220	275	27	1
223	275	27	1
224	275	27	2
228	275	27	1
233	275	27	1
236	275	27	1
244	275	27	1
245	275	27	1
249	275	27	1
250	275	27	1
252	275	27	1
254	275	27	1
206	276	27	1
208	276	27	2
210	276	27	1
211	276	27	2
214	276	27	1
217	276	27	2
227	276	27	1
232	276	27	1
238	276	27	1
239	276	27	2
247	276	27	2
204	277	27	2
208	277	27	3
224	277	27	2
231	277	27	1
235	277	27	1
239	277	27	1
246	277	27	2
249	277	27	3
219	278	27	1
221	278	27	2
225	278	27	1
238	278	27	1
240	278	27	1
245	278	27	1
249	278	27	1
250	278	27	1
251	278	27	1
210	279	27	1
220	279	27	1
235	279	27	3
236	279	27	1
241	279	27	1
243	279	27	1
245	279	27	2
247	279	27	1
249	279	27	1
206	280	27	1
209	280	27	1
210	280	27	1
232	280	27	1
234	280	27	1
235	280	27	1
245	280	27	1
247	280	27	1
249	280	27	1
209	281	27	1
217	281	27	2
230	281	27	1
231	281	27	1
233	281	27	1
239	281	27	1
240	281	27	1
244	281	27	1
248	281	27	2
249	281	27	1
254	281	27	1
205	282	27	1
209	282	27	1
212	282	27	1
213	282	27	1
217	282	27	1
227	282	27	2
235	282	27	1
236	282	27	1
241	282	27	1
245	282	27	1
252	282	27	1
254	282	27	1
208	283	27	1
210	283	27	1
221	283	27	1
228	283	27	2
231	283	27	1
234	283	27	1
235	283	27	2
243	283	27	1
245	283	27	1
249	283	27	1
256	283	27	1
209	284	27	1
212	284	27	2
230	284	27	2
236	284	27	1
237	284	27	1
238	284	27	1
241	284	27	2
243	284	27	1
255	284	27	1
256	284	27	1
257	284	27	1
206	285	27	2
209	285	27	2
211	285	27	1
219	285	27	1
223	285	27	1
224	285	27	1
233	285	27	1
236	285	27	1
245	285	27	1
247	285	27	2
250	285	27	1
204	286	27	1
211	286	27	1
212	286	27	1
216	286	27	3
222	286	27	1
225	286	27	1
236	286	27	1
237	286	27	1
245	286	27	1
248	286	27	1
258	286	27	1
210	287	27	1
214	287	27	2
221	287	27	2
227	287	27	1
228	287	27	1
230	287	27	1
241	287	27	1
242	287	27	2
243	287	27	1
249	287	27	1
252	287	27	1
255	287	27	2
256	287	27	1
207	288	27	1
223	288	27	1
225	288	27	1
233	288	27	1
234	288	27	1
235	288	27	3
240	288	27	1
241	288	27	1
242	288	27	1
246	288	27	2
247	288	27	1
249	288	27	2
253	288	27	1
222	289	27	2
223	289	27	1
231	289	27	1
232	289	27	3
233	289	27	1
235	289	27	1
236	289	27	1
237	289	27	1
238	289	27	1
248	289	27	1
253	289	27	1
254	289	27	1
214	290	27	1
231	290	27	1
232	290	27	1
239	290	27	1
241	290	27	1
249	290	27	1
252	290	27	1
253	290	27	1
211	291	27	1
213	291	27	1
224	291	27	1
225	291	27	1
229	291	27	1
230	291	27	2
235	291	27	1
237	291	27	1
242	291	27	1
243	291	27	3
249	291	27	2
252	291	27	1
257	291	27	1
211	292	27	1
213	292	27	2
221	292	27	1
222	292	27	1
223	292	27	1
224	292	27	1
225	292	27	1
226	292	27	1
227	292	27	1
230	292	27	1
239	292	27	1
244	292	27	1
247	292	27	1
252	292	27	1
210	293	27	2
211	293	27	1
225	293	27	1
238	293	27	1
242	293	27	1
243	293	27	1
248	293	27	1
249	293	27	1
253	293	27	1
256	293	27	1
213	294	27	2
219	294	27	1
226	294	27	1
238	294	27	1
246	294	27	1
248	294	27	1
251	294	27	1
253	294	27	1
254	294	27	1
218	295	27	1
219	295	27	1
221	295	27	1
222	295	27	1
223	295	27	2
226	295	27	1
243	295	27	2
244	295	27	1
250	295	27	1
255	295	27	2
220	296	27	2
245	296	27	1
217	297	27	1
225	297	27	1
236	297	27	1
237	297	27	1
238	297	27	3
240	297	27	1
245	297	27	1
248	297	27	1
251	297	27	2
252	297	27	1
221	298	27	1
226	298	27	1
235	298	27	1
237	298	27	1
239	298	27	1
245	298	27	1
248	298	27	1
230	299	27	1
236	299	27	1
237	299	27	1
247	299	27	1
231	300	27	2
235	300	27	1
238	300	27	1
241	300	27	1
242	300	27	1
248	300	27	1
234	301	27	1
243	301	27	1
245	301	27	1
250	301	27	1
251	301	27	1
234	302	27	1
235	304	27	1
244	304	27	1
235	305	27	2
236	267	28	1
236	268	28	1
238	270	28	2
237	271	28	1
240	271	28	1
206	272	28	1
232	272	28	1
233	272	28	1
236	272	28	1
211	273	28	1
232	274	28	1
235	275	28	1
233	276	28	1
235	276	28	1
235	277	28	1
237	277	28	1
238	277	28	2
237	279	28	1
248	279	28	1
208	281	28	1
210	281	28	1
234	282	28	1
247	283	28	1
248	284	28	1
254	284	28	1
238	285	28	1
242	285	28	1
248	285	28	1
232	286	28	1
246	286	28	2
245	287	28	1
248	287	28	1
242	288	28	2
231	289	28	2
249	289	28	1
237	290	28	3
239	291	28	1
240	291	28	1
247	292	28	1
248	293	28	1
242	294	28	2
242	295	28	1
245	295	28	1
225	300	28	1
240	300	28	1
230	257	29	2
181	258	29	1
234	258	29	1
235	258	29	1
229	259	29	1
230	259	29	1
231	261	29	1
220	262	29	2
222	263	29	1
232	263	29	1
245	263	29	1
178	264	29	1
215	264	29	1
224	264	29	1
226	264	29	1
229	264	29	1
231	264	29	1
232	264	29	1
248	264	29	1
232	265	29	1
235	265	29	1
238	265	29	1
249	265	29	1
178	266	29	1
232	266	29	2
236	266	29	1
245	266	29	1
250	266	29	1
199	267	29	3
235	267	29	1
249	267	29	1
194	268	29	1
201	268	29	1
217	268	29	1
234	268	29	1
235	268	29	1
236	268	29	2
237	268	29	1
244	268	29	1
240	269	29	1
248	269	29	1
178	270	29	2
196	270	29	1
200	270	29	1
227	270	29	1
230	270	29	1
232	270	29	1
238	270	29	1
173	271	29	1
203	271	29	1
242	271	29	1
249	271	29	1
251	271	29	1
211	272	29	1
215	272	29	2
224	272	29	3
233	272	29	2
241	272	29	1
245	272	29	4
251	272	29	1
211	273	29	1
206	274	29	1
213	274	29	2
214	274	29	1
232	274	29	3
234	274	29	2
235	274	29	2
238	274	29	1
247	274	29	1
215	275	29	1
236	275	29	1
239	275	29	1
240	275	29	1
241	275	29	1
245	275	29	2
205	276	29	1
228	276	29	1
232	276	29	1
234	276	29	2
252	276	29	1
205	277	29	1
234	277	29	1
240	277	29	1
235	278	29	1
236	278	29	1
244	278	29	1
234	279	29	1
236	279	29	1
245	279	29	1
256	279	29	1
205	280	29	1
245	280	29	2
246	280	29	2
251	280	29	1
256	280	29	1
224	281	29	1
232	281	29	1
241	281	29	1
251	281	29	1
233	282	29	1
241	282	29	1
244	282	29	1
245	282	29	1
246	282	29	1
250	282	29	2
209	283	29	2
231	283	29	1
234	283	29	2
236	283	29	1
245	283	29	2
251	283	29	1
233	284	29	1
236	284	29	2
245	284	29	1
250	284	29	1
226	285	29	1
238	285	29	1
240	285	29	1
247	285	29	1
254	285	29	1
232	286	29	1
240	286	29	1
247	286	29	1
228	287	29	1
233	287	29	1
234	287	29	1
238	287	29	2
241	287	29	2
244	287	29	1
226	288	29	1
228	288	29	2
232	288	29	1
233	288	29	1
234	288	29	1
240	288	29	1
243	288	29	1
244	288	29	1
245	288	29	1
246	288	29	1
253	288	29	1
224	289	29	2
234	289	29	1
237	289	29	1
250	289	29	1
254	289	29	1
224	290	29	2
225	291	29	1
239	291	29	1
240	291	29	1
241	291	29	1
247	291	29	1
225	292	29	1
236	292	29	1
238	292	29	1
241	292	29	2
245	292	29	1
247	292	29	1
249	292	29	1
250	292	29	1
223	293	29	1
237	293	29	1
239	293	29	1
248	293	29	2
253	293	29	2
221	294	29	2
241	294	29	1
242	294	29	1
244	294	29	1
223	295	29	1
243	295	29	1
245	295	29	1
247	295	29	1
222	296	29	2
245	297	29	2
219	298	29	1
221	298	29	1
224	298	29	1
226	298	29	1
237	298	29	1
248	298	29	1
249	298	29	1
221	299	29	1
239	299	29	1
240	299	29	1
221	300	29	1
225	300	29	1
227	300	29	1
236	300	29	2
237	300	29	1
240	300	29	2
227	301	29	1
230	301	29	1
250	302	29	1
228	251	30	2
228	253	30	2
230	254	30	1
235	254	30	2
238	254	30	1
215	255	30	1
235	256	30	1
236	256	30	1
181	257	30	1
183	257	30	1
190	257	30	1
227	257	30	1
230	257	30	1
236	257	30	1
240	257	30	1
233	258	30	1
236	258	30	1
175	259	30	1
183	259	30	2
189	259	30	3
210	259	30	1
214	259	30	1
216	259	30	1
219	259	30	1
224	259	30	1
229	259	30	1
237	259	30	1
238	259	30	1
239	259	30	1
196	260	30	1
217	260	30	1
219	260	30	1
223	260	30	1
226	260	30	1
227	260	30	1
228	260	30	1
235	260	30	1
186	261	30	1
194	261	30	1
196	261	30	1
198	261	30	1
199	261	30	2
208	261	30	1
211	261	30	1
219	261	30	1
229	261	30	1
230	261	30	1
244	261	30	2
246	261	30	1
178	262	30	1
179	262	30	1
187	262	30	1
194	262	30	1
220	262	30	1
222	262	30	1
226	262	30	1
227	262	30	1
242	262	30	1
249	262	30	1
182	263	30	3
185	263	30	3
186	263	30	1
189	263	30	2
197	263	30	1
227	263	30	1
230	263	30	1
234	263	30	1
240	263	30	3
246	263	30	3
248	263	30	1
249	263	30	1
195	264	30	1
227	264	30	1
239	264	30	1
196	265	30	1
210	265	30	1
212	265	30	1
214	265	30	1
224	265	30	1
229	265	30	1
236	265	30	1
246	265	30	1
247	265	30	1
195	266	30	1
197	266	30	1
214	266	30	1
226	266	30	1
232	266	30	1
233	266	30	2
241	266	30	1
176	267	30	1
183	267	30	1
189	267	30	1
194	267	30	1
202	267	30	1
228	267	30	2
231	267	30	1
232	267	30	1
235	267	30	1
237	267	30	1
245	267	30	1
246	267	30	1
248	267	30	2
182	268	30	1
190	268	30	1
191	268	30	2
195	268	30	1
196	268	30	2
206	268	30	1
211	268	30	1
214	268	30	1
226	268	30	1
230	268	30	1
235	268	30	1
237	268	30	1
241	268	30	1
244	268	30	1
246	268	30	1
248	268	30	1
172	269	30	1
177	269	30	1
182	269	30	3
191	269	30	2
198	269	30	2
213	269	30	1
233	269	30	1
235	269	30	2
240	269	30	1
242	269	30	1
244	269	30	2
247	269	30	1
248	269	30	1
249	269	30	1
183	270	30	1
186	270	30	1
198	270	30	1
200	270	30	1
201	270	30	1
205	270	30	1
207	270	30	1
223	270	30	2
230	270	30	1
231	270	30	1
232	270	30	1
233	270	30	1
234	270	30	2
235	270	30	1
245	270	30	2
249	270	30	2
250	270	30	1
187	271	30	1
188	271	30	1
200	271	30	1
201	271	30	1
206	271	30	1
216	271	30	1
232	271	30	1
238	271	30	1
179	272	30	1
180	272	30	2
184	272	30	2
185	272	30	1
203	272	30	1
207	272	30	2
216	272	30	2
227	272	30	3
233	272	30	1
236	272	30	1
239	272	30	1
240	272	30	1
183	273	30	2
206	273	30	3
210	273	30	1
233	273	30	1
236	273	30	1
239	273	30	1
177	274	30	2
181	274	30	1
209	274	30	1
229	274	30	2
234	274	30	2
238	274	30	1
239	274	30	1
247	274	30	1
179	275	30	1
182	275	30	1
183	275	30	1
184	275	30	2
185	275	30	1
203	275	30	2
212	275	30	1
213	275	30	1
236	275	30	1
240	275	30	2
242	275	30	1
244	275	30	1
251	275	30	1
186	276	30	1
205	276	30	1
205	277	30	1
206	277	30	1
208	277	30	2
235	277	30	1
238	277	30	1
241	277	30	1
243	277	30	1
245	277	30	1
175	278	30	1
204	278	30	1
206	278	30	1
230	278	30	1
235	278	30	1
243	278	30	1
246	278	30	1
247	278	30	1
250	278	30	1
253	278	30	1
207	279	30	1
234	279	30	1
238	279	30	2
239	279	30	1
246	279	30	1
247	279	30	1
249	279	30	2
250	279	30	3
226	280	30	1
233	280	30	1
236	280	30	1
238	280	30	1
242	280	30	1
244	280	30	1
245	280	30	1
246	280	30	1
249	280	30	1
181	281	30	1
214	281	30	1
218	281	30	1
223	281	30	1
234	281	30	1
235	281	30	1
239	281	30	2
240	281	30	2
241	281	30	1
243	281	30	1
244	281	30	1
249	281	30	1
177	282	30	1
181	282	30	1
182	282	30	1
210	282	30	2
213	282	30	1
220	282	30	2
221	282	30	1
222	282	30	1
234	282	30	1
236	282	30	2
244	282	30	1
246	282	30	1
256	282	30	1
221	283	30	1
222	283	30	1
223	283	30	1
240	283	30	1
242	283	30	2
246	283	30	1
180	284	30	1
219	284	30	1
225	284	30	1
230	284	30	1
240	284	30	2
241.666666666667	284.666666666667	31	1
242	284	30	1
245	284	30	1
249	284	30	1
252	284	30	1
254	284	30	1
206	285	30	1
211	285	30	1
222.5	285.5	30.5	1
224	285	30	1
227	285	30	1
229	285	30	1
232	285	30	1
234	285	30	2
242	285	30	2
245	285.666666666667	31	1
248	285	30	1
219	286	30	1
225	286	30	2
228	286	30	2
238	286	30	1
243	286	30	2
244	286	30	1
245	286	30	1
246	286	30	1
252	286	30	1
255	286	30	2
222	287	30	1
224	287	30	1
228	287	30	2
231	287	30	1
234	287	30	1
237	287.5	30.5	3
243	287	30	2
248	287	30	1
254	287	30	2
255	287	30	1
221	288	30	1
223	288	30	2
225	288	30	1
226	288	30	1
228	288	30	1
235	288	30	1
238	288	30	1
239	288	30	1
241	288	30	1
244	288	30	1
246	288	30	1
248	288	30	2
199	289	30	1
223	289	30	2
233	289	30	1
240	289	30	1
256	289	30	1
198	290	30	1
222	290	30	1
225	290	30	1
235	290	30	3
241	290	30	1
242	290	30	1
244	290	30	4
248	290	30	1
197	291	30	2
198	291	30	1
222	291	30	2
225	291	30	1
226	291	30	1
229	291	30	1
238	291	30	1
239	291	30	1
245	291	30	2
246	291	30	1
255	291	30	1
197	292	30	1
199	292	30	1
213	292	30	3
220	292	30	1
223	292	30	1
238	292	30	1
243	292	30	1
245	292	30	1
249	292	30	3
220	293	30	1
227	293	30	1
236	293	30	1
240	293	30	2
244	293	30	1
245	293	30	1
246	293	30	1
253	293	30	1
189	294	30	1
210	294	30	1
221	294	30	3
226	294	30	1
227	294	30	1
229	294	30	1
230	294	30	3
231	294	30	1
240	294	30	1
244	294	30	2
250	294	30	1
251	294	30	1
253	294	30	1
257	294	30	1
197	295	30	1
226	295	30	1
227	295	30	1
241	295	30	1
251	295	30	1
252	295	30	1
255	295	30	1
256	295	30	2
228	296	30	2
241	296	30	1
247	296	30	1
221	297	30	1
223	297	30	1
226	297	30	3
232	297	30	1
239	297	30	1
241	297	30	1
243	297	30	1
245	297	30	2
248	297	30	1
225	298	30	1
226	298	30	1
227	298	30	1
228	298	30	1
231	298	30	1
235	298	30	1
237	298	30	1
241	298	30	1
245	298	30	1
247	298	30	2
248	298	30	1
251	298	30	1
224	299	30	2
231	299	30	1
244	299	30	1
246	299	30	1
218	300	30	2
222	300	30	1
223	300	30	1
225	300	30	2
228	300	30	2
237	300	30	2
240	300	30	2
244	300	30	1
248	300	30	1
235	301	30	1
238	301	30	1
239	301	30	1
241	301	30	1
243	301	30	1
246	301	30	1
247	301	30	1
223	302	30	2
229	302	30	1
231	302	30	2
237	302	30	1
238	302	30	1
242	302	30	1
248	302	30	2
243	303	30	2
244	303	30	1
246	303	30	1
220	304	30	1
240	304	30	1
236	305	30	1
236	306	30	1
240	306	30	1
224	250	31	1
226	250	31	1
235	250	31	1
229	251	31	2
235	252	31	2
193	253	31	1
215	253	31	2
228	253	31	3
233	253	31	2
237	253	31	1
193	254	31	1
226	255	31	1
229	255	31	1
236	255	31	1
240	255	31	1
207	256	31	2
215	256	31	1
216	256	31	2
233	256	31	1
236	256	31	1
239	256	31	1
233	257	31	1
240	257	31	2
215	258	31	1
216	258	31	1
227	258	31	1
230	258	31	1
231	258	31	1
239	258	31	2
188	259	31	1
218	259	31	1
219	259	31	1
235	259	31	1
239	259	31	1
190	260	31	2
195	260	31	2
212	260	31	1
216	260	31	1
224	260	31	1
227	260	31	1
234	260	31	2
235	260	31	1
237	260	31	1
238	260	31	1
240	260	31	1
246	260	31	2
181	261	31	1
226	261	31	1
227	261	31	1
228	261	31	1
229	261	31	2
237	261	31	2
239	261	31	1
245	261	31	1
186	262	31	1
193	262	31	2
194	262	31	1
210	262	31	1
217	262	31	1
219	262	31	2
221	262	31	2
225	262	31	1
233	262	31	1
235	262	31	1
236	262	31	1
238	262	31	1
249	262	31	2
193	263	31	1
197	263	31	1
198	263	31	1
200	263	31	1
216	263	31	1
222	263	31	1
226	263	31	2
229	263	31	1
230	263	31	1
234	263	31	1
235	263	31	1
238	263	31	1
240	263	31	1
184	264	31	1
187	264	31	1
188	264	31	1
189	264	31	1
197	264	31	1
204	264	31	1
217	264	31	2
221	264	31	1
226	264	31	1
227	264	31	1
232	264	31	1
239	264	31	1
185	265	31	2
200	265	31	1
214	265	31	1
216	265	31	2
222	265	31	1
232	265	31	1
233	265	31	1
234	265	31	1
238	265	31	1
239	265	31	1
240	265	31	1
243	265	31	1
245	265	31	2
250	265	31	2
186	266	31	3
197	266	31	1
211	266	31	2
213	266	31	1
215	266	31	1
229	266	31	2
232	266	31	1
248	266	31	1
176	267	31	1
182	267	31	1
186	267	31	1
216	267	31	1
217	267	31	1
219	267	31	1
224	267	31	2
229	267	31	1
236	267	31	1
237	267	31	1
241	267	31	1
245	267	31	2
197	268	31	1
198	268	31	2
213	268	31	1
216	268	31	2
220	268	31	1
222	268	31	1
224	268	31	1
240	268	31	1
243	268	31	1
182	269	31	1
183	269	31	1
188	269	31	1
199	269	31	1
201	269	31	1
232	269	31	2
239	269	31	1
246	269	31	1
183	270	31	1
185	270	31	2
194	270	31	1
199	270	31	1
207	270	31	1
215	270	31	1
216	270	31	1
217	270	31	1
231	270	31	1
247	270	31	1
250	270	31	1
171	271	31	1
172	271	31	1
177	271	31	1
198	271	31	2
203	271	31	1
210	271	31	1
212	271	31	3
214	271	31	2
232	271	31	1
235	271	31	1
237	271	31	2
241	271	31	2
247	271	31	1
249	271	31	1
205	272	31	1
206	272	31	1
210	272	31	1
216	272	31	1
234	272	31	1
236	272	31	1
238	272	31	1
239	272	31	1
248	272	31	1
249	272	31	2
184	273	31	1
234	273	31	1
236	273	31	1
238	273	31	1
239	273	31	1
240	273	31	2
246	273	31	1
248	273	31	1
249	273	31	1
175	274	31	1
210	274	31	1
213	274	31	1
225	274	31	1
226	274	31	1
237	274	31	3
243	274	31	2
252	274	31	1
184	275	31	1
201	275	31	1
229	275	31	1
231	275	31	1
243	275	31	1
250	275	31	2
181	276	31	2
205	276	31	1
233	276	31	1
234	276	31	2
236	276	31	3
237	276	31	1
239	276	31	2
240	276	31	1
252	276	31	2
205	277	31	1
209	277	31	1
241	277	31	1
244	277	31	1
177	278	31	1
203	278	31	1
207	278	31	2
224	278	31	2
237	278	31	1
242	278	31	1
243	278	31	1
245	278	31	1
246	278	31	1
247	278	31	1
249	278	31	1
180	279	31	1
206	279	31	1
237	279	31	2
238	279	31	1
243	279	31	1
245	279	31	1
254	279	31	1
176	280	31	1
181	280	31	2
205	280	31	1
235	280	31	2
181	281	31	1
206	281	31	1
210	281	31	1
219	281	31	2
222	281	31	1
224	281	31	1
240	281	31	1
241	281	31	1
248	281	31	1
250	281	31	2
181	282	31	1
206	282	31	2
233	282	31	1
245	282	31	1
252	282	31	2
181	283	31	1
182	283	31	2
184	283	31	2
219	283	31	2
221	283	31	1
224	283	31	2
230	283	31	1
232	283	31	2
236	283	31	2
175	284	31	1
223	284	31	1
243	284	31	1
250	284	31	1
254	284	31	1
256	284	31	1
173	285	31	1
183	285	31	1
218	285	31	1
219	285	31	1
222	285	31	2
223	285	31	1
224	285	31	1
225	285	31	1
231	285	31	1
253	285	31	1
256	285	31	1
180	286	31	1
218	286	31	1
229	286	31	2
231	286	31	1
238	286	31	2
246	286	31	1
190	287	31	2
228	287	31	1
237	287	31	1
238	287	31	1
248	287	31	1
252	287	31	1
256	287	31	2
221	288	31	1
223	288	31	2
233	288	31	2
246	288	31	1
247	288	31	1
251	288	31	1
253	288	31	1
222	289	31	1
224	289	31	1
225	289	31	1
226	289	31	1
227	289	31	2
233	289	31	1
234	289	31	1
238	289	31	1
241	289	31	1
242	289	31	1
245	289	31	1
225	290	31	1
226	290	31	1
232	290	31	1
241	290	31	1
248	290	31	1
222	291	31	1
229	291	31	1
235	291	31	1
240	291	31	1
242	291	31	1
244	291	31	1
245	291	31	1
247	291	31	1
248	291	31	1
199	292	31	1
221	292	31	1
222	292	31	1
226	292	31	2
227	292	31	2
230	292	31	1
231	292	31	1
236	292	31	1
242	292	31	1
246	292	31	2
247	292	31	1
250	292	31	1
252	292	31	1
230	293	31	3
231	293	31	1
233	293	31	1
234	293	31	2
237	293	31	1
239	293	31	1
241	294	32.8	1
242	293	31	1
243	293	31	1
247	293	31	1
251	293	31	1
253	293	31	1
256	293	31	1
209	294	31	2
226	294	31	2
227	294	31	1
230	294	31	1
235	294	31	1
237	294	31	2
241	294	31	1
242	294	31	2
243	294	31	1
244	294	31	1
245	294	31	2
202	295	31	1
221	295	31	1
226	295	31	2
229	295	31	1
243	295	31	2
244	295	31	1
248	295	31	1
249	295	31	1
200	296	31	2
223	296	31	1
224	296	31	1
225	296	31	1
228	296	31	1
229	296	31	1
231	296	31	1
234	296	31	1
235	296	31	1
236	296	31	2
242	296	31	1
245	296	31	1
248	296	31	1
250	296	31	1
253	296	31	1
195	297	31	1
225	297	31	1
227	297	31	1
230	297	31	1
231	297	31	1
234	297	31	1
235	297	31	1
246	297	31	3
196	298	31	1
223	298	31	3
226	298	31	1
228	298	31	2
247	298	31	1
248	298	31	2
249	298	31	1
233	299	31	1
236	299	31	1
237	299	31	1
246	299	31	1
247	299	31	1
248	299	31	2
218	300	31	1
224	300	31	1
228	300	31	1
229	300	31	1
235	300	31	1
237	300	31	1
247	300	31	2
249	300	31	1
221	301	31	2
226	301	31	1
229	301	31	1
243	301	31	1
245	301	31	1
246	301	31	1
224	302	31	1
239	302	31	1
242	302	31	1
246	302	31	1
247	302	31	2
248	302	31	1
224	303	31	3
231	303	31	1
232	303	31	1
236	303	31	1
237	303	31	1
242	303	31	2
246	303	31	1
232	304	31	1
237	304	31	1
223	306	31	1
223	307	31	1
225	308	31	1
226	250	32	2
226	251	32	2
229	251	32	1
217	252	32	1
226	252	32	1
193	253	32	1
215	253	32	1
216	253	32	2
217	253	32	1
223	253	32	2
229	253	32	1
216	254	32	1
223	254	32	1
225	254	32	1
227	254	32	1
228	254	32	2
232	254	32	1
235	254	32	1
238	254	32	1
239	254	32	4
219	255	32	1
221	255	32	1
226	255	32	1
236	255	32	1
237	255	32	1
238	255	32	1
177	256	32	1
215	256	32	1
227	256	32	1
234	256	32	1
242	256	32	1
192	257	32	1
193	257	32	1
202	257	32	1
209	257	32	2
219	257	32	2
182	258	32	1
193	258	32	1
207	258	32	1
216	258	32	1
218	258	32	3
220	258	32	2
231	258	32	1
233	258	32	2
237	258	32	1
188	259	32	1
201	259	32	2
209	259	32	1
213	259	32	1
219	259	32	2
230	259	32	1
182	260	32	2
203	260	32	1
210	260	32	1
218	260	32	1
221	260	32	1
222	260	32	3
235	260	32	1
239	260	32	1
242	260	32	1
243	260	32	1
244	260	32	1
194	261	32	1
216	261	32	1
218	261	32	1
219	261	32	1
220	261	32	1
222	261	32	1
228	261	32	2
237	261	32	2
239	261	32	1
242	261	32	1
246	261	32	2
203	262	32	1
207	262	32	1
216	262	32	1
219	262	32	1
228	262	32	2
238	262	32	2
243	262	32	2
244	262	32	1
245	262	32	1
247	262	32	1
198	263	32	1
204	263	32	1
211	263	32	1
212	263	32	1
213	263	32	2
222	263	32	1
224	263	32	1
226	263	32	1
227	263	32	2
228	263	32	1
230	263	32	1
232	263	32	1
236	263	32	2
246	263	32	3
192	264	32	1
193	264	32	1
200	264	32	2
210	264	32	3
212	264	32	2
221	264	32	1
223	264	32	1
224	264	32	1
227	264	32	1
228	264	32	1
233	264	32	2
236	264	32	1
238	264	32	1
244	264	32	1
246	264	32	1
248	264	32	1
250	264	32	1
184	265	32	1
185	265	32	1
188	265	32	1
191	265	32	1
193	265	32	1
195	265	32	2
196	265	32	1
204	265	32	1
218	265	32	1
220	265	32	1
226	265	32	2
229	265	32	1
232	265	32	1
244	265	32	1
186	266	32	1
188	266	32	1
189	266	32	1
194	266	32	1
196	266	32	1
197	266	32	1
221	266	32	1
229	266	32	1
232	266	32	2
234	266	32	1
236	266	32	2
182	267	32	1
184	267	32	1
192	267	32	1
196	267	32	1
211	267	32	1
222	267	32	1
225	267	32	1
229	267	32	1
237	267	32	1
243	267	32	1
245.5	267.5	32.5	1
252	267	32	1
193	268	32	1
194	268	32	1
216	268	32	1
220	268	32	1
225	268	32	1
228	268	32	1
231	268	32	1
233	268	32	1
243	268	32	1
247	268	32	1
175	269	32	1
177	269	32	1
182	269	32	1
186	269	32	1
193	269	32	1
194	269	32	2
196	269	32	1
204	269	32	2
213	269	32	1
218	269	32	1
223	269	32	2
239	269	32	1
240	269	32	1
241	269	32	1
243	269	32	1
245	269	32	1
246	269	32	1
249	269	32	1
252	269	32	1
187	270	32	1
195	270	32	1
200	270	32	1
207	270	32	1
216	270	32	1
222	270	32	1
224	270	32	1
227	270	32	1
231	270	32	1
239	270	32	1
247	270	32	1
248	270	32	2
250	270	32	1
183	271	32	1
208	271	32	1
210	271	32	1
214	271	32	2
227	271	32	1
231	271	32	1
235	271	32	1
237	271	32	1
239	271	32	2
175	272	32	1
176	272	32	2
183	272	32	1
184	272	32	1
201	272	32	1
203	272	32	1
205	272	32	2
206	272	32	1
208	272	32	2
209	272	32	1
226	272	32	1
235	272	32	1
238	272	32	1
246	272	32	1
252	272	32	1
174	273	32	2
182	273	32	1
183	273	32	2
205	273	32	2
206	273	32	1
207	273	32	1
209	273	32	1
212	273	32	1
214	273	32	1
215	273	32	2
228	273	32	1
229	273	32	1
235	273	32	2
236	273	32	1
240	273	32	2
241	273	32	1
242	273	32	1
245	273	32	1
250	273	32	1
203	274	32	1
204	274	32	2
209	274	32	1
215	274	32	1
234	274	32	1
236	274	32	2
238	274	32	1
240	274	32	1
243	274	32	2
244	274	32	2
250	274	32	1
252	274	32	1
184	275	32	1
208	275	32	1
214	275	32	1
216	275	32	1
238	275	32	1
247	275	32	1
249	275	32	1
215	276	32	1
239	276	32	1
243	276	32	1
249	276	32	1
174	277	32	1
204	277	32	1
236	277	32	1
239	277	32	2
242	277	32	1
243	277	32	1
245	277	32	2
247	277	32	1
248	277	32	1
204	278	32	1
239	278	32	1
243	278	32	1
244	278	32	1
246	278	32	1
178	279	32	1
179	279	32	1
219	279	32	2
220	279	32	1
223	279	32	1
236	279	32	1
239	279	32	1
241	279	32	1
245	279	32	1
246	279	32	1
250	279	32	1
173	280	32	1
180	280	32	1
189	280	32	2
219	280	32	3
223	280	32	2
232	280	32	1
237	280	32	1
245	280	32	2
246	280	32	1
248	280	32	1
176	281	32	3
181	281	32	1
182	281	32	2
186	281	32	3
210	281	32	1
217	281	32	1
219	281	32	1
222	281	32	3
223	281	32	3
232	281	32	1
234	281	32	1
236	281	32	1
240	281	32	1
241	281	32	1
251	281	32	2
173	282	32	1
175	282	32	2
218	282	32	1
221	282	32	1
226	282	32	1
227	282	32	1
229	282	32	2
237	282	32	1
240	282	32	1
242	282	32	1
245	282	32	1
249	282	32	1
250	282	32	1
253	282	32	1
254	282	32	1
175	283	32	1
176	283	32	1
179	283	32	1
183	283	32	1
222	283	32	1
226	283	32	1
237	283	32	1
241	283	32	1
249	283	32	1
178	284	32	1
179	284	32	1
210	284	32	1
221	284	32	1
232	284	32	1
233	284	32	2
257	284	32	2
177	285	32	1
178	285	32	1
204	285	32	1
205	285	32	1
234	285	32	1
243	285	32	2
244	285	32	1
245	285	32	1
246	285	32	1
249	285	32	2
254	285	32	1
183	286	32	2
206	286	32	1
207	286	32	1
224	286	32	1
226	286	32	1
227	286	32	2
236	286	32	1
239	286	32	1
240	286	32	1
247	286	32	1
249	286	32	1
176	287	32	4
208	287	32	1
221	287	32	1
222	287	32	1
226	287	32	1
228	287	32	1
240	287	32	1
242	287	32	1
244	287	32	1
201	288	32	1
202	288	32	1
203	288	32	2
222	288	32	1
226	288	32	1
232	288	32	1
234	288	32	1
242	288	32	2
244	288	32	1
246	288	32	1
258	288	32	2
222	289	32	1
224	289	32	1
231	289	32	1
233	289	32	1
244	289	32	1
256	289	32	1
199	290	32	1
220	290	32	1
224	290	32	1
226	290	32	3
229	290	32	1
232	290	32	1
237	290	32	1
246	290	32	1
226	291	32	2
236	291	32	1
242	291	32	2
244	291	32	1
250	291	32	1
256	291	32	1
223	292	32	2
224	292	32	2
227	292	32	1
229	292	32	1
246	292	32	1
248	292	32	1
250	292	32	1
198	293	32	1
199	293	32	1
200	293	32	1
218	293	32	1
220	293	32	1
221	293	32	2
223	293	32	1
227	293	32	2
233	293	32	1
234	293	32	1
238	293	32	1
247	293	32	2
251	293	32	1
253	293	32	1
256	293	32	1
225	294	32	1
227	294	32	1
228	294	32	1
230	295	33	1
231	294	32	1
233	294	32	1
238	294	32	3
245	294	32	1
252	294	32	1
253	294	32	1
256	294	32	1
181	295	32	1
225	295	32	2
227	295	32	1
231	295	32	2
243	295	32	1
250	295	32	1
251	295	32	1
197	296	32	1
202	296	32	2
218	296	32	1
220	296	32	2
226	296	32	1
229	296	32	1
231	296	32	1
234	296	32	2
241	296	32	1
249	296	32	1
252	296	32	1
255	296	32	1
199	297	32	1
221	297	32	2
229	297	32	1
230	297	32	1
251	297	32	1
252	297	32	1
227	298	32	1
228	298	32	1
230	298	32	1
232	298	32	1
236	298	32	1
237	298	32	1
246	298	32	1
250	298	32	1
251	298	32	1
253	298	32	1
233	299	32	1
247	299	32	1
248	299	32	1
185	300	32	1
225	300	32	1
236	300	32	1
237	300	32	1
240	300	32	1
246	300	32	1
196	301	32	1
223	301	32	1
224	301	32	2
231	301	32	1
232	301	32	2
235	301	32	1
240	301	32	2
244	301	32	1
246	301	32	1
223	302	32	2
233	302	32	1
239	302	32	1
241	302	32	1
242	302	32	1
243	302	32	1
247	302	32	1
222	303	32	1
223	303	32	2
226	303	32	1
235	303	32	1
225	304	32	1
233	304	32	2
234	304	32	1
235	304	32	1
236	304	32	1
241	304	32	1
222	305	32	1
226	305	32	1
234	305	32	1
237	305	32	2
233	306	32	2
241	306	32	1
242	306	32	2
206	307	32	1
226	307	32	1
234	307	32	1
236	307	32	1
237	307	32	2
220	308	32	1
221	308	32	1
223	308	32	1
229	308	32	1
236	308	32	1
225	309	32	2
234	309	32	1
230	310	32	2
233	310	32	1
229	312	32	1
228	250	33	1
230	251	33	2
226	252	33	2
216	253	33	1
221	253	33	1
224	253	33	2
228	253	33	1
232	253	33	1
241	253	33	1
220	254	33	1
223	254	33	1
225	254	33	1
227	254	33	1
235	254	33	1
224	255	33	1
235	255	33	3
236	255	33	3
215	256	33	1
223	256	33	2
227	256	33	2
228	256	33	1
237	256	33	1
240	256	33	1
241	256	33	1
215	257	33	1
224	257	33	1
227	257	33	1
230	257	33	1
237	257	33	1
239	257	33	1
218	258	33	1
223	258	33	1
235	258	33	1
213	259	33	1
216	259	33	1
217	259	33	1
222	259	33	1
224	259	33	2
229	259	33	1
242	259	33	2
243	259	33	1
244	259	33	2
217	260	33	1
219	260	33	1
220	260	33	2
229	260	33	1
231	260	33	1
240	260	33	2
241	260	33	1
246	260	33	2
188	261	33	1
216	261	33	1
218	261	33	1
220	261	33	1
222	261	33	1
226	261	33	1
228	261	33	1
229	261	33	1
239	261	33	2
240	261	33	2
242	261	33	1
244	261	33	1
245	261	33	1
196	262	33	3
209	262	33	1
214	262	33	1
218	262	33	1
226	262	33	2
227	262	33	1
228	262	33	1
230	262	33	1
231	262	33	1
239	262	33	2
241	262	33	1
242	262	33	1
245	262	33	1
248	262	33	2
250	262	33	1
190	263	33	2
193	263	33	1
199	263	33	1
203	263	33	3
213	263	33	1
214	263	33	1
217	263	33	1
222	263	33	2
223	263	33	1
224	263	33	2
228	263	33	1
240	263	33	2
244	263	33	1
185	264	33	1
188	264	33	1
189	264	33	2
191	264	33	1
193	264	33	1
199	264	33	1
210	264	33	2
212	264	33	1
218	264	33	1
228	264	33	2
233	264	33	2
235	264	33	1
237	264	33	1
242	264	33	1
245	264	33	1
248	264	33	1
250	264	33	1
186	265	33	1
188	265	33	1
212	265	33	1
213	265	33	1
218	265	33	3
221	265	33	1
224	265	33	1
226	265	33	1
235	265	33	1
237	265	33	1
244	265	33	1
184	266	33	1
185	266	33	1
187	266	33	1
190	266	33	1
194	266	33	1
208	266	33	1
211	266	33	1
217	266	33	1
219	266	33	1
225	266	33	1
237	266	33	1
239	266	33	1
242	266	33	2
247	266	33	2
249	266	33	2
183	267	33	2
188	267	33	1
193	267	33	2
209	267	33	1
215	267	33	1
221	267	33	1
225	267	33	1
228	267	33	1
231	267	33	1
240	267	33	2
247	267	33	1
248	267	33	1
183	268	33	1
188	268	33	1
196	268	33	1
212	268	33	1
214	268	33	1
219	268	33	1
224	268	33	1
232	268	33	1
240	268	33	1
252	268	33	1
195	269	33	3
201	269	33	1
204	269	33	1
212	269	33	1
216	269	33	1
232	269	33	1
233	269	33	1
235	269	33	1
245	269	33	1
246	269	33	1
179	270	33	1
183	270	33	2
185	270	33	1
187	270	33	2
198	270	33	2
206	270	33	1
209	270	33	1
213	270	33	1
214	270	33	2
215	270	33	1
216	270	33	1
233	270	33	1
242	270	33	1
244	270	33	1
247	270	33	2
249	270	33	1
175	271	33	1
178	271	33	1
180	271	33	1
186	271	33	1
187	271	33	1
192	271	33	1
211	271	33	2
216	271	33	1
224	271	33	2
229	271	33	3
237	271	33	1
241	271	33	2
173	272	33	1
176	272	33	1
177	272	33	1
180	272	33	1
182	272	33	1
205	272	33	1
232	272	33	1
234	272	33	1
238	272	33	1
240	272	33	1
247	272	33	1
250	272	33	1
254	272	33	1
174	273	33	2
182	273	33	1
186	273	33	1
201	273	33	1
202	273	33	1
204	273	33	1
205	273	33	2
210	273	33	1
216	273	33	1
227	273	33	1
235	273	33	1
238	273	33	1
239	273	33	1
247	273	33	1
253	273	33	2
174	274	33	1
176	274	33	2
186	274	33	1
203	274	33	1
209	274	33	1
211	274	33	1
226	274	33	1
232	274	33	1
236	274	33	1
237	274	33	2
175	275	33	1
183	275	33	1
205	275	33	1
207	275	33	1
211	275	33	1
212	275	33	2
235	275	33	1
237	275	33	2
239	275	33	2
241	275	33	1
244	275	33	1
246	275	33	1
176	276	33	1
177	276	33	1
186	276	33	1
189	276	33	3
205	276	33	1
214	276	33	1
235	276	33	1
240	276	33	1
173	277	33	1
180	277	33	1
202	277	33	1
207	277	33	1
208	277	33	1
209	277	33	1
211	277	33	1
215	277	33	2
232	277	33	1
234	277	33	1
241	277	33	1
244	277	33	1
246	277	33	1
174	278	33	1
178	278	33	1
235	278	33	1
237	278	33	1
246	278	33	1
168	279	33	1
176	279	33	1
201	279	33	1
208	279	33	1
231	279	33	1
241	279	33	1
243	279	33	1
248	279	33	1
175	280	33	1
177	280	33	2
180	280	33	2
208	280	33	1
209	280	33	1
211	280	33	1
214	280	33	1
217	280	33	1
224	280	33	3
225	280	33	1
232	280	33	1
242	280	33	1
246	280	33	1
247	280	33	1
248	280	33	3
249	280	33	1
250	280	33	1
173	281	33	1
178	281	33	1
179	281	33	1
207	281	33	1
217	281	33	1
221	281	33	1
222	281	33	1
232	281	33	1
239	281	33	3
241	281	33	1
243	281	33	2
244	281	33	1
247	281	33	1
249	281	33	1
175	282	33	2
190	282	33	2
205	282	33	3
210	282	33	1
212	282	33	1
213	282	33	1
221	282	33	1
225	282	33	1
229	282	33	1
231	282	33	3
232	282	33	1
238	282	33	1
241	282	33	2
244	282	33	1
245	282	33	1
250	282	33	1
253	282	33	3
174	283	33	1
183	283	33	4
204	283	33	1
211	283	33	1
212	283	33	1
225	283	33	1
229	283	33	2
230	283	33	1
236	283	33	1
239	283	33	2
176	284	33	1
180	284	33	1
186	284	33	1
188	284	33	2
205	284	33	1
222	284	33	2
225	284	33	1
229	284	33	2
234	284	33	1
235	284	33	1
243	284	33	1
246	284	33	1
249	284	33	1
227	285	33	1
228	285	33	1
240	285	33	2
243	285	33	2
246	285	33	1
248	285	33	1
254	285	33	1
188	286	33	1
201	286	33	1
206	286	33	1
208	286	33	2
209	286	33	1
218	286	33	1
225	286	33	1
226	286	33	1
228	286	33	1
229	286	33	1
230	286	33	1
236	286	33	1
238	286	33	1
244	286	33	2
252	286	33	1
179	287	33	1
185	287	33	1
198	287	33	1
199	287	33	2
219	287	33	1
227	287	33	2
230	287	33	1
242	287	33	1
245	287	33	3
247	287	33	1
253	287	33	1
184	288	33	1
196	288	33	1
219	288	33	2
233	288	33	1
247	288	33	1
249	288	33	3
250	288	33	2
255	288	33	1
186	289	33	1
205	289	33	2
222	289	33	1
224	289	33	2
230	289	33	1
231	289	33	1
235	289	33	1
246	289	33	1
249	289	33	2
184	290	33	1
185	290	33	1
187	290	33	1
200	290	33	2
207	290	33	1
223	290	33	1
233	290	33	1
234	290	33	1
236	290	33	2
242	290	33	1
243	290	33	1
250	290	33	3
255	290	33	1
257	290	33	1
197	291	33	1
225	291	33	1
226	291	33	1
231	291	33	1
236	291	33	1
242	291	33	1
248	291	33	1
257	291	33	1
197	292	33	1
221	292	33	1
225	292	33	1
227	292	33	1
229	292	33	1
237	292	33	1
248	292	33	2
249	292	33	1
253	292	33	1
177	293	33	1
185	293	33	1
223	293	33	1
226	293	33	1
235	293	33	3
237	293	33	1
240	293	33	2
247	293	33	2
254	293	33	1
202	294	33	1
204	294	33	1
223	294	33	1
238	294	33	1
245	294	33	1
246	294	33	1
251	294	33	1
256	294	33	3
182	295	33	1
197	295	33	2
204	295	33	1
220	295	33	1
228	295	33	1
231	295	33	1
250	295	33	1
179	296	33	1
180	296	33	2
194	296	33	1
195	296	33	1
199	296	33	1
201	296	33	1
225	296	33	1
226	296	33	1
228	296	33	1
229	296	33	1
235	296	33	1
236	296	33	1
241	296	33	1
197	297	33	1
198	297	33	2
227	297	33	1
232	297	33	1
234	297	33	1
235	297	33	1
240	297	33	1
241	297	33	1
245	297	33	2
196	298	33	1
220	298	33	1
228	298	33	1
238	298	33	1
241	298	33	1
242	298	33	1
245	298	33	1
246	298	33	1
248	298	33	1
195	299	33	2
196	299	33	1
201	299	33	1
222	299	33	1
230	299	33	1
232	299	33	1
234	299	33	3
242	299	33	1
245	299	33	2
247	299	33	1
196	300	33	1
197	300	33	1
225	300	33	1
226	300	33	2
227	300	33	2
229	300	33	1
230	300	33	1
236	300	33	1
196	301	33	1
224	301	33	1
226	301	33	1
234	301	33	1
235	301	33	2
236	301	33	1
237	301	33	1
241	301	33	1
242	301	33	1
243	301	33	1
245	301	33	1
199	302	33	1
229	302	33	1
232	302	33	1
236	302	33	2
207	303	33	1
223	303	33	1
225	303	33	2
228	303	33	1
234	303	33	1
235	303	33	1
236	303	33	1
220	304	33	2
229	304	33	1
232	304	33	1
243	304	33	1
207	305	33	1
222	305	33	1
227	305	33	1
240	305	33	1
224	306	33	1
231	306	33	1
238	306	33	1
242	306	33	1
201	307	33	1
226	307	33	1
234	307	33	1
223	308	33	2
237	308	33	1
240	308	33	1
223	309	33	1
225	309	33	1
226	309	33	1
228	309	33	1
232	309	33	1
235	309	33	1
237	309	33	1
217	310	33	1
225	310	33	1
229	310	33	1
231	310	33	1
227	311	33	2
231	311	33	1
222	312	33	2
228	312	33	2
229	313	33	1
234	313	33	1
229	250	34	1
228	252	34	1
229	252	34	2
216	253	34	1
225	253	34	1
235	254	34	1
218	255	34	1
220	255	34	1
224	255	34	1
226	255	34	1
237	255	34	1
242	255	34	2
216	256	34	1
225	256	34	1
233	256	34	2
241	256	34	1
216	257	34	1
235	257	34	1
217	258	34	2
219	258	34	1
221	258	34	1
227	258	34	1
228	258	34	1
239	258	34	1
240	258	34	1
244	258	34	1
219	259	34	1
220	259	34	1
230	259	34	2
232	259	34	1
233	259	34	1
238	259	34	1
242	259	34	1
214	260	34	1
216	260	34	1
219	260	34	1
221	260	34	1
224	260	34	1
228	260	34	1
214	261	34	1
215	261	34	1
216	261	34	1
221	261	34	2
223	261	34	1
227	261	34	1
228	261	34	1
229	261	34	2
231	261	34	1
232	261	34	1
235	261	34	3
189	262	34	2
194	262	34	1
211	262	34	1
214	262	34	1
219	262	34	1
224	262	34	2
228	262	34	1
233	262	34	1
234	262	34	2
236	262	34	1
238	262	34	1
243	262	34	1
247	262	34	1
250	262	34	2
185	263	34	1
188	263	34	1
192	263	34	1
206	263	34	2
207	263	34	1
211	263	34	1
216	263	34	1
217	263	34	1
220	263	34	1
226	263	34	1
231	263	34	1
233	263	34	1
235	263	34	1
237	263	34	1
240	263	34	1
248	263	34	1
251	263	34	1
252	263	34	2
192	264	34	2
200	264	34	1
209	264	34	1
210	264	34	1
213	264	34	2
218	264	34	1
219	264	34	3
222	264	34	3
227	264	34	1
228	264	34	1
229	264	34	1
232	264	34	1
244	264	34	1
245	264	34	1
247	264	34	1
249	264	34	1
188	265	34	2
193	265	34	1
194	265	34	1
210	265	34	1
228	265	34	1
230	265	34	1
232	265	34	1
249	265	34	2
193	266	34	2
195	266	34	1
217	266	34	1
220	266	34	1
230	266	34	1
233	266	34	1
235	266	34	1
250	266	34	1
252	266	34	1
182	267	34	2
183	267	34	1
188	267	34	1
209	267	34	1
214	267	34	2
215	267	34	1
218	267	34	1
224	267	34	1
230	267	34	1
232	267	34	1
239	267	34	1
240	267	34	1
245	267	34	2
246	267	34	1
249	267	34	1
191	268	34	1
208	268	34	1
210	268	34	2
215	268	34	1
242	268	34	1
247	268	34	1
250	268	34	1
171	269	34	1
176	269	34	1
183	269	34	1
188	269	34	1
189	269	34	1
196	269	34	1
204	269	34	1
212	269	34	1
215	269	34	1
218	269	34	1
222	269	34	1
230	269	34	1
231	269	34	1
232	269	34	1
233	269	34	1
239	269	34	1
242	269	34	1
244	269	34	1
254	269	34	1
180	270	34	1
186	270	34	2
187	270	34	1
188	270	34	1
192	270	34	1
194	270	34	1
199	270	34	1
200	270	34	1
203	270	34	1
228	270	34	1
233	270	34	1
240	270	34	1
242	270	34	1
244	270	34	1
245	270	34	1
246	270	34	1
249	270	34	1
173	271	34	1
175	271	34	2
179	271	34	1
187	271	34	1
189	271	34	1
214	271	34	1
217	271	34	1
220	271	34	1
226	271	34	2
234	271	34	1
235	271	34	2
241	271	34	4
242	271	34	1
243	271	34	1
247	271	34	1
248	271	34	1
176	272	34	1
177	272	34	2
184	272	34	1
186	272	34	1
188	272	34	1
197	272	34	1
198	272	34	2
206	272	34	1
212	272	34	1
213	272	34	1
216	272	34	1
218	272	34	1
226	272	34	2
227	272	34	3
229	272	34	1
237	272	34	2
239	272	34	1
241	272	34	1
245	272	34	1
173	273	34	1
176	273	34	1
188	273	34	1
197	273	34	1
213	273	34	1
214	273	34	1
231	273	34	1
233	273	34	1
236	273	34	2
249	273	34	2
170	274	34	3
182	274	34	1
183	274	34	1
186	274	34	2
196	274	34	1
207	274	34	1
210	274	34	1
212	274	34	1
213	274	34	1
215	274	34	2
216	274	34	1
226	274	34	1
233	274	34	1
234	274	34	2
240	274	34	1
241	274	34	1
246	274	34	2
185	275	34	1
201	275	34	1
208	275	34	1
216	275	34	2
217	275	34	1
231	275	34	1
233	275	34	1
237	275	34	1
238	275	34	1
239	275	34	3
245	275	34	1
174	276	34	1
175	276	34	1
203	276	34	1
206	276	34	1
229	276	34	1
237	276	34	1
239	276	34	1
182	277	34	1
183	277	34	1
206	277	34	1
229	277	34	2
234	277	34	1
235	277	34	1
236	277	34	1
238	277	34	2
241	277	34	1
188	278	34	4
190	278	34	1
201	278	34	1
202	278	34	2
207	278	34	1
208	278	34	1
210	278	34	1
214	278	34	1
234	278	34	1
239	278	34	1
174	279	34	1
177	279	34	1
214	279	34	1
227	279	34	1
237	279	34	1
243	279	34	1
245	279	34	1
246	279	34	1
247	279	34	1
248	279	34	2
249	279	34	1
174	280	34	1
188	280	34	1
193	280	34	1
204	280	34	1
205	280	34	1
208	280	34	1
215	280	34	1
221	280	34	1
233	280	34	1
234	280	34	1
249	280	34	1
175	281	34	1
189	281	34	2
202	281	34	1
203	281	34	1
204	281	34	3
205	281	34	1
233	281	34	2
241	281	34	2
175	282	34	1
178	282	34	1
179	282	34	1
187	282	34	1
189	282	34	2
204	282	34	2
209	282	34	1
211	282	34	1
215	282	34	1
222	282	34	2
224	282	34	1
234	282	34	2
175	283	34	1
176	283	34	1
179	283	34	1
187	283	34	2
209	283	34	1
210	283	34	1
211	283	34	1
223	283	34	2
226	283	34	2
227	283	34	2
230	283	34	2
231	283	34	1
233	283	34	1
239	283	34	2
243	283	34	1
247	283	34	1
178	284	34	1
191	284	34	1
206	284	34	1
208	284	34	1
212	284	34	1
215	284	34	2
223	284	34	3
231	284	34	1
238	284	34	3
241	284	34	1
243	284	34	1
248	284	34	1
177	285	34	1
181	285	34	1
185	285	34	2
206	285	34	3
220	285	34	1
222	285	34	1
226	285	34	1
229	285	34	1
230	285	34	1
238	285	34	1
242	285	34	1
176	286	34	1
186	286	34	1
188	286	34	1
190	286	34	1
199	286	34	1
204	286	34	1
205	286	34	1
208	286	34	1
209	286	34	1
220	286	34	2
222	286	34	1
228	286	34	1
231	286	34	1
237	286	34	2
254	286	34	1
184	287	34	1
190	287	34	1
199	287	34	1
209	287	34	1
219	287	34	2
221	287	34	1
222	287	34	1
223	287	34	1
225	287	34	2
228	287	34	1
230	287	34	1
231	287	34	1
234	287	34	1
236	287	34	1
239	287	34	1
252	287	34	1
185	288	34	1
199	288	34	1
200	288	34	2
201	288	34	1
223	288	34	1
224	288	34	3
229	288	34	1
230	288	34	2
235	288	34	1
238	288	34	1
247	288	34	1
255	288	34	1
184	289	34	1
186	289	34	2
199	289	34	1
200	289	34	1
202	289	34	1
203	289	34	1
226	289	34	1
238	289	34	1
245	289	34	1
249	289	34	2
186	290	34	1
199	290	34	1
222	290	34	1
223	290	34	1
232	290	34	3
235	290	34	1
239	290	34	2
182	291	34	1
186	291	34	1
202	291	34	1
203	291	34	1
221	291	34	1
229	291	34	2
231	291	34	1
235	291	34	1
237	291	34	1
239	291	34	1
242	291	34	1
247	291	34	1
196	292	34	1
200	292	34	1
222	292	34	1
226	292	34	2
227	292	34	2
232	292	34	1
234	292	34	1
241	292	34	1
243	292	34	1
244	292	34	1
205	293	34	1
222	293	34	1
225	293	34	2
227	293	34	2
229	293	34	1
230	293	34	1
238	293	34	1
244	293	34	1
251	293	34	1
177	294	34	1
197	294	34	1
198	294	34	1
199	294	34	1
217	294	34	1
224	294	34	1
229	294	34	1
235	294	34	1
236	294	34	1
237	294	34	1
192	295	34	1
194	295	34	2
197	295	34	1
198	295	34	1
202	295	34	1
222	295	34	1
224	295	34	1
229	295	34	1
230	295	34	1
233	295	34	1
238	295	34	1
240	295	34	2
194	296	34	1
196	296	34	1
198	296	34	1
202	296	34	1
205	296	34	1
225	296	34	1
234	296	34	1
237	296	34	1
241	296	34	2
243	296	34	2
179	297	34	1
204	297	34	1
223	297	34	1
225	297	34	1
227	297	34	1
229	297	34	1
239	297	34	2
182	298	34	2
194	298	34	1
224	298	34	1
234	298	34	1
242	298	34	1
251	298	34	1
180	299	34	1
182	299	34	2
197	299	34	1
198	299	34	1
200	299	34	1
229	299	34	2
236	299	34	3
242	299	34	1
224	300	34	2
230	300	34	2
236	300	34	1
237	300	34	1
196	301	34	1
229	301	34	1
231	301	34	1
232	301	34	1
233	301	34	1
242	301	34	1
243	301	34	1
246	301	34	2
226	302	34	1
230	302	34	2
237	302	34	1
243	302	34	2
225	303	34	1
228	303	34	1
231	303	34	1
235	303	34	2
241	303	34	1
245	303	34	1
194	304	34	2
231	304	34	1
232	304	34	1
240	304	34	1
225	305	34	1
227	305	34	1
203	306	34	1
222	306	34	1
225	306	34	3
230	306	34	1
234	306	34	1
235	306	34	1
236	306	34	1
241	306	34	1
225	307	34	1
230	307	34	1
232	307	34	1
234	307	34	1
235	307	34	1
240	307	34	2
241	307	34	1
242	307	34	1
243	307	34	1
222	308	34	1
225	308	34	1
229	308	34	1
232	308	34	1
233	308	34	1
242	308	34	1
223	309	34	1
227	309	34	1
228	309	34	1
232	309	34	1
234	309	34	1
235	309	34	1
224	310	34	1
229	310	34	1
231	310	34	3
234	310	34	1
237	310	34	1
238	310	34	1
240	310	34	1
224	311	34	1
231	311	34	2
233	311	34	1
228	312	34	1
230	312	34	1
212	313	34	2
226	313	34	1
231	313	34	1
232	313	34	1
233	313	34	1
225	314	34	1
226	314	34	2
228	314	34	1
229	315	34	1
228	316	34	1
231	317	34	1
232	317	34	1
211	318	34	1
226	250	35	1
224	251	35	1
226	251	35	2
227	251	35	1
228	251	35	1
225	252	35	1
226	252	35	1
229	253	35	2
232	253	35	2
221	254	35	1
226	254	35	1
231	254	35	1
221	255	35	1
215	256	35	1
218	256	35	1
225	256	35	1
228	256	35	1
230	256	35	1
210	257	35	1
224	257	35	3
230	257	35	1
237	257	35	1
203	258	35	1
216	258	35	2
217	258	35	1
218	258	35	1
223	258	35	1
229	258	35	2
232	258	35	1
234	258	35	2
239	258	35	1
210	259	35	1
217	259	35	1
223	259	35	1
230	259	35	1
238	259	35	1
240	259	35	1
190	260	35	1
191	260	35	2
210	260	35	1
212	260	35	1
220	260	35	2
221	260	35	1
235	260	35	1
236	260	35	1
237	260	35	1
241	260	35	2
242	260	35	1
243	260	35	1
245	260	35	2
194	261	35	1
212	261	35	2
213	261	35	1
221	261	35	1
222	261	35	1
229	261	35	1
232	261	35	2
233	261	35	1
236	261	35	1
246	261	35	1
190	262	35	1
193	262	35	1
206	262	35	1
213	262	35	1
218	262	35	1
222	262	35	1
224	262	35	1
226	262	35	1
228	262	35	1
231	262	35	1
238	262	35	1
243	262	35	2
245	262	35	1
189	263	35	2
191	263	35	1
196	263	35	1
205	263	35	1
212	263	35	1
220	263	35	1
221	263	35	1
222	263	35	1
231	263	35	2
235	263	35	2
236	263	35	1
237	263	35	1
238	263	35	1
245	263	35	1
248	263	35	3
249	263	35	1
250	263	35	3
186	264	35	1
188	264	35	1
190	264	35	2
214	264	35	4
216	264	35	2
226	264	35	1
227	264	35	1
229	264	35	2
234	264	35	1
237	264	35	1
239	264	35	1
178	265	35	2
184	265	35	1
185	265	35	1
187	265	35	1
188	265	35	1
194	265	35	2
202	265	35	1
204	265	35	2
205	265	35	1
207	265	35	1
208	265	35	1
212	265	35	1
214	265	35	1
218	265	35	2
223	265	35	2
226	265	35	1
228	265	35	1
233	265	35	1
234	265	35	1
238	265	35	1
239	265	35	1
242	265	35	1
192	266	35	1
195	266	35	3
196	266	35	1
204	266	35	2
214	266	35	1
220	266	35	1
221	266	35	1
224	266	35	1
234	266	35	1
242	266	35	1
245	266	35	1
251	266	35	1
186	267	35	1
189	267	35	1
191	267	35	1
196	267	35	1
205	267	35	1
212	267	35	1
218	267	35	2
223	267	35	1
227	267	35	1
235	267	35	1
238	267	35	1
243	267	35	1
246	267	35	1
248	267	35	1
183	268	35	1
193	268	35	1
202	268	35	1
203	268	35	1
208	268	35	1
209	268	35	1
213	268	35	1
214	268	35	1
215	268	35	1
218	268	35	1
219	268	35	1
220	268	35	1
222	268	35	1
238	268	35	1
239	268	35	1
242	268	35	1
252	268	35	2
172	269	35	1
176	269	35	2
178	269	35	1
184	269	35	1
191	269	35	3
197	269	35	1
201	269	35	1
202	269	35	1
210	269	35	1
213	269	35	1
217	269	35	1
232	269	35	1
235	269	35	2
239	269	35	1
240	269	35	1
244	269	35	1
245	269	35	1
248	269	35	1
172	270	35	2
178	270	35	1
179	270	35	2
181	270	35	2
186	270	35	1
189	270	35	1
193	270	35	1
196	270	35	1
198	270	35	1
202	270	35	1
211	270	35	1
233	270	35	1
235	270	35	1
236	270	35	1
237	270	35	2
240	270	35	1
246	270	35	1
248	270	35	1
173	271	35	1
178	271	35	1
179	271	35	1
180	271	35	1
186	271	35	1
187	271	35	1
189	271	35	1
194	271	35	1
195	271	35	1
196	271	35	1
199	271	35	1
201	271	35	1
212	271	35	1
231	271	35	1
235	271	35	1
243	271	35	1
245	271	35	1
247	271	35	1
248	271	35	1
174	272	35	1
178	272	35	2
189	272	35	1
193	272	35	1
201	272	35	1
206	272	35	1
209	272	35	1
211	272	35	1
219	272	35	1
229	272	35	1
233	272	35	1
234	272	35	2
238	272	35	1
241	272	35	1
244	272	35	1
246	272	35	3
176	273	35	1
179	273	35	1
184	273	35	1
204	273	35	1
212	273	35	1
215	273	35	1
217	273	35	1
218	273	35	3
227	273	35	2
241	273	35	1
171	274	35	1
176	274	35	1
178	274	35	1
179	274	35	1
190	274	35	1
201	274	35	1
207	274	35	1
210	274	35	1
212	274	35	2
213	274	35	1
215	274	35	1
225	274	35	3
228	274	35	2
232	274	35	1
235	274	35	1
236	274	35	1
242	274	35	1
243	274	35	1
244	274	35	1
245	274	35	1
176	275	35	2
186	275	35	1
191	275	35	1
212	275	35	1
214	275	35	2
218	275	35	1
220	275	35	1
225	275	35	1
231	275	35	1
242	275	35	1
202	276	35	1
206	276	35	1
209	276	35	2
210	276	35	1
212	276	35	1
217	276	35	2
232	276	35	1
233	276	35	2
237	276	35	1
239	276	35	1
248	276	35	1
173	277	35	1
175	277	35	1
178	277	35	1
183	277	35	2
205	277	35	2
208	277	35	1
220	277	35	1
232	277	35	2
234	277	35	2
238	277	35	1
244	277	35	1
174	278	35	1
190	278	35	1
203	278	35	1
214	278	35	1
216	278	35	1
222	278	35	1
223	278	35	1
238	278	35	1
243	278	35	1
172	279	35	1
177	279	35	1
190	279	35	1
193	279	35	1
195	279	35	1
204	279	35	1
205	279	35	1
222	279	35	1
235	279	35	1
173	280	35	2
174	280	35	2
177	280	35	2
180	280	35	1
190	280	35	1
207	280	35	1
208	280	35	1
211	280	35	1
212	280	35	1
214	280	35	2
215	280	35	1
220	280	35	2
223	280	35	4
233	280	35	1
238	280	35	1
248	280	35	1
174	281	35	1
187	281	35	2
205	281	35	1
208	281	35	1
213	281	35	1
214	281	35	2
234	281	35	1
244	281	35	1
179	282	35	1
187	282	35	1
202	282	35	1
214	282	35	1
222	282	35	2
227	282	35	1
229	282	35	1
245	282	35	1
171	283	35	1
173	283	35	2
181	283	35	1
183	283	35	1
188	283	35	1
203	283	35	1
208	283	35	1
216	283	35	1
218	283	35	1
220	283	35	1
222	283	35	2
226	283	35	1
228	283	35	3
229	283	35	1
233	283	35	1
236	283	35	1
250	283	35	3
177	284	35	1
180	284	35	1
186	284	35	2
206	284	35	2
208	284	35	1
209	284	35	1
212	284	35	1
215	284	35	1
216	284	35	1
218	284	35	1
220	284	35	1
224	284	35	1
225	284	35	1
229	284	35	1
233	284	35	1
235	284	35	1
238	284	35	1
244	284	35	1
249	284	35	2
176	285	35	2
177	285	35	1
178	285	35	2
180	285	35	1
188	285	35	1
200	285	35	1
203	285	35	1
205	285	35	1
206	285	35	1
208	285	35	1
218	285	35	2
224	285	35	1
225	285	35	1
226	285	35	1
230	285	35	1
245	285	35	2
246	285	35	1
175	286	35	2
178	286	35	1
185	286	35	1
188	286	35	3
196	286	35	2
201	286	35	1
202	286	35	1
205	286	35	1
209	286	35	1
220	286	35	2
221	286	35	1
224	286	35	2
229	286	35	2
248	286	35	1
175	287	35	2
187	287	35	1
196	287	35	1
219	287	35	1
220	287	35	3
221	287	35	1
228	287	35	1
233	287	35	1
243	287	35	1
176	288	35	1
185	288	35	1
187	288	35	2
192	288	35	1
199	288	35	1
204	288	35	1
205	288	35	1
218	288	35	1
220	288	35	2
224	288	35	1
228	288	35	1
238	288	35	1
242	288	35	1
245	288	35	1
174	289	35	1
177	289	35	1
184	289	35	1
188	289	35	1
204	289	35	1
220	289	35	1
225	289	35	1
228	289	35	1
230	289	35	2
238	289	35	1
241	289	35	1
243	289	35	2
246	289	35	1
185	290	35	1
198	290	35	1
199	290	35	2
203	290	35	1
220	290	35	1
222	290	35	1
223	290	35	1
231	290	35	1
234	290	35	2
238	290	35	2
244	290	35	1
245	290	35	1
176	291	35	1
179	291	35	1
187	291	35	1
191	291	35	1
194	291	35	1
225	291	35	1
234	291	35	2
236	291	35	1
237	291	35	1
247	291	35	3
183	292	35	1
188	292	35	1
197	292	35	1
199	292	35	1
204	292	35	1
205	292	35	1
232	292	35	1
195	293	35	1
197	293	35	3
201	293	35	1
203	293	35	1
204	293	35	1
206	293	35	1
222	293	35	1
223	293	35	1
228	293	35	1
232	293	35	1
234	293	35	1
238	293	35	1
242	293	35	1
246	293	35	2
187	294	35	1
195	294	35	1
197	294	35	1
218	294	35	1
219	294	35	1
223	294	35	1
234	294	35	3
241	294	35	1
184	295	35	2
193	295	35	1
194	295	35	1
220	295	35	1
236	295	35	1
247	295	35	1
248	295	35	1
249	295	35	1
182	296	35	1
198	296	35	1
202	296	35	1
205	296	35	1
217	296	35	1
237	296	35	2
198	297	35	2
199	297	35	2
219	297	35	1
222	297	35	1
225	297	35	2
227	297	35	1
228	297	35	2
229	297	35	1
239	297	35	1
247	297	35	1
191	298	35	1
194	298	35	3
196	298	35	1
197	298	35	1
200	298	35	1
219	298	35	1
223	298	35	2
234	298	35	1
244	298	35	1
246	298	35	3
202	299	35	1
228	299	35	1
245	299	35	1
224	300	35	1
227	300	35	2
229	300	35	2
235	300	35	2
239	300	35	3
227	301	35	1
229	301	35	1
236	301	35	2
237	301	35	1
239	301	35	1
244	301	35	1
199	302	35	1
200	302	35	1
224	302	35	1
228	302	35	1
233	302	35	1
234	302	35	1
238	302	35	2
199	303	35	1
223	303	35	1
229	303	35	1
231	303	35	1
232	303	35	1
233	303	35	1
238	303	35	2
242	303	35	1
244	303	35	1
221	304	35	1
223	304	35	1
226	304	35	2
232	304	35	2
233	304	35	1
234	304	35	1
239	304	35	2
240	304	35	1
207	305	35	2
222	305	35	1
230	305	35	1
232	305	35	1
233	305	35	2
234	305	35	3
236	305	35	2
238	305	35	1
241	305	35	1
199	306	35	1
204	306	35	2
222	306	35	2
225	306	35	1
239	306	35	1
240	306	35	1
207	307	35	1
221	307	35	1
222	307	35	1
224	307	35	1
235	307	35	1
239	307	35	2
224	308	35	1
228	308	35	2
229	308	35	2
231	308	35	2
239	308	35	1
241	308	35	1
234	309	35	1
240	309	35	1
219	310	35	1
223	310	35	1
227	310	35	1
230	310	35	2
231	310	35	1
235	310	35	1
214	311	35	1
219	311	35	2
220	311	35	1
222	311	35	1
223	311	35	1
240	311	35	1
241	311	35	1
225	312	35	2
229	312	35	2
234	312	35	1
221	313	35	1
221	314	35	1
227	314	35	1
230	314	35	1
235	314	35	1
230	315	35	1
240	315	35	2
232	316	35	1
230	317	35	2
239	317	35	1
231	318	35	1
236	318	35	1
233	319	35	1
219	257	36	1
224	257	36	1
227	257	36	1
217	258	36	1
218	258	36	1
217	259	36	1
224	259	36	1
230	259	36	1
212	260	36	2
223	260	36	2
225	260	36	1
226	260	36	1
229	260	36	1
217	261	36	1
218	261	36	2
220	261	36	3
224	261	36	1
234	261	36	2
246	261	36	1
214	262	36	1
215	262	36	2
221	262	36	2
223	262	36	1
227	262	36	1
228	262	36	1
240	262	36	1
242	262	36	2
245	262	36	1
189	263	36	1
191	263	36	1
193	263	36	1
211	263	36	1
216	263	36	1
218	263	36	2
221	263	36	1
222	263	36	1
226	263	36	1
227	263	36	2
229	263	36	1
239	263	36	1
215	264	36	1
217	264	36	1
218	264	36	1
232	264	36	1
234	264	36	1
240	264	36	1
242	264	36	2
185	265	36	1
207	265	36	2
208	265	36	1
222	265	36	1
237	265	36	1
242	265	36	1
246	265	36	1
248	265	36	2
187	266	36	2
188	266	36	1
195	266	36	2
205	266	36	4
221	266	36	1
222	266	36	1
231	266	36	1
232	266	36	1
233	266	36	1
237	266	36	1
238	266	36	1
248	266	36	1
189	267	36	1
196	267	36	1
209	267	36	1
210	267	36	1
216	267	36	1
232	267	36	1
236	267	36	1
194	268	36	1
197	268	36	2
205	268	36	1
206	268	36	1
211	268	36	1
219	268	36	1
232	268	36	1
233	268	36	2
237	268	36	1
241	268	36	1
186	269	36	1
213	269	36	1
229	269	36	1
234	269	36	1
236	269	36	2
185	270	36	1
188	270	36	1
189	270	36	1
192	270	36	1
206	270	36	2
211	270	36	1
213	270	36	1
214	270	36	1
216	270	36	1
217	270	36	1
237	270	36	1
240	270	36	1
248	270	36	1
188	271	36	1
206	271	36	1
212	271	36	2
213	271	36	2
217	271	36	1
236	271	36	1
238	271	36	1
248	271	36	1
249	271	36	1
177	272	36	1
181	272	36	1
214	272	36	1
230	272	36	1
181	273	36	1
185	273	36	2
186	273	36	1
190	273	36	1
208	273	36	1
209	273	36	1
212	273	36	1
217	273	36	1
232	273	36	1
235	273	36	1
236	273	36	1
241	273	36	1
176	274	36	1
179	274	36	1
185	274	36	1
204	274	36	1
206	274	36	3
208	274	36	3
210	274	36	1
212	274	36	1
218	274	36	2
221	274	36	2
175	275	36	1
208	275	36	1
209	275	36	1
210	275	36	1
217	275	36	1
218	275	36	1
231	275	36	1
177	276	36	1
206	276	36	1
213	276	36	1
214	276	36	1
216	276	36	1
232	276	36	1
240	276	36	1
241	276	36	1
205	277	36	1
207	277	36	1
214	277	36	1
223	277	36	2
226	277	36	1
232	277	36	1
234	277	36	1
202	278	36	1
205	278	36	1
213	278	36	1
218	278	36	1
219	278	36	1
224	278	36	1
234	278	36	1
239	278	36	1
173	279	36	1
179	279	36	1
192	279	36	1
193	279	36	1
209	279	36	1
211	279	36	1
214	279	36	1
215	279	36	2
174	280	36	2
210	280	36	1
213	280	36	2
215	280	36	1
219	280	36	1
223	280	36	1
173	281	36	1
189	281	36	1
191	281	36	1
204	281	36	1
206	281	36	2
207	281	36	1
208	281	36	1
212	281	36	2
213	281	36	2
217	281	36	1
223	281	36	1
224	281	36	1
229	281	36	1
230	281	36	2
172	282	36	1
201	282	36	2
209	282	36	1
212	282	36	1
214	282	36	1
220	282	36	1
221	282	36	3
204	283	36	2
205	283	36	1
207	283	36	1
215	283	36	2
219	283	36	1
222	283	36	1
226	283	36	3
188	284	36	1
202	284	36	2
203	284	36	1
210	284	36	1
211	284	36	1
213	284	36	1
219	284	36	1
221	284	36	1
225	284	36	1
231	284	36	2
232	284	36	2
233	284	36	2
199	285	36	1
201	285	36	1
202	285	36	1
205	285	36	1
210	285	36	1
217	285	36	1
218	285	36	1
223	285	36	2
231	285	36	1
234	285	36	1
237	285	36	1
240	285	36	1
243	285	36	1
244	285	36	1
247	285	36	1
187	286	36	1
198	286	36	2
200	286	36	1
201	286	36	1
208	286	36	2
211	286	36	1
213	286	36	1
218	286	36	1
228	286	36	1
230	286	36	1
234	286	36	1
235	286	36	1
238	286	36	3
239	286	36	1
243	286	36	3
203	287	36	1
207	287	36	1
219	287	36	2
221	287	36	1
224	287	36	1
225	287	36	1
226	287	36	1
234	287	36	1
236	287	36	1
238	287	36	1
240	287	36	1
243	287	36	1
244	287	36	1
184	288	36	2
192	288	36	3
196	288	36	1
199	288	36	1
204	288	36	1
210	288	36	1
220	288	36	1
230	288	36	1
233	288	36	1
234	288	36	1
241	288	36	1
184	289	36	1
187	289	36	1
198	289	36	1
200	289	36	1
206	289	36	1
217	289	36	2
219	289	36	1
233	289	36	2
239	289	36	1
242	289	36	1
243	289	36	1
198	290	36	1
200	290	36	1
206	290	36	1
222	290	36	1
225	290	36	1
226	290	36	1
232	290	36	1
236	290	36	2
239	290	36	1
240	290	36	1
242	290	36	1
184	291	36	1
199	291	36	1
201	291	36	1
222	291	36	1
232	291	36	1
233	291	36	1
244	291	36	1
187	292	36	1
198	292	36	1
202	292	36	1
220	292	36	1
224	292	36	1
227	292	36	2
235	292	36	2
237	292	36	1
242	292	36	3
182	293	36	1
196	293	36	1
199	293	36	2
200	293	36	1
207	293	36	2
224	293	36	1
225	293	36	2
227	293	36	1
236	293	36	1
239	293	36	1
240	293	36	1
182	294	36	1
188	294	36	1
198	294	36	2
202	294	36	1
230	294	36	1
232	294	36	1
235	294	36	1
237	294	36	2
198	295	36	1
202	295	36	1
204	295	36	2
218	295	36	1
220	295	36	1
225	295	36	2
231	295	36	1
232	295	36	1
234	295	36	1
239	295	36	1
241	295	36	2
242	295	36	2
244	295	36	1
245	295	36	1
199	296	36	1
229	296	36	1
231	296	36	1
237	296	36	1
239	296	36	2
241	296	36	1
243	296	36	1
195	297	36	1
201	297	36	1
229	297	36	1
238	297	36	2
245	297	36	1
201	298	36	2
202	298	36	1
229	298	36	1
230	298	36	1
234	298	36	1
240	298	36	1
241	298	36	1
243	298	36	1
244	298	36	1
196	299	36	1
199	299	36	2
200	299	36	2
229	299	36	1
236	299	36	2
237	299	36	1
232	300	36	1
241	300	36	2
242	300	36	1
225	301	36	2
230	301	36	1
232	301	36	1
235	301	36	1
244	301	36	1
223	302	36	1
225	302	36	1
227	302	36	1
244	302	36	1
232	303	36	1
234	303	36	1
245	303	36	1
223	304	36	2
230	304	36	1
232	304	36	1
235	304	36	1
228	305	36	1
222	306	36	1
224	306	36	1
240	306	36	1
241	306	36	1
242	306	36	1
224	307	36	1
227	307	36	1
243	307	36	1
225	308	36	1
227	308	36	1
228	308	36	1
237	308	36	1
243	308	36	1
225	309	36	2
228	309	36	1
230	309	36	2
232	309	36	1
234	309	36	2
236	309	36	2
221	310	36	1
226	310	36	1
228	310	36	2
231	310	36	1
211	311	36	1
213	311	36	1
215	311	36	1
220	311	36	1
223	311	36	1
229	311	36	1
230	311	36	1
233	311	36	2
234	311	36	2
235	311	36	1
218	312	36	1
240	312	36	1
244	312	36	1
229	313	36	1
230	313	36	1
232	313	36	1
236	313	36	1
238	313	36	2
230	314	36	1
234	314	36	1
235	314	36	1
233	315	36	1
232	316	36	1
234	316	36	1
227	317	36	1
235	317	36	1
237	317	36	1
238	317	36	1
230	318	36	1
233	318	36	1
238	318	36	2
232	319	36	2
228	257	37	3
227	259	37	2
230	259	37	1
230	260	37	1
235	260	37	1
227	261	37	1
228	261	37	1
227	262	37	1
231	262	37	1
232	262	37	3
214	263	37	1
217	263	37	1
222	263	37	1
189	264	37	1
209	264	37	1
231	264	37	1
236	264	37	1
237	264	37	1
228	265	37	1
246	265	37	1
188	266	37	1
193	266	37	1
194	266	37	1
188	267	37	1
191	267	37	1
193	267	37	1
219	267	37	1
236	267	37	3
241	267	37	1
193	268	37	1
215	268	37	1
235	268	37	1
238	268	37	2
236	269	37	1
239	269	37	2
192	270	37	2
194	270	37	1
212	270	37	1
220	270	37	2
192	271	37	1
218	271	37	1
220	271	37	1
207	272	37	1
213	272	37	1
215	272	37	1
210	273	37	1
211	273	37	1
212	273	37	1
214	273	37	1
216	273	37	1
217	273	37	1
208	274	37	1
213	274	37	1
215	274	37	1
216	274	37	1
208	275	37	1
213	275	37	1
219	275	37	1
208	276	37	1
209	276	37	1
215	276	37	2
188	277	37	2
211	277	37	1
195	278	37	1
206	278	37	1
212	278	37	1
195	279	37	1
207	279	37	1
212	279	37	1
215	279	37	2
192	280	37	1
208	280	37	2
209	280	37	1
191	281	37	1
212	281	37	1
223	281	37	1
191	282	37	1
213	282	37	1
214	282	37	1
215	282	37	1
223	282	37	1
204	283	37	2
207	283	37	3
214	283	37	1
195	284	37	1
202	284	37	1
237	284	37	2
201	285	37	1
202	285	37	1
204	285	37	1
205	285	37	1
226	285	37	1
215	286	37	2
226	286	37	2
230	286	37	1
239	286	37	1
191	287	37	1
193	287	37	2
194	287	37	1
204	287	37	1
230	287	37	2
231	287	37	1
234	287	37	1
239	287	37	1
190	288	37	1
194	288	37	1
196	288	37	1
204	288	37	1
210	288	37	3
224	288	37	2
232	288	37	1
234	288	37	1
236	288	37	1
237	288	37	1
238	288	37	1
240	288	37	1
241	288	37	1
186	289	37	1
195	289	37	1
200	289	37	1
223	289	37	1
230	289	37	2
235	289	37	1
239	289	37	1
200	290	37	2
204	290	37	2
236	290	37	1
237	290	37	3
188	291	37	1
203	291	37	1
221	291	37	1
233	291	37	1
234	291	37	1
200	292	37	1
232	292	37	1
236	292	37	1
242	292	37	1
243	292	37	1
185	293	37	2
197	293	37	2
205	293	37	1
223	293	37	1
238	293	37	2
240	293	37	1
190	294	37	1
225	294	37	1
232	294	37	1
234	294	37	1
240	294	37	1
242	294	37	1
202	295	37	1
217	295	37	2
229	295	37	1
245	295	37	1
203	296	37	2
217	296	37	1
223	296	37	2
234	296	37	1
237	296	37	1
239	296	37	1
204	297	37	1
227	297	37	2
230	297	37	1
234	297	37	1
243	297	37	2
199	298	37	1
202	298	37	1
237	298	37	1
238	298	37	1
240	298	37	1
245	298	37	2
233	299	37	4
243	299	37	1
244	299	37	1
245	299	37	1
229	300	37	1
232	300	37	2
241	300	37	1
242	300	37	2
244	300	37	1
244	301	37	1
236	302	37	1
230	303	37	2
227	304	37	1
228	305	37	1
238	305	37	1
242	305	37	1
240	306	37	2
225	307	37	1
226	307	37	1
239	307	37	1
224	308	37	1
220	309	37	1
221	309	37	1
226	309	37	1
242	309	37	2
224	310	37	1
225	310	37	1
229	310	37	1
216	311	37	1
219	311	37	1
224	311	37	1
232	311	37	2
237	311	37	1
221	312	37	2
227	312	37	1
231	312	37	1
232	312	37	1
236	312	37	1
240	312	37	2
212	313	37	1
216	313	37	1
218	313	37	1
227	313	37	3
236	313	37	1
237	313	37	1
229	314	37	1
230	314	37	1
236	314	37	1
237	314	37	1
211	315	37	1
229	315	37	2
236	315	37	1
237	316	37	1
241	316	37	1
211	317	37	1
236	317	37	1
237	318	37	1
240	318	37	1
232	319	37	3
231	322	37	1
226	260	38	1
227	261	38	1
224	262	38	1
225	262	38	2
238	262	38	1
229	263	38	2
232	263	38	1
238	264	38	1
226	265	38	2
230	265	38	1
214	266	38	1
231	266	38	2
193	267	38	1
219	267	38	1
187	269	38	1
194	269	38	1
211	269	38	1
240	269	38	1
193	270	38	1
217	270	38	2
193	271	38	1
218	271	38	1
236	272	38	1
209	273	38	1
206	274	38	1
210	274	38	1
216	274	38	2
203	275	38	1
207	275	38	1
215	275	38	1
207	276	38	1
210	276	38	2
213	276	38	1
219	276	38	1
205	277	38	1
211	277	38	1
214	277	38	1
203	278	38	2
212	278	38	1
213	278	38	1
217	278	38	1
221	278	38	1
222	278	38	1
194	279	38	1
206	279	38	1
212	279	38	1
217	279	38	1
211	280	38	1
214	280	38	1
221	280	38	1
192	281	38	1
193	281	38	1
210	281	38	2
213	281	38	2
215	281	38	1
216	281	38	1
210	282	38	1
212	282	38	1
213	282	38	1
214	282	38	1
222	282	38	1
223	282	38	1
189	283	38	1
203	283	38	1
207	283	38	1
217	283	38	1
219	283	38	2
229	283	38	2
188	284	38	1
191	284	38	1
196	284	38	1
199	284	38	1
191	285	38	1
195	285	38	1
202	285	38	1
204	285	38	1
215	285	38	1
198	286	38	2
203	286	38	3
205	286	38	1
216	286	38	1
193	287	38	1
198	287	38	1
205	287	38	2
215	287	38	1
217	287	38	2
220	287	38	2
232	287	38	1
238	287	38	1
190	288	38	1
193	288	38	1
202	288	38	1
207	288	38	1
220	288	38	1
224	288	38	1
235	288	38	1
192	289	38	1
193	289	38	1
200	289	38	1
204	289	38	1
207	289	38	2
223	289	38	1
232	289	38	4
233	289	38	1
236	289	38	1
209	290	38	1
216	290	38	1
218	290	38	1
238	290	38	1
200	291	38	1
202	291	38	2
206	291	38	1
214	291	38	1
220	291	38	3
238	291	38	1
189	292	38	2
194	292	38	2
196	292	38	1
207	292	38	2
211	292	38	1
240	292	38	2
199	293	38	1
200	293	38	2
204	293	38	1
217	293	38	1
226	293	38	2
229	293	38	1
238	293	38	2
199	294	38	1
202	294	38	1
204	294	38	1
206	294	38	3
221	294	38	1
235	294	38	1
198	295	38	1
203	295	38	1
204	295	38	1
207	295	38	1
220	295	38	2
227	295	38	1
232	295	38	1
234	295	38	3
237	295	38	1
240	295	38	1
197	296	38	2
198	296	38	1
204	296	38	1
205	296	38	2
206	296	38	1
217	296	38	1
221	296	38	2
228	296	38	2
232	296	38	1
233	296	38	1
235	296	38	1
239	296	38	1
240	296	38	1
242	296	38	1
219	297	38	1
220	297	38	1
223	297	38	1
226	297	38	1
229	297	38	1
232	297	38	1
240	297	38	1
242	297	38	1
192	298	38	1
215	298	38	1
216	298	38	1
224	298	38	1
234	298	38	1
243	298	38	1
244	298	38	1
226	299	38	1
236	299	38	1
241	299	38	1
242	299	38	1
243	299	38	1
244	299	38	1
204	300	38	1
225	300	38	1
228	300	38	1
242	300	38	1
228	301	38	2
229	301	38	1
238	301	38	1
226	302	38	1
231	302	38	1
232	302	38	1
234	302	38	1
237	302	38	2
231	303	38	3
233	303	38	1
234	303	38	1
227	304	38	1
228	304	38	1
233	304	38	1
236	304	38	1
244	304	38	1
232	305	38	1
233	305	38	2
234	305	38	2
226	306	38	1
229	306	38	1
239	306	38	2
242	306	38	1
193	307	38	1
226	307	38	1
227	307	38	1
223	308	38	1
235	308	38	1
239	308	38	1
195	309	38	1
206	309	38	1
222	309	38	1
223	309	38	1
242	309	38	1
243	309	38	1
244	309	38	2
217	310	38	1
221	310	38	1
228	310	38	1
229	310	38	1
230	310	38	1
214	311	38	1
217	311	38	1
220	311	38	1
225	311	38	1
230	311	38	1
218	312	38	1
219	312	38	1
220	312	38	1
228	312	38	1
229	312	38	1
231	312	38	1
240	312	38	1
242	312	38	1
216	313	38	1
220	313	38	1
221	313	38	1
222	313	38	1
223	313	38	1
229	313	38	2
238	313	38	3
240	313	38	1
219	314	38	2
230	314	38	1
236	314	38	1
239	314	38	1
241	314	38	1
242	314	38	1
211	315	38	1
213	315	38	1
223	315	38	1
227	315	38	1
229	315	38	1
230	315	38	1
237	315	38	1
241	315	38	1
228	316	38	1
240	316	38	1
226	317	38	1
235	317	38	2
242	317	38	1
212	318	38	1
230	318	38	1
233	318	38	1
235	318	38	2
237	318	38	1
240	318	38	1
241	318	38	1
232	319	38	1
238	319	38	2
239	319	38	2
229	320	38	4
232	320	38	2
231	321	38	1
220	322	38	2
231	322	38	1
233	322	38	1
236	322	38	2
220	323	38	1
232	323	38	1
237	265	39	1
191	268	39	1
192	270	39	1
214	273	39	1
215	273	39	1
214	275	39	1
216	275	39	1
212	277	39	2
213	277	39	1
208	278	39	1
216	278	39	2
206	279	39	1
215	279	39	1
217	279	39	1
215	280	39	1
215	282	39	1
226	282	39	1
201	283	39	1
215	283	39	2
193	284	39	1
203	284	39	1
206	284	39	2
207	284	39	1
216	284	39	1
191	285	39	2
197	285	39	2
193	286	39	1
199	286	39	2
187	287	39	1
188	287	39	1
205	287	39	1
195	288	39	1
206	288	39	1
190	289	39	1
195	289	39	1
203	289	39	1
211	289	39	1
217	289	39	1
195	290	39	2
200	290	39	1
218	290	39	1
233	290	39	1
238	290	39	1
191	291	39	1
206	291	39	1
217	291	39	2
222	291	39	1
233	291	39	1
238	291	39	1
208	292	39	1
211	292	39	1
225	292	39	1
232	292	39	1
234	292	39	1
236	292	39	1
197	293	39	1
205	293	39	2
209	293	39	1
229	293	39	2
240	293	39	1
200	294	39	1
201	294	39	1
206	294	39	1
225	294	39	1
228	294	39	1
233	294	39	1
234	294	39	2
241	294	39	1
203	295	39	1
216	295	39	1
225	295	39	1
236	295	39	1
238	295	39	1
240	295	39	1
197	296	39	1
205	296	39	2
215	296	39	1
219	296	39	1
220	296	39	1
226	296	39	1
235	296	39	1
237	296	39	1
196	297	39	2
200	297	39	1
205	297	39	1
224	297	39	1
231	297	39	3
202	298	39	1
203	298	39	1
213	298	39	1
229	298	39	1
239	298	39	1
240	298	39	2
242	298	39	1
222	299	39	1
227	299	39	1
229	299	39	1
230	299	39	1
236	299	39	2
214	300	39	1
231	300	39	1
233	300	39	2
235	300	39	1
224	301	39	1
229	301	39	1
238	301	39	1
226	302	39	1
229	302	39	2
231	302	39	2
240	302	39	2
226	303	39	1
231	303	39	1
233	303	39	1
235	303	39	2
228	304	39	1
230	304	39	1
231	304	39	1
233	304	39	1
243	304	39	1
212	305	39	2
223	305	39	1
226	305	39	1
229	305	39	2
230	305	39	1
236	305	39	1
238	305	39	1
240	305	39	1
242	305	39	1
210	306	39	1
211	306	39	2
223	306	39	1
225	306	39	1
227	306	39	1
235	306	39	1
239	306	39	1
242	306	39	1
198	307	39	2
213	307	39	1
225	307	39	1
227	307	39	1
216	308	39	1
220	308	39	1
222	308	39	1
225	308	39	1
243	308	39	1
215	309	39	1
220	309	39	1
222	309	39	2
226	309	39	1
229	309	39	2
232	309	39	1
233	309	39	1
235	309	39	1
195	310	39	1
217	310	39	1
219	310	39	1
221	310	39	1
223	310	39	1
226	310	39	1
239	310	39	1
219	311	39	1
220	311	39	3
222	311	39	1
225	311	39	1
231	311	39	1
232	311	39	1
235	311	39	1
236	311	39	1
240	311	39	1
244	311	39	3
246	311	39	1
196	312	39	3
211	312	39	1
219	312	39	1
238	312	39	1
239	312	39	1
240	312	39	1
241	312	39	1
242	312	39	1
219	313	39	1
220	313	39	1
225	313	39	1
228	313	39	1
230	313	39	1
236	313	39	1
238	313	39	2
240	313	39	1
242	313	39	1
216	314	39	1
218	314	39	1
228	314	39	2
234	314	39	2
236	314	39	1
237	314	39	1
219	315	39	2
220	315	39	1
229	315	39	3
230	315	39	1
237	315	39	2
243	315	39	2
244	316	39	1
211	317	39	2
232	317	39	1
235	317	39	1
237	317	39	1
230	318	39	1
223	319	39	3
230	319	39	1
233	319	39	1
214	320	39	1
229	320	39	1
230	320	39	1
238	320	39	1
218	321	39	1
233	321	39	1
234	322	39	1
212	325	39	1
208	327	39	1
197	328	39	1
193	280	40	1
192	283	40	1
194	285	40	1
206	285	40	2
196	286	40	1
194	287	40	2
210	288	40	1
193	289	40	1
191	291	40	1
206	291	40	1
208	291	40	1
192	292	40	1
193	292	40	2
206	292	40	1
209	292	40	1
212	292	40	3
235	292	40	1
236	292	40	1
197	293	40	4
204	293	40	1
209	293	40	1
213	293	40	1
214	293	40	1
216	293	40	1
225	293	40	2
229	293	40	1
210	294	40	1
221	294	40	1
227	294	40	1
197	295	40	1
241	295	40	1
203	296	40	1
207	297	40	1
215	297	40	1
221	297	40	2
229	297	40	1
215	298	40	1
216	298	40	1
222	298	40	2
223	298	40	1
225	298	40	2
228	298	40	1
229	298	40	2
230	298	40	1
199	299	40	1
214	299	40	1
222	299	40	1
224	299	40	1
225	299	40	1
230	299	40	1
231	299	40	1
242	299	40	1
227	300	40	1
229	300	40	1
215	301	40	1
236	301	40	1
219	302	40	2
233	302	40	1
229	304	40	1
229	305	40	1
230	305	40	1
231	305	40	1
232	305	40	1
234	305	40	1
210	306	40	1
224	306	40	1
225	306	40	2
229	306	40	1
230	306	40	1
242	306	40	1
215	307	40	2
223	307	40	1
228	307	40	1
223	308	40	1
225	308	40	2
239	308	40	1
226	309	40	2
240	309	40	1
194	310	40	1
219	310	40	1
221	310	40	1
222	310	40	1
226	310	40	1
217	311	40	1
220	311	40	2
228	311	40	1
234	311	40	1
237	311	40	1
238	311	40	2
216	312	40	1
218	312	40	1
219	312	40	1
242	312	40	6
215	313	40	2
216	313	40	1
217	313	40	1
221	313	40	1
223	313	40	1
234	313	40	2
238	313	40	2
240	313	40	2
219	314	40	1
217	315	40	1
220	315	40	1
237	315	40	1
238	315	40	1
240	315	40	1
243	315	40	1
216	316	40	1
219	316	40	1
240	316	40	1
242	316	40	1
207	317	40	1
227	317	40	1
235	317	40	1
236	317	40	1
220	318	40	3
231	318	40	1
240	318	40	1
218	319	40	1
232	319	40	1
240	319	40	1
243	319	40	1
225	320	40	2
240	320	40	2
241	320	40	1
227	321	40	1
240	321	40	1
230	322	40	1
231	322	40	1
233	322	40	1
228	323	40	1
230	323	40	1
212	324	40	1
229	324	40	1
197	282	41	1
192	292	41	1
195	294	41	1
209	294	41	1
210	294	41	1
199	296	41	2
205	296	41	2
213	297	41	1
237	299	41	1
229	302	41	1
232	304	41	1
243	304	41	1
230	305	41	2
222	306	41	1
223	306	41	1
230	306	41	1
219	307	41	2
223	307	41	2
225	307	41	1
227	307	41	1
229	307	41	1
220	308	41	1
222	308	41	1
225	308	41	1
239	309	41	1
220	310	41	1
224	310	41	1
231	310	41	2
236	310	41	1
239	310	41	2
240	310	41	1
220	311	41	1
222	311	41	1
223	311	41	1
233	311	41	1
216	312	41	1
217	312	41	1
235	312	41	1
222	313	41	1
232	314	41	1
239	314	41	1
249	314	41	1
218	315	41	1
238	315	41	1
243	315	41	2
236	316	41	1
237	316	41	1
238	316	41	2
240	316	41	1
249	316	41	1
218	317	41	1
221	317	41	1
217	318	41	2
230	318	41	2
240	318	41	1
223	319	41	1
231	320	41	1
241	320	41	1
216	321	41	1
230	321	41	1
228	323	41	1
236	323	41	1
215	297	42	2
231	300	42	1
213	302	42	1
223	302	42	1
222	303	42	1
214	305	42	1
220	305	42	1
229	305	42	1
220	306	42	1
223	306	42	1
231	306	42	1
226	307	42	2
223	308	42	1
220	309	42	1
223	309	42	1
224	309	42	1
226	309	42	3
236	310	42	1
239	310	42	1
241	310	42	1
222	311	42	1
236	311	42	1
238	311	42	1
214	312	42	1
220	312	42	1
221	312	42	2
222	312	42	2
242	312	42	1
244	312	42	1
217	313	42	1
221	313	42	2
223	313	42	1
224	313	42	1
226	313	42	1
234	313	42	1
240	313	42	1
225	314	42	2
220	315	42	1
240	315	42	2
218	316	42	1
220	316	42	2
239	316	42	1
241	316	42	1
221	317	42	1
223	317	42	2
238	317	42	2
220	318	42	1
229	318	42	1
231	318	42	1
240	318	42	1
243	318	42	1
245	318	42	1
224	319	42	2
227	319	42	1
228	319	42	1
229	319	42	1
230	319	42	1
231	319	42	1
226	320	42	1
231	320	42	2
241	320	42	2
239	321	42	1
225	303	43	2
220	304	43	1
220	305	43	1
221	305	43	3
221	307	43	1
220	308	43	1
220	309	43	3
217	310	43	1
219	311	43	1
221	311	43	1
222	311	43	1
225	311	43	2
211	312	43	1
220	312	43	1
242	312	43	2
238	313	43	1
237	314	43	2
238	315	43	1
245	315	43	1
219	316	43	1
230	316	43	1
227	317	43	1
229	321	43	1
226	322	43	1
215	324	43	2
220	305	44	1
235	311	44	1
239	311	44	1
243	312	44	1
241	314	44	1
222	315	44	1
222	316	44	1
225	317	44	2
238	317	44	1
230	318	44	1
243	318	44	2
223	319	44	1
229	321	44	1
142	222	20	1
135	225	20	1
141	225	20	1
112	228	20	1
174	228	20	1
118	229	20	1
190	230	20	1
121	231	20	1
132	231	20	1
160	231	20	1
170	231	20	1
197	232	20	1
114	234	20	1
129	235	20	1
133	237	20	1
135	237	20	1
140	237	20	1
165	237	20	1
232	237	20	1
145	238	20	1
152	238	20	1
192	238	20	1
142	239	20	1
126	240	20	1
152	240	20	1
111	241	20	1
146	241	20	1
214	242	20	1
132	243	20	1
140	243	20	1
201	243	20	1
162	244	20	1
221	246	20	1
235	247	20	1
248	247	20	1
210	248	20	1
215	248	20	1
167	249	20	1
194	249	20	2
162	250	20	1
227	250	20	1
101	251	20	1
251	251	20	1
218	252	20	1
226	252	20	2
234	252	20	1
139	253	20	1
183	254	20	1
244	254	20	1
161	256	20	1
227	256	20	1
134	257	20	1
177	257	20	1
255	257	20	1
265	257	20	1
193	259	20	1
184	260	20	1
102	261	20	1
140	261	20	1
156	261	20	1
118	262	20	1
230	262	20	1
210	263	20	2
259	263	20	1
265	263	20	1
105	264	20	1
126	264	20	1
221	264	20	1
249	264	20	1
147	265	20	1
118	266	20	2
225	266	20	1
231	266	20	1
118	267	20	1
239	267	20	1
109	268	20	1
209	268	20	1
107	269	20	1
155	269	20	1
113	270	20	1
114	270	20	1
117	270	20	1
156	270	20	1
210	270	20	1
224	270	20	1
115	272	20	1
144	272	20	1
149	273	20	1
201	273	20	1
211	273	20	1
165	274	20	1
142	276	20	1
155	276	20	1
189	277	20	1
211	277	20	1
227	278	20	1
156	279	20	2
200	279	20	1
241	279	20	1
162	280	20	1
193	280	20	1
168	281	20	1
172	281	20	1
227	281	20	1
265	284	20	1
137	285	20	1
210	285	20	1
223	285	20	1
133	286	20	1
151	286	20	1
164	286	20	1
236	286	20	1
149	289	20	1
152	289	20	1
222	289	20	1
195	292	20	1
148	293	20	1
204	293	20	1
225	293	20	1
226	293	20	2
258	293	20	1
136	294	20	1
141	294	20	1
199	294	20	1
116	295	20	1
145	296	20	1
178	296	20	1
180	296	20	1
216	296	20	1
133	297	20	1
137	297	20	1
110	298	20	1
203	298	20	1
207	299	20	1
257	299	20	1
174	300	20	1
253	300	20	1
133	301	20	1
155	301	20	1
159	301	20	1
216	301	20	1
219	302	20	1
101	303	20	1
187	303	20	1
166	304	20	1
258	305	20	1
227	307	20	1
205	308	20	1
229	308	20	1
232	308	20	1
115	312	20	1
233	312	20	1
247	312	20	1
115	313	20	1
139	313	20	1
229	313	20	1
262	313	20	1
100	314	20	1
237	314	20	1
124	315	20	1
150	315	20	1
98	316	20	1
185	316	20	1
95	317	20	1
242	317	20	1
117	318	20	1
247	318	20	1
261	318	20	1
263	318	20	1
196	321	20	1
210	321	20	1
237	321	20	1
127	322	20	2
178	323	20	1
234	323	20	1
203	324	20	1
189	325	20	2
211	326	20	1
261	326	20	1
106	327	20	2
139	327	20	1
145	327	20	1
261	327	20	1
106	329	20	1
157	330	20	1
186	331	20	1
240	331	20	1
249	331	20	1
113	332	20	1
172	332	20	1
117	333	20	1
237	335	20	1
246	335	20	2
222	336	20	1
169	338	20	1
173	339	20	1
157	341	20	1
246	341	20	1
217	342	20	1
183	345	20	1
243	345	20	1
198	347	20	1
192	348	20	1
232	348	20	2
184	350	20	1
221	350	20	1
224	353	20	1
178	354	20	1
218	355	20	1
220	357	20	1
211	358	20	1
171	359	20	1
176	361	20	1
203	361	20	1
204	363	20	1
129	222	21	1
172	224	21	1
173	230	21	1
136	233	21	1
135	239	21	1
178	239	21	1
126	240	21	1
133	241	21	1
137	241	21	1
109	243	21	1
136	243	21	1
132	244	21	1
141	244	21	1
154	253	21	1
230	255	21	1
231	260	21	1
162	264	21	1
154	269	21	1
120	271	21	1
166	272	21	1
224	274	21	1
117	278	21	1
171	278	21	1
221	278	21	2
176	279	21	1
218	279	21	1
169	281	21	1
173	282	21	1
150	283	21	1
215	284	21	1
222	284	21	1
224	284	21	1
152	287	21	1
221	287	21	1
271	288	21	1
244	292	21	1
271	292	21	1
187	294	21	1
194	294	21	1
269	294	21	1
140	295	21	1
267	300	21	1
211	303	21	1
190	304	21	1
209	305	21	1
234	306	21	2
235	306	21	1
207	307	21	1
209	309	21	1
252	310	21	1
261	310	21	1
199	312	21	1
258	313	21	1
214	315	21	1
258	315	21	1
256	316	21	1
170	318	21	1
233	318	21	1
185	321	21	1
187	321	21	1
261	323	21	1
178	324	21	1
195	324	21	1
94	327	21	1
147	328	21	1
173	328	21	1
100	329	21	1
141	331	21	1
175	339	21	1
231	350	21	2
221	354	21	1
168	359	21	1
179	360	21	1
181	362	21	1
154	230	22	1
133	236	22	1
136	241	22	1
148	241	22	1
149	243	22	1
136	245	22	1
218	252	22	1
162	259	22	1
161	260	22	1
197	260	22	1
160	264	22	1
119	267	22	1
155	270	22	1
158	270	22	1
177	272	22	1
177	276	22	1
170	278	22	1
227	278	22	1
217	279	22	1
224	280	22	1
226	282	22	1
217	295	22	1
267	300	22	1
264	302	22	1
236	305	22	1
240	305	22	1
207	307	22	1
262	307	22	1
206	311	22	1
260	312	22	1
233	313	22	1
236	314	22	1
262	316	22	1
236	317	22	1
257	321	22	1
181	322	22	1
185	322	22	1
191	323	22	1
200	324	22	1
259	326	22	1
103	330	22	1
176	335	22	1
154	228	23	1
140	234	23	1
133	237	23	1
139	238	23	1
148	239	23	1
132	241	23	1
136	241	23	1
134	246	23	1
222	253	23	1
223	253	23	1
224	253	23	1
223	254	23	1
193	257	23	1
197	259	23	1
218	263	23	1
119	267	23	1
120	270	23	1
168	271	23	2
176	274	23	1
176	277	23	1
168	278	23	1
176	280	23	1
176	284	23	1
267	293	23	1
266	294	23	1
267	298	23	2
269	298	23	2
212	304	23	2
207	307	23	1
266	308	23	1
179	309	23	1
203	313	23	1
232	314	23	1
179	315	23	1
265	315	23	1
258	317	23	1
261	318	23	1
182	325	23	1
259	326	23	1
186	329	23	1
260	331	23	1
182	333	23	1
146	335	23	1
235	340	23	1
242	345	23	1
176	225	24	1
141	234	24	1
143	234	24	1
144	236	24	1
146	238	24	1
145	239	24	2
137	240	24	1
144	241	24	1
137	245	24	1
134	252	24	1
225	260	24	1
199	261	24	1
117	263	24	1
221	263	24	1
122	264	24	1
117	265	24	1
123	267	24	1
165	267	24	1
130	269	24	1
162	269	24	1
127	270	24	1
163	270	24	1
178	275	24	1
170	277	24	1
180	279	24	1
177	284	24	1
277	288	24	1
274	290	24	1
197	291	24	1
275	291	24	1
213	299	24	1
265	301	24	1
181	309	24	1
260	309	24	1
202	310	24	1
240	312	24	1
209	313	24	1
259	314	24	1
253	318	24	1
258	318	24	1
263	319	24	1
164	321	24	1
186	321	24	1
154	329	24	1
181	336	24	1
181	359	24	1
157	228	25	1
150	233	25	2
140	235	25	1
249	237	25	1
140	238	25	1
134	240	25	1
226	241	25	1
134	243	25	1
135	244	25	1
133	246	25	1
224	257	25	1
225	258	25	1
173	278	25	1
178	278	25	2
170	279	25	1
172	282	25	1
271	291	25	1
258	309	25	2
208	310	25	1
206	311	25	1
233	311	25	1
230	312	25	1
260	313	25	1
232	314	25	1
258	314	25	1
258	318	25	1
257	320	25	1
241	321	25	1
259	324	25	1
157	229	26	1
142	233	26	1
246	234	26	1
249	235	26	1
133	238	26	1
246	238	26	1
136	243	26	1
226	243	26	1
122	270	26	1
262	311	26	1
243	312	26	1
258	317	26	1
241	320	26	1
250	236	27	1
139	238	27	1
226	244	27	1
246	245	27	1
194	247	27	1
227	251	27	2
121	268	27	1
123	270	27	1
274	280	27	1
175	281	27	1
173	282	27	1
199	299	27	1
258	312	27	1
206	313	27	1
239	318	27	1
259	319	27	1
238	322	27	1
246	235	28	1
136	236	28	1
248	236	28	1
251	236	28	1
247	237	28	1
248	237	28	1
185	241	28	1
137	242	28	2
124	255	28	1
127	256	28	1
134	257	28	1
121	268	28	1
122	268	28	1
127	271	28	1
129	275	28	1
129	277	28	1
171	279	28	1
172	280	28	1
178	280	28	1
275	281	28	1
165	282	28	1
170	283	28	1
174	283	28	1
167	285	28	1
270	290	28	1
179	296	28	1
207	308	28	1
247	311	28	1
257	312	28	1
211	315	28	1
262	317	28	1
240	321	28	1
191	236	29	1
179	238	29	1
250	238	29	1
235	242	29	1
236	246	29	1
132	254	29	1
134	255	29	1
131	257	29	1
124	271	29	1
128	274	29	1
138	274	29	1
175	279	29	1
175	280	29	1
274	284	29	1
275	285	29	1
176	295	29	1
204	308	29	1
207	314	29	1
241	316	29	1
123	325	29	1
93	330	29	1
94	332	29	1
177	240	30	1
182	242	30	1
132	256	30	1
250	257	30	1
259	269	30	1
122	271	30	1
159	279	30	1
210	309	30	1
204	310	30	1
208	310	30	1
247	311	30	1
206	313	30	1
225	313	30	1
128	324	30	1
188	243	31	1
123	257	31	1
131	260	31	1
129	265	31	1
125	268	31	1
123	270	31	2
132	270	31	1
260	271	31	1
143	274	31	1
276	281	31	1
166	285	31	1
163	287	31	1
174	293	31	1
197	310	31	1
205	310	31	1
211	315	31	1
246	318	31	1
236	323	31	1
93	331	31	1
96	331	31	1
96	333	31	1
96	334	31	2
219	363	31	1
188	242	32	1
194	243	32	1
182	244	32	2
134	254	32	1
133	259	32	1
256	261	32	1
130	267	32	1
261	267	32	1
263	267	32	1
167	289	32	1
165	295	32	1
177	298	32	1
195	311	32	1
243	316	32	1
243	317	32	1
246	319	32	1
204	333	32	1
189	347	32	1
187	348	32	1
188	348	32	1
186	354	32	1
115	224	33	1
114	228	33	1
175	243	33	1
200	246	33	1
134	253	33	1
149	255	33	1
131	260	33	1
132	260	33	1
126	266	33	2
263	267	33	1
157	268	33	1
127	269	33	1
128	269	33	1
129	269	33	1
263	271	33	2
162	275	33	1
158	276	33	1
124	285	33	1
183	307	33	1
115	309	33	1
185	309	33	1
197	309	33	1
193	310	33	1
115	311	33	1
207	314	33	1
98	333	33	1
208	346	33	1
179	352	33	1
177	353	33	1
114	227	34	1
138	243	34	1
176	244	34	1
131	262	34	1
264	267	34	1
260	274	34	1
158	280	34	1
162	283	34	1
125	289	34	1
165	294	34	1
118	301	34	1
119	301	34	1
192	310	34	1
112	311	34	1
192	311	34	1
197	312	34	1
109	313	34	1
244	316	34	1
202	320	34	1
239	323	34	1
239	324	34	1
96	328	34	1
98	328	34	1
197	334	34	1
191	340	34	1
192	344	34	1
198	347	34	1
207	348	34	1
205	352	34	1
207	352	34	1
206	354	34	1
218	362	34	1
113	226	35	1
116	228	35	2
138	238	35	1
139	238	35	1
139	239	35	1
139	243	35	1
172	244	35	1
175	246	35	1
254	256	35	1
127	260	35	1
149	260	35	1
128	263	35	1
157	265	35	1
265	266	35	1
142	273	35	1
163	276	35	1
160	277	35	1
125	280	35	1
161	283	35	1
162	283	35	1
125	286	35	1
162	294	35	1
121	298	35	1
118	302	35	1
176	304	35	1
186	308	35	1
245	309	35	1
114	311	35	2
197	311	35	1
114	312	35	2
116	312	35	1
121	317	35	1
202	319	35	1
201	321	35	1
239	325	35	1
96	329	35	1
211	346	35	1
188	351	35	1
198	353	35	1
208	354	35	1
181	355	35	1
172	356	35	1
204	356	35	1
122	231	36	1
138	239	36	1
141	240	36	1
135	257	36	1
130	258	36	1
134	259	36	1
131	261	36	1
127	263	36	1
143	263	36	1
265	263	36	1
153	266	36	1
143	273	36	1
160	273	36	1
260	273	36	1
158	277	36	1
261	281	36	1
125	283	36	1
145	288	36	1
152	288	36	1
122	292	36	1
159	292	36	1
121	297	36	1
166	299	36	1
182	303	36	1
118	305	36	1
249	305	36	1
191	312	36	1
114	319	36	1
97	326	36	1
98	327	36	1
213	340	36	1
204	355	36	1
114	226	37	1
175	229	37	1
172	232	37	1
128	233	37	1
126	234	37	1
119	235	37	1
138	237	37	1
167	240	37	2
169	240	37	1
125	242	37	1
129	258	37	1
244	260	37	1
129	262	37	1
140	263	37	1
145	263	37	1
142	264	37	1
150	270	37	1
160	274	37	1
160	276	37	1
258	276	37	2
128	284	37	1
160	292	37	1
121	293	37	1
254	294	37	1
177	301	37	1
181	309	37	1
114	310	37	1
188	311	37	1
196	313	37	1
150	315	37	1
118	316	37	1
140	318	37	1
153	318	37	1
115	319	37	1
131	322	37	1
134	325	37	1
185	332	37	1
185	333	37	1
185	334	37	1
214	337	37	1
200	344	37	1
112	220	38	1
123	225	38	1
126	230	38	1
137	231	38	1
138	233	38	1
197	235	38	1
144	238	38	1
171	242	38	1
136	243	38	1
174	243	38	1
169	245	38	1
175	245	38	1
137	250	38	1
233	252	38	1
151	253	38	1
132	255	38	1
136	255	38	1
131	261	38	1
146	261	38	1
170	261	38	1
147	264	38	1
262	267	38	1
137	271	38	1
132	272	38	1
142	272	38	1
145	272	38	1
134	280	38	1
161	281	38	1
129	282	38	1
177	300	38	1
126	303	38	1
180	306	38	1
257	307	38	1
137	315	38	1
142	319	38	1
181	333	38	1
192	346	38	1
248	346	38	1
215	347	38	1
209	354	38	1
182	355	38	1
208	356	38	1
207	361	38	1
113	220	39	1
111	221	39	1
175	228	39	1
136	236	39	1
138	237	39	1
199	237	39	1
197	240	39	1
169	244	39	1
167	245	39	1
173	248	39	1
135	250	39	1
136	251	39	1
237	252	39	1
247	253	39	1
134	254	39	1
152	255	39	1
153	256	39	2
254	257	39	1
168	258	39	1
134	259	39	1
252	259	39	1
168	260	39	1
205	261	39	1
144	264	39	1
151	264	39	1
152	264	39	1
261	266	39	1
131	268	39	1
132	269	39	1
145	270	39	1
143	271	39	1
143	272	39	1
146	274	39	1
133	276	39	1
133	277	39	1
129	278	39	1
142	279	39	1
149	279	39	1
135	280	39	1
254	290	39	1
165	300	39	1
120	301	39	1
172	302	39	1
177	303	39	1
171	304	39	1
180	304	39	1
125	306	39	1
120	316	39	2
139	318	39	1
136	319	39	1
140	320	39	1
177	322	39	1
189	330	39	1
149	331	39	1
186	331	39	1
152	333	39	1
154	334	39	1
215	340	39	1
207	343	39	1
190	349	39	1
237	351	39	2
177	355	39	1
214	355	39	1
212	358	39	1
192	359	39	1
113	219	40	1
120	224	40	1
138	229	40	2
144	235	40	2
136	239	40	1
136	241	40	1
126	242	40	1
134	242	40	1
167	242	40	1
132	244	40	1
127	245	40	1
139	246	40	1
225	251	40	1
137	255	40	1
137	256	40	1
152	256	40	1
132	257	40	1
147	257	40	1
174	258	40	1
148	260	40	1
149	260	40	1
172	260	40	1
136	261	40	1
252	261	40	2
154	262	40	1
234	263	40	1
130	264	40	1
144	265	40	1
151	269	40	1
244	269	40	1
132	270	40	1
247	272	40	1
142	273	40	1
166	273	40	1
145	274	40	1
141	275	40	1
150	275	40	1
130	277	40	1
138	280	40	1
161	280	40	1
137	287	40	1
172	297	40	1
131	300	40	1
168	301	40	1
182	303	40	1
150	315	40	1
119	316	40	1
147	317	40	1
176	326	40	2
239	328	40	1
240	329	40	2
189	331	40	1
213	340	40	1
203	345	40	1
211	347	40	1
220	349	40	2
235	350	40	1
111	221	41	1
121	222	41	1
136	229	41	1
137	229	41	1
139	231	41	1
142	233	41	1
204	233	41	1
151	236	41	1
137	242	41	1
140	242	41	1
141	242	41	1
140	243	41	1
168	244	41	1
170	244	41	1
177	245	41	1
230	251	41	1
141	252	41	1
142	256	41	1
137	257	41	1
154	258	41	1
208	259	41	1
213	259	41	1
253	260	41	1
143	261	41	1
144	261	41	1
153	261	41	1
167	261	41	1
174	261	41	1
143	262	41	1
144	262	41	1
158	262	41	1
168	262	41	1
207	262	41	1
204	263	41	1
149	265	41	1
119	266	41	1
143	266	41	1
148	267	41	1
142	268	41	1
132	271	41	1
140	272	41	1
145	272	41	1
152	272	41	1
151	273	41	1
136	275	41	1
137	275	41	1
139	276	41	1
211	276	41	1
132	277	41	1
151	277	41	1
131	278	41	1
138	279	41	1
142	280	41	1
139	293	41	1
160	294	41	1
148	296	41	1
129	299	41	1
260	299	41	1
128	302	41	1
168	302	41	1
141	304	41	1
127	305	41	1
140	305	41	2
129	307	41	1
133	326	41	1
181	326	41	1
138	327	41	1
131	328	41	1
242	328	41	1
179	329	41	1
182	329	41	1
126	330	41	1
147	330	41	1
155	331	41	1
187	331	41	1
241	331	41	1
176	332	41	1
151	333	41	1
133	335	41	1
152	338	41	1
166	338	41	1
215	342	41	1
195	344	41	1
237	350	41	2
211	351	41	1
233	351	41	1
237	351	41	1
210	353	41	1
171	359	41	1
139	228	42	1
159	237	42	1
162	237	42	1
137	242	42	1
179	244	42	1
184	244	42	2
140	253	42	1
138	254	42	1
176	254	42	1
213	256	42	1
142	257	42	1
147	257	42	1
173	257	42	1
210	258	42	1
212	258	42	1
160	259	42	1
157	261	42	1
168	261	42	1
149	262	42	1
150	263	42	1
151	264	42	1
157	264	42	1
145	265	42	1
145	266	42	1
250	274	42	1
155	275	42	1
134	276	42	1
151	276	42	1
132	278	42	1
143	279	42	1
141	280	42	1
151	281	42	1
138	284	42	1
137	289	42	1
215	298	42	2
129	300	42	1
124	301	42	1
126	303	42	1
139	303	42	1
168	303	42	1
170	303	42	1
126	305	42	1
170	306	42	1
140	309	42	1
186	328	42	1
161	330	42	1
154	331	42	1
133	332	42	1
186	332	42	1
126	333	42	1
131	333	42	1
178	333	42	1
246	336	42	1
206	350	42	1
204	360	42	1
155	257	43	2
167	262	43	1
205	263	43	1
156	264	43	1
147	265	43	1
155	265	43	1
158	266	43	1
143	267	43	1
147	273	43	1
152	275	43	1
151	276	43	1
131	277	43	1
156	277	43	1
142	279	43	1
148	279	43	1
147	280	43	1
152	283	43	1
153	283	43	1
250	283	43	1
137	288	43	1
138	288	43	1
256	293	43	1
170	303	43	1
135	305	43	1
148	306	43	1
129	307	43	1
167	309	43	1
137	319	43	1
135	324	43	1
136	327	43	1
132	331	43	1
191	332	43	1
219	334	43	1
131	335	43	1
249	337	43	1
211	343	43	1
211	344	43	1
232	345	43	1
211	346	43	1
210	349	43	1
227	350	43	1
231	352	43	1
206	358	43	1
204	360	43	1
141	229	44	1
176	258	44	1
159	263	44	2
213	269	44	1
146	270	44	1
144	275	44	1
147	280	44	1
146	281	44	1
159	281	44	1
149	284	44	1
217	285	44	1
137	301	44	1
127	302	44	1
140	318	44	1
183	329	44	1
173	260	45	1
152	278	45	1
149	280	45	1
145	283	45	1
146	285	45	1
206	286	45	1
218	286	45	1
142	297	45	1
137	302	45	1
176	327	45	1
231	346	45	2
181	247	46	1
159	263	46	1
157	265	46	1
139	273	46	1
145	291	46	1
142	299	46	1
143	300	46	1
228	300	46	1
130	302	46	1
136	303	46	1
192	306	46	1
188	319	46	1
238	331	46	1
216	341	46	1
138	229	47	1
162	282	47	1
140	293	47	1
206	348	47	1
140	285	48	1
137	297	48	1
151	248	49	1
191	267	49	1
167	269	49	1
144	271	49	1
207	279	49	1
139	299	49	1
128	307	49	1
148	337	49	1
160	348	49	2
183	230	50	1
259	286	50	1
140	294	50	1
174	298	50	1
146	307	50	1
157	313	50	1
212	318	50	1
198	337	50	2
206	340	50	1
