x	y	z	Cristae formation
142	221	20	2
179	221	20	1
123	222	20	1
176	222	20	1
178	222	20	1
138	223	20	1
175	223	20	1
167	224	20	1
172	224	20	1
175	224	20	1
176	224	20	2
135	225	20	1
141	225	20	2
159	225	20	2
162	225	20	1
119	226	20	1
156	226	20	2
158	226	20	1
172	226	20	1
155	227	20	1
160	227	20	2
178	227	20	3
189	227	20	1
112	228	20	1
119	228	20	1
130	228	20	1
132	228	20	1
174	228	20	2
179	228	20	1
196	228	20	1
197	228	20	1
112	229	20	2
160	229	20	2
129	230	20	2
169	230	20	1
173	230	20	1
186	230	20	2
190	230	20	1
204	230	20	1
113	231	20	2
116	231	20	2
149	231	20	1
154	231	20	4
177	231	20	1
135	232	20	2
142	232	20	1
146	232	20	1
130	233	20	2
143	233	20	1
144	233	20	1
147	233	20	1
206	233	20	1
214	233	20	1
215	233	20	1
130	234	20	1
132	234	20	1
135	234	20	2
154	234	20	1
213	234	20	1
129	235	20	1
135	235	20	4
143	235	20	1
145	235	20	2
151	235	20	1
158	235	20	1
206	235	20	1
216	235	20	4
220	235	20	2
222	235	20	3
134	236	20	1
146	236	20	2
215	236	20	1
129	237	20	2
133	237	20	1
135	237	20	1
140	237	20	2
145	237	20	1
147	237	20	1
148	237	20	1
151	237	20	1
165	237	20	3
168	237	20	2
173	237	20	2
204	237	20	1
220	237	20	1
222	237	20	1
232	237	20	1
248	237	20	2
117	238	20	3
140	238	20	2
143	238	20	2
150	238	20	1
152	238	20	2
158	238	20	1
168	238	20	2
192	238	20	1
141	239	20	1
142	239	20	1
144	239	20	2
151	239	20	3
160	239	20	1
165	239	20	1
215	239	20	3
230	239	20	2
102	240	20	1
126	240	20	1
149	240	20	1
152	240	20	2
160	240	20	1
191	240	20	2
216	240	20	2
108	241	20	1
111	241	20	1
122	241	20	2
126	241	20	1
127	241	20	1
129	241	20	2
131	241	20	2
135	241	20	1
138	241	20	2
139	241	20	2
141	241	20	2
145	241	20	1
149	241	20	1
157	241	20	1
167	241	20	1
237	241	20	1
120	242	20	1
123	242	20	3
132	242	20	3
137	242	20	1
141	242	20	2
148	242	20	1
185	242	20	3
207	242	20	1
214	242	20	2
116	243	20	1
124	243	20	1
125	243	20	1
130	243	20	2
132	243	20	2
140	243	20	1
173	243	20	1
201	243	20	1
213	243	20	1
240	243	20	1
247	243	20	1
134	244	20	1
135	244	20	1
145	244	20	3
154	244	20	1
162	244	20	2
210	244	20	2
213	244	20	1
214	244	20	2
220	244	20	3
242	244	20	2
108	245	20	2
111	245	20	4
137	245	20	1
160	245	20	1
183	245	20	1
214	245	20	3
241	245	20	2
117	246	20	1
122	246	20	1
126	246	20	3
130	246	20	1
159	246	20	1
221	246	20	2
237	246	20	1
102	247	20	2
122	247	20	1
133	247	20	2
137	247	20	3
218	247	20	2
235	247	20	2
109	248	20	1
175	248	20	2
190	248	20	1
215	248	20	3
222	248	20	1
230	248	20	2
233	248	20	1
102	249	20	1
145	249	20	2
151	249	20	1
167	249	20	2
194	249	20	1
215	249	20	1
218	249	20	1
101	250	20	2
119	250	20	2
121	250	20	1
155	250	20	2
162	250	20	2
172	250	20	1
175	250	20	1
225	250	20	1
227	250	20	1
133	251	20	1
216	251	20	1
223	251	20	2
161	252	20	1
175	252	20	2
207	252	20	1
218	252	20	1
234	252	20	3
120	253	20	1
175	253	20	1
194	253	20	3
231	253	20	1
252	253	20	1
127	254	20	1
148	254	20	1
161	254	20	1
180	254	20	1
197	254	20	1
223	254	20	1
238	254	20	1
244	254	20	2
248	254	20	1
255	254	20	2
121	255	20	2
197	255	20	1
198	255	20	1
200	255	20	1
207	255	20	1
246	255	20	2
110	256	20	1
113	256	20	1
131	256	20	1
145	256	20	1
157	256	20	3
161	256	20	2
172	256	20	1
198	256	20	1
204	256	20	1
205	256	20	2
234	256	20	3
241	256	20	1
124	257	20	1
134	257	20	2
159	257	20	2
162	257	20	1
164	257	20	1
170	257	20	1
171	257	20	2
177	257	20	1
197	257	20	1
229	257	20	4
251	257	20	1
255	257	20	1
265	257	20	1
128	258	20	1
162	258	20	2
163	258	20	2
172	258	20	1
175	258	20	3
176	258	20	1
198	258	20	1
220	258	20	1
231	258	20	2
233	258	20	2
107	259	20	1
145	259	20	1
166	259	20	1
167	259	20	3
193	259	20	1
195	259	20	1
197	259	20	1
232	259	20	1
250	259	20	1
265	259	20	1
108	260	20	2
134	260	20	2
147	260	20	1
157	260	20	1
158	260	20	3
200	260	20	1
224	260	20	1
245	260	20	1
102	261	20	1
112	261	20	1
130	261	20	1
140	261	20	1
141	261	20	1
163	261	20	1
165	261	20	1
228	261	20	2
231	261	20	2
118	262	20	1
124	262	20	1
152	262	20	1
223	262	20	4
225	262	20	1
230	262	20	1
254	262	20	1
133	263	20	3
163	263	20	1
207	263	20	1
210	263	20	2
229	263	20	1
136	264	20	2
146	264	20	4
163	264	20	2
168	264	20	1
220	264	20	2
221	264	20	1
249	264	20	2
250	264	20	4
254	264	20	1
137	265	20	1
147	265	20	1
162	265	20	1
166	265	20	2
176	265	20	1
179	265	20	2
232	265	20	3
113	266	20	3
120	266	20	1
126	266	20	1
155	266	20	3
158	266	20	3
160	266	20	2
172	266	20	1
179	266	20	1
184	266	20	2
197	266	20	3
231	266	20	1
116	267	20	2
118	267	20	1
160	267	20	1
262	267	20	1
266	267	20	1
109	268	20	1
121	268	20	2
145	268	20	2
146	268	20	2
154	268	20	1
156	268	20	2
167	268	20	2
213	268	20	1
255	268	20	4
112	269	20	1
119	269	20	1
130	269	20	2
159	269	20	1
165	269	20	2
167	269	20	1
173	269	20	2
197	269	20	2
212	269	20	1
214	269	20	1
246	269	20	2
257	269	20	2
100	270	20	1
113	270	20	1
114	270	20	2
115	270	20	2
118	270	20	1
125	270	20	2
147	270	20	1
155	270	20	1
165	270	20	1
166	270	20	3
217	270	20	1
227	270	20	1
250	270	20	1
118	271	20	2
152	271	20	1
159	271	20	2
165	271	20	2
171	271	20	1
173	271	20	1
268	271	20	1
119	272	20	2
120	272	20	1
121	272	20	2
125	272	20	1
135	272	20	1
154	272	20	2
156	272	20	1
166	272	20	1
169	272	20	2
170	272	20	1
174	272	20	1
175	272	20	1
176	272	20	1
218	272	20	1
225	272	20	1
255	272	20	1
260	272	20	2
264	272	20	1
101	273	20	2
119	273	20	1
123	273	20	1
132	273	20	1
152	273	20	2
165	273	20	2
170	273	20	1
206	273	20	4
217	273	20	1
220	273	20	3
223	273	20	1
167	274	20	2
170	274	20	1
174	274	20	2
227	274	20	1
229	274	20	1
134	275	20	2
148	275	20	1
154	275	20	2
169	275	20	1
172	275	20	2
174	275	20	1
177	275	20	1
200	275	20	2
204	275	20	1
226	275	20	2
235	275	20	1
268	275	20	1
110	276	20	2
122	276	20	1
130	276	20	1
136	276	20	1
137	276	20	2
142	276	20	2
158	276	20	2
162	276	20	1
163	276	20	1
182	276	20	3
221	276	20	2
222	276	20	2
258	276	20	1
111	277	20	2
130	277	20	1
140	277	20	1
154	277	20	1
220	277	20	1
249	277	20	1
260	277	20	2
262	277	20	1
129	278	20	1
164	278	20	1
168	278	20	1
170	278	20	1
183	278	20	2
208	278	20	2
227	278	20	1
270	278	20	2
120	279	20	3
156	279	20	4
163	279	20	1
171	279	20	1
177	279	20	1
178	279	20	2
200	279	20	1
204	279	20	2
218	279	20	1
222	279	20	1
225	279	20	1
228	279	20	1
232	279	20	3
234	279	20	2
241	279	20	2
269	279	20	1
109	280	20	1
133	280	20	2
162	280	20	1
163	280	20	2
166	280	20	1
172	280	20	1
173	280	20	2
174	280	20	1
197	280	20	1
199	280	20	2
217	280	20	1
256	280	20	1
134	281	20	1
142	281	20	2
147	281	20	2
166	281	20	1
168	281	20	1
169	281	20	2
172	281	20	1
176	281	20	1
216	281	20	2
218	281	20	2
222	281	20	2
261	281	20	1
106	282	20	1
116	282	20	1
149	282	20	2
152	282	20	1
158	282	20	3
172	282	20	1
181	282	20	1
269	282	20	3
170	283	20	1
171	283	20	1
179	283	20	1
190	283	20	1
203	283	20	3
216	283	20	1
217	283	20	1
232	283	20	1
266	283	20	1
272	283	20	2
153	284	20	2
186	284	20	2
213	284	20	1
214	284	20	1
223	284	20	1
224	284	20	2
265	284	20	4
109	285	20	1
137	285	20	1
157	285	20	1
171	285	20	1
202	285	20	3
205	285	20	1
208	285	20	1
230	285	20	3
268	285	20	1
101	286	20	1
133	286	20	1
164	286	20	1
213	286	20	3
225	286	20	2
236	286	20	1
112	287	20	2
146	287	20	1
198	287	20	1
221	287	20	1
224	287	20	2
226	287	20	1
261	287	20	1
269	287	20	1
113	288	20	3
121	288	20	4
162	288	20	2
167	288	20	4
169	288	20	2
196	288	20	2
218	288	20	1
224	288	20	1
225	288	20	1
230	288	20	1
124	289	20	2
125	289	20	2
143	289	20	2
147	289	20	1
152	289	20	2
164	289	20	2
179	289	20	1
181	289	20	2
201	289	20	1
221	289	20	1
222	289	20	1
271	289	20	1
142	290	20	1
143	290	20	2
173	290	20	1
189	290	20	2
214	290	20	1
226	290	20	1
250	290	20	2
259	290	20	3
271	290	20	1
108	291	20	1
117	291	20	1
149	291	20	1
151	291	20	3
163	291	20	3
192	291	20	1
227	291	20	2
262	291	20	3
112	292	20	2
129	292	20	1
146	292	20	2
157	292	20	1
189	292	20	1
199	292	20	1
207	292	20	1
213	292	20	1
236	292	20	1
237	292	20	1
242	292	20	1
264	292	20	1
268	292	20	3
106	293	20	1
134	293	20	3
142	293	20	1
161	293	20	1
165	293	20	2
219	293	20	1
258	293	20	1
261	293	20	2
126	294	20	1
174	294	20	1
177	294	20	3
180	294	20	1
209	294	20	1
211	294	20	3
214	294	20	2
216	294	20	3
219	294	20	1
220	294	20	1
264	294	20	1
136	295	20	1
151	295	20	2
173	295	20	2
189	295	20	2
196	295	20	1
198	295	20	2
218	295	20	1
220	295	20	1
266	295	20	1
116	296	20	1
120	296	20	1
131	296	20	2
145	296	20	1
157	296	20	2
162	296	20	1
163	296	20	2
170	296	20	2
178	296	20	1
187	296	20	2
193	296	20	1
196	296	20	1
202	296	20	1
212	296	20	2
216	296	20	2
217	296	20	2
228	296	20	1
270	296	20	1
151	297	20	2
161	297	20	2
201	297	20	3
249	297	20	2
256	297	20	3
110	298	20	1
123	298	20	3
147	298	20	1
165	298	20	1
193	298	20	1
203	298	20	2
246	298	20	1
265	298	20	2
269	298	20	1
129	299	20	2
161	299	20	1
179	299	20	2
207	299	20	1
219	299	20	1
235	299	20	1
243	299	20	2
257	299	20	1
264	299	20	1
120	300	20	1
139	300	20	2
191	300	20	1
253	300	20	3
114	301	20	2
159	301	20	1
161	301	20	1
216	301	20	2
233	301	20	2
240	301	20	2
268	301	20	2
114	302	20	2
126	302	20	2
134	302	20	3
167	302	20	1
213	302	20	1
219	302	20	2
223	302	20	1
257	302	20	1
261	302	20	1
264	302	20	1
127	303	20	1
141	303	20	4
150	303	20	1
156	303	20	2
234	303	20	3
266	303	20	2
149	304	20	1
158	304	20	2
166	304	20	1
174	304	20	3
185	304	20	1
203	304	20	3
236	304	20	4
238	304	20	1
239	304	20	2
243	304	20	2
256	304	20	2
262	304	20	1
124	305	20	2
177	305	20	2
208	305	20	1
234	305	20	2
252	305	20	1
136	306	20	1
177	306	20	1
182	306	20	1
209	306	20	2
236	306	20	1
240	306	20	1
246	306	20	1
259	306	20	2
100	307	20	1
118	307	20	1
124	307	20	4
128	307	20	1
142	307	20	2
166	307	20	2
177	307	20	2
182	307	20	2
229	307	20	1
234	307	20	2
238	307	20	1
241	307	20	1
103	308	20	1
171	308	20	2
186	308	20	2
201	308	20	2
208	308	20	1
219	308	20	1
227	308	20	1
232	308	20	1
233	308	20	1
249	308	20	1
257	308	20	4
260	308	20	2
124	309	20	1
134	309	20	3
175	309	20	1
201	309	20	1
203	309	20	1
242	309	20	1
246	309	20	1
260	309	20	1
262	309	20	1
268	309	20	1
269	309	20	3
118	310	20	2
144	310	20	2
178	310	20	3
182	310	20	2
198	310	20	1
241	310	20	2
245	310	20	2
107	311	20	2
152	311	20	1
201	311	20	1
210	311	20	1
230	311	20	1
238	311	20	2
246	311	20	1
266	311	20	1
100	312	20	1
148	312	20	1
173	312	20	2
209	312	20	1
247	312	20	1
256	312	20	1
94	313	20	2
158	313	20	1
164	313	20	1
181	313	20	1
182	313	20	4
201	313	20	1
212	313	20	1
217	313	20	2
227	313	20	2
229	313	20	1
241	313	20	1
250	313	20	1
262	313	20	3
100	314	20	2
201	314	20	2
202	314	20	1
237	314	20	2
266	314	20	2
268	314	20	1
133	315	20	3
148	315	20	2
150	315	20	1
156	315	20	3
159	315	20	1
175	315	20	1
215	315	20	1
243	315	20	4
250	315	20	2
256	315	20	2
260	315	20	1
263	315	20	2
265	315	20	2
98	316	20	1
119	316	20	1
126	316	20	1
131	316	20	2
146	316	20	2
177	316	20	2
178	316	20	1
179	316	20	1
185	316	20	1
198	316	20	1
203	316	20	1
228	316	20	2
232	316	20	1
234	316	20	2
244	316	20	1
256	316	20	3
257	316	20	1
259	316	20	2
95	317	20	1
115	317	20	1
145	317	20	1
162	317	20	2
202	317	20	2
212	317	20	3
232	317	20	1
233	317	20	1
242	317	20	1
251	317	20	1
267	317	20	1
98	318	20	2
113	318	20	3
117	318	20	2
126	318	20	1
129	318	20	1
187	318	20	3
237	318	20	2
247	318	20	1
257	318	20	1
260	318	20	2
261	318	20	2
98	319	20	2
100	319	20	1
140	319	20	1
153	319	20	2
168	319	20	1
171	319	20	1
193	319	20	2
237	319	20	1
258	319	20	2
141	320	20	1
168	320	20	2
179	320	20	1
180	320	20	2
182	320	20	2
200	320	20	2
201	320	20	1
204	320	20	3
234	320	20	2
244	320	20	1
250	320	20	2
259	320	20	2
94	321	20	1
112	321	20	3
140	321	20	2
183	321	20	1
196	321	20	2
197	321	20	1
210	321	20	1
213	321	20	2
237	321	20	3
92	322	20	1
97	322	20	2
127	322	20	2
178	322	20	1
180	322	20	1
183	322	20	1
185	322	20	1
187	322	20	2
190	322	20	2
200	322	20	1
257	322	20	3
99	323	20	1
106	323	20	1
111	323	20	1
164	323	20	1
177	323	20	1
180	323	20	2
186	323	20	1
193	323	20	3
194	323	20	4
198	323	20	2
222	323	20	2
233	323	20	1
236	323	20	1
237	323	20	1
264	323	20	2
135	324	20	1
149	324	20	1
169	324	20	1
173	324	20	1
177	324	20	3
185	324	20	1
188	324	20	1
196	324	20	1
200	324	20	1
224	324	20	1
101	325	20	1
111	325	20	1
126	325	20	2
180	325	20	1
181	325	20	2
190	325	20	1
196	325	20	2
205	325	20	2
216	325	20	1
228	325	20	1
259	325	20	1
122	326	20	3
128	326	20	1
177	326	20	1
188	326	20	2
191	326	20	2
194	326	20	1
196	326	20	1
203	326	20	1
211	326	20	2
212	326	20	2
214	326	20	1
240	326	20	1
106	327	20	1
139	327	20	1
145	327	20	1
153	327	20	2
161	327	20	2
179	327	20	1
188	327	20	3
189	327	20	1
190	327	20	1
212	327	20	3
228	327	20	1
233	327	20	2
256	327	20	1
261	327	20	1
135	328	20	1
144	328	20	1
156	328	20	1
167	328	20	2
173	328	20	1
179	328	20	1
181	328	20	3
183	328	20	2
198	328	20	2
221	328	20	2
257	328	20	1
260	328	20	1
98	329	20	1
106	329	20	2
117	329	20	1
137	329	20	4
158	329	20	2
165	329	20	1
180	329	20	2
187	329	20	1
199	329	20	1
210	329	20	1
221	329	20	2
253	329	20	1
124	330	20	3
129	330	20	2
131	330	20	3
150	330	20	1
181	330	20	1
195	330	20	1
213	330	20	1
259	330	20	1
260	330	20	1
262	330	20	2
100	331	20	1
136	331	20	2
145	331	20	2
179	331	20	2
186	331	20	1
200	331	20	1
240	331	20	1
249	331	20	1
255	331	20	2
104	332	20	1
113	332	20	2
114	332	20	1
140	332	20	1
150	332	20	1
172	332	20	1
176	332	20	1
179	332	20	3
191	332	20	2
192	332	20	2
198	332	20	1
199	332	20	1
216	332	20	1
218	332	20	2
232	332	20	1
260	332	20	2
117	333	20	1
132	333	20	1
157	333	20	2
174	333	20	1
176	333	20	1
244	333	20	1
250	333	20	1
261	333	20	3
131	334	20	3
153	334	20	1
160	334	20	4
177	334	20	1
205	334	20	1
207	334	20	1
210	334	20	1
224	334	20	1
256	334	20	2
210	335	20	3
227	335	20	2
239	335	20	2
134	336	20	1
137	336	20	2
163	336	20	1
169	336	20	1
188	336	20	2
199	336	20	1
205	336	20	3
207	336	20	3
222	336	20	1
224	336	20	2
230	336	20	2
248	336	20	1
194	337	20	1
233	337	20	2
236	337	20	1
173	338	20	2
183	338	20	2
190	338	20	1
198	338	20	1
226	338	20	1
173	339	20	3
186	339	20	2
201	340	20	1
225	340	20	1
233	340	20	3
242	340	20	2
248	340	20	2
167	341	20	2
173	341	20	1
214	341	20	1
230	341	20	1
238	341	20	1
242	341	20	4
246	341	20	1
173	342	20	1
185	342	20	1
217	342	20	2
194	343	20	1
210	343	20	1
219	343	20	1
229	343	20	3
240	343	20	1
245	343	20	1
240	345	20	2
243	345	20	2
187	346	20	1
217	346	20	2
243	346	20	3
190	347	20	2
198	347	20	2
232	348	20	1
178	349	20	1
179	349	20	2
190	349	20	1
195	349	20	1
235	349	20	1
165	350	20	1
207	350	20	1
221	350	20	1
237	350	20	1
206	351	20	2
178	352	20	2
183	352	20	1
197	352	20	2
231	352	20	1
165	353	20	1
173	353	20	1
178	353	20	2
224	353	20	1
231	353	20	1
170	354	20	1
208	354	20	1
230	354	20	1
200	355	20	1
218	355	20	2
199	357	20	1
215	357	20	2
220	357	20	1
169	358	20	2
178	358	20	1
211	358	20	1
220	358	20	1
222	358	20	1
171	359	20	3
173	359	20	2
175	359	20	1
178	359	20	2
200	359	20	1
218	359	20	1
173	360	20	2
179	360	20	1
180	360	20	1
186	360	20	3
206	360	20	1
176	361	20	1
185	361	20	2
199	361	20	1
203	361	20	3
182	362	20	1
192	362	20	1
204	363	20	1
193	364	20	1
197	365	20	1
159	225	21	1
175	225	21	2
155	226	21	2
154	229	21	1
154	230	21	1
188	230	21	1
110	231	21	2
129	231	21	3
136	233	21	1
144	233	21	1
134	235	21	2
141	235	21	1
215	235	21	1
217	235	21	1
132	236	21	1
140	236	21	2
141	236	21	1
146	236	21	1
147	236	21	1
131	237	21	2
138	237	21	1
154	237	21	1
172	237	21	3
137	238	21	1
148	238	21	1
149	238	21	2
131	239	21	1
135	239	21	1
139	239	21	1
147	239	21	1
178	239	21	1
126	240	21	2
128	240	21	2
132	240	21	1
137	240	21	1
141	240	21	1
146	240	21	1
171	240	21	1
190	240	21	1
212	240	21	2
214	240	21	2
126	241	21	2
133	241	21	1
134	241	21	2
135	241	21	2
137	241	21	1
147	241	21	1
152	241	21	1
215	241	21	1
137	242	21	1
140	242	21	1
144	242	21	3
215	242	21	2
116	243	21	1
128	243	21	1
129	243	21	2
138	243	21	1
146	243	21	1
152	243	21	2
213	243	21	1
132	244	21	1
135	244	21	1
141	244	21	3
145	244	21	2
102	245	21	1
116	245	21	2
139	245	21	4
149	245	21	1
217	245	21	1
245	245	21	1
135	246	21	1
137	246	21	2
201	247	21	1
232	247	21	1
173	248	21	1
216	249	21	1
126	250	21	2
217	250	21	1
201	252	21	1
219	252	21	1
220	252	21	2
154	253	21	2
197	253	21	2
225	253	21	2
228	253	21	1
223	254	21	1
225	254	21	1
228	254	21	1
225	255	21	2
230	255	21	2
231	255	21	1
107	257	21	1
197	257	21	2
200	257	21	1
232	257	21	2
124	258	21	2
140	258	21	1
252	258	21	3
160	259	21	1
163	259	21	1
160	260	21	2
189	262	21	2
133	263	21	1
219	263	21	1
162	264	21	1
163	264	21	2
175	264	21	1
181	264	21	1
135	265	21	1
158	265	21	2
161	265	21	1
215	265	21	2
222	265	21	1
162	267	21	1
164	267	21	2
183	268	21	2
117	269	21	2
124	269	21	2
154	269	21	1
115	270	21	2
120	270	21	2
126	270	21	1
156	270	21	2
164	270	21	1
115	271	21	1
119	271	21	1
120	271	21	2
159	271	21	1
176	271	21	3
158	272	21	1
159	272	21	1
163	272	21	1
164	272	21	2
165	272	21	3
167	272	21	1
173	272	21	1
122	273	21	2
133	273	21	2
157	273	21	2
224	273	21	1
225	273	21	1
113	274	21	2
149	274	21	1
154	274	21	1
167	274	21	1
224	274	21	2
227	274	21	1
265	274	21	1
177	275	21	1
179	275	21	1
116	276	21	1
165	276	21	1
169	276	21	1
175	276	21	2
221	276	21	1
267	276	21	1
172	277	21	1
218	277	21	1
219	277	21	4
157	278	21	1
171	278	21	1
218	278	21	2
169	279	21	2
176	279	21	1
177	279	21	1
178	279	21	1
186	279	21	1
216	279	21	2
218	279	21	1
220	279	21	1
266	279	21	2
125	280	21	1
147	280	21	4
167	280	21	1
168	280	21	1
172	280	21	2
174	280	21	1
204	280	21	2
205	280	21	2
219	280	21	2
227	280	21	2
169	281	21	2
175	281	21	3
219	281	21	1
225	281	21	1
226	281	21	1
170	282	21	2
173	282	21	2
217	282	21	1
220	282	21	2
271	282	21	1
150	283	21	2
216	283	21	2
217	283	21	1
206	284	21	1
215	284	21	1
222	284	21	1
230	284	21	3
123	285	21	1
125	285	21	1
101	286	21	1
217	286	21	2
223	286	21	2
219	287	21	1
221	287	21	2
223	287	21	2
251	287	21	2
134	288	21	2
186	288	21	1
205	288	21	1
220	288	21	1
271	288	21	1
217	289	21	3
225	289	21	1
219	290	21	1
220	290	21	1
222	290	21	1
178	291	21	2
218	291	21	1
219	291	21	1
244	292	21	3
271	292	21	1
196	293	21	2
216	293	21	1
217	293	21	2
187	294	21	1
193	294	21	2
235	294	21	1
245	295	21	3
193	296	21	1
218	296	21	2
150	297	21	1
214	297	21	1
250	297	21	1
162	298	21	1
177	298	21	2
232	298	21	3
153	300	21	1
211	300	21	2
252	301	21	1
270	301	21	1
236	302	21	2
146	303	21	1
240	303	21	1
190	304	21	2
208	304	21	3
235	304	21	1
266	304	21	1
267	304	21	1
96	305	21	1
204	305	21	3
209	305	21	1
210	305	21	3
223	305	21	2
242	305	21	1
181	306	21	2
208	306	21	1
209	306	21	1
231	306	21	1
234	306	21	1
235	306	21	1
238	306	21	1
258	306	21	1
204	307	21	1
238	307	21	1
180	308	21	1
205	308	21	2
231	308	21	1
240	308	21	2
259	308	21	1
260	308	21	1
261	308	21	2
170	309	21	2
242	309	21	1
261	309	21	1
265	309	21	1
114	310	21	2
132	310	21	2
149	310	21	1
166	310	21	3
176	310	21	1
180	310	21	1
261	310	21	1
93	311	21	3
177	311	21	1
204	311	21	2
212	311	21	1
167	312	21	1
179	312	21	1
199	312	21	1
201	312	21	1
203	312	21	2
227	312	21	2
256	312	21	4
258	312	21	1
116	313	21	1
200	313	21	1
241	313	21	2
262	313	21	1
175	314	21	1
182	314	21	1
203	314	21	2
204	314	21	2
205	314	21	2
230	314	21	1
237	314	21	1
163	315	21	2
211	315	21	2
214	315	21	2
256	315	21	1
257	315	21	1
265	315	21	3
181	316	21	1
203	316	21	2
237	316	21	1
256	316	21	2
260	316	21	1
178	317	21	2
180	317	21	1
200	317	21	1
232	317	21	2
257	317	21	1
264	317	21	1
146	318	21	1
170	318	21	2
182	318	21	4
240	318	21	1
260	318	21	2
264	318	21	1
184	319	21	1
247	319	21	2
258	319	21	1
261	319	21	2
92	320	21	2
257	320	21	1
258	320	21	1
262	320	21	1
118	321	21	1
132	321	21	2
167	321	21	2
183	321	21	3
187	321	21	3
258	321	21	2
260	321	21	1
264	321	21	2
178	322	21	2
182	322	21	3
187	322	21	4
259	322	21	1
179	323	21	1
181	323	21	4
185	323	21	3
200	323	21	2
201	323	21	2
243	323	21	1
261	323	21	1
180	324	21	1
184	324	21	1
186	324	21	1
188	324	21	1
195	324	21	1
196	324	21	2
181	325	21	3
187	325	21	1
190	325	21	1
199	325	21	1
202	325	21	2
96	326	21	2
181	326	21	2
189	326	21	1
94	327	21	3
180	327	21	1
188	327	21	1
147	328	21	1
202	328	21	1
260	328	21	1
157	329	21	1
228	330	21	1
153	331	21	2
183	331	21	2
230	331	21	1
257	331	21	1
138	332	21	2
181	332	21	2
261	332	21	1
121	334	21	1
223	334	21	1
255	334	21	1
260	334	21	2
181	335	21	1
259	335	21	2
142	336	21	2
173	336	21	1
177	336	21	1
178	336	21	1
211	336	21	1
177	337	21	2
145	338	21	4
176	338	21	2
180	338	21	2
240	338	21	5
189	339	21	3
242	339	21	1
163	340	21	1
177	340	21	1
231	340	21	2
237	340	21	1
215	341	21	1
225	341	21	1
169	342	21	2
240	344	21	1
241	345	21	1
173	349	21	2
212	349	21	1
231	350	21	1
221	354	21	2
179	355	21	2
181	355	21	1
168	359	21	1
179	360	21	1
181	362	21	1
154	228	22	3
154	230	22	1
162	230	22	1
131	234	22	2
140	234	22	1
147	234	22	1
132	235	22	1
136	235	22	1
142	235	22	3
132	236	22	1
133	236	22	1
136	236	22	2
140	236	22	2
135	237	22	2
143	237	22	3
129	238	22	2
134	238	22	2
141	238	22	1
146	238	22	1
132	239	22	2
149	239	22	1
213	239	22	1
216	239	22	1
125	240	22	3
129	240	22	1
141	240	22	2
146	240	22	1
154	240	22	1
216	240	22	1
136	241	22	2
137	241	22	1
140	241	22	3
117	242	22	1
129	242	22	1
131	242	22	1
144	242	22	2
215	242	22	2
136	243	22	1
139	243	22	1
149	243	22	1
152	243	22	2
145	244	22	1
136	245	22	2
217	250	22	2
216	251	22	1
219	251	22	1
223	252	22	1
224	253	22	4
221	254	22	2
227	254	22	2
161	255	22	1
161	257	22	2
163	257	22	1
199	257	22	1
237	257	22	2
160	258	22	2
163	258	22	1
197	258	22	1
232	259	22	2
161	260	22	1
163	261	22	1
161	263	22	2
163	264	22	1
120	267	22	1
121	267	22	1
122	267	22	2
132	267	22	1
160	267	22	1
122	268	22	2
157	268	22	2
162	268	22	1
165	268	22	3
195	268	22	1
155	269	22	1
159	269	22	1
122	270	22	3
125	270	22	3
127	270	22	1
155	270	22	2
158	270	22	1
165	270	22	1
179	270	22	1
156	271	22	2
165	271	22	1
176	271	22	2
181	271	22	2
116	272	22	3
120	272	22	3
165	273	22	1
170	273	22	1
179	273	22	1
226	273	22	1
168	274	22	1
169	274	22	1
164	275	22	2
177	275	22	1
178	275	22	1
227	275	22	1
176	276	22	1
176	277	22	2
169	278	22	1
170	278	22	3
190	278	22	2
171	279	22	1
217	279	22	1
226	279	22	1
230	279	22	2
170	280	22	1
173	280	22	1
174	280	22	2
178	280	22	2
227	280	22	2
170	281	22	1
172	281	22	1
167	282	22	1
172	282	22	1
226	282	22	1
271	284	22	1
226	285	22	2
221	287	22	1
271	287	22	1
219	288	22	1
224	288	22	2
219	292	22	1
241	293	22	1
266	294	22	1
269	294	22	1
215	296	22	1
217	297	22	2
219	297	22	2
220	297	22	1
267	300	22	1
210	301	22	1
212	303	22	1
266	303	22	2
268	303	22	1
185	304	22	2
236	304	22	1
236	305	22	1
238	306	22	2
238	307	22	1
203	308	22	2
207	308	22	3
235	308	22	1
260	308	22	1
206	309	22	2
231	309	22	1
260	310	22	1
176	312	22	2
260	312	22	1
233	313	22	1
260	313	22	1
200	314	22	1
236	314	22	2
257	315	22	1
263	315	22	1
262	316	22	1
236	317	22	3
256	317	22	2
180	319	22	2
184	320	22	1
261	320	22	1
256	321	22	1
257	321	22	1
185	323	22	1
187	323	22	1
194	323	22	2
179	324	22	1
184	324	22	2
194	324	22	1
196	324	22	2
184	325	22	1
215	325	22	1
202	326	22	1
259	326	22	1
260	326	22	2
98	328	22	2
199	328	22	1
200	328	22	2
103	330	22	1
182	330	22	2
181	331	22	1
259	331	22	1
260	331	22	1
100	332	22	2
178	334	22	1
259	334	22	2
176	335	22	1
177	338	22	2
179	339	22	3
235	340	22	1
243	343	22	1
245	343	22	3
242	344	22	2
182	351	22	1
157	225	23	1
158	226	23	2
155	228	23	1
157	228	23	2
157	229	23	1
156	230	23	2
157	230	23	1
157	231	23	3
158	231	23	2
134	234	23	1
143	234	23	3
146	234	23	2
140	235	23	2
143	235	23	1
144	235	23	1
133	236	23	2
144	236	23	1
146	236	23	1
150	236	23	3
142	237	23	1
133	238	23	1
138	238	23	1
140	238	23	2
150	238	23	2
138	239	23	1
130	240	23	1
130	241	23	2
136	241	23	2
140	241	23	1
142	241	23	1
143	241	23	2
145	241	23	1
150	241	23	1
138	242	23	1
149	242	23	1
215	242	23	1
140	243	23	2
214	243	23	1
227	243	23	1
134	244	23	1
139	244	23	1
145	244	23	1
134	246	23	1
215	246	23	1
218	250	23	1
192	253	23	2
222	253	23	1
223	253	23	2
224	253	23	2
223	254	23	3
162	255	23	1
197	255	23	2
226	255	23	1
231	255	23	2
163	256	23	1
198	256	23	1
228	257	23	2
178	258	23	1
220	262	23	2
119	263	23	1
122	264	23	1
124	266	23	3
119	267	23	2
121	267	23	1
124	267	23	3
162	267	23	2
127	268	23	1
163	268	23	1
117	269	23	1
120	270	23	1
156	270	23	1
165	270	23	2
183	270	23	1
168	271	23	1
154	272	23	2
167	272	23	2
158	273	23	2
165	273	23	3
166	273	23	2
168	273	23	1
176	274	23	1
226	274	23	1
167	275	23	2
179	276	23	3
166	277	23	1
174	277	23	1
176	277	23	1
177	278	23	2
178	278	23	1
170	279	23	1
176	280	23	2
177	281	23	2
210	281	23	1
206	282	23	2
174	283	23	1
172	284	23	1
202	285	23	1
271	285	23	1
271	286	23	1
268	292	23	2
220	293	23	2
266	293	23	1
267	293	23	1
269	293	23	1
217	294	23	1
266	294	23	2
266	295	23	1
218	296	23	1
266	298	23	2
190	299	23	2
215	299	23	1
267	299	23	1
236	301	23	1
268	301	23	1
211	302	23	2
239	302	23	3
136	303	23	1
264	303	23	1
212	304	23	1
208	305	23	2
234	305	23	1
264	305	23	1
265	305	23	1
183	306	23	1
206	306	23	2
185	307	23	1
205	307	23	2
206	307	23	1
235	307	23	1
236	307	23	3
240	307	23	1
259	307	23	1
241	308	23	2
266	308	23	1
179	309	23	1
181	309	23	2
182	309	23	1
204	309	23	1
257	309	23	1
261	309	23	1
260	310	23	1
230	311	23	1
240	311	23	1
257	311	23	1
176	312	23	1
237	312	23	1
260	312	23	1
239	313	23	1
258	313	23	2
232	314	23	1
263	314	23	1
245	315	23	1
257	315	23	3
258	315	23	1
259	315	23	1
260	315	23	1
262	315	23	1
265	315	23	1
172	316	23	2
261	316	23	2
264	316	23	1
257	317	23	1
258	317	23	1
265	317	23	2
182	318	23	2
254	318	23	1
257	318	23	2
261	318	23	1
166	319	23	1
241	319	23	1
259	319	23	2
261	319	23	1
183	321	23	2
256	321	23	2
187	322	23	1
236	322	23	1
256	322	23	2
259	322	23	2
182	323	23	1
184	323	23	1
162	324	23	1
260	324	23	3
183	326	23	1
192	326	23	2
194	326	23	2
259	326	23	1
99	327	23	1
184	327	23	1
259	327	23	1
97	328	23	2
199	328	23	3
96	329	23	2
186	329	23	1
259	329	23	2
94	330	23	1
180	330	23	2
184	330	23	3
257	330	23	3
259	330	23	1
102	331	23	2
260	331	23	2
259	333	23	1
192	334	23	2
146	335	23	1
175	336	23	3
260	336	23	1
235	340	23	1
240	342	23	1
242	342	23	4
244	344	23	1
240	345	23	1
242	345	23	1
176	358	23	4
182	221	24	2
181	222	24	3
181	223	24	1
178	224	24	1
156	226	24	1
174	226	24	1
157	227	24	1
160	227	24	1
157	228	24	2
158	229	24	2
151	231	24	2
153	232	24	1
157	233	24	1
135	234	24	2
141	234	24	1
143	234	24	2
146	234	24	1
136	236	24	1
139	236	24	2
144	236	24	2
146	236	24	2
138	237	24	1
150	237	24	4
132	238	24	1
137	238	24	2
143	238	24	3
149	238	24	3
150	238	24	2
132	239	24	2
142	239	24	2
145	239	24	2
148	239	24	2
132	240	24	2
142	240	24	1
145	240	24	1
140	241	24	1
226	242	24	1
132	243	24	1
139	243	24	1
149	243	24	2
137	244	24	1
139	244	24	2
146	244	24	1
147	244	24	1
141	246	24	2
142	246	24	1
227	246	24	2
139	247	24	2
140	247	24	1
215	248	24	1
138	249	24	1
139	249	24	1
140	249	24	1
134	252	24	2
225	252	24	1
141	253	24	1
140	254	24	2
140	255	24	1
143	255	24	2
142	256	24	1
163	256	24	1
194	257	24	1
196	258	24	1
118	260	24	1
196	261	24	1
198	261	24	1
118	262	24	1
124	262	24	1
219	262	24	1
222	262	24	2
223	262	24	2
115	263	24	3
117	263	24	1
120	263	24	1
121	263	24	1
217	263	24	1
221	263	24	1
118	264	24	3
119	264	24	1
163	264	24	2
117	265	24	2
118	265	24	1
120	265	24	1
127	265	24	1
117	266	24	1
119	266	24	1
126	266	24	1
215	266	24	1
123	267	24	3
165	267	24	2
166	268	24	2
210	268	24	2
130	269	24	1
156	269	24	1
165	269	24	1
127	270	24	1
163	270	24	1
184	270	24	1
131	271	24	1
128	272	24	2
166	272	24	2
165	273	24	1
167	273	24	1
177	273	24	4
182	273	24	2
166	274	24	1
169	274	24	2
179	274	24	1
166	275	24	5
167	275	24	6
178	275	24	1
178	276	24	1
181	276	24	2
168	277	24	1
177	277	24	2
178	278	24	2
179	278	24	1
180	278	24	1
170	279	24	1
171	279	24	2
173	279	24	2
179	279	24	1
180	279	24	1
168	280	24	2
174	280	24	1
168	281	24	3
171	281	24	1
173	283	24	3
177	284	24	1
204	285	24	2
276	286	24	1
275	289	24	1
225	290	24	1
270	290	24	1
274	290	24	2
275	290	24	1
197	291	24	1
222	291	24	1
197	293	24	1
237	294	24	3
266	295	24	1
271	295	24	1
191	296	24	2
219	296	24	2
236	297	24	1
266	298	24	1
268	298	24	1
236	299	24	2
237	299	24	1
264	299	24	1
265	299	24	1
189	300	24	1
238	301	24	1
267	301	24	2
240	302	24	1
242	302	24	2
263	302	24	1
266	302	24	1
207	303	24	1
234	303	24	2
186	304	24	1
236	304	24	1
238	304	24	2
259	305	24	3
262	305	24	1
206	306	24	1
238	306	24	1
262	306	24	1
263	306	24	2
266	306	24	2
259	307	24	1
263	307	24	2
209	308	24	2
260	308	24	2
263	308	24	1
264	308	24	2
181	309	24	1
232	309	24	1
237	309	24	1
259	309	24	3
261	309	24	1
263	309	24	1
202	310	24	2
204	310	24	1
240	310	24	1
260	310	24	2
206	311	24	2
231	311	24	5
257	311	24	2
260	311	24	1
200	312	24	2
240	312	24	2
255	312	24	2
263	312	24	1
177	313	24	3
209	313	24	3
203	314	24	1
234	314	24	2
237	314	24	1
257	314	24	2
260	314	24	2
263	314	24	1
171	315	24	1
173	315	24	3
175	315	24	1
177	315	24	1
260	315	24	2
172	316	24	1
167	317	24	2
185	317	24	2
179	318	24	1
253	318	24	3
260	318	24	1
257	319	24	1
261	319	24	2
262	319	24	2
263	319	24	2
182	320	24	1
187	320	24	2
239	320	24	1
164	321	24	1
165	321	24	1
186	321	24	1
238	321	24	1
260	321	24	1
161	324	24	2
186	324	24	1
182	325	24	1
188	325	24	1
258	326	24	3
261	326	24	1
157	327	24	1
183	327	24	1
184	327	24	1
259	328	24	2
99	329	24	2
154	329	24	1
157	329	24	2
183	329	24	1
186	329	24	1
97	330	24	1
101	330	24	1
104	331	24	2
153	331	24	1
180	331	24	1
181	331	24	1
261	331	24	1
97	332	24	1
102	332	24	1
258	333	24	2
259	333	24	1
258	334	24	1
259	334	24	2
146	335	24	1
245	335	24	1
181	336	24	1
258	336	24	1
259	336	24	2
181	359	24	2
179	222	25	2
180	222	25	1
179	223	25	1
181	223	25	2
179	224	25	2
155	228	25	2
157	228	25	2
161	228	25	1
155	229	25	1
159	230	25	1
155	231	25	1
158	231	25	2
161	232	25	1
137	234	25	2
140	234	25	1
152	234	25	2
134	235	25	2
136	235	25	1
140	235	25	1
150	235	25	1
135	236	25	1
134	237	25	1
145	237	25	1
249	237	25	2
131	239	25	2
133	239	25	1
134	239	25	1
135	239	25	2
136	239	25	1
138	239	25	1
134	240	25	1
228	240	25	1
136	241	25	2
226	241	25	3
237	241	25	2
131	243	25	2
134	243	25	1
227	243	25	1
135	244	25	1
133	246	25	2
144	246	25	3
140	247	25	2
139	248	25	2
195	249	25	1
229	249	25	1
138	250	25	1
136	251	25	2
230	251	25	4
136	253	25	1
224	257	25	1
121	258	25	1
225	258	25	1
198	259	25	1
223	260	25	2
118	261	25	2
119	261	25	2
121	261	25	1
199	261	25	2
121	262	25	1
123	262	25	1
119	263	25	1
219	263	25	1
120	264	25	1
126	265	25	2
128	266	25	1
181	271	25	3
175	276	25	1
177	276	25	1
165	277	25	1
170	278	25	1
173	278	25	2
176	278	25	1
177	278	25	1
178	278	25	1
170	279	25	1
177	279	25	2
273	279	25	1
170	280	25	1
274	280	25	2
276	280	25	1
176	281	25	1
172	282	25	1
275	285	25	1
277	287	25	1
270	290	25	1
266	292	25	3
269	296	25	1
266	297	25	1
268	298	25	4
238	299	25	2
237	300	25	2
266	300	25	1
240	301	25	4
262	301	25	1
264	301	25	1
265	301	25	1
237	302	25	1
264	307	25	1
243	308	25	1
230	309	25	1
262	309	25	1
208	310	25	1
260	310	25	1
260	311	25	1
262	311	25	1
230	312	25	2
260	313	25	1
209	314	25	1
232	314	25	2
257	314	25	1
258	314	25	1
262	314	25	1
176	315	25	1
256	316	25	2
261	317	25	1
258	318	25	3
259	318	25	1
256	319	25	1
258	319	25	3
241	320	25	1
257	320	25	1
238	321	25	1
260	322	25	1
239	323	25	2
237	324	25	4
259	324	25	1
258	327	25	1
183	329	25	1
259	331	25	1
153	332	25	1
144	337	25	1
180	221	26	2
180	222	26	1
182	222	26	1
180	223	26	1
179	224	26	3
174	226	26	1
157	228	26	1
157	229	26	1
157	230	26	1
159	230	26	1
160	230	26	1
168	230	26	2
156	231	26	2
157	231	26	1
142	233	26	1
144	233	26	1
142	234	26	2
152	234	26	1
246	234	26	2
145	235	26	1
249	235	26	1
145	236	26	1
248	236	26	1
135	237	26	1
142	237	26	1
133	238	26	2
136	238	26	2
144	238	26	1
134	239	26	1
110	241	26	1
226	241	26	2
101	242	26	1
136	243	26	1
235	243	26	2
134	245	26	2
230	248	26	1
227	250	26	1
125	251	26	1
229	251	26	1
124	252	26	1
123	253	26	2
224	253	26	1
227	253	26	3
124	255	26	3
121	257	26	2
122	257	26	3
120	259	26	3
123	259	26	1
125	266	26	1
123	267	26	1
126	268	26	2
127	268	26	1
121	269	26	1
122	269	26	2
126	269	26	1
122	270	26	1
127	270	26	2
176	275	26	2
178	275	26	2
171	276	26	1
177	276	26	1
178	277	26	3
177	278	26	1
163	279	26	2
172	279	26	1
176	280	26	3
274	280	26	1
169	281	26	1
273	281	26	1
167	282	26	1
275	282	26	2
176	283	26	1
183	288	26	1
268	293	26	2
268	295	26	1
266	297	26	4
235	298	26	2
267	298	26	3
237	306	26	1
237	307	26	1
235	308	26	1
262	309	26	2
209	311	26	1
260	311	26	2
209	312	26	1
257	312	26	3
257	313	26	1
259	313	26	1
211	314	26	3
260	314	26	2
262	314	26	3
211	316	26	3
257	316	26	1
258	316	26	3
263	316	26	1
256	317	26	1
262	317	26	2
258	318	26	1
237	319	26	3
259	319	26	1
239	320	26	1
241	320	26	1
240	322	26	1
238	323	26	1
259	331	26	1
183	221	27	1
179	226	27	1
155	231	27	1
164	231	27	1
161	232	27	1
162	232	27	1
163	232	27	3
164	232	27	1
166	232	27	2
164	233	27	1
144	234	27	1
146	234	27	1
152	234	27	2
153	234	27	3
145	235	27	4
250	235	27	2
136	236	27	2
245	236	27	2
249	236	27	3
250	236	27	1
135	237	27	2
136	237	27	1
138	237	27	1
241	238	27	2
244	238	27	3
246	238	27	1
248	238	27	2
249	238	27	1
132	239	27	1
182	239	27	1
234	239	27	1
236	239	27	1
241	239	27	2
139	240	27	1
242	240	27	1
133	241	27	1
135	241	27	1
226	241	27	2
134	242	27	1
134	243	27	3
250	245	27	3
194	247	27	1
228	249	27	2
193	251	27	2
227	251	27	4
229	251	27	1
226	252	27	2
125	255	27	1
122	256	27	1
121	257	27	1
122	257	27	2
125	257	27	1
122	258	27	2
124	258	27	1
125	267	27	1
119	268	27	2
121	268	27	2
124	268	27	1
123	270	27	2
126	270	27	1
127	270	27	1
128	270	27	1
127	271	27	1
174	276	27	2
173	277	27	3
174	277	27	3
175	278	27	1
172	279	27	1
174	279	27	2
175	279	27	3
176	279	27	2
274	280	27	2
173	281	27	2
175	281	27	1
177	281	27	1
165	282	27	1
173	282	27	2
178	282	27	1
274	282	27	1
177	283	27	1
178	283	27	1
271	283	27	1
272	283	27	3
170	284	27	1
173	284	27	2
274	284	27	3
168	285	27	1
273	285	27	1
178	286	27	1
270	290	27	3
271	291	27	1
177	294	27	1
195	294	27	3
270	294	27	2
192	295	27	1
199	299	27	1
264	302	27	2
233	303	27	1
236	305	27	2
240	308	27	2
201	309	27	4
203	309	27	1
237	309	27	1
230	310	27	2
202	311	27	1
209	311	27	3
259	312	27	2
206	313	27	1
213	313	27	1
208	314	27	1
212	314	27	1
209	315	27	3
210	315	27	2
258	316	27	1
261	317	27	1
239	319	27	2
256	319	27	1
259	319	27	3
240	320	27	1
233	326	27	3
186	357	27	1
183	361	27	1
160	231	28	1
162	231	28	1
163	231	28	2
164	231	28	1
166	231	28	2
167	231	28	1
164	232	28	3
165	232	28	2
156	233	28	1
166	234	28	1
145	235	28	1
153	235	28	1
244	235	28	1
246	235	28	1
250	235	28	2
138	236	28	1
143	236	28	1
248	236	28	2
136	237	28	1
243	237	28	1
249	237	28	1
140	238	28	2
141	238	28	2
147	238	28	2
246	238	28	3
250	238	28	2
144	239	28	1
244	239	28	3
246	239	28	3
134	240	28	1
179	241	28	1
186	241	28	1
227	243	28	1
235	243	28	2
249	243	28	1
189	244	28	1
248	244	28	1
230	245	28	1
231	245	28	1
234	249	28	5
226	250	28	2
229	250	28	3
125	251	28	1
126	251	28	1
123	252	28	3
124	252	28	4
127	252	28	1
126	254	28	1
124	255	28	2
124	256	28	1
128	256	28	3
126	257	28	1
134	257	28	1
121	264	28	3
259	266	28	3
124	267	28	2
127	267	28	1
122	268	28	1
127	270	28	1
121	271	28	1
129	277	28	1
173	277	28	1
128	278	28	3
171	279	28	2
172	279	28	2
175	279	28	2
176	279	28	1
172	280	28	1
177	280	28	2
276	280	28	1
172	281	28	1
174	281	28	1
276	281	28	1
165	282	28	2
172	282	28	1
177	282	28	5
274	282	28	1
165	283	28	1
171	283	28	2
175	284	28	1
176	284	28	1
274	284	28	1
167	285	28	1
168	285	28	3
169	285	28	1
170	285	28	1
179	285	28	3
275	285	28	3
166	287	28	2
271	289	28	1
270	290	28	1
192	292	28	2
193	294	28	1
197	295	28	3
179	299	28	1
232	304	28	1
236	305	28	1
230	306	28	2
232	306	28	1
227	307	28	1
228	307	28	1
207	308	28	1
225	308	28	1
204	310	28	1
222	310	28	1
230	310	28	1
211	311	28	1
247	311	28	2
204	313	28	1
206	313	28	1
211	313	28	1
259	313	28	1
209	315	28	2
210	315	28	1
211	315	28	2
259	315	28	1
240	317	28	1
242	317	28	1
261	317	28	1
239	319	28	1
240	319	28	3
241	319	28	1
240	321	28	2
242	322	28	1
96	327	28	1
94	328	28	4
133	328	28	1
96	332	28	1
218	360	28	2
116	223	29	3
112	226	29	1
160	233	29	1
164	233	29	1
191	236	29	1
250	236	29	2
142	237	29	1
183	237	29	1
249	237	29	1
250	237	29	1
140	238	29	1
250	238	29	1
251	238	29	1
183	239	29	1
178	240	29	1
179	240	29	3
181	240	29	1
182	240	29	1
190	240	29	2
180	241	29	3
185	241	29	1
235	242	29	1
193	243	29	1
234	243	29	1
236	243	29	2
186	244	29	2
235	244	29	1
191	245	29	2
236	246	29	1
193	247	29	2
132	254	29	3
131	257	29	1
132	259	29	1
135	263	29	1
259	266	29	1
259	267	29	1
125	268	29	1
257	268	29	1
261	268	29	2
162	269	29	1
124	271	29	1
129	271	29	3
121	272	29	2
124	272	29	1
125	272	29	3
135	272	29	1
136	272	29	1
137	272	29	1
166	273	29	1
128	274	29	3
138	274	29	2
168	274	29	2
170	275	29	1
174	277	29	2
167	278	29	3
168	278	29	2
169	278	29	1
170	278	29	2
170	279	29	2
175	279	29	1
164	280	29	2
172	280	29	1
175	281	29	1
276	281	29	1
161	282	29	1
162	282	29	1
167	282	29	1
174	282	29	1
175	282	29	3
274	282	29	1
276	282	29	2
165	283	29	2
166	283	29	2
168	283	29	1
174	283	29	2
276	283	29	1
164	284	29	1
166	284	29	1
168	284	29	3
274	284	29	1
275	284	29	1
277	284	29	1
176	285	29	1
275	285	29	2
276	285	29	1
168	286	29	1
169	286	29	1
167	287	29	1
169	287	29	1
270	294	29	2
175	295	29	1
176	295	29	1
183	297	29	1
204	307	29	2
236	307	29	1
199	308	29	2
204	308	29	2
206	308	29	2
211	308	29	1
225	308	29	1
233	308	29	1
203	309	29	1
204	309	29	1
227	309	29	1
229	309	29	2
111	310	29	3
202	311	29	3
206	311	29	1
209	311	29	3
249	311	29	1
204	312	29	3
209	313	29	1
249	314	29	2
212	315	29	1
245	315	29	1
241	316	29	2
255	316	29	2
259	317	29	5
241	318	29	2
243	319	29	1
239	320	29	2
123	325	29	2
126	325	29	3
94	327	29	2
125	327	29	2
127	327	29	1
227	327	29	1
95	328	29	1
130	329	29	2
134	329	29	1
95	330	29	1
97	330	29	1
97	331	29	1
94	332	29	1
95	332	29	1
191	346	29	1
185	360	29	1
187	360	29	2
220	360	29	3
187	361	29	2
112	227	30	1
192	234	30	1
197	235	30	1
179	238	30	1
183	238	30	2
117	239	30	2
172	239	30	1
181	239	30	1
182	239	30	3
186	239	30	2
177	240	30	1
178	240	30	3
184	240	30	1
178	241	30	3
179	241	30	1
183	241	30	1
181	242	30	3
182	242	30	2
189	242	30	2
184	244	30	1
190	244	30	2
190	245	30	2
191	245	30	1
125	255	30	1
127	256	30	1
123	257	30	1
125	257	30	2
250	258	30	1
131	260	30	1
259	266	30	1
127	267	30	3
258	268	30	2
126	269	30	2
259	269	30	1
123	270	30	1
126	270	30	1
168	270	30	1
122	271	30	1
127	271	30	1
138	271	30	1
139	271	30	2
166	271	30	1
124	272	30	1
125	272	30	1
124	273	30	1
168	273	30	2
139	274	30	1
142	274	30	2
167	274	30	1
168	278	30	2
163	279	30	1
164	280	30	1
276	280	30	5
159	281	30	1
165	281	30	2
275	282	30	3
160	283	30	1
163	283	30	2
276	283	30	2
274	284	30	1
165	285	30	1
275	285	30	1
163	286	30	3
162	288	30	1
176	292	30	2
178	294	30	1
177	296	30	1
180	299	30	2
194	305	30	1
194	306	30	1
189	308	30	1
205	308	30	1
190	309	30	1
204	310	30	1
212	310	30	1
249	310	30	3
247	311	30	2
208	312	30	2
225	312	30	1
225	313	30	1
207	314	30	1
210	316	30	1
246	316	30	3
245	317	30	1
213	322	30	1
129	324	30	1
128	325	30	1
96	327	30	1
98	330	30	1
93	331	30	1
97	331	30	1
98	331	30	1
141	331	30	1
95	333	30	1
96	333	30	1
96	334	30	2
186	349	30	1
220	362	30	1
190	232	31	2
174	239	31	1
178	240	31	1
179	240	31	1
185	240	31	2
240	240	31	1
175	241	31	1
178	241	31	1
183	241	31	1
185	241	31	1
187	241	31	3
188	241	31	2
176	242	31	2
172	243	31	1
175	243	31	2
176	243	31	1
185	243	31	2
186	243	31	1
188	243	31	2
190	244	31	4
173	245	31	1
185	245	31	2
186	245	31	2
188	245	31	1
190	245	31	4
174	246	31	1
124	256	31	1
126	256	31	2
127	256	31	1
129	256	31	1
255	259	31	1
256	262	31	1
256	263	31	4
261	264	31	2
258	265	31	1
259	265	31	2
261	265	31	1
257	266	31	2
259	266	31	1
262	266	31	1
127	267	31	1
258	267	31	2
261	267	31	2
125	268	31	3
126	268	31	1
260	268	31	1
127	269	31	1
125	270	31	1
125	271	31	1
135	271	31	2
136	271	31	1
137	271	31	1
163	271	31	1
164	271	31	2
127	272	31	1
135	272	31	3
163	273	31	1
140	274	31	2
143	274	31	1
165	275	31	1
166	275	31	1
146	276	31	1
166	277	31	1
168	277	31	1
259	280	31	1
159	281	31	2
261	281	31	2
276	281	31	2
162	282	31	1
259	282	31	2
167	283	31	1
275	283	31	1
276	283	31	1
166	284	31	1
167	284	31	1
274	284	31	1
276	284	31	1
162	285	31	2
163	285	31	2
165	285	31	1
276	285	31	2
162	286	31	2
163	286	31	2
167	287	31	3
170	292	31	1
172	292	31	1
174	293	31	1
182	298	31	1
198	306	31	1
191	307	31	2
193	307	31	1
197	307	31	2
206	307	31	1
187	308	31	2
188	308	31	1
193	308	31	1
197	308	31	1
190	309	31	3
191	309	31	3
187	310	31	2
197	310	31	2
205	310	31	2
189	311	31	2
245	311	31	1
205	312	31	3
222	312	31	1
190	313	31	1
200	315	31	2
211	315	31	1
236	323	31	1
128	325	31	2
98	326	31	1
93	327	31	1
96	328	31	1
94	329	31	1
94	330	31	1
95	330	31	2
93	331	31	2
96	331	31	1
96	332	31	1
98	332	31	2
96	333	31	1
96	334	31	1
97	334	31	1
174	339	31	1
184	347	31	2
186	349	31	1
188	349	31	3
219	363	31	2
114	225	32	1
112	226	32	1
181	240	32	1
180	241	32	2
185	241	32	1
185	242	32	1
186	242	32	1
187	242	32	1
174	243	32	1
176	243	32	3
183	243	32	1
194	243	32	1
176	244	32	2
178	244	32	1
181	244	32	1
182	244	32	1
189	244	32	1
190	244	32	2
181	245	32	1
188	245	32	1
250	255	32	1
134	257	32	1
147	257	32	3
254	257	32	1
253	258	32	1
133	259	32	1
134	259	32	2
157	259	32	1
256	259	32	1
128	260	32	1
168	260	32	3
256	261	32	2
130	263	32	1
126	265	32	1
128	265	32	2
258	265	32	1
261	265	32	2
262	265	32	2
124	267	32	1
129	267	32	2
259	267	32	2
261	267	32	1
126	268	32	2
165	268	32	1
260	268	32	1
261	268	32	1
124	269	32	1
126	269	32	1
129	269	32	1
130	269	32	1
259	269	32	1
263	270	32	1
124	271	32	1
139	272	32	2
166	272	32	1
140	273	32	1
165	274	32	1
167	274	32	2
141	275	32	3
164	276	32	1
157	277	32	1
260	277	32	1
158	279	32	4
159	279	32	1
261	280	32	1
275	281	32	1
164	282	32	1
262	282	32	2
163	283	32	2
165	283	32	2
167	284	32	1
162	287	32	2
163	287	32	1
167	287	32	2
167	288	32	2
166	289	32	1
167	289	32	1
165	295	32	1
177	298	32	1
118	303	32	3
116	304	32	1
118	304	32	1
114	307	32	1
114	308	32	1
195	308	32	2
210	309	32	1
258	309	32	1
113	310	32	1
202	310	32	3
111	311	32	1
190	311	32	1
195	311	32	2
207	311	32	1
210	311	32	3
246	311	32	1
193	312	32	1
199	312	32	2
201	312	32	1
203	312	32	2
246	312	32	2
112	313	32	1
200	313	32	1
212	313	32	2
225	313	32	2
223	315	32	1
245	315	32	2
197	316	32	2
243	317	32	3
207	319	32	2
246	319	32	2
201	320	32	1
211	320	32	2
212	320	32	2
209	321	32	2
242	321	32	2
99	327	32	3
97	328	32	2
95	330	32	1
97	330	32	1
94	331	32	1
99	333	32	2
204	333	32	2
187	345	32	1
189	347	32	1
187	348	32	1
177	359	32	3
179	360	32	1
115	224	33	1
114	227	33	2
114	228	33	2
176	242	33	1
175	243	33	1
181	244	33	3
188	244	33	3
194	244	33	2
185	245	33	1
190	245	33	1
200	246	33	2
210	246	33	1
134	253	33	1
135	254	33	2
134	255	33	1
131	257	33	2
147	257	33	3
254	258	33	1
258	259	33	2
132	260	33	1
255	260	33	1
257	260	33	1
128	261	33	2
130	262	33	2
158	262	33	1
164	262	33	2
130	263	33	1
169	263	33	2
127	264	33	1
130	264	33	1
157	264	33	2
257	265	33	1
126	266	33	2
128	266	33	1
129	266	33	1
266	266	33	2
261	267	33	1
264	267	33	1
266	267	33	1
125	268	33	2
128	268	33	1
157	268	33	2
124	269	33	1
129	269	33	2
130	269	33	1
263	269	33	2
264	269	33	1
125	270	33	2
263	270	33	3
266	270	33	2
127	271	33	1
263	271	33	2
261	272	33	2
157	273	33	2
262	273	33	2
162	275	33	1
164	275	33	1
263	275	33	2
158	276	33	1
159	276	33	1
261	276	33	1
164	277	33	1
163	278	33	1
164	278	33	1
262	279	33	2
152	280	33	1
163	281	33	3
162	282	33	1
160	283	33	1
162	283	33	2
165	283	33	1
161	284	33	2
164	284	33	1
124	285	33	1
164	285	33	3
160	286	33	3
161	286	33	1
162	286	33	2
162	287	33	2
166	287	33	1
161	291	33	2
125	292	33	1
121	293	33	2
118	298	33	2
169	299	33	2
121	300	33	2
117	301	33	1
118	303	33	2
194	304	33	4
195	306	33	2
115	307	33	1
183	307	33	1
195	307	33	2
116	308	33	2
198	308	33	2
185	309	33	1
186	309	33	1
191	309	33	1
195	309	33	2
197	309	33	2
191	310	33	2
208	310	33	1
115	311	33	1
186	311	33	1
187	311	33	1
191	311	33	1
196	311	33	1
206	311	33	1
192	312	33	1
196	312	33	3
111	313	33	2
112	313	33	1
113	313	33	1
248	313	33	3
111	314	33	1
207	314	33	3
209	314	33	1
245	314	33	1
247	315	33	1
121	316	33	2
249	316	33	1
119	318	33	3
198	318	33	2
243	318	33	1
246	318	33	1
199	319	33	1
203	319	33	1
206	319	33	1
201	321	33	2
236	321	33	1
126	323	33	1
239	323	33	1
95	329	33	1
92	330	33	2
196	331	33	2
199	332	33	1
198	333	33	1
203	333	33	2
205	333	33	2
205	334	33	3
217	339	33	4
193	341	33	2
212	344	33	1
206	345	33	1
187	346	33	1
208	346	33	1
182	348	33	1
187	348	33	2
188	348	33	3
197	348	33	1
210	348	33	1
186	349	33	1
207	349	33	1
208	349	33	1
209	349	33	2
210	349	33	2
180	350	33	2
187	350	33	1
184	351	33	1
177	352	33	1
181	352	33	3
184	352	33	1
211	352	33	1
177	353	33	1
178	354	33	2
177	355	33	1
177	360	33	1
178	360	33	2
113	225	34	2
116	225	34	2
114	227	34	1
139	234	34	3
136	237	34	1
137	237	34	1
139	239	34	1
140	240	34	2
174	240	34	3
174	243	34	2
176	243	34	1
176	244	34	1
190	244	34	1
212	247	34	2
134	250	34	2
130	252	34	2
135	252	34	2
134	253	34	3
136	254	34	1
131	255	34	1
139	256	34	1
252	257	34	1
131	258	34	3
137	258	34	1
148	258	34	1
252	258	34	1
133	259	34	1
147	259	34	1
151	259	34	1
131	261	34	1
167	261	34	1
159	262	34	2
126	263	34	1
127	263	34	3
129	263	34	2
130	263	34	2
261	264	34	1
130	267	34	1
154	267	34	2
158	267	34	1
262	267	34	1
264	267	34	2
266	267	34	2
128	268	34	1
129	269	34	2
264	269	34	2
154	270	34	2
265	270	34	1
163	271	34	1
166	271	34	1
157	272	34	1
162	272	34	2
163	272	34	2
166	272	34	2
260	272	34	1
161	273	34	2
139	274	34	2
165	274	34	1
260	274	34	1
144	275	34	1
166	275	34	1
158	276	34	1
165	277	34	4
163	278	34	3
263	278	34	1
161	279	34	1
163	279	34	1
164	279	34	1
262	279	34	2
262	281	34	1
259	282	34	1
157	283	34	1
162	283	34	2
165	283	34	3
262	283	34	1
159	284	34	2
124	287	34	1
125	289	34	1
120	294	34	1
164	294	34	2
165	294	34	2
166	294	34	3
120	296	34	1
121	296	34	1
120	297	34	2
172	300	34	1
118	301	34	1
119	301	34	1
173	301	34	1
118	302	34	2
121	302	34	1
248	302	34	2
119	304	34	2
114	305	34	2
140	306	34	2
182	306	34	1
183	308	34	1
190	308	34	1
191	308	34	2
116	309	34	1
186	309	34	2
187	309	34	1
193	309	34	1
248	309	34	1
185	310	34	2
187	310	34	2
191	310	34	1
200	310	34	1
112	311	34	2
115	311	34	2
192	311	34	1
248	311	34	1
249	311	34	1
252	311	34	1
115	312	34	3
116	312	34	2
194	312	34	2
198	312	34	2
247	312	34	1
109	313	34	1
198	313	34	2
205	313	34	2
124	317	34	1
242	317	34	1
245	317	34	3
123	318	34	2
245	318	34	2
120	319	34	1
241	319	34	2
243	320	34	1
198	321	34	1
201	321	34	2
127	322	34	3
131	322	34	2
200	322	34	5
238	323	34	1
236	324	34	1
242	324	34	1
94	327	34	1
94	328	34	1
98	328	34	2
188	328	34	1
96	329	34	2
100	330	34	1
96	331	34	1
186	331	34	4
189	331	34	2
101	332	34	1
126	333	34	1
194	333	34	1
199	333	34	3
193	334	34	1
197	334	34	1
192	335	34	2
193	335	34	3
194	335	34	2
217	336	34	1
194	337	34	1
191	340	34	2
211	340	34	2
195	341	34	2
212	341	34	2
192	344	34	3
201	344	34	1
205	345	34	2
213	345	34	1
205	346	34	1
214	346	34	1
195	347	34	2
208	347	34	3
213	347	34	1
214	347	34	1
185	348	34	1
186	348	34	1
207	348	34	2
215	348	34	1
188	349	34	1
198	349	34	1
180	351	34	1
185	351	34	1
179	352	34	1
181	352	34	1
187	352	34	1
198	352	34	1
200	352	34	2
201	352	34	1
204	352	34	1
207	352	34	1
213	352	34	1
205	353	34	2
207	353	34	4
187	354	34	2
206	354	34	2
177	357	34	1
181	358	34	1
180	360	34	1
218	362	34	1
117	226	35	1
113	227	35	2
112	228	35	1
117	230	35	2
123	232	35	2
121	234	35	1
125	235	35	2
139	237	35	1
129	238	35	2
139	238	35	1
143	240	35	2
140	241	35	1
140	242	35	1
172	244	35	1
207	244	35	2
175	246	35	1
210	246	35	1
130	252	35	1
133	252	35	1
134	252	35	1
135	253	35	2
137	254	35	2
131	255	35	1
135	255	35	2
138	255	35	2
134	256	35	1
129	257	35	1
130	257	35	1
136	257	35	2
130	258	35	1
136	259	35	1
258	259	35	1
127	260	35	2
149	260	35	1
131	261	35	2
132	261	35	1
256	261	35	1
126	262	35	2
160	262	35	1
128	263	35	3
132	263	35	1
128	264	35	1
146	264	35	2
157	264	35	1
265	264	35	1
157	265	35	1
262	265	35	2
264	265	35	2
265	266	35	5
266	266	35	1
130	269	35	1
135	271	35	1
264	271	35	1
141	272	35	1
158	272	35	1
159	272	35	4
160	272	35	1
163	272	35	1
255	272	35	1
142	273	35	1
143	273	35	1
159	273	35	1
164	273	35	1
140	274	35	1
146	274	35	1
159	274	35	1
161	274	35	2
162	274	35	4
163	274	35	1
166	274	35	2
258	274	35	1
160	275	35	3
161	275	35	1
162	276	35	1
163	276	35	2
166	276	35	1
260	276	35	1
145	277	35	1
262	277	35	2
149	278	35	1
161	278	35	2
162	278	35	2
159	279	35	1
125	280	35	1
164	280	35	3
125	282	35	3
158	282	35	4
261	282	35	2
262	282	35	1
161	283	35	1
159	284	35	1
123	285	35	1
146	285	35	2
160	285	35	1
123	286	35	1
125	286	35	1
125	289	35	1
123	290	35	3
124	290	35	3
160	294	35	3
162	294	35	1
124	295	35	2
122	297	35	2
167	297	35	2
122	298	35	2
121	299	35	3
171	299	35	1
247	299	35	1
118	300	35	2
120	300	35	2
169	300	35	1
173	300	35	1
174	300	35	1
249	301	35	1
121	303	35	1
118	304	35	1
119	304	35	1
175	304	35	1
176	304	35	2
121	305	35	1
117	306	35	3
120	306	35	1
120	307	35	1
176	307	35	1
114	308	35	1
115	308	35	2
181	308	35	1
187	308	35	2
188	308	35	1
189	308	35	1
114	309	35	2
186	309	35	2
188	309	35	1
196	309	35	1
245	309	35	2
116	310	35	2
190	310	35	1
114	311	35	1
190	311	35	2
191	311	35	1
192	311	35	2
196	311	35	1
198	311	35	1
250	311	35	1
114	312	35	1
116	312	35	1
248	312	35	2
111	313	35	2
195	313	35	1
245	315	35	1
108	316	35	1
124	316	35	3
244	316	35	1
110	317	35	1
244	317	35	1
122	319	35	1
202	319	35	1
242	319	35	1
124	320	35	2
241	320	35	1
132	321	35	1
133	321	35	2
201	321	35	1
239	321	35	1
240	321	35	3
199	322	35	2
238	323	35	2
236	324	35	1
240	324	35	2
131	325	35	1
132	325	35	1
134	325	35	2
234	325	35	3
239	325	35	1
242	325	35	1
236	326	35	1
235	327	35	1
96	328	35	1
96	329	35	1
200	331	35	1
192	334	35	2
195	334	35	1
196	335	35	3
195	336	35	1
198	336	35	1
192	337	35	2
213	339	35	2
216	339	35	1
189	341	35	1
210	342	35	2
193	343	35	1
199	345	35	1
189	346	35	1
206	346	35	2
211	346	35	1
186	347	35	1
187	347	35	4
211	347	35	2
190	348	35	1
195	348	35	1
192	349	35	1
213	349	35	3
215	349	35	2
212	350	35	1
207	351	35	1
212	351	35	3
213	351	35	1
180	352	35	2
191	352	35	1
208	352	35	1
211	352	35	1
181	353	35	2
194	353	35	2
199	353	35	2
207	353	35	2
210	353	35	1
182	354	35	1
194	354	35	1
202	354	35	3
208	354	35	1
178	355	35	1
181	355	35	1
204	355	35	1
205	355	35	2
207	355	35	2
206	356	35	1
176	357	35	2
113	227	36	2
125	235	36	2
136	236	36	1
138	236	36	5
139	237	36	1
140	238	36	4
138	239	36	1
139	239	36	1
136	240	36	1
138	240	36	2
141	240	36	1
141	241	36	3
136	242	36	2
140	242	36	1
170	242	36	2
174	244	36	1
171	245	36	3
132	250	36	1
134	250	36	3
137	252	36	1
131	253	36	1
136	253	36	2
137	253	36	1
141	254	36	2
144	254	36	1
132	255	36	1
136	255	36	2
130	256	36	1
132	256	36	1
129	257	36	1
130	258	36	1
131	258	36	1
253	258	36	1
252	259	36	1
255	259	36	2
128	260	36	1
127	261	36	1
128	261	36	1
265	261	36	3
127	263	36	1
128	263	36	1
129	263	36	1
262	263	36	1
265	263	36	1
126	264	36	3
130	264	36	1
146	264	36	1
155	264	36	1
263	264	36	1
129	265	36	1
262	265	36	1
265	265	36	3
140	266	36	1
264	266	36	1
146	267	36	1
136	269	36	4
157	270	36	2
157	271	36	1
143	273	36	1
160	273	36	1
163	273	36	1
260	273	36	3
161	274	36	1
257	274	36	1
138	275	36	2
139	275	36	2
162	275	36	1
261	275	36	1
163	276	36	1
260	276	36	1
158	277	36	1
163	277	36	1
164	278	36	2
161	279	36	2
262	279	36	2
126	280	36	3
259	280	36	2
262	281	36	1
126	282	36	1
149	282	36	1
261	282	36	1
262	282	36	2
125	283	36	1
127	283	36	1
258	283	36	2
259	283	36	1
124	285	36	1
126	285	36	1
124	286	36	1
127	286	36	1
158	286	36	2
159	286	36	1
160	286	36	2
145	288	36	1
152	288	36	2
154	288	36	3
124	289	36	1
124	290	36	4
147	290	36	1
126	292	36	1
120	295	36	2
124	295	36	2
257	295	36	2
165	297	36	1
171	298	36	1
172	298	36	1
259	298	36	3
119	300	36	1
171	300	36	1
174	300	36	1
175	300	36	1
176	300	36	1
121	301	36	1
172	301	36	1
174	301	36	1
175	301	36	1
176	301	36	1
117	302	36	1
177	302	36	1
248	302	36	1
120	303	36	1
175	303	36	1
179	303	36	1
114	304	36	2
115	304	36	1
118	305	36	1
116	306	36	3
113	307	36	1
112	308	36	1
113	308	36	1
117	308	36	1
115	309	36	1
186	309	36	1
114	310	36	2
185	310	36	1
189	310	36	2
248	310	36	2
110	311	36	1
194	311	36	2
196	311	36	1
250	311	36	1
252	311	36	2
110	312	36	1
190	312	36	2
191	312	36	3
109	313	36	1
110	313	36	1
108	315	36	1
112	315	36	1
122	315	36	1
259	317	36	1
151	318	36	1
114	319	36	1
228	320	36	3
129	322	36	1
186	324	36	1
240	324	36	1
234	325	36	2
235	325	36	3
126	326	36	1
233	326	36	1
94	327	36	3
96	327	36	1
233	327	36	1
97	328	36	1
183	332	36	2
184	332	36	3
151	333	36	1
182	333	36	2
185	333	36	1
186	335	36	1
201	335	36	2
148	337	36	3
194	337	36	2
198	337	36	1
199	337	36	2
150	338	36	1
213	338	36	1
211	339	36	1
209	340	36	1
210	340	36	1
213	340	36	1
189	343	36	2
200	344	36	2
189	346	36	2
197	348	36	1
213	348	36	2
209	349	36	1
184	350	36	2
187	350	36	1
211	350	36	1
185	352	36	3
210	352	36	1
213	352	36	1
215	352	36	1
185	353	36	1
207	353	36	2
211	353	36	1
182	354	36	1
203	355	36	1
207	355	36	4
208	355	36	1
210	355	36	1
182	356	36	2
183	356	36	1
177	357	36	1
179	357	36	3
205	357	36	1
207	357	36	4
179	358	36	2
177	359	36	1
203	361	36	2
123	225	37	1
126	226	37	2
122	229	37	1
124	230	37	1
116	232	37	1
124	232	37	1
172	232	37	1
123	233	37	1
127	233	37	3
128	233	37	2
124	234	37	2
125	234	37	1
126	234	37	3
127	235	37	2
134	235	37	1
129	236	37	1
134	236	37	2
118	237	37	1
138	237	37	1
143	237	37	1
138	238	37	1
140	238	37	1
144	238	37	1
135	239	37	1
139	239	37	1
167	239	37	1
166	240	37	2
167	241	37	2
173	241	37	1
136	242	37	1
124	243	37	2
138	243	37	1
173	243	37	1
126	244	37	1
169	244	37	2
171	244	37	1
172	244	37	1
173	245	37	2
175	245	37	2
174	247	37	1
137	252	37	1
133	253	37	1
139	253	37	1
140	253	37	1
141	253	37	2
145	253	37	1
148	253	37	2
132	254	37	1
144	254	37	1
133	255	37	1
141	255	37	1
146	255	37	1
131	256	37	2
132	256	37	1
134	256	37	2
132	257	37	1
129	258	37	1
208	258	37	2
130	260	37	1
132	260	37	1
133	260	37	3
134	260	37	2
209	260	37	1
244	260	37	2
133	261	37	1
129	262	37	1
133	262	37	1
159	262	37	1
261	262	37	2
128	263	37	1
131	263	37	2
133	263	37	2
140	263	37	1
148	263	37	2
263	263	37	1
131	264	37	1
143	264	37	2
144	264	37	2
144	265	37	1
155	265	37	1
147	266	37	1
128	268	37	1
154	268	37	3
145	269	37	2
162	269	37	1
150	270	37	1
158	271	37	1
162	272	37	1
249	272	37	1
251	272	37	1
254	272	37	2
161	273	37	1
132	274	37	2
160	274	37	1
164	274	37	2
145	275	37	1
160	276	37	1
146	278	37	1
163	278	37	1
162	279	37	2
162	280	37	1
258	280	37	1
127	281	37	1
129	281	37	2
161	281	37	2
258	281	37	1
161	282	37	1
125	283	37	1
128	283	37	1
161	283	37	1
125	285	37	1
126	286	37	2
146	286	37	1
126	287	37	1
152	288	37	2
155	288	37	1
262	292	37	1
121	293	37	1
159	293	37	1
259	293	37	2
254	294	37	2
259	294	37	2
260	297	37	2
168	299	37	2
172	300	37	1
174	300	37	1
175	300	37	1
173	301	37	1
175	301	37	3
176	301	37	1
177	301	37	1
250	301	37	1
172	302	37	1
180	302	37	1
250	302	37	1
174	303	37	1
176	303	37	1
115	304	37	1
121	304	37	1
116	306	37	3
114	308	37	2
116	308	37	1
183	308	37	3
112	310	37	3
132	311	37	2
191	312	37	2
194	312	37	2
112	313	37	1
119	314	37	1
121	314	37	1
196	314	37	2
149	315	37	1
150	315	37	2
118	316	37	1
121	316	37	1
152	316	37	1
256	316	37	1
121	317	37	2
117	318	37	1
119	318	37	1
140	318	37	2
146	318	37	4
152	318	37	1
153	318	37	1
115	319	37	1
116	319	37	3
146	319	37	1
143	321	37	2
137	322	37	2
138	324	37	2
192	324	37	1
238	324	37	2
239	324	37	1
242	324	37	1
188	327	37	1
148	331	37	1
221	331	37	1
181	332	37	1
185	332	37	2
181	333	37	1
185	334	37	2
195	335	37	1
175	339	37	1
212	339	37	2
208	341	37	1
210	342	37	2
197	343	37	1
199	345	37	3
189	346	37	3
203	346	37	1
214	347	37	1
209	348	37	2
212	348	37	1
188	349	37	2
210	349	37	1
212	349	37	1
210	350	37	1
211	350	37	2
214	351	37	1
186	352	37	1
215	352	37	1
186	353	37	2
213	353	37	1
205	354	37	2
207	356	37	3
205	357	37	2
208	357	37	1
180	358	37	1
206	358	37	2
114	218	38	2
112	220	38	2
113	220	38	1
125	223	38	2
123	225	38	2
125	225	38	1
126	227	38	2
126	230	38	1
174	230	38	1
140	231	38	2
122	232	38	1
138	232	38	1
117	233	38	2
127	233	38	1
136	233	38	4
169	233	38	1
129	234	38	1
134	234	38	2
170	234	38	1
117	235	38	2
136	235	38	1
139	235	38	1
197	235	38	3
119	236	38	1
134	236	38	1
138	236	38	1
144	238	38	2
197	238	38	1
137	239	38	1
166	239	38	1
168	239	38	2
138	240	38	1
163	240	38	1
164	240	38	4
166	240	38	1
167	240	38	1
200	240	38	1
138	241	38	2
143	241	38	1
165	241	38	2
199	241	38	1
126	242	38	1
166	242	38	1
167	242	38	1
171	242	38	1
136	243	38	1
138	243	38	1
140	243	38	1
143	243	38	1
168	243	38	1
174	243	38	1
135	244	38	2
140	244	38	1
172	244	38	2
173	244	38	1
125	245	38	2
167	245	38	1
168	245	38	1
169	245	38	2
171	245	38	2
172	245	38	1
169	246	38	1
170	246	38	1
173	246	38	2
175	246	38	2
140	248	38	1
169	248	38	1
140	249	38	4
137	250	38	2
137	252	38	1
142	252	38	1
170	252	38	2
236	252	38	2
147	253	38	1
148	253	38	2
151	253	38	1
134	254	38	1
135	254	38	1
141	254	38	1
143	254	38	1
152	254	38	1
138	255	38	1
139	255	38	2
143	255	38	1
144	255	38	3
169	255	38	1
132	256	38	2
136	256	38	1
142	256	38	1
135	258	38	1
166	258	38	1
207	258	38	2
250	258	38	1
132	259	38	1
206	259	38	1
207	259	38	3
252	259	38	2
130	260	38	2
142	260	38	4
143	260	38	2
144	260	38	1
168	260	38	1
263	260	38	1
130	261	38	1
146	261	38	2
149	261	38	2
260	261	38	2
264	261	38	1
140	262	38	1
142	262	38	4
143	262	38	2
149	262	38	1
151	262	38	1
128	263	38	2
144	263	38	2
154	263	38	2
164	263	38	2
167	263	38	1
260	263	38	2
129	264	38	2
131	264	38	1
147	264	38	1
152	264	38	1
163	264	38	1
146	265	38	1
154	265	38	1
151	266	38	2
152	266	38	1
154	266	38	1
143	267	38	2
149	267	38	2
143	268	38	1
146	268	38	1
152	268	38	1
261	268	38	2
136	269	38	1
142	270	38	1
137	271	38	1
140	271	38	1
141	271	38	1
132	272	38	2
133	272	38	2
137	272	38	2
140	272	38	1
142	272	38	4
145	272	38	2
253	272	38	2
254	272	38	2
136	273	38	1
145	273	38	3
134	274	38	1
143	274	38	1
250	274	38	1
251	274	38	1
129	275	38	1
134	276	38	2
147	276	38	1
140	277	38	1
143	277	38	1
152	277	38	3
161	277	38	1
160	278	38	1
140	280	38	1
129	281	38	1
141	281	38	2
129	282	38	3
160	283	38	4
125	284	38	1
140	284	38	1
159	284	38	1
127	285	38	1
129	285	38	1
149	285	38	1
153	286	38	1
126	288	38	4
154	288	38	1
155	288	38	1
156	288	38	1
257	291	38	2
154	292	38	1
253	293	38	2
258	294	38	1
155	295	38	1
254	295	38	3
157	296	38	1
121	297	38	1
259	297	38	2
170	298	38	1
172	298	38	1
259	298	38	1
121	300	38	2
173	300	38	1
179	300	38	1
170	301	38	1
178	302	38	1
125	303	38	1
260	303	38	2
177	304	38	1
182	304	38	1
261	304	38	1
115	306	38	2
114	307	38	1
257	307	38	2
254	309	38	1
259	310	38	1
260	310	38	1
122	314	38	3
119	315	38	2
122	315	38	2
137	315	38	1
118	316	38	2
119	316	38	2
145	316	38	1
114	317	38	1
115	317	38	1
117	317	38	1
153	317	38	2
119	318	38	2
121	318	38	3
151	318	38	2
136	319	38	1
142	319	38	4
116	320	38	3
138	320	38	2
140	320	38	2
147	320	38	2
150	320	38	1
143	322	38	2
144	322	38	1
137	323	38	2
239	324	38	1
241	324	38	1
242	324	38	2
235	325	38	3
237	325	38	1
242	325	38	2
242	326	38	1
240	328	38	1
157	329	38	2
237	329	38	2
219	331	38	3
159	332	38	1
191	332	38	2
147	333	38	2
150	333	38	1
188	333	38	1
179	334	38	1
183	334	38	1
189	334	38	1
148	335	38	1
181	335	38	2
210	339	38	1
211	339	38	2
215	339	38	1
211	341	38	1
191	343	38	2
199	344	38	4
209	344	38	1
192	345	38	2
197	345	38	2
212	345	38	2
188	346	38	2
189	346	38	1
248	346	38	1
211	347	38	2
214	347	38	1
215	347	38	1
247	347	38	2
248	347	38	1
190	348	38	1
211	349	38	1
210	351	38	1
216	351	38	1
215	353	38	1
180	354	38	1
209	354	38	1
208	355	38	3
211	355	38	1
177	356	38	2
180	356	38	2
174	357	38	1
176	357	38	1
178	357	38	1
205	358	38	2
207	358	38	1
192	361	38	2
195	361	38	2
191	362	38	1
193	364	38	1
115	218	39	1
113	219	39	1
114	219	39	1
112	220	39	2
113	220	39	1
119	223	39	2
120	224	39	1
126	226	39	1
136	226	39	2
146	226	39	2
134	228	39	2
147	228	39	1
149	228	39	2
175	228	39	3
136	229	39	1
138	229	39	1
144	229	39	2
123	230	39	2
138	230	39	3
145	230	39	3
121	231	39	1
135	232	39	1
128	233	39	2
194	233	39	2
201	233	39	2
137	234	39	1
195	234	39	2
202	234	39	3
119	235	39	2
137	235	39	2
140	235	39	1
154	235	39	1
168	235	39	1
136	236	39	3
137	236	39	3
142	236	39	2
167	236	39	2
195	236	39	1
118	237	39	1
120	237	39	1
138	237	39	1
139	237	39	2
140	237	39	1
144	237	39	1
161	237	39	2
168	237	39	2
199	237	39	1
200	237	39	1
116	238	39	2
143	238	39	1
145	238	39	1
199	238	39	2
201	238	39	1
161	239	39	5
162	239	39	1
164	239	39	2
127	240	39	3
135	240	39	1
139	240	39	1
144	240	39	2
163	240	39	1
166	240	39	2
196	240	39	1
197	240	39	1
125	241	39	3
128	241	39	1
137	241	39	1
168	241	39	1
169	241	39	2
126	242	39	1
171	242	39	1
125	243	39	1
128	243	39	2
129	243	39	1
131	243	39	1
133	243	39	1
134	243	39	2
166	243	39	2
171	243	39	2
174	243	39	1
124	244	39	1
125	244	39	1
139	244	39	1
140	244	39	2
142	244	39	1
175	245	39	1
177	245	39	2
127	246	39	1
141	246	39	4
172	246	39	1
174	247	39	3
178	247	39	1
173	248	39	1
133	249	39	2
134	249	39	1
136	249	39	2
136	251	39	1
136	252	39	1
237	252	39	1
126	253	39	3
127	253	39	2
135	253	39	1
136	253	39	4
141	253	39	1
168	253	39	4
169	253	39	1
247	253	39	1
124	254	39	1
132	254	39	1
151	254	39	3
153	254	39	1
154	254	39	3
168	254	39	3
236	254	39	2
136	255	39	1
155	255	39	1
153	256	39	1
155	256	39	1
136	257	39	1
138	257	39	1
147	258	39	2
151	258	39	1
155	258	39	1
168	258	39	3
208	258	39	1
132	259	39	1
134	259	39	4
136	259	39	1
138	259	39	1
149	259	39	1
211	259	39	1
252	259	39	1
255	259	39	1
133	260	39	1
138	260	39	1
149	260	39	4
159	260	39	1
256	260	39	1
141	261	39	1
142	261	39	1
148	261	39	1
152	261	39	1
166	261	39	2
167	261	39	2
205	261	39	1
252	261	39	3
254	261	39	2
132	262	39	1
143	262	39	2
156	262	39	1
231	262	39	2
250	262	39	1
261	262	39	1
132	263	39	1
146	263	39	1
152	263	39	4
153	263	39	1
154	263	39	1
158	263	39	1
167	263	39	1
263	263	39	5
131	264	39	1
142	264	39	1
151	264	39	2
152	264	39	3
153	264	39	3
155	264	39	3
165	264	39	1
263	264	39	1
129	265	39	3
153	265	39	1
155	265	39	1
167	265	39	1
145	266	39	3
153	266	39	1
256	267	39	2
131	268	39	2
135	268	39	1
147	268	39	3
167	268	39	1
259	268	39	2
132	269	39	1
136	269	39	1
143	269	39	1
144	269	39	1
151	269	39	2
152	269	39	2
132	270	39	2
134	270	39	1
142	270	39	1
146	270	39	1
245	270	39	2
141	271	39	2
145	271	39	2
247	271	39	1
134	272	39	1
135	272	39	1
143	272	39	1
147	272	39	1
166	272	39	3
227	272	39	1
134	273	39	1
146	273	39	1
132	274	39	1
142	274	39	2
143	274	39	1
144	274	39	3
146	274	39	1
148	274	39	1
162	274	39	1
129	275	39	2
130	275	39	1
133	275	39	1
134	275	39	1
136	275	39	2
146	275	39	3
133	276	39	1
142	276	39	1
148	276	39	2
164	276	39	1
233	276	39	1
131	277	39	1
144	277	39	1
149	277	39	1
138	278	39	2
147	278	39	1
148	278	39	1
162	278	39	2
164	278	39	2
128	279	39	2
142	279	39	2
145	279	39	2
148	279	39	1
149	279	39	1
152	279	39	2
163	279	39	1
135	280	39	1
138	281	39	2
141	281	39	1
151	281	39	2
127	282	39	2
128	282	39	1
133	282	39	1
136	282	39	1
138	282	39	1
160	282	39	1
127	283	39	1
130	283	39	1
133	283	39	1
142	283	39	2
136	284	39	1
138	284	39	1
142	284	39	1
134	285	39	1
139	285	39	1
141	285	39	2
173	286	39	1
132	287	39	1
134	287	39	2
154	287	39	1
134	288	39	2
136	288	39	5
157	288	39	1
155	290	39	1
158	290	39	2
254	290	39	1
257	290	39	2
154	291	39	2
134	293	39	1
139	293	39	1
253	293	39	1
159	295	39	1
161	295	39	1
170	295	39	2
131	296	39	1
174	296	39	1
121	297	39	2
133	297	39	3
171	297	39	2
248	297	39	1
250	297	39	1
165	298	39	2
171	298	39	1
253	298	39	1
261	298	39	2
167	299	39	1
171	299	39	1
249	299	39	1
165	300	39	1
168	300	39	1
260	300	39	2
261	300	39	1
120	301	39	2
172	301	39	1
176	301	39	1
177	301	39	1
131	302	39	1
173	302	39	2
175	302	39	2
178	302	39	2
180	302	39	1
124	303	39	3
174	303	39	1
177	303	39	2
178	303	39	1
126	304	39	1
172	304	39	2
175	304	39	3
177	304	39	1
178	304	39	1
180	304	39	1
259	304	39	2
176	305	39	3
177	305	39	3
182	305	39	2
259	305	39	2
126	306	39	2
128	306	39	4
177	306	39	1
179	306	39	1
126	307	39	2
125	308	39	1
124	311	39	2
138	314	39	1
147	314	39	3
120	316	39	2
146	316	39	1
149	316	39	3
119	317	39	1
141	317	39	2
114	318	39	1
115	318	39	1
139	318	39	3
146	318	39	3
136	319	39	3
139	319	39	2
117	320	39	2
140	320	39	1
146	320	39	1
181	320	39	2
149	321	39	3
140	322	39	1
177	322	39	1
181	324	39	3
239	327	39	1
242	328	39	1
153	330	39	1
189	330	39	2
149	331	39	1
153	331	39	1
181	331	39	1
218	331	39	1
219	331	39	1
221	331	39	4
153	332	39	1
157	332	39	3
179	332	39	2
187	332	39	4
191	332	39	1
219	332	39	1
152	333	39	1
161	333	39	2
178	333	39	1
183	333	39	1
193	333	39	4
219	333	39	2
151	334	39	1
160	334	39	3
183	334	39	1
195	335	39	1
154	336	39	2
214	336	39	3
242	336	39	1
152	338	39	1
217	338	39	3
214	339	39	3
215	340	39	1
211	341	39	1
214	341	39	1
215	341	39	2
208	343	39	5
191	344	39	1
208	344	39	1
211	344	39	1
192	345	39	1
202	345	39	2
191	346	39	2
208	346	39	2
209	346	39	2
247	346	39	3
248	346	39	1
190	347	39	1
248	347	39	2
194	348	39	2
208	349	39	1
209	349	39	1
217	349	39	2
213	352	39	2
206	354	39	1
211	354	39	2
214	354	39	1
177	355	39	1
214	355	39	4
176	357	39	2
177	357	39	2
205	357	39	1
212	358	39	1
191	361	39	1
192	361	39	1
195	361	39	3
201	362	39	1
205	362	39	2
191	363	39	1
195	363	39	1
192	364	39	5
114	218	40	2
113	219	40	2
112	220	40	1
113	220	40	1
111	221	40	2
121	222	40	1
118	224	40	2
120	224	40	3
144	225	40	1
136	226	40	3
138	227	40	1
142	229	40	1
137	230	40	1
138	230	40	2
137	231	40	2
141	231	40	1
203	232	40	1
204	232	40	2
196	233	40	3
141	234	40	1
199	234	40	1
201	234	40	1
203	234	40	1
140	235	40	1
144	235	40	2
195	235	40	1
199	235	40	1
202	235	40	2
203	235	40	2
120	236	40	3
146	236	40	1
168	236	40	1
201	236	40	2
202	236	40	1
136	237	40	2
140	237	40	1
162	237	40	2
163	237	40	1
198	237	40	1
203	237	40	4
154	238	40	2
159	238	40	1
167	238	40	2
195	238	40	1
197	238	40	1
126	239	40	1
136	239	40	1
139	239	40	1
160	239	40	2
142	240	40	1
143	240	40	1
162	240	40	2
165	240	40	1
196	240	40	1
136	241	40	3
161	241	40	1
162	241	40	2
164	241	40	4
168	241	40	2
126	242	40	1
133	242	40	1
134	242	40	1
143	242	40	2
167	242	40	2
168	242	40	1
170	242	40	1
128	243	40	2
140	243	40	1
141	243	40	3
142	243	40	3
176	243	40	1
132	244	40	2
171	244	40	2
176	244	40	1
127	245	40	2
140	245	40	2
163	245	40	1
125	246	40	1
178	246	40	1
174	247	40	2
124	248	40	1
125	248	40	5
126	248	40	1
137	248	40	2
174	248	40	1
133	250	40	2
135	250	40	1
137	250	40	1
231	250	40	1
225	251	40	2
230	251	40	1
232	251	40	1
136	252	40	1
139	252	40	2
231	252	40	3
240	252	40	1
132	253	40	1
139	253	40	2
223	253	40	1
235	253	40	2
138	254	40	1
139	254	40	2
154	254	40	1
134	255	40	3
137	255	40	2
140	255	40	3
137	256	40	1
212	256	40	1
132	257	40	3
134	257	40	1
136	257	40	1
147	257	40	1
154	257	40	1
157	257	40	1
134	258	40	1
142	258	40	1
149	258	40	3
151	258	40	1
156	259	40	2
157	259	40	1
160	259	40	1
204	259	40	1
254	259	40	3
132	260	40	4
144	260	40	1
147	260	40	2
148	260	40	1
157	260	40	1
165	260	40	3
172	260	40	1
152	261	40	1
167	261	40	1
168	261	40	1
211	261	40	1
251	261	40	1
257	261	40	1
136	262	40	1
139	262	40	1
140	262	40	2
146	262	40	1
147	262	40	1
154	262	40	2
167	262	40	3
168	262	40	1
222	262	40	1
248	262	40	1
140	263	40	1
143	263	40	1
153	263	40	1
159	263	40	2
234	263	40	1
130	264	40	1
157	264	40	4
158	264	40	2
160	264	40	1
144	265	40	2
151	265	40	1
155	265	40	2
156	265	40	1
164	265	40	3
165	265	40	1
222	265	40	1
142	266	40	2
146	266	40	3
152	266	40	2
154	266	40	1
157	266	40	1
158	266	40	1
167	266	40	2
256	266	40	1
168	267	40	1
154	268	40	1
166	268	40	1
246	268	40	1
139	269	40	2
151	269	40	1
165	269	40	1
167	269	40	2
246	269	40	2
250	269	40	2
132	270	40	1
134	270	40	2
137	270	40	4
142	270	40	1
146	270	40	1
164	270	40	1
249	270	40	2
251	270	40	2
137	271	40	1
146	271	40	1
148	271	40	1
150	271	40	1
151	271	40	3
135	272	40	2
143	272	40	1
147	272	40	1
151	272	40	2
165	272	40	1
223	272	40	1
231	272	40	2
245	272	40	2
248	272	40	1
140	273	40	2
146	273	40	1
156	273	40	2
167	273	40	1
145	274	40	2
147	274	40	2
148	274	40	1
156	274	40	1
137	275	40	1
138	275	40	1
139	275	40	1
141	275	40	1
142	275	40	2
129	276	40	1
130	276	40	2
133	276	40	2
136	276	40	1
137	276	40	2
147	276	40	3
154	276	40	2
155	276	40	1
163	276	40	1
136	277	40	1
141	278	40	1
142	278	40	1
145	278	40	3
147.5	278	40.5	1
161	278	40	1
131	279	40	1
141	279	40	2
148	279	40	1
152	279	40	1
134	280	40	1
138	280	40	1
140	280	40	1
142	280	40	1
152	280	40	1
129	281	40	2
133	281	40	1
135	281	40	3
150	282	40	2
159	282	40	1
133	283	40	1
134	283	40	2
135	283	40	3
139	283	40	2
138	284	40	1
142	284	40	1
158	284	40	1
132	286	40	1
133	286	40	1
139	286	40	2
154	288	40	1
139	291	40	1
133	292	40	1
156	292	40	1
125	293	40	1
133	293	40	2
140	293	40	1
139	294	40	3
160	294	40	2
254	294	40	2
131	295	40	1
252	295	40	1
123	296	40	1
130	296	40	1
121	297	40	1
253	297	40	1
134	298	40	1
136	298	40	1
162	298	40	2
260	298	40	3
131	300	40	2
249	300	40	1
257	300	40	1
260	300	40	1
133	301	40	1
142	301	40	2
168	301	40	1
172	301	40	1
250	301	40	3
130	302	40	1
143	302	40	3
261	302	40	1
128	303	40	2
175	303	40	1
181	303	40	1
182	303	40	1
132	304	40	3
139	304	40	1
144	304	40	1
169	304	40	2
170	304	40	1
180	304	40	1
125	305	40	1
127	305	40	1
140	305	40	1
172	306	40	2
181	306	40	1
262	307	40	1
124	308	40	1
139	308	40	1
123	310	40	1
125	310	40	1
119	312	40	2
123	312	40	3
118	315	40	1
119	315	40	2
141	315	40	1
150	315	40	1
139	317	40	1
147	317	40	1
116	318	40	2
146	318	40	1
148	318	40	2
115	319	40	1
149	320	40	1
152	320	40	2
177	323	40	1
174	326	40	1
176	326	40	2
249	326	40	1
186	327	40	1
241	327	40	2
242	327	40	2
151	328	40	1
239	328	40	1
242	328	40	2
149	329	40	1
240	329	40	2
244	329	40	1
175	330	40	2
186	330	40	2
189	330	40	1
242	330	40	2
148	331	40	1
177	331	40	3
189	331	40	3
221	331	40	2
151	332	40	4
156	332	40	1
157	332	40	2
174	332	40	2
180	332	40	2
181	332	40	1
183	332	40	1
188	332	40	2
216	332	40	1
217	332	40	1
218	332	40	3
220	332	40	1
221	332	40	1
150	333	40	1
158	333	40	1
176	333	40	2
179	333	40	2
184	333	40	1
219	333	40	1
151	334	40	1
154	334	40	2
191	334	40	2
151	335	40	2
165	335	40	1
186	335	40	1
244	335	40	1
151	336	40	1
153	336	40	2
158	337	40	2
216	338	40	2
156	339	40	1
223	339	40	1
212	340	40	1
245	340	40	1
217	341	40	2
221	341	40	1
211	342	40	1
215	342	40	1
220	342	40	3
222	342	40	1
196	343	40	3
208	343	40	1
210	343	40	1
220	343	40	1
221	343	40	1
222	343	40	1
210	344	40	1
194	345	40	1
196	345	40	1
203	345	40	2
204	345	40	1
211	345	40	1
203	347	40	1
208	348	40	2
193	349	40	2
195	349	40	1
210	349	40	1
220	349	40	3
182	351	40	1
215	351	40	1
235	351	40	2
211	352	40	1
174	357	40	2
207	357	40	2
208	357	40	1
171	358	40	1
172	358	40	2
207	359	40	2
173	360	40	1
206	361	40	1
112	220	41	1
113	220	41	3
110	222	41	1
111	222	41	1
121	222	41	1
144	225	41	1
134	226	41	1
135	227	41	1
137	227	41	2
141	227	41	1
138	228	41	1
136	229	41	3
141	231	41	2
143	232	41	3
140	233	41	1
142	233	41	2
198	233	41	1
204	233	41	2
136	234	41	3
199	234	41	4
146	235	41	1
199	235	41	2
201	235	41	1
138	236	41	5
141	236	41	1
142	236	41	1
170	236	41	1
201	236	41	1
140	237	41	1
141	237	41	2
142	237	41	2
158	237	41	1
160	237	41	1
163	237	41	2
164	237	41	1
165	237	41	1
202	237	41	1
134	238	41	2
138	238	41	1
141	238	41	1
146	238	41	1
164	238	41	1
166	238	41	1
167	238	41	3
202	238	41	2
144	239	41	2
200	239	41	1
139	240	41	1
198	240	41	1
129	241	41	1
142	241	41	1
143	241	41	3
166	241	41	1
168	241	41	1
169	241	41	1
128	242	41	1
132	242	41	2
137	242	41	3
140	242	41	2
170	242	41	1
129	243	41	1
138	243	41	3
139	243	41	3
140	243	41	3
169	243	41	1
125	244	41	1
127	244	41	1
165	244	41	3
167	244	41	2
168	244	41	1
173	244	41	1
176	244	41	5
177	245	41	1
126	246	41	2
128	246	41	1
124	247	41	1
178	247	41	2
179	247	41	1
122	248	41	1
173	248	41	1
133	249	41	1
230	250	41	1
230	251	41	2
141	252	41	1
175	252	41	1
121	253	41	3
142	253	41	2
143	253	41	3
227	253	41	2
228	253	41	1
232	253	41	2
120	256	41	1
140	256	41	1
141	256	41	1
142	256	41	1
152	256	41	1
210	256	41	1
137	257	41	2
143	257	41	1
158	257	41	1
174	257	41	3
210	257	41	1
214	257	41	1
254	257	41	1
146	258	41	2
147	258	41	1
154	258	41	1
172	258	41	1
211	258	41	1
215	258	41	1
139	259	41	1
140	259	41	2
144	259	41	1
146	259	41	1
173	259	41	1
176	259	41	1
213	259	41	1
140	260	41	3
148	260	41	1
158	260	41	2
170	260	41	1
176	260	41	2
210	260	41	1
250	260	41	1
253	260	41	1
130	261	41	1
144	261	41	2
148	261	41	1
149	261	41	2
151	261	41	1
160	261	41	2
210	261	41	1
254	261	41	1
139	262	41	1
142	262	41	1
146	262	41	2
148	262	41	3
151	262	41	1
163	262	41	1
164	262	41	1
175	262	41	2
207	262	41	3
251	262	41	1
143	263	41	1
151	263	41	1
201	263	41	1
204	263	41	1
232	263	41	1
145	264	41	1
147	264	41	1
148	264	41	2
151	264	41	1
171	264	41	3
249	264	41	1
143	265	41	1
152	265	41	2
153	265	41	1
256	265	41	1
119	266	41	1
120	266	41	1
142	266	41	2
145	266	41	2
150	266	41	2
153	266	41	1
168	266	41	2
132	267	41	1
167	267	41	2
247	267	41	1
253	267	41	4
258	267	41	3
145	268	41	1
148	268	41	1
153	268	41	2
248	268	41	1
203	269	41	1
254	269	41	1
258	269	41	2
135	270	41	1
137	270	41	1
140	270	41	2
149	270	41	2
151	270	41	2
152	270	41	2
247	270	41	2
132	271	41	1
146	271	41	1
148	271	41	1
203	271	41	1
136	272	41	1
145	272	41	3
147	272	41	1
149	272	41	1
152	272	41	1
154	272	41	2
165	272	41	1
219	272	41	1
220	272	41	1
228	272	41	2
144	273	41	1
146	273	41	3
147	273	41	1
150	273	41	1
151	273	41	2
134	274	41	1
146	274	41	1
148	274	41	1
155	274	41	1
157	274	41	2
246	274	41	1
130	275	41	1
136	275	41	2
141	275	41	2
147	275	41	1
151	275	41	3
153	275	41	2
157	275	41	1
130	276	41	1
136	276	41	1
145	276	41	1
146	276	41	1
147	276	41	3
156	276	41	1
162	276	41	1
211	276	41	1
247	276	41	2
129	277	41	1
131	277	41	1
151	277	41	2
161	277	41	1
131	278	41	1
152	278	41	1
153	278	41	2
155	278	41	1
247	278	41	1
129	279	41	1
138	279	41	1
139	279	41	1
141	280	41	2
142	280	41	1
144	280	41	2
148	280	41	1
150	280	41	1
153	280	41	1
162	280	41	1
142	281	41	2
145	281	41	2
152	281	41	1
130	282	41	1
162	282	41	1
136	283	41	1
139	283	41	1
151	283	41	1
138	284	41	2
142	284	41	1
155	284	41	1
156	284	41	3
215	284	41	2
155	285	41	1
218	285	41	2
219	285	41	2
135	286	41	2
158	286	41	1
159	286	41	1
160	286	41	2
135	287	41	1
139	287	41	1
140	287	41	2
141	287	41	2
156	287	41	2
137	288	41	4
139	288	41	3
157	288	41	1
135	289	41	1
141	289	41	1
134	290	41	2
135	291	41	1
154	291	41	1
130	292	41	2
134	292	41	3
157	292	41	1
257	292	41	1
132	293	41	1
134	293	41	2
132	294	41	2
152	294	41	1
154	294	41	1
159	294	41	2
160	294	41	1
128	295	41	1
131	295	41	2
135	295	41	1
150	295	41	3
164	295	41	1
254	295	41	2
143	296	41	2
148	296	41	1
150	296	41	1
153	296	41	1
252	296	41	1
129	297	41	1
137	297	41	1
162	297	41	2
165	297	41	1
252	297	41	4
131	298	41	1
138	298	41	3
149	298	41	1
93	299	41	1
129	299	41	1
167	299	41	1
168	299	41	1
164	300	41	1
168	300	41	1
172	300	41	1
249	300	41	3
123	301	41	4
97	302	41	2
127	302	41	1
128	302	41	1
132	302	41	1
134	302	41	2
167	302	41	2
168	302	41	1
123	303	41	1
124	303	41	2
134	303	41	1
138	303	41	2
139	303	41	2
144	303	41	1
176	303	41	2
177	303	41	1
179	303	41	1
181	303	41	1
259	303	41	2
261	303	41	1
126	304	41	2
128	304	41	1
129	304	41	1
132	304	41	1
133	304	41	2
141	304	41	2
170	304	41	1
181	304	41	2
131	305	41	1
140	305	41	3
176	305	41	1
132	306	41	3
171	306	41	1
125	307	41	2
129	307	41	1
130	307	41	2
126	308	41	2
128	308	41	1
123	309	41	2
124	309	41	1
140	309	41	1
141	309	41	1
162	309	41	1
122	310	41	1
119	314	41	2
119	315	41	2
140	316	41	4
113	318	41	1
139	319	41	1
143	319	41	1
150	320	41	2
141	321	41	1
149	321	41	1
150	321	41	1
179	322	41	2
111	323	41	1
133	324	41	1
179	324	41	2
248	324	41	1
136	325	41	1
147	325	41	2
149	325	41	2
133	326	41	1
134	326	41	2
179	326	41	1
181	326	41	1
249	326	41	3
148	327	41	1
181	327	41	2
249	327	41	2
131	328	41	1
167	328	41	1
242	328	41	2
252	328	41	1
148	329	41	1
186	329	41	1
133	330	41	2
147	330	41	2
175	330	41	1
178	330	41	1
181	330	41	1
182	330	41	1
185	330	41	1
240	330	41	1
242	330	41	1
243	330	41	1
154	331	41	2
155	331	41	1
173	331	41	1
175	331	41	2
187	331	41	2
243	331	41	1
130	332	41	1
133	332	41	3
157	332	41	3
165	332	41	2
174	332	41	1
180	332	41	1
189	332	41	2
218	332	41	2
221	332	41	1
240	332	41	1
241	332	41	1
151	333	41	1
152	333	41	4
181	333	41	1
189	333	41	2
153	334	41	1
154	334	41	1
189	334	41	1
216	334	41	1
243	334	41	1
244	334	41	1
133	335	41	1
151	335	41	2
153	335	41	2
154	335	41	1
238	335	41	1
242	335	41	1
246	335	41	3
215	336	41	1
218	336	41	1
246	336	41	1
126	337	41	4
127	337	41	1
129	337	41	2
151	337	41	1
156	337	41	2
248	337	41	1
251	337	41	1
152	338	41	1
156	338	41	2
222	338	41	1
250	338	41	1
158	339	41	1
195	339	41	2
214	339	41	1
215	339	41	1
247	339	41	1
152	340	41	2
194	340	41	1
219	340	41	1
195	341	41	2
218	341	41	2
220	341	41	1
210	342	41	2
214	342	41	1
215	342	41	3
218	342	41	1
216	343	41	3
221	343	41	2
207	344	41	2
211	344	41	1
194	345	41	1
212	345	41	1
249	345	41	1
206	346	41	2
210	346	41	2
221	347	41	1
232	347	41	2
248	347	41	1
195	349	41	2
193	350	41	1
220	350	41	2
237	350	41	1
211	351	41	2
233	351	41	2
237	351	41	1
207	355	41	2
207	358	41	1
169	359	41	1
207	360	41	1
208	360	41	4
202	361	41	1
199	363	41	1
138	227	42	1
134	228	42	1
138	228	42	2
134	230	42	2
138	230	42	2
136	232	42	2
137	233	42	1
140	233	42	1
147	234	42	1
201	234	42	1
156	235	42	1
165	235	42	1
203	235	42	2
143	236	42	1
161	236	42	1
166	236	42	3
139	237	42	1
158	237	42	1
162	237	42	1
204	237	42	1
206	237	42	2
141	238	42	1
162	238	42	2
166	238	42	1
167	238	42	1
136	239	42	1
137	239	42	1
204	239	42	1
141	240	42	1
143	240	42	1
166	240	42	1
139	242	42	2
139	244	42	1
176	244	42	1
178	244	42	1
179	244	42	3
184	244	42	1
177	252	42	4
178	252	42	1
138	254	42	2
144	254	42	2
120	256	42	2
144	256	42	2
158	256	42	1
212	256	42	1
147	257	42	2
156	257	42	1
157	257	42	1
177	257	42	1
213	257	42	1
151	258	42	2
173	258	42	1
175	258	42	2
210	258	42	2
212	258	42	2
213	258	42	1
139	259	42	1
173	259	42	1
248	259	42	1
252	259	42	2
157	260	42	1
171	260	42	1
174	260	42	1
213	260	42	1
253	260	42	2
150	261	42	1
155	261	42	1
167	261	42	1
168	261	42	2
169	261	42	1
173	261	42	1
174	261	42	1
175	261	42	2
177	261	42	1
155	262	42	1
166	262	42	3
171	262	42	1
174	262	42	2
175	262	42	3
151	263	42	2
153	263	42	2
157	263	42	2
163	263	42	1
249	263	42	2
147	264	42	1
151	264	42	3
156	264	42	1
157	264	42	1
168	264	42	2
252	264	42	1
145	265	42	1
152	265	42	1
145	266	42	1
147	266	42	1
154	266	42	1
143	267	42	1
147	267	42	1
254	267	42	1
141	268	42	2
143	268	42	1
146	268	42	1
151	268	42	3
144	269	42	1
250	269	42	1
142	270	42	1
152	270	42	2
143	271	42	2
156	271	42	3
132	272	42	1
141	272	42	1
213	272	42	1
131	273	42	1
154	273	42	2
144	274	42	2
148	274	42	1
154	274	42	4
143	275	42	1
144	275	42	2
148	275	42	2
153	275	42	3
155	275	42	1
162	275	42	1
165	275	42	3
250	275	42	2
134	276	42	1
151	276	42	2
154	276	42	3
156	276	42	1
134	277	42	1
138	277	42	1
140	277	42	1
141	277	42	2
143	277	42	2
155	277	42	1
163	277	42	1
131	278	42	2
148	278	42	1
137	279	42	1
143	279	42	2
144	279	42	1
151	279	42	1
154	279	42	2
164	279	42	2
141	280	42	1
145	280	42	2
160	280	42	2
140	281	42	1
143	281	42	1
153	281	42	4
156	281	42	4
158	282	42	1
209	282	42	2
137	283	42	1
141	283	42	1
149	283	42	1
159	283	42	1
253	283	42	2
137	284	42	1
152	285	42	1
154	285	42	2
140	287	42	3
141	287	42	1
174	287	42	2
136	288	42	1
137	288	42	2
153	289	42	1
133	291	42	1
133	292	42	1
153	292	42	1
130	293	42	1
137	293	42	1
138	293	42	1
142	293	42	1
129	294	42	1
135	294	42	1
138	294	42	2
139	294	42	3
152	294	42	2
154	294	42	2
134	295	42	3
142	295	42	2
256	295	42	2
130	297	42	1
140	297	42	1
136	298	42	1
141	298	42	1
151	298	42	1
94	299	42	1
128	299	42	1
133	299	42	2
150	299	42	1
169	299	42	3
125	300	42	1
129	300	42	2
131	300	42	4
133	300	42	2
153	300	42	2
124	301	42	1
126	301	42	1
136	301	42	1
142	301	42	1
144	301	42	1
248	301	42	2
138	302	42	1
143	302	42	1
165	302	42	3
126	303	42	1
138	303	42	1
139	303	42	1
168	303	42	1
171	303	42	1
125	304	42	2
132	304	42	1
168	304	42	1
171	304	42	2
181	304	42	1
133	305	42	1
128	306	42	1
140	306	42	1
170	306	42	1
125	307	42	1
130	307	42	1
130	308	42	2
169	308	42	1
140	309	42	2
162	310	42	1
140	314	42	1
141	316	42	1
142	317	42	3
139	318	42	1
148	318	42	1
140	319	42	2
139	320	42	1
138	321	42	1
150	321	42	1
179	323	42	3
183	323	42	1
141	324	42	2
132	325	42	1
133	326	42	1
176	327	42	1
252	327	42	1
130	328	42	2
154	328	42	1
176	328	42	2
186	328	42	2
250	328	42	1
149	329	42	2
150	329	42	2
187	329	42	3
131	330	42	1
150	330	42	1
160	330	42	3
184	330	42	1
187	330	42	1
188	330	42	1
132	331	42	1
134	331	42	1
154	331	42	1
176	331	42	1
180	331	42	3
187	331	42	2
133	332	42	1
150	332	42	1
160	332	42	1
161	332	42	1
164	332	42	1
165	332	42	1
166	332	42	1
176	332	42	2
177	332	42	1
186	332	42	2
187	332	42	1
189	332	42	1
217	332	42	1
242	332	42	2
131	333	42	2
176	333	42	1
177	333	42	1
181	333	42	1
183	333	42	1
222	333	42	1
133	334	42	1
158	334	42	2
178	334	42	3
189	334	42	1
222	334	42	1
247	334	42	1
151	336	42	1
248	336	42	2
126	337	42	1
127	337	42	1
152	337	42	1
156	337	42	1
216	337	42	1
247	337	42	1
155	338	42	1
194	338	42	1
159	340	42	3
193	340	42	3
221	340	42	1
195	341	42	4
211	344	42	1
212	344	42	1
196	345	42	1
230	346	42	2
212	348	42	1
233	350	42	1
234	350	42	1
235	353	42	2
205	355	42	1
207	355	42	1
206	356	42	1
183	361	42	1
205	361	42	1
200	364	42	2
137	227	43	2
137	229	43	2
138	229	43	1
139	229	43	3
138	230	43	2
157	230	43	1
140	231	43	2
162	231	43	1
137	232	43	2
138	232	43	2
141	232	43	1
137	233	43	2
203	234	43	1
141	235	43	2
163	235	43	1
157	236	43	1
164	236	43	1
143	237	43	2
154	237	43	2
140	238	43	2
138	239	43	1
166	240	43	2
169	245	43	1
178	245	43	2
179	254	43	1
119	256	43	1
210	256	43	2
174	257	43	1
175	257	43	1
176	257	43	2
177	257	43	1
175	258	43	2
215	258	43	2
216	258	43	1
144	259	43	2
179	259	43	1
151	260	43	1
159	260	43	1
160	260	43	2
170	260	43	1
146	261	43	2
209	261	43	1
158	262	43	1
160	262	43	1
164	262	43	4
177	262	43	1
206	262	43	2
208	262	43	1
146	263	43	1
147	263	43	1
148	263	43	3
154	263	43	2
144	264	43	1
147	264	43	1
156	264	43	1
124	265	43	1
144	265	43	2
147	265	43	2
145	266	43	2
151	266	43	2
147	267	43	1
147	268	43	2
164	268	43	1
142	270	43	3
151	270	43	1
134	271	43	1
143	271	43	2
146	271	43	1
141	272	43	1
149	272	43	2
214	272	43	1
147	273	43	1
211	273	43	1
153	274	43	1
156	274	43	1
214	274	43	2
255	274	43	1
131	275	43	1
132	275	43	1
142	275	43	1
145	275	43	2
148	275	43	3
155	275	43	1
160	275	43	2
182	275	43	1
148	276	43	3
151	276	43	2
152	276	43	1
164	276	43	3
145	277	43	2
148	277	43	2
150	277	43	1
156	277	43	1
132	278	43	1
147	278	43	2
155	278	43	1
142	279	43	2
150	279	43	2
152	279	43	1
147	280	43	1
148	280	43	1
150	280	43	1
152	280	43	1
210	280	43	1
148	281	43	1
152	281	43	1
144	282	43	2
154	282	43	2
158	282	43	1
214	282	43	1
149	283	43	2
152	283	43	1
250	283	43	2
139	284	43	1
141	284	43	1
149	284	43	1
150	284	43	5
152	284	43	1
160	284	43	2
141	285	43	3
155	285	43	1
137	286	43	1
139	286	43	2
140	286	43	3
143	286	43	1
154	286	43	1
216	286	43	3
136	288	43	1
140	288	43	2
173	288	43	1
134	289	43	1
256	289	43	1
143	292	43	1
152	292	43	2
143	293	43	1
256	293	43	1
132	294	43	1
141	294	43	1
140	295	43	2
151	295	43	1
131	296	43	1
137	297	43	1
149	297	43	1
141	299	43	1
143	299	43	2
135	300	43	1
141	300	43	1
152	300	43	1
167	300	43	1
129	301	43	1
133	301	43	2
140	301	43	2
149	301	43	1
131	302	43	2
133	302	43	1
135	302	43	1
137	302	43	2
140	302	43	1
169	302	43	2
170	302	43	2
172	302	43	1
138	303	43	3
167	303	43	1
170	303	43	1
126	304	43	2
140	304	43	1
143	304	43	1
126	305	43	2
134	305	43	1
143	305	43	1
125	306	43	1
127	306	43	3
129	306	43	1
131	306	43	3
143	306	43	2
146	306	43	1
148	306	43	1
129	308	43	1
143	308	43	3
141	309	43	3
167	309	43	2
140	314	43	2
140	317	43	1
140	318	43	1
142	319	43	1
179	323	43	1
135	324	43	1
138	324	43	2
150	324	43	2
174	325	43	2
132	326	43	2
133	326	43	1
136	326	43	1
177	326	43	2
249	326	43	4
136	327	43	1
176	327	43	1
186	327	43	1
156	328	43	2
184	328	43	2
177	329	43	3
188	329	43	1
132	331	43	1
189	331	43	3
131	332	43	2
133	332	43	3
240	332	43	4
133	333	43	2
179	333	43	2
216	333	43	1
217	333	43	1
181	334	43	4
222	334	43	3
128	335	43	2
156	335	43	1
222	335	43	5
131	336	43	3
156	336	43	2
217	336	43	3
218	336	43	1
244	336	43	1
245	336	43	3
246	336	43	1
249	337	43	1
132	338	43	1
155	338	43	1
247	338	43	3
249	338	43	1
195	341	43	1
213	343	43	2
210	344	43	1
233	346	43	3
211	347	43	2
231	347	43	1
233	347	43	1
209	349	43	3
232	349	43	2
236	349	43	2
238	349	43	1
200	350	43	2
206	350	43	1
227	350	43	2
207	352	43	1
206	353	43	2
207	353	43	2
206	358	43	1
188	360	43	2
204	360	43	1
205	361	43	1
206	361	43	1
209	361	43	1
204	362	43	1
206	363	43	3
137	228	44	1
138	228	44	5
140	228	44	2
141	229	44	1
135	230	44	1
137	231	44	1
136	232	44	1
164	232	44	2
143	237	44	1
164	237	44	3
141	239	44	3
177	243	44	3
180	245	44	3
181	245	44	1
176	258	44	1
177	258	44	1
178	258	44	2
158	259	44	2
178	259	44	1
177	260	44	1
147	261	44	1
155	261	44	1
156	261	44	1
174	261	44	1
175	261	44	2
154	262	44	3
159	262	44	1
147	263	44	1
149	263	44	1
156	263	44	1
157	263	44	2
158	263	44	1
159	263	44	1
146	264	44	1
152	264	44	2
149	265	44	1
156	265	44	1
146	266	44	1
147	266	44	3
149	266	44	2
150	266	44	1
149	267	44	2
147	268	44	2
145	269	44	3
148	269	44	1
152	269	44	3
213	269	44	1
146	270	44	1
144	271	44	1
148	272	44	1
151	272	44	2
143	273	44	2
148	273	44	1
156	273	44	1
181	274	44	1
211	274	44	1
144	275	44	2
146	275	44	3
154	276	44	2
156	276	44	3
167	276	44	1
252	276	44	1
148	277	44	1
150	277	44	1
151	278	44	1
152	278	44	2
154	278	44	1
160	278	44	1
143	279	44	1
154	279	44	1
147	280	44	1
150	280	44	1
210	280	44	2
140	281	44	1
146	281	44	1
148	281	44	1
154	281	44	1
156	281	44	1
150	282	44	1
152	282	44	1
154	282	44	1
142	283	44	1
158	283	44	1
145	284	44	1
149	284	44	2
155	284	44	1
212	285	44	1
217	285	44	2
218	286	44	1
217	289	44	2
121	290	44	1
139	291	44	1
142	291	44	1
144	291	44	1
144	292	44	1
139	293	44	1
145	293	44	2
144	294	44	1
225	295	44	1
140	296	44	1
223	296	44	3
139	297	44	2
141	297	44	1
136	298	44	1
130	299	44	2
137	299	44	1
139	299	44	2
128	300	44	2
142	300	44	2
137	301	44	1
209	301	44	2
127	302	44	1
142	302	44	1
165	302	44	2
127	303	44	1
140	303	44	1
130	304	44	1
130	306	44	1
144	306	44	2
170	309	44	2
171	309	44	1
141	315	44	1
141	317	44	1
113	322	44	1
182	323	44	1
183	323	44	4
182	325	44	3
133	326	44	1
136	326	44	1
131	328	44	2
133	328	44	1
133	329	44	1
183	329	44	1
179	330	44	1
182	332	44	3
180	333	44	1
136	334	44	2
189	334	44	3
215	335	44	1
242	335	44	1
214	336	44	1
220	336	44	1
217	337	44	1
247	339	44	1
216	344	44	2
231	346	44	1
228	347	44	2
234	347	44	1
211	349	44	1
208	354	44	1
192	361	44	4
195	361	44	1
140	231	45	1
163	233	45	1
143	237	45	1
175	257	45	2
176	258	45	2
174	259	45	1
173	260	45	1
158	262	45	1
175	262	45	1
156	263	45	1
159	263	45	1
149	265	45	2
155	267	45	1
143	270	45	1
146	270	45	1
136	271	45	1
144	272	45	2
151	272	45	2
158	272	45	1
179	274	45	1
141	275	45	2
152	278	45	2
147	279	45	1
150	279	45	2
162	279	45	1
149	280	45	1
150	280	45	1
152	281	45	1
161	281	45	2
152	282	45	1
145	283	45	1
251	283	45	1
142	284	45	2
151	284	45	1
217	285	45	3
206	286	45	1
218	286	45	1
214	287	45	1
145	292	45	2
140	294	45	1
145	294	45	1
143	295	45	1
142	297	45	1
135	299	45	2
134	301	45	1
138	301	45	1
127	302	45	1
133	302	45	2
143	302	45	2
131	303	45	1
130	304	45	2
132	304	45	2
139	304	45	1
143	308	45	1
141	315	45	2
180	318	45	2
176	327	45	3
187	329	45	1
185	330	45	1
189	331	45	1
214	339	45	1
245	340	45	1
215	343	45	1
217	344	45	1
229	346	45	1
210	347	45	1
227	349	45	2
233	349	45	1
202	352	45	1
181	247	46	1
173	255	46	1
157	259	46	1
158	260	46	3
154	262	46	1
157	265	46	1
147	266	46	1
145	270	46	3
154	270	46	2
151	273	46	2
146	275	46	1
163	275	46	1
153	277	46	2
161	277	46	1
148	278	46	1
145	279	46	1
155	279	46	2
149	280	46	2
152	280	46	2
158	280	46	1
150	281	46	2
148	282	46	1
152	282	46	1
153	282	46	2
154	282	46	3
151	283	46	3
142	284	46	1
149	284	46	2
157	284	46	1
140	285	46	2
146	285	46	2
248	285	46	1
120	286	46	1
201	292	46	2
204	292	46	2
144	293	46	1
146	294	46	2
139	295	46	1
140	296	46	1
136	298	46	1
140	298	46	1
142	299	46	1
143	299	46	3
144	299	46	1
132	300	46	5
228	300	46	1
132	301	46	2
137	301	46	1
131	302	46	1
141	302	46	1
143	302	46	1
244	302	46	2
134	303	46	1
139	303	46	2
143	303	46	2
240	304	46	1
194	315	46	3
195	315	46	1
184	319	46	2
188	319	46	2
184	320	46	1
179	322	46	1
191	322	46	1
176	323	46	1
174	325	46	2
172	326	46	1
182	326	46	1
183	326	46	2
174	327	46	1
191	327	46	2
183	328	46	4
131	330	46	1
238	331	46	2
217	334	46	2
221	340	46	2
217	341	46	2
217	342	46	2
222	342	46	4
205	346	46	2
182	353	46	1
230	356	46	2
131	223	47	1
138	229	47	1
212	261	47	2
149	265	47	1
146	270	47	1
146	277	47	1
164	281	47	1
162	282	47	1
146	289	47	2
140	292	47	2
140	293	47	1
144	294	47	1
202	295	47	3
140	297	47	1
134	298	47	1
139	298	47	1
140	298	47	2
136	299	47	3
138	300	47	1
178	320	47	1
194	321	47	2
179	322	47	1
185	323	47	1
190	323	47	3
175	324	47	2
206	348	47	2
227	353	47	1
230	353	47	1
203	356	47	1
154	274	48	1
140	278	48	1
143	279	48	1
159	279	48	2
147	281	48	1
140	285	48	1
140	295	48	2
137	297	48	1
142	300	48	1
169	324	48	1
157	325	48	2
216	342	48	1
217	344	48	1
136	222	49	1
170	228	49	2
116	230	49	1
126	245	49	2
147	245	49	1
151	248	49	2
154	248	49	1
195	252	49	2
173	256	49	1
145	262	49	2
139	263	49	2
146	264	49	1
191	267	49	1
139	268	49	1
167	269	49	1
144	271	49	3
154	274	49	1
156	274	49	1
146	276	49	1
155	276	49	2
150	278	49	3
145	279	49	1
147	279	49	3
207	279	49	1
145	280	49	2
113	284	49	4
132	287	49	2
147	287	49	2
146	288	49	2
142	291	49	1
140	293	49	3
200	296	49	1
139	299	49	1
144	299	49	1
202	299	49	2
131	300	49	1
225	300	49	1
135	302	49	2
133	303	49	2
169	308	49	2
170	312	49	1
149	313	49	2
145	316	49	2
268	317	49	1
178	322	49	1
170	325	49	1
139	326	49	1
148	337	49	2
152	338	49	2
239	344	49	2
199	346	49	2
224	346	49	3
160	348	49	1
184	352	49	2
206	353	49	1
186	354	49	1
131	229	50	1
136	230	50	3
173	232	50	1
125	234	50	1
139	263	50	2
149	263	50	2
155	263	50	1
130	265	50	1
134	267	50	1
155	273	50	2
160	275	50	1
220	277	50	1
249	286	50	1
143	291	50	2
139	294	50	1
148	296	50	2
174	298	50	1
237	300	50	1
244	301	50	1
132	304	50	2
131	306	50	1
146	307	50	1
193	307	50	2
157	313	50	2
195	325	50	1
