x	y	z	Cristae formation
183.039773122643	289.659001437601	35.0807824929564	1
142	221	20	2
132	222	20	1
134	222	20	2
142	222	20	2
178	222	20	1
138	223	20	2
148	223	20	1
115	224	20	1
144	224	20	1
176	224	20	1
141	225	20	3
153	225	20	2
115	226	20	2
119	226	20	2
139	226	20	1
156	226	20	1
160	227	20	1
178	227	20	1
119	228	20	1
128	228	20	1
155	228	20	1
174	228	20	3
196	228	20	1
127	230	20	1
169	230	20	1
173	230	20	1
190	230	20	3
121	231	20	2
160	231	20	2
135	232	20	1
142	232	20	1
136	233	20	2
144	233	20	1
147	233	20	2
152	233	20	1
165	233	20	1
206	233	20	1
114	234	20	3
130	234	20	1
132	234	20	2
138	234	20	1
154	234	20	1
204	234	20	2
129	235	20	1
135	235	20	1
136	235	20	1
137	235	20	1
141	235	20	1
145	235	20	1
158	235	20	1
206	235	20	1
216	235	20	1
218	235	20	1
222	235	20	1
139	236	20	1
146	236	20	2
135	237	20	1
137	237	20	1
147	237	20	3
148	237	20	1
151	237	20	1
168	237	20	1
169	237	20	1
202	237	20	2
204	237	20	1
220	237	20	1
222	237	20	1
248	237	20	1
127	238	20	1
139	238	20	3
141	238	20	2
150	238	20	1
213	238	20	2
141	239	20	1
144	239	20	1
151	239	20	3
160	239	20	1
165	239	20	2
215	239	20	1
102	240	20	1
131	240	20	2
147	240	20	1
191	240	20	2
239	240	20	1
108	241	20	3
127	241	20	1
129	241	20	2
138	241	20	1
141	241	20	1
146	241	20	1
149	241	20	1
157	241	20	1
120	242	20	1
123	242	20	1
128	242	20	1
130	242	20	1
136	242	20	3
163	242	20	3
207	242	20	1
237	242	20	1
132	243	20	2
141	243	20	1
181	243	20	2
213	243	20	2
247	243	20	1
118	244	20	1
123	244	20	1
126	244	20	1
134	244	20	1
154	244	20	1
155	244	20	3
210	244	20	2
214	244	20	1
220	244	20	1
137	245	20	1
169	245	20	2
183	245	20	1
226	245	20	1
117	246	20	1
122	246	20	2
159	246	20	1
177	246	20	1
215	246	20	1
221	246	20	3
240	246	20	2
246	246	20	1
102	247	20	1
139	247	20	1
163	247	20	1
218	247	20	2
235	247	20	1
248	247	20	1
109	248	20	1
141	248	20	1
175	248	20	3
190	248	20	1
210	248	20	1
233	248	20	1
145	249	20	1
151	249	20	1
121	250	20	2
131	250	20	1
175	250	20	1
225	250	20	3
133	251	20	1
175	251	20	1
207	251	20	1
218	251	20	2
223	251	20	1
251	251	20	1
122	252	20	3
161	252	20	1
173	252	20	3
207	252	20	1
234	252	20	2
120	253	20	1
122	253	20	1
139	253	20	1
154	253	20	2
175	253	20	3
194	253	20	1
222	253	20	1
252	253	20	1
111	254	20	1
127	254	20	1
180	254	20	2
197	254	20	1
217	254	20	2
226	254	20	1
228	254	20	1
238	254	20	2
255	254	20	1
143	255	20	2
149	255	20	1
200	255	20	1
214	255	20	1
233	255	20	2
246	255	20	2
251	255	20	2
113	256	20	1
131	256	20	2
145	256	20	1
158	256	20	2
205	256	20	2
234	256	20	1
262	256	20	1
162	257	20	1
170	257	20	1
171	257	20	1
177	257	20	1
228	257	20	2
229	257	20	1
230	257	20	1
132	258	20	1
172	258	20	2
176	258	20	1
198	258	20	3
215	258	20	1
220	258	20	1
231	258	20	1
233	258	20	1
136	259	20	3
145	259	20	1
166	259	20	2
193	259	20	1
203	259	20	3
229	259	20	1
231	259	20	1
232	259	20	1
265	259	20	2
108	260	20	2
142	260	20	2
147	260	20	1
245	260	20	1
102	261	20	2
141	261	20	2
147	261	20	2
156	261	20	2
191	261	20	1
215	261	20	1
226	261	20	1
228	261	20	1
118	262	20	2
144	262	20	1
150	262	20	3
152	262	20	2
225	262	20	2
254	262	20	1
163	263	20	1
166	263	20	5
207	263	20	1
229	263	20	1
259	263	20	1
265	263	20	1
146	264	20	1
163	264	20	2
168	264	20	2
187	264	20	1
221	264	20	1
250	264	20	1
134	265	20	1
162	265	20	2
163	265	20	1
176	265	20	1
179	265	20	2
232	265	20	1
113	266	20	1
117	266	20	2
132	266	20	1
170	266	20	2
172	266	20	1
184	266	20	1
197	266	20	1
251	266	20	1
117	267	20	1
118	267	20	2
154	267	20	4
239	267	20	1
262	267	20	1
266	267	20	3
113	268	20	2
121	268	20	1
141	268	20	1
146	268	20	1
151	268	20	2
154	268	20	1
162	268	20	2
167	268	20	3
212	268	20	2
213	268	20	1
255	268	20	1
107	269	20	1
112	269	20	1
118	269	20	1
119	269	20	1
149	269	20	2
151	269	20	1
155	269	20	1
159	269	20	1
165	269	20	1
167	269	20	2
257	269	20	1
114	270	20	1
115	270	20	1
117	270	20	1
118	270	20	1
125	270	20	1
147	270	20	3
155	270	20	1
156	270	20	1
162	270	20	1
166	270	20	1
210	270	20	3
250	270	20	1
119	271	20	1
128	271	20	2
133	271	20	1
145	271	20	1
152	271	20	1
159	271	20	1
164	271	20	3
165	271	20	1
173	271	20	2
201	271	20	1
225	271	20	1
266	271	20	1
116	272	20	1
119	272	20	1
120	272	20	3
121	272	20	1
125	272	20	1
144	272	20	1
154	272	20	4
158	272	20	2
166	272	20	1
169	272	20	1
170	272	20	1
176	272	20	1
181	272	20	1
218	272	20	1
226	272	20	1
255	272	20	2
101	273	20	2
117	273	20	1
123	273	20	1
149	273	20	2
152	273	20	1
176	273	20	1
201	273	20	1
217	273	20	2
220	273	20	2
122	274	20	1
159	274	20	3
167	274	20	2
169	274	20	1
170	274	20	1
174	274	20	1
214	274	20	1
230	274	20	2
134	275	20	1
148	275	20	1
154	275	20	2
200	275	20	1
204	275	20	2
221	275	20	1
226	275	20	1
268	275	20	3
110	276	20	2
122	276	20	3
142	276	20	1
157	276	20	1
162	276	20	1
163	276	20	2
167	276	20	1
174	276	20	1
182	276	20	2
221	276	20	1
222	276	20	1
258	276	20	1
130	277	20	1
154	277	20	1
171	277	20	1
177	277	20	1
189	277	20	1
217	277	20	1
219	277	20	2
227	277	20	1
249	277	20	1
152	278	20	1
160	278	20	1
208	278	20	3
227	278	20	1
256	278	20	1
269	278	20	1
270	278	20	1
150	279	20	1
156	279	20	3
175	279	20	1
177	279	20	1
178	279	20	1
186	279	20	1
217	279	20	2
218	279	20	1
224	279	20	1
225	279	20	1
228	279	20	1
232	279	20	1
234	279	20	1
241	279	20	1
269	279	20	1
125	280	20	1
132	280	20	1
133	280	20	3
166	280	20	1
174	280	20	1
175	280	20	1
197	280	20	1
217	280	20	1
224	280	20	1
131	281	20	1
142	281	20	1
166	281	20	2
168	281	20	1
169	281	20	1
176	281	20	3
222	281	20	1
227	281	20	2
261	281	20	1
106	282	20	1
149	282	20	1
152	282	20	1
158	282	20	1
162	282	20	1
203	282	20	1
269	282	20	1
130	283	20	1
161	283	20	2
171	283	20	1
173	283	20	2
179	283	20	2
190	283	20	3
216	283	20	1
226	283	20	1
232	283	20	1
272	283	20	3
149	284	20	2
153	284	20	1
223	284	20	1
228	284	20	1
265	284	20	1
141	285	20	2
145	285	20	1
157	285	20	1
171	285	20	1
205	285	20	2
223	285	20	1
230	285	20	2
250	285	20	1
268	285	20	1
151	286	20	1
164	286	20	1
213	286	20	1
218	286	20	1
271	286	20	1
112	287	20	1
205	287	20	1
220	287	20	1
224	287	20	2
261	287	20	2
268	287	20	3
121	288	20	1
126	288	20	1
162	288	20	2
167	288	20	2
170	288	20	1
218	288	20	1
224	288	20	1
147	289	20	2
152	289	20	2
179	289	20	2
201	289	20	3
221	289	20	2
222	289	20	2
252	289	20	1
271	289	20	1
214	290	20	1
250	290	20	1
271	290	20	2
108	291	20	1
117	291	20	1
163	291	20	2
192	291	20	1
262	291	20	2
112	292	20	1
129	292	20	1
140	292	20	1
146	292	20	1
157	292	20	4
173	292	20	1
189	292	20	1
199	292	20	2
207	292	20	1
236	292	20	3
237	292	20	1
242	292	20	1
249	292	20	1
117	293	20	1
133	293	20	1
134	293	20	1
219	293	20	3
222	293	20	2
226	293	20	2
118	294	20	1
126	294	20	1
136	294	20	1
161	294	20	1
174	294	20	2
177	294	20	1
180	294	20	1
194	294	20	1
211	294	20	1
216	294	20	2
220	294	20	1
264	294	20	1
136	295	20	1
151	295	20	1
173	295	20	1
189	295	20	1
220	295	20	1
145	296	20	1
157	296	20	2
178	296	20	1
187	296	20	1
194	296	20	1
196	296	20	2
202	296	20	1
212	296	20	2
216	296	20	2
217	296	20	1
228	296	20	2
137	297	20	1
201	297	20	2
256	297	20	4
268	297	20	1
270	297	20	3
110	298	20	2
123	298	20	1
153	298	20	3
177	298	20	1
192	298	20	1
193	298	20	1
237	298	20	2
246	298	20	2
265	298	20	3
129	299	20	3
134	299	20	1
179	299	20	1
194	299	20	1
207	299	20	1
219	299	20	1
243	299	20	1
120	300	20	1
149	301	20	1
161	301	20	1
186	301	20	2
216	301	20	1
240	301	20	1
250	301	20	1
114	302	20	2
116	302	20	1
187	302	20	2
213	302	20	1
223	302	20	1
261	302	20	1
264	302	20	1
141	303	20	1
194	303	20	1
222	303	20	1
234	303	20	1
157	304	20	1
158	304	20	1
166	304	20	1
193	304	20	1
203	304	20	1
234	304	20	1
236	304	20	1
237	304	20	2
238	304	20	1
239	304	20	2
256	304	20	1
262	304	20	1
208	305	20	1
223	305	20	1
234	305	20	1
249	305	20	1
127	306	20	1
136	306	20	1
146	306	20	1
172	306	20	1
200	306	20	2
246	306	20	2
258	306	20	2
100	307	20	2
118	307	20	1
124	307	20	1
142	307	20	1
166	307	20	1
177	307	20	2
211	307	20	2
213	307	20	1
238	307	20	1
239	307	20	3
171	308	20	3
184	308	20	2
200	308	20	1
201	308	20	3
208	308	20	1
219	308	20	2
229	308	20	1
124	309	20	1
202	309	20	1
203	309	20	2
224	309	20	1
239	309	20	1
242	309	20	2
246	309	20	1
260	309	20	1
263	309	20	2
267	309	20	1
268	309	20	1
118	310	20	1
121	310	20	3
182	310	20	1
185	310	20	1
241	310	20	1
245	310	20	1
255	310	20	1
263	310	20	2
107	311	20	1
152	311	20	1
200	311	20	1
201	311	20	2
210	311	20	1
246	311	20	2
264	311	20	3
93	312	20	1
168	312	20	1
173	312	20	1
205	312	20	1
211	312	20	1
247	312	20	1
256	312	20	1
263	312	20	2
158	313	20	1
174	313	20	1
181	313	20	1
197	313	20	1
201	313	20	4
212	313	20	1
217	313	20	4
229	313	20	2
241	313	20	1
152	314	20	1
180	314	20	2
210	314	20	1
259	314	20	2
266	314	20	1
268	314	20	1
110	315	20	2
124	315	20	1
133	315	20	2
150	315	20	1
156	315	20	1
180	315	20	1
194	315	20	1
256	315	20	1
259	315	20	1
260	315	20	1
263	315	20	1
265	315	20	2
266	315	20	1
98	316	20	1
126	316	20	1
131	316	20	2
146	316	20	1
177	316	20	1
178	316	20	2
179	316	20	3
198	316	20	2
202	316	20	1
232	316	20	1
234	316	20	1
235	316	20	1
257	316	20	1
259	316	20	1
103	317	20	1
110	317	20	2
113	317	20	1
129	317	20	1
152	317	20	1
162	317	20	1
172	317	20	1
177	317	20	2
202	317	20	1
212	317	20	2
232	317	20	2
242	317	20	1
98	318	20	1
126	318	20	1
129	318	20	2
133	318	20	1
185	318	20	2
187	318	20	1
237	318	20	1
256	318	20	2
257	318	20	1
260	318	20	1
261	318	20	1
263	318	20	2
98	319	20	2
100	319	20	1
140	319	20	2
168	319	20	2
190	319	20	2
193	319	20	1
218	319	20	1
120	320	20	2
180	320	20	1
187	320	20	1
195	320	20	1
200	320	20	2
204	320	20	2
241	320	20	1
244	320	20	2
250	320	20	2
183	321	20	1
195	321	20	1
254	321	20	1
256	321	20	1
264	321	20	2
92	322	20	1
97	322	20	1
127	322	20	1
178	322	20	1
180	322	20	1
185	322	20	3
200	322	20	1
226	322	20	1
257	322	20	1
106	323	20	1
108	323	20	1
111	323	20	1
118	323	20	2
178	323	20	1
180	323	20	1
193	323	20	1
194	323	20	1
198	323	20	2
222	323	20	1
236	323	20	1
237	323	20	1
161	324	20	1
165	324	20	2
173	324	20	2
185	324	20	1
188	324	20	2
198	324	20	1
139	325	20	1
179	325	20	3
180	325	20	1
185	325	20	1
187	325	20	1
188	325	20	1
190	325	20	1
195	325	20	1
205	325	20	1
216	325	20	2
228	325	20	2
258	325	20	2
130	326	20	1
188	326	20	1
191	326	20	1
196	326	20	3
203	326	20	2
217	326	20	1
219	326	20	1
145	327	20	1
153	327	20	1
179	327	20	2
188	327	20	2
212	327	20	1
228	327	20	1
244	327	20	1
256	327	20	2
181	328	20	1
183	328	20	1
200	328	20	1
221	328	20	1
257	328	20	1
260	328	20	2
261	328	20	1
106	329	20	1
117	329	20	1
137	329	20	2
165	329	20	1
169	329	20	1
179	329	20	1
187	329	20	2
199	329	20	2
210	329	20	1
97	330	20	1
150	330	20	1
179	330	20	2
195	330	20	3
258	330	20	2
259	330	20	1
262	330	20	1
100	331	20	1
177	331	20	1
200	331	20	3
205	331	20	1
249	331	20	2
106	332	20	1
114	332	20	1
150	332	20	3
172	332	20	1
176	332	20	1
179	332	20	1
180	332	20	1
192	332	20	3
199	332	20	2
216	332	20	2
232	332	20	1
260	332	20	1
96	333	20	1
117	333	20	1
132	333	20	2
137	333	20	2
157	333	20	2
174	333	20	1
179	333	20	1
193	333	20	1
204	333	20	1
227	333	20	1
250	333	20	3
261	333	20	1
131	334	20	1
143	334	20	1
158	334	20	1
177	334	20	2
186	334	20	1
205	334	20	1
207	334	20	1
258	334	20	1
179	335	20	1
182	335	20	1
210	335	20	1
227	335	20	1
237	335	20	1
137	336	20	1
144	336	20	3
169	336	20	1
188	336	20	1
207	336	20	1
222	336	20	1
230	336	20	1
260	336	20	2
144	337	20	1
194	337	20	3
217	337	20	1
220	337	20	1
246	337	20	1
169	338	20	2
173	338	20	1
198	338	20	1
226	338	20	2
186	339	20	1
242	339	20	1
201	340	20	1
225	340	20	2
233	340	20	1
157	341	20	1
167	341	20	2
214	341	20	2
230	341	20	2
234	341	20	1
237	341	20	1
242	341	20	2
185	342	20	1
217	342	20	1
210	343	20	1
223	343	20	3
229	343	20	1
245	343	20	1
161	344	20	1
181	344	20	1
216	344	20	3
209	345	20	1
241	345	20	2
243	345	20	1
201	347	20	1
202	347	20	1
232	348	20	1
192	349	20	1
229	349	20	3
235	349	20	1
186	352	20	2
231	352	20	1
173	353	20	1
178	353	20	2
212	353	20	1
224	353	20	1
231	353	20	2
170	354	20	1
208	354	20	2
230	354	20	1
200	355	20	1
218	355	20	1
229	356	20	1
199	357	20	1
207	357	20	1
169	358	20	1
222	358	20	1
171	359	20	1
173	359	20	1
175	359	20	1
176	359	20	1
191	359	20	1
200	359	20	1
173	360	20	1
179	360	20	1
219	360	20	1
176	361	20	1
199	361	20	1
203	361	20	1
205	361	20	1
182	362	20	3
193	364	20	1
197	365	20	1
159	225	21	2
175	225	21	1
155	226	21	1
183	226	21	1
139	228	21	1
147	228	21	1
161	228	21	1
154	229	21	2
137	231	21	1
162	232	21	3
136	233	21	2
129	234	21	1
134	235	21	1
140	235	21	1
215	235	21	1
131	236	21	2
132	236	21	2
133	236	21	2
140	236	21	2
146	236	21	1
147	236	21	1
127	237	21	2
131	237	21	2
132	237	21	1
137	237	21	1
138	237	21	1
144	237	21	1
154	237	21	1
164	237	21	1
128	238	21	2
131	238	21	1
148	238	21	1
151	238	21	1
135	239	21	1
139	239	21	2
147	239	21	1
195	239	21	2
126	240	21	2
128	240	21	1
132	240	21	1
137	240	21	2
138	240	21	1
146	240	21	3
150	240	21	1
241	240	21	1
129	241	21	1
134	241	21	1
147	241	21	2
152	241	21	1
215	241	21	2
126	242	21	1
128	242	21	2
136	242	21	1
137	242	21	1
140	242	21	1
144	242	21	1
215	242	21	1
109	243	21	1
116	243	21	1
138	243	21	1
141	243	21	1
142	243	21	2
146	243	21	1
152	243	21	1
135	244	21	1
102	245	21	1
135	246	21	1
137	246	21	1
201	247	21	2
173	248	21	2
212	248	21	1
134	249	21	1
216	249	21	3
220	251	21	2
232	251	21	2
148	252	21	1
158	252	21	1
219	252	21	2
197	253	21	1
225	253	21	1
228	253	21	1
199	254	21	1
223	254	21	2
161	255	21	1
223	255	21	2
225	255	21	1
230	255	21	1
122	256	21	2
231	256	21	1
232	257	21	2
124	258	21	1
196	260	21	1
231	260	21	2
130	261	21	1
201	261	21	1
163	262	21	1
189	262	21	1
133	263	21	1
161	264	21	1
162	264	21	1
161	265	21	1
161	266	21	1
221	266	21	1
164	267	21	2
155	268	21	1
160	268	21	1
183	268	21	1
114	269	21	2
154	269	21	2
178	269	21	1
208	269	21	1
126	270	21	3
156	270	21	2
164	270	21	2
235	270	21	2
115	271	21	1
159	271	21	1
174	271	21	1
125	272	21	1
129	272	21	1
163	272	21	1
164	272	21	1
165	272	21	1
166	272	21	1
173	272	21	2
175	272	21	1
122	273	21	2
151	273	21	1
157	273	21	1
164	273	21	1
177	273	21	1
178	273	21	2
224	273	21	1
225	273	21	1
134	274	21	1
176	274	21	1
224	274	21	1
265	274	21	1
175	275	21	1
176	275	21	1
219	275	21	1
116	276	21	1
117	276	21	1
173	276	21	1
219	276	21	1
223	276	21	1
267	276	21	1
119	277	21	1
124	278	21	1
157	278	21	2
169	279	21	1
170	279	21	3
177	279	21	1
178	279	21	1
216	279	21	1
218	279	21	1
225	279	21	2
168	280	21	1
174	280	21	1
177	280	21	1
219	280	21	1
169	281	21	1
219	281	21	2
225	281	21	1
226	281	21	1
173	282	21	1
215	282	21	2
220	282	21	1
224	282	21	2
270	282	21	2
206	284	21	2
215	284	21	3
224	284	21	1
230	284	21	1
123	285	21	2
125	285	21	1
223	285	21	1
237	285	21	2
220	286	21	2
223	286	21	1
221	287	21	1
223	287	21	2
205	288	21	1
217	289	21	1
223	289	21	1
219	290	21	2
220	290	21	1
221	290	21	1
222	290	21	1
216	293	21	1
217	293	21	1
193	294	21	4
194	294	21	1
218	294	21	1
217	295	21	1
218	295	21	1
156	296	21	1
193	296	21	1
150	297	21	1
154	297	21	1
194	297	21	1
217	297	21	1
262	297	21	1
177	298	21	1
230	298	21	2
192	299	21	1
211	300	21	2
214	300	21	2
230	301	21	1
252	301	21	1
269	301	21	1
270	301	21	1
236	302	21	2
264	302	21	1
211	303	21	1
239	303	21	2
186	304	21	2
187	304	21	2
190	304	21	1
267	304	21	1
209	305	21	1
223	305	21	1
241	305	21	1
242	305	21	1
203	306	21	1
208	306	21	1
209	306	21	1
238	306	21	1
258	306	21	1
207	307	21	2
236	307	21	1
260	307	21	2
180	308	21	1
259	308	21	1
264	308	21	2
129	309	21	1
242	309	21	2
264	309	21	2
132	310	21	1
149	310	21	1
162	310	21	1
176	310	21	1
180	310	21	2
252	310	21	1
257	310	21	1
199	311	21	1
260	311	21	1
148	312	21	2
179	312	21	1
199	312	21	1
201	312	21	2
230	312	21	1
257	312	21	1
258	312	21	2
200	313	21	1
260	313	21	1
261	313	21	1
175	314	21	1
203	314	21	1
204	314	21	1
205	314	21	1
256	314	21	1
115	315	21	1
163	315	21	1
211	315	21	2
257	315	21	1
265	315	21	2
181	316	21	3
208	316	21	1
254	316	21	2
256	316	21	1
260	316	21	1
166	317	21	1
178	317	21	1
180	317	21	1
200	317	21	1
177	318	21	1
152	319	21	1
247	319	21	1
261	319	21	1
257	320	21	1
258	320	21	1
262	320	21	2
118	321	21	1
132	321	21	1
167	321	21	1
185	321	21	2
187	321	21	1
258	321	21	3
260	321	21	3
264	321	21	1
178	322	21	2
199	322	21	1
258	322	21	1
227	323	21	2
261	323	21	1
149	324	21	2
186	324	21	1
187	324	21	1
187	325	21	1
190	325	21	1
195	325	21	3
199	325	21	1
181	326	21	1
189	326	21	1
156	327	21	1
147	328	21	1
173	328	21	1
260	328	21	2
99	329	21	2
100	329	21	3
98	330	21	1
105	331	21	2
230	331	21	2
257	331	21	1
138	332	21	2
181	332	21	1
260	332	21	1
261	332	21	1
210	333	21	1
220	333	21	1
121	334	21	1
223	334	21	1
255	334	21	2
260	334	21	1
134	335	21	3
181	335	21	1
259	335	21	1
142	336	21	1
177	336	21	1
183	336	21	2
260	336	21	1
175	337	21	2
145	338	21	1
180	338	21	1
173	339	21	1
175	339	21	4
189	339	21	1
242	339	21	2
163	340	21	1
177	340	21	1
231	340	21	1
237	340	21	3
225	341	21	2
169	342	21	1
239	342	21	2
240	344	21	2
241	344	21	1
241	345	21	1
243	345	21	1
180	346	21	1
236	348	21	2
231	350	21	1
179	355	21	1
181	355	21	1
179	360	21	1
195	361	21	2
197	363	21	2
154	230	22	1
162	230	22	2
134	234	22	1
140	234	22	3
147	234	22	1
132	235	22	1
136	235	22	2
148	235	22	2
132	236	22	1
130	237	22	2
133	237	22	1
135	237	22	1
134	238	22	2
141	238	22	1
146	238	22	2
132	239	22	1
144	239	22	1
149	239	22	1
213	239	22	1
129	240	22	1
139	240	22	2
152	240	22	1
154	240	22	1
216	240	22	1
133	241	22	2
136	241	22	1
139	241	22	3
153	241	22	2
214	241	22	1
215	241	22	1
129	242	22	2
134	242	22	2
144	242	22	1
152	243	22	1
145	244	22	1
133	245	22	1
132	246	22	1
219	251	22	2
224	253	22	1
226	254	22	1
163	256	22	1
196	256	22	1
199	257	22	1
160	258	22	1
162	259	22	2
232	259	22	2
162	260	22	1
161	263	22	1
120	267	22	1
121	267	22	1
122	267	22	1
132	267	22	1
121	268	22	1
122	268	22	2
157	268	22	1
158	268	22	1
165	268	22	1
122	269	22	3
155	269	22	1
122	270	22	1
127	270	22	2
119	271	22	2
156	271	22	2
165	271	22	1
176	271	22	1
116	272	22	1
155	272	22	1
177	272	22	1
165	273	22	1
170	273	22	1
174	273	22	1
179	273	22	1
154	274	22	1
169	274	22	1
177	274	22	2
164	275	22	1
177	275	22	1
176	276	22	1
176	277	22	1
169	278	22	1
176	278	22	3
227	278	22	3
169	279	22	1
171	279	22	1
226	279	22	1
167	280	22	2
168	280	22	1
170	280	22	1
173	280	22	1
174	280	22	1
178	280	22	2
224	280	22	1
170	281	22	1
167	282	22	1
172	282	22	2
175	282	22	1
202	284	22	1
271	284	22	1
224	285	22	2
271	287	22	1
224	288	22	1
198	290	22	1
217	290	22	1
219	292	22	1
215	296	22	1
217	297	22	1
219	297	22	1
268	297	22	2
214	300	22	1
189	301	22	2
210	301	22	2
238	302	22	1
212	303	22	1
266	303	22	2
268	303	22	2
236	304	22	1
263	304	22	2
185	305	22	1
236	305	22	1
264	306	22	1
205	307	22	1
207	307	22	1
238	307	22	1
203	308	22	2
238	308	22	1
260	308	22	2
201	309	22	1
206	309	22	1
209	310	22	3
259	310	22	1
260	310	22	1
206	311	22	1
264	311	22	2
176	312	22	1
258	312	22	1
260	313	22	1
200	314	22	1
236	314	22	2
257	314	22	1
261	314	22	1
179	315	22	2
226	315	22	2
257	315	22	1
261	315	22	1
236	317	22	1
256	317	22	1
176	318	22	2
258	318	22	1
260	318	22	1
262	318	22	3
180	319	22	3
182	321	22	1
191	321	22	1
257	321	22	3
258	322	22	2
259	322	22	1
187	323	22	1
258	323	22	1
181	324	22	1
184	324	22	1
146	325	22	1
184	325	22	1
188	325	22	1
215	325	22	1
260	326	22	1
202	327	22	1
98	328	22	1
200	328	22	3
99	329	22	1
201	329	22	3
184	330	22	2
94	331	22	1
260	331	22	1
259	334	22	1
176	335	22	1
179	339	22	1
235	340	22	1
182	351	22	1
175	225	23	1
180	225	23	1
155	228	23	1
157	228	23	2
156	230	23	1
144	233	23	1
134	234	23	2
143	234	23	1
140	235	23	1
141	235	23	1
143	235	23	1
144	235	23	1
133	236	23	1
150	236	23	1
130	238	23	2
133	238	23	1
138	238	23	1
217	238	23	2
148	239	23	1
130	241	23	1
132	241	23	2
135	241	23	1
140	241	23	2
141	241	23	1
143	241	23	1
149	241	23	1
215	242	23	1
130	243	23	1
140	243	23	1
227	243	23	1
145	244	23	1
215	246	23	1
218	250	23	1
219	251	23	1
223	253	23	1
224	253	23	2
231	255	23	1
163	256	23	1
224	257	23	1
228	257	23	1
178	258	23	1
220	262	23	1
162	267	23	1
117	269	23	1
122	269	23	1
240	269	23	3
120	270	23	2
156	270	23	1
168	271	23	2
177	272	23	1
166	273	23	1
169	274	23	1
178	274	23	1
179	274	23	3
226	274	23	1
167	275	23	1
140	276	23	1
179	276	23	1
174	277	23	1
176	277	23	1
169	278	23	1
176	278	23	4
170	279	23	1
219	279	23	1
169	281	23	1
174	281	23	1
177	281	23	1
176	284	23	1
202	285	23	1
203	287	23	1
220	291	23	1
269	291	23	1
268	292	23	1
220	293	23	1
269	293	23	2
219	294	23	1
266	294	23	1
266	295	23	1
215	296	23	2
269	297	23	2
268	298	23	3
190	299	23	1
215	299	23	1
235	301	23	2
264	301	23	1
239	302	23	2
264	303	23	1
237	304	23	1
264	305	23	1
265	305	23	1
206	306	23	2
239	306	23	1
267	306	23	1
181	307	23	1
205	307	23	1
207	307	23	3
259	307	23	1
262	307	23	1
241	308	23	1
179	309	23	1
181	309	23	1
203	309	23	1
204	309	23	1
257	309	23	1
176	310	23	2
260	310	23	1
234	311	23	1
240	311	23	2
257	311	23	3
173	312	23	2
175	312	23	1
203	312	23	2
237	312	23	1
260	312	23	2
176	313	23	1
203	313	23	2
262	313	23	1
179	315	23	1
203	315	23	1
238	315	23	2
257	315	23	3
258	315	23	1
259	315	23	2
260	315	23	3
265	315	23	1
258	316	23	2
261	316	23	1
264	316	23	1
179	317	23	2
257	317	23	1
265	317	23	2
257	318	23	1
259	318	23	1
262	318	23	1
166	319	23	1
182	319	23	2
256	319	23	2
258	319	23	1
262	319	23	1
187	321	23	1
256	321	23	1
260	321	23	2
256	322	23	1
184	323	23	3
185	323	23	2
182	325	23	1
186	325	23	2
188	325	23	1
183	326	23	2
192	326	23	1
184	327	23	1
259	327	23	2
94	328	23	2
97	328	23	1
199	328	23	1
203	328	23	1
183	329	23	1
94	330	23	1
180	330	23	1
184	330	23	1
259	330	23	1
182	333	23	1
259	333	23	1
175	336	23	1
260	336	23	1
235	340	23	2
240	342	23	2
242	342	23	1
244	344	23	1
242	345	23	1
182	221	24	1
178	223	24	2
180	223	24	2
181	223	24	1
182	223	24	1
178	224	24	1
179	224	24	1
160	225	24	2
176	225	24	2
156	226	24	2
157	228	24	1
157	229	24	1
149	232	24	1
153	232	24	1
157	233	24	1
141	234	24	2
143	234	24	2
146	234	24	1
151	235	24	1
136	236	24	2
137	236	24	1
139	236	24	1
140	236	24	1
144	236	24	1
146	236	24	1
151	236	24	1
137	237	24	1
137	238	24	1
143	238	24	1
146	238	24	1
148	238	24	2
150	238	24	3
151	238	24	1
132	239	24	1
133	239	24	1
145	239	24	1
108	240	24	1
145	240	24	1
132	241	24	1
134	243	24	2
139	243	24	1
141	243	24	2
131	244	24	1
137	244	24	1
139	244	24	2
135	245	24	1
137	245	24	3
227	246	24	1
139	247	24	1
228	247	24	2
224	248	24	1
138	249	24	1
139	249	24	3
131	252	24	1
222	253	24	2
140	254	24	1
227	254	24	1
163	256	24	1
196	258	24	2
118	260	24	1
225	260	24	1
120	261	24	1
198	261	24	1
199	261	24	2
116	262	24	1
118	262	24	1
219	262	24	2
223	262	24	1
115	263	24	1
120	263	24	1
221	263	24	1
117	264	24	1
118	264	24	1
122	264	24	1
120	265	24	2
124	265	24	3
119	266	24	1
126	266	24	2
215	266	24	1
127	268	24	1
210	268	24	3
130	269	24	1
162	269	24	1
131	271	24	1
128	272	24	1
166	272	24	1
167	273	24	2
182	273	24	2
178	275	24	2
170	276	24	2
178	276	24	1
168	277	24	1
170	277	24	1
176	277	24	1
180	277	24	2
220	277	24	2
168	278	24	1
171	278	24	2
175	278	24	1
178	278	24	1
179	278	24	1
180	278	24	3
168	279	24	1
173	279	24	1
180	279	24	1
170	280	24	1
168	281	24	1
171	281	24	3
173	283	24	4
204	283	24	1
176	284	24	2
177	284	24	2
206	284	24	1
276	287	24	1
277	288	24	1
225	290	24	1
270	290	24	4
274	290	24	1
197	291	24	2
198	291	24	1
271	293	24	1
237	294	24	1
266	295	24	2
191	296	24	1
219	296	24	1
236	297	24	2
213	299	24	1
236	299	24	1
237	299	24	1
264	299	24	2
265	299	24	2
189	300	24	1
235	301	24	1
238	301	24	1
265	301	24	1
240	302	24	1
207	303	24	1
186	304	24	3
188	304	24	1
235	304	24	1
236	304	24	2
238	304	24	1
241	304	24	1
263	304	24	1
259	305	24	2
262	305	24	1
263	305	24	2
206	306	24	1
241	306	24	1
242	306	24	1
263	306	24	1
259	307	24	1
263	307	24	1
202	308	24	1
235	308	24	1
260	308	24	1
181	309	24	2
232	309	24	1
257	309	24	1
259	309	24	1
260	309	24	1
261	309	24	1
263	309	24	1
178	310	24	3
204	310	24	1
260	310	24	2
231	311	24	2
234	311	24	1
257	311	24	2
266	311	24	1
200	312	24	1
255	312	24	1
263	312	24	2
177	313	24	1
238	313	24	2
234	314	24	1
259	314	24	1
263	314	24	1
171	315	24	2
175	315	24	1
177	315	24	1
211	315	24	1
258	315	24	1
260	315	24	4
172	316	24	1
258	316	24	1
169	317	24	1
259	317	24	1
262	317	24	1
167	318	24	1
169	318	24	1
253	318	24	3
258	318	24	1
184	319	24	1
253	319	24	1
258	319	24	1
261	319	24	2
262	319	24	1
263	319	24	1
239	320	24	1
164	321	24	1
165	321	24	1
186	321	24	1
238	321	24	1
259	321	24	2
242	322	24	1
187	323	24	1
195	323	24	1
236	323	24	1
259	324	24	1
185	325	24	2
188	325	24	1
258	326	24	3
261	326	24	1
183	327	24	2
184	327	24	2
201	327	24	1
99	329	24	1
154	329	24	1
157	329	24	1
183	329	24	2
185	329	24	1
96	330	24	2
97	330	24	1
101	330	24	1
132	330	24	2
260	331	24	1
261	331	24	1
178	334	24	1
257	334	24	1
146	335	24	2
245	335	24	1
257	335	24	1
259	335	24	1
181	336	24	1
259	337	24	1
180	222	25	3
179	223	25	1
157	226	25	1
157	228	25	1
158	228	25	2
161	228	25	3
159	230	25	2
161	232	25	1
150	233	25	1
134	235	25	1
135	236	25	2
134	237	25	1
141	237	25	1
247	237	25	1
131	239	25	1
133	239	25	1
135	239	25	1
136	241	25	1
226	241	25	1
237	241	25	4
134	243	25	2
135	244	25	1
134	245	25	1
139	246	25	1
144	246	25	1
140	247	25	2
229	249	25	1
138	250	25	1
229	250	25	1
230	251	25	2
121	258	25	1
121	259	25	1
118	261	25	1
121	261	25	1
199	261	25	2
121	262	25	3
119	263	25	1
219	263	25	2
215	264	25	2
261	266	25	1
181	271	25	1
180	274	25	1
175	276	25	1
177	276	25	1
165	277	25	1
165	278	25	1
170	278	25	1
173	278	25	1
165	279	25	3
177	279	25	1
273	279	25	1
276	280	25	1
169	281	25	1
177	281	25	1
165	282	25	1
169	282	25	1
174	282	25	1
277	288	25	1
199	289	25	1
271	290	25	1
277	290	25	1
271	291	25	1
268	292	25	1
266	296	25	2
269	296	25	1
238	297	25	1
268	297	25	1
268	298	25	1
237	300	25	1
240	301	25	2
264	301	25	2
265	301	25	2
234	305	25	1
235	305	25	1
264	307	25	1
243	308	25	1
262	309	25	1
208	310	25	1
208	311	25	2
258	311	25	1
260	311	25	1
208	312	25	2
260	312	25	1
232	314	25	1
256	314	25	1
262	314	25	1
210	316	25	1
257	317	25	2
260	317	25	1
258	318	25	1
256	319	25	1
241	320	25	1
258	321	25	1
260	322	25	1
239	323	25	3
259	324	25	1
258	325	25	1
188	327	25	2
258	327	25	1
107	331	25	1
259	331	25	1
180	222	26	1
182	222	26	1
180	223	26	1
157	230	26	2
168	230	26	1
156	231	26	1
159	231	26	1
142	233	26	1
136	235	26	1
145	235	26	3
246	235	26	1
250	235	26	1
145	236	26	1
135	237	26	2
140	237	26	1
143	237	26	2
246	237	26	1
137	238	26	1
143	238	26	1
144	238	26	1
246	238	26	2
240	239	26	2
242	239	26	2
135	240	26	1
131	241	26	1
101	242	26	1
132	242	26	2
136	243	26	1
226	243	26	1
136	244	26	1
137	245	26	1
226	246	26	1
228	247	26	1
226	248	26	2
224	249	26	1
227	250	26	1
224	253	26	1
227	253	26	1
122	257	26	1
121	258	26	2
125	266	26	2
123	267	26	1
120	268	26	1
127	268	26	2
211	268	26	2
119	269	26	2
124	271	26	1
176	275	26	2
171	276	26	1
177	276	26	1
169	278	26	1
163	279	26	2
171	279	26	2
174	280	26	1
169	281	26	1
275	282	26	2
176	283	26	1
183	288	26	1
268	295	26	2
235	298	26	1
237	306	26	1
231	307	26	2
231	309	26	1
262	309	26	1
209	311	26	1
260	311	26	2
262	311	26	1
209	312	26	1
208	313	26	1
257	313	26	1
258	313	26	4
259	313	26	1
211	314	26	2
260	314	26	2
211	315	26	1
258	315	26	2
257	316	26	2
258	316	26	3
262	317	26	3
258	318	26	1
237	319	26	1
241	321	26	1
240	322	26	1
238	323	26	1
259	331	26	2
186	359	26	1
186	360	26	1
183	221	27	1
180	223	27	1
161	231	27	1
162	231	27	1
164	231	27	3
164	232	27	3
166	232	27	2
155	233	27	2
164	233	27	1
153	234	27	1
145	235	27	1
136	236	27	2
137	236	27	1
250	236	27	1
135	237	27	2
136	237	27	1
137	237	27	1
138	237	27	1
146	238	27	2
241	238	27	2
243	238	27	2
246	238	27	1
249	238	27	1
132	239	27	2
234	239	27	2
242	240	27	3
133	241	27	3
135	241	27	1
226	241	27	2
134	242	27	3
246	245	27	2
228	246	27	1
194	247	27	1
228	249	27	1
193	251	27	1
227	251	27	1
226	252	27	1
125	255	27	1
125	257	27	1
126	257	27	1
122	258	27	2
125	267	27	2
126	267	27	1
119	268	27	3
121	268	27	1
123	270	27	1
128	270	27	1
127	271	27	2
174	276	27	1
175	278	27	1
172	279	27	3
174	279	27	3
176	279	27	1
175	280	27	1
274	280	27	1
175	281	27	1
177	281	27	1
175	282	27	1
274	282	27	1
273	283	27	3
168	285	27	1
178	286	27	1
270	290	27	1
191	294	27	1
192	295	27	1
199	299	27	2
232	302	27	1
233	303	27	1
266	303	27	3
235	308	27	1
240	308	27	2
203	309	27	1
233	309	27	1
237	309	27	2
257	309	27	1
258	312	27	1
259	312	27	1
206	313	27	1
239	319	27	2
256	319	27	1
259	319	27	1
96	328	27	1
160	231	28	1
163	231	28	1
166	231	28	1
167	231	28	1
166	234	28	1
244	235	28	1
246	235	28	2
250	235	28	1
143	236	28	1
144	236	28	1
248	236	28	1
249	236	28	2
250	236	28	1
242	237	28	1
243	237	28	2
248	237	28	2
140	238	28	3
147	238	28	1
246	238	28	3
250	238	28	2
137	239	28	1
232	239	28	2
134	240	28	1
139	240	28	1
140	240	28	2
139	241	28	1
179	241	28	3
137	242	28	1
227	243	28	2
233	243	28	1
235	243	28	2
230	245	28	2
231	245	28	1
193	246	28	1
226	250	28	1
229	250	28	1
125	251	28	1
126	251	28	1
193	251	28	1
124	252	28	2
127	252	28	1
124	254	28	1
126	254	28	2
124	256	28	4
128	256	28	1
126	257	28	2
134	257	28	1
257	264	28	1
259	266	28	1
124	269	28	1
126	270	28	1
127	271	28	4
167	272	28	2
134	274	28	2
134	276	28	2
129	277	28	1
171	277	28	1
175	277	28	1
172	279	28	2
176	279	28	1
178	280	28	1
276	280	28	1
275	281	28	1
172	282	28	2
177	282	28	1
178	282	28	1
275	282	28	1
165	283	28	3
173	283	28	1
174	283	28	1
175	284	28	2
176	284	28	1
275	284	28	1
168	285	28	1
169	285	28	2
179	285	28	2
275	285	28	2
166	287	28	1
271	289	28	1
270	290	28	1
179	296	28	1
236	305	28	1
232	306	28	1
234	307	28	2
204	310	28	1
222	310	28	1
230	310	28	2
211	311	28	2
247	311	28	1
257	312	28	1
204	313	28	1
261	313	28	3
260	314	28	1
209	315	28	1
259	315	28	2
210	316	28	1
259	316	28	1
240	317	28	1
261	317	28	1
262	318	28	3
239	319	28	2
240	319	28	1
241	319	28	2
239	321	28	2
240	321	28	1
235	323	28	1
96	327	28	1
133	328	28	1
96	331	28	1
96	332	28	1
112	228	29	1
171	231	29	1
162	232	29	1
160	233	29	1
164	233	29	1
142	237	29	2
249	237	29	1
140	238	29	2
179	238	29	1
250	238	29	1
115	240	29	1
178	240	29	1
190	240	29	1
180	241	29	1
134	242	29	1
235	242	29	1
237	242	29	2
186	244	29	1
189	244	29	1
235	244	29	1
190	245	29	2
236	246	29	1
132	254	29	1
134	255	29	1
131	257	29	2
132	259	29	1
134	259	29	1
261	267	29	1
261	268	29	2
162	269	29	1
168	270	29	1
124	271	29	1
129	271	29	2
167	271	29	2
121	272	29	1
124	272	29	1
125	272	29	1
132	272	29	1
137	273	29	2
166	273	29	1
167	273	29	1
168	273	29	2
128	274	29	1
168	274	29	1
171	275	29	3
167	278	29	1
168	278	29	2
170	278	29	1
170	279	29	1
172	280	29	2
175	280	29	2
167	282	29	1
174	282	29	1
275	283	29	1
161	284	29	1
166	284	29	2
167	284	29	3
274	284	29	1
275	284	29	2
176	285	29	1
275	285	29	2
168	286	29	1
169	286	29	1
167	287	29	3
270	294	29	1
176	295	29	1
183	297	29	1
181	299	29	2
235	304	29	1
235	307	29	1
211	308	29	1
233	308	29	2
227	309	29	1
229	309	29	1
203	310	29	2
202	311	29	1
206	311	29	1
211	311	29	1
208	312	29	2
211	312	29	1
212	312	29	2
205	313	29	1
258	313	29	1
249	314	29	2
212	315	29	1
241	316	29	3
241	318	29	1
243	320	29	1
239	321	29	1
126	325	29	1
121	326	29	2
93	327	29	1
94	327	29	1
227	327	29	2
95	328	29	2
96	328	29	3
98	329	29	1
130	329	29	1
95	330	29	3
95	331	29	1
97	331	29	1
143	332	29	1
95	333	29	1
96	333	29	1
191	346	29	1
220	360	29	1
112	227	30	1
192	234	30	1
175	238	30	1
183	238	30	1
181	239	30	3
184	239	30	2
186	239	30	4
178	240	30	1
181	240	30	1
184	240	30	1
178	241	30	3
183	241	30	1
189	241	30	1
182	242	30	1
189	242	30	1
126	256	30	1
127	256	30	2
129	256	30	2
132	256	30	1
123	257	30	1
125	257	30	1
250	257	30	1
129	259	30	2
133	259	30	2
131	260	30	2
257	261	30	1
260	268	30	2
259	269	30	1
125	270	30	1
126	270	30	1
134	270	30	1
168	270	30	1
122	271	30	2
165	271	30	1
166	271	30	1
123	272	30	1
125	272	30	1
138	273	30	1
140	273	30	2
167	273	30	3
139	274	30	3
142	274	30	1
167	274	30	1
139	275	30	1
143	275	30	1
168	278	30	1
159	279	30	1
163	279	30	1
169	279	30	1
164	280	30	3
276	280	30	1
276	281	30	1
175	282	30	1
275	282	30	1
163	283	30	1
162	284	30	2
164	284	30	2
275	284	30	1
276	284	30	1
276	285	30	2
163	286	30	2
170	287	30	1
162	288	30	3
177	296	30	1
180	299	30	1
194	306	30	1
189	308	30	1
190	309	30	1
204	310	30	1
208	310	30	3
249	310	30	1
207	312	30	1
208	312	30	1
225	312	30	1
225	313	30	1
243	317	30	1
242	318	30	1
128	324	30	1
98	330	30	1
93	331	30	1
97	331	30	1
96	334	30	1
218	359	30	1
218	361	30	1
220	362	30	1
190	232	31	2
178	240	31	1
175	241	31	1
183	241	31	1
174	242	31	2
176	242	31	1
172	243	31	1
175	243	31	1
176	243	31	1
186	243	31	2
188	243	31	1
189	243	31	1
190	244	31	1
173	245	31	1
185	245	31	1
186	245	31	2
126	256	31	2
127	256	31	2
123	257	31	2
131	260	31	2
256	262	31	1
256	263	31	1
127	264	31	1
258	265	31	1
259	265	31	1
261	265	31	2
262	266	31	2
126	268	31	1
127	269	31	1
129	269	31	2
123	270	31	1
132	270	31	1
125	271	31	1
135	271	31	1
127	272	31	2
163	273	31	1
143	274	31	1
141	275	31	2
166	275	31	1
168	277	31	4
159	281	31	1
259	282	31	1
167	283	31	2
162	284	31	1
166	284	31	2
274	284	31	1
162	285	31	1
163	285	31	2
166	285	31	1
276	285	31	1
162	286	31	1
166	286	31	1
162	288	31	2
164	288	31	1
168	288	31	1
169	288	31	1
170	292	31	1
172	292	31	1
174	293	31	1
198	306	31	1
191	307	31	1
206	307	31	1
197	308	31	1
197	310	31	1
204	310	31	1
205	310	31	1
189	311	31	2
203	311	31	1
210	311	31	4
245	311	31	1
210	312	31	1
222	312	31	1
225	312	31	3
190	313	31	2
211	317	31	2
242	321	31	1
242	322	31	1
128	325	31	3
98	326	31	1
93	327	31	1
96	328	31	2
93	331	31	2
95	331	31	1
97	331	31	2
174	339	31	1
184	347	31	2
183	348	31	1
182	349	31	1
184	350	31	1
223	361	31	1
219	363	31	2
114	225	32	1
112	226	32	2
113	226	32	1
181	240	32	1
181	242	32	1
183	242	32	1
186	242	32	1
188	242	32	1
174	243	32	1
176	243	32	2
194	243	32	1
176	244	32	1
178	244	32	1
181	244	32	3
182	244	32	1
189	244	32	2
190	244	32	1
188	245	32	1
193	246	32	1
149	251	32	1
148	253	32	1
250	255	32	2
132	257	32	3
134	259	32	3
256	259	32	3
256	261	32	1
128	265	32	2
261	265	32	2
262	265	32	1
124	267	32	2
130	267	32	3
259	267	32	1
260	267	32	1
165	268	32	2
261	268	32	2
129	269	32	1
130	269	32	2
259	269	32	1
262	269	32	1
126	270	32	1
125	271	32	1
139	271	32	2
140	273	32	2
166	273	32	1
167	273	32	2
165	274	32	1
157	277	32	3
260	277	32	1
262	277	32	2
159	279	32	1
161	279	32	1
261	280	32	2
276	281	32	1
164	282	32	2
262	282	32	1
276	282	32	1
167	284	32	1
162	287	32	1
167	288	32	1
165	295	32	2
116	304	32	1
114	307	32	3
114	308	32	5
188	308	32	2
194	308	32	1
205	308	32	1
186	309	32	1
258	309	32	3
195	310	32	3
111	311	32	2
190	311	32	1
195	311	32	1
198	311	32	1
203	311	32	1
210	311	32	1
244	311	32	1
193	312	32	2
201	312	32	1
246	312	32	1
200	313	32	2
223	315	32	1
197	316	32	1
246	316	32	1
207	319	32	1
210	319	32	2
246	319	32	3
211	320	32	2
240	320	32	2
245	320	32	2
246	320	32	1
209	321	32	1
236	322	32	3
99	327	32	1
95	330	32	1
93	331	32	1
94	332	32	1
97	333	32	2
99	333	32	2
204	333	32	1
184	336	32	1
187	348	32	1
180	352	32	1
177	359	32	1
215	360	32	1
115	224	33	1
113	225	33	3
112	228	33	1
114	228	33	2
173	241	33	1
176	242	33	3
175	243	33	1
181	244	33	1
188	244	33	1
178	245	33	1
183	245	33	1
185	245	33	1
190	245	33	2
200	246	33	2
210	246	33	1
135	254	33	1
136	254	33	1
134	255	33	1
149	255	33	2
147	257	33	1
138	258	33	1
258	259	33	1
131	260	33	2
132	260	33	2
256	260	33	2
258	260	33	1
128	261	33	2
129	261	33	1
130	262	33	1
164	262	33	1
128	263	33	1
129	263	33	1
132	263	33	3
126	264	33	1
127	264	33	2
130	264	33	3
260	264	33	3
126	266	33	1
128	266	33	1
129	266	33	1
124	267	33	1
264	267	33	1
157	268	33	1
163	268	33	2
124	269	33	1
127	269	33	1
129	269	33	3
264	269	33	2
125	270	33	1
127	270	33	1
129	271	33	1
261	272	33	2
262	272	33	2
262	273	33	1
155	275	33	1
162	275	33	2
263	275	33	1
159	276	33	2
261	276	33	1
146	278	33	1
262	279	33	2
163	281	33	1
261	281	33	1
160	283	33	2
161	283	33	1
162	283	33	1
165	283	33	1
161	284	33	1
164	284	33	1
165	284	33	1
160	286	33	1
161	286	33	1
162	286	33	1
166	287	33	2
118	298	33	2
169	299	33	2
117	301	33	2
118	301	33	2
121	301	33	1
172	301	33	1
119	303	33	1
194	304	33	3
195	307	33	1
115	308	33	1
116	308	33	1
184	308	33	2
186	308	33	3
190	308	33	2
199	308	33	1
186	309	33	3
195	309	33	1
112	310	33	2
193	310	33	1
197	310	33	1
208	310	33	1
114	311	33	1
186	311	33	1
187	311	33	1
191	311	33	3
194	311	33	3
197	311	33	1
198	311	33	1
205	312	33	1
112	313	33	1
248	313	33	2
111	314	33	1
245	314	33	2
247	315	33	1
121	316	33	1
246	316	33	1
198	318	33	1
125	319	33	1
199	319	33	1
210	321	33	2
236	321	33	2
243	322	33	1
239	323	33	1
100	329	33	2
196	331	33	1
98	333	33	1
198	333	33	1
203	333	33	1
205	334	33	1
193	341	33	1
215	341	33	2
212	344	33	2
187	346	33	1
199	346	33	1
208	346	33	1
182	348	33	2
188	348	33	2
189	348	33	4
180	349	33	1
192	349	33	1
208	349	33	1
209	349	33	2
180	350	33	1
184	351	33	1
177	352	33	1
184	352	33	1
177	353	33	1
181	353	33	1
177	355	33	2
179	357	33	1
177	360	33	1
116	225	34	1
115	226	34	1
139	234	34	1
140	240	34	2
190	244	34	1
197	244	34	2
212	247	34	1
135	252	34	1
136	254	34	1
131	255	34	1
133	255	34	2
140	255	34	1
131	256	34	1
133	256	34	2
138	256	34	1
139	256	34	2
143	256	34	1
130	258	34	4
148	258	34	1
250	258	34	1
133	259	34	1
151	259	34	1
130	260	34	1
131	261	34	2
156	261	34	1
167	261	34	1
127	262	34	1
131	262	34	2
134	262	34	1
126	263	34	2
129	263	34	1
130	263	34	1
126	265	34	3
154	265	34	1
130	266	34	1
130	267	34	2
164	268	34	2
260	268	34	1
157	269	34	2
264	269	34	1
126	270	34	2
127	270	34	1
157	270	34	3
265	270	34	1
266	270	34	1
157	272	34	1
158	272	34	2
163	272	34	1
260	272	34	2
161	273	34	1
260	274	34	1
261	274	34	1
144	275	34	1
166	275	34	1
158	276	34	1
262	276	34	2
164	277	34	1
165	277	34	1
146	278	34	1
158	279	34	1
161	279	34	1
164	279	34	1
262	279	34	1
158	280	34	1
262	281	34	1
262	283	34	1
125	284	34	1
124	287	34	1
122	290	34	1
161	290	34	2
120	294	34	1
164	294	34	1
165	294	34	1
121	296	34	1
253	296	34	1
122	297	34	3
170	298	34	1
172	300	34	1
118	301	34	1
173	301	34	2
117	302	34	2
118	302	34	1
121	302	34	1
248	302	34	1
119	304	34	5
114	305	34	1
177	305	34	1
116	306	34	2
140	306	34	1
182	306	34	1
183	308	34	1
188	308	34	1
190	308	34	1
192	308	34	1
112	309	34	2
186	309	34	1
187	309	34	2
193	309	34	1
197	309	34	1
244	309	34	1
185	310	34	1
191	310	34	1
192	310	34	1
197	310	34	1
200	310	34	1
114	311	34	1
195	311	34	2
199	311	34	1
249	311	34	1
252	311	34	1
110	312	34	2
198	313	34	1
112	316	34	2
113	316	34	2
242	316	34	1
124	317	34	1
242	317	34	1
244	317	34	2
200	318	34	1
120	319	34	1
240	319	34	2
202	320	34	1
198	321	34	3
201	321	34	1
127	322	34	2
131	322	34	2
199	322	34	1
242	322	34	1
239	323	34	3
234	324	34	2
236	324	34	2
239	324	34	1
235	325	34	1
94	327	34	1
146	327	34	1
96	328	34	4
98	328	34	2
188	328	34	1
96	329	34	1
100	329	34	2
96	331	34	1
101	332	34	1
98	333	34	1
126	333	34	1
194	333	34	1
195	333	34	1
199	333	34	1
201	333	34	1
192	335	34	1
193	335	34	2
192	337	34	1
215	337	34	1
191	340	34	1
195	341	34	1
213	341	34	1
211	342	34	1
201	344	34	1
190	345	34	2
199	345	34	1
213	345	34	1
192	347	34	1
186	348	34	1
197	348	34	1
207	348	34	1
212	348	34	1
213	348	34	1
198	349	34	1
205	349	34	3
208	349	34	1
194	350	34	2
196	350	34	1
181	352	34	1
198	352	34	1
200	352	34	1
204	352	34	1
205	352	34	1
207	352	34	3
213	352	34	1
205	353	34	2
181	355	34	1
177	357	34	2
180	360	34	1
113	225	35	1
117	226	35	1
113	227	35	1
114	229	35	1
121	234	35	1
125	235	35	3
129	236	35	1
139	237	35	3
129	238	35	1
139	239	35	1
143	240	35	1
138	241	35	1
140	242	35	2
139	243	35	1
207	244	35	1
213	247	35	1
133	252	35	2
134	252	35	2
133	253	35	1
130	255	35	1
134	256	35	1
129	257	35	1
130	257	35	2
138	257	35	1
130	258	35	2
133	258	35	1
138	258	35	1
136	259	35	1
255	259	35	1
143	260	35	1
149	260	35	1
131	261	35	1
132	261	35	1
140	261	35	1
156	261	35	1
160	262	35	2
128	263	35	2
131	263	35	1
127	264	35	1
128	264	35	1
130	264	35	2
157	264	35	2
157	265	35	3
262	265	35	3
127	267	35	3
130	268	35	2
135	271	35	1
264	271	35	1
158	272	35	1
159	272	35	1
163	272	35	1
164	273	35	1
146	274	35	1
159	274	35	1
166	274	35	2
258	274	35	1
157	275	35	1
162	276	35	1
163	276	35	1
260	276	35	2
145	277	35	2
262	277	35	1
149	278	35	1
159	279	35	1
164	280	35	1
125	282	35	2
262	282	35	1
162	283	35	1
123	285	35	1
123	286	35	1
123	287	35	2
125	289	35	1
123	290	35	1
124	290	35	1
121	294	35	1
122	295	35	1
252	296	35	2
167	297	35	1
118	298	35	1
120	298	35	1
121	299	35	1
120	300	35	2
173	300	35	2
174	300	35	1
249	301	35	1
118	302	35	1
119	304	35	1
176	304	35	1
119	305	35	1
121	305	35	1
120	306	35	2
246	306	35	2
116	307	35	1
120	307	35	2
176	307	35	2
114	308	35	2
115	308	35	1
118	308	35	1
186	308	35	1
187	308	35	1
189	308	35	2
112	309	35	1
133	309	35	1
186	309	35	1
196	309	35	3
116	310	35	1
114	311	35	1
192	311	35	1
195	311	35	1
250	311	35	1
116	312	35	2
199	312	35	2
248	312	35	1
246	313	35	2
110	314	35	1
113	315	35	1
108	316	35	1
244	316	35	1
109	317	35	1
110	317	35	2
125	317	35	1
244	317	35	1
202	319	35	1
124	320	35	2
132	321	35	1
133	321	35	2
201	321	35	3
239	321	35	3
240	321	35	1
199	322	35	2
236	324	35	2
240	324	35	1
131	325	35	1
132	325	35	1
134	325	35	1
234	325	35	2
236	326	35	1
235	327	35	1
95	329	35	1
96	329	35	1
183	333	35	2
189	333	35	3
198	333	35	1
196	335	35	3
191	336	35	2
194	336	35	1
198	336	35	2
192	337	35	2
200	338	35	1
213	339	35	1
214	339	35	2
189	341	35	1
212	342	35	2
193	343	35	3
189	345	35	1
189	346	35	1
211	346	35	3
186	347	35	2
187	347	35	2
215	347	35	1
186	348	35	2
192	349	35	1
193	349	35	1
188	351	35	1
210	351	35	1
213	351	35	1
208	352	35	2
209	352	35	1
181	353	35	2
183	353	35	1
207	353	35	1
210	353	35	1
182	354	35	1
194	354	35	1
209	354	35	1
181	355	35	1
205	355	35	2
179	356	35	1
204	356	35	3
206	356	35	1
113	227	36	1
125	235	36	1
136	235	36	3
136	236	36	2
138	236	36	1
140	238	36	1
139	239	36	1
138	240	36	1
141	241	36	1
169	241	36	2
170	242	36	1
175	242	36	1
171	245	36	1
134	250	36	3
131	253	36	1
136	253	36	1
140	253	36	1
144	254	36	1
132	255	36	1
136	255	36	1
130	256	36	1
129	257	36	1
135	257	36	2
131	258	36	1
128	260	36	1
127	261	36	1
128	261	36	1
131	261	36	1
132	263	36	1
262	263	36	1
126	264	36	1
146	264	36	2
263	264	36	1
155	265	36	1
262	265	36	1
153	266	36	1
146	267	36	2
157	271	36	1
143	273	36	1
160	273	36	2
163	273	36	1
146	274	36	3
161	274	36	1
162	274	36	2
163	274	36	2
257	274	36	2
138	275	36	2
139	275	36	1
166	275	36	2
261	275	36	1
163	276	36	1
158	277	36	2
162	277	36	1
163	277	36	2
164	278	36	1
161	279	36	2
163	279	36	1
126	280	36	2
262	281	36	1
261	282	36	1
127	283	36	1
126	285	36	1
123	286	36	1
124	286	36	1
158	286	36	1
160	286	36	1
124	288	36	1
145	288	36	1
152	288	36	1
154	288	36	1
124	289	36	1
147	290	36	2
126	292	36	3
124	295	36	1
121	297	36	1
259	298	36	1
166	299	36	1
171	299	36	1
249	299	36	2
119	300	36	1
171	300	36	1
174	300	36	1
176	300	36	1
121	301	36	1
174	301	36	1
175	301	36	1
176	301	36	1
117	302	36	1
121	302	36	1
176	302	36	1
175	303	36	1
179	303	36	2
114	304	36	1
118	305	36	1
118	306	36	1
121	306	36	1
112	308	36	7
113	308	36	1
114	308	36	1
117	308	36	1
183	308	36	1
187	308	36	1
113	309	36	2
115	309	36	2
189	309	36	1
114	310	36	1
115	310	36	1
185	310	36	1
190	310	36	3
110	311	36	1
194	311	36	1
249	311	36	1
250	311	36	2
190	312	36	1
112	315	36	2
122	315	36	3
259	317	36	2
151	318	36	1
114	319	36	3
130	320	36	1
228	320	36	1
239	321	36	1
130	322	36	1
238	322	36	1
240	324	36	1
126	326	36	2
233	326	36	2
94	327	36	2
96	327	36	2
233	327	36	3
151	333	36	1
203	333	36	1
186	334	36	1
194	337	36	1
198	337	36	1
199	337	36	1
150	338	36	2
211	339	36	1
210	340	36	1
189	343	36	2
197	348	36	3
213	348	36	1
214	348	36	2
209	349	36	1
188	350	36	1
214	350	36	2
185	352	36	2
212	352	36	1
213	352	36	1
213	353	36	2
182	354	36	1
208	355	36	1
179	356	36	1
181	356	36	2
183	356	36	2
179	357	36	4
205	357	36	2
179	358	36	1
206	358	36	2
123	225	37	2
114	226	37	1
116	228	37	1
122	229	37	1
175	229	37	1
116	232	37	1
124	232	37	1
128	233	37	1
138	233	37	1
125	234	37	1
130	234	37	1
127	235	37	1
134	235	37	2
129	236	37	2
138	237	37	1
135	239	37	1
143	239	37	1
169	241	37	1
173	241	37	1
136	242	37	1
141	243	37	1
175	243	37	2
169	244	37	1
170	244	37	1
173	245	37	1
175	245	37	1
174	247	37	1
137	252	37	1
133	253	37	1
139	253	37	1
140	253	37	1
141	253	37	1
145	253	37	2
148	253	37	2
132	254	37	1
133	254	37	1
134	254	37	1
136	254	37	4
143	254	37	1
131	256	37	1
145	256	37	1
148	256	37	1
207	256	37	1
129	258	37	2
209	260	37	1
244	260	37	1
129	261	37	2
159	262	37	1
128	263	37	1
131	263	37	1
154	263	37	1
131	264	37	2
142	264	37	2
143	264	37	2
128	265	37	2
155	265	37	1
147	266	37	1
154	268	37	2
151	269	37	1
251	272	37	1
161	273	37	1
132	274	37	1
143	274	37	1
164	274	37	1
165	274	37	1
136	276	37	1
163	277	37	1
142	278	37	1
163	278	37	1
126	279	37	2
162	279	37	1
258	280	37	1
127	281	37	3
129	281	37	2
161	281	37	2
258	281	37	2
161	282	37	1
259	282	37	4
127	284	37	1
128	284	37	2
161	284	37	1
126	286	37	2
126	288	37	1
152	288	37	2
153	288	37	1
262	292	37	1
159	293	37	1
259	293	37	3
259	294	37	3
259	295	37	1
168	299	37	1
173	299	37	1
174	299	37	1
173	300	37	2
174	300	37	1
173	301	37	1
177	301	37	1
247	301	37	1
176	302	37	1
180	302	37	2
250	302	37	1
174	303	37	1
114	304	37	1
117	304	37	2
261	304	37	1
113	306	37	1
116	306	37	1
183	308	37	1
252	309	37	1
112	310	37	2
189	311	37	1
191	312	37	2
194	312	37	1
196	313	37	2
121	314	37	1
118	316	37	2
121	316	37	2
121	317	37	1
153	317	37	2
119	318	37	1
140	318	37	1
146	318	37	1
148	318	37	1
153	318	37	1
115	319	37	2
116	319	37	2
117	319	37	2
146	319	37	1
131	320	37	1
131	322	37	2
242	324	37	2
134	325	37	1
241	326	37	1
181	332	37	1
185	334	37	3
148	335	37	1
211	337	37	2
209	338	37	1
212	339	37	1
213	341	37	1
209	342	37	1
211	342	37	2
191	343	37	1
192	344	37	1
203	346	37	3
191	347	37	1
213	347	37	1
214	347	37	1
212	348	37	1
186	349	37	1
210	349	37	2
212	349	37	1
215	349	37	1
210	350	37	2
211	350	37	1
214	350	37	1
214	351	37	2
186	352	37	1
211	352	37	1
186	353	37	1
209	353	37	2
182	354	37	1
183	354	37	1
203	355	37	3
212	355	37	2
207	356	37	1
205	357	37	2
208	357	37	1
180	358	37	1
114	218	38	1
113	219	38	2
125	223	38	1
125	225	38	3
125	230	38	1
173	230	38	1
137	231	38	1
140	231	38	1
122	232	38	2
138	233	38	1
169	233	38	1
114	234	38	1
130	234	38	2
135	234	38	1
117	235	38	1
136	235	38	1
139	235	38	1
197	235	38	1
119	236	38	1
143	237	38	1
136	238	38	2
141	238	38	3
144	238	38	1
126	239	38	1
166	239	38	2
167	239	38	1
168	239	38	1
138	240	38	1
166	240	38	1
197	240	38	1
200	240	38	1
128	241	38	1
143	241	38	2
126	242	38	2
167	242	38	2
171	242	38	1
197	242	38	1
138	243	38	1
143	243	38	2
168	243	38	3
135	244	38	2
140	244	38	1
141	244	38	1
169	244	38	1
172	244	38	1
173	244	38	1
125	245	38	1
167	245	38	1
175	245	38	1
169	246	38	1
173	246	38	1
174	246	38	2
169	248	38	2
140	249	38	1
132	251	38	2
137	252	38	2
170	252	38	2
132	253	38	1
135	253	38	1
147	253	38	1
134	254	38	2
134	255	38	3
140	255	38	1
150	255	38	2
132	256	38	2
136	256	38	2
151	256	38	1
135	258	38	2
139	258	38	1
146	258	38	1
207	258	38	3
146	259	38	1
206	259	38	1
252	259	38	1
134	260	38	2
142	260	38	1
143	260	38	1
144	260	38	1
168	260	38	2
130	261	38	2
131	261	38	2
146	261	38	1
149	261	38	1
260	261	38	1
264	261	38	1
142	262	38	1
149	262	38	1
151	262	38	3
152	262	38	2
144	263	38	1
150	263	38	1
158	263	38	1
164	263	38	1
263	263	38	1
129	264	38	2
147	264	38	1
152	264	38	1
163	264	38	1
166	264	38	1
146	265	38	1
156	265	38	1
143	267	38	1
262	267	38	1
143	268	38	1
136	269	38	1
142	270	38	1
137	271	38	2
132	272	38	1
133	272	38	2
141	272	38	1
147	272	38	1
253	272	38	2
254	272	38	1
139	273	38	1
144	273	38	1
145	273	38	1
143	274	38	1
251	274	38	1
129	275	38	1
129	276	38	1
163	276	38	1
161	277	38	1
160	278	38	3
164	278	38	2
126	280	38	1
128	280	38	3
129	280	38	1
134	280	38	2
140	280	38	2
164	280	38	1
137	281	38	1
141	281	38	1
161	281	38	1
129	282	38	1
125	283	38	2
160	283	38	1
126	284	38	1
136	284	38	1
125	285	38	3
153	286	38	1
125	288	38	2
154	288	38	1
156	288	38	1
257	291	38	1
154	292	38	1
156	292	38	1
253	293	38	2
155	294	38	1
255	294	38	1
258	294	38	1
259	294	38	1
120	295	38	1
155	295	38	1
254	295	38	1
259	295	38	3
121	297	38	1
259	297	38	1
260	297	38	2
170	298	38	1
259	298	38	1
121	300	38	1
173	300	38	2
172	302	38	1
178	302	38	1
125	303	38	1
126	303	38	2
260	303	38	1
174	304	38	1
177	304	38	1
182	304	38	2
261	304	38	1
259	305	38	1
180	306	38	1
114	307	38	1
259	310	38	1
260	310	38	1
122	314	38	2
119	315	38	1
118	316	38	1
119	316	38	1
140	316	38	3
145	316	38	1
146	316	38	1
152	316	38	1
114	317	38	2
117	317	38	4
119	317	38	1
119	318	38	2
121	318	38	2
140	318	38	1
151	318	38	1
117	319	38	1
116	320	38	2
138	320	38	1
140	320	38	1
150	320	38	2
113	321	38	1
143	322	38	1
126	323	38	1
181	324	38	2
239	324	38	1
241	324	38	1
133	325	38	3
235	325	38	1
237	325	38	1
242	325	38	1
242	326	38	1
237	329	38	1
148	330	38	1
152	332	38	1
155	332	38	2
150	333	38	1
188	333	38	3
148	335	38	1
181	335	38	1
211	339	38	1
215	339	38	1
214	340	38	1
199	344	38	1
192	345	38	1
197	345	38	1
189	346	38	2
190	346	38	2
192	346	38	1
248	346	38	1
189	347	38	2
211	347	38	1
215	347	38	1
190	348	38	1
211	350	38	3
212	351	38	1
216	351	38	1
211	352	38	2
184	354	38	2
212	354	38	1
176	355	38	1
211	355	38	1
180	356	38	1
208	356	38	3
174	357	38	2
181	357	38	3
171	358	38	1
205	358	38	1
208	358	38	1
191	361	38	1
192	361	38	1
195	361	38	1
201	361	38	1
193	364	38	1
113	219	39	1
113	220	39	1
111	221	39	4
122	223	39	2
125	223	39	1
118	224	39	1
120	224	39	1
146	226	39	1
124	227	39	4
147	228	39	1
136	229	39	2
123	230	39	1
145	230	39	1
135	232	39	1
128	233	39	2
140	233	39	1
194	233	39	1
198	233	39	1
199	233	39	2
154	235	39	1
168	235	39	2
167	236	39	1
195	236	39	2
199	236	39	1
120	237	39	1
138	237	39	1
139	237	39	2
198	237	39	1
142	238	39	2
143	238	39	1
145	238	39	1
201	238	39	1
135	239	39	1
139	239	39	1
127	240	39	1
163	240	39	1
166	240	39	1
196	240	39	1
128	241	39	1
142	241	39	1
168	241	39	1
126	242	39	1
165	242	39	1
168	242	39	2
171	242	39	2
125	243	39	1
129	243	39	2
131	243	39	1
174	243	39	1
121	244	39	4
124	244	39	1
125	244	39	1
139	244	39	1
142	244	39	1
167	244	39	1
169	244	39	1
167	245	39	1
168	245	39	1
177	245	39	1
172	246	39	1
173	246	39	1
125	247	39	1
127	247	39	1
168	247	39	3
174	247	39	1
178	247	39	1
134	249	39	2
135	249	39	2
140	249	39	1
135	250	39	1
140	250	39	1
136	251	39	1
136	252	39	1
143	252	39	1
132	253	39	1
168	253	39	1
169	253	39	1
247	253	39	1
124	254	39	1
132	254	39	1
134	254	39	2
142	254	39	1
151	254	39	2
153	254	39	2
168	254	39	1
141	255	39	1
153	255	39	1
153	256	39	1
155	256	39	1
156	256	39	1
139	257	39	1
154	258	39	1
168	258	39	1
134	259	39	1
149	259	39	1
211	259	39	4
133	260	39	3
145	260	39	1
149	260	39	1
168	260	39	1
255	260	39	1
256	260	39	1
130	261	39	1
140	261	39	1
148	261	39	1
150	261	39	1
166	261	39	1
205	261	39	1
252	261	39	1
143	262	39	1
146	262	39	1
261	262	39	2
262	262	39	2
129	263	39	3
131	263	39	1
132	263	39	2
146	263	39	1
150	263	39	2
153	263	39	1
154	263	39	1
158	263	39	1
262	263	39	1
263	263	39	1
142	264	39	1
152	264	39	1
153	264	39	2
154	264	39	2
155	264	39	1
166	264	39	1
263	264	39	1
129	265	39	2
146	265	39	1
258	265	39	1
130	266	39	1
145	266	39	1
147	266	39	1
165	266	39	1
261	266	39	3
156	267	39	1
256	267	39	1
131	268	39	2
147	268	39	1
143	269	39	1
144	269	39	2
151	269	39	1
132	270	39	1
146	270	39	1
154	270	39	1
167	270	39	1
245	270	39	1
141	271	39	3
143	271	39	1
144	271	39	2
145	271	39	1
247	271	39	2
134	272	39	1
143	272	39	1
147	272	39	1
166	272	39	1
227	272	39	1
251	272	39	1
252	272	39	1
142	273	39	2
146	273	39	1
151	273	39	2
141	274	39	1
142	274	39	1
130	275	39	1
133	275	39	1
141	275	39	2
144	275	39	2
129	276	39	3
132	276	39	1
138	276	39	1
142	276	39	3
233	276	39	1
140	277	39	2
143	277	39	1
147	277	39	1
153	277	39	1
129	278	39	1
138	278	39	1
147	278	39	1
164	278	39	1
128	279	39	2
136	279	39	4
141	279	39	1
142	279	39	1
145	279	39	1
147	279	39	3
148	279	39	1
149	279	39	2
154	279	39	1
163	279	39	1
162	280	39	1
138	281	39	1
141	281	39	1
151	281	39	1
127	282	39	3
133	282	39	1
127	283	39	2
130	283	39	2
134	284	39	2
142	284	39	2
157	284	39	1
139	285	39	1
173	286	39	1
132	287	39	1
134	287	39	2
154	287	39	1
136	288	39	1
157	288	39	1
155	290	39	1
158	290	39	3
252	292	39	1
134	293	39	1
139	293	39	1
248	293	39	1
253	293	39	2
140	294	39	2
170	294	39	2
159	295	39	1
170	295	39	2
131	296	39	2
259	296	39	1
166	297	39	1
250	297	39	1
123	298	39	1
134	298	39	2
165	298	39	1
171	298	39	3
253	298	39	1
261	298	39	1
171	299	39	1
249	299	39	1
165	300	39	2
174	300	39	1
176	300	39	1
260	300	39	2
261	300	39	1
121	301	39	1
176	301	39	4
172	302	39	1
178	302	39	1
174	303	39	2
178	303	39	1
172	304	39	1
178	304	39	2
174	305	39	2
176	305	39	1
259	305	39	1
260	305	39	1
125	306	39	1
115	307	39	2
181	307	39	4
125	308	39	1
124	311	39	2
147	314	39	1
120	316	39	1
146	316	39	1
149	316	39	1
115	317	39	1
135	317	39	1
114	318	39	3
115	318	39	1
137	318	39	1
136	319	39	1
150	319	39	1
140	320	39	1
146	320	39	1
181	320	39	1
179	321	39	2
242	323	39	1
239	327	39	1
240	328	39	1
157	329	39	1
238	329	39	2
153	330	39	1
189	330	39	1
220	330	39	3
149	331	39	1
153	331	39	1
168	331	39	2
219	331	39	1
240	331	39	1
153	332	39	1
157	332	39	1
179	332	39	2
187	332	39	2
191	332	39	1
221	332	39	1
161	333	39	2
183	333	39	1
193	333	39	1
151	334	39	2
155	334	39	1
183	334	39	1
189	334	39	2
195	335	39	2
153	336	39	1
214	336	39	1
242	336	39	1
157	337	39	2
195	337	39	1
212	337	39	2
152	338	39	2
213	338	39	1
214	339	39	1
211	341	39	1
214	341	39	1
215	341	39	2
207	343	39	1
208	343	39	1
191	344	39	2
201	345	39	1
202	345	39	1
191	346	39	3
208	346	39	2
248	346	39	1
190	347	39	2
192	347	39	2
211	347	39	2
247	347	39	1
191	348	39	2
211	348	39	1
213	348	39	1
190	349	39	3
217	349	39	2
237	351	39	1
212	352	39	2
215	353	39	2
211	354	39	2
214	354	39	2
207	355	39	1
176	357	39	1
191	361	39	1
195	361	39	1
192	362	39	1
205	362	39	3
191	363	39	1
195	363	39	1
114	219	40	3
112	220	40	1
113	220	40	1
111	221	40	2
120	224	40	2
122	224	40	1
144	225	40	1
138	227	40	2
138	229	40	1
141	229	40	1
142	229	40	1
136	230	40	1
138	230	40	2
137	231	40	2
141	231	40	2
203	231	40	1
203	232	40	1
196	233	40	2
198	233	40	1
201	233	40	1
118	234	40	1
199	234	40	1
139	235	40	2
140	235	40	1
142	235	40	2
195	235	40	2
202	235	40	1
142	236	40	1
146	236	40	3
201	236	40	1
202	236	40	1
142	238	40	1
143	238	40	1
146	238	40	1
159	238	40	1
166	238	40	2
167	238	40	1
197	238	40	1
126	239	40	1
136	239	40	1
139	239	40	1
160	239	40	1
136	240	40	1
142	240	40	1
162	240	40	1
165	240	40	2
125	241	40	1
162	241	40	2
164	241	40	1
168	241	40	1
133	242	40	1
168	242	40	2
169	242	40	1
140	243	40	1
141	243	40	1
176	243	40	1
176	244	40	1
125	245	40	1
163	245	40	1
125	246	40	1
126	246	40	1
171	247	40	2
174	247	40	2
125	248	40	1
174	248	40	1
137	250	40	1
139	250	40	1
231	250	40	1
139	253	40	1
235	253	40	1
134	255	40	1
140	255	40	1
137	256	40	1
212	256	40	1
132	257	40	1
134	257	40	1
134	258	40	1
149	258	40	1
151	258	40	1
145	259	40	1
147	259	40	1
156	259	40	1
157	259	40	2
160	259	40	2
162	259	40	2
176	259	40	1
204	259	40	4
132	260	40	1
142	260	40	2
147	260	40	1
154	260	40	3
140	261	40	1
149	261	40	1
161	261	40	1
168	261	40	1
211	261	40	3
251	261	40	1
130	262	40	1
136	262	40	1
140	262	40	2
143	262	40	1
147	262	40	2
153	262	40	2
154	262	40	1
159	262	40	1
248	262	40	1
142	263	40	2
159	263	40	4
166	263	40	1
234	263	40	1
130	264	40	1
160	264	40	3
163	264	40	1
168	264	40	1
144	265	40	1
164	265	40	1
165	265	40	1
222	265	40	1
142	266	40	1
146	266	40	1
151	266	40	1
153	266	40	1
157	266	40	3
158	266	40	1
219	266	40	1
168	267	40	1
258	267	40	1
166	268	40	1
246	268	40	3
152	269	40	1
153	269	40	2
167	269	40	1
246	269	40	1
250	269	40	1
134	270	40	2
137	270	40	3
142	270	40	1
144	270	40	1
145	270	40	1
147	270	40	1
150	270	40	1
164	270	40	1
249	270	40	1
251	270	40	2
146	271	40	3
150	271	40	1
135	272	40	2
136	272	40	2
143	272	40	1
144	272	40	1
231	272	40	2
245	272	40	1
247	272	40	1
140	273	40	2
142	273	40	1
146	273	40	1
166	273	40	1
167	273	40	1
143	274	40	1
144	274	40	1
147	274	40	1
247	274	40	1
132	275	40	2
137	275	40	1
141	275	40	1
147	275	40	1
162	275	40	1
129	276	40	1
133	276	40	1
136	276	40	3
137	276	40	1
148	276	40	1
163	276	40	1
130	277	40	1
143	277	40	1
129	278	40	1
138	278	40	1
139	278	40	1
142	278	40	1
145	278	40	1
147.5	278	40.5	1
151	278	40	1
157	278	40	2
148	279	40	1
149	279	40	1
152	279	40	1
138	280	40	2
142	280	40	1
152	280	40	3
161	280	40	1
162	280	40	2
129	281	40	1
133	281	40	2
159	282	40	3
133	283	40	1
134	283	40	1
157	283	40	2
135	285	40	4
133	286	40	1
160	286	40	1
137	287	40	1
156	287	40	1
135	288	40	2
154	288	40	3
258	288	40	1
250	289	40	1
139	291	40	1
133	292	40	3
125	293	40	2
140	293	40	2
139	294	40	1
254	294	40	3
126	295	40	1
131	295	40	2
162	295	40	1
130	296	40	2
121	297	40	1
133	297	40	1
149	297	40	1
172	297	40	2
253	297	40	1
257	297	40	1
134	298	40	1
162	298	40	1
169	298	40	1
259	298	40	1
168	299	40	1
169	299	40	1
123	300	40	1
260	300	40	2
133	301	40	3
140	301	40	2
130	302	40	1
143	302	40	1
261	302	40	3
128	303	40	2
133	303	40	1
175	303	40	1
181	303	40	1
124	304	40	1
130	304	40	1
170	304	40	2
180	304	40	2
127	305	40	1
140	305	40	1
181	306	40	2
183	307	40	1
262	307	40	2
124	308	40	1
119	312	40	1
121	312	40	1
123	312	40	1
118	315	40	3
148	315	40	1
115	316	40	2
116	316	40	1
145	316	40	2
116	318	40	1
117	318	40	1
146	318	40	1
116	319	40	1
177	323	40	1
249	326	40	1
242	327	40	2
242	328	40	1
240	329	40	1
244	329	40	2
178	330	40	1
189	330	40	1
242	330	40	1
243	330	40	2
148	331	40	1
149	332	40	1
151	332	40	1
174	332	40	2
177	332	40	1
181	332	40	1
183	332	40	2
218	332	40	1
220	332	40	1
221	332	40	1
150	333	40	1
154	333	40	1
219	333	40	1
240	333	40	1
151	334	40	2
153	334	40	1
191	334	40	1
244	334	40	1
156	335	40	2
247	335	40	3
153	336	40	2
158	337	40	1
153	338	40	1
156	339	40	2
213	340	40	1
245	340	40	3
217	341	40	4
221	341	40	1
208	343	40	1
210	343	40	2
220	343	40	1
232	343	40	3
195	344	40	1
204	344	40	1
209	344	40	1
210	344	40	2
193	345	40	2
196	345	40	1
204	345	40	1
209	345	40	1
191	347	40	2
203	347	40	1
211	347	40	1
236	349	40	2
182	351	40	1
215	351	40	1
211	352	40	1
212	352	40	1
173	356	40	1
177	356	40	1
174	357	40	1
171	358	40	2
173	358	40	1
204	359	40	1
207	359	40	1
173	360	40	2
112	220	41	1
113	220	41	3
110	222	41	2
111	222	41	1
141	226	41	2
135	227	41	1
137	227	41	2
140	227	41	1
138	228	41	1
139	231	41	1
143	232	41	1
136	233	41	1
141	233	41	1
142	233	41	2
198	233	41	1
204	233	41	1
136	234	41	1
140	234	41	2
142	234	41	2
199	235	41	1
161	236	41	1
167	236	41	1
170	236	41	2
201	236	41	1
204	236	41	2
140	237	41	1
158	237	41	3
160	237	41	1
163	237	41	1
164	237	41	2
141	238	41	2
164	238	41	3
167	238	41	1
144	239	41	1
161	239	41	1
162	239	41	1
201	239	41	1
139	240	41	2
162	240	41	1
198	240	41	1
129	241	41	3
140	241	41	1
142	241	41	1
143	241	41	1
164	241	41	1
166	241	41	3
167	241	41	2
128	242	41	1
135	242	41	3
137	242	41	2
140	242	41	1
141	242	41	1
170	242	41	2
138	243	41	1
139	243	41	1
164	243	41	1
169	243	41	1
125	244	41	1
170	244	41	2
173	244	41	1
128	245	41	2
177	245	41	2
128	246	41	2
179	247	41	2
231	250	41	1
119	253	41	1
143	253	41	2
232	253	41	1
144	254	41	1
243	254	41	1
119	255	41	1
141	255	41	2
120	256	41	1
140	256	41	2
142	256	41	1
143	256	41	1
152	256	41	1
210	256	41	2
137	257	41	2
141	257	41	3
174	257	41	1
177	257	41	1
178	257	41	1
213	257	41	1
214	257	41	1
254	257	41	2
153	258	41	1
154	258	41	1
155	258	41	1
177	258	41	2
211	258	41	1
176	259	41	1
208	259	41	1
213	259	41	3
140	260	41	1
148	260	41	1
157	260	41	1
158	260	41	1
170	260	41	1
175	260	41	2
210	260	41	3
253	260	41	1
151	261	41	1
153	261	41	1
160	261	41	1
167	261	41	1
210	261	41	1
250	261	41	1
253	261	41	2
148	262	41	2
151	262	41	1
164	262	41	2
167	262	41	1
172	262	41	1
248	262	41	1
249	262	41	2
251	262	41	1
143	263	41	2
151	263	41	1
153	263	41	2
162	263	41	2
168	263	41	1
255	263	41	2
143	264	41	1
145	264	41	1
147	264	41	2
148	264	41	2
151	264	41	2
158	264	41	1
209	264	41	1
210	264	41	1
249	264	41	3
124	265	41	1
144	265	41	1
152	265	41	1
256	265	41	1
120	266	41	3
153	266	41	1
135	267	41	1
247	267	41	1
253	267	41	1
148	268	41	1
206	268	41	1
144	269	41	1
203	269	41	1
248	269	41	1
251	269	41	2
258	269	41	1
132	270	41	1
135	270	41	1
137	270	41	1
140	270	41	2
142	270	41	2
149	270	41	2
151	270	41	2
152	270	41	1
247	270	41	1
132	271	41	2
142	271	41	1
151	271	41	1
153	271	41	1
218	271	41	1
136	272	41	1
140	272	41	2
151	272	41	1
163	272	41	1
165	272	41	1
219	272	41	2
228	272	41	1
146	273	41	2
147	273	41	1
150	273	41	1
151	273	41	1
157	273	41	1
136	274	41	1
146	274	41	2
151	274	41	1
153	274	41	3
156	274	41	1
164	274	41	1
246	274	41	1
247	274	41	1
130	275	41	1
151	275	41	1
153	275	41	2
157	275	41	1
130	276	41	1
139	276	41	2
141	276	41	1
145	276	41	1
146	276	41	2
147	276	41	1
245	276	41	1
246	276	41	1
129	277	41	2
132	277	41	1
138	277	41	1
142	277	41	1
151	277	41	2
157	277	41	1
131	278	41	3
135	278	41	1
136	278	41	2
142	278	41	3
150	278	41	1
152	278	41	1
155	278	41	1
164	278	41	3
247	278	41	2
129	279	41	1
133	279	41	2
138	279	41	1
210	279	41	1
141	280	41	1
142	280	41	1
144	280	41	1
152	280	41	1
153	280	41	1
162	280	41	2
130	281	41	1
152	281	41	3
137	282	41	1
154	282	41	1
162	282	41	1
139	283	41	2
151	283	41	1
160	283	41	1
218	283	41	1
138	284	41	1
141	284	41	1
215	284	41	1
158	286	41	2
159	286	41	3
160	286	41	1
135	287	41	2
136	287	41	1
139	287	41	1
156	287	41	2
157	288	41	1
141	289	41	2
135	291	41	1
154	291	41	1
134	292	41	2
155	292	41	3
134	293	41	2
142	294	41	1
152	294	41	1
154	294	41	2
135	295	41	2
150	295	41	1
148	296	41	1
252	296	41	1
129	297	41	1
162	297	41	1
165	297	41	2
171	297	41	1
252	297	41	1
259	297	41	1
131	298	41	1
138	298	41	1
149	298	41	1
252	298	41	2
166	299	41	1
167	299	41	1
260	299	41	1
168	300	41	1
172	301	41	2
250	301	41	1
97	302	41	1
125	302	41	1
127	302	41	2
128	302	41	3
132	302	41	1
168	302	41	1
123	303	41	3
124	303	41	1
144	303	41	2
170	303	41	4
176	303	41	1
181	303	41	1
122	304	41	1
129	304	41	1
133	304	41	2
170	304	41	2
181	304	41	1
127	305	41	1
131	305	41	1
176	305	41	1
182	305	41	2
259	305	41	1
123	306	41	1
130	306	41	1
171	306	41	1
122	307	41	1
125	307	41	2
126	308	41	1
128	308	41	1
123	309	41	4
124	309	41	1
140	309	41	1
141	309	41	2
162	309	41	1
122	311	41	1
119	314	41	1
114	316	41	1
140	316	41	1
141	317	41	1
142	317	41	2
113	318	41	1
150	320	41	1
149	321	41	2
179	322	41	1
181	322	41	1
133	324	41	1
179	324	41	1
248	324	41	1
147	325	41	1
149	325	41	1
134	326	41	1
149	326	41	1
179	326	41	1
249	326	41	1
138	327	41	1
244	327	41	2
239	328	41	1
130	329	41	1
148	329	41	1
179	329	41	2
238	329	41	1
133	330	41	1
155	330	41	1
175	330	41	1
178	330	41	1
185	330	41	2
242	330	41	1
243	330	41	1
154	331	41	1
155	331	41	1
158	331	41	3
170	331	41	1
173	331	41	1
174	331	41	1
238	331	41	1
240	331	41	1
241	331	41	1
243	331	41	2
165	332	41	1
174	332	41	2
180	332	41	1
185	332	41	1
189	332	41	1
221	332	41	2
240	332	41	2
134	333	41	1
152	333	41	1
157	333	41	1
181	333	41	2
187	333	41	1
189	333	41	1
220	333	41	2
153	334	41	1
154	334	41	1
189	334	41	1
218	334	41	1
242	334	41	1
153	335	41	4
164	335	41	2
242	335	41	1
152	336	41	2
215	336	41	2
218	336	41	1
126	337	41	2
127	337	41	2
129	337	41	1
156	337	41	1
222	338	41	1
250	338	41	1
158	339	41	1
214	339	41	1
215	339	41	1
247	339	41	2
152	340	41	1
219	340	41	1
213	341	41	2
220	341	41	2
210	342	41	1
214	342	41	2
215	342	41	1
218	342	41	1
210	343	41	1
221	343	41	1
211	344	41	1
194	345	41	1
205	346	41	1
210	346	41	1
218	346	41	1
221	347	41	2
231	347	41	1
248	347	41	1
195	349	41	2
233	349	41	1
237	350	41	1
211	351	41	1
233	351	41	2
235	351	41	1
207	355	41	1
207	358	41	1
171	359	41	1
208	360	41	1
200	363	41	1
138	227	42	1
136	228	42	1
140	228	42	1
136	229	42	1
134	230	42	2
139	231	42	2
135	232	42	1
136	232	42	1
138	232	42	1
140	233	42	1
203	233	42	1
147	234	42	1
201	234	42	1
140	235	42	1
141	235	42	1
202	235	42	1
143	236	42	1
144	236	42	2
156	236	42	2
161	236	42	1
164	236	42	1
139	237	42	2
159	237	42	4
141	238	42	2
161	238	42	2
162	238	42	2
167	238	42	1
204	238	42	1
138	239	42	1
167	239	42	1
143	240	42	1
166	240	42	1
142	241	42	1
169	242	42	2
164	243	42	2
139	244	42	3
178	244	42	1
184	244	42	1
181	245	42	1
126	247	42	1
122	252	42	1
177	252	42	1
144	254	42	1
176	254	42	2
120	256	42	1
144	256	42	1
213	256	42	2
141	257	42	1
142	257	42	1
149	257	42	1
151	257	42	1
157	257	42	1
173	257	42	1
175	257	42	1
253	257	42	1
150	258	42	1
172	258	42	1
208	258	42	1
213	258	42	1
145	259	42	1
148	259	42	1
154	259	42	1
211	259	42	2
248	259	42	1
252	259	42	1
169	260	42	1
174	260	42	1
213	260	42	1
153	261	42	2
154	261	42	2
167	261	42	1
169	261	42	2
173	261	42	2
175	261	42	1
176	261	42	1
149	262	42	1
155	262	42	1
163	262	42	1
166	262	42	1
171	262	42	1
174	262	42	1
175	262	42	1
146	263	42	1
149	263	42	1
150	263	42	1
157	263	42	1
163	263	42	1
250	263	42	1
120	264	42	1
147	264	42	2
152	264	42	3
155	264	42	2
168	264	42	1
145	266	42	1
155	266	42	1
143	267	42	2
147	267	42	2
149	267	42	1
141	268	42	1
151	268	42	1
141	269	42	1
132	270	42	1
150	270	42	1
151	270	42	1
152	270	42	1
155	270	42	1
146	271	42	1
223	271	42	1
141	272	42	1
145	272	42	2
213	272	42	2
147	273	42	1
154	273	42	1
157	273	42	1
158	273	42	3
142	274	42	2
144	274	42	1
148	274	42	3
156	274	42	1
144	275	42	2
153	275	42	3
155	275	42	1
162	275	42	1
134	276	42	1
143	276	42	2
156	276	42	1
138	277	42	1
140	277	42	1
141	277	42	1
142	277	42	1
143	277	42	1
146	277	42	1
158	277	42	1
163	277	42	1
132	278	42	3
144	278	42	2
148	278	42	1
143	279	42	3
144	279	42	1
152	279	42	2
154	279	42	2
145	280	42	1
154	280	42	2
140	281	42	3
143	281	42	1
153	281	42	1
139	282	42	2
151	282	42	1
154	282	42	2
158	282	42	3
162	282	42	1
209	282	42	1
141	283	42	2
149	283	42	1
253	283	42	1
138	284	42	1
149	284	42	1
151	284	42	1
154	285	42	1
217	285	42	1
140	287	42	1
174	287	42	2
134	288	42	1
135	289	42	1
136	289	42	1
137	289	42	3
174	289	42	1
133	291	42	1
135	291	42	1
140	291	42	3
133	292	42	1
153	292	42	1
130	293	42	1
142	293	42	1
138	294	42	1
139	294	42	2
141	294	42	1
154	294	42	2
134	295	42	1
130	297	42	1
136	297	42	1
139	297	42	1
150	297	42	1
136	298	42	1
141	298	42	1
94	299	42	3
128	299	42	1
150	299	42	1
169	299	42	2
259	299	42	1
125	300	42	1
129	300	42	1
133	300	42	1
124	301	42	1
130	301	42	2
137	301	42	1
144	301	42	1
138	302	42	2
143	302	42	1
165	302	42	1
139	303	42	1
168	303	42	1
171	303	42	1
125	304	42	1
125	305	42	1
170	305	42	2
140	306	42	1
170	306	42	1
143	307	42	1
170	307	42	1
129	308	42	2
143	310	42	1
140	314	42	1
137	315	42	1
142	317	42	1
137	324	42	2
181	324	42	2
137	325	42	1
183	325	42	3
134	326	42	1
249	326	42	3
176	327	42	1
252	327	42	3
154	328	42	1
176	328	42	2
250	328	42	1
149	329	42	1
150	330	42	1
179	330	42	1
184	330	42	1
187	330	42	2
188	330	42	1
132	331	42	1
134	331	42	1
154	331	42	2
242	331	42	1
150	332	42	4
160	332	42	2
161	332	42	1
164	332	42	2
180	332	42	2
186	332	42	1
187	332	42	1
189	332	42	1
242	332	42	2
126	333	42	1
131	333	42	1
153	333	42	1
178	333	42	2
189	333	42	2
158	334	42	1
178	334	42	1
189	334	42	1
218	334	42	1
222	334	42	1
247	334	42	4
134	335	42	2
194	336	42	1
246	336	42	1
248	336	42	2
126	337	42	1
127	337	42	2
156	337	42	2
192	337	42	3
216	337	42	1
247	337	42	1
155	338	42	2
194	338	42	1
154	339	42	2
193	340	42	1
195	340	42	1
152	341	42	3
215	341	42	2
207	344	42	1
211	344	42	1
196	345	42	2
213	345	42	2
210	347	42	2
212	348	42	1
233	350	42	1
207	355	42	2
206	356	42	2
208	356	42	1
208	357	42	1
206	364	42	1
139	228	43	1
137	229	43	1
157	230	43	1
140	231	43	1
162	231	43	1
203	234	43	1
157	236	43	2
138	237	43	1
154	237	43	2
138	238	43	1
140	238	43	1
166	238	43	1
165	240	43	1
169	245	43	1
179	254	43	1
119	256	43	2
210	256	43	1
143	257	43	1
155	257	43	2
175	257	43	1
215	257	43	1
149	258	43	1
215	258	43	1
144	259	43	1
143	260	43	1
154	260	43	1
160	260	43	1
161	260	43	3
171	260	43	3
172	260	43	1
175	260	43	1
178	261	43	1
209	261	43	1
160	262	43	1
208	262	43	1
146	263	43	1
154	263	43	1
205	263	43	3
149	264	43	1
151	264	43	1
155	264	43	1
156	264	43	2
257	264	43	3
144	265	43	1
147	265	43	1
153	265	43	1
151	266	43	1
158	266	43	1
143	267	43	1
147	267	43	1
147	268	43	1
150	270	43	2
151	270	43	1
134	271	43	1
143	271	43	1
146	271	43	1
149	272	43	1
147	273	43	1
211	273	43	1
141	274	43	1
156	274	43	1
255	274	43	1
131	275	43	1
132	275	43	1
145	275	43	2
148	275	43	1
155	275	43	1
148	276	43	2
151	276	43	1
164	276	43	2
165	276	43	2
131	277	43	2
143	277	43	1
148	277	43	1
151	278	43	1
151	279	43	2
154	279	43	1
158	279	43	1
148	280	43	2
150	280	43	1
155	280	43	1
161	280	43	1
210	280	43	1
142	281	43	2
148	281	43	1
158	281	43	1
161	281	43	1
140	282	43	2
141	282	43	3
144	282	43	1
158	282	43	1
214	282	43	2
143	283	43	1
153	283	43	1
250	283	43	1
148	284	43	3
152	284	43	2
160	284	43	1
141	285	43	1
148	285	43	1
152	285	43	1
155	285	43	1
137	286	43	2
139	286	43	2
141	286	43	1
143	286	43	1
154	286	43	1
140	287	43	2
216	287	43	1
140	288	43	2
133	289	43	1
134	289	43	1
143	293	43	1
255	293	43	2
140	295	43	1
149	297	43	1
136	298	43	2
209	298	43	1
141	299	43	1
135	300	43	1
152	300	43	1
129	301	43	1
140	301	43	1
149	301	43	1
129	302	43	2
133	302	43	1
135	302	43	1
143	302	43	2
170	302	43	1
172	302	43	2
143	304	43	1
131	305	43	2
135	305	43	1
168	305	43	1
129	306	43	2
146	306	43	1
168	306	43	1
170	306	43	3
143	308	43	2
174	308	43	1
142	313	43	1
140	314	43	2
143	314	43	2
140	317	43	1
114	321	43	2
179	323	43	1
135	325	43	1
140	325	43	1
249	326	43	1
136	327	43	1
184	328	43	2
133	329	43	2
177	329	43	1
188	329	43	1
153	331	43	2
189	331	43	2
133	332	43	1
191	332	43	1
240	332	43	1
188	333	43	1
216	333	43	1
217	333	43	1
131	335	43	1
222	335	43	1
156	336	43	1
244	336	43	1
245	336	43	1
246	336	43	2
247	338	43	1
249	338	43	2
195	340	43	2
195	341	43	1
211	343	43	2
211	344	43	1
212	346	43	1
211	347	43	1
210	349	43	1
238	349	43	3
206	350	43	1
227	350	43	1
205	352	43	1
207	352	43	2
231	352	43	1
206	353	43	2
207	353	43	1
204	354	43	2
208	354	43	2
206	358	43	1
207	358	43	1
206	359	43	1
207	359	43	2
186	360	43	1
204	362	43	1
138	228	44	1
140	228	44	5
141	229	44	2
135	230	44	1
137	231	44	1
164	232	44	1
137	233	44	1
140	234	44	3
143	237	44	1
164	237	44	2
178	245	44	1
180	245	44	1
179	249	44	2
158	259	44	1
178	259	44	1
150	260	44	2
158	260	44	1
147	261	44	2
156	261	44	1
175	261	44	1
211	261	44	3
154	262	44	1
159	263	44	1
152	264	44	1
156	265	44	3
146	266	44	1
147	266	44	1
146	267	44	1
213	269	44	1
145	270	44	2
144	271	44	2
203	271	44	1
144	272	44	1
148	272	44	1
148	273	44	2
156	273	44	1
145	274	44	2
146	274	44	2
181	274	44	1
143	275	44	2
146	275	44	1
152	276	44	2
153	276	44	1
252	276	44	2
158	277	44	1
149	278	44	1
151	278	44	1
152	278	44	3
144	279	44	1
146	279	44	1
154	279	44	2
161	279	44	1
164	279	44	1
147	280	44	3
155	280	44	1
140	281	44	1
146	281	44	1
150	281	44	1
154	281	44	3
156	281	44	1
159	281	44	1
151	282	44	2
154	282	44	1
148	283	44	2
158	283	44	1
219	283	44	1
145	284	44	1
143	285	44	1
212	285	44	4
217	285	44	1
218	286	44	1
136	291	44	2
139	291	44	1
252	292	44	1
139	293	44	1
145	293	44	1
132	294	44	1
144	294	44	1
140	296	44	1
223	296	44	2
141	297	44	1
137	299	44	1
128	300	44	2
168	300	44	2
130	301	44	1
137	301	44	1
145	301	44	1
127	302	44	1
140	302	44	1
142	302	44	2
165	302	44	1
140	303	44	4
144	303	44	2
130	304	44	1
139	304	44	2
128	305	44	1
130	306	44	1
144	306	44	1
173	306	44	1
170	309	44	2
174	309	44	1
143	310	44	1
170	310	44	1
141	315	44	2
142	316	44	1
141	317	44	1
140	318	44	1
182	323	44	1
182	325	44	1
136	326	44	1
131	328	44	1
133	329	44	1
187	329	44	2
179	330	44	1
132	334	44	1
136	334	44	3
189	334	44	3
215	335	44	1
214	336	44	2
220	336	44	1
215	337	44	3
217	337	44	3
228	346	44	1
234	347	44	2
211	348	44	2
208	354	44	1
163	233	45	1
143	237	45	3
174	259	45	1
173	260	45	1
148	269	45	2
145	270	45	1
146	271	45	2
179	274	45	1
164	277	45	2
147	279	45	1
149	279	45	3
162	279	45	2
150	280	45	1
148	281	45	2
145	283	45	1
151	284	45	2
140	285	45	2
217	285	45	3
218	286	45	1
214	287	45	1
144	291	45	1
140	294	45	1
143	295	45	3
143	296	45	2
142	297	45	1
138	299	45	1
140	299	45	1
134	301	45	1
138	301	45	1
133	302	45	1
137	302	45	1
143	302	45	1
127	303	45	1
131	303	45	1
133	303	45	2
130	304	45	1
132	304	45	1
139	304	45	1
141	315	45	1
182	321	45	1
186	326	45	1
176	327	45	1
187	329	45	5
185	330	45	1
193	333	45	1
214	339	45	1
215	343	45	1
211	345	45	3
217	345	45	1
229	346	45	1
210	347	45	1
227	349	45	1
233	349	45	1
202	352	45	2
132	236	46	2
154	262	46	2
157	265	46	1
154	270	46	1
144	272	46	1
146	272	46	1
151	273	46	1
163	275	46	1
153	277	46	2
145	279	46	1
150	279	46	4
149	280	46	1
152	280	46	1
215	280	46	2
144	281	46	2
146	281	46	1
150	281	46	2
144	282	46	3
152	282	46	1
154	282	46	2
151	283	46	1
250	283	46	1
142	284	46	1
149	284	46	1
157	284	46	2
120	285	46	1
140	285	46	1
146	285	46	1
208	286	46	1
140	292	46	3
144	292	46	1
204	292	46	1
144	293	46	1
146	294	46	1
139	295	46	2
136	298	46	1
139	298	46	1
135	301	46	2
136	301	46	1
131	302	46	2
143	302	46	2
146	302	46	1
129	303	46	1
134	303	46	3
139	303	46	3
139	305	46	2
192	306	46	1
194	315	46	1
184	319	46	2
188	319	46	1
184	320	46	1
176	323	46	1
179	323	46	3
189	323	46	1
180	324	46	1
174	325	46	2
188	328	46	1
217	334	46	1
222	342	46	1
232	343	46	2
205	346	46	1
173	353	46	2
182	353	46	3
131	223	47	1
212	261	47	1
149	265	47	1
151	269	47	1
146	270	47	2
155	279	47	1
162	282	47	3
147	285	47	1
146	289	47	1
140	293	47	1
144	294	47	1
202	295	47	1
134	298	47	2
136	299	47	1
229	302	47	2
178	320	47	1
194	321	47	2
179	322	47	1
185	323	47	3
186	329	47	1
212	344	47	1
206	348	47	2
231	356	47	1
154	274	48	1
146	275	48	2
159	279	48	1
142	290	48	1
137	297	48	2
124	319	48	4
179	323	48	1
157	325	48	1
216	342	48	3
217	344	48	1
136	222	49	1
116	230	49	1
135	230	49	1
172	237	49	1
149	243	49	1
126	245	49	1
147	245	49	1
195	252	49	2
156	256	49	2
173	256	49	1
145	262	49	1
146	264	49	1
167	269	49	1
169	270	49	1
154	274	49	1
155	276	49	1
150	278	49	1
147	279	49	1
157	279	49	2
134	280	49	1
145	280	49	2
143	282	49	1
169	284	49	1
132	285	49	1
132	287	49	1
147	287	49	1
147	292	49	1
200	296	49	3
136	298	49	2
133	299	49	2
225	300	49	1
135	302	49	1
152	304	49	1
126	305	49	2
170	312	49	1
183	319	49	1
178	322	49	1
170	325	49	1
139	326	49	1
148	337	49	1
152	338	49	1
197	342	49	1
239	344	49	2
199	346	49	1
211	346	49	1
197	348	49	1
204	348	49	1
206	353	49	1
186	354	49	1
203	355	49	2
127	235	50	1
234	246	50	2
139	263	50	1
155	263	50	1
134	267	50	1
151	272	50	1
150	276	50	1
150	283	50	1
259	286	50	1
146	289	50	1
237	300	50	2
151	302	50	2
146	307	50	1
193	307	50	1
129	312	50	1
240	317	50	1
212	318	50	1
179	329	50	2
225	341	50	1
