x	y	z	Synthesis of bile acids and bile salts via 7alpha-hydroxycholesterol
235	278	24	1
237	278	24	1
239	278	24	2
241	279	24	1
245	287	24	1
249	288	24	1
244	289	24	1
238	270	25	1
227	272	25	1
233	272	25	1
236	273	25	1
238	273	25	1
230	274	25	2
233	274	25	2
232.5	276.5	25.5	1
237	276	25	1
231	277	25	1
232	277	25	1
234	277	25	1
231	278	25	1
233	278	25	1
238	278	25	1
231	279	25	1
232	279	25	2
233	279	25	1
234	279	25	2
240	279	25	1
234	280	25	1
245	280	25	1
235	281	25	1
237	281	25	1
248	281	25	1
231	282	25	1
239	282	25	1
245	282	25	1
248	282	25	1
230	283	25	1
235	283	25	1
240	283	25	1
241	283	25	1
245	283	25	1
247	283	25	1
237	284	25	1
245	284	25	1
252	284	25	1
234	285	25	1
238	285	25	1
241	285	25	1
248	285	25	1
218	286	25	2
232	286	25	1
236	286	25	1
240	286	25	1
242	286	25	1
251	287	25	1
239	288	25	1
242	288	25	1
235	289	25	1
237	289	25	1
235	290	25	1
240	290	25	1
249	290	25	1
250	290	25	1
242	291	25	1
246	291	25	1
251	291	25	1
235	292	25	1
238	292	25	1
242	292	25	1
244	293	25	1
244	294	25	2
247	294	25	1
237	295	25	1
242	296	25	1
240	298	25	1
229	264	26	1
237	266	26	1
241	267	26	1
241	268	26	1
236	269	26	1
235	270	26	1
236	270	26	1
250	270	26	1
223	272	26	1
226	272	26	2
249	273	26	2
233	274	26	1
238	274	26	1
249	275	26	1
231	276	26	1
232	276	26	1
237	276	26	1
210	277	26	1
235	277	26	1
237	277	26	1
240	277	26	1
231	278	26	1
240	278	26	1
243	278	26	2
251	278	26	1
231	279	26	1
234	279	26	1
248	279	26	1
234	280	26	2
236	280	26	1
250	280	26	1
237	281	26	1
250	281	26	1
234	282	26	1
237	282	26	2
246	282	26	1
227	283	26	1
231	283	26	1
245	283	26	1
232	284	26	1
233	284	26	1
236	284	26	1
245	284	26	1
250	284	26	1
212	285	26	1
234	285	26	1
240	285	26	1
241	285	26	1
244	285	26	1
247	285	26	1
253	285	26	1
234	286	26	1
250	286	26	1
252	286	26	1
237	287	26	1
248	287	26	1
232	288	26	1
236	288	26	1
227	289	26	1
231	289	26	1
233	289	26	1
237	289	26	1
243	289	26	1
252	289	26	2
225	290	26	2
237	290	26	1
243	290	26	1
226	291	26	1
232	291	26	1
239	291	26	1
240	291	26	1
245	291	26	1
239	292	26	1
246	292	26	1
254	292	26	1
220	294	26	2
235	294	26	1
239	294	26	2
240	294	26	1
243	294	26	1
244	294	26	1
245	294	26	2
246	294	26	1
241	295	26	1
254	295	26	1
245	297	26	1
235	298	26	1
240	299	26	1
241	299	26	1
225	300	26	2
236	300	26	1
184	258	27	1
215	258	27	1
188	259	27	2
226	259	27	1
176	260	27	1
184	260	27	1
226	260	27	1
227	260	27	1
233	260	27	1
182	261	27	1
222	261	27	1
231	261	27	1
182	262	27	1
227	262	27	1
232	262	27	1
181	263	27	2
184	263	27	1
215	263	27	2
229	263	27	1
232	263	27	2
238	263	27	1
225	264	27	1
226	264	27	1
229	264	27	2
234	264	27	1
184	265	27	1
221	265	27	1
225	265	27	1
232	265	27	1
233	265	27	1
235	265	27	1
237	265	27	1
238	265	27	1
240	265	27	1
178	266	27	1
179	266	27	1
229	266	27	1
230	266	27	1
235	266	27	1
237	266	27	1
229	267	27	1
231	267	27	1
235	267	27	1
240	267	27	1
179	268	27	2
214	268	27	1
222	268	27	2
226	268	27	1
229	268	27	1
238	268	27	1
248	268	27	1
214	269	27	1
215	269	27	1
224	269	27	1
231	269	27	1
232	269	27	1
236	269	27	1
217	270	27	1
221	270	27	1
226	270	27	1
232	270	27	1
242	270	27	2
244	270	27	1
180	271	27	1
182	271	27	1
208	271	27	1
209	271	27	2
211	271	27	1
215	271	27	1
225	271	27	1
234	271	27	2
239	271	27	1
249	271	27	1
251	271	27	1
176	272	27	1
206	272	27	1
228	272	27	1
229	272	27	2
234	272	27	1
235	272	27	1
240	272	27	1
249	272	27	1
203	273	27	3
210	273	27	1
213	273	27	1
178	274	27	1
206	274	27	1
207	274	27	1
208	274	27	1
221	274	27	1
229	274	27	1
231	274	27	1
233	274	27	1
235	274	27	1
239	274	27	1
254	274	27	2
205	275	27	1
206	275	27	1
212	275	27	2
214	275	27	1
217	275	27	1
218	275	27	1
222	275	27	2
228	275	27	1
233	275	27	2
235	275	27	1
250	275	27	1
207	276	27	1
210	276	27	1
213	276	27	1
217	276	27	1
219	276	27	1
220	276	27	1
227	276	27	2
234	276	27	2
210	277	27	1
211	277	27	2
220	277	27	3
227	277	27	1
232	277	27	2
238	277	27	1
243	277	27	1
244	277	27	1
203	278	27	1
204	278	27	1
208	278	27	1
209	278	27	1
211	278	27	2
214	278	27	1
219	278	27	1
221	278	27	1
224	278	27	2
229	278	27	1
233	278	27	1
244	278	27	1
246	278	27	1
252	278	27	1
210	279	27	1
245	279	27	1
248	279	27	1
257	279	27	1
208	280	27	1
209	280	27	2
236	280	27	2
248	280	27	1
229	281	27	2
233	281	27	1
237	281	27	1
239	281	27	1
241	281	27	1
244	281	27	1
245	281	27	1
251	281	27	1
254	281	27	1
205	282	27	1
209	282	27	1
215	282	27	1
227	282	27	1
245	282	27	1
247	282	27	1
207	283	27	1
221	283	27	1
227	283	27	1
234	283	27	1
235	283	27	1
239	283	27	1
241	283	27	1
255	283	27	2
256	283	27	1
208	284	27	1
212	284	27	1
213	284	27	1
230	284	27	1
235	284	27	1
238	284	27	1
254	284	27	1
200	285	27	1
210	285	27	2
211	285	27	1
220	285	27	1
228	285	27	1
235	285	27	1
236	285	27	1
239	285	27	1
246	285	27	2
255	285	27	2
214	286	27	1
224	286	27	1
233	286	27	1
235	286	27	1
239	286	27	1
248	286	27	2
207	287	27	1
214	287	27	1
219	287	27	1
223	287	27	1
227	287	27	2
231	287	27	1
233	287	27	1
251	287	27	1
252	287	27	1
255	287	27	1
211	288	27	1
231	288	27	1
235	288	27	1
252	288	27	1
255	288	27	1
219	289	27	3
226	289	27	1
232	289	27	2
234	289	27	2
240	289	27	1
251	289	27	1
219	290	27	2
228	290	27	1
231	290	27	4
233	290	27	1
234	290	27	1
235	290	27	1
240	290	27	1
241	290	27	1
246	290	27	1
224	291	27	1
227	291	27	1
233	291	27	1
235	291	27	1
237	291	27	1
242	291	27	1
250	291	27	1
212	292	27	1
221	292	27	1
226	292	27	1
238	292	27	1
250	292	27	2
252	292	27	2
253	292	27	1
254	292	27	1
221	293	27	1
222	293	27	1
234	293	27	1
238	293	27	1
243	293	27	1
245	293	27	1
213	294	27	1
220	294	27	1
231	294	27	1
245	294	27	1
253	294	27	1
254	294	27	1
218	295	27	1
219	295	27	2
221	295	27	1
244	295	27	1
246	295	27	1
251	295	27	1
252	295	27	1
238	296	27	1
245	296	27	1
247	296	27	1
252	296	27	1
238	297	27	1
242	297	27	1
244	297	27	1
249	297	27	1
252	297	27	1
223	298	27	2
224	298	27	1
236	298	27	1
237	298	27	1
238	298	27	1
244	298	27	1
248	298	27	1
223	299	27	1
226	299	27	1
230	299	27	1
237	299	27	2
239	299	27	1
241	299	27	1
242	299	27	1
245	299	27	1
247	299	27	1
236	300	27	2
239	300	27	1
240	300	27	1
234	301	27	2
236	301	27	1
240	301	27	1
241	301	27	1
234	302	27	1
237	302	27	1
238	304	27	1
243	304	27	1
237	305	27	1
234	265	28	1
234	266	28	1
234	267	28	1
235	268	28	2
236	268	28	1
250	270	28	1
206	272	28	1
233	276	28	1
235	277	28	1
236	278	28	1
235	280	28	1
208	281	28	1
250	281	28	1
246	282	28	1
249	282	28	1
238	283	28	1
238	285	28	2
232	286	28	1
247	286	28	1
227	289	28	1
228	289	28	1
248	289	28	1
242	290	28	1
237	291	28	1
240	291	28	1
241	291	28	1
247	291	28	1
222	292	28	1
241	292	28	1
250	292	28	1
250	294	28	1
240	295	28	1
245	295	28	1
240	296	28	1
245	297	28	1
229	255	29	2
182	257	29	1
181	258	29	1
235	258	29	1
188	259	29	1
229	259	29	1
181	260	29	1
183	261	29	1
220	262	29	1
222	263	29	1
234	263	29	1
230	264	29	1
238	264	29	1
181	265	29	1
238	265	29	1
249	265	29	1
195	266	29	1
197	266	29	1
228	266	29	1
192	267	29	1
193	267	29	2
214	267	29	1
236	267	29	1
241	267	29	1
194	268	29	1
201	268	29	1
226	268	29	1
234	268	29	1
180	269	29	1
237	269	29	2
178	270	29	1
196	270	29	1
215	270	29	1
231	270	29	1
234	270	29	1
237	270	29	1
182	271	29	1
204	271	29	1
215	271	29	1
240	271	29	1
241	271	29	1
242	271	29	1
251	271	29	1
214	272	29	1
235	272	29	2
238	272	29	1
207	273	29	1
236	273	29	1
238	273	29	1
250	273	29	1
180	274	29	1
206	274	29	1
238	274	29	1
240	274	29	1
231	275	29	2
241	275	29	2
240	276	29	1
241	276	29	1
250	276	29	1
237	277	29	1
251	277	29	1
238	278	29	2
234	279	29	1
236	279	29	1
249	279	29	1
233	280	29	1
241	281	29	3
246	281	29	1
249	281	29	1
250	281	29	1
206	282	29	1
241	282	29	1
245	282	29	1
251	282	29	1
231	283	29	1
234	283	29	1
238	283	29	1
245	283	29	1
222	284	29	1
234	284	29	2
240	284	29	2
241	284	29	1
238	285	29	1
239	285	29	1
241	286	29	1
242	286	29	1
232	287	29	1
234	287	29	1
225	288	29	1
226	288	29	1
236	288	29	1
240	288	29	1
241	288	29	1
227	289	29	1
235	289	29	1
236	289	29	1
245	289	29	1
254	289	29	2
228	290	29	1
226	291	29	2
248	291	29	1
249	291	29	1
241	292	29	1
242	292	29	1
243	292	29	1
248	292	29	1
227	293	29	1
242	293	29	1
224	294	29	2
240	294	29	1
241	294	29	1
246	294	29	1
251	294	29	1
244	295	29	2
245	295	29	1
253	296	29	1
227	297	29	1
222	299	29	2
226	300	29	1
227	300	29	1
237	300	29	1
240	300	29	1
225	301	29	1
230	301	29	1
241	301	29	1
237	304	29	1
236	305	29	2
225	251	30	1
232	254	30	1
235	254	30	1
229	255	30	1
236	255	30	1
235	256	30	2
228	257	30	1
229	257	30	1
236	257	30	1
239	257	30	2
228	258	30	1
236	258	30	1
237	258	30	1
238	258	30	1
210	259	30	1
224	259	30	1
216	260	30	2
235	260	30	2
236	260	30	1
240	260	30	1
187	261	30	1
196	261	30	3
198	261	30	1
215	261	30	1
226	261	30	1
230	261	30	1
238	261	30	1
246	261	30	1
187	262	30	1
188	262	30	1
218	262	30	1
231	262	30	1
245	262	30	3
197	263	30	1
210	263	30	1
211	263	30	1
219	263	30	1
227	263	30	1
230	263	30	1
233	263	30	1
240	263	30	1
242	263	30	1
248	263	30	1
249	263	30	1
188	264	30	1
239	264	30	1
240	264	30	1
200	265	30	1
210	265	30	1
212	265	30	1
219	265	30	1
224	265	30	2
228	265	30	1
233	265	30	2
234	265	30	2
238	265	30	1
244	265	30	1
184	266	30	1
195	266	30	1
211	266	30	1
226	266	30	1
228	266	30	2
232	266	30	1
240	266	30	1
189	267	30	1
192	267	30	1
194	267	30	1
208	267	30	1
232	267	30	1
240	267	30	1
241	267	30	1
244	267	30	2
245	267	30	1
248	267	30	1
195	268	30	1
216	268	30	1
226	268	30	1
231	268	30	1
237	268	30	2
240	268	30	1
245	268	30	1
246	268	30	1
177	269	30	1
178	269	30	1
194	269	30	1
211	269	30	1
213	269	30	1
219	269	30	1
233	269	30	1
235	269	30	2
236	269	30	1
239	269	30	2
242	269	30	1
248	269	30	1
249	269	30	1
250	269	30	1
181	270	30	1
186	270	30	1
187	270	30	1
198	270	30	1
207	270	30	1
215	270	30	1
223	270	30	2
232	270	30	1
244	270	30	1
181	271	30	1
185	271	30	2
204	271	30	1
208	271	30	1
180	272	30	1
181	272	30	1
182	272	30	1
207	272	30	1
216	272	30	1
238	272	30	1
244	272	30	1
250	272	30	1
182	273	30	2
234	273	30	1
239	273	30	1
241	273	30	1
177	274	30	1
203	274	30	2
208	274	30	1
214	274	30	1
234	274	30	1
236	274	30	1
238	274	30	1
239	274	30	2
179	275	30	1
182	275	30	1
240	275	30	1
251	275	30	1
179	276	30	1
232	276	30	1
240	276	30	1
241	276	30	1
208	277	30	2
250	277	30	1
190	278	30	1
226	278	30	1
243	278	30	1
247	278	30	1
253	278	30	1
206	279	30	1
207	279	30	2
221	279	30	2
238	279	30	1
240	279	30	1
241	279	30	1
251	279	30	1
219	280	30	1
226	280	30	1
236	280	30	1
237	280	30	2
239	280	30	1
254	280	30	1
173	281	30	1
179	281	30	1
251	281	30	1
252	281	30	1
177	282	30	1
222	282	30	1
235	282	30	1
246	282	30	1
248	282	30	1
251	282	30	1
179	283	30	1
202	283	30	1
205	283	30	1
209	283	30	1
220	283	30	1
238	283	30	1
244	283	30	1
246	283	30	1
219	284	30	2
220	284	30	1
245	284	30	2
222.5	285.5	30.5	1
227	285	30	1
180	286	30	1
224	286	30	1
231	286	30	1
236	286	30	1
239	286	30	1
240	286	30	1
244	286	30	1
255	286	30	1
207	287	30	2
220	287	30	1
224	287	30	1
225	287	30	2
226	287	30	1
237	287.5	30.5	1
248	287	30	1
251	287	30	1
228	288	30	1
232	288	30	2
235	288	30	1
236	288	30	2
239	288	30	1
241	288	30	2
244	288	30	2
246	288	30	1
253	288	30	1
199	289	30	1
230	289	30	1
237	289	30	1
245	289	30	1
233	290	30	1
241	290	30	2
245	290	30	1
234	291	30	1
242	291	30	1
247	291	30	2
249	291	30	1
220	292	30	1
248	292	30	1
249	292	30	4
251	292	30	1
257	292	30	1
219	293	30	2
243	293	30	1
244	293	30	1
247	293	30	2
249	293	30	2
189	294	30	1
220	294	30	1
229	294	30	1
231	294	30	1
232	294	30	1
233	294	30	1
243	294	30	1
252	294	30	1
254	294	30	1
197	295	30	1
218	295	30	1
221	295	30	1
227	295	30	1
256	295	30	1
257	295	30	1
222	296	30	1
234	296	30	2
252	296	30	1
221	297	30	1
239	297	30	1
244	297	30	2
252	297	30	1
225	298	30	1
240	298	30	2
242	298	30	1
245	298	30	2
247	298	30	1
218	299	30	1
229	299	30	1
240	299	30	1
241	299	30	1
246	299	30	1
248	299	30	1
250	299	30	1
236	300	30	1
241	300	30	1
247	300	30	1
251	300	30	1
224	301	30	1
243	301	30	1
244	301	30	1
245	301	30	1
246	301	30	1
248	301	30	1
223	302	30	1
231	302	30	1
236	302	30	1
217	303	30	1
238	303	30	1
243	303	30	2
244	303	30	1
236	304	30	1
236	305	30	1
237	305	30	1
235	250	31	2
225	252	31	1
226	252	31	1
235	252	31	1
239	252	31	1
193	254	31	1
226	254	31	1
231	254	31	1
235	254	31	1
191	255	31	2
229	255	31	1
234	255	31	1
233	256	31	1
229	257	31	1
232	257	31	1
239	257	31	1
188	258	31	1
229	258	31	1
235	258	31	2
237	258	31	1
239	258	31	1
218	259	31	1
216	260	31	1
218	260	31	2
221	260	31	1
227	260	31	1
234	260	31	1
187	261	31	2
210	261	31	1
224	261	31	1
226	261	31	1
229	261	31	1
237	261	31	1
244	261	31	1
194	262	31	1
210	262	31	3
246	262	31	1
189	263	31	1
200	263	31	1
211	263	31	2
229	263	31	1
232	263	31	1
233	263	31	2
184	264	31	1
189	264	31	1
190	264	31	1
216	264	31	1
217	264	31	2
239	264	31	1
244	264	31	1
248	264	31	1
249	264	31	1
185	265	31	1
194	265	31	1
213	265	31	1
214	265	31	1
222	265	31	1
223	265	31	1
229	265	31	1
232	265	31	1
234	265	31	1
239	265	31	1
243	265	31	1
248	265	31	2
189	266	31	1
191	266	31	2
212	266	31	1
215	266	31	1
233	266	31	1
236	266	31	2
251	266	31	1
177	267	31	1
182	267	31	1
183	267	31	1
192	267	31	1
193	267	31	1
196	267	31	1
216	267	31	2
224	267	31	1
230	267	31	1
232	267	31	1
238	267	31	1
184	268	31	1
195	268	31	1
198	268	31	1
213	268	31	1
215	268	31	1
231	268	31	1
238	268	31	1
243	268	31	1
244	268	31	1
183	269	31	2
184	269	31	1
193	269	31	1
201	269	31	1
239	269	31	1
248	269	31	1
250	269	31	1
178	270	31	2
196	270	31	1
212	270	31	1
244	270	31	1
248	270	31	1
250	270	31	1
171	271	31	1
176	271	31	1
182	271	31	1
184	271	31	1
185	271	31	1
199	271	31	1
200	271	31	1
203	271	31	1
210	271	31	1
213	271	31	2
215	271	31	1
232	271	31	3
240	271	31	1
244	271	31	1
249	271	31	2
232	272	31	1
235	272	31	2
236	272	31	1
243	272	31	1
211	273	31	1
234	273	31	1
236	273	31	1
239	273	31	1
249	273	31	1
175	274	31	2
182	274	31	1
205	274	31	1
209	274	31	1
211	274	31	2
213	274	31	2
239	274	31	1
240	274	31	2
243	274	31	1
244	274	31	1
206	275	31	2
237	275	31	1
244	275	31	1
176	276	31	1
236	276	31	1
243	276	31	1
253	276	31	1
174	277	31	2
233	277	31	1
239	277	31	1
241	277	31	1
178	278	31	1
204	278	31	1
205	278	31	1
206	278	31	1
237	278	31	1
240	278	31	1
243	278	31	1
245	278	31	2
175	279	31	1
234	279	31	1
236	279	31	1
175	280	31	2
219	280	31	1
237	280	31	2
238	280	31	1
241	280	31	1
245	280	31	2
248	280	31	1
249	280	31	1
250	280	31	1
251	280	31	1
176	281	31	1
206	281	31	1
210	281	31	1
223	281	31	1
231	281	31	1
237	281	31	1
239	281	31	1
243	281	31	1
244	281	31	1
251	281	31	1
179	282	31	1
206	282	31	1
221	282	31	1
235	282	31	1
253	282	31	1
181	283	31	1
184	283	31	1
218	283	31	1
219	283	31	1
239	283	31	1
240	283	31	1
175	284	31	1
179	284	31	1
219	284	31	2
222	284	31	1
236	284	31	1
250	284	31	1
256	284	31	2
222	285	31	1
223	285	31	1
224	285	31	2
229	285	31	1
231	285	31	1
234	285	31	1
255	285	31	1
256	285	31	1
220	286	31	1
237	286	31	1
249	286	31	1
187	287	31	1
226	287	31	1
238	287	31	1
240	287	31	1
241	287	31	1
250	287	31	2
255	287	31	1
233	288	31	2
240.5	288.5	31.5	1
245	288	31	1
205	289	31	2
226	289	31	1
243	289	31	1
247	289	31	2
222	290	31	1
225	290	31	1
232	290	31	1
234	290	31	1
239	290	31	1
197	291	31	1
200	291	31	2
228	291	31	1
229	291	31	2
241	291	31	1
245	291	31	1
201	292	31	1
227	292	31	1
235	292	31	1
238	292	31	1
242	292	31	1
251	292	31	1
221	293	31	1
222	293	31	1
223	293	31	1
228	293	31	1
231	293	31	1
232	293	31	1
235	293	31	1
236	293	31	1
246	293	31	1
251	293	31	1
220	294	31	1
221	294	31	2
222	294	31	1
232	294	31	1
235	294	31	1
237	294	31	1
253	294	31	1
202	295	31	1
221	295	31	1
229	295	31	2
233	295	31	1
225	296	31	1
228	296	31	1
234	296	31	1
243	296	31	2
253	296	31	1
223	297	31	1
252	297	31	1
255	297	31	1
223	298	31	1
228	298	31	1
237	298	31	1
239	298	31	1
240	298	31	1
249	298	31	1
252	298	31	1
253	298	31	1
224	299	31	1
229	299	31	1
232	299	31	1
245	299	31	1
246	299	31	1
237	300	31	2
238	300	31	1
248	300	31	1
249	300	31	1
225	301	31	2
226	301	31	1
234	301	31	1
243	301	31	1
245	301	31	1
246	301	31	1
247	301	31	1
220	302	31	1
226	302	31	1
240	302	31	1
243	302	31	1
245	302	31	1
246	302	31	1
233	303	31	1
234	303	31	1
237	303	31	2
242	303	31	1
246	303	31	1
232	304	31	1
224	305	31	1
235	305	31	1
236	305	31	1
240	305	31	2
231	306	31	1
236	306	31	1
237	307	31	1
225	308	31	1
231	250	32	1
215	251	32	1
216	252	32	1
193	253	32	1
221	253	32	1
223	253	32	1
229	253	32	1
236	254	32	1
224	255	32	1
232	255	32	1
234	255	32	1
235	255	32	1
238	255	32	1
216	256	32	1
232	256	32	1
237	256	32	1
193	257	32	1
202	257	32	1
209	257	32	1
210	257	32	1
190	258	32	1
214	258	32	1
217	258	32	1
230	258	32	1
233	258	32	1
235	258	32	1
240	258	32	2
246	258	32	1
209	259	32	1
214	259	32	1
216	259	32	1
222	259	32	1
229	259	32	1
234	259	32	1
182	260	32	1
222	260	32	1
234	260	32	1
236	260	32	1
237	260	32	1
238	260	32	1
239	260	32	2
240	260	32	1
186	261	32	1
212	261	32	2
220	261	32	1
228	261	32	1
237	261	32	1
239	261	32	1
244	261	32	1
186	262	32	1
196	262	32	1
198	262	32	2
203	262	32	2
216	262	32	1
218	262	32	2
219	262	32	1
221	262.666666666667	33	1
228	262	32	1
230	262	32	1
244	262	32	1
245	262	32	2
249	262	32	1
250	262	32	1
193	263	32	1
194	263	32	1
198	263	32	1
215	263	32	1
216	263	32	1
220	263	32	1
222	263	32	1
225	263	32	1
233	263	32	1
241	263	32	1
242	263	32	1
245	263	32	2
249	263	32	1
190	264	32	1
194	264	32	1
204	264	32	1
210	264	32	1
212	264	32	1
215	264	32	1
222	264	32	1
223	264	32	1
227	264	32	1
240	264	32	1
187	265	32	1
192	265	32	1
194	265	32	1
204	265	32	1
206	265	32	1
217	265	32	1
220	265	32	1
224	265	32	1
231	265	32	1
234	265	32	1
235	265	32	1
238	265	32	1
244	265	32	1
251	265	32	1
186	266	32	1
213	266	32	1
216	266	32	1
217	266	32	1
220	266	32	1
222	266	32	1
234	266	32	1
239	266	32	1
247	266	32	1
182	267	32	1
191	267	32	1
196	267	32	1
221	267	32	1
222	267	32	1
229	267	32	1
230	267	32	2
231	267	32	1
237	267	32	1
243	267	32	2
246	267	32	1
252	267	32	1
189	268	32	1
195	268	32	1
207	268	32	1
213	268	32	1
225	268	32	2
191	269	32	1
193	269	32	1
209	269	32	1
210	269	32	1
211	269	32	1
215	269	32	1
218	269	32	1
228	269	32	2
249	269	32	3
173	270	32	1
174	270	32	1
187	270	32	1
200	270	32	1
206	270	32	1
211	270	32	1
216	270	32	1
224	270	32	1
231	270	32	1
247	270	32	1
249	270	32	1
173	271	32	1
174	271	32	1
188	271	32	1
202	271	32	2
207	271	32	1
214	271	32	2
228	271	32	1
234	271	32	1
243	271	32	1
251	271	32	1
176	272	32	1
182	272	32	1
183	272	32	1
185	272	32	1
186	272	32	1
202	272	32	1
209	272	32	1
248	272	32	2
252	272	32	1
255	272	32	1
185	273	32	2
201	273	32	1
205	273	32	1
206	273	32	1
209	273	32	1
213	273	32	1
215	273	32	1
225	273	32	1
236	273	32	1
241	273	32	1
242	273	32	2
172	274	32	1
174	274	32	2
179	274	32	1
182	274	32	1
185	274	32	1
203	274	32	1
207	274	32	1
214	274	32	1
234	274	32	1
237	274	32	1
250	274	32	1
210	275	32	1
212	275	32	1
250	275	32	1
175	276	32	1
184	276	32	2
203	276	32	1
205	276	32	1
228	276	32	1
234	276	32	1
235	276	32	1
236	276	32	1
214	277	32	1
232	277	32	2
238	277	32	2
248	277	32	1
254	277	32	1
176	278	32	1
177	278	32	1
203	278	32	1
236	278	32	1
238	278	32	2
243	278	32	1
255	278	32	1
177	279	32	1
181	279	32	1
207	279	32	2
220	279	32	2
236	279	32	1
237	279	32	1
243	279	32	1
246	279	32	1
180	280	32	1
205	280	32	1
245	280	32	1
181	281	32	1
210	281	32	1
217	281	32	1
243	281	32	1
245	281	32	1
254	281	32	1
179	282	32	1
224	282	32	1
232	282	32	1
233	282	32	1
237	282	32	1
244	282	32	3
247	282	32	2
249	282	32	2
251	282	32	1
183	283	32	1
230	283	32	1
237	283	32	1
246	283	32	1
253	283	32	1
176	284	32	1
184	284	32	2
205	284	32	2
208	284	32	2
234	284	32	1
241	284	32	1
242	284	32	1
248	284	32	1
251	284	32	2
178	285	32	1
179	285	32	1
185	285	32	1
219	285	32	1
229	285	32	1
231	285	32	1
233	285	32	1
241	285	32	1
244	285	32	1
249	285	32	1
253	285	32	1
175	286	32	2
204	286	32	1
206	286	32	1
221	286	32	1
231	286	32	1
247	286	32	1
176	287	32	1
226	287	32	1
228	287	32	1
231	287	32	1
243	287	32	1
244	287	32	1
246	287	32	1
235	288	32	1
236	288	32	1
243	288	32	1
244	288	32	1
245	288	32	1
246	288	32	1
249	288	32	2
224	289	32	1
227	289	32	1
235	289	32	1
244	289	32	1
199	290	32	1
206	290	32	1
225	290	32	1
229	290	32	1
233	290	32	1
246	290	32	1
248	290	32	1
222	291	32	1
241	291	32	1
243	291	32	1
245	291	32	1
250	291	32	1
197	292	32	1
222	292	32	2
229	292	32	1
238	292	32	1
248	292	32	1
216	293	32	1
218	293	32	1
220	293	32	1
221	293	32	1
224	293	32	1
230	293	32	1
236	293	32	1
247	293	32	1
197	294	32	1
199	294	32	1
204	294	32	1
221	294	32	1
227	294	32	2
235	294	32	1
236	294	32	1
239	294	32	1
244	294	32	1
192	295	32	1
200	295	32	1
218	295	32	1
220	295	32	1
225	295	32	1
230	295	32	1
236	295	32	2
241	295	32	1
247	295	32	1
249	295	32	1
218	296	32	1
235	296	32	1
237	296	32	1
241	296	32	2
243	296	32	2
245	296	32	1
249	296	32	1
226	297	32	1
227	297	32	1
233	297	32	1
251	297	32	1
248	298	32	2
250	298	32	2
227	299	32	1
228	299	32	1
241	299	32	1
243	299	32	1
244	299	32	1
249	299	32	2
185	300	32	1
197	300	32	1
225	300	32	1
228	300	32	1
236	300	32	2
245	300	32	1
246	300	32	1
210	301	32	1
236	301	32	1
237	301	32	1
241	301	32	1
243	301	32	1
223	302	32	1
231	302	32	1
234	302	32	1
240	302	32	1
241	302	32	2
243	302	32	1
226	303	32	2
229	303	32	1
232	303	32	1
234	303	32	1
225	304	32	1
234	304	32	2
234	305	32	1
237	305	32	2
234	306	32	1
221	307	32	1
235	307	32	1
237	307	32	1
235	308	32	1
220	309	32	1
225	309	32	1
228	309	32	1
235	309	32	1
227	312	32	1
232	312	32	1
230	313	32	1
232	249	33	1
227	251	33	2
227	252	33	1
218	253	33	1
221	253	33	1
241	253	33	1
226	254	33	1
230	254	33	1
217	255	33	1
220	255	33	1
221	255	33	1
216	256	33	1
221	256	33	1
223	256	33	1
227	256	33	2
230	256	33	1
237	257	33	1
217	258	33	1
230	258	33	1
233	258	33	1
235	258	33	1
239	258	33	1
194	259	33	2
217	259	33	2
223	259	33	1
224	259	33	1
243	259	33	1
212	260	33	1
213	260	33	1
217	260	33	1
231	260	33	1
240	260	33	1
241	260	33	1
246	260	33	1
182	261	33	1
208	261	33	1
217.5	261.5	33.5	1
226	261	33	1
230	261	33	1
232	261	33	1
241	261	33	1
242	261	33	1
203	262	33	1
209	262	33	1
210	262	33	1
214	262	33	1
215	262	33	1
224	262	33	1
227	262	33	1
229	262	33	1
230	262	33	1
240	262	33	1
241	262	33	1
249	262	33	1
189	263	33	1
190	263	33	1
191	263	33	1
213	263	33	1
214	263	33	2
215	263	33	1
219	263	33	1
225	263	33	1
227	263	33	1
233	263	33	1
248	263	33	1
191	264	33	1
193	264	33	1
209	264	33	1
211	264	33	1
224	264	33	3
225	264	33	1
228	264	33	1
231	264	33	1
237	264	33	1
247	264	33	1
248	264	33	1
202	265	33	1
207	265	33	1
213	265	33	1
226	265	33	1
229	265	33	2
233	265	33	2
247	265	33	2
251	265	33	1
189	266	33	1
191	266	33	1
208	266	33	2
216	266	33	1
218	266	33	2
220	266	33	1
225	266	33	1
240	266	33	1
183	267	33	1
196	267	33	1
216	267	33	1
231	267	33	1
235	267	33	1
245	267	33	1
248	267	33	1
252	267	33	1
189	268	33	1
209	268	33	1
215	268	33	1
241	268	33	1
195	269	33	2
204	269	33	1
211	269	33	2
227	269	33	1
232	269	33	1
239	269	33	1
246	269	33	1
251	269	33	2
174	270	33	1
179	270	33	1
183	270	33	1
184	270	33	1
185	270	33	1
186	270	33	1
194	270	33	1
205	270	33	1
207	270	33	2
209	270	33	1
231	270	33	1
240	270	33	1
242	270	33	1
247	270	33	1
248	270	33	1
252	270	33	1
175	271	33	1
181	271	33	1
204	271	33	1
217	271	33	1
240	271	33	1
243	271	33	1
180	272	33	1
183	272	33	1
184	272	33	1
187	272	33	1
189	272	33	2
213	272	33	1
231	272	33	1
232	272	33	1
238	272	33	1
239	272	33	1
182	273	33	1
189	273	33	1
196	273	33	1
201	273	33	1
209	273	33	3
210	273	33	1
213	273	33	2
215	273	33	3
230	273	33	1
241	273	33	1
174	274	33	2
176	274	33	1
182	274	33	1
183	274	33	2
244	274	33	3
245	274	33	2
250	274	33	1
186	275	33	1
205	275	33	1
209	275	33	1
211	275	33	1
214	275	33	1
237	275	33	1
244	275	33	2
174	276	33	1
207	276	33	1
236	276	33	1
242	276	33	1
202	277	33	1
211	277	33	1
224	277	33	1
234	277	33	2
243	277	33	1
245	277	33	1
211	278	33	1
232	278	33	1
235	278	33	1
237	278	33	1
181	279	33	1
244	279	33	1
180	280	33	1
187	280	33	1
203	280	33	1
209	280	33	1
221	280	33	1
225	280	33	1
241	280	33	1
248	280	33	1
249	280	33	1
250	280	33	1
176	281	33	1
206	281	33	1
207	281	33	1
209	281	33	1
222	281	33	1
230	281	33	1
232	281	33	1
234	281	33	1
245	281	33	1
190	282	33	1
209	282	33	1
210	282	33	1
212	282	33	1
229	282	33	1
231	282	33	1
233	282	33	1
244	282	33	1
245	282	33	1
247	282	33	1
250	282	33	1
251	282	33	1
253	282	33	1
176	283	33	1
204	283	33	1
207	283	33	1
209	283	33	1
215	283	33	1
221	283	33	1
228	283	33	2
233	283	33	1
236	283	33	1
241	283	33	2
247	283	33	1
249	283	33	1
250	283	33	1
176	284	33	1
187	284	33	1
206	284	33	1
220	284	33	1
224	284	33	1
226	284	33	1
230	284	33	1
236	284	33	1
175	285	33	1
208	285	33	1
223	285	33	1
226	285	33	1
227	285	33	1
229	285	33	1
234	285	33	1
236	285	33	1
241	285	33	1
247	285	33	1
254	285	33	1
178	286	33	1
201	286	33	1
203	286	33	1
226	286	33	2
228	286	33	2
229	286	33	1
237	286	33	1
239	286	33	3
242	286	33	1
255	286	33	1
199	287	33	1
204	287	33	1
208	287	33	1
222	287	33	1
244	287	33	1
196	288	33	1
202	288	33	1
247	288	33	1
250	288	33	1
255	288	33	1
257	288	33	2
222	289	33	1
231	289	33	1
246	289	33	1
187	290	33	1
199	290	33	2
200	290	33	1
223	290	33	1
225	290	33	1
228	290	33	1
232	290	33	1
234	290	33	1
246	290	33	1
257	290	33	2
185	291	33	1
199	291	33	1
200	291	33	1
222	291	33	1
229	291	33	1
232	291	33	1
242	291	33	1
248	291	33	1
183	292	33	1
200	292	33	1
202	292	33	1
226	292	33	1
228	292	33	1
229	292	33	1
236	292	33	1
242	292	33	1
256	292	33	1
224	293	33	1
228	293	33	1
234	293	33	1
247	293	33	1
180	294	33	1
204	294	33	1
245	294	33	1
232	295	33	1
237	295	33	1
245	295	33	1
253	295	33	1
254	295	33	1
199	296	33	1
200	296	33	1
236	296	33	1
241	296	33	1
252	296	33	1
226	297	33	1
196	298	33	1
200	298	33	3
223	298	33	1
228	298	33	1
231	298	33	1
238	298	33	1
242	298	33	1
244	298	33	1
242	299	33	1
246	299	33	2
225	300	33	1
228	300	33	1
235	300	33	1
236	300	33	2
237	300	33	1
196	301	33	1
223	301	33	1
227	301	33	1
228	301	33	1
238	301	33	1
239	301	33	1
240	301	33	1
211	302	33	1
234	302	33	1
236	302	33	1
237	302	33	1
244	302	33	1
225	303	33	2
231	303	33	1
233	303	33	2
237	303	33	1
241	303	33	2
242	303	33	1
209	304	33	1
227	304	33	1
229	304	33	1
230	304	33	2
236	304	33	1
238	304	33	1
222	305	33	1
225	305	33	1
227	305	33	1
234	305	33	1
238	305	33	1
238	306	33	1
206	307	33	1
223	307	33	2
235	307	33	1
223	308	33	1
229	308	33	1
224	309	33	2
233	309	33	2
221	310	33	2
224	310	33	1
225	310	33	1
226	310	33	1
228	311	33	2
231	311	33	1
232	311	33	1
234	311	33	1
238	311	33	1
222	312	33	1
228	312	33	1
228	313	33	2
233	313	33	1
236	313	33	1
234	314	33	1
226	252	34	1
226	253	34	1
228	253	34	1
220	255	34	1
242	255	34	1
226	256	34	1
241	256	34	1
243	256	34	2
210	257	34	1
216	257	34	1
219	257	34	1
223	257	34	3
228	257	34	1
235	257	34	1
243	257	34	1
200	258	34	1
224	258	34	1
228	258	34	1
232	258	34	1
216	259	34	1
219	259	34	3
230	259	34	1
232	259	34	2
237	259	34	2
244	259	34	2
192	260	34	1
211	260	34	1
214	260	34	1
217	260	34	1
220	260	34	1
224	260	34	1
225	260	34	1
228	260	34	1
230	260	34	1
237	260	34	2
243	260	34	1
214	261	34	1
226	261	34	1
232	261	34	1
235	261	34	1
240	261	34	1
220	262	34	2
221	262	34	1
223	262	34	1
226	262	34	1
229	262	34	2
240	262	34	1
241	262	34	1
246	262	34	1
250	262	34	1
185	263	34	1
189	263	34	1
192	263	34	1
211	263	34	2
223	263	34	1
224	263	34	1
226	263	34	1
231	263	34	1
206	264	34	2
221	264	34	1
223	264	34	1
234	264	34	1
243	264	34	1
245	264	34	1
247	264	34	1
187	265	34	2
193	265	34	2
207	265	34	1
211	265	34	1
213	265	34	1
221	265	34	1
222	265	34	1
228	265	34	1
248	265	34	1
251	265	34	1
184	266	34	2
221	266	34	1
227	266	34	1
230	266	34	1
233	266	34	2
235	266	34	1
243	266	34	1
244	266	34	1
210	267	34	1
211	267	34	1
214	267	34	1
221	267	34	1
229	267	34	1
242	267	34	2
176	268	34	1
210	268	34	1
216	268	34	1
218	268	34	1
246	268	34	1
252	268	34	2
171	269	34	1
189	269	34	1
210	269	34	1
213	269	34	1
241	269	34	1
249	269	34	1
251	269	34	1
175	270	34	1
192	270	34	1
199	270	34	1
205	270	34	1
209	270	34	2
216	270	34	1
228	270	34	1
245	270	34	1
248	270	34	1
249	270	34	1
179	271	34	1
181	271	34	1
187	271	34	1
201	271	34	1
205	271	34	1
206	271	34	1
220	271	34	1
234	271	34	2
235	271	34	1
242	271	34	1
246	271	34	1
248	271	34	1
183	272	34	1
198	272	34	1
211	272	34	1
213	272	34	1
227	272	34	1
238	272	34	1
239	272	34	1
245	272	34	1
249	272	34	2
170	273	34	1
197	273	34	1
209	273	34	1
211	273	34	1
214	273	34	1
215	273	34	2
231	273	34	1
178	274	34	1
185	274	34	1
197	274	34	1
218	274	34	1
226	274	34	1
229	274	34	1
231	274	34	1
232	274	34	1
237	274	34	1
238	274	34	1
239	274	34	1
246	274	34	2
250	274	34	1
201	275	34	1
207	275	34	2
212	275	34	1
233	275	34	1
245	275	34	1
187	276	34	1
206	276	34	1
212	276	34	1
214	276	34	1
236	276	34	1
244	276	34	2
245	276	34	1
176	277	34	2
203	277	34	1
206	277	34	1
213	277	34	1
175	278	34	1
186	278	34	1
201	278	34	1
209	278	34	1
211	278	34	1
231	278	34	2
174	279	34	1
208	279	34	1
209	279	34	1
210	279	34	1
223	279	34	1
232	279	34	1
236	279	34	1
237	279	34	1
238	279	34	2
173	280	34	1
175	280	34	1
177	280	34	1
206	280	34	1
208	280	34	1
215	280	34	1
235	280	34	1
240	280	34	1
248	280	34	1
173	281	34	1
176	281	34	1
180	281	34	1
207	281	34	1
208	281	34	1
213	281	34	1
228	281	34	1
241	281	34	1
245	281	34	1
250	281	34	3
178	282	34	1
179	282	34	1
187	282	34	1
206	282	34	2
207	282	34	1
212	282	34	1
223	282	34	1
226	282	34	1
232	282	34	1
251	282	34	1
175	283	34	1
176	283	34	1
187	283	34	1
208	283	34	1
209	283	34	1
222	283	34	1
227	283	34	1
238	283	34	1
240	283	34	1
247	283	34	1
176	284	34	1
184	284	34	2
186	284	34	1
191	284	34	1
207	284	34	1
211	284	34	1
220	284	34	1
226	284	34	1
236	284	34	1
249	284	34	1
185	285	34	1
208	285	34	1
209	285	34	2
210	285	34	1
223	285	34	1
224	285	34	1
229	285	34	1
232	285	34	1
237	285	34	1
245	285	34	1
246	285	34	1
248	285	34	2
220	286	34	1
222	286	34	1
223	286	34	1
226	286	34	1
228	286	34	1
237	286	34	1
240	286	34	1
242	286	34	1
246	286	34	1
255	286	34	1
184	287	34	1
187	287	34	1
199	287	34	1
209	287	34	2
221	287	34	1
228	287	34	1
230	287	34	1
231	287	34	1
251	287	34	1
252	287	34	2
187	288	34	1
190	288	34	1
202	288	34	1
203	288	34	1
209	288	34	1
220	288	34	2
221	288	34	2
224	288	34	1
226	288	34	1
228	288	34	1
233	288	34	1
245	288	34	1
248	288	34	1
249	288	34	1
175	289	34	1
184	289	34	1
185	289	34	1
203	289	34	1
226	289	34	1
233	289	34	1
248	289	34	2
186	290	34	1
204	290	34	1
229	290	34	1
232	290	34	1
233	290	34	1
235	290	34	3
243	290	34	1
253	290	34	1
185	291	34	1
221	291	34	1
222	291	34	1
234	291	34	1
236	291	34	2
244	291	34	1
245	291	34	1
255	291	34	1
201	292	34	1
229	292	34	1
235	292	34	1
241	292	34	1
182	293	34	1
188	293	34	1
190	293	34	1
197	293	34	1
201	293	34	1
222	293	34	1
223	293	34	1
224	293	34	1
235	293	34	1
241	293	34	1
243	293	34	1
177	294	34	1
183	294	34	1
235	294	34	2
243	294	34	2
197	295	34	1
202	295	34	1
204	295	34	1
222	295	34	1
228	295	34	1
229	295	34	1
230	295	34	1
232	295	34	1
238	295	34	1
244	295	34	1
194	296	34	1
199	296	34	1
222	296	34	1
228	296	34	1
230	296	34	1
238	296	34	2
203	297	34	1
231	297	34	1
232	297	34	1
236	297	34	1
238	297	34	1
239	297	34	1
243	297	34	1
245	297	34	1
182	298	34	1
197	298	34	1
220	298	34	2
236	298	34	3
237	298	34	1
242	298	34	1
246	298	34	1
198	299	34	1
203	299	34	2
207	299	34	1
239	299	34	2
244	299	34	1
224	300	34	1
228	300	34	1
230	300	34	1
225	301	34	1
229	301	34	1
232	301	34	1
245	301	34	1
246	301	34	1
226	302	34	1
228	302	34	1
232	302	34	1
236	302	34	2
237	302	34	1
239	302	34	1
243	302	34	1
226	303	34	1
231	303	34	1
235	303	34	1
227	304	34	1
235	304	34	2
244	304	34	1
199	305	34	1
227	305	34	1
228	305	34	1
229	305	34	1
235	305	34	1
236	305	34	1
240	305	34	1
198	306	34	1
230	306	34	1
242	306	34	1
201	307	34	1
226	307	34	2
230	307	34	1
235	307	34	1
240	307	34	1
242	307	34	1
243	307	34	1
236	308	34	2
241	308	34	1
220	309	34	1
229	309	34	1
237	309	34	1
222	310	34	1
232	310	34	1
233	310	34	1
239	310	34	1
240	310	34	1
222	311	34	2
224	311	34	2
227	311	34	1
228	311	34	1
232	311	34	1
233	311	34	1
236	311	34	1
225	312	34	1
228	312	34	1
227	313	34	1
228	313	34	1
232	313	34	1
233	313	34	1
234	313	34	1
225	314	34	1
226	314	34	1
230	314	34	2
229	315	34	3
230	316	34	1
232	317	34	1
237	318	34	1
225	251	35	1
227	251	35	1
219	253	35	2
225	253	35	2
232	253	35	1
230	254	35	1
235	254	35	1
221	255	35	1
223	255	35	1
227	255	35	1
222	256	35	1
215	257	35	1
221	257	35	1
225	257	35	1
226	257	35	1
227	257	35	2
217	258	35	1
218	258	35	1
221	258	35	1
223	258	35	1
230	258	35	1
232	258	35	1
240	258	35	1
223	259	35	2
225	259	35	1
226.5	259.5	35.5	1
231	259	35	1
239	259	35	1
190	260	35	1
210	260	35	1
216	260	35	1
228	260	35	1
237	260	35	1
242	260	35	1
247	260	35	1
208	261	35	1
220	261	35	1
223	261	35	1
229	261	35	1
230	261	35	1
232	261	35	1
246	261	35	2
213	262	35	1
228	262	35	1
233	262	35	1
238	262	35	1
241	262	35	1
245	262	35	1
248	262	35	1
192	263	35	1
196	263	35	1
209	263	35	1
211	263	35	1
226	263	35	1
228	263	35	2
234	263	35	1
238	263	35	2
243	263	35	1
244	263	35	1
186	264	35	3
214	264	35	1
219	264	35	1
222	264	35	1
223	264	35	1
232	264	35	1
233	264	35	1
234	264	35	1
236	264	35	2
245	264	35	1
248	264	35	1
178	265	35	1
184	265	35	1
191	265	35	1
213	265	35	2
222	265	35	2
223	265	35	1
225	265	35	1
226	265	35	1
233	265	35	2
249	265	35	1
184	266	35	1
186	266	35	1
190	266	35	1
195	266	35	1
204	266	35	1
205	266	35	1
209	266	35	1
210	266	35	1
220	266	35	1
223	266	35	1
226	266	35	1
229	266	35	1
184	267	35	1
194	267	35	1
205	267	35	1
206	267	35	1
210	267	35	1
212	267	35	1
214	267	35	2
218	267	35	1
223	267	35	1
228	267	35	1
232	267	35	1
235	267	35	1
243	267	35	1
248	267	35	1
177	268	35	1
185	268	35	1
202	268	35	1
215	268	35	1
219	268	35	1
232	268	35	1
248	268	35	1
249	268	35	1
172	269	35	1
181	269	35	1
201	269	35	3
213	269	35	1
215	269	35	1
217	269	35	1
218	269	35	1
222	269	35	1
224	269	35	1
172	270	35	1
173	270	35	1
178	270	35	1
188	270	35	1
189	270	35	1
193	270	35	2
195	270	35	1
206	270	35	1
207	270	35	1
211	270	35	1
214	270	35	1
220	270	35	1
227	270	35	1
233	270	35	2
236	270	35	1
237	270	35	1
243	270	35	1
244	270	35	1
245	270	35	1
171	271	35	1
179	271	35	1
185	271	35	1
192	271	35	1
194	271	35	1
198	271	35	1
210	271	35	1
212	271	35	1
220	271	35	1
228	271	35	1
233	271	35	1
237	271	35	1
238	271	35	2
241	271	35	1
243	271	35	1
248	271	35	1
249	271	35	1
250	271	35	1
174	272	35	1
179	272	35	1
189	272	35	1
197	272	35	2
205	272	35	1
208	272	35	1
209	272	35	2
214	272	35	1
240	272	35	1
241	272	35	1
243	272	35	1
244	272	35	1
217	273	35	1
227	273	35	1
239	273	35	1
248	273	35	1
179	274	35	1
181	274	35	1
183	274	35	2
187	274	35	1
190	274	35	1
203	274	35	1
218	274	35	1
234	274	35	1
236	274	35	1
241	274	35	1
176	275	35	1
186	275	35	1
205	275	35	1
210	275	35	2
213	275	35	1
225	275	35	1
237	275	35	1
239	275	35	1
240	275	35	1
242	275	35	2
217	276	35	1
230	276	35	1
233	276	35	1
237	276	35	1
239	276	35	1
175	277	35	1
183	277	35	1
208	277	35	2
211	277	35	1
213	277	35	1
224	277	35	1
234	277	35	1
236	277	35	1
183	278	35	2
203	278	35	1
223	278	35	1
234	278	35	1
235	278	35	1
204	279	35	1
205	279	35	1
207	279	35	1
209	279	35	2
211	279	35	1
227	279	35	1
233	279	35	1
234	279	35	1
238	279	35	1
246	279	35	1
177	280	35	1
207	280	35	1
210	280	35	1
211	280	35	1
212	280	35	1
217	280	35	2
219	280	35	1
221	280	35	1
179	281	35	1
191	281	35	1
206	281	35	1
212	281	35	2
213	281	35	1
222	281	35	1
223	281	35	1
226	281	35	2
232	281	35	2
239	281	35	1
175	282	35	1
208	282	35	2
214	282	35	1
219	282	35	1
231	282	35	1
181	283	35	1
189	283	35	1
191	283	35	1
204	283	35	2
207	283	35	2
212	283	35	1
222	283	35	1
223	283	35	1
232	283	35	1
244	283	35	2
176	284	35	2
177	284	35	1
188	284	35	1
205	284	35	2
209	284	35	1
229	284	35	1
232	284	35	1
238	284	35	1
243	284	35	1
249	284	35	1
178	285	35	1
180	285	35	2
187	285	35	1
188	285	35	2
221	285	35	1
245	285	35	2
174	286	35	2
175	286	35	1
183	286	35	1
199	286	35	1
200	286	35	2
204	286	35	1
205	286	35	1
207	286	35	1
223	286	35	1
224	286	35	1
231	286	35	2
233	286	35	1
234	286	35	1
238	286	35	1
243	286	35	1
246	286	35	1
247	286	35	1
175	287	35	1
185	287	35	1
190	287	35	1
196	287	35	1
198	287	35	1
204	287	35	1
206	287	35	1
220	287	35	1
221	287	35	1
226	287	35	1
185	288	35	1
186	288	35	3
189	288	35	1
195	288	35	1
199	288	35	1
201	288	35	1
204	288	35	1
221	288	35	2
228	288	35	1
232	288	35	1
239	288	35	1
175	289	35	1
184	289	35	1
207	289	35	1
221	289	35	1
241	289	35	1
190	290	35	1
199	290	35	1
201	290	35	1
204	290	35	1
183	291	35	1
185	291	35	1
187	291	35	1
201	291	35	1
202	291	35	1
216	291	35	1
222	291	35	1
224	291	35	1
226	291	35	1
229	291	35	1
231	291	35	2
234	291	35	1
247	291	35	1
188	292	35	1
197	292	35	1
200	292	35	2
223	292	35	1
229	292	35	1
231	292	35	2
232	292	35	1
238	292	35	1
243	292	35	1
181	293	35	2
195	293	35	1
200	293	35	1
206	293	35	2
223	293	35	1
235	293	35	1
223	294	35	1
231	294	35	1
245	294	35	1
193	295	35	1
202	295	35	1
223	295	35	1
248	295	35	1
197	296	35	1
202	296	35	1
203	296	35	1
221	296	35	1
222	296	35	1
235	296	35	1
236	296	35	1
198	297	35	1
200	297	35	1
202	297	35	1
226	297	35	1
230	297	35	1
236	297	35	1
239	297	35	1
240	297	35	1
243	297	35	1
247	297	35	1
223	298	35	2
234	298	35	1
236	298	35	1
239	298	35	1
244	298	35	1
236	299	35	1
240	299	35	1
242	299	35	1
194	300	35	1
224	300	35	1
235	300	35	1
228	301	35	1
233	301	35	2
235	301	35	1
233	302	35	1
225	303	35	1
226	303	35	2
243	303	35	2
223	304	35	2
239	304	35	1
240	304	35	1
241	304	35	2
243	304	35	1
222	305	35	1
229	305	35	2
232	305	35	1
234	305	35	2
223	306	35	1
224	306	35	1
228	306	35	2
240	306	35	1
242	306	35	1
198	307	35	1
223	307	35	1
232	307	35	1
235	307	35	1
241	307	35	1
224	308	35	1
231	308	35	1
237	308	35	1
239	308	35	1
223	309	35	1
228	309	35	2
234	309	35	1
235	309	35	1
221	310	35	1
227	310	35	1
230	310	35	1
231	310	35	1
232	310	35	1
216	311	35	1
236	311	35	1
240	311	35	1
232	312	35	1
234	312	35	1
236	312	35	1
229	313	35	1
234	313	35	1
238	313	35	1
225	314	35	1
227	314	35	1
234	314	35	1
236	314	35	1
237	314	35	1
234	315	35	1
235	315	35	1
236	315	35	1
237	315	35	1
240	315	35	1
227	317	35	2
235	317	35	1
237	317	35	1
240	319	35	1
223	256	36	2
226	257	36	1
229	258	36	1
231	258	36	1
223	259	36	3
225	260	36	1
229	260	36	1
235	260	36	1
216	261	36	1
222	261	36	1
239	261	36	1
223	262	36	2
240	262	36	1
242	262	36	1
245	262	36	1
219	263	36	1
222	263	36	1
227	263	36	1
234	263	36	1
240	263	36	1
242	263	36	1
206	264	36	1
210	264	36	1
218	264	36	1
225	264	36	1
238	264	36	1
250	264	36	1
215	265	36	1
224	265	36	2
226	265	36	1
230	265	36	1
231	265	36	1
232	265	36	1
234	265	36	1
245	265	36	1
246	265	36	1
191	266	36	1
193	266	36	1
216	266	36	1
233	266	36	1
235	266	36	1
238	266	36	1
243	266	36	1
244	266	36	1
186	267	36	1
189	267	36	1
193	267	36	1
196	267	36	1
216	267	36	1
239	267	36	1
240	267	36	1
249	267	36	1
194	268	36	1
209	268	36	1
211	268	36	1
219	268	36	1
222	268	36	2
235	268	36	1
210	269	36	1
216	269	36	1
218	269	36	1
234	269	36	1
187	270	36	1
188	270	36	1
192	270	36	1
198	270	36	1
203	270	36	1
212	270	36	2
214	270	36	1
178	271	36	2
181	271	36	1
189	271	36	1
207	271	36	2
213	271	36	1
217	271	36	1
223	271	36	1
225	271	36	1
239	271	36	1
178	272	36	1
203	272	36	1
211	272	36	1
239	272	36	2
181	273	36	1
186	273	36	1
191	273	36	1
209	273	36	1
210	273	36	1
211	273	36	1
241	273	36	2
178	274	36	1
185	274	36	1
203	274	36	1
210	274	36	1
216	274	36	1
218	274	36	1
221	274	36	2
250	274	36	1
205	275	36	2
206	275	36	4
210	275	36	1
217	275	36	1
219	275	36	2
203	276	36	1
207	276	36	1
211	276	36	1
222	276	36	1
237	276	36	1
241	276	36	1
204	277	36	1
207	277	36	1
208	277	36	1
217	277	36	1
220	277	36	2
207	278	36	1
214	278	36	1
218	278	36	1
219	278	36	1
223	278	36	1
224	278	36	1
173	279	36	1
187	279	36	1
201	279	36	1
214	279	36	1
220	279	36	1
223	279	36	1
210	280	36	1
219	280	36	1
224	280	36	1
232	280	36	1
187	281	36	1
189	281	36	1
191	281	36	1
206	281	36	1
212	281	36	1
213	281	36	1
214	281	36	1
221	281	36	1
222	281	36	1
223	281	36	1
228	281	36	1
243	281	36	2
172	282	36	1
201	282	36	1
215	282	36	1
220	282	36	1
222	282	36	1
226	282	36	1
232	282	36	1
204	283	36	1
205	283	36	1
208	283	36	3
209	283	36	1
210	283	36	1
216	283	36	1
219	283	36	1
222	283	36	1
226	283	36	1
233	283	36	1
187	284	36	1
201	284	36	1
203	284	36	1
210	284	36	1
214	284	36	1
233	284	36	1
240	284	36	1
242	284	36	1
245	284	36	1
176	285	36	1
191	285	36	1
201	285	36	1
202	285	36	1
218	285	36	1
231	285	36	1
236	285	36	1
238	285	36	2
244	285	36	1
189	286	36	1
201	286	36	2
207	286	36	1
230	286	36	1
235	286	36	2
239	286	36	1
240	286	36	1
244	286	36	1
198	287	36	1
199	287	36	1
208	287	36	1
214	287	36	1
221	287	36	1
231	287	36	1
240	287	36	1
241	287	36	1
246	287	36	1
248	287	36	1
186	288	36	1
220	288	36	1
221	288	36	2
238	288	36	1
242	288	36	1
198	289	36	1
201	289	36	1
227	289	36	1
231	289	36	1
233	289	36	1
235	289	36	1
240	289	36	1
241	289	36	1
204	290	36	1
220	290	36	1
222	290	36	1
234	290	36	1
196	291	36	1
237	291	36	1
245	291	36	1
196	292	36	1
200	292	36	2
206	292	36	1
221	292	36	1
225	292	36	1
230	292	36	1
233	292	36	1
238	292	36	1
239	292	36	1
182	293	36	1
202	293	36	1
223	293	36	1
224	293	36	1
225	293	36	1
226	293	36	1
229	293	36	1
234	293	36	2
235	293	36	1
236	293	36	1
241	293	36	1
190	294	36	1
201	294	36	1
241	294	36	1
244	294	36	2
196	295	36	1
204	295	36	1
218	295	36	1
220	295	36	1
242	295	36	1
194	296	36	1
200	296	36	1
201	296	36	1
228	296	36	1
237	296	36	2
238	296	36	1
239	296	36	1
243	296	36	1
198	297	36	1
199	297	36	1
228	297	36	3
229	297	36	1
231	297	36	1
232	297	36	2
199	298	36	1
201	298	36	2
202	298	36	1
226	298	36	1
229	298	36	1
233	298	36	1
196	299	36	2
229	299	36	1
230	299	36	1
233	299	36	1
241	299	36	1
225	300	36	1
226	300	36	1
237	300	36	1
242	300	36	1
244	300	36	1
225	301	36	1
227	301	36	2
228	301	36	1
233	301	36	1
236	301	36	1
225	302	36	1
227	302	36	1
232	302	36	1
233	302	36	1
234	303	36	1
235	303	36	1
236	303	36	1
238	303	36	1
227	304	36	2
230	304	36	1
225	305	36	1
226	305	36	1
242	305	36	1
224	306	36	1
235	306	36	1
239	306	36	2
241	306	36	1
224	307	36	1
226	307	36	1
241	308	36	2
224	309	36	1
228	309	36	1
221	310	36	1
222	310	36	3
223	310	36	1
229	310	36	1
236	310	36	1
223	311	36	1
226	311	36	1
228	311	36	1
229	311	36	1
231	311	36	1
216	312	36	1
220	312	36	1
221	312	36	1
231	312	36	1
236	312	36	1
240	312	36	2
217	313	36	1
229	313	36	1
232	313	36	1
236	313	36	1
225	314	36	2
235	314	36	1
241	314	36	1
228	315	36	1
230	315	36	1
236	315	36	1
238	316	36	1
232	317	36	2
237	317	36	1
230	318	36	1
237	318	36	1
238	318	36	1
231	319	36	1
227	259	37	1
224	260	37	1
228	260	37	1
229	261	37	1
216	262	37	1
232	262	37	1
224	264	37	1
237	264	37	1
215	265	37	1
228	265	37	1
246	265	37	1
243	266	37	1
210	267	37	1
238	267	37	1
239	267	37	1
211	268	37	1
235	268	37	1
211	269	37	1
216	269	37	1
218	269	37	1
237	269	37	2
212	270	37	1
216	270	37	1
232	270	37	1
187	271	37	1
207	271	37	1
215	271	37	1
196	272	37	2
207	272	37	1
213	272	37	2
208	273	37	1
210	273	37	1
211	273	37	1
214	273	37	1
215	273	37	1
216	273	37	2
236	273	37	2
211	274	37	1
215	274	37	2
231	274	37	1
205	275	37	2
214	276	37	1
215	276	37	1
219	276	37	1
206	277	37	1
217	277	37	1
181	278	37	1
195	278	37	1
206	278	37	1
211	278	37	2
175	279	37	1
191	279	37	1
212	279	37	1
216	279	37	1
231	279	37	1
208	280	37	1
209	280	37	1
210	280	37	1
191	281	37	2
189	282	37	2
208	282	37	1
213	282	37	1
215	282	37	1
223	282	37	1
189	283	37	1
201	283	37	1
227	283	37	1
228	283	37	1
202	284	37	1
205	284	37	1
197	285	37	1
205	285	37	1
239	285	37	1
188	286	37	1
216	286	37	1
220	286	37	1
226	286	37	1
236	286	37	2
188	287	37	1
194	287	37	1
208	287	37	1
234	287	37	1
238	287	37	1
192	288	37	1
193	288	37	1
194	288	37	2
205	288	37	1
236	288	37	1
195	289	37	1
200	289	37	1
205	289	37	1
223	289	37	1
224	289	37	1
235	289	37	1
195	290	37	1
197	290	37	1
222	290	37	1
230	290	37	1
231	290	37	1
233	290	37	1
234	290	37	1
188	291	37	1
234	291	37	1
235	291	37	1
236	291	37	1
201	292	37	1
208	292	37	1
225	292	37	2
197	293	37	1
205	293	37	1
207	293	37	2
223	293	37	1
238	293	37	1
239	293	37	1
202	294	37	2
230	294	37	1
235	294	37	1
239	294	37	1
225	295	37	1
229	295	37	1
243	295	37	1
198	296	37	1
199	296	37	1
202	296	37	1
204	296	37	1
242	296	37	1
243	296	37	1
244	296	37	2
231	297	37	2
232	297	37	2
234	297	37	1
235	297	37	1
241	297	37	1
199	298	37	1
242	298	37	1
228	299	37	1
231	299	37	1
233	299	37	1
244	299	37	1
245	299	37	1
225	300	37	2
232	300	37	1
235	300	37	1
236	300	37	1
241	300	37	1
244	300	37	1
244	301	37	1
230	303	37	1
235	303	37	2
236	303	37	1
227	305	37	1
242	305	37	1
224	306	37	1
240	306	37	1
243	307	37	1
223	308	37	1
226	308	37	2
235	308	37	1
220	309	37	2
224	309	37	2
242	309	37	1
217	310	37	1
214	311	37	1
228	311	37	1
228	312	37	1
232	312	37	2
235	312	37	1
240	312	37	1
216	313	37	1
227	313	37	1
230	313	37	1
219	314	37	1
229	314	37	1
232	314	37	1
236	315	37	1
237	316	37	1
240	318	37	1
228	320	37	2
233	322	37	1
216	261	38	1
232	263	38	1
231	264	38	1
211	266	38	1
217	266	38	1
237	266	38	1
219	267	38	1
217	269	38	1
232	270	38	1
211	271	38	1
215	272	38	1
208	273	38	1
210	273	38	1
215	274	38	1
217	274	38	1
240	274	38	1
207	275	38	1
213	275	38	1
215	275	38	2
217	275	38	1
211	276	38	1
213	276	38	1
194	277	38	1
207	277	38	1
209	277	38	1
211	277	38	1
220	277	38	2
203	278	38	1
206	278	38	1
209	278	38	1
214	278	38	1
218	278	38	1
222	278	38	1
206	279	38	1
209	279	38	1
211	279	38	1
220	279	38	1
215	280	38	1
191	281	38	1
193	281	38	1
211	281	38	1
193	282	38	2
222	282	38	1
189	283	38	1
214	283	38	1
229	283	38	1
188	284	38	1
222	284	38	1
205	285	38	1
233	286	38	1
193	287	38	1
202	287	38	1
219	287	38	1
230	287	38	2
232	287	38	1
197	288	38	2
224	288	38	2
236	289	38	1
192	290	38	1
193	290	38	1
223	290	38	1
238	290	38	1
189	291	38	1
197	291	38	1
202	291	38	1
207	291	38	1
211	291	38	1
232	291	38	1
233	291	38	1
194	292	38	1
196	292	38	1
211	292	38	1
230	292	38	1
232	292	38	1
239	292	38	1
199	293	38	1
202	293	38	1
218	293	38	1
225	293	38	1
230	293	38	1
233	293	38	1
237	293	38	2
204	294	38	1
205	294	38	1
206	294	38	1
212	294	38	1
213	294	38	1
225	294	38	1
230	294	38	1
240	294	38	2
242	294	38	1
192	295	38	1
229	295	38	1
230	295	38	1
232	295	38	1
244	295	38	1
198	296	38	1
207	296	38	1
217	296	38	1
239	296	38	1
240	296	38	1
242	296	38	1
203	297	38	1
237	297	38	1
192	298	38	1
224	298	38	1
231	298	38	1
203	299	38	1
227	299	38	2
228	299	38	2
229	299	38	1
231	299	38	1
237	299	38	1
243	299	38	1
225	300	38	1
227	300	38	1
228	300	38	1
230	300	38	1
239	300	38	1
242	300	38	1
228	301	38	1
236	301	38	1
228	302	38	1
233	302	38	1
235	302	38	1
237	302	38	2
227	303	38	1
228	304	38	1
232	304	38	2
243	304	38	2
244	304	38	1
230	305	38	2
234	305	38	1
236	305	38	2
226	306	38	1
239	306	38	1
224	307	38	1
225	307	38	1
226	307	38	1
227	307	38	1
243	307	38	1
244	307	38	1
240	308	38	1
241	308	38	1
243	308	38	1
222	309	38	1
227	309	38	1
229	309	38	1
243	309	38	1
244	309	38	1
221	310	38	1
227	310	38	2
213	311	38	1
214	311	38	1
217	311	38	1
220	311	38	1
221	311	38	1
231	311	38	1
244	311	38	1
217	312	38	1
220	312	38	1
222	312	38	1
230	312	38	1
216	313	38	1
217	313	38	1
218	313	38	1
222	313	38	1
223	313	38	1
228	313	38	1
235	313	38	2
236	313	38	2
236	314	38	1
238	314	38	1
211	315	38	1
220	315	38	2
225	315	38	1
226	315	38	2
227	315	38	1
230	315	38	1
235	315	38	1
239	315	38	1
241	315	38	1
226	317	38	1
237	317	38	1
220	318	38	2
235	318	38	3
234	319	38	1
237	319	38	1
238	319	38	3
231	321	38	1
236	322	38	1
219	323	38	2
232	323	38	1
191	268	39	2
217	268	39	1
195	270	39	1
216	270	39	1
217	270	39	1
189	273	39	1
214	273	39	1
215	273	39	1
212	275	39	1
214	278	39	1
206	279	39	1
216	279	39	1
223	281	39	2
212	282	39	1
190	283	39	1
196	283	39	2
201	283	39	1
215	283	39	1
203	284	39	3
207	284	39	1
199	285	39	1
205	286	39	1
187	287	39	1
190	287	39	1
219	287	39	2
222	287	39	2
187	288	39	1
192	288	39	1
190	289	39	2
193	289	39	1
211	289	39	1
217	289	39	1
211	290	39	1
218	290	39	1
191	291	39	1
193	291	39	1
206	291	39	1
213	291	39	1
208	292	39	1
212	292	39	1
225	292	39	1
230	292	39	1
234	292	39	1
235	292	39	1
236	292	39	1
237	292	39	1
240	292	39	1
197	293	39	1
205	293	39	1
241	293	39	1
230	294	39	1
237	294	39	1
240	294	39	1
241	294	39	1
242	294	39	1
197	295	39	1
207	295	39	1
220	295	39	1
226	295	39	1
240	295	39	1
222	296	39	1
223	296	39	1
235	296	39	1
237	296	39	1
240	296	39	1
215	297	39	1
220	297	39	1
240	297	39	1
201	298	39	1
214	298	39	2
224	298	39	1
229	298	39	1
231	298	39	1
240	298	39	1
242	298	39	1
225	299	39	1
230	299	39	1
237	299	39	1
243	299	39	1
228	300	39	1
231	300	39	1
227	301	39	1
228	302	39	1
230	303	39	1
235	303	39	1
244	304	39	1
194	305	39	1
227	305	39	2
241	305	39	1
223	306	39	1
239	306	39	1
227	307	39	1
232	307	39	1
235	308	39	2
241	308	39	1
242	308	39	2
212	309	39	1
215	309	39	1
220	309	39	1
223	309	39	1
227	309	39	1
233	309	39	1
239	309	39	1
198	310	39	2
221	311	39	1
225	311	39	1
226	311	39	1
233	311	39	2
222	312	39	1
229	312	39	1
230	312	39	1
232	312	39	1
239	312	39	1
240	312	39	1
242	312	39	1
221	313	39	2
239	313	39	1
240	313	39	1
235	314	39	1
241	314	39	1
242	314	39	1
237	315	39	1
235	317	39	2
236	317	39	1
229	318	39	3
243	318	39	1
214	320	39	3
211	324	39	1
212	324	39	1
212	325	39	1
208	327	39	1
193	281	40	1
237	283	40	1
195	284	40	1
191	285	40	1
204	285	40	1
196	286	40	1
206	288	40	2
210	288	40	1
191	291	40	1
208	291	40	1
199	292	40	1
208	292	40	1
209	292	40	1
194	293	40	1
197	293	40	1
225	293	40	1
229	293	40	1
234	293	40	1
225	294	40	1
238	294	40	1
197	295	40	1
220	295	40	1
225	295	40	1
227	295	40	1
198	296	40	1
200	296	40	1
215	296	40	1
241	297	40	1
215	298	40	1
226	298	40	1
199	299	40	1
236	300	40	1
230	301	40	1
224	302	40	2
232	302	40	1
241	304	40	1
213	306	40	1
214	306	40	1
228	306	40	1
194	307	40	1
215	307	40	1
241	307	40	1
224	308	40	1
228	308	40	1
239	308	40	1
241	308	40	1
223	309	40	1
227	309	40	1
233	309	40	1
240	309	40	1
218	310	40	2
226	310	40	1
242	310	40	1
196	311	40	1
234	311	40	1
237	311	40	1
217	312	40	1
242	312	40	1
213	313	40	1
215	313	40	2
218	313	40	1
220	313	40	1
221	313	40	1
234	313	40	1
241	313	40	2
238	314	40	2
242	314	40	1
243	314	40	1
229	315	40	1
245	315	40	1
220	316	40	1
221	316	40	1
236	316	40	1
240	316	40	1
220	318	40	1
240	318	40	2
243	318	40	1
221	319	40	1
221	320	40	2
223	320	40	2
227	321	40	2
229	322	40	1
233	322	40	1
212	324	40	2
217	294	41	1
213	297	41	1
227	299	41	1
235	301	41	1
228	304	41	1
243	304	41	1
224	305	41	1
227	307	41	1
222	308	41	1
226	308	41	1
196	309	41	1
240	309	41	1
240	310	41	1
236	311	41	1
241	311	41	1
219	313	41	2
238	313	41	2
239	313	41	1
235	314	41	3
238	314	41	1
238	315	41	1
243	315	41	1
236	316	41	2
238	316	41	1
240	316	41	1
240	317	41	1
217	318	41	1
230	318	41	1
241	318	41	1
243	318	41	1
217	319	41	2
230	319	41	1
245	319	41	1
231	320	41	1
230	322	41	1
215	297	42	1
228	299	42	1
222	303	42	1
224	305	42	1
227	305	42	2
229	305	42	1
227	307	42	1
220	308	42	1
224	309	42	1
221	310	42	1
239	310	42	1
221	311	42	1
222	311	42	1
223	311	42	1
238	311	42	1
214	312	42	1
221	312	42	1
222	312	42	2
241	312	42	1
243	312	42	2
217	313	42	1
218	313	42	1
226	313	42	1
234	313	42	1
236	314	42	1
220	315	42	1
225	316	42	1
226	316	42	2
241	316	42	1
226	317	42	1
238	317	42	1
219	318	42	1
240	318	42	1
246	318	42	1
224	319	42	1
227	319	42	1
230	319	42	1
232	319	42	1
242	319	42	1
220	304	43	2
220	309	43	2
222	310	43	1
234	310	43	1
219	311	43	1
234	311	43	1
239	311	43	1
211	312	43	1
237	314	43	1
238	314	43	1
238	315	43	1
204	316	43	1
238	317	43	1
244	319	43	1
229	321	43	1
215	324	43	1
220	304	44	1
220	305	44	1
219	306	44	1
220	306	44	1
223	308	44	2
219	311	44	1
243	312	44	1
221	314	44	1
204	316	44	1
230	317	44	1
242	317	44	1
223	318	44	1
223	319	44	1
231	320	44	1
224	321	44	1
179	221	20	1
142	222	20	1
144	224	20	2
176	224	20	1
176	225	20	1
139	226	20	1
174	228	20	1
160	231	20	1
115	232	20	2
136	233	20	1
143	233	20	1
206	235	20	1
173	237	20	1
126	238	20	1
145	238	20	1
168	238	20	1
230	239	20	1
191	240	20	1
122	241	20	1
130	242	20	1
173	243	20	1
162	244	20	1
160	245	20	1
176	245	20	1
166	248	20	1
215	248	20	1
230	248	20	1
227	250	20	1
217	254	20	1
243	254	20	1
198	255	20	1
207	255	20	1
128	256	20	1
158	256	20	1
176	258	20	1
203	259	20	1
229	259	20	1
158	260	20	1
112	261	20	1
130	261	20	1
141	261	20	1
228	261	20	1
124	262	20	1
147	265	20	1
120	266	20	1
136	266	20	1
197	266	20	1
118	267	20	1
168	267	20	1
209	268	20	1
130	269	20	1
114	270	20	1
117	270	20	1
118	270	20	1
167	271	20	1
171	271	20	2
121	272	20	1
166	272	20	1
119	273	20	2
165	273	20	1
211	273	20	1
227	274	20	1
230	274	20	1
200	275	20	1
180	276	20	1
111	277	20	2
130	277	20	1
226	277	20	1
227	278	20	1
156	279	20	1
177	279	20	1
224	279	20	1
228	279	20	1
269	279	20	1
134	281	20	1
172	281	20	1
158	282	20	1
173	283	20	1
137	285	20	2
145	285	20	1
157	285	20	1
224	287	20	1
222	289	20	1
117	291	20	1
242	292	20	1
142	293	20	1
148	293	20	1
174	294	20	1
216	294	20	1
222	294	20	1
269	294	20	1
220	295	20	1
266	295	20	1
162	296	20	1
180	296	20	1
120	300	20	1
174	300	20	1
191	300	20	1
268	301	20	1
149	304	20	1
203	304	20	1
237	304	20	1
256	304	20	1
172	306	20	1
213	307	20	1
202	312	20	1
212	313	20	1
250	313	20	1
207	314	20	2
98	316	20	1
146	316	20	1
198	316	20	1
203	316	20	1
228	316	20	1
95	317	20	1
145	317	20	1
267	317	20	1
256	318	20	1
261	318	20	2
193	319	20	1
250	320	20	1
195	321	20	1
264	321	20	1
185	322	20	1
180	323	20	1
194	323	20	1
237	323	20	1
193	324	20	1
196	324	20	1
180	325	20	1
181	325	20	1
120	328	20	1
135	328	20	1
165	329	20	1
253	329	20	1
195	330	20	1
255	331	20	1
106	332	20	1
140	332	20	1
179	333	20	1
153	334	20	2
158	334	20	1
173	337	20	1
194	337	20	1
220	337	20	1
186	339	20	1
231	342	20	1
183	345	20	1
240	345	20	1
192	349	20	1
184	350	20	3
186	352	20	1
208	354	20	1
210	354	20	1
210	355	20	1
199	357	20	1
176	361	20	1
154	229	21	1
188	230	21	1
136	233	21	1
132	236	21	1
136	237	21	1
146	237	21	1
149	238	21	1
215	241	21	1
141	243	21	1
135	244	21	1
132	247	21	1
223	255	21	1
107	257	21	1
160	259	21	1
189	262	21	1
162	264	21	1
164	267	21	1
115	270	21	1
120	270	21	1
156	270	21	1
164	270	21	1
167	272	21	1
175	272	21	1
224	274	21	1
117	276	21	1
218	278	21	1
266	279	21	1
172	280	21	1
204	280	21	1
206	284	21	1
224	284	21	1
220	286	21	1
223	286	21	1
152	287	21	1
187	294	21	1
156	296	21	1
250	297	21	1
131	300	21	1
105	303	21	1
239	303	21	1
186	304	21	1
235	304	21	1
223	305	21	1
258	306	21	1
210	307	21	1
240	308	21	1
200	309	21	1
231	310	21	1
93	311	21	1
199	312	21	1
258	313	21	1
260	313	21	1
261	313	21	1
237	314	21	1
266	318	21	1
257	320	21	1
185	321	21	1
98	323	21	1
179	323	21	1
181	323	21	1
185	323	21	1
201	323	21	1
149	324	21	1
195	324	21	1
228	330	21	1
260	334	21	1
259	336	21	1
175	337	21	1
180	338	21	1
242	339	21	1
215	341	21	1
243	345	21	1
142	235	22	1
133	237	22	1
129	238	22	1
146	240	22	1
139	241	22	1
135	247	22	1
216	249	22	1
223	252	22	2
161	255	22	1
229	255	22	1
163	256	22	1
163	257	22	2
232	259	22	1
121	270	22	1
177	272	22	1
224	280	22	1
175	282	22	1
226	285	22	1
210	301	22	1
260	310	22	2
206	311	22	1
260	313	22	1
261	314	22	1
182	324	22	1
259	326	22	1
260	326	22	1
103	330	22	1
94	331	22	1
259	334	22	1
179	339	22	1
141	235	23	1
133	238	23	1
148	239	23	1
145	241	23	1
150	241	23	1
138	242	23	1
228	257	23	1
218	263	23	1
124	267	23	1
163	268	23	1
177	272	23	1
165	273	23	1
177	273	23	1
169	281	23	1
210	281	23	1
176	282	23	1
226	284	23	1
202	285	23	1
218	296	23	1
207	301	23	1
236	301	23	1
264	303	23	1
234	305	23	1
239	306	23	1
235	307	23	1
236	307	23	1
204	309	23	1
260	310	23	1
230	311	23	1
234	311	23	1
176	312	23	1
203	313	23	1
176	314	23	1
262	315	23	2
264	316	23	1
261	319	23	1
262	319	23	1
99	327	23	1
240	345	23	1
181	223	24	1
157	233	24	1
144	236	24	1
145	237	24	1
142	239	24	1
143	242	24	1
141	243	24	1
199	258	24	1
117	263	24	1
221	263	24	1
126	266	24	1
123	267	24	1
163	270	24	1
131	271	24	1
176	277	24	1
175	278	24	1
168	280	24	1
275	290	24	1
268	298	24	1
189	300	24	1
263	302	24	1
262	305	24	1
260	307	24	1
257	314	24	1
171	315	24	1
169	317	24	1
167	318	24	1
169	318	24	1
239	320	24	1
164	321	24	1
181	321	24	1
237	322	24	2
242	322	24	1
236	323	24	1
101	330	24	1
153	331	24	1
102	332	24	1
249	237	25	1
246	238	25	2
144	246	25	1
224	257	25	1
122	261	25	1
122	266	25	1
165	278	25	1
177	278	25	1
177	281	25	1
270	293	25	1
268	298	25	1
238	299	25	1
262	301	25	1
235	305	25	1
262	309	25	1
260	310	25	1
261	318	25	1
180	221	26	1
144	233	26	1
144	234	26	1
133	238	26	1
137	245	26	1
228	247	26	1
226	248	26	2
226	252	26	1
123	267	26	1
172	276	26	1
177	278	26	1
163	279	26	1
176	279	26	1
274	280	26	1
177	282	26	1
274	283	26	1
272	293	26	1
231	309	26	1
262	311	26	1
259	313	26	1
211	316	26	1
258	317	26	1
258	318	26	2
144	234	27	1
153	234	27	1
146	235	27	1
250	236	27	1
182	239	27	1
134	243	27	1
227	251	27	1
229	251	27	1
259	267	27	1
126	270	27	1
177	294	27	1
270	294	27	2
201	309	27	1
202	314	27	1
212	314	27	1
210	315	27	1
259	316	27	1
239	318	27	1
250	236	28	1
251	236	28	1
138	237	28	1
227	243	28	1
231	245	28	1
194	247	28	1
123	252	28	1
127	252	28	1
126	254	28	1
127	270	28	1
171	277	28	1
128	278	28	1
174	280	28	1
177	282	28	1
274	282	28	1
165	283	28	1
171	283	28	1
174	283	28	1
168	288	28	1
232	306	28	1
234	307	28	1
225	308	28	1
222	310	28	1
204	313	28	1
259	313	28	1
208	314	28	1
260	314	28	1
112	226	29	1
186	239	29	1
181	240	29	1
190	245	29	1
191	245	29	1
128	254	29	1
134	259	29	1
135	263	29	1
257	268	29	1
168	270	29	1
170	275	29	1
274	284	29	1
275	284	29	1
199	308	29	1
211	308	29	1
211	312	29	1
255	316	29	1
121	326	29	1
95	328	29	1
130	329	29	1
191	346	29	1
190	244	30	1
125	257	30	1
131	260	30	1
165	271	30	1
142	274	30	1
275	284	30	1
165	285	30	1
210	309	30	1
207	311	30	2
213	322	30	1
128	325	30	1
97	331	30	1
96	333	30	1
218	361	30	1
220	363	30	1
185	241	31	1
174	242	31	1
187	245	31	1
141	275	31	1
260	278	31	1
275	282	31	1
162	284	31	1
167	284	31	1
166	285	31	1
198	306	31	1
188	308	31	1
204	310	31	1
205	310	31	1
203	311	31	1
93	331	31	1
95	331	31	1
174	339	31	1
188	349	31	1
188	242	32	1
172	244	32	1
182	244	32	1
132	257	32	1
253	258	32	1
126	264	32	1
167	274	32	1
159	279	32	1
166	289	32	1
116	304	32	1
187	308	32	2
188	309	32	1
111	311	32	1
207	312	32	1
211	315	32	1
197	316	32	1
207	319	32	1
187	348	32	1
179	360	32	1
200	246	33	1
133	257	33	1
129	259	33	1
258	259	33	1
132	260	33	1
129	261	33	1
130	262	33	1
158	262	33	1
127	264	33	1
157	264	33	1
257	265	33	1
128	266	33	1
261	267	33	1
263	267	33	1
160	286	33	1
161	286	33	1
121	300	33	1
118	301	33	1
172	301	33	1
183	307	33	1
115	308	33	1
207	308	33	1
111	314	33	1
249	316	33	1
119	318	33	1
198	318	33	1
98	329	33	1
215	343	33	1
187	346	33	1
211	352	33	2
113	228	34	1
174	240	34	1
190	244	34	1
212	247	34	1
134	253	34	1
138	254	34	1
131	258	34	1
151	259	34	1
130	260	34	1
134	262	34	1
130	266	34	1
264	267	34	1
157	274	34	1
166	275	34	1
164	279	34	1
262	279	34	1
170	298	34	1
121	302	34	1
116	303	34	1
118	308	34	1
112	311	34	1
192	311	34	1
252	311	34	1
198	321	34	1
201	321	34	1
199	322	34	1
239	323	34	1
242	324	34	1
195	333	34	2
201	334	34	1
194	335	34	1
213	345	34	1
208	347	34	1
197	348	34	1
181	352	34	1
117	226	35	1
135	255	35	1
136	257	35	1
258	259	35	1
140	261	35	1
128	263	35	1
132	263	35	1
262	265	35	1
265	266	35	1
263	267	35	1
158	272	35	1
160	272	35	1
161	274	35	1
162	276	35	1
145	277	35	1
161	278	35	2
164	280	35	1
125	282	35	1
124	295	35	1
255	295	35	1
121	303	35	1
118	304	35	1
176	304	35	1
121	305	35	1
181	308	35	1
125	317	35	1
183	333	35	1
198	333	35	1
212	341	35	1
212	342	35	1
186	347	35	1
192	349	35	1
212	350	35	1
212	351	35	1
209	352	35	1
181	353	35	1
194	353	35	1
185	354	35	1
204	356	35	1
206	356	35	1
138	239	36	1
173	244	36	1
134	250	36	1
137	253	36	1
253	258	36	2
127	261	36	1
128	261	36	1
127	263	36	2
261	275	36	1
163	279	36	1
259	280	36	1
126	285	36	1
123	286	36	1
122	292	36	1
171	298	36	1
176	302	36	1
118	305	36	1
189	310	36	1
191	312	36	1
108	315	36	1
238	322	36	1
196	324	36	2
237	325	36	1
209	340	36	1
187	350	36	1
213	353	36	1
177	359	36	1
125	230	37	2
116	232	37	1
123	233	37	1
127	233	37	1
127	235	37	1
169	244	37	1
132	254	37	1
133	254	37	1
142	263	37	1
262	265	37	1
147	266	37	1
128	268	37	1
164	279	37	1
161	284	37	1
125	285	37	1
259	293	37	1
172	300	37	1
115	304	37	1
116	306	37	1
118	316	37	1
138	320	37	1
242	324	37	1
148	331	37	2
211	340	37	1
208	341	37	1
186	349	37	1
206	355	37	1
135	233	38	1
136	238	38	1
162	240	38	1
169	240	38	1
166	242	38	1
167	245	38	1
137	250	38	2
152	252	38	1
132	253	38	2
148	253	38	1
151	253	38	1
139	255	38	1
132	259	38	1
169	259	38	1
142	260	38	1
170	261	38	1
264	261	38	1
164	263	38	1
129	264	38	1
143	265	38	1
152	266	38	1
143	268	38	1
146	268	38	1
252	274	38	1
129	281	38	2
126	284	38	1
253	293	38	1
254	295	38	1
157	296	38	1
178	302	38	1
146	316	38	1
153	317	38	1
116	320	38	1
140	323	38	1
242	324	38	1
237	329	38	1
219	331	38	1
191	332	38	1
152	333	38	1
181	333	38	1
189	334	38	2
148	335	38	1
215	339	38	1
197	343	38	1
199	344	38	1
215	347	38	1
211	349	38	1
177	356	38	1
206	358	38	1
120	224	39	1
138	230	39	1
121	231	39	1
137	234	39	2
198	236	39	1
120	237	39	1
137	237	39	1
200	237	39	1
142	238	39	1
143	238	39	1
139	240	39	1
133	243	39	1
140	244	39	1
167	245	39	2
127	246	39	1
125	247	39	1
136	251	39	1
137	251	39	1
136	253	39	2
153	255	39	1
147	258	39	1
132	259	39	1
136	259	39	1
255	259	39	1
130	261	39	2
148	261	39	1
146	262	39	1
262	263	39	1
261	266	39	1
144	271	39	1
135	272	39	1
141	272	39	1
141	274	39	1
144	277	39	1
152	279	39	1
138	282	39	1
134	284	39	1
165	298	39	1
175	302	39	1
126	306	39	1
126	307	39	1
145	314	39	1
120	316	39	1
137	318	39	1
140	322	39	1
240	331	39	1
187	332	39	2
155	338	39	1
191	346	39	1
190	349	39	1
177	355	39	1
192	361	39	1
118	224	40	1
136	230	40	1
204	232	40	1
144	235	40	1
162	238	40	1
165	240	40	2
134	242	40	1
165	243	40	1
176	243	40	1
170	245	40	1
126	246	40	1
124	248	40	1
232	249	40	1
133	250	40	1
139	250	40	2
230	251	40	1
136	252	40	1
134	255	40	1
142	258	40	1
204	259	40	1
257	261	40	1
159	262	40	1
248	262	40	1
140	263	40	1
158	264	40	1
142	266	40	1
157	266	40	1
252	269	40	1
142	270	40	1
147	270	40	1
251	270	40	1
231	272	40	1
251	272	40	1
145	274	40	1
137	275	40	1
139	275	40	1
157	278	40	1
152	280	40	1
140	284	40	1
133	286	40	2
139	286	40	1
252	295	40	1
123	300	40	2
249	300	40	1
133	301	40	1
140	301	40	1
169	301	40	1
130	302	40	1
124	304	40	1
124	309	40	1
115	316	40	1
147	317	40	1
249	326	40	1
149	329	40	1
156	335	40	2
216	338	40	1
211	342	40	1
208	343	40	1
194	345	40	1
136	229	41	1
137	229	41	1
141	231	41	1
202	238	41	1
138	239	41	1
161	239	41	1
200	239	41	1
198	240	41	1
140	241	41	1
143	241	41	1
232	250	41	1
228	253	41	1
141	254	41	1
213	257	41	1
153	258	41	1
173	259	41	1
158	260	41	1
176	260	41	1
149	261	41	1
254	261	41	1
144	262	41	1
158	262	41	1
173	262	41	1
207	262	41	1
204	263	41	1
144	265	41	1
152	265	41	1
149	266	41	1
148	267	41	1
132	270	41	1
203	271	41	1
139	272	41	1
140	272	41	1
165	272	41	1
164	274	41	2
247	274	41	1
132	275	41	1
141	275	41	1
151	275	41	1
147	276	41	1
139	277	41	1
142	277	41	1
210	279	41	1
145	281	41	1
136	283	41	1
139	283	41	1
151	283	41	1
218	285	41	1
219	286	41	1
139	289	41	1
154	294	41	1
152	298	41	1
128	299	41	1
129	299	41	1
128	302	41	1
171	302	41	1
261	303	41	1
122	304	41	1
141	304	41	1
129	307	41	1
140	316	41	1
139	319	41	2
150	320	41	1
176	323	41	1
252	326	41	1
167	329	41	1
179	329	41	1
181	330	41	1
185	330	41	1
242	330	41	1
251	330	41	1
240	331	41	1
152	333	41	1
181	333	41	1
133	335	41	1
238	335	41	1
152	336	41	1
218	336	41	1
126	337	41	1
127	337	41	1
128	337	41	1
219	340	41	1
214	342	41	1
216	343	41	1
232	347	41	1
233	349	41	1
200	363	41	1
136	228	42	1
201	234	42	1
199	235	42	1
164	236	42	1
161	238	42	1
204	238	42	2
164	243	42	2
122	252	42	1
212	256	42	1
173	258	42	1
213	260	42	2
250	263	42	1
152	264	42	1
149	267	42	1
152	270	42	1
156	271	42	1
147	273	42	1
143	275	42	1
143	279	42	1
149	279	42	1
164	279	42	1
151	282	42	1
152	283	42	1
253	283	42	2
152	285	42	1
141	286	42	1
133	291	42	1
154	294	42	1
126	299	42	1
150	299	42	1
133	300	42	1
139	300	42	1
170	305	42	1
139	320	42	1
150	321	42	1
130	328	42	1
250	328	42	1
184	330	42	1
188	330	42	1
154	331	42	1
176	331	42	1
164	332	42	1
180	332	42	1
194	338	42	1
207	344	42	1
206	350	42	1
162	231	43	1
137	233	43	1
166	238	43	1
138	239	43	1
179	246	43	1
210	256	43	1
215	257	43	1
175	258	43	1
145	261	43	1
208	262	43	1
147	265	43	1
155	265	43	1
151	270	43	1
141	272	43	1
149	272	43	1
141	275	43	1
144	275	43	1
151	276	43	1
154	279	43	1
153	283	43	1
152	284	43	1
151	285	43	1
139	286	43	1
143	293	43	1
146	293	43	1
255	293	43	1
132	294	43	1
142	301	43	1
131	302	43	1
143	304	43	1
141	305	43	1
125	306	43	1
129	306	43	1
146	306	43	1
150	324	43	1
189	331	43	1
192	332	43	1
181	334	43	2
131	336	43	1
218	336	43	1
236	349	43	1
206	361	43	1
136	232	44	1
158	260	44	1
147	261	44	1
147	263	44	1
148	272	44	1
150	277	44	1
149	278	44	1
160	278	44	1
164	279	44	1
148	283	44	2
128	300	44	1
170	309	44	1
228	346	44	1
231	346	44	1
234	347	44	1
136	271	45	1
152	278	45	1
149	280	45	1
251	283	45	1
146	285	45	1
136	297	45	2
134	301	45	1
132	304	45	1
185	330	45	1
229	346	45	1
210	347	45	1
176	258	46	2
145	270	46	1
148	278	46	1
144	281	46	1
250	283	46	1
142	284	46	1
145	291	46	1
135	301	46	1
244	302	46	1
129	303	46	1
134	303	46	1
136	303	46	1
188	320	46	1
179	322	46	1
177	323	46	1
191	327	46	1
217	342	46	1
182	353	46	1
138	300	47	1
190	323	47	1
207	355	47	1
146	275	48	1
135	230	49	1
127	268	49	1
169	270	49	1
146	276	49	1
145	279	49	1
134	280	49	1
113	284	49	1
132	285	49	1
138	333	49	1
148	337	49	1
199	346	49	1
211	346	49	1
186	354	49	1
121	234	50	1
131	294	50	1
206	340	50	1
