x	y	z	Mitochondrial translation termination
183.039773122643	289.659001437601	35.0807824929564	1
142	221	20	1
123	222	20	1
142	222	20	3
176	222	20	1
178	222	20	1
175	223	20	2
115	224	20	1
133	224	20	2
156	224	20	1
172	224	20	2
135	225	20	4
141	225	20	2
159	225	20	1
162	225	20	1
176	225	20	1
119	226	20	2
126	226	20	1
156	226	20	1
158	226	20	1
172	226	20	1
155	227	20	1
130	228	20	1
151	228	20	1
155	228	20	1
157	228	20	2
174	228	20	1
179	228	20	2
196	228	20	1
118	229	20	2
153	229	20	3
159	229	20	1
127	230	20	1
129	230	20	3
157	230	20	1
173	230	20	2
186	230	20	3
204	230	20	1
113	231	20	2
160	231	20	1
170	231	20	3
177	231	20	2
142	232	20	1
197	232	20	2
130	233	20	1
143	233	20	1
144	233	20	1
147	233	20	2
165	233	20	2
169	233	20	1
170	233	20	1
214	233	20	1
215	233	20	1
114	234	20	2
154	234	20	2
126	235	20	2
135	235	20	2
137	235	20	1
151	235	20	1
158	235	20	1
206	235	20	1
216	235	20	2
220	235	20	1
222	235	20	1
134	236	20	2
139	236	20	1
146	236	20	1
154	236	20	1
159	236	20	1
163	236	20	1
129	237	20	1
133	237	20	1
137	237	20	2
140	237	20	1
148	237	20	1
165	237	20	1
168	237	20	1
169	237	20	1
204	237	20	1
220	237	20	1
222	237	20	1
232	237	20	1
248	237	20	1
126	238	20	1
140	238	20	1
141	238	20	3
152	238	20	1
168	238	20	2
213	238	20	1
139	239	20	1
141	239	20	2
151	239	20	1
172	239	20	1
183	239	20	1
230	239	20	2
126	240	20	2
132	240	20	2
146	240	20	1
152	240	20	1
160	240	20	1
216	240	20	1
231	240	20	3
126	241	20	1
129	241	20	1
131	241	20	2
138	241	20	1
141	241	20	1
145	241	20	1
157	241	20	1
167	241	20	1
237	241	20	1
130	242	20	1
137	242	20	2
148	242	20	1
150	242	20	1
185	242	20	1
207	242	20	1
214	242	20	1
237	242	20	1
124	243	20	1
125	243	20	1
132	243	20	2
173	243	20	5
213	243	20	1
240	243	20	2
123	244	20	1
126	244	20	1
134	244	20	1
135	244	20	2
154	244	20	1
155	244	20	2
162	244	20	2
188	244	20	1
210	244	20	2
137	245	20	2
160	245	20	1
169	245	20	1
214	245	20	2
117	246	20	1
126	246	20	2
130	246	20	1
149	246	20	1
237	246	20	2
240	246	20	2
252	246	20	1
133	247	20	1
137	247	20	1
140	247	20	1
218	247	20	1
248	247	20	1
141	248	20	1
215	248	20	1
230	248	20	2
102	249	20	1
138	249	20	1
167	249	20	1
191	249	20	1
218	249	20	2
101	250	20	1
119	250	20	1
121	250	20	1
157	250	20	1
260	250	20	1
101	251	20	1
133	251	20	1
175	251	20	1
207	251	20	1
218	251	20	2
223	251	20	1
175	252	20	1
212	252	20	1
218	252	20	1
226	252	20	1
120	253	20	4
122	253	20	1
139	253	20	2
140	253	20	1
194	253	20	1
222	253	20	1
252	253	20	2
124	254	20	3
154	254	20	1
161	254	20	1
217	254	20	2
226	254	20	1
228	254	20	1
238	254	20	1
243	254	20	1
244	254	20	1
248	254	20	2
255	254	20	1
121	255	20	1
143	255	20	1
149	255	20	1
198	255	20	2
200	255	20	1
246	255	20	1
131	256	20	1
172	256	20	1
204	256	20	1
262	256	20	1
124	257	20	1
134	257	20	1
146	257	20	1
162	257	20	1
170	257	20	2
175	257	20	1
197	257	20	1
230	257	20	1
255	257	20	1
258	257	20	1
128	258	20	4
132	258	20	1
172	258	20	1
175	258	20	1
176	258	20	1
198	258	20	1
215	258	20	2
231	258	20	2
232	258	20	1
144	259	20	2
145	259	20	1
166	259	20	2
167	259	20	1
201	259	20	3
203	259	20	2
229	259	20	1
265	259	20	1
142	260	20	1
147	260	20	1
157	260	20	2
184	260	20	2
245	260	20	2
102	261	20	1
112	261	20	1
130	261	20	1
140	261	20	1
156	261	20	1
163	261	20	1
165	261	20	2
191	261	20	1
228	261	20	1
231	261	20	2
124	262	20	1
170	262	20	1
223	262	20	1
225	262	20	1
133	263	20	1
163	263	20	2
207	263	20	1
210	263	20	1
229	263	20	2
105	264	20	3
126	264	20	1
146	264	20	2
160	264	20	4
168	264	20	1
187	264	20	1
220	264	20	1
250	264	20	2
134	265	20	3
147	265	20	1
163	265	20	1
176	265	20	4
190	265	20	1
218	265	20	1
232	265	20	1
236	265	20	1
117	266	20	2
118	266	20	1
120	266	20	1
155	266	20	1
158	266	20	1
184	266	20	1
197	266	20	1
211	266	20	2
225	266	20	1
231	266	20	1
251	266	20	1
118	267	20	3
113	268	20	1
141	268	20	3
145	268	20	1
146	268	20	1
151	268	20	1
154	268	20	2
162	268	20	1
167	268	20	1
255	268	20	2
118	269	20	1
132	269	20	2
140	269	20	1
159	269	20	1
184	269	20	1
214	269	20	1
246	269	20	1
100	270	20	1
113	270	20	1
115	270	20	3
118	270	20	1
125	270	20	1
147	270	20	1
156	270	20	1
162	270	20	2
165	270	20	1
177	270	20	1
217	270	20	1
224	270	20	2
261	270	20	1
128	271	20	2
145	271	20	1
152	271	20	1
159	271	20	3
165	271	20	1
167	271	20	1
171	271	20	1
173	271	20	1
201	271	20	2
222	271	20	1
225	271	20	1
266	271	20	1
113	272	20	1
116	272	20	1
119	272	20	2
120	272	20	2
154	272	20	1
156	272	20	2
162	272	20	1
166	272	20	2
168	272	20	1
169	272	20	1
174	272	20	1
175	272	20	4
176	272	20	1
181	272	20	1
218	272	20	2
225	272	20	2
226	272	20	3
264	272	20	1
101	273	20	1
117	273	20	2
123	273	20	1
152	273	20	1
167	273	20	1
170	273	20	1
206	273	20	1
122	274	20	1
159	274	20	1
165	274	20	1
169	274	20	1
174	274	20	1
226	274	20	1
227	274	20	2
229	274	20	1
230	274	20	1
134	275	20	1
172	275	20	1
176	275	20	1
200	275	20	3
204	275	20	3
208	275	20	1
221	275	20	1
226	275	20	1
268	275	20	1
122	276	20	1
126	276	20	1
137	276	20	1
142	276	20	1
167	276	20	1
170	276	20	1
174	276	20	1
182	276	20	2
222	276	20	1
231	276	20	1
246	276	20	1
258	276	20	1
266	276	20	1
111	277	20	1
130	277	20	1
211	277	20	4
219	277	20	2
220	277	20	3
227	277	20	1
152	278	20	1
164	278	20	2
168	278	20	1
170	278	20	2
176	278	20	1
183	278	20	1
208	278	20	1
256	278	20	2
163	279	20	1
171	279	20	2
175	279	20	1
178	279	20	1
186	279	20	1
200	279	20	2
204	279	20	3
217	279	20	1
222	279	20	1
228	279	20	1
234	279	20	3
241	279	20	1
269	279	20	1
108	280	20	2
125	280	20	3
162	280	20	2
163	280	20	1
173	280	20	2
174	280	20	1
176	280	20	1
224	280	20	1
256	280	20	1
269	280	20	2
134	281	20	1
142	281	20	1
168	281	20	1
214	281	20	3
222	281	20	1
226	281	20	1
227	281	20	1
261	281	20	1
106	282	20	1
162	282	20	3
172	282	20	1
181	282	20	2
203	282	20	1
276	282	20	1
130	283	20	1
161	283	20	1
165	283	20	1
167	283	20	1
171	283	20	1
179	283	20	1
189	283	20	2
203	283	20	3
214	283	20	3
219	283	20	1
232	283	20	2
271	283	20	1
149	284	20	1
163	284	20	5
213	284	20	1
214	284	20	3
224	284	20	1
109	285	20	2
119	285	20	2
205	285	20	1
218	285	20	1
230	285	20	2
250	285	20	3
129	286	20	2
236	286	20	2
129	287	20	1
146	287	20	1
199	287	20	2
205	287	20	2
220	287	20	1
224	287	20	2
226	287	20	1
261	287	20	1
268	287	20	1
269	287	20	3
113	288	20	1
126	288	20	3
136	288	20	2
162	288	20	1
167	288	20	1
169	288	20	1
170	288	20	3
196	288	20	3
223	288	20	1
224	288	20	1
225	288	20	1
238	288	20	2
124	289	20	1
143	289	20	1
179	289	20	1
181	289	20	1
201	289	20	1
221	289	20	1
224	289	20	1
252	289	20	3
271	289	20	1
140	290	20	1
143	290	20	1
173	290	20	3
214	290	20	1
106	291	20	1
108	291	20	1
149	291	20	1
151	291	20	1
192	291	20	1
262	291	20	5
131	292	20	2
140	292	20	1
146	292	20	1
173	292	20	1
192	292	20	1
205	292	20	1
207	292	20	1
236	292	20	2
242	292	20	1
133	293	20	1
134	293	20	2
142	293	20	1
226	293	20	2
261	293	20	2
141	294	20	1
174	294	20	1
194	294	20	1
199	294	20	1
214	294	20	1
216	294	20	2
220	294	20	1
222	294	20	1
264	294	20	3
269	294	20	2
151	295	20	1
189	295	20	1
198	295	20	1
218	295	20	2
220	295	20	2
116	296	20	1
120	296	20	2
131	296	20	1
143	296	20	2
162	296	20	1
180	296	20	1
187	296	20	3
193	296	20	2
194	296	20	1
196	296	20	3
212	296	20	1
216	296	20	2
228	296	20	1
270	296	20	2
137	297	20	1
151	297	20	1
172	297	20	1
238	297	20	1
249	297	20	1
268	297	20	1
153	298	20	2
165	298	20	1
193	298	20	1
237	298	20	1
246	298	20	2
265	298	20	1
129	299	20	2
161	299	20	1
207	299	20	1
243	299	20	2
120	300	20	2
139	300	20	3
174	300	20	1
191	300	20	1
232	300	20	2
114	301	20	1
161	301	20	1
186	301	20	1
216	301	20	1
134	302	20	1
167	302	20	2
206	302	20	3
213	302	20	1
223	302	20	1
257	302	20	1
261	302	20	1
101	303	20	1
127	303	20	2
187	303	20	2
266	303	20	1
149	304	20	2
157	304	20	2
158	304	20	3
166	304	20	1
209	304	20	1
238	304	20	1
239	304	20	1
124	305	20	1
177	305	20	2
206	305	20	1
223	305	20	1
249	305	20	1
252	305	20	1
132	306	20	1
146	306	20	1
172	306	20	1
177	306	20	1
191	306	20	1
200	306	20	1
209	306	20	2
240	306	20	2
249	306	20	1
259	306	20	1
118	307	20	1
124	307	20	1
158	307	20	2
166	307	20	1
227	307	20	1
229	307	20	1
238	307	20	1
239	307	20	3
103	308	20	2
186	308	20	1
200	308	20	1
201	308	20	1
205	308	20	2
208	308	20	2
219	308	20	2
227	308	20	1
229	308	20	1
233	308	20	1
235	308	20	1
249	308	20	1
124	309	20	1
130	309	20	1
205	309	20	2
239	309	20	1
242	309	20	1
246	309	20	1
263	309	20	1
269	309	20	3
121	310	20	1
144	310	20	1
255	310	20	1
263	310	20	1
152	311	20	3
238	311	20	1
246	311	20	1
93	312	20	3
100	312	20	1
115	312	20	1
168	312	20	1
173	312	20	2
202	312	20	1
211	312	20	1
233	312	20	1
247	312	20	1
94	313	20	2
115	313	20	2
164	313	20	2
174	313	20	1
176	313	20	2
181	313	20	1
201	313	20	1
227	313	20	1
241	313	20	1
262	313	20	1
100	314	20	1
142	314	20	2
152	314	20	1
180	314	20	2
201	314	20	1
202	314	20	2
237	314	20	1
148	315	20	1
150	315	20	2
180	315	20	1
215	315	20	1
250	315	20	1
256	315	20	1
265	315	20	2
119	316	20	2
131	316	20	4
177	316	20	1
178	316	20	1
179	316	20	1
185	316	20	2
204	316	20	1
232	316	20	1
234	316	20	1
235	316	20	1
256	316	20	2
95	317	20	4
113	317	20	2
152	317	20	2
163	317	20	1
172	317	20	1
212	317	20	1
232	317	20	1
233	317	20	2
251	317	20	1
267	317	20	1
113	318	20	1
121	318	20	1
126	318	20	1
129	318	20	2
257	318	20	3
260	318	20	1
261	318	20	1
263	318	20	1
100	319	20	1
153	319	20	2
168	319	20	1
171	319	20	2
190	319	20	2
193	319	20	1
218	319	20	1
233	319	20	1
237	319	20	2
120	320	20	1
168	320	20	1
180	320	20	2
182	320	20	1
187	320	20	1
195	320	20	1
201	320	20	2
241	320	20	1
243	320	20	1
250	320	20	1
259	320	20	1
112	321	20	1
140	321	20	1
183	321	20	1
195	321	20	1
196	321	20	1
197	321	20	2
210	321	20	1
237	321	20	3
257	321	20	1
92	322	20	2
127	322	20	1
157	322	20	1
178	322	20	2
187	322	20	1
193	322	20	2
198	322	20	1
257	322	20	1
258	322	20	1
106	323	20	1
177	323	20	1
178	323	20	2
194	323	20	1
198	323	20	2
222	323	20	1
233	323	20	1
236	323	20	1
149	324	20	2
161	324	20	1
169	324	20	1
173	324	20	1
177	324	20	1
185	324	20	1
193	324	20	1
196	324	20	1
200	324	20	3
203	324	20	2
139	325	20	1
179	325	20	1
180	325	20	1
188	325	20	1
195	325	20	4
205	325	20	1
259	325	20	1
128	326	20	1
130	326	20	1
188	326	20	1
191	326	20	1
196	326	20	3
211	326	20	1
240	326	20	1
261	326	20	1
106	327	20	1
139	327	20	2
189	327	20	1
228	327	20	2
233	327	20	1
244	327	20	2
135	328	20	1
144	328	20	1
173	328	20	1
179	328	20	1
200	328	20	1
214	328	20	2
221	328	20	2
98	329	20	1
165	329	20	1
169	329	20	1
179	329	20	1
180	329	20	4
187	329	20	1
210	329	20	2
221	329	20	3
253	329	20	1
97	330	20	1
129	330	20	3
150	330	20	2
181	330	20	1
195	330	20	2
258	330	20	1
259	330	20	1
260	330	20	1
262	330	20	1
100	331	20	2
136	331	20	3
177	331	20	3
179	331	20	1
186	331	20	1
200	331	20	1
201	331	20	1
240	331	20	2
106	332	20	1
113	332	20	1
114	332	20	1
140	332	20	1
176	332	20	4
180	332	20	1
192	332	20	3
216	332	20	1
218	332	20	1
226	332	20	1
260	332	20	2
96	333	20	1
117	333	20	1
132	333	20	1
137	333	20	2
157	333	20	2
175	333	20	1
179	333	20	1
210	333	20	1
227	333	20	1
235	333	20	1
261	333	20	2
131	334	20	5
143	334	20	1
151	334	20	1
153	334	20	1
158	334	20	2
186	334	20	1
205	334	20	1
224	334	20	2
244	334	20	1
256	334	20	1
179	335	20	1
227	335	20	1
246	335	20	1
144	336	20	2
169	336	20	1
175	336	20	1
188	336	20	1
194	336	20	2
207	336	20	1
248	336	20	1
260	336	20	1
173	337	20	1
205	337	20	1
217	337	20	2
220	337	20	1
233	337	20	2
236	337	20	2
198	338	20	1
226	338	20	1
173	339	20	1
186	339	20	3
157	341	20	2
230	341	20	2
234	341	20	3
238	341	20	1
242	341	20	1
246	341	20	1
185	342	20	1
227	342	20	2
210	343	20	1
229	343	20	1
240	343	20	1
245	343	20	1
178	344	20	1
183	345	20	1
240	345	20	2
243	345	20	2
162	346	20	2
187	346	20	2
198	347	20	2
202	347	20	1
192	348	20	1
232	348	20	2
236	348	20	1
178	349	20	2
186	349	20	1
235	349	20	1
165	350	20	3
169	350	20	1
206	351	20	1
183	352	20	1
186	352	20	1
197	352	20	1
216	352	20	1
165	353	20	2
178	353	20	1
224	353	20	1
231	353	20	2
210	355	20	1
218	355	20	3
182	357	20	1
198	357	20	1
199	357	20	3
215	357	20	1
169	358	20	1
220	358	20	2
171	359	20	2
175	359	20	1
178	359	20	1
191	359	20	1
200	359	20	1
179	360	20	1
186	360	20	1
176	361	20	2
185	361	20	2
199	361	20	1
182	362	20	1
192	362	20	1
159	225	21	2
180	225	21	1
139	228	21	2
146	228	21	2
147	228	21	1
161	228	21	2
156	229	21	1
188	230	21	1
110	231	21	1
129	231	21	1
162	232	21	1
129	234	21	1
134	235	21	1
140	235	21	2
141	235	21	1
133	236	21	1
140	236	21	1
214	236	21	1
131	237	21	1
132	237	21	1
136	237	21	1
137	237	21	1
172	237	21	1
191	237	21	1
149	238	21	2
151	238	21	1
200	238	21	1
129	239	21	1
131	239	21	3
147	239	21	2
178	239	21	1
195	239	21	1
127	240	21	1
128	240	21	1
130	240	21	1
132	240	21	1
150	240	21	1
171	240	21	1
241	240	21	1
126	241	21	1
129	241	21	1
135	241	21	1
174	241	21	2
214	241	21	1
215	241	21	1
126	242	21	1
128	242	21	1
136	242	21	2
215	242	21	1
116	243	21	1
128	243	21	2
129	243	21	2
142	243	21	2
146	243	21	1
152	243	21	2
213	243	21	5
102	245	21	1
217	245	21	1
137	246	21	1
132	247	21	4
201	247	21	2
134	249	21	1
218	249	21	1
126	250	21	1
131	250	21	2
217	250	21	1
220	251	21	1
219	252	21	2
154	253	21	2
197	253	21	1
225	253	21	2
228	253	21	1
199	254	21	1
223	254	21	1
161	255	21	1
169	255	21	2
223	255	21	3
122	256	21	1
197	257	21	1
200	257	21	3
232	257	21	1
140	258	21	1
160	259	21	1
163	259	21	2
160	260	21	1
181	260	21	2
196	260	21	1
231	260	21	2
130	261	21	1
201	261	21	3
133	263	21	1
219	263	21	2
161	264	21	1
162	264	21	1
163	264	21	1
175	264	21	1
181	264	21	2
135	265	21	1
162	265	21	1
215	265	21	3
139	266	21	1
161	266	21	2
221	266	21	2
155	268	21	1
160	268	21	1
124	269	21	1
154	269	21	1
160	269	21	1
115	270	21	2
126	270	21	1
164	270	21	1
235	270	21	2
115	271	21	1
176	271	21	1
117	272	21	2
158	272	21	1
159	272	21	1
163	272	21	1
165	272	21	1
166	272	21	2
167	272	21	2
175	272	21	1
182	272	21	2
133	273	21	2
151	273	21	1
166	273	21	1
177	273	21	1
178	273	21	4
224	273	21	2
225	273	21	2
113	274	21	1
134	274	21	1
154	274	21	1
167	274	21	2
114	275	21	1
177	275	21	1
219	275	21	2
116	276	21	1
117	276	21	1
165	276	21	1
169	276	21	1
173	276	21	2
219	276	21	1
223	276	21	3
119	277	21	1
174	277	21	1
219	277	21	2
124	278	21	1
157	278	21	1
218	278	21	1
170	279	21	1
176	279	21	2
177	279	21	1
218	279	21	3
168	280	21	1
174	280	21	4
177	280	21	1
219	281	21	1
225	281	21	1
226	281	21	3
170	282	21	1
220	282	21	2
270	282	21	1
271	282	21	1
206	284	21	1
215	284	21	1
224	284	21	1
123	285	21	2
180	285	21	1
101	286	21	1
219	287	21	1
220	287	21	1
221	287	21	1
186	288	21	1
205	288	21	1
224	288	21	2
271	288	21	1
217	289	21	1
223	289	21	1
225	289	21	1
221	290	21	1
178	291	21	2
218	291	21	1
244	292	21	1
268	292	21	2
216	293	21	2
187	294	21	2
235	294	21	1
269	294	21	1
217	295	21	1
218	295	21	3
271	295	21	1
126	296	21	2
156	296	21	1
193	296	21	1
150	297	21	2
217	297	21	1
250	297	21	1
162	298	21	3
230	298	21	2
232	298	21	1
192	299	21	1
131	300	21	2
153	300	21	1
211	300	21	2
239	300	21	2
267	300	21	1
252	301	21	1
236	302	21	2
105	303	21	1
207	303	21	1
211	303	21	1
239	303	21	1
240	303	21	1
186	304	21	1
187	304	21	2
190	304	21	2
208	304	21	2
235	304	21	2
240	304	21	2
96	305	21	1
209	305	21	2
210	305	21	1
242	305	21	2
203	306	21	3
209	306	21	1
231	306	21	1
234	306	21	1
258	306	21	1
203	307	21	1
204	307	21	1
207	307	21	1
236	307	21	1
238	307	21	1
243	307	21	1
260	307	21	2
231	308	21	1
256	308	21	1
260	308	21	2
100	309	21	2
129	309	21	1
170	309	21	1
209	309	21	1
239	309	21	1
261	309	21	2
112	310	21	2
114	310	21	1
132	310	21	2
162	310	21	1
186	310	21	2
231	310	21	1
252	310	21	1
257	310	21	1
93	311	21	1
177	311	21	1
199	311	21	2
212	311	21	1
260	311	21	1
148	312	21	2
167	312	21	1
199	312	21	1
203	312	21	2
230	312	21	1
257	312	21	1
241	313	21	1
262	313	21	1
172	314	21	1
175	314	21	1
182	314	21	1
230	314	21	1
237	314	21	1
256	314	21	1
115	315	21	1
163	315	21	2
214	315	21	2
257	315	21	3
258	315	21	1
181	316	21	1
237	316	21	1
254	316	21	1
260	316	21	1
166	317	21	1
180	317	21	1
232	317	21	1
264	317	21	1
146	318	21	1
170	318	21	1
240	318	21	1
260	318	21	1
264	318	21	1
266	318	21	1
184	319	21	1
241	319	21	1
92	320	21	1
257	320	21	1
262	320	21	1
118	321	21	1
132	321	21	1
183	321	21	3
185	321	21	1
187	321	21	2
249	321	21	1
260	321	21	1
182	322	21	2
199	322	21	1
258	322	21	3
259	322	21	2
98	323	21	1
126	323	21	3
179	323	21	1
200	323	21	2
201	323	21	1
227	323	21	1
261	323	21	1
149	324	21	1
178	324	21	2
184	324	21	1
181	325	21	2
190	325	21	1
199	325	21	2
180	327	21	1
188	327	21	2
147	328	21	3
173	328	21	1
100	329	21	1
157	329	21	1
98	330	21	2
257	331	21	1
260	331	21	1
138	332	21	3
181	332	21	1
260	332	21	1
261	332	21	1
181	333	21	1
210	333	21	1
259	333	21	2
223	334	21	2
259	334	21	1
260	334	21	1
170	335	21	1
181	335	21	2
142	336	21	1
177	336	21	1
178	336	21	1
211	336	21	1
177	337	21	1
176	338	21	1
148	339	21	1
173	339	21	1
175	339	21	1
160	340	21	1
163	340	21	1
175	340	21	1
177	340	21	1
231	340	21	1
237	340	21	1
215	341	21	2
231	342	21	3
244	344	21	1
241	345	21	2
243	345	21	1
236	348	21	1
231	350	21	1
190	351	21	1
179	355	21	1
179	360	21	1
195	361	21	1
197	363	21	1
191	364	21	1
154	228	22	1
154	229	22	1
162	230	22	2
140	234	22	1
147	234	22	1
132	235	22	1
142	235	22	1
148	235	22	1
136	236	22	1
139	236	22	1
129	237	22	2
130	237	22	1
135	237	22	1
129	238	22	1
134	238	22	1
132	239	22	1
141	239	22	1
144	239	22	1
149	239	22	1
213	239	22	1
216	239	22	1
141	240	22	1
146	240	22	1
154	240	22	1
216	240	22	1
133	241	22	2
137	241	22	1
139	241	22	1
140	241	22	1
146	241	22	1
148	241	22	1
153	241	22	1
215	241	22	1
129	242	22	2
131	242	22	2
135	242	22	2
144	242	22	2
215	242	22	1
136	243	22	1
139	243	22	1
149	243	22	2
136	244	22	1
133	245	22	2
217	250	22	1
218	252	22	2
224	253	22	2
221	254	22	1
226	254	22	1
227	254	22	2
161	255	22	1
229	255	22	1
150	256	22	1
163	256	22	1
228	256	22	1
160	258	22	1
163	258	22	1
162	259	22	1
162	260	22	2
197	260	22	2
163	261	22	1
161	263	22	1
163	264	22	2
119	267	22	1
132	267	22	1
160	267	22	1
121	268	22	2
122	268	22	1
162	268	22	1
165	268	22	2
195	268	22	1
122	269	22	1
155	269	22	1
159	269	22	1
122	270	22	2
125	270	22	3
179	270	22	1
119	271	22	2
156	271	22	2
164	271	22	1
165	271	22	1
181	271	22	1
120	272	22	1
118	273	22	1
165	273	22	1
170	273	22	1
174	273	22	2
154	274	22	2
168	274	22	1
169	274	22	2
174	274	22	1
164	275	22	1
165	275	22	1
177	275	22	1
178	275	22	1
227	275	22	1
176	276	22	2
177	276	22	3
170	277	22	1
170	278	22	1
190	278	22	1
227	278	22	1
169	279	22	1
226	279	22	1
230	279	22	1
167	280	22	1
170	280	22	1
173	280	22	2
174	280	22	2
178	280	22	1
224	280	22	1
227	280	22	2
167	282	22	2
170	282	22	1
271	284	22	1
224	285	22	1
226	285	22	1
198	290	22	1
217	290	22	1
219	292	22	1
222	292	22	1
241	293	22	2
269	294	22	1
217	295	22	1
215	296	22	1
217	297	22	1
219	297	22	1
216	299	22	1
267	300	22	2
212	303	22	1
238	303	22	2
185	304	22	1
210	304	22	1
263	304	22	1
185	305	22	1
258	305	22	1
232	306	22	1
205	307	22	1
207	307	22	1
238	307	22	1
203	308	22	1
207	308	22	1
238	308	22	1
208	309	22	1
204	310	22	1
207	310	22	1
250	310	22	3
206	311	22	1
231	311	22	1
264	311	22	1
260	312	22	2
175	313	22	2
261	313	22	2
257	314	22	1
263	315	22	1
236	317	22	1
176	318	22	4
240	318	22	1
260	318	22	1
262	318	22	2
180	319	22	1
184	320	22	1
261	320	22	1
182	321	22	2
191	321	22	1
256	321	22	2
181	322	22	1
258	322	22	2
197	323	22	1
258	323	22	1
259	323	22	1
261	323	22	1
183	324	22	2
196	324	22	1
200	324	22	4
146	325	22	1
181	325	22	1
202	326	22	1
260	326	22	1
202	327	22	3
98	328	22	1
199	328	22	1
200	328	22	2
99	329	22	1
182	330	22	2
94	331	22	1
181	331	22	1
259	331	22	3
260	331	22	1
100	332	22	1
178	334	22	2
259	334	22	2
179	337	22	1
177	338	22	1
235	340	22	1
243	343	22	1
242	344	22	1
244	344	22	2
180	360	22	1
156	225	23	1
157	225	23	1
175	225	23	3
154	228	23	2
157	228	23	2
157	229	23	2
156	230	23	1
152	231	23	1
158	231	23	1
144	233	23	1
140	235	23	1
143	235	23	1
144	235	23	1
146	235	23	1
133	236	23	1
144	236	23	1
133	237	23	1
130	238	23	1
133	238	23	2
138	238	23	1
139	238	23	1
145	238	23	2
150	238	23	1
217	238	23	2
138	239	23	3
148	239	23	2
130	240	23	2
142	240	23	1
138	241	23	1
140	241	23	1
145	241	23	1
149	241	23	1
146	242	23	1
213	242	23	1
215	242	23	1
130	243	23	1
132	243	23	1
134	243	23	1
140	243	23	1
214	243	23	1
134	244	23	2
139	244	23	1
145	244	23	1
134	246	23	3
192	253	23	1
222	253	23	1
223	253	23	2
224	253	23	1
223	254	23	2
162	255	23	1
198	256	23	1
178	258	23	1
220	262	23	1
119	263	23	1
124	267	23	2
162	267	23	1
163	268	23	3
117	269	23	2
122	269	23	1
240	269	23	2
156	270	23	1
165	270	23	1
183	270	23	2
166	271	23	1
154	272	23	2
158	273	23	3
168	273	23	2
177	273	23	1
169	274	23	1
179	274	23	1
173	275	23	2
140	276	23	2
172	276	23	2
166	277	23	1
174	277	23	3
168	278	23	1
175	279	23	1
219	279	23	1
176	280	23	3
168	281	23	1
170	281	23	1
174	281	23	2
177	281	23	2
174	282	23	2
173	284	23	1
202	285	23	1
271	285	23	4
268	292	23	1
271	292	23	2
220	293	23	1
266	293	23	1
271	293	23	1
217	294	23	1
219	294	23	1
266	294	23	1
266	295	23	1
264	299	23	1
207	301	23	1
264	301	23	2
266	302	23	2
136	303	23	1
264	303	23	2
234	305	23	1
206	306	23	1
241	306	23	1
181	307	23	1
207	307	23	1
236	307	23	1
240	307	23	2
259	307	23	3
241	308	23	1
261	308	23	1
266	308	23	2
181	309	23	2
203	309	23	2
257	309	23	1
176	310	23	1
230	311	23	2
234	311	23	2
257	311	23	1
260	311	23	1
173	312	23	1
203	312	23	1
237	312	23	1
261	312	23	2
263	312	23	1
204	314	23	1
232	314	23	1
179	315	23	1
238	315	23	1
257	315	23	1
260	315	23	2
264	316	23	2
179	317	23	1
256	317	23	2
257	317	23	1
265	317	23	1
184	318	23	3
258	318	23	1
259	318	23	1
262	318	23	1
166	319	23	3
256	319	23	1
259	319	23	1
262	319	23	2
183	321	23	1
187	322	23	1
236	322	23	3
162	324	23	1
178	324	23	1
186	325	23	1
99	327	23	1
259	327	23	3
97	328	23	1
199	328	23	1
203	328	23	2
186	329	23	1
201	331	23	2
180	332	23	1
182	333	23	1
192	334	23	2
260	336	23	1
235	340	23	1
240	342	23	1
182	221	24	1
181	222	24	1
181	223	24	2
178	224	24	1
160	225	24	2
156	226	24	1
157	226	24	3
174	226	24	1
178	226	24	1
157	229	24	1
151	231	24	1
162	231	24	1
149	232	24	1
153	232	24	1
157	233	24	1
141	234	24	1
143	234	24	2
145	235	24	1
136	236	24	1
137	236	24	1
140	236	24	2
137	237	24	1
145	237	24	2
132	238	24	1
145	239	24	1
148	239	24	1
108	240	24	2
132	240	24	1
142	240	24	1
145	240	24	2
146	240	24	1
140	241	24	1
140	242	24	1
143	242	24	1
226	242	24	1
134	243	24	2
141	243	24	2
149	243	24	1
131	244	24	1
137	244	24	1
146	244	24	1
141	246	24	2
215	248	24	1
224	248	24	2
139	249	24	1
140	249	24	1
131	252	24	1
134	252	24	1
140	255	24	1
143	255	24	2
142	256	24	2
196	258	24	1
225	260	24	1
120	261	24	1
198	261	24	1
116	262	24	1
118	262	24	2
119	262	24	1
219	262	24	1
222	262	24	2
115	263	24	1
120	263	24	1
117	264	24	2
122	264	24	1
118	265	24	2
119	265	24	1
127	265	24	1
216	265	24	1
117	266	24	1
215	266	24	2
210	268	24	1
162	269	24	2
165	269	24	1
184	270	24	2
131	271	24	1
181	271	24	1
167	273	24	2
177	273	24	3
179	274	24	1
166	275	24	1
167	275	24	1
171	276	24	1
178	276	24	2
181	276	24	1
169	277	24	1
170	277	24	1
176	277	24	1
177	277	24	1
180	277	24	1
171	278	24	2
170	279	24	2
173	279	24	1
168	280	24	1
170	280	24	2
173	283	24	2
176	284	24	1
177	284	24	2
204	285	24	1
275	288	24	1
277	288	24	2
276	289	24	2
275	290	24	1
197	291	24	1
269	292	24	1
197	293	24	1
194	294	24	1
266	295	24	1
271	295	24	1
269	297	24	2
213	299	24	1
236	299	24	1
237	299	24	1
238	300	24	2
240	302	24	1
263	302	24	1
266	302	24	2
207	303	24	1
186	304	24	2
188	304	24	3
236	304	24	1
237	304	24	1
263	304	24	3
240	305	24	1
241	305	24	1
263	305	24	1
264	305	24	1
206	306	24	2
238	306	24	1
242	306	24	2
259	307	24	1
263	307	24	1
202	308	24	1
206	308	24	2
235	308	24	1
181	309	24	1
237	309	24	1
257	309	24	1
261	309	24	3
202	310	24	1
238	310	24	3
240	310	24	2
260	310	24	2
235	311	24	1
260	311	24	2
266	311	24	1
200	312	24	1
255	312	24	1
257	312	24	2
177	313	24	2
199	313	24	1
209	313	24	1
261	313	24	1
264	313	24	2
211	314	24	2
259	314	24	1
260	314	24	1
263	314	24	2
173	315	24	1
258	315	24	1
172	316	24	1
185	317	24	1
184	319	24	1
253	319	24	2
257	319	24	1
258	319	24	1
263	319	24	1
166	320	24	2
182	320	24	2
185	320	24	1
187	320	24	1
239	320	24	1
165	321	24	1
181	321	24	1
259	321	24	1
260	321	24	3
185	322	24	1
237	322	24	1
241	322	24	1
242	322	24	1
179	323	24	1
187	323	24	3
182	325	24	1
188	325	24	1
183	326	24	1
185	326	24	1
261	326	24	1
157	327	24	3
184	327	24	1
201	327	24	2
259	328	24	2
183	329	24	1
185	329	24	4
96	330	24	1
105	330	24	2
104	331	24	1
261	331	24	2
97	332	24	1
257	332	24	1
258	333	24	1
259	333	24	1
178	334	24	1
257	334	24	1
146	335	24	2
259	335	24	1
181	336	24	4
181	359	24	2
186	360	24	1
179	223	25	1
157	226	25	2
155	228	25	1
155	231	25	1
158	231	25	2
161	232	25	1
150	233	25	1
163	233	25	1
140	235	25	1
143	235	25	1
144	235	25	2
150	235	25	1
133	237	25	1
139	237	25	1
247	237	25	1
249	237	25	1
140	238	25	1
246	238	25	2
135	239	25	1
132	240	25	1
134	240	25	1
228	240	25	1
135	241	25	3
136	241	25	1
131	243	25	1
134	243	25	2
133	244	25	1
133	246	25	2
139	246	25	1
144	246	25	2
140	247	25	2
195	249	25	2
229	249	25	1
136	251	25	1
136	253	25	1
225	253	25	3
121	258	25	1
198	259	25	1
118	261	25	3
121	262	25	2
119	263	25	2
219	263	25	1
215	264	25	1
126	265	25	2
122	266	25	1
180	274	25	1
165	277	25	2
164	278	25	1
170	278	25	1
173	278	25	1
165	279	25	1
170	279	25	3
170	280	25	1
177	281	25	1
172	282	25	1
277	288	25	1
270	290	25	1
277	290	25	1
271	291	25	1
268	292	25	2
269	294	25	1
266	295	25	1
269	296	25	1
238	299	25	1
237	300	25	1
266	300	25	2
240	301	25	1
234	305	25	1
236	305	25	1
233	306	25	1
243	308	25	1
260	310	25	3
233	311	25	4
259	312	25	1
260	312	25	1
209	314	25	1
232	314	25	1
256	314	25	1
257	314	25	2
258	314	25	1
262	314	25	1
210	316	25	1
261	317	25	2
258	318	25	3
261	318	25	1
256	319	25	1
241	320	25	3
241	321	25	1
239	323	25	1
258	325	25	1
144	337	25	1
180	222	26	1
183	222	26	1
180	223	26	1
178	225	26	1
157	229	26	1
157	230	26	1
159	230	26	2
160	230	26	1
168	230	26	1
159	231	26	1
144	234	26	1
152	234	26	1
246	234	26	1
136	235	26	1
140	235	26	3
250	235	26	1
145	236	26	2
250	236	26	1
135	237	26	1
143	238	26	2
246	238	26	2
248	238	26	1
131	239	26	1
240	239	26	1
242	239	26	2
101	242	26	1
132	242	26	1
132	243	26	2
136	243	26	1
134	245	26	1
137	245	26	2
228	247	26	1
226	248	26	1
224	249	26	1
227	250	26	1
125	251	26	2
229	251	26	1
124	252	26	1
226	252	26	1
123	253	26	1
224	253	26	1
124	255	26	3
121	257	26	1
122	257	26	2
121	258	26	1
123	267	26	1
120	268	26	2
126	268	26	2
122	269	26	2
123	269	26	1
176	275	26	2
177	276	26	1
178	277	26	1
169	278	26	2
177	278	26	1
163	279	26	1
171	279	26	1
176	279	26	1
172	281	26	2
273	281	26	2
275	282	26	1
273	283	26	1
181	287	26	3
272	293	26	1
268	295	26	2
266	297	26	2
231	307	26	3
235	308	26	2
231	309	26	3
262	309	26	1
230	310	26	1
262	311	26	1
243	312	26	2
208	313	26	1
257	313	26	1
258	313	26	1
259	313	26	3
258	315	26	2
261	315	26	1
211	316	26	1
257	316	26	1
237	319	26	4
261	319	26	1
241	321	26	1
240	322	26	2
186	359	26	1
155	231	27	1
161	231	27	2
164	231	27	1
162	232	27	1
163	232	27	1
155	233	27	1
164	233	27	2
152	234	27	1
153	234	27	2
245	234	27	1
146	235	27	2
250	235	27	1
249	236	27	1
137	237	27	1
241	237	27	1
139	238	27	1
243	238	27	1
246	238	27	2
248	238	27	4
135	239	27	1
182	239	27	1
241	239	27	1
243	239	27	1
242	240	27	2
135	241	27	1
226	241	27	2
233	245	27	1
250	245	27	1
193	251	27	1
225	253	27	2
125	255	27	1
122	256	27	2
124	258	27	1
119	268	27	1
121	268	27	1
122	270	27	1
123	270	27	3
126	270	27	2
174	276	27	1
173	277	27	1
175	277	27	1
175	278	27	2
167	279	27	1
172	279	27	1
174	279	27	1
175	279	27	2
176	279	27	1
175	280	27	1
274	280	27	2
173	281	27	1
174	281	27	1
177	281	27	1
178	282	27	1
275	282	27	1
177	283	27	2
178	283	27	1
272	283	27	1
173	284	27	1
274	284	27	1
273	285	27	2
178	286	27	1
270	290	27	1
269	293	27	1
191	294	27	1
195	294	27	1
192	295	27	1
264	302	27	1
233	303	27	1
266	303	27	2
236	305	27	1
235	308	27	1
240	308	27	2
203	309	27	1
257	309	27	1
209	311	27	1
206	313	27	1
213	313	27	1
209	315	27	1
210	315	27	1
258	316	27	2
259	316	27	1
259	319	27	1
115	228	28	1
160	231	28	1
166	231	28	1
167	231	28	2
162	232	28	2
164	232	28	1
165	232	28	1
156	233	28	2
244	235	28	1
136	236	28	2
138	236	28	1
143	236	28	1
144	236	28	1
248	236	28	1
249	236	28	1
250	236	28	1
251	236	28	3
136	237	28	1
137	237	28	1
243	237	28	1
247	237	28	1
248	237	28	1
136	238	28	3
141	238	28	1
185	238	28	1
244	238	28	1
144	239	28	1
232	239	28	1
244	239	28	1
246	239	28	1
139	240	28	2
140	240	28	1
184	240	28	3
139	241	28	1
179	241	28	1
185	241	28	1
137	242	28	2
233	243	28	1
248	244	28	2
230	245	28	1
193	246	28	1
194	247	28	1
234	249	28	3
226	250	28	1
229	250	28	1
126	251	28	1
193	251	28	2
234	251	28	1
124	252	28	2
124	255	28	1
124	256	28	1
128	256	28	1
121	264	28	1
124	267	28	2
127	267	28	1
121	268	28	1
122	268	28	2
262	268	28	1
121	270	28	2
126	270	28	2
121	271	28	2
170	271	28	3
134	274	28	1
129	277	28	1
173	277	28	1
175	277	28	1
128	278	28	1
175	279	28	2
176	279	28	2
172	280	28	1
165	282	28	1
176	282	28	2
177	282	28	1
174	283	28	1
168	284	28	3
274	284	28	2
167	285	28	1
169	285	28	2
275	285	28	1
270	290	28	2
197	295	28	1
230	306	28	1
227	307	28	1
207	308	28	1
225	308	28	1
204	310	28	2
208	310	28	1
230	310	28	1
247	311	28	2
257	312	28	1
204	313	28	1
208	314	28	2
209	315	28	1
240	317	28	1
261	317	28	2
262	318	28	1
240	319	28	1
232	325	28	1
185	357	28	1
116	223	29	1
112	228	29	1
171	231	29	1
162	232	29	2
160	233	29	2
164	233	29	1
250	235	29	1
179	238	29	1
250	238	29	1
183	239	29	1
186	239	29	1
115	240	29	1
178	240	29	1
179	240	29	2
182	240	29	1
183	240	29	1
180	241	29	1
185	241	29	1
235	242	29	1
188	243	29	3
234	243	29	1
236	243	29	1
235	244	29	2
190	245	29	1
193	247	29	1
226	250	29	1
127	253	29	1
128	254	29	1
132	254	29	2
125	257	29	1
131	257	29	3
132	259	29	2
259	267	29	1
261	267	29	1
168	270	29	2
124	271	29	1
167	271	29	2
124	272	29	1
135	272	29	1
137	272	29	2
137	273	29	1
167	273	29	1
128	274	29	1
137	275	29	2
171	275	29	2
167	278	29	1
169	278	29	1
170	278	29	2
170	279	29	1
175	281	29	2
276	281	29	1
161	282	29	2
274	282	29	2
276	282	29	1
166	283	29	2
168	283	29	1
275	283	29	2
276	283	29	2
164	284	29	1
166	284	29	1
177	284	29	2
275	284	29	1
277	284	29	2
176	285	29	1
276	285	29	1
169	286	29	2
167	287	29	2
169	287	29	3
177	296	29	2
183	297	29	1
183	300	29	1
235	304	29	3
204	307	29	1
235	307	29	2
236	307	29	1
204	308	29	1
211	308	29	2
225	308	29	1
111	310	29	1
202	311	29	1
206	311	29	2
211	311	29	1
208	312	29	3
211	312	29	1
209	313	29	1
212	315	29	1
245	315	29	1
239	320	29	2
243	320	29	1
126	324	29	1
93	327	29	1
125	327	29	1
127	327	29	1
227	327	29	2
95	328	29	2
134	329	29	1
93	330	29	2
95	330	29	1
97	330	29	1
143	332	29	1
96	333	29	2
185	360	29	2
187	360	29	1
220	360	29	1
187	361	29	1
114	226	30	1
112	227	30	1
179	238	30	1
183	238	30	2
117	239	30	1
182	239	30	1
177	240	30	3
178	240	30	1
184	240	30	2
179	241	30	1
189	241	30	1
181	242	30	1
182	242	30	1
189	242	30	1
184	244	30	3
193	244	30	1
190	245	30	2
148	253	30	1
250	255	30	1
126	256	30	1
127	256	30	2
129	256	30	1
126	258	30	1
129	259	30	1
128	265	30	1
259	266	30	1
260	268	30	1
123	270	30	2
125	270	30	1
168	270	30	2
127	271	30	1
124	272	30	1
129	272	30	1
165	272	30	1
123	273	30	1
139	274	30	2
139	275	30	1
142	277	30	1
168	278	30	1
164	280	30	2
276	280	30	3
276	281	30	1
175	282	30	1
276	282	30	1
160	283	30	1
163	284	30	2
164	284	30	1
165	285	30	2
275	285	30	2
163	286	30	1
170	287	30	1
162	288	30	1
194	306	30	1
198	307	30	2
189	308	30	1
205	308	30	2
210	309	30	1
204	310	30	1
208	310	30	2
212	310	30	1
249	310	30	1
225	312	30	2
225	313	30	1
210	316	30	1
245	317	30	1
246	317	30	1
124	323	30	1
128	324	30	1
129	324	30	2
128	325	30	1
96	327	30	1
99	329	30	2
98	331	30	1
141	331	30	1
97	333	30	2
96	334	30	1
186	349	30	1
218	359	30	1
220	362	30	1
220	363	30	1
190	232	31	1
139	239	31	2
179	240	31	1
185	240	31	1
240	240	31	4
178	241	31	2
185	241	31	1
188	241	31	1
174	242	31	1
179	242	31	1
172	243	31	1
175	243	31	3
184	243	31	1
185	243	31	1
186	243	31	1
188	243	31	1
190	244	31	1
173	245	31	1
185	245	31	1
186	245	31	2
188	245	31	2
174	246	31	1
127	256	31	3
128	256	31	2
129	259	31	2
258	262	31	2
256	263	31	1
258	265	31	1
259	265	31	3
257	266	31	1
262	266	31	1
264	266	31	1
127	267	31	4
261	267	31	1
125	268	31	1
127	269	31	1
129	269	31	1
125	271	31	1
136	271	31	2
137	271	31	1
164	271	31	1
260	271	31	1
132	272	31	2
163	273	31	1
143	274	31	2
146	276	31	1
262	279	31	2
259	280	31	2
262	282	31	2
165	283	31	1
275	283	31	1
162	284	31	1
275	284	31	2
163	285	31	2
166	285	31	1
162	286	31	2
162	288	31	1
164	288	31	1
166	288	31	2
169	288	31	1
166	290	31	1
174	293	31	1
182	298	31	1
181	301	31	1
197	307	31	1
206	307	31	1
191	309	31	1
187	310	31	2
204	310	31	1
189	311	31	1
203	311	31	2
210	311	31	1
222	312	31	1
225	312	31	1
200	315	31	1
211	315	31	1
220	315	31	2
211	317	31	1
246	318	31	1
206	319	31	2
212	319	31	1
242	322	31	1
236	323	31	1
98	326	31	2
98	327	31	3
94	330	31	1
93	331	31	1
95	331	31	1
96	331	31	2
97	331	31	1
96	332	31	1
98	332	31	1
96	333	31	1
97	333	31	1
96	334	31	1
184	347	31	1
183	348	31	1
182	349	31	3
184	350	31	2
223	361	31	1
114	225	32	1
112	226	32	1
114	226	32	2
181	240	32	1
185	242	32	1
187	242	32	3
188	242	32	3
176	243	32	2
183	243	32	1
194	243	32	1
172	244	32	1
173	244	32	1
176	244	32	1
186	245	32	1
188	245	32	1
190	245	32	1
175	247	32	1
186	247	32	2
250	255	32	1
134	257	32	1
149	257	32	1
254	257	32	1
165	258	32	1
133	259	32	2
134	259	32	1
157	259	32	1
256	259	32	1
168	260	32	1
256	261	32	2
130	263	32	2
126	265	32	2
261	265	32	1
124	267	32	1
130	267	32	1
259	267	32	2
261	267	32	1
126	268	32	3
124	269	32	1
126	270	32	1
125	271	32	1
139	271	32	1
260	271	32	1
166	273	32	1
167	273	32	1
165	274	32	1
167	274	32	1
164	276	32	1
157	277	32	1
260	277	32	1
262	277	32	2
158	279	32	1
159	279	32	1
161	279	32	1
261	280	32	1
275	281	32	1
276	281	32	1
164	282	32	1
262	282	32	1
276	282	32	1
161	284	32	1
164	284	32	1
167	284	32	1
163	285	32	1
162	286	32	2
163	286	32	2
163	287	32	2
167	287	32	2
166	289	32	1
165	295	32	1
177	298	32	2
118	304	32	1
114	308	32	1
188	308	32	1
194	308	32	3
196	308	32	1
199	308	32	1
205	308	32	1
186	309	32	1
210	309	32	2
202	310	32	1
113	311	32	1
190	311	32	3
196	311	32	1
112	312	32	1
200	312	32	1
203	312	32	3
207	312	32	1
225	313	32	1
197	314	32	1
197	316	32	2
243	317	32	1
245	318	32	3
201	320	32	1
245	320	32	4
246	320	32	3
238	323	32	1
92	330	32	2
95	330	32	1
94	331	32	2
94	332	32	3
97	333	32	1
99	333	32	1
204	333	32	1
96	334	32	1
184	336	32	2
187	345	32	1
188	346	32	1
188	348	32	1
180	352	32	1
175	359	32	1
177	359	32	3
215	360	32	1
220	363	32	1
115	224	33	1
114	227	33	2
114	228	33	1
175	243	33	1
181	244	33	2
188	244	33	1
194	244	33	2
185	245	33	1
134	253	33	2
135	254	33	1
136	254	33	1
134	255	33	1
131	257	33	1
147	257	33	1
254	258	33	1
257	258	33	1
129	259	33	1
252	259	33	1
132	260	33	4
255	260	33	2
257	260	33	3
258	260	33	2
256	261	33	2
130	262	33	2
128	263	33	2
129	263	33	2
130	263	33	4
132	263	33	2
169	263	33	1
126	264	33	1
157	264	33	1
257	265	33	2
129	266	33	1
261	267	33	2
266	267	33	3
125	268	33	1
128	268	33	1
157	268	33	1
263	268	33	2
124	269	33	1
128	269	33	1
129	269	33	1
263	269	33	1
264	269	33	1
127	271	33	1
129	271	33	1
261	272	33	1
262	272	33	2
155	275	33	1
158	276	33	1
261	276	33	1
163	278	33	1
262	279	33	1
152	280	33	1
163	281	33	2
261	281	33	1
162	282	33	1
163	283	33	1
165	283	33	2
164	285	33	1
160	286	33	1
161	286	33	1
166	287	33	1
125	292	33	1
121	300	33	1
118	301	33	1
121	301	33	2
118	303	33	1
183	307	33	1
197	307	33	1
116	308	33	1
190	308	33	1
115	309	33	1
186	309	33	2
195	309	33	1
248	309	33	1
193	310	33	1
208	310	33	1
194	311	33	2
197	311	33	2
189	312	33	1
205	312	33	1
112	313	33	1
248	313	33	1
207	314	33	1
121	316	33	1
246	316	33	1
249	316	33	2
119	318	33	1
125	319	33	1
199	319	33	1
203	319	33	1
236	321	33	2
238	321	33	1
239	323	33	1
98	329	33	2
196	331	33	1
199	332	33	2
98	333	33	1
198	333	33	1
205	333	33	3
205	334	33	1
217	339	33	1
215	341	33	1
187	346	33	1
199	346	33	1
182	348	33	1
189	348	33	1
210	348	33	1
183	349	33	1
186	349	33	1
192	349	33	1
207	349	33	1
208	349	33	1
210	349	33	2
181	350	33	1
179	352	33	1
181	352	33	1
184	352	33	3
177	353	33	4
181	353	33	2
116	225	34	1
115	226	34	1
113	228	34	1
137	237	34	1
139	239	34	1
174	243	34	1
176	244	34	2
190	244	34	2
175	245	34	1
199	245	34	1
193	246	34	2
208	247	34	2
212	247	34	1
134	250	34	2
130	252	34	1
131	254	34	1
131	255	34	1
133	255	34	2
140	255	34	2
133	256	34	2
143	256	34	1
131	257	34	2
133	257	34	1
147	257	34	1
131	258	34	1
137	258	34	1
132	259	34	1
134	259	34	2
147	259	34	1
151	259	34	2
133	261	34	5
131	262	34	1
127	263	34	1
130	263	34	1
126	265	34	1
265	265	34	1
129	266	34	2
130	266	34	1
130	267	34	3
158	267	34	2
262	267	34	3
264	267	34	1
164	268	34	2
263	268	34	3
266	268	34	3
129	269	34	4
157	269	34	1
154	270	34	1
157	270	34	1
262	270	34	1
265	270	34	1
157	271	34	2
163	271	34	1
166	271	34	1
166	272	34	1
260	272	34	1
157	274	34	1
165	274	34	1
162	275	34	3
166	275	34	1
164	277	34	2
146	278	34	1
263	278	34	1
151	279	34	2
158	279	34	1
161	279	34	1
164	279	34	1
259	282	34	2
157	283	34	1
262	283	34	1
124	287	34	1
122	290	34	2
159	290	34	1
161	290	34	2
120	294	34	1
164	294	34	1
166	294	34	1
121	296	34	1
253	296	34	2
120	297	34	1
122	297	34	1
118	298	34	1
170	298	34	2
172	300	34	1
118	301	34	1
119	301	34	1
117	302	34	1
248	302	34	1
119	304	34	2
182	306	34	2
186	308	34	1
189	308	34	1
190	308	34	2
191	308	34	1
192	308	34	1
112	309	34	1
116	309	34	1
186	309	34	1
193	309	34	1
197	309	34	1
244	309	34	1
248	309	34	1
112	310	34	1
187	310	34	2
190	310	34	2
191	310	34	1
192	310	34	1
197	310	34	1
200	310	34	1
199	311	34	1
110	312	34	1
116	312	34	1
191	312	34	1
247	312	34	1
198	313	34	1
205	313	34	2
111	314	34	1
113	316	34	1
242	316	34	1
124	317	34	2
244	317	34	2
245	317	34	1
245	318	34	1
120	319	34	1
243	320	34	1
127	322	34	3
131	322	34	3
199	322	34	1
200	322	34	1
201	322	34	3
242	322	34	2
234	323	34	1
238	323	34	2
239	324	34	1
146	327	34	1
94	328	34	3
188	328	34	1
96	329	34	3
100	329	34	1
101	332	34	1
194	333	34	1
195	333	34	1
189	334	34	2
191	334	34	1
193	334	34	1
201	334	34	1
202	334	34	1
192	335	34	1
193	335	34	3
194	335	34	2
194	336	34	1
192	337	34	1
194	337	34	1
215	337	34	2
191	340	34	1
211	340	34	2
195	341	34	2
212	341	34	1
190	345	34	3
199	345	34	1
205	346	34	1
211	346	34	1
214	346	34	1
191	347	34	1
198	347	34	1
208	347	34	1
213	347	34	1
186	348	34	1
197	348	34	1
213	348	34	1
198	349	34	1
205	349	34	1
187	350	34	1
194	350	34	1
196	350	34	2
179	352	34	2
204	352	34	1
205	352	34	3
207	352	34	2
187	354	34	1
180	355	34	1
182	355	34	1
181	358	34	1
218	362	34	2
112	228	35	1
117	230	35	2
121	234	35	2
123	235	35	1
125	235	35	2
139	237	35	1
129	238	35	1
138	238	35	1
143	240	35	1
140	242	35	1
172	244	35	1
207	244	35	1
176	245	35	1
175	246	35	1
213	247	35	2
130	252	35	1
133	252	35	1
133	253	35	3
149	253	35	1
128	255	35	1
131	255	35	1
135	255	35	1
134	256	35	1
254	256	35	1
136	257	35	1
130	258	35	2
133	258	35	3
136	259	35	1
127	260	35	1
132	261	35	1
140	261	35	2
156	261	35	1
256	261	35	1
160	262	35	1
131	263	35	1
156	263	35	1
127	264	35	1
128	264	35	1
157	264	35	1
265	264	35	2
157	265	35	4
262	265	35	1
126	266	35	1
263	266	35	1
265	266	35	1
127	267	35	2
263	267	35	1
135	271	35	1
156	271	35	1
264	271	35	2
132	272	35	2
141	272	35	1
158	272	35	1
160	272	35	1
163	272	35	1
142	273	35	1
143	273	35	1
164	273	35	1
140	274	35	2
258	274	35	1
160	275	35	2
161	275	35	1
163	276	35	1
260	276	35	1
145	277	35	1
261	277	35	1
262	277	35	2
149	278	35	1
161	278	35	1
162	278	35	2
161	279	35	2
125	280	35	1
164	280	35	1
125	282	35	1
259	282	35	2
126	283	35	1
161	283	35	1
159	284	35	1
146	285	35	1
125	286	35	1
123	287	35	1
125	289	35	1
123	290	35	2
124	290	35	2
121	294	35	1
160	294	35	1
120	295	35	1
124	295	35	1
252	296	35	3
119	297	35	3
122	297	35	1
167	297	35	2
121	298	35	3
170	298	35	1
121	299	35	1
171	299	35	1
247	299	35	1
118	300	35	3
120	300	35	2
169	300	35	1
174	300	35	2
118	302	35	2
121	303	35	2
175	303	35	1
118	304	35	3
174	304	35	2
175	304	35	1
176	304	35	1
117	306	35	1
120	306	35	3
246	306	35	2
114	307	35	2
114	308	35	2
118	308	35	1
186	308	35	1
189	308	35	1
112	309	35	2
136	309	35	1
196	309	35	1
245	309	35	1
116	310	35	2
193	310	35	1
184	311	35	1
196	311	35	1
250	311	35	2
199	312	35	1
195	313	35	1
246	313	35	1
110	314	35	1
245	314	35	1
244	316	35	1
109	317	35	4
110	317	35	2
121	317	35	1
244	317	35	1
202	319	35	1
242	319	35	1
124	320	35	2
132	321	35	1
127	322	35	1
200	324	35	1
240	324	35	1
132	325	35	2
134	325	35	2
234	325	35	1
236	325	35	1
239	325	35	1
236	326	35	2
95	327	35	1
235	327	35	1
96	328	35	1
183	333	35	1
192	334	35	1
195	334	35	1
186	335	35	1
189	336	35	1
195	336	35	2
192	337	35	2
199	337	35	1
214	339	35	2
189	341	35	1
212	341	35	1
210	342	35	2
212	342	35	1
189	345	35	1
199	345	35	1
186	347	35	2
211	347	35	1
215	347	35	1
190	348	35	1
215	349	35	1
212	350	35	1
187	351	35	1
207	351	35	1
208	351	35	1
210	351	35	1
211	351	35	1
213	351	35	1
207	352	35	1
181	353	35	1
194	353	35	2
198	353	35	4
210	353	35	1
178	354	35	1
185	354	35	1
205	354	35	1
208	354	35	1
205	355	35	1
207	355	35	2
172	356	35	1
204	356	35	1
179	357	35	2
113	227	36	1
122	231	36	1
119	234	36	1
125	234	36	1
125	235	36	1
136	235	36	1
165	239	36	1
136	240	36	1
142	240	36	1
136	242	36	1
140	242	36	1
170	242	36	1
175	242	36	1
171	244	36	1
173	244	36	2
174	244	36	2
171	245	36	1
132	250	36	1
133	251	36	1
137	252	36	1
136	253	36	1
137	253	36	1
140	253	36	1
140	254	36	2
141	254	36	1
144	254	36	1
132	255	36	3
144	255	36	1
130	256	36	1
129	257	36	1
253	258	36	1
259	258	36	1
134	259	36	1
252	259	36	1
128	260	36	1
127	261	36	1
128	261	36	1
131	261	36	1
127	263	36	1
128	263	36	3
129	263	36	1
143	263	36	2
262	263	36	3
265	263	36	2
130	264	36	2
129	265	36	3
155	265	36	1
264	265	36	1
265	265	36	1
140	266	36	1
153	266	36	2
154	266	36	1
264	266	36	1
127	268	36	1
160	269	36	1
136	271	36	1
157	271	36	1
163	273	36	1
146	274	36	1
163	274	36	2
257	274	36	1
139	275	36	1
261	275	36	1
175	276	36	2
158	277	36	1
163	277	36	2
126	280	36	1
259	280	36	1
126	282	36	1
261	282	36	2
262	282	36	1
127	283	36	1
258	283	36	2
259	283	36	1
123	286	36	2
124	286	36	1
158	286	36	1
124	288	36	1
145	288	36	1
154	288	36	1
147	290	36	2
122	292	36	1
126	292	36	1
257	295	36	1
171	298	36	1
172	298	36	2
259	298	36	1
166	299	36	3
249	299	36	1
119	300	36	3
167	300	36	1
175	300	36	2
176	300	36	1
247	300	36	1
121	301	36	1
175	301	36	2
176	301	36	1
248	302	36	2
175	303	36	1
179	303	36	2
179	304	36	1
249	305	36	1
118	306	36	1
121	306	36	2
112	308	36	1
117	308	36	1
185	308	36	2
187	308	36	1
113	309	36	1
115	309	36	3
186	309	36	3
189	309	36	1
114	310	36	1
189	310	36	1
190	310	36	1
248	310	36	1
110	311	36	1
191	311	36	1
194	311	36	3
250	311	36	1
110	312	36	1
110	313	36	1
108	315	36	1
112	315	36	1
114	319	36	1
239	321	36	1
240	321	36	1
129	322	36	1
130	322	36	1
238	322	36	1
186	324	36	1
236	324	36	1
235	325	36	1
237	325	36	1
97	326	36	1
126	326	36	1
233	326	36	1
98	327	36	1
97	328	36	1
184	332	36	1
182	333	36	1
203	333	36	1
186	334	36	2
201	335	36	1
204	336	36	2
194	337	36	1
150	338	36	1
209	340	36	1
213	340	36	1
212	341	36	2
200	344	36	2
197	348	36	2
217	349	36	1
184	350	36	1
187	350	36	1
188	350	36	2
185	352	36	1
210	352	36	2
215	352	36	1
185	353	36	2
208	355	36	2
210	355	36	2
182	356	36	2
176	357	36	1
179	357	36	1
179	358	36	2
206	358	36	1
177	359	36	1
203	361	36	1
116	228	37	1
122	229	37	1
175	229	37	2
125	230	37	2
172	232	37	2
123	233	37	1
127	233	37	1
128	233	37	1
138	233	37	1
119	235	37	2
134	235	37	2
118	237	37	2
138	237	37	2
140	238	37	2
139	239	37	2
143	239	37	3
167	241	37	2
136	242	37	2
165	242	37	1
137	243	37	1
138	243	37	1
139	243	37	1
141	243	37	1
144	243	37	2
169	243	37	2
175	243	37	1
126	244	37	3
169	244	37	1
171	244	37	1
173	245	37	2
174	247	37	1
137	252	37	1
139	253	37	1
141	253	37	1
145	253	37	1
133	254	37	1
134	254	37	1
143	254	37	3
144	254	37	1
133	255	37	1
131	256	37	1
132	257	37	2
208	258	37	1
130	260	37	1
132	260	37	1
129	261	37	1
133	261	37	1
129	262	37	2
133	262	37	1
159	262	37	1
261	262	37	2
131	263	37	1
133	263	37	1
140	263	37	1
142	263	37	2
145	263	37	1
154	263	37	1
131	264	37	2
128	265	37	1
155	265	37	1
262	265	37	1
263	265	37	1
128	268	37	2
145	269	37	1
162	269	37	2
146	272	37	1
251	272	37	1
161	273	37	1
143	274	37	2
164	274	37	2
165	274	37	3
145	275	37	1
163	275	37	4
160	276	37	1
258	276	37	2
146	278	37	1
163	278	37	1
126	279	37	1
162	279	37	3
164	279	37	2
162	280	37	2
258	280	37	1
127	281	37	1
161	281	37	1
258	281	37	1
161	282	37	1
259	282	37	1
127	284	37	1
161	284	37	1
155	288	37	1
126	289	37	2
148	289	37	1
160	292	37	1
256	292	37	1
256	293	37	1
260	293	37	3
254	294	37	4
259	294	37	1
260	297	37	1
168	299	37	1
173	299	37	1
174	299	37	1
175	299	37	1
174	300	37	1
175	300	37	2
176	301	37	1
172	302	37	1
178	302	37	1
180	302	37	1
250	302	37	1
121	304	37	3
261	304	37	1
113	306	37	1
183	308	37	1
181	309	37	1
112	310	37	1
114	310	37	2
115	310	37	1
188	311	37	1
195	311	37	2
191	312	37	1
194	312	37	1
112	313	37	1
196	313	37	1
121	314	37	1
256	316	37	1
117	317	37	1
121	317	37	1
135	317	37	2
140	318	37	2
148	318	37	1
153	318	37	1
115	319	37	4
146	319	37	1
116	320	37	1
131	320	37	2
143	321	37	1
240	323	37	1
238	324	37	2
134	325	37	2
188	327	37	1
148	331	37	2
181	332	37	2
181	333	37	1
185	334	37	2
214	337	37	1
208	341	37	1
209	342	37	1
211	342	37	1
197	343	37	1
200	344	37	1
208	344	37	1
209	348	37	1
210	349	37	1
210	350	37	2
211	350	37	2
214	350	37	1
186	352	37	1
215	352	37	2
186	353	37	3
209	353	37	2
213	353	37	1
205	354	37	1
203	355	37	1
206	355	37	1
207	356	37	1
208	356	37	1
206	357	37	1
112	220	38	1
125	225	38	2
126	225	38	1
124	226	38	2
126	227	38	2
173	230	38	1
174	230	38	1
122	231	38	3
140	231	38	3
173	232	38	1
117	233	38	1
138	233	38	1
170	234	38	1
117	235	38	1
136	235	38	1
137	235	38	1
138	236	38	4
136	238	38	1
143	238	38	1
144	238	38	1
144	239	38	2
167	239	38	1
168	239	38	1
169	240	38	1
200	240	38	2
128	241	38	1
165	241	38	1
199	241	38	2
126	242	38	1
144	242	38	2
167	242	38	1
171	242	38	1
127	243	38	1
140	243	38	3
174	243	38	2
139	244	38	1
140	244	38	2
172	244	38	1
167	245	38	1
172	245	38	1
173	245	38	2
175	245	38	2
123	246	38	2
169	246	38	1
174	246	38	2
169	248	38	1
140	249	38	1
167	249	38	1
131	252	38	2
170	252	38	3
236	252	38	1
134	253	38	1
135	253	38	1
148	253	38	1
151	253	38	1
134	254	38	1
135	254	38	3
141	254	38	2
143	254	38	1
152	254	38	2
132	255	38	1
136	255	38	1
140	255	38	1
143	255	38	1
144	255	38	1
134	256	38	1
136	256	38	1
151	256	38	1
132	257	38	2
139	258	38	1
146	258	38	1
166	258	38	2
207	258	38	1
250	258	38	1
146	259	38	3
148	259	38	2
134	260	38	2
142	260	38	2
144	260	38	1
131	261	38	1
139	261	38	2
170	261	38	1
260	261	38	1
140	262	38	2
142	262	38	3
151	262	38	1
152	262	38	1
144	263	38	1
150	263	38	1
153	263	38	1
260	263	38	1
129	264	38	1
130	264	38	1
131	264	38	1
147	264	38	1
166	264	38	3
143	265	38	4
146	265	38	1
154	265	38	1
151	266	38	1
152	266	38	2
154	266	38	1
143	267	38	1
149	267	38	2
262	267	38	2
143	268	38	1
146	268	38	1
261	268	38	1
142	270	38	1
137	271	38	2
141	271	38	1
247	271	38	2
133	272	38	1
137	272	38	2
141	272	38	3
142	272	38	1
251	272	38	1
253	272	38	2
139	273	38	1
145	273	38	1
134	274	38	1
143	274	38	1
250	274	38	1
251	274	38	4
252	274	38	1
163	276	38	1
152	277	38	1
140	280	38	2
164	280	38	1
129	281	38	2
137	281	38	2
139	281	38	1
141	281	38	1
161	281	38	2
127	282	38	1
129	282	38	1
139	282	38	1
125	283	38	1
160	283	38	1
125	284	38	1
129	285	38	1
153	286	38	1
126	287	38	1
126	288	38	2
155	288	38	1
156	289	38	2
157	290	38	3
154	292	38	1
156	292	38	1
155	294	38	1
259	294	38	1
120	295	38	1
155	295	38	1
259	295	38	1
157	296	38	1
260	296	38	1
121	297	38	3
170	298	38	1
170	300	38	1
173	300	38	1
177	300	38	2
179	300	38	1
170	301	38	1
172	302	38	1
175	302	38	3
178	302	38	2
125	303	38	1
125	304	38	2
176	304	38	1
261	304	38	1
259	305	38	1
115	306	38	1
180	306	38	1
257	306	38	2
257	307	38	2
116	308	38	3
254	309	38	1
125	310	38	2
122	314	38	1
119	315	38	1
122	315	38	1
116	316	38	1
140	316	38	1
145	316	38	1
146	316	38	1
152	316	38	1
114	317	38	1
153	317	38	1
116	318	38	3
119	318	38	1
120	318	38	1
151	318	38	1
117	319	38	2
136	319	38	1
142	319	38	1
116	320	38	1
138	320	38	2
146	320	38	1
150	320	38	2
126	323	38	1
137	323	38	2
140	323	38	2
239	324	38	2
242	324	38	1
235	325	38	1
237	325	38	1
242	325	38	1
219	331	38	2
155	332	38	1
191	332	38	1
150	333	38	1
181	333	38	1
155	334	38	1
183	334	38	1
211	341	38	1
191	343	38	1
199	344	38	1
192	345	38	2
188	346	38	1
247	346	38	1
214	347	38	1
247	347	38	3
248	347	38	1
211	349	38	2
210	351	38	1
216	351	38	1
184	354	38	1
209	354	38	1
212	354	38	2
176	355	38	1
182	355	38	1
208	355	38	1
207	356	38	1
208	356	38	1
174	357	38	2
181	357	38	2
204	359	38	1
191	361	38	1
195	361	38	1
191	362	38	2
196	363	38	1
113	219	39	1
119	223	39	2
122	223	39	2
124	223	39	4
125	223	39	1
126	226	39	1
146	226	39	1
124	227	39	2
149	228	39	2
138	230	39	1
139	230	39	1
172	230	39	2
174	232	39	1
128	233	39	1
199	233	39	1
195	234	39	1
202	234	39	2
137	235	39	1
168	235	39	1
137	236	39	3
198	236	39	1
118	237	39	1
136	237	39	2
144	237	39	1
198	237	39	2
116	238	39	2
143	238	39	1
199	238	39	1
201	238	39	2
135	239	39	2
139	239	39	2
162	239	39	2
144	240	39	1
163	240	39	1
196	240	39	1
137	241	39	1
142	241	39	1
165	242	39	1
169	242	39	2
172	242	39	1
125	243	39	2
131	243	39	1
133	243	39	1
174	243	39	2
121	244	39	3
125	244	39	2
136	244	39	1
139	244	39	1
140	244	39	2
142	244	39	1
167	244	39	2
169	244	39	1
176	244	39	1
167	245	39	1
168	245	39	2
178	245	39	1
141	246	39	1
127	247	39	1
178	247	39	1
123	248	39	1
173	248	39	1
133	249	39	2
134	249	39	1
140	249	39	1
140	250	39	1
123	252	39	1
143	252	39	1
132	253	39	2
135	253	39	1
136	253	39	1
168	253	39	2
169	253	39	1
132	254	39	1
134	254	39	2
138	254	39	1
140	254	39	1
151	254	39	2
153	254	39	1
154	254	39	1
136	255	39	1
155	256	39	1
138	257	39	2
139	257	39	1
141	257	39	1
254	257	39	3
154	258	39	1
155	258	39	1
168	258	39	2
148	259	39	1
145	260	39	1
168	260	39	1
256	260	39	1
140	261	39	3
142	261	39	1
151	261	39	2
152	261	39	2
166	261	39	2
205	261	39	1
252	261	39	1
254	261	39	1
131	262	39	3
132	262	39	1
146	262	39	2
148	262	39	1
231	262	39	2
250	262	39	2
129	263	39	1
132	263	39	2
139	263	39	1
150	263	39	1
152	263	39	2
157	263	39	2
158	263	39	1
131	264	39	1
152	264	39	1
154	264	39	1
165	264	39	1
166	264	39	2
263	264	39	1
147	265	39	1
153	265	39	1
258	265	39	2
130	266	39	2
153	266	39	1
165	266	39	1
142	267	39	1
156	267	39	2
259	267	39	1
134	268	39	2
147	268	39	1
167	268	39	1
132	269	39	1
143	269	39	1
144	269	39	1
146	270	39	1
244	270	39	1
245	270	39	1
143	271	39	1
144	271	39	2
145	271	39	3
247	271	39	1
134	272	39	3
147	272	39	1
166	272	39	1
227	272	39	1
142	273	39	1
146	273	39	1
151	273	39	2
141	274	39	1
144	274	39	1
146	274	39	1
148	274	39	1
129	275	39	1
130	275	39	2
135	275	39	1
136	275	39	3
141	275	39	2
146	275	39	1
132	276	39	1
138	276	39	1
164	276	39	1
144	277	39	1
145	277	39	1
144	278	39	2
147	278	39	1
164	278	39	1
130	279	39	3
136	279	39	1
141	279	39	2
142	279	39	4
143	279	39	1
148	279	39	3
152	279	39	1
135	280	39	1
137	280	39	1
142	280	39	2
145	280	39	2
151	281	39	1
128	282	39	1
130	282	39	1
133	282	39	1
136	282	39	1
160	282	39	1
125	283	39	1
127	283	39	1
133	283	39	1
142	283	39	1
133	284	39	1
136	284	39	1
134	285	39	2
172	286	39	1
154	287	39	1
134	288	39	2
136	288	39	3
157	288	39	2
155	290	39	1
254	290	39	1
134	293	39	1
253	293	39	1
140	294	39	1
258	294	39	1
161	295	39	1
259	296	39	1
133	297	39	1
166	297	39	1
171	297	39	1
123	298	39	2
171	298	39	2
253	298	39	1
167	299	39	1
171	299	39	1
165	300	39	2
174	300	39	1
120	301	39	1
121	301	39	4
172	301	39	1
178	302	39	2
180	302	39	2
178	303	39	1
171	304	39	1
172	304	39	1
175	304	39	2
177	304	39	1
178	304	39	1
180	304	39	1
259	304	39	1
176	305	39	1
182	305	39	1
125	306	39	1
126	306	39	3
128	306	39	2
179	306	39	3
115	307	39	1
126	307	39	1
181	307	39	3
125	308	39	1
260	310	39	1
147	314	39	2
120	316	39	1
146	316	39	1
119	317	39	1
139	317	39	1
113	318	39	1
114	318	39	1
115	318	39	1
137	318	39	1
139	318	39	1
141	318	39	1
117	320	39	1
139	320	39	1
140	320	39	1
146	320	39	1
179	321	39	1
140	322	39	1
241	324	39	2
242	325	39	1
242	326	39	1
241	328	39	1
238	329	39	1
152	330	39	1
153	330	39	1
181	331	39	2
186	331	39	1
219	331	39	1
221	331	39	1
240	331	39	1
153	332	39	1
157	332	39	1
179	332	39	1
191	332	39	1
221	332	39	2
152	333	39	2
161	333	39	1
178	333	39	1
154	334	39	1
155	334	39	1
183	334	39	1
195	335	39	1
154	336	39	1
156	336	39	1
195	337	39	1
212	337	39	1
152	338	39	1
213	338	39	1
217	338	39	1
214	339	39	1
215	340	39	1
211	341	39	2
214	341	39	2
201	342	39	1
207	343	39	2
209	344	39	1
191	345	39	1
192	345	39	1
201	345	39	2
202	345	39	2
208	346	39	1
191	347	39	3
211	347	39	1
248	347	39	2
212	348	39	1
209	349	39	2
217	349	39	1
237	351	39	1
206	354	39	1
214	354	39	1
177	355	39	1
207	355	39	1
214	355	39	1
207	356	39	2
176	357	39	2
212	358	39	2
191	361	39	1
192	361	39	1
195	361	39	1
192	362	39	1
195	363	39	1
114	218	40	1
113	219	40	2
114	219	40	1
112	220	40	1
113	220	40	2
111	221	40	2
121	222	40	1
118	224	40	1
120	224	40	1
122	224	40	2
141	228	40	3
137	229	40	1
141	229	40	2
142	229	40	1
136	230	40	2
137	230	40	1
138	230	40	2
137	231	40	1
141	231	40	1
136	232	40	1
203	232	40	1
204	232	40	3
196	233	40	1
198	233	40	1
201	233	40	1
118	234	40	2
141	234	40	1
203	234	40	1
140	235	40	1
142	235	40	1
202	235	40	1
203	235	40	2
115	236	40	1
120	236	40	2
142	236	40	4
146	236	40	2
168	236	40	1
136	237	40	3
140	237	40	1
163	237	40	1
142	238	40	1
146	238	40	1
154	238	40	1
159	238	40	1
160	238	40	1
162	238	40	2
166	238	40	1
203	238	40	2
126	239	40	1
136	239	40	1
139	239	40	2
162	240	40	1
165	240	40	2
125	241	40	1
162	241	40	1
164	241	40	1
125	242	40	1
143	242	40	1
167	242	40	1
140	243	40	1
142	243	40	1
165	243	40	1
175	243	40	1
176	243	40	1
132	244	40	1
125	245	40	3
126	245	40	1
127	245	40	1
163	245	40	2
173	245	40	1
125	246	40	1
174	248	40	2
125	249	40	1
232	249	40	1
133	250	40	1
137	250	40	1
139	250	40	2
230	251	40	2
232	251	40	1
136	252	40	2
139	252	40	1
132	253	40	1
235	253	40	1
139	254	40	1
140	255	40	1
127	256	40	1
143	256	40	2
134	257	40	1
139	257	40	1
146	257	40	1
154	257	40	1
156	257	40	2
157	257	40	1
149	258	40	1
136	259	40	1
147	259	40	2
204	259	40	1
254	259	40	2
142	260	40	1
144	260	40	1
147	260	40	1
148	260	40	1
149	260	40	1
164	260	40	1
165	260	40	3
172	260	40	1
136	261	40	1
161	261	40	1
167	261	40	5
211	261	40	3
249	261	40	1
250	261	40	2
252	261	40	1
136	262	40	1
146	262	40	1
147	262	40	1
151	262	40	1
153	262	40	2
159	262	40	3
248	262	40	1
249	262	40	1
142	263	40	2
153	263	40	1
157	263	40	2
166	263	40	1
167	263	40	1
234	263	40	1
157	264	40	1
158	264	40	1
160	264	40	2
168	264	40	1
156	265	40	1
159	265	40	2
165	265	40	1
146	266	40	3
151	266	40	1
158	266	40	1
167	266	40	4
142	267	40	1
147	268	40	1
150	268	40	1
154	268	40	1
246	268	40	1
151	269	40	1
152	269	40	1
153	269	40	1
165	269	40	1
167	269	40	1
244	269	40	1
245	269	40	2
246	269	40	1
250	269	40	2
132	270	40	1
137	270	40	2
142	270	40	2
144	270	40	2
145	270	40	2
146	270	40	3
150	270	40	1
137	271	40	1
144	271	40	2
146	271	40	1
136	272	40	2
165	272	40	1
223	272	40	1
231	272	40	1
247	272	40	3
248	272	40	1
251	272	40	1
131	273	40	1
140	273	40	1
142	273	40	1
146	273	40	1
164	273	40	2
143	274	40	2
145	274	40	1
154	274	40	1
132	275	40	1
137	275	40	1
138	275	40	1
141	275	40	2
142	275	40	1
147	275	40	1
162	275	40	1
130	276	40	1
133	276	40	2
136	276	40	1
137	276	40	1
144	276	40	1
148	276	40	1
154	276	40	1
130	277	40	2
136	277	40	1
138	278	40	1
139	278	40	2
141	278	40	1
142	278	40	1
147.5	278	40.5	2
157	278	40	1
161	278	40	1
164	278	40	1
141	279	40	1
143	279	40	2
148	279	40	1
138	280	40	1
142	280	40	2
161	280	40	1
159	282	40	2
134	283	40	1
139	283	40	1
157	283	40	1
138	284	40	2
142	284	40	1
133	286	40	2
137	286	40	2
154	286	40	1
160	286	40	3
133	287	40	1
134	288	40	2
154	288	40	2
258	288	40	1
250	289	40	1
139	291	40	2
257	291	40	3
125	293	40	4
139	294	40	2
160	294	40	1
126	295	40	1
162	295	40	1
252	295	40	1
123	296	40	1
121	297	40	1
133	297	40	2
149	297	40	2
172	297	40	1
136	298	40	2
169	298	40	2
259	298	40	2
260	298	40	1
169	299	40	2
133	301	40	2
142	301	40	1
169	301	40	3
250	301	40	1
143	302	40	1
172	302	40	1
128	303	40	1
133	303	40	1
259	303	40	1
132	304	40	1
139	304	40	2
171	304	40	1
180	304	40	1
126	305	40	2
127	305	40	5
172	306	40	1
183	307	40	1
262	307	40	1
124	308	40	2
139	308	40	4
124	309	40	2
123	310	40	2
126	310	40	1
119	312	40	1
123	312	40	2
140	313	40	1
141	315	40	1
147	315	40	2
150	315	40	2
119	316	40	2
139	317	40	1
143	317	40	1
146	318	40	1
148	318	40	1
116	319	40	1
149	320	40	1
152	320	40	2
174	326	40	1
249	326	40	1
186	327	40	1
241	327	40	2
189	330	40	2
242	330	40	1
154	331	40	3
177	331	40	2
149	332	40	3
174	332	40	1
177	332	40	1
180	332	40	1
183	332	40	1
216	332	40	2
220	332	40	2
150	333	40	2
156	333	40	1
158	333	40	1
219	333	40	1
154	334	40	2
156	334	40	3
191	334	40	1
244	334	40	1
156	335	40	1
153	336	40	3
216	338	40	2
156	339	40	1
212	340	40	1
245	340	40	1
213	341	40	1
221	341	40	1
210	342	40	1
211	342	40	1
196	343	40	1
220	343	40	1
221	343	40	2
195	344	40	2
204	344	40	1
210	344	40	1
193	345	40	1
209	345	40	1
211	345	40	2
191	347	40	1
203	347	40	1
211	347	40	1
193	349	40	1
195	349	40	1
210	349	40	1
235	350	40	1
182	351	40	2
215	351	40	1
235	351	40	1
212	353	40	1
214	353	40	2
209	355	40	1
177	356	40	1
174	357	40	1
207	357	40	1
173	358	40	2
204	359	40	2
207	359	40	1
173	360	40	1
172	361	40	2
113	220	41	1
111	221	41	1
110	222	41	1
111	222	41	1
137	227	41	1
138	228	41	2
134	229	41	3
137	229	41	3
136	230	41	1
138	231	41	2
143	232	41	1
140	233	41	1
141	233	41	1
142	233	41	1
198	233	41	1
136	234	41	1
140	234	41	1
142	234	41	1
199	234	41	2
146	235	41	1
199	235	41	1
201	235	41	1
138	236	41	1
141	236	41	1
142	236	41	2
167	236	41	1
170	236	41	1
201	236	41	4
140	237	41	1
141	237	41	1
142	237	41	1
158	237	41	2
160	237	41	1
165	237	41	1
202	237	41	1
138	238	41	1
146	238	41	2
164	238	41	3
166	238	41	1
167	238	41	1
141	239	41	1
144	239	41	1
162	239	41	1
200	239	41	1
201	239	41	1
129	240	41	1
162	240	41	2
165	240	41	2
198	240	41	1
127	241	41	1
142	241	41	1
164	241	41	1
166	241	41	3
168	241	41	1
169	241	41	4
128	242	41	1
132	242	41	1
140	242	41	1
141	242	41	2
170	242	41	1
129	243	41	1
139	243	41	2
164	243	41	1
169	243	41	1
165	244	41	1
166	244	41	1
168	244	41	2
166	246	41	1
122	248	41	2
173	248	41	1
130	249	41	1
133	249	41	1
230	250	41	1
231	250	41	1
232	250	41	1
230	251	41	1
123	252	41	1
175	252	41	1
234	252	41	1
143	253	41	3
144	254	41	1
119	255	41	1
141	255	41	1
142	256	41	2
143	256	41	1
152	256	41	1
210	256	41	2
137	257	41	1
143	257	41	2
155	257	41	1
210	257	41	3
214	257	41	1
138	258	41	1
147	258	41	1
154	258	41	1
155	258	41	1
172	258	41	1
205	259	41	2
208	259	41	4
212	259	41	1
140	260	41	2
146	260	41	1
148	260	41	1
158	260	41	1
170	260	41	1
176	260	41	1
250	260	41	1
143	261	41	1
146	261	41	1
160	261	41	1
167	261	41	1
174	261	41	1
210	261	41	2
253	261	41	1
139	262	41	1
142	262	41	1
143	262	41	1
148	262	41	1
159	262	41	1
163	262	41	1
167	262	41	1
175	262	41	1
207	262	41	1
248	262	41	1
251	262	41	1
162	263	41	1
168	263	41	1
232	263	41	2
171	264	41	1
209	264	41	1
145	265	41	2
149	265	41	1
152	265	41	1
153	265	41	1
256	265	41	1
119	266	41	2
120	266	41	1
143	266	41	1
145	266	41	1
149	266	41	1
150	266	41	1
153	266	41	2
132	267	41	1
135	267	41	1
161	267	41	1
247	267	41	1
253	267	41	1
142	268	41	1
145	268	41	1
146	268	41	1
147	268	41	1
148	268	41	1
164	268	41	3
206	268	41	1
203	269	41	3
248	269	41	1
251	269	41	1
135	270	41	2
149	270	41	1
151	270	41	1
152	270	41	1
247	270	41	1
132	271	41	1
135	271	41	1
153	271	41	1
154	271	41	1
157	271	41	1
203	271	41	1
218	271	41	1
136	272	41	2
140	272	41	1
151	272	41	1
163	272	41	1
165	272	41	1
220	272	41	1
228	272	41	1
144	273	41	1
146	273	41	1
147	273	41	2
151	273	41	1
146	274	41	2
153	274	41	2
157	274	41	1
130	275	41	1
132	275	41	1
147	275	41	1
153	275	41	2
157	275	41	1
130	276	41	1
145	276	41	1
146	276	41	1
147	276	41	1
156	276	41	1
162	276	41	1
131	277	41	1
139	277	41	1
142	277	41	2
157	277	41	1
161	277	41	1
131	278	41	1
135	278	41	2
136	278	41	1
150	278	41	1
155	278	41	2
133	279	41	4
138	279	41	1
139	279	41	1
210	279	41	1
150	280	41	2
153	280	41	1
130	281	41	1
145	281	41	1
130	282	41	1
154	282	41	2
134	283	41	2
139	283	41	1
151	283	41	1
160	283	41	1
218	283	41	1
138	284	41	1
142	284	41	1
155	284	41	1
218	285	41	1
219	285	41	1
140	286	41	2
160	286	41	2
219	286	41	1
139	287	41	1
139	288	41	1
135	289	41	1
155	289	41	1
135	291	41	1
134	292	41	2
155	292	41	1
157	292	41	2
132	293	41	1
134	293	41	2
132	294	41	1
154	294	41	1
159	294	41	1
128	295	41	1
131	295	41	1
135	295	41	1
140	295	41	1
148	296	41	1
150	296	41	1
160	296	41	1
165	297	41	1
252	297	41	2
130	298	41	1
131	298	41	3
138	298	41	1
152	298	41	1
252	298	41	1
93	299	41	2
166	299	41	1
167	299	41	2
169	299	41	1
130	300	41	1
249	300	41	1
127	301	41	2
167	301	41	1
172	301	41	2
97	302	41	1
127	302	41	1
134	302	41	2
171	302	41	2
123	303	41	1
124	303	41	1
134	303	41	1
138	303	41	1
170	303	41	2
179	303	41	1
181	303	41	1
261	303	41	1
122	304	41	1
141	304	41	1
181	304	41	1
131	305	41	3
140	305	41	2
182	305	41	1
132	306	41	1
171	306	41	1
129	307	41	1
130	307	41	2
142	307	41	1
127	308	41	1
128	308	41	1
123	309	41	1
124	309	41	1
140	309	41	1
141	309	41	1
122	310	41	1
121	314	41	1
140	315	41	2
139	317	41	1
141	317	41	1
142	317	41	1
143	319	41	4
138	320	41	2
150	320	41	1
141	321	41	1
137	322	41	1
179	322	41	1
181	322	41	1
249	322	41	1
176	323	41	3
248	324	41	1
136	325	41	1
149	325	41	2
181	325	41	2
247	325	41	1
149	326	41	1
181	326	41	1
136	327	41	1
148	327	41	2
244	327	41	1
131	328	41	2
156	328	41	1
167	328	41	1
148	329	41	2
182	329	41	1
238	329	41	1
181	330	41	1
182	330	41	1
185	330	41	2
251	330	41	2
154	331	41	1
155	331	41	1
158	331	41	2
170	331	41	1
174	331	41	1
175	331	41	1
130	332	41	3
133	332	41	4
157	332	41	1
168	332	41	2
176	332	41	1
180	332	41	2
185	332	41	1
192	332	41	3
218	332	41	1
240	332	41	1
241	332	41	1
151	333	41	1
152	333	41	1
157	333	41	1
179	333	41	1
187	333	41	3
217	333	41	2
220	333	41	2
153	334	41	1
154	334	41	1
189	334	41	1
216	334	41	2
242	334	41	1
243	334	41	2
244	334	41	1
133	335	41	1
151	335	41	2
153	335	41	2
154	335	41	1
238	335	41	2
242	335	41	1
152	336	41	1
215	336	41	1
218	336	41	1
246	336	41	2
128	337	41	1
248	337	41	1
222	338	41	1
158	339	41	1
195	339	41	1
214	339	41	1
247	339	41	1
152	340	41	1
194	340	41	1
214	340	41	3
216	340	41	1
219	340	41	2
210	342	41	1
215	342	41	2
222	342	41	1
195	344	41	1
194	345	41	1
196	345	41	1
212	345	41	2
249	345	41	1
205	346	41	1
232	347	41	1
233	347	41	1
195	349	41	1
233	349	41	1
193	350	41	1
211	351	41	1
209	352	41	1
210	353	41	1
207	355	41	1
207	358	41	1
171	359	41	1
202	361	41	2
199	363	41	2
200	363	41	2
138	227	42	1
134	228	42	2
140	228	42	1
136	229	42	1
134	230	42	1
139	231	42	2
138	232	42	1
137	233	42	1
203	233	42	1
201	234	42	1
163	235	42	4
199	235	42	1
201	235	42	3
202	235	42	1
143	236	42	1
165	236	42	1
166	236	42	1
139	237	42	3
159	237	42	1
161	237	42	1
165	237	42	1
204	237	42	2
141	238	42	1
166	238	42	1
204	238	42	2
136	239	42	1
137	239	42	1
167	239	42	1
142	241	42	2
137	242	42	1
139	242	42	1
169	242	42	1
170	242	42	1
129	243	42	1
164	243	42	1
139	244	42	2
178	244	42	1
182	244	42	1
126	245	42	1
181	245	42	2
126	247	42	3
177	252	42	2
140	253	42	1
140	254	42	1
144	254	42	3
144	256	42	1
141	257	42	2
156	257	42	2
175	257	42	1
177	257	42	2
213	257	42	1
253	257	42	1
150	258	42	2
151	258	42	1
208	258	42	1
212	258	42	1
148	259	42	1
160	259	42	1
248	259	42	4
172	260	42	2
213	260	42	1
253	260	42	2
153	261	42	1
155	261	42	1
167	261	42	2
174	261	42	1
149	262	42	1
155	262	42	3
174	262	42	1
149	263	42	1
150	263	42	2
153	263	42	1
249	263	42	2
152	264	42	3
155	264	42	1
157	264	42	1
158	264	42	1
144	265	42	1
152	265	42	3
124	266	42	1
145	266	42	2
155	266	42	2
143	267	42	2
147	267	42	1
149	267	42	3
132	270	42	1
150	270	42	1
155	270	42	2
141	272	42	2
143	272	42	1
144	272	42	1
142	273	42	1
157	273	42	2
142	274	42	2
148	274	42	1
154	274	42	1
134	275	42	1
143	275	42	1
144	275	42	1
155	275	42	1
162	275	42	2
249	275	42	1
250	275	42	2
143	276	42	1
151	276	42	1
134	277	42	1
138	277	42	1
143	277	42	1
163	277	42	2
131	278	42	2
144	278	42	1
137	279	42	2
147	279	42	1
149	279	42	2
151	279	42	1
164	279	42	2
151	280	42	1
160	280	42	1
140	281	42	1
143	281	42	2
156	281	42	3
148	282	42	2
154	282	42	1
158	282	42	1
162	282	42	1
209	282	42	1
141	283	42	1
159	283	42	1
137	284	42	1
138	284	42	1
149	284	42	1
153	285	42	1
157	285	42	1
141	287	42	1
174	287	42	2
136	288	42	1
135	291	42	1
133	292	42	1
135	294	42	1
137	294	42	1
138	294	42	1
141	294	42	2
154	294	42	1
135	295	42	1
142	295	42	1
136	296	42	1
139	297	42	1
140	297	42	2
141	298	42	1
166	298	42	2
126	299	42	1
128	299	42	1
133	299	42	1
129	300	42	3
131	300	42	1
133	300	42	1
139	300	42	1
128	301	42	1
136	301	42	1
137	301	42	1
142	301	42	1
138	302	42	1
139	303	42	1
150	303	42	2
171	303	42	1
125	304	42	1
171	304	42	1
125	305	42	1
134	305	42	1
170	305	42	3
171	305	42	1
125	307	42	1
130	308	42	1
125	309	42	1
140	309	42	1
140	314	42	1
137	315	42	1
141	316	42	2
142	317	42	1
148	318	42	1
140	319	42	2
138	321	42	2
150	321	42	2
183	323	42	1
132	325	42	1
133	326	42	1
134	326	42	1
135	326	42	1
251	326	42	1
176	327	42	1
252	327	42	1
154	328	42	1
176	328	42	2
150	329	42	1
168	329	42	1
131	330	42	1
161	330	42	1
184	330	42	2
187	330	42	1
134	331	42	1
176	331	42	1
180	331	42	1
133	332	42	1
160	332	42	3
161	332	42	1
166	332	42	1
176	332	42	1
177	332	42	1
180	332	42	1
186	332	42	1
131	333	42	1
153	333	42	1
176	333	42	4
177	333	42	1
178	333	42	3
181	333	42	1
183	333	42	1
178	334	42	1
188	334	42	1
218	334	42	1
247	334	42	1
134	335	42	1
151	335	42	1
218	335	42	1
151	336	42	3
220	336	42	2
248	336	42	1
126	337	42	3
152	337	42	2
216	337	42	2
247	337	42	1
194	338	42	1
193	340	42	1
152	341	42	2
195	341	42	1
211	342	42	1
212	344	42	1
196	345	42	1
230	346	42	1
210	347	42	1
231	349	42	1
206	350	42	1
233	350	42	1
235	353	42	1
206	356	42	1
208	356	42	1
204	360	42	1
205	361	42	1
137	229	43	3
138	230	43	2
136	231	43	1
137	232	43	2
138	232	43	1
141	232	43	2
163	235	43	1
136	236	43	1
136	237	43	1
140	238	43	1
138	239	43	1
165	240	43	2
169	245	43	1
178	245	43	1
179	246	43	2
178	247	43	1
179	254	43	2
119	256	43	1
139	256	43	1
174	257	43	1
176	257	43	2
215	257	43	1
149	258	43	1
175	258	43	1
215	258	43	2
179	259	43	1
143	260	43	2
151	260	43	2
154	260	43	2
159	260	43	2
160	260	43	2
170	260	43	2
171	260	43	1
178	261	43	1
164	262	43	1
208	262	43	1
205	263	43	1
149	264	43	1
151	264	43	1
155	264	43	2
156	264	43	1
257	264	43	2
144	265	43	1
145	265	43	2
151	265	43	1
153	265	43	2
155	265	43	1
151	266	43	2
158	266	43	1
147	267	43	2
148	267	43	1
149	268	43	2
150	270	43	1
143	271	43	1
141	272	43	1
147	272	43	3
148	272	43	2
214	272	43	1
146	273	43	2
141	274	43	1
156	274	43	1
255	274	43	1
132	275	43	1
141	275	43	1
144	275	43	1
145	275	43	1
152	275	43	2
155	275	43	1
160	275	43	1
164	276	43	1
148	277	43	1
150	277	43	1
131	278	43	1
132	278	43	2
149	278	43	2
151	278	43	1
155	278	43	1
162	278	43	1
150	279	43	3
151	279	43	2
152	279	43	1
147	280	43	1
148	280	43	1
152	280	43	1
155	280	43	1
148	281	43	3
140	282	43	2
143	282	43	1
144	282	43	1
214	282	43	1
143	283	43	1
149	283	43	2
141	284	43	2
148	284	43	1
149	284	43	1
150	284	43	1
152	284	43	1
141	285	43	1
155	285	43	2
160	285	43	1
137	286	43	2
140	286	43	1
154	286	43	2
216	286	43	1
136	288	43	1
137	288	43	1
138	288	43	1
256	289	43	1
134	291	43	2
255	293	43	2
132	294	43	1
141	294	43	2
151	295	43	2
131	296	43	3
136	296	43	1
149	297	43	1
136	298	43	1
140	298	43	1
209	298	43	1
143	299	43	2
129	300	43	1
141	300	43	2
167	300	43	1
142	301	43	1
149	301	43	2
133	302	43	2
135	302	43	1
137	302	43	1
143	302	43	2
170	302	43	1
172	302	43	1
135	303	43	1
167	303	43	1
126	304	43	2
143	304	43	1
146	304	43	2
126	305	43	1
141	305	43	1
132	306	43	1
146	306	43	1
148	306	43	3
168	306	43	2
129	307	43	1
143	308	43	1
174	308	43	1
141	309	43	1
167	309	43	2
140	313	43	1
142	313	43	1
143	314	43	1
114	321	43	1
179	323	43	1
135	324	43	1
150	324	43	1
135	325	43	2
174	325	43	1
136	326	43	1
177	326	43	1
136	327	43	1
176	327	43	2
184	328	43	1
133	329	43	1
177	329	43	1
179	330	43	1
192	332	43	1
218	332	43	2
179	333	43	1
216	333	43	3
181	334	43	1
189	334	43	1
222	334	43	1
131	335	43	2
222	335	43	1
131	336	43	2
153	336	43	1
220	336	43	2
245	336	43	1
246	336	43	1
249	337	43	2
132	338	43	1
155	338	43	1
249	338	43	1
195	341	43	3
211	343	43	2
213	343	43	2
222	343	43	1
210	344	43	4
231	344	43	1
232	345	43	1
211	346	43	1
212	346	43	1
233	346	43	2
211	347	43	2
231	347	43	1
209	349	43	1
210	349	43	1
238	349	43	2
206	350	43	1
233	350	43	1
235	351	43	1
206	353	43	1
206	354	43	3
208	354	43	1
206	358	43	1
188	360	43	2
204	360	43	1
205	361	43	1
209	361	43	1
204	362	43	1
138	228	44	1
139	228	44	1
135	230	44	2
136	232	44	1
164	232	44	2
140	234	44	1
164	237	44	2
141	239	44	1
177	243	44	1
178	245	44	1
180	245	44	1
181	245	44	1
178	259	44	1
158	260	44	1
177	260	44	4
155	261	44	4
156	261	44	2
161	261	44	1
154	262	44	1
157	263	44	1
146	264	44	1
156	265	44	2
147	266	44	1
145	269	44	2
146	269	44	1
148	269	44	1
213	269	44	1
145	270	44	2
146	270	44	1
147	271	44	1
144	272	44	2
181	272	44	1
142	273	44	1
143	273	44	3
181	274	44	1
143	275	44	1
146	275	44	1
166	275	44	1
152	276	44	1
156	276	44	1
150	277	44	2
158	277	44	1
147	278	44	1
154	278	44	2
143	279	44	1
144	279	44	1
146	279	44	1
155	279	44	1
161	279	44	1
147	280	44	1
150	280	44	1
140	281	44	1
154	281	44	1
204	281	44	1
152	282	44	1
148	283	44	2
158	283	44	1
219	283	44	3
155	284	44	1
143	285	44	1
212	285	44	1
218	286	44	1
136	291	44	1
142	291	44	1
144	291	44	1
144	292	44	1
252	292	44	1
145	293	44	3
223	293	44	1
132	294	44	4
143	294	44	2
144	294	44	2
225	295	44	1
223	296	44	1
141	297	44	2
142	300	44	3
168	300	44	1
130	301	44	2
133	302	44	1
142	302	44	1
127	303	44	1
140	303	44	2
126	304	44	2
130	304	44	2
139	304	44	1
130	306	44	2
144	306	44	1
170	309	44	2
171	309	44	2
143	310	44	1
142	316	44	1
113	322	44	1
182	323	44	1
183	323	44	1
136	326	44	1
131	328	44	1
133	328	44	1
133	329	44	1
185	330	44	1
136	334	44	1
218	334	44	1
128	335	44	2
215	335	44	1
213	336	44	1
219	336	44	2
220	336	44	1
215	337	44	1
216	337	44	3
231	346	44	2
234	347	44	1
212	348	44	1
211	349	44	1
208	354	44	1
179	360	44	1
192	361	44	1
195	361	44	1
140	231	45	2
163	233	45	2
176	259	45	2
175	262	45	3
153	265	45	1
155	267	45	2
143	270	45	1
146	270	45	1
136	271	45	3
179	274	45	3
141	275	45	1
146	275	45	2
152	278	45	1
149	279	45	1
148	281	45	1
152	281	45	1
161	281	45	3
150	283	45	1
251	283	45	1
142	284	45	2
151	284	45	1
217	285	45	1
206	286	45	1
218	286	45	2
214	287	45	3
145	292	45	2
140	294	45	1
143	295	45	1
143	296	45	1
142	297	45	1
138	299	45	2
134	301	45	1
127	302	45	1
133	302	45	3
137	302	45	2
131	303	45	1
132	304	45	2
139	304	45	1
143	308	45	1
167	326	45	1
176	327	45	1
187	329	45	1
185	330	45	1
193	333	45	1
245	340	45	2
217	345	45	1
209	347	45	1
210	347	45	1
206	351	45	1
134	229	46	1
155	233	46	1
173	255	46	1
176	258	46	1
157	259	46	1
158	260	46	1
157	265	46	1
145	269	46	1
145	270	46	2
154	270	46	1
139	273	46	1
146	275	46	2
161	277	46	1
145	279	46	1
146	281	46	1
150	281	46	1
144	282	46	2
148	282	46	2
152	282	46	1
154	282	46	1
159	282	46	2
250	283	46	1
140	284	46	1
142	284	46	1
149	284	46	2
120	285	46	2
146	285	46	2
248	285	46	1
208	286	46	1
143	290	46	1
148	293	46	1
146	294	46	2
207	296	46	1
139	298	46	1
140	298	46	1
132	300	46	1
143	300	46	2
132	301	46	1
137	301	46	1
130	302	46	2
131	302	46	3
141	302	46	1
143	302	46	1
133	303	46	1
134	303	46	1
136	303	46	1
139	303	46	1
143	303	46	2
240	304	46	1
194	315	46	1
188	319	46	1
184	320	46	2
179	322	46	1
176	323	46	1
177	323	46	1
182	326	46	1
178	327	46	2
191	327	46	1
183	328	46	1
131	330	46	1
238	331	46	2
217	334	46	1
215	336	46	1
216	341	46	1
217	341	46	2
217	342	46	1
222	343	46	1
205	346	46	1
209	351	46	5
131	223	47	1
212	261	47	1
146	270	47	1
155	279	47	1
152	280	47	1
146	282	47	1
149	284	47	1
144	294	47	3
140	298	47	3
138	300	47	1
229	302	47	1
194	321	47	1
190	323	47	1
179	324	47	1
218	341	47	1
212	344	47	1
207	351	47	1
227	353	47	1
207	355	47	2
144	225	48	1
186	257	48	1
146	275	48	2
140	278	48	1
143	279	48	2
159	279	48	2
147	281	48	1
140	285	48	1
149	288	48	1
140	295	48	1
142	300	48	1
169	324	48	2
157	325	48	1
216	342	48	1
217	344	48	1
207	351	48	1
136	222	49	1
170	228	49	1
116	230	49	1
127	235	49	1
172	237	49	2
149	243	49	2
151	248	49	1
145	262	49	1
139	263	49	2
146	264	49	1
169	270	49	1
155	276	49	1
150	278	49	1
134	280	49	2
143	282	49	1
214	282	49	2
113	284	49	1
144	284	49	2
169	284	49	1
132	285	49	1
132	287	49	1
146	288	49	1
142	291	49	1
147	292	49	1
140	293	49	1
144	294	49	2
133	295	49	2
136	298	49	2
133	299	49	1
139	299	49	2
144	299	49	1
202	299	49	1
135	302	49	2
133	303	49	2
152	304	49	1
126	305	49	2
169	308	49	3
149	313	49	1
268	317	49	1
170	325	49	1
139	326	49	1
138	333	49	1
148	337	49	1
152	338	49	2
197	342	49	1
211	346	49	1
186	349	49	2
186	354	49	2
203	355	49	2
131	229	50	2
136	230	50	1
183	230	50	1
173	232	50	1
121	234	50	4
234	246	50	1
139	263	50	1
149	263	50	1
155	263	50	3
130	265	50	1
134	267	50	1
134	275	50	1
150	276	50	2
220	277	50	2
259	286	50	1
146	289	50	1
143	291	50	1
131	294	50	2
139	294	50	1
140	294	50	1
174	298	50	1
237	300	50	2
151	302	50	2
132	304	50	1
146	307	50	2
157	313	50	2
195	325	50	1
179	329	50	1
206	340	50	2
225	341	50	1
