x	y	z	Interleukin-12 family signaling
244	284	21	1
232	278	24	1
245	284	24	1
248	286	24	1
239	287	24	2
245	287	24	2
251	287	24	1
246	289	24	1
247	289	24	1
248	289	24	1
249	289	24	1
244	291	24	1
231	264	25	1
235	270	25	1
238	272	25	4
227	273	25	1
232	274	25	1
235	274	25	1
238	274	25	1
236	275	25	1
232.5	276.5	25.5	1
234	276	25	1
236	276	25	1
248	276	25	1
233	277	25	1
231	278	25	1
239	278	25	1
231	279	25	2
232	279	25	1
235	279	25	1
239	279	25	1
240	279	25	1
249	279	25	1
245	280	25	1
237	281	25	2
245	281	25	1
214	282	25	2
234	282	25	2
238	282	25	2
247	282	25	2
231	283	25	1
243	283	25	1
247	283	25	1
249	283	25	1
213	284	25	1
237	284	25	1
245	284	25	1
215	285	25	1
235	285	25	1
239	285	25	1
240	285	25	1
244	285	25	1
250	285	25	2
218	286	25	1
232	286	25	1
241	286	25	1
250	286	25	1
237	287	25	2
242	287	25	2
245	287	25	1
249	287	25	1
252	287	25	2
235	288	25	1
234	289	25	1
250	289	25	1
234	290	25	2
235	290	25	1
243	290	25	1
245	291	25	2
250	291	25	1
251	291	25	1
235	292	25	1
249	292	25	1
246	293	25	1
244	294	25	1
247	294	25	1
237	295	25	1
238	296	25	1
242	296	25	1
243	297	25	1
240	300	25	3
182	260	26	1
235	267	26	1
241	267	26	1
236	268	26	1
237	269	26	1
228	270	26	1
237	270	26	3
240	271	26	1
223	272	26	1
224	272	26	3
232	272	26	2
239	272	26	1
249	273	26	3
233	275	26	1
249	275	26	2
232	276	26	1
233	276	26	1
238	276	26	1
244	276	26	1
213	277	26	1
230	277	26	1
235	277	26	1
237	277	26	1
239	277	26	1
249	277	26	1
233	278	26	1
235	278	26	1
240	278	26	1
243	278	26	1
233	279	26	1
250	279	26	1
234	280	26	2
238	280	26	1
231	281	26	2
234	281	26	1
235	281	26	2
237	281	26	1
240	281	26	1
247	281	26	1
209	282	26	1
229	282	26	1
231	282	26	1
234	282	26	1
249	282	26	1
234	283	26	1
239	283	26	1
251	283	26	1
232	284	26	1
234	284	26	1
236	284	26	1
212	285	26	1
234	285	26	1
236	285	26	1
247	285	26	3
252	285	26	1
253	285	26	1
254	285	26	1
225	286	26	1
234	286	26	1
247	286	26	1
253	286	26	1
228	287	26	1
234	287	26	1
238	287	26	1
235	288	26	1
241	288	26	2
243	288	26	1
250	288	26	2
252	288	26	1
231	289	26	1
233	289	26	2
236	289	26	3
238	289	26	1
240	289	26	1
243	289	26	2
250	289	26	2
225	290	26	1
233	290	26	2
239	290	26	1
242	290	26	1
244	290	26	2
250	290	26	1
222	291	26	1
236	291	26	1
237	291	26	2
240	291	26	1
242	291	26	1
244	291	26	1
245	291	26	2
237	292	26	1
245	292	26	2
246	292	26	1
250	292	26	1
251	292	26	1
254	292	26	1
240	293	26	1
247	293	26	1
235	294	26	1
239	294	26	1
243	294	26	1
246	294	26	1
221	295	26	1
222	295	26	1
239	295	26	1
240	295	26	1
243	295	26	2
244	295	26	1
254	295	26	1
239	296	26	1
242	296	26	1
244	296	26	1
240	297	26	1
236	298	26	1
242	298	26	1
241	299	26	1
236	300	26	2
241	300	26	1
227	301	26	1
182	255	27	4
183	258	27	2
183	259	27	1
228	259	27	1
231	259	27	1
232	259	27	1
183	260	27	1
182	261	27	1
186	261	27	1
231	261	27	1
232	261	27	1
180	262	27	2
227	262	27	1
233	262	27	2
236	262	27	1
238	262	27	1
178	263	27	1
181	263	27	1
182	263	27	2
229	263	27	1
233	263	27	2
219	264	27	2
226	264	27	1
230	264	27	1
232	264	27	1
239	264	27	1
240	264	27	1
226	265	27	1
233	265	27	1
240	265	27	2
178	266	27	1
180	266	27	1
201	266	27	1
215	266	27	1
217	266	27	1
224	266	27	2
227	266	27	1
229	266	27	1
232	266	27	1
233	266	27	1
182	267	27	1
217	267	27	1
226	267	27	1
228	267	27	1
241	267	27	1
207	268	27	1
213	268	27	1
214	268	27	1
216	268	27	1
222	268	27	1
223	268	27	1
228	268	27	1
229	268	27	1
231	268	27	1
234	268	27	1
237	268	27	1
177	269	27	1
201	269	27	1
205	269	27	1
214	269	27	1
218	269	27	1
224	269	27	1
229	269	27	1
234	269	27	1
243	269	27	1
179	270	27	2
192	270	27	1
216	270	27	1
226	270	27	1
227	270	27	1
228	270	27	1
233	270	27	1
239	270	27	1
244	270	27	2
181	271	27	1
206	271	27	1
209	271	27	1
215	271	27	1
217	271	27	3
223	271	27	1
226	271	27	2
234	271	27	2
238	271	27	1
248	271	27	1
249	271	27	1
250	271	27	1
251	271	27	1
181	272	27	1
207	272	27	2
208	272	27	1
215	272	27	1
216	272	27	1
228	272	27	2
235	272	27	2
236	272	27	1
237	272	27	1
238	272	27	1
241	272	27	1
251	272	27	1
211	273	27	1
213	273	27	2
227	273	27	2
232	273	27	2
241	273	27	1
178	274	27	2
179	274	27	1
203	274	27	1
211	274	27	1
213	274	27	1
241	274	27	2
250	274	27	1
254	274	27	1
212	275	27	2
216	275	27	1
220	275	27	1
222	275	27	1
223	275	27	1
230	275	27	1
233	275	27	1
235	275	27	1
236	275	27	1
238	275	27	1
240	275	27	1
242	275	27	1
177	276	27	2
204	276	27	1
207	276	27	1
217	276	27	1
222	276	27	1
240	276	27	2
244	276	27	2
205	277	27	1
212	277	27	1
224	277	27	1
243	277	27	1
203	278	27	1
221	278	27	1
224	278	27	1
225	278	27	2
229	278	27	1
232	278	27	1
233	278	27	1
239	278	27	1
244	278	27	1
248	278	27	1
210	279	27	1
237	279	27	1
239	279	27	1
242	279	27	1
247	279	27	1
205	280	27	1
210	280	27	1
236	280	27	1
240	280	27	1
241	280	27	1
248	280	27	1
256	280	27	1
215	281	27	1
217	281	27	1
228	281	27	1
235	281	27	1
238	281	27	1
239	281	27	1
246	281	27	1
257	281	27	1
227	282	27	1
229	282	27	1
237	282	27	1
238	282	27	1
245	282	27	1
253	282	27	1
201	283	27	1
215	283	27	2
216	283	27	3
221	283	27	1
236	283	27	1
244	283	27	1
205	284	27	1
250	284	27	1
253	284	27	1
254	284	27	1
255	284	27	1
200	285	27	1
212	285	27	3
213	285	27	3
215	285	27	1
220	285	27	3
235	285	27	1
236	285	27	1
255	285	27	1
204	286	27	2
216	286	27	2
219	286	27	1
222	286	27	1
224	286	27	1
226	286	27	1
232	286	27	1
233	286	27	1
236	286	27	1
240	286	27	1
244	286	27	1
256	286	27	1
210	287	27	1
223	287	27	1
231	287	27	1
234	287	27	1
236	287	27	1
248	287	27	1
250	287	27	1
252	287	27	1
253	287	27	1
256	287	27	1
211	288	27	1
224	288	27	1
232	288	27	1
234	288	27	1
242	288	27	1
244	288	27	2
245	288	27	1
210	289	27	3
226	289	27	1
232	289	27	1
234	289	27	2
239	289	27	1
242	289	27	1
243	289	27	1
251	289	27	1
221	290	27	1
222	290	27	1
228	290	27	2
231	290	27	1
233	290	27	1
240	290	27	1
243	290	27	1
244	290	27	1
249	290	27	1
221	291	27	1
222	291	27	1
227	291	27	1
242	291	27	1
250	291	27	2
252	291	27	1
219	292	27	1
227	292	27	1
228	292	27	3
234	292	27	2
235	292	27	1
239	292	27	1
244	292	27	1
246	292	27	1
248	292	27	1
253	292	27	1
211	293	27	1
221	293	27	1
222	293	27	1
224	293	27	2
227	293	27	2
229	293	27	1
237	293	27	1
244	293	27	1
247	293	27	1
251	293	27	1
253	293	27	1
226	294	27	1
231	294	27	1
236	294	27	1
238	294	27	1
244	294	27	1
248	294	27	1
249	294	27	1
252	294	27	1
255	294	27	1
257	294	27	1
241	295	27	1
244	295	27	1
246	295	27	2
252	295	27	1
236	296	27	1
241	296	27	1
245	296	27	1
252	296	27	2
220	297	27	1
225	297	27	1
252	297	27	1
253	297	27	1
224	298	27	1
239	298	27	1
244	298	27	1
247	298	27	1
248	298	27	1
229	299	27	2
236	299	27	1
240	299	27	1
228	300	27	2
242	300	27	1
248	300	27	3
235	301	27	1
236	301	27	1
238	301	27	1
245	301	27	1
247	301	27	1
250	301	27	1
234	302	27	1
244	304	27	1
230	262	28	1
232	266	28	1
238	269	28	1
237	271	28	1
232	272	28	1
235	275	28	1
235	276	28	1
237	276	28	1
238	276	28	1
237	277	28	1
210	279	28	1
248	279	28	1
208	281	28	1
210	281	28	1
235	281	28	1
248	281	28	1
250	281	28	1
250	284	28	1
254	284	28	1
244	285	28	1
248	285	28	1
246	286	28	1
245	287	28	1
243	289	28	3
246	289	28	1
253	289	28	1
240	290	28	2
226	291	28	1
237	291	28	1
247	291	28	2
248	292	28	3
250	292	28	1
240	294	28	1
242	295	28	1
240	296	28	1
239	297	28	1
240	299	28	1
235	257	29	1
182	259	29	1
188	259	29	1
230	259	29	2
240	260	29	1
226	261	29	1
229	261	29	1
230	261	29	1
221	262	29	1
222	263	29	1
231	263	29	1
232	263	29	1
178	264	29	2
215	264	29	2
229	264	29	1
231	264	29	1
232	264	29	1
245	264	29	1
233	265	29	1
234	265	29	1
249	265	29	1
192	267	29	1
231	267	29	1
241	267	29	1
194	268	29	1
239	268	29	1
180	269	29	2
193	269	29	1
196	269	29	1
235	269	29	1
248	269	29	1
249	269	29	1
227	270	29	1
237	270	29	1
173	271	29	2
216	271	29	1
232	272	29	1
234	272	29	1
245	272	29	1
249	272	29	1
251	272	29	1
182	273	29	1
225	273	29	1
236	273	29	1
234	274	29	1
206	275	29	1
238	275	29	1
240	275	29	1
241	275	29	1
206	276	29	1
238	276	29	2
205	277	29	1
234	277	29	1
238	277	29	1
250	277	29	1
239	278	29	1
244	278	29	2
206	279	29	1
234	279	29	3
256	279	29	1
205	280	29	2
235	280	29	1
236	280	29	1
241	280	29	1
246	280	29	1
235	281	29	1
241	281	29	1
246	281	29	1
248	281	29	1
250	281	29	2
206	282	29	1
213	282	29	1
244	282	29	1
249	282	29	1
250	282	29	1
209	283	29	1
215	283	29	1
231	283	29	1
232	283	29	1
234	283	29	1
238	283	29	2
246	283	29	1
211	284	29	1
233	284	29	1
234	284	29	1
240	284	29	1
241	284	29	1
245	284	29	1
248	284	29	1
252	284	29	1
255	284	29	1
227	285	29	1
233	285	29	1
239	285	29	1
246	285	29	1
254	285	29	1
232	286	29	2
234	286	29	1
240	286	29	1
242	286	29	1
248	286	29	1
252	286	29	1
225	287	29	1
234	287	29	1
241	287	29	1
245	287	29	1
232	288	29	2
234	288	29	2
236	288	29	1
243	288	29	1
245	288	29	1
249	288	29	2
235	289	29	1
236	289	29	1
243	289	29	1
245	289	29	1
222	290	29	1
224	290	29	1
242	290	29	1
245	290	29	1
238	291	29	1
239	291	29	1
248	291	29	1
250	291	29	1
222	292	29	1
227	292	29	1
248	292	29	1
250	292	29	1
225	293	29	1
248	293	29	1
252	293	29	2
236	294	29	1
238	294	29	1
240	294	29	1
243	294	29	1
245	294	29	1
246	294	29	1
221	295	29	1
223	295	29	1
241	295	29	1
243	295	29	1
247	295	29	1
239	297	29	1
240	297	29	1
215	298	29	1
221	298	29	1
238	298	29	1
237	299	29	1
226	300	29	1
239	300	29	1
247	300	29	1
224	301	29	1
225	301	29	1
227	301	29	1
236	301	29	1
240	303	29	2
229	250	30	1
231	253	30	1
237	253	30	1
230	254	30	1
215	255	30	2
229	255	30	1
236	255	30	1
204	256	30	1
229	256	30	1
230	256	30	1
233	256	30	1
235	256	30	1
236	256	30	1
190	257	30	1
227	257	30	1
228	257	30	2
236	257	30	1
237	257	30	1
239	257	30	1
186	258	30	1
226	258	30	1
233	258	30	1
238	258	30	1
209	259	30	2
210	259	30	1
216	259	30	1
222	259	30	1
227	259	30	1
228	259	30	1
232	259	30	1
238	259	30	1
196	260	30	1
212	260	30	1
219	260	30	1
245	260	30	1
184	261	30	1
187	261	30	1
194	261	30	2
196	261	30	1
198	261	30	1
208	261	30	2
209	261	30	1
215	261	30	1
224	261	30	2
225	261	30	1
229	261	30	1
230	261	30	1
178	262	30	2
188	262	30	1
193	262	30	1
220	262	30	1
222	262	30	1
225	262	30	1
233	262	30	1
242	262	30	1
245	262	30	1
246	262	30	1
182	263	30	1
186	263	30	1
188	263	30	1
211	263	30	3
224	263	30	1
234	263	30	1
242	263	30	1
247	263	30	1
211	264	30	1
222	264	30	1
227	264	30	1
228	264	30	1
246	264	30	2
192	265	30	1
193	265	30	1
197	265	30	1
205	265	30	1
208	265	30	2
211	265	30	1
212	265	30	1
217	265	30	1
224	265	30	1
229	265	30	2
230	265	30	1
231	265	30	1
187	266	30	1
189	266	30	1
193	266	30	1
194	266	30	1
195	266	30	1
213	266	30	1
215	266	30	1
228	266	30	1
229	266	30	2
230	266	30	1
239.5	266.5	30.5	1
209	267	30	1
232	267	30	1
235	267	30	1
236	267	30	1
238	267	30	1
239	267	30	1
247	267	30	1
249	267	30	1
182	268	30	1
189	268	30	1
194	268	30	2
211	268	30	1
213	268	30	1
216	268	30	1
223	268	30	1
226	268	30	1
228	268	30	2
230	268	30	2
231	268	30	1
248	268	30	1
249	268	30	1
193	269	30	1
197	269	30	1
199	269	30	1
204	269	30	1
215	269	30	1
216	269	30	2
219	269	30	1
232	269	30	1
237	269	30	1
238	269	30	1
240	269	30	1
242	269	30	1
247	269	30	1
179	270	30	1
186	270	30	1
198	270	30	1
201	270	30	2
205	270	30	2
227	270	30	1
230	270	30	1
244	270	30	1
249	270	30	1
250	270	30	2
187	271	30	1
198	271	30	1
200	271	30	1
204	271	30	1
206	271	30	1
212	271	30	1
215	271	30	1
238	271	30	1
239	271	30	1
247	271	30	1
181	272	30	1
184	272	30	1
216	272	30	1
224	272	30	1
240	272	30	1
181	273	30	1
203	273	30	1
231	273	30	1
232	273	30	1
240	273	30	1
246	273	30	1
183	274	30	1
212	274	30	1
241	274	30	1
179	275	30	1
180	275	30	1
182	275	30	1
184	275	30	1
185	275	30	2
236	275	30	1
250	275	30	1
206	276	30	1
207	276	30	2
232	276	30	2
233	276	30	1
236	276	30	1
238	276	30	1
243	276	30	2
174	277	30	1
180	277	30	1
205	277	30	1
208	277	30	1
232	277	30	1
235	277	30	1
237	277	30	1
247	277	30	1
250	277	30	1
175	278	30	1
203	278	30	1
204	278	30	1
235	278	30	1
250	278	30	1
253	278	30	1
207	279	30	1
219	279	30	1
235	279	30	1
254	279	30	1
183	280	30	1
233	280	30	1
239	280	30	1
244	280	30	1
246	280	30	1
249	280	30	1
251	280	30	1
252	280	30	1
254	280	30	1
173	281	30	1
175	281	30	1
179	281	30	1
181	281	30	4
242	281	30	1
243	281	30	2
249	281	30	1
252	281	30	2
177	282	30	1
181	282	30	2
187	282	30	1
219	282	30	2
220	282	30	1
221	282	30	1
223	282	30	1
232	282	30	2
237	282	30	2
239	282	30	1
244	282	30	1
256	282	30	1
232	283	30	1
234	283	30	1
242	283	30	1
250	283	30	2
252	283	30	1
257	283	30	1
220	284	30	1
226	284	30	1
230	284	30	1
244	284	30	1
245	284	30	1
250	284	30	1
252	284	30	1
256	284	30	1
223	285	30	1
224	285	30	1
226	285	30	1
227	285	30	1
229	285	30	1
232	285	30	1
233	285	30	1
245	285.666666666667	31	1
251	285	30	1
254	285	30	2
255	285	30	1
180	286	30	1
206	286	30	1
223	286	30	1
227	286	30	1
238	286	30	1
240	286	30	1
241	286	30	1
248	286	30	1
249	286	30	1
224	287	30	1
225	287	30	1
243	287	30	1
251	287	30	2
252	287	30	2
199	288	30	1
221	288	30	1
226	288	30	1
231	288	30	2
232	288	30	1
234	288	30	1
238	288	30	1
184	289	30	1
221	289	30	1
224	289	30	2
230	289	30	1
233	289	30	1
234	289	30	3
235	289	30	1
238	289	30	1
246	289	30	1
252	289	30	1
220	290	30	1
222	290	30	1
236	290	30	1
240	290	30	1
241	290	30	1
245	290	30	2
198	291	30	1
222	291	30	1
227	291	30	2
234	291	30	1
238	291	30	1
242	291	30	1
248	291	30	2
251	291	30	1
255	291	30	1
194	292	30	1
199	292	30	1
203	292	30	1
213	292	30	1
231	292	30	1
232	292	30	3
243	292	30	1
246	292	30	1
247	292	30	1
257	292	30	1
220	293	30	1
233	293	30	1
234	293	30	1
239	293	30	1
243	293	30	1
210	294	30	1
226	294	30	1
231	294	30	1
235	294	30	1
236	294	30	1
240	294	30	1
241	294	30	1
246	294	30	1
249	294	30	1
252	294	30	1
258	294	30	1
197	295	30	1
220	295	30	1
221	295	30	1
243	295	30	2
254	295	30	1
256	295	30	1
235	296	30	2
237	296	30	1
220	297	30	1
223	297	30	1
231	297	30	2
232	297	30	1
241	297	30	1
244	297	30	1
220	298	30	2
224	298	30	1
226	298	30	2
227	298	30	2
228	298	30	1
231	298	30	2
237	298	30	1
239	298	30	1
240	298	30	1
242	298	30	1
249	298	30	1
250	298	30	1
218	299	30	1
224	299	30	1
227	299	30	1
244	299	30	1
247	299	30	1
226	300	30	1
227	300	30	1
230	300	30	1
231	300	30	1
240	300	30	1
247	300	30	1
249	300	30	1
224	301	30	3
225	301	30	3
226	301	30	2
235	301	30	2
237	301	30	1
239	301	30	1
240	301	30	3
242	301	30	1
245	301	30	1
249	301	30	1
251	301	30	1
223	302	30	2
226	302	30	1
229	302	30	1
236	302	30	1
242	302	30	1
223	303	30	1
238	303	30	2
240	303	30	1
233	304	30	1
223	305	30	1
236	305	30	1
236	306	30	1
226	250	31	1
215	251	31	1
235	251	31	1
226	252	31	1
228	253	31	2
238	253	31	2
226	254	31	1
227	254	31	1
191	255	31	1
195	255	31	1
229	255	31	1
237	255	31	1
240	255	31	1
215	256	31	1
202	257	31	1
238	257	31	2
237	258	31	1
206	259	31	1
218	259	31	1
219	259	31	1
229	259	31	1
235	259	31	2
239	259	31	1
242	259	31	2
186	260	31	1
190	260	31	1
191	260	31	2
209	260	31	1
218	260	31	1
224	260	31	2
228	260	31	1
234	260	31	1
238	260	31	1
242	260	31	1
193	261	31	1
217	261	31	1
226	261	31	1
243	261	31	1
244	261	31	1
195	262	31	1
225	262	31	1
229	262	31	1
248	262	31	1
249	262	31	2
186	263	31	3
215	263	31	1
228	263	31	1
232	263	31	1
234	263	31	1
235	263	31	1
238	263	31	2
248	263	31	1
184	264	31	1
194	264	31	1
195	264	31	1
199	264	31	1
215	264	31	1
216	264	31	1
218	264	31	1
221	264	31	1
224	264	31	1
234	264	31	1
239	264	31	1
245	264	31	1
249	264	31	1
205	265	31	1
213	265	31	1
214	265	31	1
216	265	31	1
222	265	31	2
223	265	31	2
232	265	31	1
234	265	31	1
236	265	31	1
240	265	31	1
243	265	31	2
246	265	31	2
250	265	31	1
194	266	31	1
217	266	31	2
219	266	31	1
220	266	31	1
231	266	31	1
236	266	31	1
245	266	31	1
246	266	31	1
183	267	31	1
194	267	31	1
217	267	31	1
229	267	31	1
230	267	31	1
237	267	31	1
248	267	31	1
184	268	31	1
220	268	31	1
222	268	31	1
225	268	31	1
231	268	31	1
234	268	31	1
238	268	31	1
243	268	31	2
182	269	31	1
184	269	31	1
188	269	31	1
191	269	31	1
194	269	31	1
199	269	31	1
201	269	31	1
209	269	31	1
238	269	31	1
173	270	31	1
198	270	31	1
199	270	31	1
201	270	31	1
207	270	31	2
231	270	31	1
240	270	31	2
182	271	31	1
184	271	31	1
204	271	31	1
210	271	31	1
216	271	31	2
224	271	31	2
225	271	31	1
226	271	31	1
239	271	31	1
245	271	31	2
184	272	31	1
199	272	31	1
208	272	31	1
210	272	31	1
214	272	31	1
215	272	31	1
225	272	31	1
226	272	31	1
227	272	31	2
235	272	31	1
241	272	31	1
181	273	31	1
183	273	31	2
211	273	31	1
214	273	31	1
215	273	31	1
242	273	31	2
248	273	31	2
203	274	31	1
213	274	31	1
239	274	31	2
250	274	31	1
184	275	31	1
211	275	31	2
235	275	31	1
236	275	31	1
250	275	31	1
198	276	31	2
234	276	31	1
253	276	31	1
174	277	31	1
204	277	31	1
205	277	31	1
234	277	31	1
237	277	31	1
241	277	31	1
243	277	31	1
178	278	31	1
204	278	31	1
206	278	31	1
243	278	31	1
249	278	31	1
175	279	31	1
205	279	31	1
244	279	31	1
245	279	31	1
246	279	31	1
254	279	31	1
181	280	31	1
217	280	31	1
219	280	31	1
221	280	31	1
232	280	31	1
247	280	31	1
248	280	31	2
249	280	31	1
176	281	31	1
219	281	31	1
228	281	31	1
241	281	31	1
244	281	31	1
250	281	31	2
254	281	31	2
206	282	31	1
225	282	31	1
248	282	31	1
250	282	31	1
184	283	31	1
209	283	31	1
221	283	31	3
223	283	31	1
233	283	31	2
236	283	31	1
242	283	31	1
253	283	31	1
176	284	31	2
180	284	31	1
231	284	31	1
237	284	31	3
238	284	31	1
241	284	31	2
243	284	31	1
250	284	31	1
178	285	31	1
179	285	31	2
222	285	31	1
236	285	31	1
238	285.5	31.5	2
247	285	31	1
250	285	31	1
253	285	31	1
255	285	31	1
256	285	31	1
219	286	31	1
222	286	31	1
224	286	31	2
225	286	31	1
223	287	31	2
227	287	31	1
229	287	31	1
230	287	31	1
237	287	31	1
248	287	31	1
252	287	31	2
255	287	31	1
222	288	31	1
247	288	31	1
251	288	31	1
253	288	31	1
222	289	31	1
224	289	31	1
234	289	31	1
245	289	31	1
246	289	31	1
247	289	31	1
226	290	31	1
230	290	31	1
234	290	31	1
235	290	31	1
239	290	31	1
242	290	31	2
243	290	31	1
247	290	31	1
250	290	31	1
197	291	31	1
199	291	31	1
223	291	31	1
237	291	31	1
241	291	31	1
255	291	31	1
198	292	31	1
227	292	31	1
231	292	31	1
236	292	31	1
246	292	31	1
252	292	31	1
229	293	31	1
226	294	31	1
233	294	31	1
251	294	31	1
253	294	31	1
222	295	31	1
232	295	31	1
233	295	31	1
244	295	31	1
248	295	31	1
250	295	31	1
197	296	31	3
199	296	31	1
200	296	31	1
222	296	31	1
224	296	31	1
228	296	31	1
229	296	31	1
242	296	31	1
246	296	31	1
254	296	31	2
221	297	31	1
223	297	31	1
231	297	31	1
252	297	31	1
223	298	31	1
226	298	31	1
229	298	31	1
237	298	31	1
247	298	31	1
250	298	31	1
251	298	31	1
224	299	31	1
229	299	31	1
230	299	31	1
237	299	31	1
240	299	31	1
251	299	31	1
228	300	31	2
232	300	31	2
237	300	31	1
247	300	31	1
221	301	31	1
225	301	31	1
229	301	31	1
233	301	31	1
247	301	31	2
223	302	31	1
235	302	31	1
242	302	31	2
243	302	31	1
231	303	31	1
233	303	31	1
236	303	31	1
244	303	31	1
223	305	31	1
223	306	31	1
224	307	31	1
226	309	31	1
217	252	32	1
227	252	32	2
235	252	32	1
214	253	32	1
231	253	32	1
240	253	32	1
215	254	32	1
223	254	32	1
225	254	32	1
228	254	32	1
236	254	32	1
188	255	32	1
224	255	32	1
228	255	32	1
230	255	32	1
234	255	32	1
237	255	32	1
215	256	32	1
219	256	32	3
232	256	32	1
240	256	32	1
192	257	32	2
203	257	32	1
209	257	32	1
210	257	32	1
240	257	32	1
182	258	32	1
193	258	32	1
213	258	32	1
214	258	32	1
218	258	32	1
219	258	32	1
230	258	32	1
235	258	32	1
188	259	32	1
213	259	32	1
214	259	32	1
217	259	32	1
219	259	32	2
230	259	32	1
192	260	32	1
211	260	32	1
228	260	32	1
234	260	32	2
238	260	32	2
242	260	32	2
244	260	32	1
245	260	32	2
210	261	32	1
217	261	32	1
218	261	32	1
222	261	32	1
224	261	32	1
237	261	32	1
239	261	32	1
242	261	32	1
246	261	32	1
194	262	32	1
196	262	32	1
198	262	32	1
216	262	32	3
218	262	32	1
225	262	32	1
227	262	32	1
228	262	32	1
233	262	32	2
240	262	32	1
244	262	32	1
247	262	32	1
184	263	32	1
216	263	32	1
218	263	32	2
221	263	32	3
222	263	32	2
224	263	32	1
230	263	32	1
231	263	32	1
237	263	32	1
250	263	32	2
188	264	32	1
193	264	32	1
194	264	32	1
202	264	32	1
227	264	32	1
228	264	32	1
233	264	32	1
236	264	32	1
239	264	32	1
245	264	32	1
246	264	32	1
184	265	32	1
196	265	32	1
198	265	32	1
203	265	32	1
211	265	32	1
213	265	32	1
218	265	32	1
220	265	32	1
224	265	32	1
230	265	32	1
235	265	32	1
244	265	32	1
184	266	32	1
203	266	32	1
216	266	32	1
220	266	32	1
228	266	32	1
235	266	32	1
182	267	32	1
183	267	32	1
186	267	32	2
188	267	32	1
208	267	32	1
211	267	32	1
216	267	32	1
221	267	32	1
231	267	32	2
240	267	32	1
245.5	267.5	32.5	1
248	267	32	1
194	268	32	1
195	268	32	1
198	268	32	1
211	268	32	1
231	268	32	1
248	268	32	1
182	269	32	2
196	269	32	2
209	269	32	1
232	269	32	1
238	269	32	1
240	269	32	1
181	270	32	2
195	270	32	1
196	270	32	1
200	270	32	1
201	270	32	1
248	270	32	1
183	271	32	1
186	271	32	1
206	271	32	1
207	271	32	1
210	271	32	1
211	271	32	1
215	271	32	1
228	271	32	1
233	271	32	1
237	271	32	1
244	271	32	2
246	271	32	1
173	272	32	1
176	272	32	2
177	272	32	1
183	272	32	1
202	272	32	1
203	272	32	1
210	272	32	1
216	272	32	2
235	272	32	1
237	272	32	1
248	272	32	1
249	272	32	1
251	272	32	3
174	273	32	1
181	273	32	2
208	273	32	2
212	273	32	1
213	273	32	2
229	273	32	1
235	273	32	1
242	273	32	1
245	273	32	2
173	274	32	1
185	274	32	1
202	274	32	1
204	274	32	2
207	274	32	1
209	274	32	1
211	274	32	1
243	274	32	1
252	274	32	1
181	275	32	1
186	275	32	1
208	275	32	1
213	275	32	2
215	275	32	1
237	275	32	1
238	275	32	2
247	275	32	2
250	275	32	1
252	275	32	1
175	276	32	1
204	276	32	1
205	276	32	2
206	276	32	1
215	276	32	1
174	277	32	1
205	277	32	1
210	277	32	1
215	277	32	2
236	277	32	1
245	277	32	1
247	277	32	1
248	277	32	1
236	278	32	1
239	278	32	1
245	278	32	1
249	278	32	1
255	278	32	1
175	279	32	1
178	279	32	1
181	279	32	1
207	279	32	1
219	279	32	1
250	279	32	1
177	280	32	1
180	280	32	1
208	280	32	1
221	280	32	1
222	280	32	1
246	280	32	1
249	280	32	2
251	280	32	2
173	281	32	1
179	281	32	1
182	281	32	1
219	281	32	1
220	281	32	3
222	281	32	1
233	281	32	2
239	281	32	1
241	281	32	2
242	281	32	1
243	281	32	1
245	281	32	1
251	281	32	1
254	281	32	2
173	282	32	1
178	282	32	2
218	282	32	1
221	282	32	1
226	282	32	1
229	282	32	1
233	282	32	1
240	282	32	1
176	283	32	1
181	283	32	2
183	283	32	1
223	283	32	1
230	283	32	1
249	283	32	2
253	283	32	1
176	284	32	1
178	284	32	2
181	284	32	1
205	284	32	1
219	284	32	1
226	284	32	1
229	284	32	1
230	284	32	1
232	284	32	1
233	284	32	1
234	284	32	1
241	284	32	1
244	284	32	1
245	284	32	1
251	284	32	1
252	284	32	1
180	285	32	1
185	285	32	1
206	285	32	1
208	285	32	2
215	285	32	1
218	285	32	1
219	285	32	1
223	285	32	2
230	285	32	1
238	285	32	1
253	285	32	1
254	285	32	1
255	285	32	1
174	286	32	1
204	286	32	1
207	286	32	1
223	286	32	1
227	286	32	1
246	286	32	1
247	286	32	1
254	286	32	1
256	286	32	1
177	287	32	2
223	287	32	2
233	287	32	2
247	287	32	1
248	287	32	2
220	288	32	1
221	288	32	1
223	288	32	1
227	288	32	1
239	288	32	2
248	288	32	1
249	288	32	1
200	289	32	2
223	289	32	1
231	289	32	1
233	289	32	1
234	289	32	1
235	289	32	2
239	289	32	1
242	289	32	1
243	289	32	1
206	290	32	1
221	290	32	1
229	290	32	1
231	290	32	1
234	290	32	1
236	290	32	2
247	290	32	1
197	291	32	2
223	291	32	1
224	291	32	1
231	291	32	1
236	291	32	1
241	291	32	2
188	292	32	1
199	292	32	2
204	292	32	1
221	292	32	1
223	292	32	1
225	292	32	1
229	292	32	1
255	292	32	1
257	292	32	1
199	293	32	1
207	293	32	2
220	293	32	1
221	293	32	1
222	293	32	1
223	293	32	2
225	293	32	1
228	293	32	1
229	293	32	2
232	293	32	1
241	293	32	1
242	293	32	1
251	293	32	1
253	293	32	2
199	294	32	1
204	294	32	2
231	294	32	1
236	294	32	1
244	294	32	1
246	294	32	1
256	294	32	2
195	295	32	1
200	295	32	1
228	295	32	2
232	295	32	1
244	295	32	1
247	295	32	1
249	295	32	1
251	295	32	1
253	295	32	1
187	296	32	1
200	296	32	1
202	296	32	1
220	296	32	1
233	296	32	3
235	296	32	1
237	296	32	1
247	296	32	1
250	296	32	1
221	297	32	1
249	297	32	1
219	298	32	1
220	298	32	2
221	298	32	2
230	298	32	1
232	298	32	1
240	298	32	1
247	298	32	1
251	298	32	1
252	298	32	1
196	299	32	1
197	299	32	1
235	299	32	1
236	299	32	1
245	299	32	1
247	299	32	1
196	300	32	1
197	300	32	1
237	300	32	2
240	300	32	1
244	300	32	1
246	300	32	1
247	300	32	1
221	301	32	1
224	301	32	1
240	301	32	1
248	301	32	1
233	302	32	1
238	302	32	1
245	302	32	1
248	302	32	1
235	303	32	1
245	303	32	1
233	304	32	1
234	304	32	2
237	304	32	1
243	304	32	1
244	304	32	3
245	304	32	1
221	305	32	1
234	305	32	1
237	305	32	1
238	305	32	1
208	306	32	1
224	306	32	1
226	307	32	1
225	308	32	1
227	308	32	1
229	308	32	1
235	308	32	1
229	310	32	2
232	312	32	1
227	251	33	1
230	251	33	1
223	252	33	1
224	253	33	1
231	253	33	1
232	253	33	1
219	254	33	1
226	254	33	1
227	254	33	1
231	254	33	1
235	254	33	1
218	255	33	1
226	255	33	2
222	256	33	2
230	256	33	1
232	256	33	1
237	256	33	1
216	257	33	1
220	257	33	1
221	257	33	1
224	257	33	1
227	257	33	1
215	258	33	1
218	258	33	1
219	258	33	1
235	258	33	2
189	259	33	1
209	259	33	1
215	259	33	1
222	259	33	1
227	259	33	1
228	259	33	1
229	259	33	1
237	259	33	1
243	259	33	1
223	260	33	1
224	260	33	1
229	260	33	1
231	260	33	1
237	260	33	1
239	260	33	1
241	260	33	1
243	260	33	1
182	261	33	1
195	261	33	1
209	261	33	2
211	261	33	1
218	261	33	1
219	261	33	1
222	261	33	1
224	261	33	1
225	261	33	2
231	261	33	1
234	261	33	1
236	261	33	1
192	262	33	1
209	262	33	2
221	262	33	1
224	262	33	1
226	262	33	1
230	262	33	1
233	262	33	1
236	262	33	1
239	262	33	1
246	262	33	1
190	263	33	1
199	263	33	1
212	263	33	1
213	263	33	1
214	263	33	2
223	263	33	1
225	263	33	1
228	263	33	1
231	263	33	1
242	263	33	1
243	263	33	2
248	263	33	1
187	264	33	1
188	264	33	1
191	264	33	2
195	264	33	1
215	264	33	1
223	264	33	1
233	264	33	1
235	264	33	1
239	264	33	1
242	264	33	1
191	265	33	1
192	265	33	1
202	265	33	1
222	265	33	1
226	265	33	1
233	265	33	1
235	265	33	1
245	265	33	1
247	265	33	1
185	266	33	2
189	266	33	1
192	266	33	1
197	266	33	1
208	266	33	1
216	266	33	1
220	266	33	1
225	266	33	1
230	266	33	2
193	267	33	1
194	267	33	2
216	267	33	1
221	267	33	1
229	267	33	1
242	267	33	1
244	267	33	2
246	267	33	1
252	267	33	1
253	267	33	1
195	268	33	1
214	268	33	1
219	268	33	1
220	268	33	2
226	268	33	1
232	268	33	1
240	268	33	1
185	269	33	2
187	269	33	1
193	269	33	1
194	269	33	2
198	269	33	1
201	269	33	1
204	269	33	1
227	269	33	1
233	269	33	1
234	269	33	1
239	269	33	1
241	269	33	1
245	269	33	1
250	269	33	2
251	269	33	2
185	270	33	1
187	270	33	1
188	270	33	1
198	270	33	1
215	270	33	1
216	270	33	2
239	270	33	1
245	270	33	2
247	270	33	1
248	270	33	2
179	271	33	2
180	271	33	1
206	271	33	2
224	271	33	1
237	271	33	2
239	271	33	1
242	271	33	2
244	271	33	2
248	271	33	1
175	272	33	1
177	272	33	2
185	272	33	1
186	272	33	1
203	272	33	1
240	272	33	1
242	272	33	1
244	272	33	2
249	272	33	1
171	273	33	1
181	273	33	1
183	273	33	1
184	273	33	1
227	273	33	1
253	273	33	1
169	274	33	1
190	274	33	1
206	274	33	1
212	274	33	1
227	274	33	1
235	274	33	1
236	274	33	1
239	274	33	1
242	274	33	1
175	275	33	1
183	275	33	1
188	275	33	2
210	275	33	1
214	275	33	1
215	275	33	1
239	275	33	1
251	275	33	2
177	276	33	1
189	276	33	1
205	276	33	2
206	276	33	1
207	276	33	1
235	276	33	2
236	276	33	2
242	276	33	1
244	276	33	1
174	277	33	1
176	277	33	1
205	277	33	3
206	277	33	1
209	277	33	1
232	277	33	1
237	277	33	1
238	277	33	1
242	277	33	1
244	277	33	1
245	277	33	3
177	278	33	1
232	278	33	1
240	278	33	1
243	278	33	2
208	279	33	1
234	279	33	2
245	279	33	1
248	279	33	1
174	280	33	1
177	280	33	1
187	280	33	1
191	280	33	2
203	280	33	1
209	280	33	1
229	280	33	1
242	280	33	1
175	281	33	1
204	281	33	1
207	281	33	1
209	281	33	1
217	281	33	1
221	281	33	1
225	281	33	1
233	281	33	1
239	281	33	2
177	282	33	1
185	282	33	2
188	282	33	1
213	282	33	1
221	282	33	1
237	282	33	1
241	282	33	1
253	282	33	1
179	283	33	1
181	283	33	1
183	283	33	3
209	283	33	1
212	283	33	2
225	283	33	1
226	283	33	1
243	283	33	1
249	283	33	3
180	284	33	1
186	284	33	1
188	284	33	1
206	284	33	1
209	284	33	1
211	284	33	2
219	284	33	1
230	284	33	1
233	284	33	1
240	284	33	1
243	284	33	1
252	284	33	2
175	285	33	1
204	285	33	1
219	285	33	1
229	285	33	1
232	285	33	1
234	285	33	1
240	285	33	1
242	285	33	2
254	285	33	1
207	286	33	1
211	286	33	1
226	286	33	1
235	286	33	1
236	286	33	1
237	286	33	1
242	286	33	2
244	286	33	1
246	286	33	1
248	286	33	1
255	286	33	1
185	287	33	1
199	287	33	1
205	287	33	1
208	287	33	1
226	287	33	1
229	287	33	2
233	287	33	1
234	287	33	1
236	287	33	1
245	287	33	1
186	288	33	1
202	288	33	1
223	288	33	1
226	288	33	1
231	288	33	1
247	288	33	1
248	288	33	1
203	289	33	1
205	289	33	2
230	289	33	1
235	289	33	1
237	289	33	1
247	289	33	1
253	289	33	1
184	290	33	1
200	290	33	1
222	290	33	2
225	290	33	1
228	290	33	1
232	290	33	1
234	290	33	1
236	290	33	1
242	290	33	1
243	290	33	1
247	290	33	1
231	291	33	2
232	291	33	2
247	291	33	1
257	291	33	1
197	292	33	1
200	292	33	2
201	292	33	1
223	292	33	1
236	292	33	1
245	292	33	1
248	292	33	1
253	292	33	1
256	292	33	1
177	293	33	1
188	293	33	2
220	293	33	1
225	293	33	1
237	293	33	1
239	293	33	2
241	293	33	1
246	293	33	1
247	293	33	1
248	293	33	1
199	294	33	1
236	294	33	1
243	294	33	1
252	294	33	1
182	295	33	1
204	295	33	1
225	295	33	1
229	295	33	1
232	295	33	1
233	295	33	1
179	296	33	2
195	296	33	1
201	296	33	1
222	296	33	2
223	296	33	1
225	296	33	1
230	296	33	1
243	296	33	1
252	296	33	1
195	297	33	1
197	297	33	1
224	297	33	1
232	297	33	1
236	297	33	1
182	298	33	1
235	298	33	2
236	298	33	1
238	298	33	1
240	298	33	1
241	298	33	3
242	298	33	1
243	298	33	1
246	298	33	1
195	299	33	2
224	299	33	1
227	299	33	2
234	299	33	1
237	299	33	1
239	299	33	1
245	299	33	1
246	299	33	1
247	299	33	1
230	300	33	2
235	300	33	1
238	300	33	1
244	300	33	1
223	301	33	1
235	301	33	3
236	301	33	1
237	301	33	1
242	301	33	1
211	302	33	1
225	302	33	1
233	302	33	1
243	302	33	1
246	302	33	1
222	303	33	1
224	303	33	1
231	303	33	1
234	303	33	1
241	303	33	3
232	304	33	2
233	304	33	1
243	304	33	1
230	305	33	1
233	305	33	1
224	306	33	1
231	306	33	1
206	307	33	1
222	307	33	1
223	307	33	1
224	307	33	1
234	307	33	1
220	308	33	1
221	308	33	1
223	308	33	2
224	308	33	1
227	308	33	1
233	308	33	1
239	308	33	1
223	309	33	1
234	309	33	1
228	311	33	1
232	311	33	1
233	311	33	1
236	311	33	1
222	312	33	1
232	312	33	1
225	313	33	1
233	313	33	1
228	314	33	1
230	314	33	1
232	314	33	1
230	315	33	1
230	318	33	1
229	250	34	1
228	252	34	1
216	253	34	1
228	253	34	2
229	253	34	1
217	254	34	1
226	254	34	1
233	254	34	1
227	255	34	1
237	255	34	2
242	255	34	1
218	256	34	1
232	256	34	1
216	257	34	1
219	257	34	1
223	257	34	1
228	257	34	1
235	257	34	1
242	257	34	2
221	258	34	1
223	258	34	1
225	258	34	1
226	258	34	1
228	258	34	2
234	258	34	1
237	258	34	1
242	258	34	1
216	259	34	3
217	259	34	1
219	259	34	1
220	259	34	1
232	259	34	1
238	259	34	2
192	260	34	1
214	260	34	1
215	260	34	1
217	260	34	1
218	260	34	1
223	260	34	1
225	260	34	1
226	260	34	1
244	260	34	1
190	261	34	1
211	261	34	1
216	261	34	1
217	261	34	1
221	261	34	1
223	261	34	2
226	261	34	1
229	261	34	2
231	261	34	1
241	261	34	1
246	261	34	1
193	262	34	1
194	262	34	2
210	262	34	2
211	262	34	1
216	262	34	1
219	262	34	1
221	262	34	1
235	262	34	1
236	262	34	1
242	262	34	1
243	262	34	1
246	262	34	1
210	263	34	1
214	263	34	2
223	263	34	1
228	263	34	1
236	263	34	1
239	263	34	1
249	263	34	2
187	264	34	1
189	264	34	1
193	264	34	1
194	264	34	1
201	264	34	2
203	264	34	1
205	264	34	1
206	264	34	1
213	264	34	1
214	264	34	1
218	264	34	1
219	264	34	1
227	264	34	2
228	264	34	1
245	264	34	1
247	264	34	1
249	264	34	1
204	265	34	1
205	265	34	1
222	265	34	1
228	265	34	1
232	265	34	1
184	266	34	1
188	266	34	1
209	266	34	1
210	266	34	1
211	266	34	1
217	266	34	1
227	266	34	1
228	266	34	1
230	266	34	2
233	266	34	1
235	266	34	1
238	266	34	1
243	266	34	1
191	267	34	1
195	267	34	1
209	267	34	2
210	267	34	2
223	267	34	1
239	267	34	1
240	267	34	2
249	267	34	1
188	268	34	1
214	268	34	1
215	268	34	1
218	268	34	1
220	268	34	1
227	268	34	1
231	268	34	1
240	268	34	1
245	268	34	1
250	268	34	1
176	269	34	1
182	269	34	1
215	269	34	1
217	269	34	1
232	269	34	1
236	269	34	1
241	269	34	2
243	269	34	1
244	269	34	1
245	269	34	1
248	269	34	1
249	269	34	1
251	269	34	1
179	270	34	1
187	270	34	1
188	270	34	1
203	270	34	1
205	270	34	1
206	270	34	1
209	270	34	1
214	270	34	1
223	270	34	1
244	270	34	1
245	270	34	1
249	270	34	1
251	270	34	1
173	271	34	1
177	271	34	1
187	271	34	1
209	271	34	1
212	271	34	1
214	271	34	2
217	271	34	1
218	271	34	1
226	271	34	1
230	271	34	2
239	271	34	1
243	271	34	1
244	271	34	1
247	271	34	1
175	272	34	1
176	272	34	1
184	272	34	1
185	272	34	1
198	272	34	1
205	272	34	1
206	272	34	1
212	272	34	1
227	272	34	1
229	272	34	1
236	272	34	2
247	272	34	1
170	273	34	1
182	273	34	2
197	273	34	1
201	273	34	1
203	273	34	2
204	273	34	1
207	273	34	1
208	273	34	1
211	273	34	2
213	273	34	1
215	273	34	1
243	273	34	3
248	273	34	1
170	274	34	1
179	274	34	2
180	274	34	1
185	274	34	1
186	274	34	1
203	274	34	1
206	274	34	1
207	274	34	1
226	274	34	1
233	274	34	2
179	275	34	1
181	275	34	2
189	275	34	1
206	275	34	1
208	275	34	1
212	275	34	1
213	275	34	1
175	276	34	1
180	276	34	1
187	276	34	1
219	276	34	1
236	276	34	1
237	276	34	1
243	276	34	2
244	276	34	1
175	277	34	1
182	277	34	1
184	277	34	1
186	277	34	1
189	277	34	1
206	277	34	1
208	277	34	1
213	277	34	1
235	277	34	1
186	278	34	2
190	278	34	1
201	278	34	1
204	278	34	2
209	278	34	2
214	278	34	2
236	278	34	1
176	279	34	2
180	279	34	1
207	279	34	1
215	279	34	1
219	279	34	1
227	279	34	1
247	279	34	1
178	280	34	2
181	280	34	1
192	280	34	1
210	280	34	1
221	280	34	1
235	280	34	1
246	280	34	1
247	280	34	1
248	280	34	1
249	280	34	1
192	281	34	1
210	281	34	1
229	281	34	1
244	281	34	2
248	281	34	1
250	281	34	1
178	282	34	1
181	282	34	1
210	282	34	1
212	282	34	2
213	282	34	1
223	282	34	1
229	282	34	1
232	282	34	1
234	282	34	2
175	283	34	1
179	283	34	1
207	283	34	1
222	283	34	1
223	283	34	1
237	283	34	2
238	283	34	2
245	283	34	1
253	283	34	1
186	284	34	1
191	284	34	1
205	284	34	1
206	284	34	1
208	284	34	1
214	284	34	2
220	284	34	1
224	284	34	1
225	284	34	1
226	284	34	1
227	284	34	1
231	284	34	1
234	284	34	1
236	284	34	1
246	284	34	1
247	284	34	1
176	285	34	1
202	285	34	1
205	285	34	1
209	285	34	1
229	285	34	2
231	285	34	1
232	285	34	1
233	285	34	1
238	285	34	1
242	285	34	2
243	285	34	1
248	285	34	1
177	286	34	1
187	286	34	1
189	286	34	1
203	286	34	1
208	286	34	1
228	286	34	1
247	286	34	1
248	286	34	1
188	287	34	1
207	287	34	1
208	287	34	1
219	287	34	1
225	287	34	1
227	287	34	1
228	287	34	1
231	287	34	2
233	287	34	1
234	287	34	1
247	287	34	2
251	287	34	1
252	287	34	1
177	288	34	1
184	288	34	2
190	288	34	1
200	288	34	1
223	288	34	1
227	288	34	1
235	288	34	2
248	288	34	1
255	288	34	1
175	289	34	1
184	289	34	1
186	289	34	1
202	289	34	1
223	289	34	1
245	289	34	1
249	289	34	3
185	290	34	1
203	290	34	1
220	290	34	1
225	290	34	1
229	290	34	1
240	290	34	1
246	290	34	1
199	291	34	1
221	291	34	1
245	291	34	1
247	291	34	1
250	291	34	1
198	292	34	1
202	292	34	1
204	292	34	1
225	292	34	1
230	292	34	1
234	292	34	1
237	292	34	1
252	292	34	1
197	293	34	2
207	293	34	1
224	293	34	1
235	293	34	1
237	293	34	1
183	294	34	1
198	294	34	1
199	294	34	1
217	294	34	1
221	294	34	1
224	294	34	1
243	294	34	1
194	295	34	1
228	295	34	1
233	295	34	1
238	295	34	1
239	295	34	2
240	295	34	1
191	296	34	2
200	296	34	2
205	296	34	1
217	296	34	1
230	296	34	2
240	296	34	1
242	296	34	1
243	296	34	1
194	297	34	2
199	297	34	1
221	297	34	1
223	297	34	1
224	297	34	1
227	297	34	1
229	297	34	1
235	297	34	1
243	297	34	1
203	298	34	1
224	298	34	1
228	298	34	1
233	298	34	1
237	298	34	1
242	298	34	2
196	299	34	1
224	299	34	1
227	299	34	1
228	299	34	1
236	299	34	1
239	299	34	1
243	299	34	1
244	299	34	1
224	300	34	1
230	300	34	1
237	300	34	2
238	300	34	1
242	300	34	1
244	300	34	1
246	300	34	1
196	301	34	1
224	301	34	1
225	301	34	1
229	301	34	2
233	301	34	1
240	301	34	1
243	301	34	1
244	301	34	1
236	302	34	1
239	302	34	1
229	303	34	1
194	304	34	2
199	304	34	1
231	304	34	2
233	304	34	1
235	304	34	1
237	304	34	1
241	304	34	2
243	304	34	1
228	305	34	1
230	305	34	1
232	305	34	1
237	305	34	1
198	306	34	1
222	306	34	1
230	306	34	1
232	306	34	2
244	306	34	1
237	307	34	2
225	308	34	1
227	308	34	2
239	308	34	1
240	308	34	1
229	309	34	1
233	309	34	2
216	310	34	1
224	310	34	1
226	310	34	1
232	310	34	1
236	310	34	1
221	312	34	1
225	312	34	1
226	312	34	1
221	313	34	1
225	313	34	1
228	313	34	1
226	314	34	1
228	314	34	1
228	315	34	1
227	317	34	1
232	317	34	1
233	317	34	1
211	318	34	1
225	251	35	1
227	251	35	2
226	252	35	1
221	253	35	2
223	253	35	1
225	254	35	1
231	254	35	1
220	255	35	1
226	255	35	1
218	256	35	1
241	256	35	1
191	257	35	1
209	257	35	2
210	257	35	1
215	257	35	1
218	257	35	2
221	257	35	2
224	257	35	1
218	258	35	1
225	258	35	1
230	258	35	1
240	258	35	2
215	259	35	2
220	259	35	1
221	259	35	1
226.5	259.5	35.5	1
230	259	35	1
231	259	35	1
234	259	35	1
239	259	35	1
241	259	35	1
242	259	35	1
244	259	35	1
220	260	35	1
230	260	35	1
231	260	35	1
233	260	35	1
235	260	35	1
236	260	35	1
238	260	35	1
239	260	35	1
241	260	35	1
189	261	35	1
210	261	35	1
219	261	35	2
222	261	35	1
223	261	35	1
229	261	35	2
230	261	35	1
241	261	35	1
243	261	35	2
244	261	35	1
203	262	35	1
211	262	35	1
218	262	35	1
220	262	35	1
231	262	35	1
232	262	35	1
237	262	35	1
241	262	35	1
243	262	35	1
191	263	35	1
212	263	35	1
216	263	35	1
220	263	35	3
225	263	35	1
228	263	35	2
234	263	35	1
237	263	35	1
243	263	35	1
245	263	35	1
246	263	35	1
249	263	35	1
212	264	35	1
213	264	35	1
216	264	35	1
217	264	35	1
218	264	35	1
219	264	35	1
223	264	35	2
227	264	35	1
231	264	35	1
236	264	35	1
243	264	35	1
245	264	35	1
250	264	35	1
178	265	35	2
187	265	35	1
190	265	35	1
191	265	35	1
194	265	35	1
204	265	35	2
221	265	35	1
223	265	35	1
225	265	35	1
228	265	35	1
233	265	35	1
242	265	35	2
243	265	35	1
249	265	35	1
178	266	35	2
183	266	35	1
184	266	35	1
188	266	35	1
204	266	35	2
205	266	35	3
221	266	35	1
224	266	35	2
230	266	35	1
238	266	35	1
239	266	35	1
241	266	35	1
242	266	35	2
243	266	35	1
250	266	35	1
185	267	35	2
196	267	35	1
205	267	35	1
216	267	35	1
229	267	35	2
232	267	35	1
233	267	35	1
242	267	35	3
247	267	35	1
185	268	35	1
206	268	35	1
208	268	35	1
214	268	35	1
217	268	35	2
223	268	35	1
234	268	35	1
242	268	35	1
247	268	35	3
188	269	35	1
191	269	35	1
196	269	35	1
202	269	35	1
213	269	35	1
218	269	35	1
220	269	35	1
224	269	35	1
232	269	35	2
234	269	35	1
178	270	35	1
179	270	35	2
202	270	35	1
237	270	35	1
244	270	35	1
247	270	35	1
177	271	35	1
188	271	35	1
201	271	35	2
214	271	35	1
218	271	35	1
228	271	35	3
231	271	35	1
242	271	35	1
245	271	35	1
248	271	35	1
179	272	35	2
184	272	35	1
189	272	35	1
190	272	35	2
197	272	35	2
202	272	35	1
203	272	35	1
213	272	35	1
232	272	35	1
238	272	35	1
244	272	35	1
176	273	35	1
182	273	35	1
184	273	35	1
185	273	35	1
186	273	35	1
205	273	35	1
215	273	35	1
217	273	35	1
227	273	35	1
228	273	35	2
238	273	35	1
171	274	35	2
182	274	35	1
186	274	35	1
190	274	35	2
203	274	35	1
207	274	35	1
211	274	35	1
224	274	35	2
225	274	35	1
228	274	35	1
231	274	35	1
233	274	35	1
239	274	35	1
242	274	35	2
244	274	35	1
245	274	35	1
250	274	35	1
189	275	35	1
203	275	35	1
213	275	35	2
214	275	35	1
218	275	35	2
231	275	35	1
238	275	35	1
186	276	35	1
203	276	35	1
206	276	35	1
212	276	35	1
217	276	35	1
219	276	35	1
220	276	35	1
221	276	35	1
222	276	35	1
237	276	35	1
239	276	35	1
240	276	35	1
242	276	35	2
243	276	35	1
248	276	35	1
208	277	35	1
219	277	35	2
174	278	35	1
187	278	35	1
198	278	35	1
213	278	35	1
216	278	35	1
230	278	35	1
235	278	35	2
236	278	35	1
238	278	35	1
243	278	35	1
247	278	35	1
179	279	35	1
184	279	35	1
206	279	35	1
210	279	35	1
212	279	35	1
214	279	35	1
221	279	35	1
229	279	35	1
235	279	35	1
237	279	35	1
241	279	35	1
174	280	35	1
177	280	35	2
190	280	35	1
206	280	35	1
207	280	35	1
208	280	35	1
214	280	35	1
215	280	35	1
220	280	35	1
232	280	35	1
248	280	35	2
173	281	35	1
203	281	35	1
210	281	35	1
212	281	35	1
213	281	35	1
217	281	35	1
219	281	35	1
221	281	35	1
240	281	35	1
248	281	35	1
179	282	35	1
202	282	35	2
203	282	35	1
213	282	35	2
232	282	35	1
242	282	35	1
175	283	35	1
208	283	35	1
215	283	35	1
228	283	35	1
229	283	35	1
238	283	35	1
244	283	35	1
180	284	35	1
181	284	35	1
184	284	35	1
191	284	35	1
204	284	35	1
208	284	35	1
218	284	35	2
224	284	35	1
229	284	35	1
182	285	35	1
187	285	35	1
221	285	35	1
225	285	35	1
226	285	35	1
231	285	35	1
236	285	35	1
243	285	35	1
248	285	35	1
174	286	35	2
175	286	35	1
199	286	35	2
201	286	35	1
204	286	35	1
209	286	35	1
215	286	35	1
216	286	35	1
219	286	35	1
228	286	35	1
229	286	35	1
234	286	35	1
243	286	35	2
174	287	35	1
182	287	35	1
187	287	35	1
188	287	35	1
189	287	35	1
196	287	35	1
198	287	35	1
199	287	35	1
219	287	35	1
221	287	35	1
224	287	35	1
236	287	35	1
242	287	35	1
244	287	35	1
176	288	35	1
189	288	35	1
192	288	35	1
201	288	35	1
219	288	35	1
224	288	35	1
232	288	35	1
238	288	35	1
246	288	35	2
177	289	35	1
184	289	35	1
186	289	35	1
220	289	35	1
224	289	35	1
235	289	35	1
237	289	35	1
246	289	35	1
197	290	35	1
201	290	35	1
203	290	35	1
204	290	35	1
206	290	35	1
222	290	35	1
224	290	35	1
242	290	35	1
243	290	35	1
245	290	35	1
176	291	35	1
185	291	35	1
187	291	35	2
199	291	35	1
202	291	35	1
204	291	35	1
205	291	35	1
206	291	35	1
216	291	35	2
223	291	35	1
231	291	35	1
234	291	35	1
239	291	35	1
241	291	35	1
185	292	35	1
199	292	35	2
204	292	35	1
221	292	35	1
230	292	35	1
231	292	35	3
232	292	35	1
233	292	35	1
235	292	35	3
182	293	35	1
222	293	35	1
242	293	35	1
181	294	35	1
185	294	35	1
190	294	35	1
199	294	35	1
201	294	35	1
220	294	35	1
225	294	35	1
228	294	35	1
236	294	35	1
181	295	35	1
184	295	35	1
233	295	35	1
236	295	35	1
245	295	35	1
193	296	35	1
195	296	35	1
197	296	35	1
198	296	35	1
199	296	35	1
200	296	35	1
203	296	35	1
204	296	35	1
219	296	35	1
229	296	35	1
230	297	35	1
232	297	35	1
238	297	35	1
243	297	35	2
245	297	35	1
194	298	35	2
200	298	35	1
220	298	35	1
222	298	35	1
223	298	35	2
245	298	35	1
246	298	35	3
202	299	35	1
228	299	35	1
229	299	35	1
235	299	35	1
208	300	35	2
228	300	35	1
229	300	35	1
235	300	35	1
242	300	35	1
227	301	35	1
236	301	35	1
237	301	35	1
200	302	35	1
225	302	35	1
229	302	35	2
233	302	35	1
236	302	35	1
238	302	35	1
239	302	35	1
232	303	35	1
238	303	35	1
243	303	35	1
191	304	35	2
223	304	35	1
225	304	35	1
227	304	35	1
232	304	35	1
239	304	35	1
222	305	35	1
225	305	35	1
235	305	35	1
236	305	35	1
238	305	35	1
199	306	35	1
222	306	35	1
224	306	35	1
227	306	35	1
228	306	35	2
230	306	35	1
233	306	35	1
236	306	35	1
195	307	35	1
198	307	35	1
221	307	35	2
224	307	35	1
227	307	35	1
203	308	35	1
221	308	35	1
222	308	35	1
227	308	35	1
232	308	35	1
236	308	35	1
241	308	35	1
202	309	35	2
222	309	35	1
223	309	35	1
218	310	35	1
222	310	35	1
225	310	35	3
229	310	35	1
231	310	35	1
236	310	35	1
219	311	35	1
222	311	35	1
223	311	35	1
229	311	35	1
230	311	35	1
232	311	35	2
234	311	35	1
238	311	35	1
226	312	35	1
232	312	35	1
237	312	35	2
223	313	35	1
226	313	35	1
229	313	35	1
240	313	35	1
225	314	35	1
232	314	35	1
234	314	35	1
235	314	35	1
235	315	35	1
238	315	35	1
232	316	35	2
236	316	35	1
235	317	35	2
236	318	35	1
233	319	35	1
228	253	36	1
218	256	36	1
219	256	36	2
223	256	36	1
216	257	36	1
217	257	36	1
223	258	36	1
229	258	36	1
226	259	36	1
227	259	36	2
228	259	36	1
229	259	36	1
216	260	36	1
217	260	36	1
228	260	36	1
240	260	36	1
211	261	36	1
216	261	36	1
220	261	36	1
228	261	36	2
232	261	36	1
234	261	36	1
238	261	36	1
243	261	36	2
246	261	36	1
212	262	36	1
214	262	36	1
223	262	36	1
226	262	36	2
228	262	36	1
191	263	36	1
210	263	36	1
218	263	36	1
222	263	36	1
225	263	36	1
227	263	36	1
231	263	36	1
235	263	36	1
239	263	36	1
186	264	36	1
209	264	36	1
214	264	36	1
222	264	36	1
189	265	36	1
211	265	36	2
226	265	36	1
232	265	36	1
242	265	36	1
245	265	36	2
246	265	36	1
186	266	36	1
193	266	36	1
205	266	36	3
208	266	36	1
219	266	36	1
222	266	36	1
226	266	36	1
230	266	36	1
238	266	36	2
248	266	36	1
209	267	36	1
211	267	36	2
212	267	36	1
229	267	36	1
241	267	36	1
242	267	36	1
189	268	36	2
193	268	36	1
194	268	36	3
209	268	36	1
214	268	36	1
215	268	36	1
240	268	36	1
247	268	36	1
185	269	36	1
194	269	36	1
210	269	36	1
218	269	36	1
222	269	36	1
234	269	36	1
238	269	36	1
240	269	36	1
249	269	36	1
188	270	36	1
189	270	36	1
196	270	36	1
206	270	36	1
211	270	36	1
213	270	36	1
221	270	36	1
181	271	36	1
189	271	36	1
191	271	36	1
212	271	36	1
215	271	36	1
217	271	36	1
220	271	36	1
249	271	36	1
179	272	36	1
181	272	36	2
185	272	36	1
207	272	36	1
218	272	36	2
219	272	36	1
233	272	36	1
181	273	36	2
185	273	36	1
186	273	36	1
190	273	36	1
198	273	36	1
236	273	36	1
238	273	36	1
241	273	36	1
176	274	36	1
179	274	36	1
188	274	36	1
205	274	36	1
206	274	36	2
215	274	36	1
216	274	36	2
184	275	36	1
205	275	36	4
209	275	36	1
207	276	36	1
211	276	36	1
213	276	36	1
216	276	36	1
219	276	36	1
222	276	36	2
237	276	36	1
207	277	36	1
213	277	36	1
223	277	36	1
205	278	36	1
210	278	36	1
214	278	36	1
219	278	36	1
231	278	36	1
173	279	36	1
179	279	36	2
204	279	36	1
215	279	36	1
220	279	36	1
193	280	36	1
204	280	36	1
208	280	36	1
209	280	36	1
213	280	36	1
219	280	36	1
223	280	36	1
226	280	36	1
234	280	36	1
176	281	36	2
204	281	36	1
207	281	36	1
211	281	36	2
181	282	36	2
189	282	36	1
205	282	36	1
208	282	36	2
209	282	36	1
220	282	36	1
208	283	36	1
212	283	36	1
230	283	36	1
176	284	36	1
188	284	36	1
199	284	36	1
201	284	36	1
202	284	36	2
221	284	36	1
232	284	36	1
239	284	36	1
242	284	36	1
245	284	36	1
199	285	36	1
201	285	36	1
205	285	36	1
207	285	36	1
210	285	36	2
212	285	36	1
215	285	36	1
231	285	36	1
233	285	36	2
241	285	36	1
245	285	36	1
247	285	36	1
187	286	36	1
202	286	36	1
211	286	36	2
213	286	36	2
224	286	36	1
225	286	36	1
229	286	36	1
230	286	36	1
234	286	36	1
235	286	36	1
238	286	36	1
240	286	36	1
202	287	36	2
208	287	36	1
214	287	36	2
220	287	36	1
222	287	36	1
224	287	36	1
226	287	36	1
229	287	36	1
231	287	36	1
234	287	36	1
239	287	36	1
241	287	36	1
246	287	36	1
248	287	36	1
184	288	36	1
187	288	36	1
199	288	36	1
202	288	36	2
241	288	36	1
193	289	36	1
195	289	36	1
199	289	36	1
217	289	36	1
185	290	36	1
187	290	36	2
198	290	36	1
231	290	36	1
232	290	36	1
239	290	36	1
243	290	36	1
195	291	36	1
197	291	36	1
203	291	36	1
222	291	36	1
224	291	36	1
234	291	36	1
238	291	36	1
240	291	36	1
245	291	36	1
189	292	36	1
198	292	36	1
204	292	36	1
221	292	36	1
231	292	36	1
235	292	36	1
239	292	36	1
201	293	36	1
207	293	36	1
225	293	36	1
226	293	36	1
228	293	36	1
232	293	36	1
236	293	36	1
187	294	36	1
202	294	36	1
227	294	36	1
228	294	36	1
229	294	36	1
234	294	36	2
237	294	36	1
243	294	36	1
220	295	36	2
223	295	36	2
226	295	36	2
229	295	36	1
236	295	36	1
239	295	36	1
240	295	36	1
227	296	36	1
229	296	36	1
235	296	36	1
237	296	36	1
238	296	36	1
241	296	36	1
217	297	36	1
219	297	36	1
229	297	36	1
232	297	36	1
241	297	36	1
242	297	36	1
233	298	36	1
239	298	36	1
240	298	36	1
230	299	36	2
225	300	36	1
226	300	36	1
230	300	36	1
225	301	36	1
226	301	36	1
230	301	36	1
226	302	36	1
237	302	36	1
243	302	36	1
244	302	36	2
228	303	36	1
234	303	36	1
236	303	36	1
242	303	36	1
227	304	36	1
222	306	36	1
223	306	36	1
224	306	36	1
235	306	36	1
240	306	36	1
243	306	36	1
222	307	36	1
243	307	36	1
224	308	36	1
220	309	36	1
229	309	36	1
234	309	36	1
222	310	36	1
228	310	36	1
236	310	36	1
215	311	36	2
226	311	36	1
229	311	36	1
231	311	36	1
233	311	36	1
238	311	36	1
220	312	36	2
221	312	36	2
225	312	36	1
226	312	36	1
244	312	36	2
217	313	36	1
226	313	36	1
232	313	36	1
235	313	36	1
230	314	36	1
235	314	36	1
241	314	36	1
243	315	36	1
232	316	36	2
238	316	36	1
227	317	36	1
232	317	36	1
235	317	36	1
236	317	36	1
230	318	36	1
233	318	36	2
228	257	37	1
226	260	37	1
227	260	37	1
235	260	37	1
226	261	37	1
216	262	37	1
217	263	37	1
238	264	37	1
207	265	37	1
230	266	37	1
183	267	37	1
191	267	37	2
193	267	37	1
229	267	37	1
237	267	37	1
238	267	37	1
239	267	37	1
188	268	37	1
217	268	37	1
219	268	37	2
240	268	37	2
193	269	37	1
204	269	37	1
188	270	37	1
190	270	37	1
194	270	37	1
196	270	37	1
212	270	37	1
220	270	37	2
194	271	37	1
220	271	37	2
207	272	37	1
213	272	37	1
215	272	37	2
212	273	37	1
215	274	37	1
207	275	37	2
212	275	37	1
214	275	37	2
220	275	37	1
208	276	37	1
214	276	37	1
215	276	37	1
210	277	37	1
214	277	37	2
217	277	37	1
218	277	37	2
220	277	37	1
205	278	37	2
212	278	37	1
206	279	37	1
214	279	37	1
231	279	37	1
192	280	37	1
208	280	37	1
210	280	37	1
175	281	37	1
214	281	37	1
189	282	37	1
208	282	37	2
214	282	37	1
215	282	37	1
193	283	37	1
201	283	37	1
204	283	37	1
230	283	37	1
237	283	37	2
186	284	37	1
206	284	37	1
212	284	37	2
237	284	37	1
187	285	37	1
197	285	37	1
226	285	37	1
241	285	37	2
204	286	37	1
230	286	37	1
202	287	37	1
207	287	37	2
220	287	37	1
236	287	37	1
194	288	37	2
201	288	37	1
205	288	37	1
221	288	37	1
232	288	37	1
234	288	37	1
236	288	37	2
238	288	37	1
186	289	37	3
200	289	37	1
232	289	37	1
236	289	37	1
239	289	37	2
240	289	37	1
233	290	37	1
236	290	37	1
237	290	37	2
195	291	37	1
204	291	37	1
236	291	37	2
239	291	37	1
240	291	37	1
198	292	37	1
203	292	37	1
204	292	37	1
225	292	37	1
235	292	37	2
242	292	37	2
243	292	37	1
185	293	37	1
205	293	37	1
238	293	37	1
233	294	37	2
235	294	37	1
231	295	37	3
235	295	37	3
240	295	37	1
244	295	37	2
198	296	37	1
202	296	37	1
245	296	37	1
194	297	37	1
196	297	37	1
204	297	37	1
227	297	37	2
235	297	37	1
243	297	37	1
242	298	37	1
228	299	37	1
232	299	37	1
243	299	37	1
244	299	37	1
230	300	37	2
236	300	37	1
239	300	37	1
241	300	37	1
232	301	37	1
241	301	37	1
236	302	37	1
232	303	37	1
229	305	37	1
226	307	37	1
243	307	37	1
224	309	37	1
226	309	37	1
227	309	37	1
224	310	37	1
227	310	37	1
229	310	37	1
221	311	37	1
225	311	37	1
227	311	37	1
228	311	37	1
234	311	37	2
237	311	37	3
231	312	37	1
232	312	37	1
235	312	37	1
236	312	37	1
242	312	37	1
217	313	37	1
229	313	37	1
230	313	37	1
221	314	37	1
227	315	37	2
229	315	37	1
236	315	37	1
236	316	37	1
237	316	37	2
238	316	37	1
238	317	37	2
232	318	37	1
237	318	37	1
232	319	37	1
237	319	37	1
225	261	38	1
227	261	38	1
238	262	38	1
230	265	38	1
219	267	38	1
188	268	38	1
192	270	38	1
215	271	38	1
216	271	38	1
217	271	38	1
218	272	38	2
215	273	38	1
212	274	38	2
215	274	38	1
189	275	38	1
191	276	38	1
194	277	38	1
205	277	38	1
207	277	38	1
209	277	38	1
219	277	38	1
211	278	38	1
213	278	38	1
217	278	38	1
221	278	38	1
222	278	38	1
230	278	38	1
206	279	38	1
210	279	38	2
212	279	38	1
214	279	38	1
217	279	38	2
190	281	38	1
191	281	38	1
210	281	38	1
212	281	38	1
216	281	38	1
192	282	38	1
193	282	38	1
210	282	38	1
222	282	38	1
223	282	38	1
216	283	38	2
219	283	38	1
199	284	38	1
214	284	38	1
216	284	38	1
191	285	38	1
195	285	38	1
202	285	38	2
204	285	38	1
188	286	38	1
193	286	38	2
205	286	38	1
206	286	38	2
211	286	38	1
218	286	38	1
221	286	38	2
207	287	38	2
217	287	38	1
219	287	38	1
232	287	38	1
205	288	38	1
206	288	38	1
209	288	38	2
219	288	38	1
235	288	38	1
185	289	38	1
187	289	38	1
195	289	38	2
215	289	38	2
198	290	38	2
206	290	38	1
207	290	38	1
238	290	38	1
197	291	38	1
202	291	38	1
204	291	38	1
222	291	38	1
223	291	38	2
232	291	38	2
189	292	38	1
192	292	38	1
201	292	38	1
207	292	38	1
229	292	38	1
232	292	38	2
197	293	38	1
200	293	38	2
206	293	38	1
224	293	38	1
226	293	38	1
230	293	38	1
231	293	38	2
233	293	38	1
240	293	38	1
210	294	38	1
212	294	38	1
217	294	38	1
226	294	38	1
235	294	38	1
237	294	38	2
240	294	38	1
242	294	38	1
203	295	38	1
204	295	38	1
216	295	38	1
221	295	38	2
231	295	38	1
234	295	38	1
235	295	38	1
237	295	38	1
198	296	38	1
201	296	38	1
202	296	38	1
205	296	38	1
207	296	38	1
232	296	38	1
235	296	38	1
239	296	38	1
195	297	38	1
205	297	38	1
231	297	38	1
236	297	38	1
239	297	38	1
243	297	38	1
244	297	38	1
227	298	38	1
230	298	38	1
233	298	38	1
234	298	38	1
237	298	38	1
203	299	38	1
226	299	38	1
229	299	38	1
235	299	38	1
237	299	38	1
239	299	38	1
234	300	38	1
240	300	38	1
234	301	38	1
226	302	38	1
228	302	38	1
234	302	38	2
227	303	38	1
229	303	38	1
233	303	38	1
225	304	38	1
228	304	38	2
229	304	38	1
231	304	38	1
210	306	38	1
229	306	38	2
242	306	38	1
246	306	38	1
225	307	38	1
227	307	38	1
237	307	38	1
241	307	38	1
239	308	38	1
241	308	38	2
195	309	38	1
224	309	38	1
226	309	38	1
227	309	38	1
217	310	38	1
236	310	38	1
224	311	38	1
225	311	38	1
226	311	38	1
237	311	38	1
227	312	38	2
241	312	38	1
242	312	38	1
216	313	38	1
222	313	38	1
235	313	38	1
241	313	38	1
221	314	38	1
236	314	38	1
237	314	38	1
238	314	38	2
239	314	38	1
240	314	38	1
241	314	38	1
214	315	38	1
225	315	38	1
235	315	38	1
238	315	38	1
239	315	38	1
241	315	38	1
226	316	38	1
234	316	38	1
240	316	38	1
219	317	38	1
221	317	38	1
232	317	38	1
240	317	38	1
220	318	38	1
230	318	38	1
233	318	38	1
236	318	38	1
243	318	38	2
218	319	38	1
242	319	38	1
229	320	38	1
230	320	38	1
233	320	38	1
229	321	38	1
220	322	38	1
237	265	39	1
215	273	39	1
213	274	39	1
216	275	39	1
204	277	39	1
208	278	39	1
216	279	39	1
221	280	39	1
204	281	39	1
217	281	39	1
212	282	39	1
226	282	39	1
191	283	39	1
203	283	39	1
237	283	39	1
193	284	39	1
205	284	39	1
216	284	39	1
191	285	39	1
206	286	39	1
207	287	39	2
239	287	39	1
195	288	39	1
224	288	39	1
190	289	39	1
191	289	39	1
203	289	39	2
195	290	39	1
200	290	39	1
210	290	39	1
215	290	39	1
218	290	39	2
238	290	39	1
191	291	39	2
207	291	39	1
222	291	39	1
240	291	39	1
212	292	39	1
221	292	39	1
232	292	39	1
234	292	39	1
235	292	39	1
237	292	39	2
242	292	39	1
200	293	39	1
222	293	39	1
225	293	39	1
228	294	39	1
230	294	39	2
234	294	39	2
237	294	39	1
242	294	39	1
223	295	39	1
225	295	39	2
234	295	39	1
200	296	39	1
202	296	39	1
213	296	39	1
219	296	39	2
228	296	39	1
236	296	39	1
237	296	39	1
194	297	39	1
200	297	39	1
204	297	39	1
216	297	39	1
233	297	39	1
235	297	39	1
236	297	39	1
241	297	39	1
200	298	39	1
203	298	39	1
215	298	39	2
219	298	39	1
228	298	39	2
232	298	39	1
242	298	39	1
224	299	39	1
226	299	39	1
228	299	39	1
229	299	39	1
230	299	39	1
233	299	39	1
237	299	39	2
231	300	39	1
224	301	39	1
227	301	39	1
229	301	39	1
238	301	39	2
231	302	39	1
233	302	39	2
227	303	39	1
230	303	39	1
233	303	39	1
235	303	39	1
225	304	39	1
227	304	39	1
243	304	39	1
224	305	39	1
230	305	39	2
211	306	39	1
224	306	39	1
240	306	39	1
241	306	39	2
242	306	39	1
198	307	39	1
213	307	39	1
225	307	39	1
226	307	39	1
194	308	39	1
221	308	39	1
226	308	39	1
229	308	39	1
242	308	39	1
243	308	39	1
212	309	39	1
218	309	39	1
223	309	39	1
234	309	39	1
235	309	39	1
195	310	39	1
220	310	39	1
221	310	39	1
222	310	39	2
206	311	39	1
218	311	39	1
222	311	39	1
227	311	39	1
228	311	39	2
229	311	39	1
231	311	39	2
232	311	39	1
236	311	39	1
211	312	39	1
218	312	39	1
229	312	39	1
242	312	39	1
217	313	39	1
219	313	39	1
220	313	39	1
225	313	39	1
230	313	39	1
217	314	39	1
218	314	39	1
219	314	39	1
227	314	39	1
235	314	39	1
236	314	39	1
239	314	39	1
241	314	39	1
242	314	39	1
229	315	39	1
240	315	39	1
242	316	39	2
225	317	39	1
232	317	39	1
236	317	39	1
244	317	39	2
240	319	39	1
214	320	39	1
226	320	39	1
231	320	39	1
238	320	39	1
230	321	39	1
232	321	39	1
234	322	39	1
234	323	39	1
212	325	39	1
197	284	40	1
206	286	40	1
194	287	40	2
204	287	40	1
193	288	40	1
211	290	40	1
191	291	40	1
206	291	40	1
208	291	40	1
192	292	40	2
199	292	40	1
206	292	40	2
209	292	40	1
242	292	40	1
192	293	40	1
209	293	40	2
229	293	40	1
228	294	40	1
238	294	40	1
204	295	40	1
234	295	40	2
241	295	40	1
200	296	40	1
211	296	40	1
235	296	40	1
216	297	40	1
221	297	40	1
215	298	40	1
222	298	40	1
223	298	40	1
229	298	40	1
230	298	40	1
235	298	40	3
199	299	40	2
230	299	40	1
236	299	40	1
212	300	40	1
232	302	40	1
237	302	40	1
234	303	40	1
241	303	40	1
225	306	40	1
230	306	40	1
239	306	40	1
227	307	40	1
228	307	40	1
234	307	40	1
241	307	40	1
240	308	40	1
241	308	40	1
203	309	40	1
215	309	40	1
223	309	40	1
228	309	40	1
233	309	40	1
241	310	40	1
242	310	40	1
219	311	40	1
220	311	40	1
221	311	40	1
216	312	40	1
219	312	40	1
221	312	40	1
229	312	40	1
235	312	40	1
215	313	40	1
216	313	40	1
223	313	40	1
235	313	40	1
241	313	40	2
220	314	40	2
236	314	40	1
238	314	40	1
242	314	40	1
220	316	40	1
221	316	40	1
207	317	40	1
219	317	40	2
235	317	40	2
242	317	40	1
236	318	40	1
241	318	40	2
232	319	40	1
238	319	40	2
225	320	40	2
240	320	40	1
230	322	40	2
231	322	40	1
212	324	40	2
212	325	40	1
213	329	40	1
193	280	41	1
197	282	41	1
209	294	41	1
225	294	41	1
199	296	41	2
231	300	41	1
235	300	41	1
235	301	41	1
229	305	41	1
231	305	41	1
228	306	41	1
211	308	41	1
224	308	41	1
225	308	41	1
226	308	41	1
239	308	41	2
243	308	41	1
196	309	41	1
220	309	41	1
224	309	41	1
239	309	41	2
220	310	41	1
221	310	41	1
239	310	41	1
220	311	41	1
221	311	41	1
236	311	41	1
241	311	41	1
223	313	41	1
241	313	41	1
245	313	41	1
221	314	41	1
238	314	41	1
239	314	41	1
230	315	41	2
238	315	41	1
221	316	41	1
240	316	41	1
241	316	41	1
243	316	41	1
249	316	41	1
240	317	41	1
223	319	41	1
243	319	41	3
241	320	41	1
230	322	41	1
231	322	41	1
230	323	41	1
236	323	41	1
213	302	42	1
221	302	42	1
223	302	42	1
222	303	42	1
212	305	42	1
227	305	42	1
229	305	42	1
220	306	42	1
223	306	42	1
239	306	42	1
240	308	42	1
241	308	42	1
220	309	42	1
224	309	42	1
226	309	42	1
238	310	42	1
221	311	42	1
223	311	42	2
236	311	42	1
240	311	42	2
218	312	42	1
220	312	42	1
222	312	42	2
242	312	42	1
243	312	42	1
217	313	42	1
226	313	42	1
244	313	42	1
226	314	42	1
226	315	42	1
225	316	42	1
226	316	42	1
240	316	42	1
221	317	42	1
219	318	42	2
229	318	42	1
231	318	42	1
243	318	42	2
245	318	42	2
246	318	42	1
204	319	42	1
228	319	42	1
231	320	42	1
239	321	42	1
225	303	43	1
219	304	43	2
220	305	43	1
221	307	43	1
211	308	43	1
220	309	43	1
219	311	43	1
221	311	43	1
234	311	43	1
236	311	43	1
211	312	43	1
219	312	43	1
242	312	43	3
238	313	43	2
238	314	43	1
223	315	43	2
223	316	43	2
241	316	43	1
238	317	43	1
218	318	43	1
229	318	43	1
227	319	43	1
226	322	43	1
223	308	44	1
220	309	44	1
211	310	44	1
225	311	44	2
229	313	44	1
237	314	44	1
230	315	44	1
238	315	44	1
204	316	44	1
222	316	44	1
225	317	44	1
230	318	44	1
223	319	44	1
242	319	44	1
226	320	44	1
231	320	44	1
224	321	44	1
222	317	45	1
132	221	20	1
178	222	20	1
175	223	20	1
133	224	20	1
156	224	20	1
175	224	20	1
157	225	20	1
115	226	20	1
155	227	20	1
189	227	20	1
112	228	20	1
128	228	20	1
196	228	20	1
197	228	20	1
153	229	20	1
160	229	20	1
204	230	20	1
116	231	20	1
177	231	20	1
137	232	20	1
130	233	20	1
135	234	20	1
154	234	20	2
126	235	20	1
129	235	20	1
136	235	20	1
137	235	20	1
158	235	20	1
206	235	20	2
216	235	20	1
222	235	20	1
139	236	20	1
146	236	20	2
159	236	20	1
129	237	20	1
146	237	20	1
173	237	20	2
204	237	20	1
168	238	20	1
213	238	20	1
128	239	20	1
139	239	20	1
144	239	20	1
151	239	20	1
160	239	20	1
149	240	20	1
214	240	20	1
135	241	20	2
128	242	20	1
132	242	20	1
136	242	20	1
150	242	20	1
183	242	20	1
140	243	20	1
181	243	20	1
213	243	20	1
111	245	20	1
176	245	20	1
183	245	20	1
241	245	20	1
130	246	20	1
149	246	20	1
246	246	20	2
102	247	20	1
137	247	20	1
139	247	20	2
114	248	20	1
102	249	20	1
143	249	20	2
167	249	20	1
194	249	20	1
215	249	20	1
162	250	20	1
218	251	20	2
251	251	20	1
175	252	20	1
212	252	20	1
139	253	20	1
140	253	20	1
175	253	20	1
127	254	20	2
228	254	20	1
244	254	20	1
143	255	20	1
198	255	20	2
128	256	20	1
145	256	20	1
198	256	20	1
204	256	20	1
205	256	20	1
146	257	20	1
170	257	20	1
175	257	20	2
228	257	20	1
230	257	20	1
243	257	20	2
251	257	20	1
233	258	20	2
166	259	20	1
229	259	20	1
134	260	20	1
142	260	20	1
200	260	20	1
141	261	20	1
163	261	20	2
215	261	20	1
228	261	20	1
118	262	20	2
144	262	20	1
225	262	20	1
254	262	20	1
105	264	20	1
136	264	20	1
146	264	20	1
220	264	20	1
221	264	20	1
147	265	20	1
166	265	20	1
218	265	20	1
232	265	20	2
158	266	20	3
118	267	20	1
132	267	20	1
262	267	20	1
145	268	20	1
146	268	20	1
162	268	20	1
209	268	20	1
212	268	20	1
216	268	20	1
118	269	20	1
149	269	20	1
159	269	20	1
197	269	20	1
246	269	20	1
114	270	20	1
155	270	20	1
177	270	20	1
145	271	20	1
165	271	20	1
266	271	20	1
268	271	20	1
115	272	20	1
120	272	20	1
166	272	20	1
174	272	20	1
167	273	20	1
176	273	20	1
211	273	20	1
217	273	20	1
220	273	20	2
170	274	20	1
174	274	20	1
214	274	20	1
134	275	20	1
147	275	20	1
174	275	20	2
177	275	20	1
200	275	20	1
235	275	20	1
236	275	20	1
110	276	20	1
155	276	20	1
158	276	20	1
163	276	20	1
171	277	20	1
219	277	20	1
220	277	20	1
226	277	20	1
249	277	20	1
260	277	20	1
129	278	20	1
137	278	20	1
160	278	20	1
170	278	20	1
176	278	20	1
269	278	20	1
177	279	20	1
200	279	20	1
218	279	20	2
224	279	20	1
234	279	20	1
241	279	20	1
269	279	20	1
125	280	20	1
197	280	20	1
256	280	20	1
169	281	20	1
162	282	20	1
203	282	20	1
165	283	20	2
170	283	20	1
189	283	20	1
272	283	20	1
149	284	20	1
153	284	20	1
141	285	20	1
230	285	20	1
271	286	20	1
261	287	20	1
162	288	20	1
170	288	20	1
196	288	20	1
218	288	20	1
224	288	20	1
238	288	20	1
124	289	20	1
143	289	20	1
149	289	20	1
164	289	20	1
201	289	20	1
217	289	20	1
250	290	20	1
149	291	20	1
151	291	20	1
163	291	20	1
227	291	20	1
262	291	20	1
112	292	20	1
207	292	20	1
219	292	20	1
242	292	20	2
264	292	20	2
117	293	20	1
134	293	20	1
261	293	20	1
141	294	20	1
214	294	20	1
219	294	20	1
116	295	20	1
173	295	20	1
145	296	20	1
170	296	20	2
249	297	20	1
123	298	20	1
203	298	20	2
269	298	20	1
156	299	20	1
243	299	20	1
264	299	20	2
191	300	20	1
266	300	20	1
114	301	20	1
186	301	20	1
126	302	20	1
167	302	20	1
206	302	20	1
252	302	20	1
264	302	20	1
127	303	20	1
141	303	20	1
150	303	20	1
194	303	20	1
266	303	20	1
157	304	20	1
208	305	20	3
127	306	20	1
132	306	20	1
136	306	20	1
146	306	20	1
240	306	20	1
246	306	20	2
100	307	20	1
124	307	20	1
229	307	20	1
171	308	20	2
235	308	20	1
249	308	20	1
201	309	20	1
224	309	20	1
238	309	20	1
239	309	20	1
178	310	20	1
107	311	20	1
246	311	20	1
264	311	20	1
93	312	20	1
100	312	20	1
209	312	20	1
174	313	20	1
229	313	20	1
241	313	20	1
250	313	20	1
142	314	20	1
180	314	20	1
207	314	20	1
210	314	20	1
124	315	20	1
169	315	20	1
194	315	20	1
198	315	20	2
256	315	20	1
119	316	20	1
177	316	20	1
198	316	20	1
257	316	20	1
145	317	20	1
152	317	20	1
172	317	20	1
232	317	20	1
233	317	20	1
242	317	20	1
251	317	20	1
113	318	20	1
117	318	20	1
133	318	20	1
198	318	20	1
256	318	20	2
258	318	20	1
261	318	20	1
100	319	20	1
233	319	20	1
237	319	20	1
141	320	20	1
204	320	20	2
241	320	20	1
243	320	20	1
250	320	20	1
259	320	20	1
140	321	20	2
183	321	20	1
197	321	20	1
210	321	20	1
213	321	20	1
256	321	20	1
185	322	20	1
187	322	20	1
198	322	20	1
200	322	20	2
99	323	20	1
177	323	20	1
194	323	20	1
236	323	20	2
237	323	20	1
188	324	20	1
193	324	20	1
194	324	20	1
200	324	20	1
111	325	20	1
126	325	20	1
181	325	20	1
196	325	20	1
228	325	20	1
259	325	20	2
130	326	20	1
191	326	20	1
196	326	20	1
211	326	20	1
240	326	20	1
102	327	20	1
189	327	20	1
190	327	20	1
212	327	20	1
228	327	20	1
106	329	20	1
169	329	20	1
180	329	20	1
221	329	20	1
97	330	20	1
124	330	20	1
131	330	20	1
118	331	20	1
136	331	20	1
145	331	20	2
179	331	20	1
255	331	20	1
104	332	20	1
192	332	20	1
226	332	20	1
161	333	20	1
174	333	20	2
175	333	20	2
261	333	20	1
158	334	20	2
160	334	20	1
183	334	20	1
205	334	20	1
207	334	20	1
256	334	20	1
134	336	20	1
188	336	20	1
199	336	20	1
205	336	20	1
224	336	20	1
230	336	20	1
173	338	20	1
226	338	20	1
214	341	20	1
230	341	20	1
173	342	20	1
219	343	20	1
243	343	20	1
161	344	20	1
243	345	20	1
213	346	20	1
243	346	20	1
201	347	20	1
190	349	20	1
221	350	20	1
203	351	20	1
170	354	20	1
200	355	20	1
229	356	20	1
207	357	20	1
211	358	20	1
191	359	20	1
173	360	20	1
175	225	21	1
183	226	21	1
182	228	21	1
154	230	21	1
141	235	21	1
132	236	21	1
133	236	21	1
132	237	21	1
138	237	21	1
154	237	21	2
172	237	21	1
131	238	21	1
132	238	21	1
151	238	21	1
131	239	21	2
135	239	21	1
126	240	21	1
138	240	21	2
150	240	21	1
171	240	21	1
190	240	21	1
214	240	21	1
132	241	21	1
147	241	21	1
152	241	21	1
174	241	21	1
215	242	21	1
116	243	21	1
213	243	21	1
116	245	21	2
149	245	21	1
194	245	21	1
137	246	21	2
197	247	21	1
232	247	21	1
131	250	21	1
217	250	21	1
217	251	21	2
220	251	21	1
201	252	21	1
154	253	21	1
223	254	21	1
228	254	21	1
252	258	21	1
231	260	21	1
201	261	21	1
163	262	21	1
189	262	21	1
163	264	21	1
181	264	21	1
135	265	21	1
162	265	21	1
162	267	21	2
155	268	21	1
124	269	21	1
208	269	21	1
115	271	21	1
149	272	21	1
163	272	21	1
120	273	21	1
122	273	21	1
151	273	21	1
178	273	21	2
224	274	21	1
265	274	21	1
119	277	21	2
169	277	21	2
174	277	21	1
171	278	21	2
167	280	21	1
174	280	21	1
204	280	21	1
205	280	21	1
218	280	21	1
175	281	21	1
224	282	21	1
224	284	21	2
237	285	21	1
223	289	21	1
225	289	21	1
220	290	21	1
194	294	21	1
218	294	21	1
235	294	21	1
217	295	21	1
218	295	21	1
245	295	21	1
193	296	21	1
239	300	21	1
267	300	21	1
269	301	21	1
236	302	21	1
211	303	21	1
239	303	21	1
240	303	21	2
186	304	21	1
266	304	21	1
210	305	21	1
181	306	21	1
231	308	21	2
264	308	21	2
100	309	21	1
129	309	21	1
200	309	21	2
209	309	21	1
239	309	21	1
114	310	21	1
166	310	21	1
257	310	21	1
261	313	21	1
182	314	21	1
237	314	21	1
260	314	21	2
179	315	21	1
181	316	21	2
256	316	21	1
178	317	21	1
257	317	21	1
264	317	21	1
146	318	21	1
182	318	21	2
184	319	21	1
258	320	21	1
167	321	21	1
183	321	21	1
187	321	21	1
187	322	21	1
181	323	21	1
201	323	21	1
141	324	21	1
187	324	21	1
195	325	21	2
94	327	21	1
147	328	21	1
99	329	21	1
157	329	21	1
131	330	21	1
228	330	21	1
141	331	21	2
183	331	21	1
230	331	21	1
257	331	21	1
138	332	21	1
181	332	21	1
259	333	21	1
223	334	21	1
259	334	21	1
177	336	21	1
175	337	21	1
177	337	21	1
240	338	21	1
177	340	21	1
215	341	21	1
244	344	21	1
241	345	21	1
236	348	21	1
173	349	21	1
231	350	21	1
179	360	21	1
195	361	21	1
191	364	21	1
154	228	22	1
136	235	22	1
139	236	22	1
129	238	22	1
141	238	22	1
141	239	22	1
216	239	22	1
125	240	22	1
139	241	22	1
153	241	22	2
144	242	22	1
139	243	22	1
145	244	22	1
217	250	22	1
224	253	22	1
226	254	22	1
161	255	22	1
232	259	22	1
160	264	22	1
163	264	22	2
120	267	22	1
157	268	22	1
158	268	22	1
195	268	22	1
155	269	22	1
121	270	22	1
127	270	22	1
176	271	22	2
181	271	22	1
177	273	22	1
226	273	22	1
156	274	22	1
165	275	22	1
177	275	22	1
177	276	22	1
169	278	22	1
190	278	22	1
178	279	22	1
224	280	22	1
167	282	22	2
175	282	22	1
202	284	22	1
219	292	22	1
217	297	22	1
268	297	22	1
212	303	22	1
266	303	22	1
210	304	22	1
258	305	22	1
238	306	22	2
204	307	22	1
262	307	22	2
260	308	22	1
204	310	22	1
259	310	22	1
264	311	22	1
176	312	22	1
236	314	22	1
263	315	22	1
260	318	22	2
180	319	22	1
182	321	22	1
185	323	22	1
182	324	22	1
200	324	22	1
146	325	22	1
215	325	22	1
260	326	22	1
94	331	22	1
178	334	22	1
180	334	22	1
176	335	22	1
244	344	22	1
180	360	22	1
158	226	23	1
158	231	23	1
144	233	23	1
143	234	23	1
140	235	23	1
143	235	23	1
144	235	23	1
146	235	23	1
133	237	23	1
214	237	23	1
130	238	23	1
138	238	23	1
145	238	23	1
130	240	23	1
140	241	23	1
150	241	23	1
138	242	23	2
146	242	23	1
149	242	23	1
213	242	23	1
214	243	23	1
223	253	23	1
231	255	23	1
193	257	23	1
122	264	23	1
124	266	23	1
162	267	23	1
127	268	23	1
165	270	23	1
165	273	23	1
226	274	23	1
224	275	23	1
166	277	23	1
176	277	23	1
175	279	23	1
176	280	23	1
170	281	23	1
271	286	23	1
220	291	23	1
222	291	23	1
271	292	23	1
266	293	23	2
269	293	23	1
271	293	23	1
215	296	23	1
266	298	23	1
269	298	23	1
190	299	23	1
215	299	23	1
181	307	23	1
241	308	23	1
261	308	23	1
266	308	23	1
234	311	23	1
260	311	23	1
203	312	23	1
263	312	23	1
259	315	23	1
265	315	23	1
264	316	23	1
256	317	23	2
166	319	23	2
256	321	23	1
185	323	23	1
182	325	23	1
183	326	23	1
94	328	23	1
96	329	23	1
201	331	23	1
260	332	23	1
192	334	23	2
175	336	23	2
242	345	23	1
176	358	23	1
180	223	24	1
181	223	24	1
182	223	24	1
157	226	24	2
178	226	24	1
156	229	24	2
157	229	24	1
135	234	24	1
135	235	24	1
136	236	24	1
137	236	24	1
151	236	24	1
138	237	24	1
150	238	24	1
142	239	24	1
137	240	24	1
132	241	24	1
144	241	24	1
134	243	24	1
139	243	24	1
141	246	24	1
230	249	24	1
163	256	24	1
194	257	24	1
197	257	24	1
118	260	24	1
225	260	24	1
120	261	24	1
198	261	24	1
199	261	24	1
117	262	24	1
115	263	24	1
117	263	24	1
117	264	24	1
119	264	24	1
163	264	24	1
120	265	24	1
124	265	24	1
127	265	24	1
165	267	24	1
127	268	24	1
162	269	24	1
127	270	24	1
182	273	24	1
167	275	24	1
220	277	24	1
179	278	24	2
270	290	24	1
275	290	24	1
222	291	24	1
194	294	24	1
271	295	24	1
240	302	24	1
266	302	24	1
206	306	24	1
235	308	24	1
257	309	24	1
240	310	24	1
206	311	24	1
235	311	24	1
257	311	24	1
238	313	24	1
234	314	24	1
260	314	24	1
172	316	24	1
185	317	24	1
253	319	24	1
260	321	24	1
182	325	24	1
185	325	24	2
185	326	24	1
261	326	24	1
97	330	24	1
103	330	24	1
132	330	24	1
257	332	24	1
181	336	24	2
161	228	25	1
136	235	25	1
133	237	25	1
249	237	25	1
133	239	25	1
134	239	25	1
132	240	25	1
134	240	25	1
226	241	25	1
227	243	25	1
135	246	25	1
229	249	25	1
136	253	25	1
121	258	25	1
198	259	25	1
122	261	25	2
126	265	25	1
128	266	25	1
181	271	25	1
170	278	25	1
173	278	25	1
177	279	25	1
176	281	25	1
271	291	25	1
268	292	25	1
269	296	25	1
268	297	25	1
268	299	25	1
240	301	25	1
234	305	25	1
233	306	25	2
264	307	25	1
232	308	25	1
260	310	25	1
206	311	25	1
260	311	25	1
230	312	25	1
260	313	25	1
209	314	25	1
262	314	25	1
261	317	25	1
259	318	25	1
261	318	25	1
258	321	25	1
258	327	25	1
183	222	26	2
178	226	26	1
142	233	26	1
144	233	26	1
152	234	26	1
139	235	26	2
145	235	26	1
250	235	26	1
248	237	26	1
137	238	26	1
131	239	26	1
242	239	26	1
131	241	26	1
134	245	26	1
137	245	26	1
224	249	26	1
121	257	26	1
125	266	26	1
123	267	26	1
120	268	26	1
126	268	26	1
124	271	26	1
171	276	26	1
178	277	26	1
163	279	26	1
176	280	26	1
169	281	26	1
175	283	26	1
274	284	26	2
267	298	26	1
259	311	26	1
208	313	26	1
259	313	26	1
257	316	26	1
241	320	26	1
241	321	26	1
240	322	26	1
183	222	27	1
179	226	27	1
161	232	27	1
163	232	27	1
164	232	27	1
164	233	27	1
152	234	27	1
153	234	27	1
137	236	27	1
249	236	27	1
139	238	27	1
241	238	27	1
132	239	27	1
182	239	27	2
242	239	27	1
134	243	27	1
194	247	27	1
226	252	27	1
125	255	27	1
120	256	27	1
165	282	27	1
175	282	27	1
271	283	27	1
173	284	27	2
168	285	27	1
177	294	27	1
240	308	27	2
209	311	27	1
213	313	27	1
212	314	27	1
209	315	27	1
240	320	27	1
236	324	27	1
186	360	27	2
165	231	28	1
153	235	28	1
138	236	28	1
143	236	28	1
136	237	28	1
137	237	28	1
242	237	28	1
248	237	28	1
246	238	28	1
134	240	28	1
249	243	28	1
193	246	28	1
124	255	28	1
124	256	28	1
126	270	28	2
127	271	28	1
134	276	28	1
129	277	28	1
175	279	28	1
172	280	28	1
177	280	28	1
174	281	28	1
177	282	28	1
275	283	28	1
176	284	28	1
274	284	28	1
169	285	28	1
275	285	28	1
232	304	28	1
236	305	28	1
222	310	28	2
204	313	28	1
209	315	28	1
259	316	28	1
240	317	28	2
262	317	28	1
239	321	28	1
96	327	28	2
133	328	28	2
218	360	28	1
116	223	29	1
171	231	29	1
160	233	29	1
164	233	29	2
191	236	29	2
250	237	29	1
183	239	29	1
179	240	29	1
180	241	29	1
185	241	29	1
235	242	29	1
193	243	29	1
234	243	29	1
236	243	29	1
235	244	29	1
191	245	29	1
128	254	29	1
261	268	29	1
121	272	29	1
168	273	29	2
128	274	29	1
175	281	29	1
276	281	29	1
175	282	29	1
276	283	29	1
164	284	29	1
177	285	29	1
168	286	29	1
175	295	29	1
204	307	29	1
208	312	29	1
212	312	29	2
211	314	29	1
245	315	29	1
241	316	29	1
259	317	29	1
243	319	29	1
127	327	29	1
130	329	29	1
93	330	29	1
97	331	29	2
220	360	29	1
114	226	30	1
197	235	30	1
172	239	30	1
181	239	30	1
178	240	30	1
178	241	30	1
181	242	30	1
189	242	30	1
193	244	30	1
191	245	30	1
126	256	30	1
250	257	30	1
129	259	30	1
128	265	30	1
262	267	30	2
259	269	30	1
137	270	30	1
139	271	30	1
124	272	30	1
165	272	30	1
168	273	30	1
275	282	30	1
164	284	30	1
275	284	30	1
275	285	30	1
163	286	30	1
165	287	30	1
177	296	30	1
194	305	30	1
198	307	30	1
204	310	30	1
249	310	30	2
225	313	30	1
96	333	30	1
97	333	30	1
218	359	30	1
220	363	30	1
185	240	31	1
175	241	31	1
185	241	31	1
176	243	31	1
186	245	31	2
124	256	31	1
126	256	31	2
128	256	31	1
259	265	31	1
257	266	31	1
126	268	31	1
129	269	31	1
123	270	31	1
129	271	31	1
164	271	31	1
132	272	31	1
142	273	31	1
141	275	31	1
166	275	31	1
259	280	31	2
159	282	31	1
166	284	31	1
276	284	31	1
162	285	31	1
165	285	31	1
276	285	31	1
162	286	31	1
163	287	31	1
166	288	31	1
172	292	31	1
206	307	31	1
205	308	31	1
206	319	31	1
242	322	31	1
94	329	31	1
98	329	31	2
132	329	31	1
94	330	31	1
96	331	31	1
97	334	31	1
186	349	31	1
114	226	32	1
181	242	32	1
188	242	32	1
194	243	32	1
176	244	32	1
181	244	32	1
190	244	32	1
181	245	32	1
186	245	32	1
188	245	32	1
175	247	32	1
130	263	32	1
126	265	32	1
259	265	32	1
129	267	32	1
126	268	32	1
124	269	32	1
126	269	32	1
129	269	32	1
130	269	32	1
165	274	32	1
260	277	32	1
159	279	32	1
261	280	32	1
276	282	32	1
163	285	32	1
194	308	32	1
195	308	32	1
112	309	32	1
210	309	32	1
200	312	32	1
203	312	32	1
246	312	32	1
112	313	32	2
225	313	32	1
243	316	32	1
246	316	32	1
211	320	32	1
97	328	32	1
97	330	32	1
204	333	32	1
96	334	32	1
189	347	32	1
180	352	32	1
220	363	32	1
113	225	33	1
112	228	33	2
175	243	33	1
194	244	33	1
178	245	33	1
185	245	33	1
190	245	33	1
134	253	33	2
134	255	33	1
149	255	33	1
252	258	33	1
252	259	33	1
158	261	33	2
256	261	33	1
130	262	33	2
130	263	33	1
169	263	33	1
126	264	33	1
260	264	33	1
126	266	33	1
128	266	33	1
128	267	33	1
261	267	33	1
127	270	33	1
159	276	33	1
163	278	33	2
262	279	33	1
261	281	33	1
160	283	33	1
161	284	33	1
161	286	33	2
121	300	33	1
117	301	33	2
190	308	33	1
190	309	33	1
193	310	33	1
114	311	33	1
191	311	33	2
194	311	33	1
199	311	33	1
196	312	33	1
207	314	33	1
201	319	33	1
201	321	33	1
238	321	33	1
243	322	33	1
98	329	33	1
196	331	33	1
204	333	33	1
212	344	33	1
187	348	33	1
188	348	33	2
180	349	33	1
177	353	33	1
181	353	33	1
114	227	34	1
139	234	34	1
139	239	34	1
139	242	34	1
199	245	34	2
134	253	34	1
131	254	34	1
131	255	34	1
138	256	34	2
139	256	34	1
143	256	34	1
151	256	34	1
130	258	34	1
137	258	34	1
147	259	34	1
127	263	34	1
261	264	34	1
262	267	34	1
266	267	34	1
128	268	34	1
126	270	34	1
262	270	34	2
266	270	34	1
157	272	34	1
157	274	34	1
162	275	34	1
158	276	34	1
262	276	34	1
165	277	34	1
158	279	34	1
262	279	34	1
261	281	34	1
162	283	34	1
165	283	34	1
122	290	34	1
120	296	34	1
120	297	34	1
121	297	34	1
122	297	34	1
165	297	34	1
118	301	34	1
118	302	34	2
119	304	34	1
116	305	34	1
177	305	34	1
182	306	34	1
244	309	34	1
252	311	34	1
110	312	34	1
191	312	34	1
197	312	34	1
198	312	34	1
198	313	34	1
113	316	34	1
242	316	34	1
244	316	34	1
241	318	34	1
201	321	34	1
199	322	34	2
200	322	34	1
242	322	34	1
242	324	34	1
94	328	34	1
100	329	34	1
98	333	34	1
126	333	34	1
194	333	34	1
197	334	34	1
201	334	34	1
194	335	34	1
215	337	34	1
191	340	34	1
195	347	34	1
186	348	34	1
215	348	34	1
208	349	34	1
187	350	34	1
185	351	34	1
205	352	34	1
116	228	35	1
139	237	35	2
138	241	35	1
139	241	35	1
176	245	35	1
135	253	35	1
149	253	35	1
137	254	35	1
134	257	35	1
258	259	35	1
127	260	35	1
143	260	35	1
126	262	35	1
131	263	35	2
132	263	35	2
157	264	35	1
130	269	35	1
158	272	35	1
160	272	35	1
163	272	35	1
142	273	35	1
161	275	35	1
163	276	35	2
261	277	35	1
161	278	35	1
162	278	35	1
164	280	35	1
261	282	35	1
126	283	35	1
161	283	35	2
123	285	35	1
146	285	35	1
121	294	35	1
122	295	35	1
255	295	35	1
120	298	35	1
121	298	35	1
171	299	35	1
118	302	35	1
118	304	35	1
119	304	35	1
117	306	35	1
116	307	35	1
176	307	35	1
188	308	35	1
188	309	35	1
196	309	35	1
114	311	35	2
199	312	35	2
111	313	35	1
108	316	35	1
124	316	35	1
244	316	35	1
109	317	35	1
126	317	35	1
122	319	35	1
124	320	35	1
189	333	35	1
198	333	35	1
186	335	35	1
189	336	35	1
214	339	35	1
189	346	35	1
186	347	35	1
186	348	35	2
213	349	35	1
207	351	35	1
213	351	35	3
180	352	35	1
191	352	35	1
208	352	35	1
198	353	35	1
207	353	35	1
212	353	35	1
202	354	35	1
122	231	36	1
125	234	36	1
136	235	36	1
138	236	36	1
140	242	36	1
133	251	36	1
131	253	36	1
135	254	36	1
144	254	36	1
140	255	36	1
130	256	36	1
135	257	36	1
131	258	36	1
262	263	36	1
265	265	36	1
264	266	36	1
129	270	36	2
157	271	36	1
143	273	36	1
160	273	36	2
163	273	36	1
146	274	36	1
163	274	36	1
261	275	36	1
163	276	36	1
262	281	36	1
262	282	36	1
123	286	36	1
127	286	36	1
159	286	36	1
160	286	36	1
147	290	36	1
121	292	36	1
120	298	36	1
171	298	36	2
171	300	36	1
174	301	36	1
120	303	36	1
114	304	36	1
115	304	36	1
118	305	36	1
185	308	36	1
184	310	36	1
189	310	36	1
110	311	36	1
249	311	36	1
191	312	36	1
130	320	36	2
234	325	36	1
96	327	36	2
204	336	36	1
148	337	36	1
199	337	36	2
210	340	36	2
212	340	36	1
200	344	36	1
214	348	36	1
213	352	36	1
207	353	36	1
213	353	36	1
208	355	36	1
182	356	36	1
177	357	36	1
205	357	36	1
177	359	36	1
122	229	37	1
124	230	37	1
116	232	37	1
129	233	37	1
126	234	37	1
119	235	37	1
127	235	37	1
138	238	37	1
135	239	37	1
173	243	37	1
175	243	37	1
169	244	37	1
171	244	37	1
136	249	37	1
144	254	37	1
141	255	37	1
132	256	37	1
145	256	37	1
148	256	37	1
133	260	37	1
129	262	37	1
128	263	37	1
131	263	37	1
145	263	37	1
145	269	37	1
163	275	37	2
136	276	37	1
258	276	37	2
142	278	37	1
258	280	37	2
161	282	37	1
128	283	37	1
127	284	37	1
126	288	37	2
152	288	37	2
153	288	37	1
126	289	37	1
121	293	37	1
256	293	37	1
259	293	37	1
254	294	37	1
259	294	37	1
260	297	37	1
173	299	37	1
172	300	37	1
174	300	37	1
178	302	37	1
174	303	37	1
181	309	37	1
188	309	37	1
115	310	37	1
191	312	37	1
112	313	37	1
118	316	37	1
146	318	37	1
148	318	37	1
131	320	37	1
131	322	37	1
138	324	37	1
239	324	37	1
188	327	37	2
180	332	37	2
212	339	37	1
197	343	37	1
189	346	37	1
191	347	37	1
209	348	37	1
212	348	37	1
210	350	37	1
126	225	38	1
125	230	38	1
122	231	38	2
137	231	38	1
144	238	38	2
137	239	38	1
138	240	38	1
162	240	38	2
164	240	38	1
140	243	38	1
168	243	38	1
172	244	38	1
172	245	38	1
168	247	38	1
140	249	38	1
137	252	38	1
170	252	38	1
233	252	38	1
236	252	38	1
135	253	38	1
151	253	38	2
134	255	38	2
136	256	38	1
158	256	38	1
139	258	38	1
134	260	38	1
168	260	38	1
146	261	38	1
144	263	38	1
166	264	38	1
143	267	38	1
143	268	38	1
133	272	38	1
140	272	38	1
141	272	38	1
129	276	38	1
163	276	38	1
143	277	38	1
134	280	38	1
139	281	38	1
161	281	38	1
132	282	38	1
160	283	38	1
127	285	38	1
129	285	38	2
156	288	38	1
157	290	38	1
156	292	38	1
258	294	38	1
155	295	38	1
173	300	38	1
177	300	38	1
174	304	38	1
177	304	38	1
114	307	38	1
257	307	38	1
260	310	38	1
115	317	38	1
117	317	38	1
119	317	38	1
143	318	38	1
116	319	38	1
146	320	38	1
177	321	38	1
144	322	38	1
181	324	38	1
241	324	38	1
133	325	38	1
240	328	38	1
148	330	38	1
219	331	38	3
185	333	38	1
188	333	38	1
155	334	38	1
148	335	38	1
181	335	38	1
211	339	38	1
188	346	38	1
190	346	38	1
192	346	38	1
247	346	38	1
214	347	38	1
210	351	38	1
180	354	38	1
182	355	38	1
204	359	38	1
201	361	38	1
119	223	39	1
138	228	39	1
149	228	39	1
136	229	39	1
123	230	39	1
139	230	39	1
198	233	39	1
201	233	39	1
119	235	39	1
167	236	39	1
120	237	39	1
138	237	39	2
145	238	39	1
167	238	39	1
127	240	39	1
139	240	39	1
144	240	39	1
163	240	39	1
128	241	39	1
126	242	39	1
172	242	39	1
129	243	39	1
131	243	39	1
133	243	39	1
166	243	39	1
121	244	39	1
139	244	39	1
169	244	39	1
168	245	39	1
177	245	39	1
178	245	39	1
173	246	39	1
168	247	39	1
173	248	39	1
134	249	39	1
122	250	39	1
140	250	39	2
136	251	39	1
123	252	39	1
136	252	39	1
143	252	39	1
126	253	39	1
135	253	39	2
168	253	39	1
132	254	39	1
134	254	39	1
154	254	39	1
152	255	39	1
155	256	39	1
139	257	39	1
151	258	39	1
154	258	39	1
136	259	39	1
137	259	39	1
252	259	39	1
138	260	39	1
255	260	39	1
256	260	39	1
141	261	39	1
132	262	39	1
146	262	39	1
148	262	39	1
261	262	39	2
262	262	39	1
129	263	39	1
142	264	39	1
152	264	39	1
153	264	39	1
165	264	39	1
155	265	39	1
130	266	39	1
147	266	39	1
167	268	39	1
259	268	39	1
142	270	39	1
141	271	39	2
247	271	39	1
141	272	39	1
251	272	39	1
142	273	39	1
148	274	39	1
129	275	39	1
133	275	39	2
149	276	39	1
130	277	39	1
133	277	39	1
143	277	39	1
144	277	39	1
149	277	39	1
138	278	39	1
142	280	39	1
145	280	39	1
128	282	39	1
130	282	39	1
138	282	39	1
130	283	39	1
172	286	39	1
136	288	39	1
159	293	39	1
253	293	39	1
159	294	39	1
121	297	39	1
247	297	39	1
261	300	39	1
120	301	39	1
172	301	39	1
172	302	39	1
173	302	39	1
180	302	39	1
259	302	39	1
174	305	39	1
177	305	39	2
182	305	39	1
260	305	39	1
126	306	39	1
128	306	39	1
179	306	39	1
260	310	39	1
149	316	39	1
135	317	39	2
137	318	39	1
141	318	39	1
146	318	39	2
136	319	39	1
117	320	39	1
144	320	39	1
180	321	39	1
140	322	39	1
240	328	39	1
242	328	39	1
238	329	39	1
153	331	39	1
181	331	39	1
186	331	39	1
240	331	39	1
219	332	39	1
154	333	39	1
189	334	39	1
214	336	39	1
155	338	39	1
217	338	39	1
214	339	39	1
214	341	39	1
215	341	39	2
207	343	39	1
208	343	39	1
191	344	39	1
209	344	39	1
191	345	39	1
201	345	39	1
209	346	39	1
192	347	39	1
191	348	39	3
206	354	39	1
177	355	39	2
207	355	39	1
214	355	39	1
176	357	39	1
195	361	39	1
205	362	39	2
122	224	40	1
144	225	40	1
138	227	40	1
199	231	40	1
136	232	40	2
204	232	40	1
198	233	40	1
201	234	40	1
202	236	40	1
154	238	40	1
167	238	40	1
197	238	40	1
160	239	40	2
126	240	40	1
196	240	40	1
136	241	40	1
161	241	40	1
126	242	40	2
134	242	40	1
140	243	40	1
125	245	40	1
127	245	40	1
140	245	40	1
139	246	40	1
121	248	40	1
126	248	40	1
133	250	40	1
137	250	40	1
134	252	40	1
223	253	40	1
235	253	40	1
157	257	40	1
142	258	40	1
176	259	40	1
164	260	40	1
172	260	40	2
139	262	40	1
154	262	40	1
248	262	40	1
168	264	40	1
156	265	40	1
142	266	40	1
153	266	40	2
158	266	40	1
219	266	40	1
258	267	40	1
150	268	40	1
245	269	40	1
250	269	40	1
134	270	40	1
137	270	40	1
142	270	40	2
145	270	40	1
137	271	40	1
148	271	40	1
245	272	40	1
156	273	40	1
132	275	40	1
141	275	40	1
147	275	40	1
144	276	40	1
147	276	40	1
148	276	40	1
154	276	40	1
157	278	40	1
161	278	40	1
163	278	40	1
148	279	40	1
253	279	40	1
134	280	40	1
138	280	40	1
129	281	40	1
133	281	40	1
142	282	40	1
150	282	40	1
132	286	40	1
158	286	40	2
137	287	40	1
135	291	40	2
139	291	40	2
140	293	40	1
160	294	40	1
123	296	40	1
130	296	40	1
253	297	40	1
134	298	40	1
259	298	40	1
260	298	40	1
257	300	40	1
142	301	40	1
250	301	40	1
143	302	40	1
181	303	40	1
182	303	40	1
171	304	40	1
127	305	40	1
121	312	40	1
147	317	40	2
117	318	40	1
146	318	40	1
116	319	40	1
117	319	40	1
149	320	40	1
189	330	40	1
243	330	40	1
177	331	40	1
221	331	40	1
174	332	40	1
150	333	40	1
156	334	40	1
151	335	40	1
153	336	40	1
216	338	40	1
156	339	40	1
223	339	40	1
222	342	40	1
197	343	40	1
195	344	40	1
209	345	40	1
211	345	40	1
210	349	40	1
209	355	40	1
177	356	40	1
171	358	40	1
204	359	40	2
173	360	40	1
112	220	41	1
135	227	41	1
139	231	41	1
141	231	41	2
140	233	41	1
199	234	41	2
165	236	41	1
170	236	41	1
161	239	41	1
162	239	41	1
162	240	41	1
166	241	41	1
170	242	41	1
138	243	41	1
166	244	41	2
176	244	41	1
173	248	41	1
123	252	41	1
119	253	41	1
121	253	41	1
232	253	41	1
119	255	41	1
152	256	41	1
213	257	41	1
146	258	41	1
147	258	41	1
144	259	41	1
146	259	41	1
173	259	41	1
205	259	41	1
212	259	41	2
140	260	41	1
146	260	41	1
150	260	41	1
146	261	41	1
153	261	41	1
250	261	41	1
253	261	41	1
164	262	41	1
249	262	41	1
251	262	41	1
151	263	41	1
149	264	41	1
209	264	41	1
144	265	41	1
153	265	41	1
120	266	41	1
153	266	41	1
135	267	41	2
247	267	41	1
145	268	41	1
147	268	41	1
258	269	41	1
144	271	41	1
203	271	41	1
247	271	41	2
152	272	41	1
154	272	41	1
146	273	41	1
136	274	41	1
157	274	41	2
246	274	41	1
136	276	41	1
245	276	41	1
132	277	41	1
139	277	41	1
142	277	41	1
136	278	41	1
139	279	41	1
148	280	41	1
150	280	41	1
153	280	41	1
162	280	41	1
139	283	41	1
160	283	41	2
218	283	41	1
156	284	41	1
218	285	41	1
135	286	41	1
158	286	41	1
135	287	41	1
136	287	41	1
156	287	41	1
139	288	41	1
134	290	41	1
130	292	41	1
132	293	41	2
254	295	41	1
143	296	41	1
171	297	41	1
131	298	41	1
252	298	41	1
256	298	41	1
129	299	41	1
167	299	41	1
260	299	41	1
130	300	41	1
164	300	41	1
249	300	41	1
123	301	41	1
97	302	41	1
128	302	41	1
167	302	41	1
123	303	41	1
170	303	41	1
125	304	41	1
132	304	41	1
141	304	41	1
170	304	41	1
131	305	41	1
132	306	41	1
171	306	41	1
129	307	41	1
165	309	41	1
119	314	41	1
121	314	41	1
140	315	41	1
142	315	41	1
114	316	41	1
142	317	41	1
143	319	41	2
150	320	41	2
141	321	41	2
149	321	41	1
133	324	41	1
136	325	41	1
136	327	41	1
186	329	41	1
249	329	41	1
147	330	41	1
170	331	41	1
157	332	41	1
185	332	41	1
240	332	41	2
134	333	41	1
216	333	41	1
240	333	41	2
151	335	41	1
157	336	41	1
156	337	41	1
248	337	41	1
250	338	41	1
152	340	41	1
218	341	41	1
210	342	41	2
215	342	41	1
207	344	41	1
211	344	41	1
194	345	41	1
248	347	41	1
237	351	41	1
210	353	41	1
171	359	41	1
207	360	41	1
208	360	41	1
136	229	42	2
203	233	42	1
199	235	42	3
202	235	42	1
161	236	42	1
158	237	42	2
159	237	42	1
161	237	42	2
162	237	42	1
204	239	42	1
126	245	42	1
126	247	42	1
122	252	42	1
144	254	42	1
144	256	42	1
158	256	42	1
212	256	42	1
151	257	42	2
210	258	42	1
158	259	42	2
160	259	42	1
157	260	42	1
168	261	42	1
171	262	42	1
150	263	42	1
153	263	42	1
163	263	42	1
250	263	42	1
143	264	42	1
143	267	42	2
141	268	42	1
142	270	42	1
146	271	42	1
156	271	42	1
141	272	42	1
144	272	42	1
157	273	42	2
250	275	42	1
157	276	42	1
146	277	42	1
158	277	42	1
131	278	42	1
137	279	42	1
141	280	42	1
210	280	42	1
151	281	42	1
158	282	42	1
141	283	42	1
253	283	42	1
141	286	42	2
174	287	42	1
134	288	42	1
135	289	42	1
134	292	42	1
137	293	42	1
138	293	42	1
129	294	42	1
136	296	42	2
130	297	42	1
141	298	42	1
215	298	42	1
169	299	42	1
259	299	42	1
125	300	42	1
139	300	42	3
138	302	42	1
142	303	42	2
150	303	42	1
168	303	42	2
169	308	42	1
143	310	42	1
137	315	42	1
141	316	42	1
137	325	42	1
176	327	42	1
176	328	42	1
250	328	42	1
150	329	42	1
153	333	42	1
176	333	42	2
189	333	42	1
133	334	42	1
159	340	42	1
221	340	42	1
196	345	42	1
213	345	42	2
212	348	42	1
233	350	42	1
235	353	42	2
207	355	42	1
204	360	42	1
137	229	43	1
138	230	43	2
136	236	43	1
154	237	43	1
166	238	43	1
143	240	43	1
179	254	43	1
210	256	43	1
174	257	43	1
149	258	43	2
215	258	43	1
154	260	43	1
170	260	43	1
160	262	43	1
164	262	43	1
208	262	43	1
147	263	43	1
149	264	43	1
145	266	43	1
149	266	43	1
158	266	43	1
151	270	43	1
134	271	43	1
141	274	43	1
156	274	43	1
141	275	43	2
148	275	43	1
155	275	43	1
182	275	43	1
144	276	43	1
132	278	43	1
155	278	43	1
148	279	43	1
147	280	43	1
161	281	43	2
143	282	43	1
214	282	43	1
153	283	43	1
148	284	43	1
160	284	43	1
143	286	43	1
216	286	43	1
173	288	43	1
152	292	43	1
255	293	43	1
140	295	43	1
151	295	43	1
254	295	43	1
149	297	43	1
165	299	43	1
129	300	43	1
138	300	43	1
152	300	43	2
142	301	43	1
149	301	43	1
133	302	43	1
172	302	43	1
135	303	43	1
138	303	43	1
126	304	43	1
125	306	43	1
129	306	43	1
131	306	43	1
132	306	43	1
168	306	43	1
126	307	43	1
144	312	43	2
240	332	43	1
217	333	43	1
222	334	43	1
131	335	43	1
217	336	43	1
244	336	43	2
247	338	43	1
200	350	43	1
235	351	43	2
207	359	43	1
139	228	44	1
140	228	44	1
139	236	44	1
181	245	44	1
179	249	44	1
175	257	44	1
177	258	44	1
158	259	44	1
160	262	44	1
149	263	44	1
156	263	44	1
157	263	44	2
158	263	44	1
152	264	44	1
143	269	44	1
213	269	44	1
148	272	44	1
153	276	44	3
252	276	44	1
145	277	44	1
151	278	44	1
154	279	44	1
155	279	44	1
210	280	44	1
146	281	44	1
148	281	44	1
159	281	44	1
204	281	44	1
151	282	44	1
155	284	44	1
212	285	44	1
217	285	44	1
218	286	44	1
136	291	44	1
139	291	44	1
142	291	44	1
139	299	44	1
137	301	44	1
127	303	44	1
144	303	44	1
126	304	44	1
139	304	44	1
131	306	44	1
170	310	44	1
131	328	44	1
131	333	44	1
128	335	44	1
215	338	44	1
216	344	44	1
228	346	44	1
211	347	44	1
209	351	44	1
163	233	45	1
176	259	45	1
148	270	45	1
146	275	45	1
152	278	45	1
162	279	45	1
152	281	45	1
144	282	45	1
149	282	45	1
251	283	45	1
146	285	45	1
214	287	45	1
143	293	45	2
140	296	45	1
128	299	45	2
133	303	45	3
130	304	45	1
141	315	45	1
187	329	45	1
185	330	45	1
217	344	45	1
210	347	45	1
134	229	46	1
157	259	46	1
157	265	46	1
146	272	46	2
146	275	46	1
153	277	46	2
145	279	46	1
144	281	46	1
144	282	46	1
154	283	46	2
142	284	46	1
145	291	46	1
201	292	46	1
142	299	46	1
137	301	46	1
244	302	46	1
139	305	46	1
176	323	46	1
217	335	46	1
215	336	46	1
222	342	46	1
146	270	47	1
152	280	47	1
162	282	47	1
202	295	47	1
136	299	47	1
179	322	47	1
190	323	47	2
179	324	47	2
207	355	47	1
144	225	48	2
146	275	48	1
154	276	48	1
116	230	49	2
151	252	49	2
145	262	49	1
191	267	49	1
144	271	49	1
207	279	49	1
132	285	49	1
132	287	49	2
146	288	49	1
140	293	49	1
140	297	49	1
133	303	49	1
169	308	49	1
268	317	49	1
138	333	49	1
211	346	49	2
224	346	49	1
197	348	49	1
204	348	49	1
234	246	50	1
149	263	50	1
220	277	50	1
150	283	50	1
143	291	50	1
151	302	50	1
132	304	50	1
131	306	50	1
193	307	50	1
240	317	50	1
212	318	50	1
179	329	50	1
225	341	50	1
