x	y	z	Mismatch repair (MMR) directed by MSH2:MSH6 (MutSalpha)
240	286	21	1
235	278	24	1
237	278	24	1
246	284	24	2
239	287	24	1
244	287	24	2
244	288	24	1
245	288	24	1
249	289	24	1
244	290	24	1
244	291	24	1
231	268	25	1
238	270	25	1
234	271	25	2
230	272	25	1
227	273	25	1
235	273	25	1
231	274	25	1
232	274	25	2
238	275	25	1
236	276	25	1
234	277	25	1
247	277	25	2
239	278	25	1
232	279	25	1
233	279	25	1
238	279	25	1
233	280	25	1
236	280	25	1
245	280	25	2
231	281	25	1
240	281	25	1
241	281	25	1
249	281	25	1
232	282	25	1
233	283	25	1
235	283	25	1
236	283	25	1
238	283	25	1
247	283	25	1
249	284	25	1
215	285	25	2
232	285	25	1
235	285	25	1
238	285	25	1
243	285	25	1
248	285	25	1
250	285	25	1
243	286	25	1
252	286	25	1
223	287	25	1
245	287	25	1
251	287	25	1
236	288	25	1
237	288	25	1
241	289	25	2
244	289	25	1
248.5	289.5	25.5	1
225	290	25	1
234	290	25	1
249	290	25	1
240	291	25	1
227	292	25	1
235	292	25	1
242	292	25	1
239	293	25	1
241	294	25	1
242	294	25	1
246	294	25	1
237	295	25	2
238	296	25	1
244	296	25	1
239	297	25	1
240	298	25	1
238	300	25	1
176	259	26	1
230	264	26	1
231	264	26	1
228	269	26	2
233	270	26	1
234	270	26	2
235	270	26	1
236	270	26	2
236	271	26	1
232	272	26	1
239	273	26	1
235	275	26	1
239	275	26	1
215	276	26	1
231	276	26	1
234	276	26	2
235	276	26	1
210	277	26	1
230	277	26	1
249	277	26	1
234	278	26	1
243	278	26	1
239	279	26	1
246	279	26	1
248	279	26	2
250	279	26	1
233	280	26	1
238	280	26	1
240	280	26	1
247	280	26	1
230	281	26	1
231	281	26	1
232	281	26	1
235	281	26	1
236	281	26	1
239	281	26	1
250	281	26	1
212	282	26	1
215	282	26	1
238	282	26	1
242	282	26	1
250	282	26	1
245	283	26	1
251	283	26	1
212	284	26	1
214	284	26	1
235	284	26	1
232	285	26	1
240	285	26	1
246	285	26	1
250	285	26	1
232	286	26	1
254	286	26	2
224	287	26	1
243	287	26	1
247	287	26	1
248	287	26	1
251	287	26	1
245	288	26	1
234	289	26	1
237	289	26	1
243	289	26	1
250	289	26	1
252	289	26	1
228	290	26	1
239	290	26	1
242	290	26	1
250	290	26	2
232	291	26	1
236	291	26	1
238	291	26	1
244	291	26	1
239	292	26	2
242	292	26	2
245	292	26	1
254	292	26	1
234	293	26	3
240	293	26	1
246	293	26	1
247	293	26	2
237	294	26	1
241	294	26	2
246	294	26	1
221	295	26	1
222	295	26	1
239	295	26	1
240	295	26	1
239	296	26	1
241	296	26	1
244	297	26	1
239	298	26	1
184	259	27	1
188	259	27	1
185	260	27	1
186	260	27	1
227	260	27	2
228	260	27	1
233	260	27	1
240	260	27	1
227	261	27	1
229	261	27	1
231	261	27	1
239	261	27	1
184	262	27	1
233	262	27	1
236	262	27	1
181	263	27	1
183	263	27	1
184	263	27	1
238	263	27	1
244	263	27	1
175	264	27	1
230	264	27	1
238	264	27	1
212	265	27	1
230	265	27	1
231	265	27	1
180	266	27	1
237	266	27	2
234	267	27	1
239	267	27	1
240	267	27	1
250	267	27	1
180	268	27	1
181	268	27	1
215	268	27	1
223	268	27	1
225	268	27	1
229	268	27	1
232	268	27	1
233	268	27	1
234	268	27	1
247	268	27	1
178	269	27	1
179	269	27	1
182	269	27	1
227	269	27	1
238	269	27	1
239	269	27	1
243	269	27	1
181	270	27	1
218	270	27	2
231	270	27	1
250	270	27	1
210	271	27	2
217	271	27	1
230	271	27	1
234	271	27	2
240	271	27	1
247	271	27	1
249	271	27	1
203	272	27	1
207	272	27	1
208	272	27	1
216	272	27	1
220	272	27	1
222	272	27	1
231	272	27	1
234	272	27	1
247	272	27	1
205	273	27	1
214	273	27	1
215	273	27	1
224	273	27	1
231	273	27	1
237	273	27	1
239	273	27	1
251	273	27	1
212	274	27	1
226	274	27	1
228	274	27	1
232	274	27	1
233	274	27	1
235	274	27	2
218	275	27	1
224	275	27	1
232	275	27	1
233	275	27	1
238	275	27	3
242	275	27	1
245	275	27	1
249	275	27	1
250	275	27	1
177	276	27	2
204	276	27	1
215	276	27	1
219	276	27	1
239	276	27	1
207	277	27	1
210	277	27	1
211	277	27	1
213	277	27	1
220	277	27	1
237	277	27	1
238	277	27	1
246	277	27	1
248	277	27	2
208	278	27	1
211	278	27	1
213	278	27	1
220	278	27	1
229	278	27	1
239	278	27	1
246	278	27	1
252	278	27	1
230	279	27	1
243	279	27	1
206	280	27	1
234	280	27	1
236	280	27	1
239	280	27	1
243	280	27	1
250	280	27	1
206	281	27	1
234	281	27	1
252	281	27	1
256	281	27	1
209	282	27	2
217	282	27	1
229	282	27	1
236	282	27	2
239	282	27	1
246	282	27	1
247	282	27	1
248	282	27	1
250	282	27	1
207	283	27	1
235	283	27	1
236	283	27	1
242	283	27	1
245	283	27	1
247	283	27	1
206	284	27	1
208	284	27	1
210	284	27	1
236	284	27	1
240	284	27	1
254	284	27	1
255	284	27	1
211	285	27	1
212	285	27	1
215	285	27	1
238	285	27	1
247	285	27	1
219	286	27	1
235	286	27	1
237	286	27	1
239	286	27	1
246	286	27	1
249	286	27	1
251	286	27	1
207	287	27	1
222	287	27	1
230	287	27	1
239	287	27	1
241	287	27	1
248	287	27	2
252	287	27	1
211	288	27	1
235	288	27	2
240	288	27	1
242	288	27	1
243	288	27	1
245	288	27	1
250	288	27	1
253	288	27	1
222	289	27	1
237	289	27	1
241	289	27	1
248	289	27	1
251	289	27	1
252	289	27	2
256	289	27	1
221	290	27	1
228	290	27	1
230	290	27	1
231	290	27	1
239	290	27	1
246	290	27	1
247	290	27	1
225	291	27	1
229	291	27	1
230	291	27	1
235	291	27	1
238	291	27	1
248	291	27	1
252	291	27	2
226	292	27	1
228	292	27	1
229	292	27	1
234	292	27	1
244	292	27	1
250	292	27	1
254	292	27	1
217	293	27	1
225	293	27	1
238	293	27	1
239	293	27	1
243	293	27	1
245	293	27	1
247	293	27	1
231	294	27	1
235	294	27	1
246	294	27	1
257	294	27	1
211	295	27	1
218	295	27	1
226	295	27	1
246	295	27	1
248	295	27	1
249	295	27	1
236	296	27	1
220	297	27	1
221	297	27	2
236	297	27	1
242	297	27	1
244	297	27	1
251	297	27	1
252	297	27	1
243	298	27	1
240	299	27	1
247	299	27	1
226	300	27	1
240	301	27	1
250	301	27	1
234	302	27	1
245	302	27	2
243	304	27	2
237	305	27	1
234	265	28	1
234	266	28	1
231	267	28	1
236	268	28	1
237	268	28	1
236	269	28	2
236	270	28	1
232	272	28	1
236	272	28	1
214	274	28	1
235	276	28	1
236	277	28	1
237	279	28	1
241	280	28	2
251	280	28	1
210	281	28	1
250	281	28	1
249	282	28	1
238	283	28	1
240	285	28	2
235	286	28	1
248	286	28	1
246	287	28	1
248	287	28	1
227	289	28	1
228	289	28	1
231	289	28	1
243	289	28	1
245	289	28	1
247	289	28	1
242	290	28	1
237	291	28	1
245	291	28	2
247	291	28	1
248	291	28	1
249	291	28	1
240	292	28	1
248	292	28	1
248	293	28	1
242	294	28	1
240	295	28	1
241	295	28	1
245	297	28	1
225	300	28	1
229	255	29	1
234	256	29	1
182	257	29	1
235	257	29	1
235	258	29	2
229	259	29	1
238	259	29	1
187	261	29	1
226	261	29	1
221	262	29	1
248	262	29	1
229	264	29	1
231	264	29	1
248	264	29	1
215	265	29	1
226	265	29	1
197	266	29	2
232	266	29	1
250	266	29	1
192	267	29	1
231	267	29	1
217	268	29	1
226	268	29	2
236	268	29	1
244	268	29	1
193	269	29	1
204	269	29	1
232	269	29	1
200	270	29	1
227	270	29	1
250	270	29	1
214	271	29	1
215	271	29	1
240	271	29	1
249	271	29	1
214	272	29	1
232	272	29	1
236	272	29	1
249	272	29	1
251	272	29	1
213	274	29	2
234	274	29	1
238	274	29	1
240	274	29	1
247	274	29	2
231	275	29	2
235	275	29	1
239	275	29	1
242	275	29	2
208	276	29	1
228	276	29	1
233	276	29	1
238	278	29	1
246	279	29	1
247	279	29	1
248	279	29	1
234	280	29	1
246	280	29	1
251	280	29	1
254	280	29	1
208	281	29	1
234	281	29	1
247	281	29	1
212	282	29	1
241	282	29	1
242	282	29	1
244	283	29	1
245	283	29	2
232	284	29	1
235	284	29	1
236	284	29	1
242	284	29	1
245	284	29	1
246	284	29	1
250	284	29	2
255	284	29	1
227	285	29	1
234	285	29	2
241	285	29	1
242	285	29	1
243	285	29	1
246	285	29	1
233	286	29	1
242	286	29	2
243	286	29	1
238	287	29	1
245	287	29	1
226	288	29	1
228	289	29	1
245	289	29	1
222	290	29	2
239	290	29	2
240	290	29	1
246	290	29	1
225	291	29	1
226	291	29	2
247	291	29	1
251	291	29	2
222	292	29	1
225	292	29	1
236	292	29	1
239	292	29	1
241	292	29	2
223	293	29	1
249	293	29	2
252	293	29	2
238	294	29	1
240	295	29	1
222	296	29	1
223	296	29	2
249	296	29	2
253	296	29	1
227	297	29	1
238	297	29	1
239	297	29	1
242	297	29	1
247	297	29	1
237	298	29	1
225	300	29	1
226	300	29	1
227	300	29	1
236	301	29	1
224	302	29	1
229	250	30	1
228	253	30	1
232	253	30	1
231	254	30	1
235	254	30	1
230	255	30	1
235	256	30	1
181	257	30	1
183	257	30	1
203	257	30	1
204	257	30	3
236	257	30	1
240	257	30	1
176	258	30	2
226	258	30	1
227	258	30	2
239	258	30	1
214	259	30	1
218	259	30	1
227	259	30	1
229	259	30	2
231	259	30	1
186	260	30	2
196	260	30	1
206	260	30	1
225	260	30	1
228	260	30	1
236	260	30	1
237	260	30	1
238	260	30	1
245	260	30	1
188	261	30	1
208	261	30	1
224	261	30	1
238	261	30	2
239	261	30	1
249	261	30	1
178	262	30	1
179	262	30	1
187	262	30	1
221	262	30	1
245	262	30	2
246	262	30	1
185	263	30	1
226	263	30	1
227	263	30	1
233	263	30	1
234	263	30	1
246	263	30	1
248	263	30	1
178	264	30	1
188	264	30	1
227	264	30	1
250	264	30	1
192	265	30	1
193	265	30	1
224	265	30	1
228	265	30	1
229	265	30	1
238	265	30	1
239	265	30	1
188	266	30	1
195	266	30	1
239.5	266.5	30.5	1
243	266	30	2
182	267	30	1
193	267	30	1
198	267	30	1
199	267	30	1
208	267	30	2
232	267	30	2
235	267	30	1
236	267	30	1
237	267	30	1
241	267	30	1
250	267	30	2
188	268	30	1
195	268	30	1
207	268	30	1
217	268	30	1
238	268	30	1
241	268	30	2
246	268	30	2
180	269	30	1
194	269	30	1
199	269	30	1
204	269	30	2
233	269	30	1
237	269	30	1
239	269	30	1
242	269	30	1
249	269	30	1
194	270	30	1
233	270	30	1
244	270	30	1
181	271	30	1
204	271	30	1
215	271	30	1
244	271	30	1
179	272	30	1
181	272	30	1
185	272	30	1
207	272	30	1
223	272	30	1
227	272	30	1
181	273	30	1
182	273	30	1
211	273	30	1
232	273	30	1
234	273	30	1
235	273	30	2
239	273	30	1
240	273	30	1
244	274	30	1
179	275	30	2
182	275	30	1
183	275	30	1
203	275	30	1
211	275	30	1
212	275	30	2
240	275	30	1
250	275	30	1
205	276	30	1
241	276	30	1
250	276	30	1
205	277	30	1
232	277	30	1
235	277	30	1
239	277	30	1
241	277	30	1
208	278	30	1
237	278	30	1
243	278	30	1
248	278	30	1
238	279	30	1
243	279	30	1
249	279	30	2
250	279	30	1
175	280	30	1
219	280	30	3
239	280	30	1
242	280	30	1
246	280	30	1
249	280	30	1
254	280	30	1
173	281	30	1
181	281	30	2
224	281	30	1
233	281	30	1
237	281	30	1
239	281	30	1
243	281	30	1
246	281	30	1
247	281	30	1
172	282	30	1
213	282	30	1
222	282	30	1
223	282	30	1
235	282	30	1
236	282	30	1
247	282	30	1
252	282	30	1
219	283	30	1
222	283	30	1
223	283	30	1
236	283	30	1
242	283	30	1
244	283	30	1
252	283	30	1
173	284	30	1
177	284	30	1
233	284	30	1
238	284	30	1
243	284	30	2
245	284	30	1
252	284	30	1
253	284	30	1
256	284	30	1
258	284	30	2
206	285	30	1
220	285	30	1
227	285	30	1
233	285	30	1
237	285	30	1
242	285	30	1
246	285	30	1
252	285	30	1
256	285	30	1
180	286	30	1
206	286	30	1
223	286	30	1
224	286	30	1
228	286	30	1
230	286	30	1
238	286	30	3
240	286	30	1
243	286	30	1
250	286	30	1
251	286	30	1
257	286	30	1
222	287	30	1
231	287	30	1
248	287	30	1
250	287	30	1
252	287	30	1
254	287	30	2
199	288	30	1
221	288	30	1
231	288	30	1
234	288	30	1
237	288	30	1
248	288	30	1
222	289	30	1
230	289	30	1
235	289	30	1
239	289	30	1
246	289	30	2
248	289	30	1
225	290	30	2
227	290	30	1
257	290	30	1
229	291	30	1
234	291	30	1
237	291	30	1
246	291	30	2
247	291	30	1
248	291	30	1
251	291	30	1
258	291	30	1
224	292	30	1
230	292	30	1
231	292	30	1
238	292	30	2
241	292	30	1
246	292	30	1
219	293	30	1
223	293	30	1
227	293	30	1
234	293	30	1
239	293	30	1
240	293	30	1
250	293	30	1
230	294	30	2
235	294	30	1
236	294	30	1
244	294	30	1
245	294	30	1
249	294	30	1
250	294	30	1
218	295	30	1
221	295	30	1
228	295	30	1
244	295	30	1
251	295	30	1
186	296	30	1
226	296	30	1
232	296	30	1
239	296	30	2
241	296	30	1
232	297	30	1
241	297	30	1
243	297	30	1
248	297	30	2
252	297	30	1
221	298	30	1
222	298	30	1
230	298	30	1
236	298	30	1
239	298	30	1
240	298	30	1
250	298	30	2
251	298	30	1
215	299	30	1
231	299	30	1
247	299	30	1
252	299	30	1
222	300	30	1
236	300	30	1
242	300	30	1
246	300	30	1
251	300	30	2
225	301	30	1
227	301	30	1
236	301	30	2
243	301	30	1
244	301	30	1
245	301	30	2
221	302	30	1
223	302	30	1
236	302	30	1
237	302	30	2
240	302	30	1
239	303	30	1
243	303	30	1
220	304	30	1
235	304	30	1
240	305	30	1
240	306	30	1
226	249	31	1
227	250	31	1
229	251	31	1
226	252	31	1
226	254	31	1
227	254	31	1
229	254	31	1
232	254	31	2
235	254	31	1
215	255	31	1
215	256	31	2
236	256	31	2
218	257	31	1
229	257	31	1
230	257	31	1
236	257	31	1
216	258	31	1
228	258	31	1
230	258	31	1
188	259	31	1
218	259	31	1
239	259	31	1
190	260	31	1
209	260	31	1
221	260	31	1
234	260	31	2
240	260	31	1
244	260	31	1
193	261	31	1
195	261	31	1
216	261	31	1
228	261	31	1
235	261	31	2
237	261	31	1
243	261	31	1
195	262	31	1
220	262	31	1
226	262	31	1
229	262	31	2
235	262	31	1
236	262	31	1
238	262	31	1
186	263	31	1
189	263	31	1
218	263	31	2
219	263	31	2
221	263	31	2
222	263	31	1
230	263	31	3
233	263	31	1
234	263	31	1
240	263	31	1
204	264	31	2
223	264	31	1
232	264	31	1
234	264	31	1
240	264	31	1
184	265	31	1
196	265	31	1
200	265	31	1
236	265	31	1
240	265	31	1
249	265	31	1
250	265	31	1
186	266	31	1
191	266	31	1
217	266	31	1
247	266	31	3
182	267	31	2
193	267	31	1
195	267	31	1
197	267	31	1
211	267	31	1
232	267	31	1
237	267	31	1
238	267	31	1
244	267	31	1
247	267	31	1
183	268	31	1
184	268	31	1
193	268	31	1
213	268	31	1
218	268	31	2
225	268	31	1
238	268	31	1
241	268	31	1
242	268	31	1
191	269	31	2
213	269	31	2
234	269	31	1
235	269	31	1
173	270	31	1
181	270	31	1
196	270	31	1
198	270	31	1
200	270	31	1
207	270	31	1
249	270	31	1
172	271	31	1
209	271	31	1
215	271	31	1
217	271	31	1
224	271	31	1
233	271	31	1
239	271	31	1
247	271	31	1
249	271	31	1
251	271	31	2
184	272	31	1
185	272	31	1
211	272	31	1
212	272	31	1
215	272	31	1
218	272	31	1
225	272	31	1
226	272	31	1
241	272	31	1
243	272	31	2
248	272	31	1
254	272	31	1
184	273	31	1
211	273	31	1
213	273	31	1
214	273	31	1
229	273	31	1
235	273	31	1
236	273	31	1
239	273	31	1
240	273	31	1
249	273	31	1
179	274	31	1
180	274	31	1
205	274	31	1
211	274	31	1
216	274	31	1
229	274	31	2
230	274	31	2
243	274	31	1
244	274	31	1
247	274	31	1
248	274	31	1
250	274	31	1
205	275	31	2
231	275	31	1
236	275	31	1
241	275	31	1
184	276	31	2
205	276	31	1
226	276	31	1
244	276	31	1
246	276	31	1
252	276	31	1
174	277	31	1
243	277	31	1
249	277	31	2
208	278	31	1
240	278	31	1
244	278	31	1
245	278	31	1
175	279	31	1
236	279	31	1
243	279	31	2
175	280	31	1
249	280	31	1
176	281	31	1
184	281	31	1
206	281	31	1
219	281	31	2
228	281	31	1
235	281	31	1
236	281	31	1
239	281	31	1
241	281	31	1
254	281	31	1
175	282	31	1
178	282	31	1
179	282	31	1
225	282	31	2
235	282	31	1
238	282	31	1
239	282	31	2
240	282	31	1
249	282	31	1
254	282	31	1
182	283	31	1
208	283	31	1
218	283	31	1
234	283	31	1
253	283	31	1
219	284	31	1
220	284	31	1
223	284	31	1
249	284	31	1
250	284	31	1
257	284	31	1
178	285	31	1
206	285	31	1
218	285	31	1
220	285	31	1
250	285	31	1
251	285	31	1
204	286	31	1
218	286	31	1
220	286	31	1
222	286	31	1
225	286	31	1
239	286	31	1
190	287	31	1
236	287	31	1
228	288	31	1
240.5	288.5	31.5	1
244	288	31	1
246	288	31	1
249	288	31	1
205	289	31	1
224	289	31	2
225	289	31	1
233	289	31	1
234	289	31	1
235	289	31	2
237	289	31	1
238	289	31	1
243	289	31	2
250	289	31	1
200	290	31	1
231	290	31	1
234	290	31	1
246	290	31	1
247	290	31	1
199	291	31	2
204	291	31	1
241	291	31	1
244	291	31	1
245	291	31	1
198	292	31	1
222	292	31	1
235	292	31	1
242	292	31	1
247	292	31	1
221	293	31	1
222	293	31	1
223	293	31	1
225	293	31	1
232	293	31	2
234	293	31	1
238	293	31	1
241	294	32.8	1
256	293	31	1
222	294	31	1
226	294	31	1
230	294	31	1
240	294	31	1
251	294	31	1
252	294	31	1
202	295	31	1
223	295	31	1
226	295	31	1
234	295	31	2
241	295	31	1
236	296	31	1
246	296	31	1
195	297	31	1
223	297	31	1
234	297	31	1
252	297	31	1
255	297	31	1
237	298	31	2
240	298	31	1
248	298	31	1
224	299	31	1
236	299	31	1
243	299	31	1
245	299	31	2
248	299	31	1
229	300	31	1
236	300	31	1
250	300	31	1
225	301	31	1
226	301	31	1
228	301	31	1
229	301	31	2
237	301	31	1
246	301	31	1
235	302	31	1
243	302	31	1
245	302	31	1
234	303	31	1
235	303	31	1
235	304	31	1
235	305	31	1
236	305	31	1
242	305	31	1
226	309	31	1
227	252	32	1
214	253	32	1
221	253	32	1
231	253	32	1
237	253	32	1
215	254	32	1
216	254	32	1
223	254	32	1
218	255	32	1
219	255	32	1
227	255	32	1
238	255	32	3
210	256	32	1
215	256	32	1
229	256	32	1
237	256	32	1
240	256	32	1
209	257	32	1
210	257	32	1
219	257	32	1
240	257	32	1
182	258	32	1
213	258	32	1
191	259	32	1
209	259	32	1
215	259	32	1
216	259	32	2
220	259	32	1
192	260	32	1
244	260	32	3
194	261	32	1
195	261	32	1
224	261	32	1
226	261	32	1
231	261	32	1
216	262	32	1
217	262	32	1
219	262	32	1
224	262	32	1
227	262	32	1
230	262	32	1
189	263	32	2
193	263	32	1
194	263	32	1
198	263	32	2
200	263	32	1
204	263	32	1
227	263	32	1
231	263	32	1
235	263	32	1
236	263	32	1
242	263	32	1
245	263	32	1
247	263	32	1
191	264	32	1
202	264	32	1
212	264	32	1
214	264	32	1
223	264	32	1
232	264	32	1
238	264	32	1
247	264	32	1
176	265	32	1
185	265	32	2
189	265	32	1
191	265	32	1
196	265	32	1
211	265	32	1
216	265	32	1
218	265	32	2
231	265	32	1
232	265	32	1
235	265	32	1
251	265	32	1
197	266	32	1
220	266	32	1
222	266	32	1
235	266	32	1
238	266	32	1
239	266	32	1
247	266	32	1
188	267	32	1
192	267	32	1
197	267	32	1
215	267	32	1
216	267	32	1
230	267	32	1
242	267	32	2
245.5	267.5	32.5	1
195	268	32	1
198	268	32	1
216	268	32	1
219	268	32	1
228	268	32	1
184	269	32	2
186	269	32	2
191	269	32	1
213	269	32	1
214	269	32	1
215	269	32	1
223	269	32	1
238	269	32	2
240	269	32	1
181	270	32	1
195	270	32	1
197	270	32	1
210	270	32	1
222	270	32	2
227	270	32	1
231	270	32	2
249	270	32	1
209	271	32	2
233	271	32	1
247	271	32	1
251	271	32	1
173	272	32	1
176	272	32	1
184	272	32	1
198	272	32	1
201	272	32	2
206	272	32	1
214	272	32	3
234	272	32	1
238	272	32	1
239	272	32	1
240	272	32	1
241	272	32	1
250	272	32	1
182	273	32	1
206	273	32	1
207	273	32	1
208	273	32	1
212	273	32	1
235	273	32	1
241	273	32	1
243	273	32	1
249	273	32	1
172	274	32	1
173	274	32	2
205	274	32	1
207	274	32	1
208	274	32	1
211	274	32	1
235	274	32	2
236	274	32	2
244	274	32	1
250	274	32	1
181	275	32	1
235	275	32	1
174	276	32	1
184	276	32	2
204	276	32	1
205	276	32	1
233	276	32	1
235	276	32	1
239	276	32	2
176	277	32	1
205	277	32	2
210	277	32	1
236	277	32	1
239	277	32	1
245	277	32	1
247	277	32	1
249	277	32	1
177	278	32	2
203	278	32	1
206	278	32	1
220	278	32	1
224	278	32	1
235	278	32	1
255	278	32	2
177	279	32	1
207	279	32	1
214	279	32	2
236	279	32	1
247	279	32	1
173	280	32	1
177	280	32	1
180	280	32	2
222	280	32	3
229	280	32	1
232	280	32	1
238	280	32	1
241	280	32	1
242	280	32	1
173	281	32	1
175	281	32	1
217	281	32	1
222	281	32	1
223	281	32	2
226	281	32	1
232	281	32	1
234	281	32	1
174	282	32	1
182	282	32	1
187	282	32	1
188	282	32	1
204	282	32	1
218	282	32	1
221	282	32	2
224	282	32	1
233	282	32	1
244	282	32	1
250	282	32	1
256	282	32	1
179	283	32	2
181	283	32	2
207	283	32	1
222	283	32	1
230	283	32	1
239	283	32	2
240	283	32	1
241	283	32	1
249	283	32	1
176	284	32	1
181	284	32	2
209	284	32	1
210	284	32	1
219	284	32	1
220	284	32	1
225	284	32	1
234	284	32	1
240	284	32	2
241	284	32	2
254	284	32	1
257	284	32	1
180	285	32	1
204	285	32	1
221	285	32	1
229	285	32	1
232	285	32	2
237	285	32	1
241	285	32	1
255	285	32	2
174	286	32	1
204	286	32	2
223	286	32	1
224	286	32	1
227	286	32	1
228	286	32	1
246	286	32	1
249	286	32	1
176	287	32	1
223	287	32	1
225	287	32	1
228	287	32	1
236.5	287.5	32.5	1
242	287	32	1
245	287	32	1
254	287	32	1
221	288	32	1
225	288	32	1
235	288	32	1
258	288	32	1
229	289	32	1
233	289	32	1
242	289	32	1
247	289	32	1
248	289	32	2
199	290	32	2
222	290	32	1
226	290	32	1
247	290	32	1
250	290	32	1
253	290	32	1
200	291	32	1
235	291	32	1
236	291	32	1
238	291	32	1
248	291	32	1
199	292	32	1
221	292	32	1
222	292	32	2
242	292	32	1
243	292	32	1
251	292	32	1
252	292	32	1
256	292	32	1
257	292	32	1
198	293	32	1
199	293	32	1
218	293	32	1
222	293	32	1
227	293	32	1
241	293	32	1
250	293	32	1
202	294	32	2
221	294	32	2
227	294	32	1
230	294	32	1
237	294	32	1
239	294	32	1
223	295	32	1
227	295	32	1
230	295	32	1
232	295	32	1
236	295	32	1
239	295	32	2
245	295	32	1
250	295	32	1
187	296	32	1
200	296	32	1
220	296	32	1
228	296	32	1
243	296	32	1
245	296	32	1
247	296	32	1
251	296	32	1
252	296	32	2
255	296	32	2
199	297	32	1
237	297	32	1
241	297	32	1
242	297	32	2
244	297	32	1
246	297	32	1
248	297	32	2
249	297	32	2
233	298	32	1
237	298	32	2
240	298	32	1
248	298	32	1
251	298	32	1
197	299	32	1
231	299	32	1
233	299	32	2
240	299	32	1
248	299	32	1
249	299	32	1
185	300	32	1
232	300	32	2
245	300	32	1
246	300	32	1
247	300	32	1
225	301	32	1
231	301	32	2
241	301	32	1
243	301	32	1
223	302	32	1
236	302	32	1
247	302	32	1
248	302	32	1
222	303	32	1
234	303	32	1
239	303	32	2
241	303	32	1
244	303	32	1
243	304	32	1
221	305	32	1
222	305	32	1
234	305	32	2
242	305	32	1
208	306	32	1
235	306	32	1
220	308	32	1
225	308	32	1
229	308	32	1
235	308	32	1
224	309	32	1
234	309	32	1
235	309	32	1
227	310	32	1
229	310	32	2
229	312	32	1
228	250	33	1
227	251	33	1
231	253	33	1
219	254	33	1
231	254	33	1
235	254	33	1
240	254	33	1
241	254	33	1
220	255	33	1
231	255	33	1
221	256	33	1
222	256	33	1
223	256	33	1
241	256	33	1
217	257	33	1
218	257	33	1
221	257	33	1
224	257	33	1
227	257	33	1
230	257	33	1
235	257	33	1
220	258	33	1
221	258	33	1
226	258	33	1
235	258	33	1
239	258	33	1
189	259	33	1
211	259	33	1
213	259	33	1
226	259	33	1
227	259	33	1
229	259	33	1
208	260	33	1
219	260	33	2
230	260	33	1
231	260	33	1
237	260	33	1
240	260	33	1
243	260	33	1
208	261	33	1
217.5	261.5	33.5	1
218	261	33	1
227	261	33	1
239	261	33	1
219	262	33	1
229	262	33	1
236	262	33	1
241	262	33	1
248	262	33	2
249	262	33	1
185	263	33	1
190	263	33	1
193	263	33	1
213	263	33	1
217	263	33	1
223	263	33	1
227	263	33	1
239	263	33	1
242	263	33	1
244	263	33	1
185	264	33	2
187	264	33	1
189	264	33	1
214	264	33	1
215	264	33	1
218	264	33	1
225	264	33	1
233	264	33	2
239	264	33	1
246	264	33	1
189	265	33	1
195	265	33	1
208	265	33	1
217	265	33	2
218	265	33	1
221	265	33	1
224	265	33	2
233	265	33	1
190	266	33	1
191	266	33	1
194	266	33	1
224	266	33	1
230	266	33	2
239	266	33	1
240	266	33	2
250	266	33	2
188	267	33	1
196	267	33	2
200	267	33	1
209	267	33	1
215	267	33	1
217	267	33	1
219	267	33	1
240	267	33	1
241	267	33	1
242	267	33	1
189	268	33	1
193	268	33	1
208	268	33	1
217	268	33	1
219	268	33	1
232	268	33	2
235	268	33	1
241	268	33	1
185	269	33	1
195	269	33	1
198	269	33	1
204	269	33	2
211	269	33	2
217	269	33	1
224	269	33	2
232	269	33	1
234	269	33	1
239	269	33	1
245	269	33	1
250	269	33	1
174	270	33	1
179	270	33	2
194	270	33	1
206	270	33	1
213	270	33	1
234	270	33	1
247	270	33	1
173	271	33	1
192	271	33	1
204	271	33	3
210	271	33	1
211	271	33	1
225	271	33	2
235	271	33	2
237	271	33	1
238	271	33	1
239	271	33	1
240	271	33	2
242	271	33	1
172	272	33	1
176	272	33	1
184	272	33	1
189	272	33	1
203	272	33	1
205	272	33	1
210	272	33	1
225	272	33	1
231	272	33	1
237	272	33	1
173	273	33	1
174	273	33	1
181	273	33	1
188	273	33	1
210	273	33	1
214	273	33	1
227	273	33	1
230	273	33	1
240	273	33	1
241	273	33	1
243	273	33	1
170	274	33	1
181	274	33	1
185	274	33	1
186	274	33	1
190	274	33	2
217	274	33	1
232	274	33	1
233	274	33	1
238	274	33	1
242	274	33	2
243	274	33	1
245	274	33	1
188	275	33	1
207	275	33	1
211	275	33	1
214	275	33	1
216	275	33	1
242	275	33	1
251	275	33	1
176	276	33	1
215	276	33	1
235	276	33	1
244	276	33	1
173	277	33	1
176	277	33	1
180	277	33	2
202	277	33	1
208	277	33	1
215	277	33	1
224	277	33	2
232	277	33	1
237	277	33	2
176	278	33	1
178	278	33	1
191	278	33	1
238	278	33	1
239	278	33	1
168	279	33	1
208	279	33	2
244	279	33	1
175	280	33	1
191	280	33	1
207	280	33	1
208	280	33	1
217	280	33	1
226	280	33	1
247	280	33	1
248	280	33	1
173	281	33	1
176	281	33	1
179	281	33	1
186	281	33	1
207	281	33	2
217	281	33	1
225	281	33	1
245	281	33	1
248	281	33	1
175	282	33	1
177	282	33	1
185	282	33	1
190	282	33	1
207	282	33	1
212	282	33	2
218	282	33	1
222	282	33	1
233	282	33	1
248	282	33	1
251	282	33	1
179	283	33	1
209	283	33	1
212	283	33	1
218	283	33	1
230	283	33	4
232	283	33	1
240	283	33	1
241	283	33	4
250	283	33	1
176	284	33	1
233	284	33	1
235	284	33	1
237	284	33	1
242	284	33	1
246	284	33	1
178	285	33	1
204	285	33	2
220	285	33	1
222	285	33	3
227	285	33	1
234	285	33	1
240	285	33	2
245	285	33	1
247	285	33	2
253	285	33	1
178	286	33	1
185	286	33	1
203	286	33	2
204	286	33	1
206	286	33	1
223	286	33	1
229	286	33	1
230	286	33	1
242	286	33	1
198	287	33	1
221	287	33	1
225	287	33	2
228	287	33	1
235	287	33	1
187	288	33	1
219	288	33	1
220	288	33	1
231	288	33	2
236	288	33	1
244	288	33	1
245	288	33	2
257	288	33	1
202	289	33	1
205	289	33	1
230	289	33	1
231	289	33	1
234	289	33	1
237	289	33	1
241.5	289.5	33.5	2
184	290	33	1
230	290	33	1
236	290	33	1
239	290	33	1
243	290	33	1
255	290	33	1
201	291	33	1
203	291	33	1
231	291	33	1
228	292	33	1
229	292	33	1
236	292	33	1
237	292	33	1
238	292	33	2
246	292	33	1
220	293	33	1
228	293	33	1
246	293	33	1
248	293	33	1
251	293	33	1
227	294	33	1
237	294	33	1
238	294	33	1
243	294	33	2
199	295	33	1
228	295	33	1
233	295	33	1
245	295	33	1
250	295	33	1
191	296	33	1
195	296	33	3
199	296	33	1
235	296	33	1
237	296	33	2
224	297	33	1
234	297	33	1
240	297	33	1
245	297	33	1
194	298	33	1
223	298	33	2
226	298	33	2
245	298	33	2
246	298	33	1
248	298	33	1
195	299	33	1
196	299	33	1
229	299	33	1
230	299	33	1
239	299	33	1
226	300	33	1
240	300	33	1
246	300	33	1
247	300	33	1
196	301	33	1
225	301	33	1
228	301	33	1
240	301	33	1
242	301	33	1
245	301	33	1
228	302	33	1
243	302	33	1
245	302	33	1
246	302	33	1
222	303	33	1
225	303	33	2
237	303	33	1
209	304	33	1
227	304	33	1
238	304	33	1
208	305	33	1
225	305	33	1
235	305	33	1
220	306	33	1
242	306	33	1
226	307	33	1
234	307	33	1
235	307	33	1
229	308	33	1
239	308	33	1
223	309	33	1
226	309	33	1
229	309	33	1
232	309	33	1
234	309	33	1
223	310	33	2
225	310	33	1
229	310	33	1
227	311	33	1
230	311	33	1
231	311	33	1
228	313	33	2
230	313	33	1
234	314	33	1
230	315	33	1
224	252	34	1
226	254	34	1
228	254	34	1
231	254	34	1
237	255	34	1
226	256	34	1
233	256	34	1
243	256	34	1
235	257	34	1
241	257	34	2
200	258	34	1
216	258	34	1
223	258	34	1
225	258	34	2
227	258	34	1
232	258	34	1
235	258	34	1
241	258	34	1
244	258	34	1
211	259	34	1
216	259	34	1
228	259	34	1
232	259	34	2
241	259	34	2
244	259	34	1
211	260	34	1
217	260	34	2
218	260	34	2
220	260	34	1
223	260	34	1
226	260	34	1
229	260	34	1
238	260	34	1
204	261	34	1
211	261	34	1
221	261	34	1
223	261	34	1
244	261	34	1
193	262	34	1
214	262	34	1
216	262	34	1
229	262	34	1
235	262	34	1
238	262	34	1
240	262	34	1
247	262	34	1
189	263	34	1
220	263	34	1
231	263	34	1
232	263	34	1
233	263	34	2
236	263	34	1
238	263	34	1
241	263	34	1
251	263	34	1
252	263	34	1
189	264	34	1
192	264	34	1
201	264	34	1
206	264	34	1
213	264	34	1
218	264	34	1
229	264	34	2
232	264	34	1
233	264	34	2
237	264	34	1
249	264	34	1
176	265	34	2
191	265	34	2
192	265	34	2
193	265	34	1
196	265	34	1
204	265	34	2
205	265	34	1
207	265	34	3
211	265	34	1
219	265	34	1
223	265	34	1
231	265	34	1
233	265	34	1
245	265	34	1
248	265	34	1
194	266	34	2
208	266	34	2
210	266	34	1
211	266	34	1
229	266	34	1
230	266	34	1
237	266	34	1
249	266	34	2
186	267	34	1
189	267	34	1
193	267	34	1
215	267	34	1
220	267	34	1
224	267	34	1
225	267	34	1
230	267	34	1
235	267	34	1
242	267	34	1
250	267	34	1
183	268	34	1
210	268	34	1
222	268	34	1
242	268	34	1
249	268	34	1
250	268	34	1
252	268	34	1
191	269	34	1
196	269	34	1
197	269	34	1
204	269	34	2
210	269	34	1
217	269	34	1
219	269	34	1
232	269	34	1
235	269	34	2
236	269	34	1
239	269	34	1
245	269	34	1
185	270	34	2
195	270	34	1
215	270	34	1
240	270	34	1
251	270	34	1
180	271	34	1
182	271	34	1
205	271	34	1
211	271	34	1
221	271	34	1
234	271	34	2
239	271	34	1
241	271	34	1
243	271	34	1
214	272	34	1
218	272	34	1
225	272	34	1
240	272	34	1
241	272	34	1
170	273	34	1
184	273	34	1
185	273	34	2
188	273	34	2
203	273	34	1
209	273	34	1
211	273	34	1
212	273	34	1
214	273	34	1
243	273	34	1
249	273	34	1
183	274	34	1
204	274	34	1
207	274	34	1
216	274	34	1
218	274	34	1
226	274	34	1
229	274	34	1
234	274	34	1
236	274	34	1
181	275	34	1
206	275	34	1
208	275	34	2
212	275	34	3
217	275	34	1
219	275	34	1
226	275	34	1
233	275	34	1
175	276	34	1
203	276	34	1
209	276	34	1
214	276	34	1
233	276	34	2
245	276	34	1
250	276	34	1
186	277	34	1
189	277	34	1
209	277	34	2
212	277	34	1
235	277	34	1
241	277	34	1
175	278	34	1
176	278	34	1
190	278	34	1
201	278	34	1
214	278	34	2
175	279	34	1
176	279	34	1
179	279	34	1
205	279	34	1
219	279	34	1
242	279	34	2
246	279	34	1
248	279	34	1
249	279	34	4
173	280	34	1
181	280	34	1
208	280	34	1
209	280	34	2
240	280	34	3
247	280	34	1
173	281	34	1
176	281	34	1
189	281	34	1
191	281	34	1
192	281	34	2
206	281	34	1
209	281	34	2
221	281	34	1
227	281	34	1
230	281	34	1
232	281	34	1
244	281	34	1
248	281	34	1
179	282	34	1
182	282	34	1
187	282	34	1
213	282	34	2
215	282	34	1
220	282	34	1
226	282	34	2
251	282	34	2
175	283	34	1
192	283	34	1
209	283	34	1
211	283	34	1
218	283	34	1
227	283	34	1
243	283	34	1
245	283	34	1
178	284	34	2
191	284	34	1
206	284	34	1
209	284	34	1
220	284	34	3
226	284	34	1
233	284	34	1
234	284	34	1
236	284	34	1
237	284	34	1
242	284	34	1
179	285	34	1
187	285	34	1
202	285	34	1
209	285	34	1
218	285	34	1
222	285	34	1
233	285	34	1
240	285	34	1
247	285	34	1
199	286	34	1
203	286	34	2
205	286	34	1
207	286	34	1
208	286	34	1
227	286	34	1
228	286	34	1
231	286	34	1
239	286	34	1
255	286	34	1
222	287	34	1
224	287	34	1
226	287	34	2
233	287	34	1
235	287	34	1
236	287	34	1
238	287	34	1
241	287	34	1
252	287	34	1
176	288	34	1
187	288	34	1
206	288	34	1
222	288	34	1
224	288	34	1
226	288	34	3
227	288	34	2
229	288	34	2
233	288	34	1
235	288	34	1
237	288	34	1
238	288	34	1
239	288	34	1
249	288	34	1
184	289	34	1
200	289	34	1
224	289	34	1
226	289	34	1
232	289	34	1
238	289	34	2
246	289	34	1
248	289	34	1
186	290	34	1
187	290	34	1
224	290	34	1
229	290	34	1
230	290	34	1
233	290	34	1
235	290	34	3
237	290	34	1
244	290	34	1
253	290	34	1
199	291	34	2
202	291	34	1
221	291	34	1
229	291	34	1
232	291	34	1
236	291	34	1
237	291	34	1
239	291	34	1
244	291	34	1
246	291	34	1
250	291	34	2
187	292	34	1
200	292	34	1
221	292	34	1
225	292	34	1
227	292	34	1
232	292	34	2
233	292	34	1
241	292	34	1
243	292	34	1
247	292	34	1
197	293	34	1
202	293	34	1
224	293	34	1
225	293	34	1
227	293	34	1
233	293	34	1
235	293	34	1
237	293	34	2
243	293	34	1
251	293	34	1
220	294	34	1
225	294	34	1
203	295	34	1
218	295	34	1
225	295	34	1
233	295	34	1
184	296	34	1
194	296	34	1
198	296	34	1
236	296	34	1
237	296	34	1
240	296	34	1
241	296	34	1
242	296	34	1
179	297	34	1
194	297	34	1
202	297	34	2
203	297	34	1
204	297	34	1
219	297	34	1
223	297	34	2
224	297	34	1
229	297	34	1
232	297	34	1
233	297	34	1
197	298	34	1
234	298	34	1
242	298	34	1
246	298	34	2
251	298	34	1
198	299	34	1
207	299	34	1
224	299	34	1
245	299	34	1
230	300	34	1
237	300	34	1
238	300	34	1
242	300	34	1
243	300	34	1
196	301	34	1
198	301	34	1
207	301	34	1
224	301	34	1
231	301	34	1
233	301	34	3
243	301	34	1
245	301	34	1
223	302	34	1
229	302	34	2
232	302	34	1
237	302	34	2
242	302	34	1
225	303	34	1
237	303	34	1
243	303	34	1
194	304	34	2
199	304	34	1
231	304	34	1
232	304	34	1
237	304	34	1
243	304	34	1
244	304	34	1
199	305	34	1
229	305	34	1
230	305	34	2
232	305	34	2
233	305	34	1
236	305	34	1
240	305	34	1
222	306	34	1
236	306	34	1
221	307	34	1
232	307	34	1
234	307	34	1
236	307	34	2
240	307	34	1
242	307	34	1
222	308	34	2
232	308	34	1
222	309	34	1
232	309	34	1
234	309	34	2
221	310	34	1
227	310	34	1
233	310	34	1
236	310	34	1
239	310	34	1
241	310	34	1
222	311	34	1
231	311	34	2
233	311	34	1
236	311	34	2
216	312	34	2
230	312	34	1
235	312	34	1
237	312	34	1
231	313	34	1
232	313	34	1
234	313	34	1
235	313	34	2
226	314	34	2
228	314	34	2
229	315	34	1
232	316	34	1
233	317	34	1
226	250	35	1
223	254	35	1
223	255	35	1
231	255	35	1
228	256	35	1
191	257	35	2
225	257	35	1
237	257	35	1
239	257	35	1
222	258	35	1
223	258	35	1
224	258	35	1
228	258	35	1
235	258	35	2
237	258	35	1
242	258	35	1
190	259	35	1
211	259	35	1
217	259	35	1
220	259	35	1
224	259	35	1
228	259	35	1
231	259	35	1
233	259	35	2
215	260	35	1
217	260	35	2
220	260	35	1
221	260	35	1
224	260	35	1
227	260	35	1
228	260	35	1
230	260	35	3
237	260	35	1
238	260	35	1
239	260	35	1
240	260	35	1
242	260	35	1
188	261	35	1
223	261	35	1
238	261	35	1
243	261	35	2
206	262	35	1
221	262	35	1
222	262	35	1
238	262	35	1
243	262	35	1
188	263	35	2
189	263	35	1
196	263	35	1
205	263	35	1
212	263	35	2
216	263	35	2
222	263	35	1
224	263	35	1
240	263	35	1
190	264	35	1
200	264	35	1
219	264	35	1
223	264	35	1
224	264	35	1
226	264	35	1
239	264	35	3
243	264	35	1
178	265	35	1
185	265	35	1
191	265	35	1
196	265	35	1
212	265	35	1
213	265	35	1
217	265	35	1
218	265	35	1
220	265	35	2
223	265	35	1
224	265	35	1
233	265	35	1
234	265	35	1
242	265	35	1
191	266	35	1
194	266	35	1
195	266	35	1
205	266	35	1
219	266	35	1
233	266	35	2
236	266	35	1
238	266	35	1
240	266	35	1
246	266	35	1
250	266	35	1
251	266	35	1
187	267	35	1
207	267	35	1
210	267	35	1
216	267	35	2
220	267	35	1
222	267	35	1
239	267	35	1
185	268	35	1
193	268	35	1
196	268	35	1
202	268	35	1
210	268	35	1
216	268	35	1
219	268	35	1
229	268	35	1
233	268	35	1
234	268	35	1
239	268	35	2
252	268	35	1
178	269	35	1
185	269	35	2
202	269	35	1
213	269	35	1
224	269	35	1
235	269	35	1
238	269	35	1
239	269	35	1
244	269	35	1
246	269	35	1
248	269	35	1
250	269	35	1
172	270	35	1
173	270	35	1
181	270	35	1
188	270	35	1
210	270	35	1
212	270	35	1
243	270	35	1
244	270	35	1
247	270	35	1
173	271	35	2
178	271	35	1
183	271	35	1
186	271	35	1
190	271	35	1
194	271	35	1
196	271	35	1
201	271	35	1
216	271	35	1
220	271	35	1
236	271	35	1
240	271	35	2
241	271	35	1
243	271	35	1
248	271	35	1
249	271	35	1
178	272	35	1
180	272	35	1
182	272	35	1
183	272	35	2
185	272	35	2
197	272	35	1
206	272	35	1
207	272	35	1
210	272	35	2
214	272	35	1
215	272	35	1
219	272	35	1
222	272	35	1
239	272	35	1
240	272	35	1
243	272	35	1
183	273	35	1
204	273	35	1
205	273	35	1
208	273	35	1
230	273	35	1
234	273	35	1
238	273	35	1
241	273	35	1
242	273	35	2
248	273	35	1
181	274	35	1
182	274	35	1
183	274	35	1
218	274	35	1
225	274	35	1
228	274	35	1
232	274	35	1
235	274	35	1
244	274	35	2
207	275	35	1
210	275	35	1
212	275	35	2
213	275	35	1
225	275	35	1
235	275	35	1
243	275	35	1
204	276	35	1
210	276	35	1
218	276	35	1
230	276	35	1
233	276	35	1
237	276	35	1
239	276	35	2
175	277	35	3
176	277	35	1
183	277	35	2
188	277	35	2
208	277	35	1
213	277	35	1
215	277	35	1
218	277	35	1
229	277	35	1
188	278	35	1
210	278	35	1
215	278	35	1
224	278	35	1
229	278	35	1
231	278	35	1
209	279	35	1
214	279	35	2
217	279	35	1
235	279	35	2
237	279	35	1
238	279	35	1
241	279	35	1
246	279	35	1
173	280	35	1
189	280	35	1
193	280	35	1
219	280	35	1
223	280	35	1
233	280	35	2
245	280	35	1
173	281	35	1
203	281	35	1
208	281	35	1
210	281	35	2
221	281	35	1
222	281	35	1
230	281	35	2
234	281	35	1
235	281	35	1
245	281	35	1
248	281	35	1
179	282	35	1
213	282	35	1
218	282	35	1
180	283	35	1
191	283	35	1
202	283	35	1
203	283	35	1
207	283	35	1
209	283	35	1
220	283	35	1
221	283	35	1
223	283	35	1
229	283	35	1
232	283	35	1
241	283	35	1
246	283	35	1
176	284	35	1
188	284	35	1
203	284	35	1
208	284	35	1
218	284	35	1
220	284	35	1
225	284	35	1
230	284	35	1
238	284	35	1
243	284	35	1
176	285	35	1
182	285	35	1
185	285	35	1
225	285	35	1
231	285	35	1
236	285	35	1
250	285	35	1
181	286	35	1
185	286	35	1
186	286	35	2
188	286	35	1
215	286	35	1
218	286	35	1
225	286	35	1
227	286	35	1
233	286	35	1
238	286	35	1
194	287	35	1
198	287	35	2
206	287	35	1
220	287	35	1
225	287	35	1
226	287	35	1
229	287	35	1
230	287	35	2
237	287	35	1
239	287	35	1
242	287	35	1
243	287	35	2
244	287	35	1
186	288	35	1
190	288	35	1
192	288	35	1
199	288	35	1
232	288	35	1
238	288	35	1
174	289	35	1
176	289	35	1
187	289	35	1
220	289	35	1
224	289	35	1
228	289	35	1
238	289	35	1
246	289	35	1
187	290	35	1
197	290	35	2
199	290	35	1
205	290	35	1
206	290	35	1
220	290	35	1
222	290	35	1
223	290	35	1
224	290	35	1
232	290	35	1
241	290	35	1
183	291	35	1
187	291	35	1
194	291	35	1
195	291	35	1
199	291	35	1
216	291	35	2
229	291	35	3
239	291	35	1
241	291	35	1
244	291	35	2
182	292	35	1
187	292	35	1
200	292	35	1
205	292	35	1
223	292	35	1
226	292	35	1
228	292	35	1
229	292	35	1
233	292	35	1
238	292	35	1
243	292	35	2
245	292	35	1
182	293	35	1
195	293	35	1
200	293	35	1
203	293	35	1
228	293	35	1
229	293	35	1
239	293	35	2
183	294	35	2
185	294	35	1
218	294	35	1
193	295	35	1
194	295	35	1
226	295	35	1
230	295	35	1
231	295	35	1
240	295	35	1
248	295	35	1
241	296	35	1
202	297	35	1
219	297	35	1
226	297	35	1
235	297	35	1
191	298	35	1
197	298	35	1
203	298	35	1
221	298	35	1
223	298	35	1
236	298	35	1
239	298	35	1
246	298	35	1
228	299	35	1
236	299	35	2
245	299	35	1
194	300	35	2
208	300	35	1
225	300	35	1
233	300	35	1
241	300	35	1
228	301	35	2
233	301	35	1
236	301	35	1
242	301	35	2
222	302	35	1
226	302	35	1
230	302	35	1
238	302	35	2
239	302	35	1
244	302	35	1
226	303	35	1
232	303	35	1
233	303	35	1
238	303	35	1
241	303	35	1
243	303	35	1
244	303	35	1
226	304	35	1
228	304	35	1
232	304	35	1
234	304	35	1
240	304	35	1
241	304	35	1
244	304	35	1
222	305	35	2
233	305	35	1
241	305	35	2
222	306	35	1
224	306	35	1
225	306	35	1
229	306	35	1
198	307	35	1
224	307	35	1
237	307	35	1
238	307	35	1
240	307	35	1
203	308	35	1
221	308	35	1
228	308	35	1
229	308	35	1
232	308	35	1
236	308	35	1
228	309	35	3
235	309	35	2
238	309	35	1
218	310	35	1
219	310	35	1
230	310	35	1
232	310	35	1
234	310	35	1
219	311	35	1
220	311	35	1
222	311	35	1
224	311	35	1
232	311	35	1
237	311	35	1
213	312	35	1
229	313	35	2
234	313	35	1
237	313	35	1
238	313	35	1
241	313	35	1
235	315	35	2
238	317	35	1
212	318	35	1
237	318	35	1
222	253	36	1
224	253	36	1
226	255	36	1
218	256	36	1
223	256	36	1
217	257	36	1
226	257	36	1
227	257	36	1
216	258	36	1
220	258	36	1
221	258	36	1
224	258	36	1
232	258	36	1
218	259	36	1
222	259	36	1
224	259	36	1
230	259	36	1
233	259	36	1
216	260	36	1
228	260	36	1
229	260	36	1
230	260	36	1
232	260	36	1
237	260	36	1
211	261	36	1
220	261	36	1
226	261	36	1
229	261	36	1
242	261	36	1
190	262	36	1
192	262	36	1
217	262	36	1
224	262	36	1
228	262	36	2
231	262	36	1
244	262	36	1
189	263	36	1
191	263	36	2
210	263	36	1
214	263	36	1
239	263	36	1
242	263	36	1
213	264	36	1
217	264	36	1
226	264	36	1
232	264	36	1
233	264	36	1
243	264	36	2
185	265	36	1
208	265	36	1
234	265	36	1
246	265	36	1
247	265	36	1
207	266	36	1
219	266	36	2
222	266	36	1
223	266	36	1
228	266	36	1
234	266	36	1
237	266	36	1
241	266	36	1
186	267	36	1
189	267	36	2
208	267	36	1
216	267	36	1
229	267	36	2
239	267	36	1
242	267	36	1
209	268	36	2
211	268	36	1
213	268	36	1
214	268	36	1
233	268	36	1
241	268	36	2
243	268	36	1
247	268	36	2
194	269	36	2
222	269	36	1
234	269	36	1
238	269	36	1
249	269	36	1
172	270	36	1
195	270	36	1
206	270	36	1
214	270	36	1
220	270	36	1
230	270	36	1
238	270	36	1
246	270	36	1
181	271	36	1
191	271	36	2
177	272	36	2
178	272	36	1
181	272	36	1
219	272	36	1
235	272	36	1
239	272	36	1
185	273	36	1
210	273	36	1
212	273	36	1
217	273	36	1
235	273	36	1
201	274	36	1
206	274	36	1
209	274	36	1
220	274	36	1
240	274	36	1
209	275	36	1
243	275	36	1
177	276	36	1
180	276	36	1
181	276	36	2
203	276	36	2
206	276	36	1
212	276	36	1
216	276	36	1
232	276	36	1
204	277	36	1
209	277	36	2
204	278	36	1
224	278	36	1
234	278	36	1
173	279	36	1
179	279	36	1
206	279	36	1
212	279	36	1
215	279	36	1
220	279	36	1
204	280	36	1
212	280	36	1
232	280	36	1
176	281	36	1
191	281	36	2
193	281	36	1
204	281	36	2
211	281	36	1
221	281	36	1
229	281	36	2
190	282	36	1
205	282	36	1
208	282	36	1
213	282	36	1
208	283	36	1
226	283	36	1
230	283	36	1
231	283	36	1
241	283	36	1
177	284	36	1
187	284	36	1
202	284	36	2
203	284	36	1
225	284	36	1
226	284	36	1
231	284	36	1
233	284	36	1
239	284	36	1
242	284	36	1
199	285	36	1
201	285	36	1
210	285	36	1
212	285	36	1
215	285	36	1
231	285	36	1
237	285	36	1
242	285	36	1
244	285	36	1
247	285	36	1
200	286	36	1
203	286	36	1
213	286	36	1
218	286	36	1
224	286	36	1
230	286	36	1
239	286	36	1
219	287	36	1
220	287	36	1
221	287	36	1
225	287	36	1
228	287	36	1
229	287	36	1
238	287	36	1
245	287	36	1
248	287	36	1
192	288	36	1
219	288	36	1
230	288	36	1
195	289	36	1
206	289	36	1
219	289	36	1
237	289	36	1
201	290	36	1
203	290	36	1
223	290	36	2
238	290	36	1
240	290	36	1
241	290	36	1
201	291	36	1
221	291	36	1
222	291	36	1
233	291	36	1
220	292	36	1
226	292	36	1
239	292	36	1
200	293	36	1
208	293	36	1
229	293	36	1
232	293	36	1
234	293	36	1
235	293	36	1
182	294	36	1
188	294	36	1
227	294	36	1
229	294	36	1
235	294	36	1
238	294	36	1
196	295	36	1
202	295	36	1
221	295	36	1
223	295	36	1
236	295	36	1
239	295	36	1
242	295	36	1
196	296	36	1
198	296	36	1
222	296	36	1
227	296	36	1
230	296	36	1
238	296	36	1
219	297	36	1
227	297	36	1
231	297	36	1
234	297	36	2
236	297	36	1
241	297	36	1
202	298	36	1
236	298	36	1
239	298	36	1
241	298	36	1
196	299	36	1
238	299	36	1
237	300	36	3
245	300	36	1
198	301	36	1
225	301	36	1
230	301	36	1
235	301	36	1
236	301	36	1
243	301	36	1
244	302	36	1
242	303	36	2
199	305	36	1
223	305	36	1
228	305	36	1
223	306	36	1
224	306	36	1
194	307	36	1
222	307	36	1
228	308	36	1
243	308	36	1
220	309	36	1
224	309	36	1
225	309	36	1
229	310	36	2
231	310	36	2
220	311	36	1
216	312	36	2
218	312	36	1
220	312	36	1
236	313	36	1
238	313	36	1
228	314	36	1
234	314	36	2
228	315	36	3
236	315	36	1
243	315	36	2
231	316	36	1
236	317	36	1
231	319	36	1
227	257	37	1
227	258	37	1
228	259	37	4
234	260	37	2
227	261	37	1
230	261	37	1
232	262	37	1
222	263	37	2
224	264	37	1
238	264	37	1
246	265	37	1
193	266	37	1
215	266	37	1
230	266	37	2
193	267	37	1
211	267	37	1
229	267	37	1
236	267	37	1
189	268	37	1
211	268	37	2
218	269	37	1
237	269	37	1
239	269	37	1
217	270	37	1
221	270	37	1
232	270	37	1
235	270	37	1
237	270	37	1
187	271	37	1
215	271	37	1
218	271	37	1
219	271	37	1
208	273	37	1
210	273	37	1
211	273	37	2
215	273	37	2
217	273	37	1
236	273	37	1
208	274	37	1
206	275	37	2
208	275	37	1
207	276	37	2
214	276	37	3
217	276	37	1
214	277	37	1
217	277	37	2
181	278	37	1
195	278	37	1
208	278	37	1
191	279	37	1
206	279	37	1
212	279	37	1
209	280	37	1
215	280	37	1
175	281	37	1
214	281	37	1
215	281	37	1
223	281	37	1
191	282	37	1
211	282	37	1
211	283	37	1
215	283	37	1
228	283	37	1
195	284	37	1
205	284	37	1
187	285	37	2
201	285	37	1
187	286	37	1
188	286	37	1
215	286	37	1
226	286	37	1
230	286	37	1
193	287	37	1
202	287	37	1
220	287	37	1
221	287	37	2
233	287	37	1
236	287	37	1
196	288	37	1
203	288	37	1
224	288	37	1
195	289	37	1
205	289	37	1
223	289	37	1
230	289	37	1
195	290	37	1
197	290	37	2
199	290	37	1
200	290	37	1
204	290	37	1
233	290	37	1
234	290	37	1
195	291	37	1
200	292	37	1
226	292	37	1
231	292	37	1
236	292	37	1
240	292	37	1
243	292	37	1
201	293	37	1
204	293	37	1
241	293	37	1
240	294	37	1
245	294	37	1
202	295	37	2
225	295	37	1
235	295	37	2
240	295	37	1
245	295	37	1
223	296	37	1
237	296	37	1
240	296	37	2
241	296	37	1
230	297	37	1
234	297	37	1
241	297	37	2
231	298	37	2
240	298	37	1
245	299	37	1
241	300	37	1
227	301	37	1
232	301	37	1
244	302	37	1
228	303	37	1
235	303	37	2
234	305	37	1
225	307	37	1
243	307	37	2
224	309	37	2
216	310	37	1
217	310	37	1
228	310	37	1
214	311	37	1
221	311	37	1
227	311	37	1
232	311	37	2
225	312	37	1
229	312	37	1
230	312	37	1
232	312	37	1
235	312	37	2
242	312	37	1
212	313	37	1
227	313	37	1
230	313	37	1
236	313	37	3
228	314	37	1
229	314	37	1
236	314	37	1
211	315	37	1
236	316	37	1
232	318	37	1
237	318	37	1
238	318	37	1
237	319	37	1
231	322	37	1
233	322	37	1
224	262	38	1
238	262	38	1
219	264	38	3
223	264	38	1
189	266	38	2
219	267	38	1
209	269	38	1
211	269	38	2
240	269	38	2
192	270	38	1
217	270	38	1
218	270	38	1
217	271	38	1
211	272	38	1
209	273	38	1
213	273	38	1
210	274	38	1
213	274	38	1
207	275	38	1
217	275	38	1
207	277	38	1
211	278	38	1
212	278	38	1
215	278	38	1
217	278	38	1
211	279	38	2
210	280	38	1
214	280	38	1
208	281	38	1
191	282	38	1
215	282	38	1
223	282	38	1
207	283	38	2
214	283	38	1
217	283	38	1
193	284	38	1
199	284	38	2
215	284	38	1
188	285	38	1
193	285	38	1
205	285	38	1
212	285	38	1
188	286	38	1
196	286	38	1
204	286	38	1
205	286	38	2
233	286	38	1
237	286	38	1
222	287	38	2
238	287	38	1
189	288	38	1
202	288	38	1
207	288	38	1
219	288	38	1
236	288	38	1
189	289	38	1
204	289	38	1
219	289	38	2
232	289	38	1
234	289	38	1
192	290	38	2
207	290	38	1
224	290	38	1
192	291	38	1
200	291	38	1
214	291	38	1
234	291	38	1
197	292	38	1
199	292	38	1
221	292	38	1
198	293	38	1
200	293	38	1
217	293	38	1
220	293	38	2
237	293	38	1
239	293	38	1
240	293	38	1
217	294	38	1
240	294	38	2
243	294	38	1
198	295	38	1
207	295	38	1
216	295	38	1
218	295	38	1
227	295	38	1
238	295	38	1
197	296	38	1
200	296	38	1
201	296	38	1
217	296	38	3
234	296	38	1
227	297	38	1
236	297	38	1
239	297	38	1
240	297	38	1
200	298	38	1
225	298	38	1
230	298	38	1
234	298	38	1
237	298	38	1
240	298	38	2
243	298	38	1
196	299	38	1
214	299	38	1
228	299	38	1
232	299	38	1
236	299	38	1
241	299	38	1
218	300	38	1
241	300	38	1
227	301	38	1
228	301	38	2
229	301	38	1
231	302	38	2
237	302	38	1
227	303	38	1
228	304	38	1
231	304	38	1
232	304	38	1
233	304	38	1
234	304	38	1
240	304	38	1
245	304	38	1
226	305	38	2
229	305	38	2
234	305	38	1
245	305	38	1
242	306	38	1
193	307	38	3
223	307	38	1
244	307	38	1
228	309	38	1
229	309	38	2
241	309	38	1
243	309	38	1
244	309	38	1
219	310	38	1
220	310	38	1
227	310	38	1
214	311	38	2
218	311	38	2
227	311	38	2
230	311	38	1
217	312	38	1
223	312	38	2
226	312	38	1
227	312	38	1
232	312	38	1
234	312	38	1
239	312	38	1
216	313	38	1
228	313	38	1
234	313	38	1
235	313	38	2
236	313	38	1
217	314	38	2
226	314	38	1
230	314	38	1
232	314	38	1
237	314	38	1
241	314	38	1
242	314	38	1
227	315	38	1
235	315	38	1
226	316	38	1
242	316	38	1
211	317	38	1
230	317	38	1
237	317	38	1
242	317	38	1
212	318	38	1
237	318	38	1
240	318	38	1
243	318	38	1
234	319	38	1
241	319	38	1
229	320	38	1
231	320	38	1
229	321	38	1
231	322	38	1
219	323	38	1
232	323	38	1
233	324	38	1
217	268	39	1
194	270	39	1
201	270	39	2
216	270	39	1
210	278	39	1
216	278	39	1
221	278	39	1
206	279	39	1
217	279	39	3
221	280	39	1
191	283	39	1
202	283	39	1
215	283	39	1
237	283	39	1
200	284	39	1
201	286	39	2
203	286	39	2
205	286	39	2
221	286	39	1
233	286	39	2
198	287	39	1
217	288	39	1
193	289	39	1
192	290	39	1
197	290	39	1
204	290	39	1
210	290	39	1
211	290	39	1
191	291	39	1
206	291	39	1
214	291	39	1
242	292	39	1
197	293	39	1
207	293	39	1
225	293	39	1
241	293	39	1
200	294	39	1
202	294	39	1
205	294	39	1
206	294	39	1
225	294	39	1
234	294	39	1
237	294	39	1
238	294	39	1
240	294	39	1
242	294	39	1
203	295	39	1
220	295	39	1
223	295	39	1
229	295	39	1
236	295	39	1
238	295	39	1
241	295	39	1
197	296	39	1
202	296	39	1
222	296	39	1
223	296	39	2
226	296	39	1
196	297	39	1
199	297	39	1
220	297	39	1
225	297	39	1
236	297	39	2
202	298	39	1
213	298	39	1
224	298	39	1
226	298	39	1
229	298	39	2
224	299	39	2
227	299	39	1
237	299	39	1
242	299	39	1
214	300	39	1
227	300	39	1
224	301	39	1
229	301	39	1
230	301	39	1
231	302	39	1
233	302	39	1
240	302	39	1
230	303	39	1
233	303	39	2
227	304	39	1
228	304	39	2
233	304	39	1
235	304	39	1
226	305	39	1
227	305	39	1
240	305	39	1
242	305	39	1
223	306	39	1
224	306	39	1
230	306	39	1
239	306	39	1
226	307	39	1
235	307	39	1
241	307	39	1
194	308	39	1
227	308	39	1
229	308	39	1
242	308	39	1
243	308	39	1
218	309	39	1
222	309	39	1
225	309	39	1
227	309	39	1
228	309	39	1
198	310	39	1
222	310	39	2
223	310	39	1
239	310	39	1
242	310	39	2
227	311	39	1
228	311	39	1
220	312	39	1
239	312	39	1
219	313	39	1
221	313	39	1
225	313	39	1
217	314	39	1
220	314	39	1
236	314	39	1
239	314	39	1
241	314	39	1
225	315	39	1
239	315	39	1
238	316	39	1
242	316	39	2
236	317	39	2
231	318	39	1
220	319	39	1
228	319	39	1
233	319	39	1
240	319	39	2
230	320	39	1
219	321	39	2
234	321	39	1
231	322	39	1
234	323	39	1
197	283	40	1
196	286	40	1
206	286	40	1
194	287	40	1
206	288	40	1
211	288	40	1
192	291	40	1
193	292	40	1
206	292	40	1
208	292	40	1
209	292	40	1
210	292	40	2
194	293	40	1
204	293	40	1
213	293	40	1
229	293	40	1
220	295	40	2
225	295	40	1
241	295	40	1
205	297	40	1
207	297	40	1
223	298	40	1
225	298	40	1
231	298	40	1
222	299	40	1
242	299	40	1
227	300	40	1
219	302	40	1
224	302	40	1
233	302	40	2
234	303	40	1
212	306	40	1
230	306	40	2
192	307	40	1
242	307	40	2
228	308	40	1
233	308	40	2
240	308	40	2
215	309	40	2
232	309	40	1
217	310	40	1
218	310	40	1
221	310	40	1
229	310	40	1
234	310	40	1
217	311	40	1
221	311	40	1
234	311	40	1
242	311	40	2
219	312	40	1
240	312	40	1
218	313	40	1
219	313	40	1
238	313	40	1
225	314	40	1
237	314	40	2
242	314	40	1
217	315	40	1
229	315	40	1
216	316	40	1
221	316	40	1
238	316	40	1
243	316	40	1
235	317	40	1
229	318	40	1
238	318	40	2
241	318	40	1
243	318	40	1
246	318	40	1
221	319	40	1
239	319	40	1
217	320	40	1
232	320	40	1
216	321	40	1
230	323	40	1
229	324	40	1
217	292	41	1
210	294	41	1
225	294	41	1
237	299	41	1
222	303	41	1
228	304	41	1
221	305	41	1
227	305	41	1
227	306	41	1
225	307	41	1
227	307	41	1
211	308	41	3
222	308	41	1
226	308	41	1
239	308	41	1
243	308	41	1
196	309	41	1
224	309	41	1
196	310	41	1
236	310	41	2
239	310	41	1
223	311	41	1
241	311	41	1
221	312	41	1
221	313	41	1
241	313	41	1
244	313	41	1
220	314	41	1
243	314	41	1
220	315	41	1
230	315	41	1
243	315	41	1
218	317	41	1
223	317	41	1
244	317	41	1
245	318	41	1
242	319	41	1
240	320	41	1
229	321	41	1
228	322	41	1
236	323	41	1
214	326	41	1
231	300	42	1
221	301	42	1
222	303	42	1
220	305	42	2
229	305	42	1
231	306	42	2
226	307	42	1
223	308	42	1
227	308	42	1
240	308	42	1
222	310	42	1
223	311	42	1
240	311	42	1
244	312	42	1
221	313	42	1
224	313	42	1
221	314	42	1
219	315	42	1
220	315	42	1
222	315	42	1
226	315	42	2
240	315	42	1
227	316	42	1
228	316	42	1
231	316	42	1
240	316	42	1
221	317	42	1
223	317	42	1
232	317	42	1
218	318	42	1
219	318	42	1
220	318	42	1
231	318	42	2
246	318	42	1
204	319	42	1
224	319	42	1
228	319	42	1
229	319	42	1
226	322	42	1
220	305	43	1
220	308	43	1
220	309	43	1
218	310	43	1
222	310	43	2
222	311	43	1
241	311	43	1
238	313	43	2
238	314	43	1
223	315	43	2
229	315	43	1
219	316	43	1
226	322	43	1
220	304	44	1
225	311	44	1
219	313	44	1
211	314	44	1
221	314	44	1
220	315	44	1
227	317	44	1
238	317	44	1
242	319	44	1
228	320	44	1
229	321	44	1
230	321	44	1
