x	y	z	Vitamin B5 (pantothenate) metabolism
183.039773122643	289.659001437601	35.0807824929564	1
142	221	20	2
142	222	20	2
175	223	20	3
115	224	20	1
155	224	20	1
167	224	20	1
141	225	20	1
157	225	20	1
162	225	20	1
176	225	20	1
139	226	20	1
156	226	20	2
160	227	20	1
112	228	20	1
119	228	20	1
130	228	20	1
132	228	20	2
151	228	20	1
158	228	20	1
126	229	20	1
158	229	20	1
159	229	20	1
157	230	20	1
169	230	20	1
173	230	20	1
113	231	20	1
132	231	20	1
199	231	20	1
135	232	20	1
137	232	20	2
142	232	20	1
146	232	20	1
197	232	20	1
130	233	20	1
136	233	20	1
132	234	20	1
135	234	20	2
129	235	20	1
137	235	20	1
143	235	20	1
145	235	20	2
151	235	20	3
158	235	20	1
206	235	20	1
141	236	20	1
154	236	20	1
140	237	20	1
146	237	20	1
147	237	20	1
151	237	20	3
165	237	20	1
169	237	20	3
204	237	20	1
139	238	20	1
140	238	20	1
145	238	20	1
128	239	20	1
141	239	20	1
151	239	20	1
160	239	20	1
183	239	20	2
230	239	20	1
102	240	20	1
118	240	20	1
191	240	20	1
214	240	20	2
216	240	20	1
126	241	20	1
127	241	20	2
131	241	20	1
135	241	20	2
145	241	20	1
167	241	20	3
237	241	20	1
123	242	20	1
141	242	20	1
148	242	20	1
150	242	20	1
185	242	20	1
237	242	20	1
130	243	20	1
141	243	20	2
181	243	20	1
213	243	20	1
247	243	20	1
118	244	20	1
126	244	20	1
145	244	20	1
154	244	20	2
162	244	20	1
213	244	20	1
220	244	20	1
111	245	20	1
160	245	20	2
169	245	20	1
176	245	20	1
183	245	20	1
214	245	20	1
226	245	20	1
117	246	20	1
122	246	20	1
149	246	20	1
221	246	20	2
252	246	20	1
102	247	20	1
133	247	20	2
139	247	20	2
140	247	20	1
109	248	20	1
166	248	20	2
210	248	20	3
145	249	20	1
151	249	20	2
169	249	20	1
191	249	20	1
194	249	20	1
121	250	20	3
162	250	20	2
227	250	20	1
260	250	20	1
101	251	20	1
175	251	20	1
216	251	20	1
218	251	20	1
122	252	20	1
161	252	20	1
207	252	20	3
212	252	20	1
120	253	20	1
122	253	20	1
139	253	20	1
154	253	20	1
175	253	20	1
154	254	20	1
161	254	20	1
180	254	20	1
183	254	20	1
226	254	20	1
238	254	20	1
143	255	20	1
200	255	20	1
214	255	20	1
110	256	20	1
158	256	20	1
172	256	20	1
204	256	20	1
143	257	20	2
146	257	20	2
197	257	20	1
229	257	20	2
232	257	20	1
265	257	20	1
128	258	20	1
176	258	20	1
198	258	20	1
220	258	20	1
167	259	20	1
195	259	20	1
197	259	20	1
229	259	20	1
231	259	20	2
232	259	20	1
265	259	20	1
108	260	20	1
127	260	20	1
142	260	20	1
158	260	20	1
200	260	20	2
102	261	20	1
141	261	20	1
147	261	20	1
156	261	20	1
199	261	20	1
144	262	20	1
254	262	20	3
163	263	20	1
166	263	20	1
210	263	20	1
105	264	20	2
146	264	20	1
160	264	20	1
168	264	20	4
187	264	20	3
250	264	20	1
134	265	20	1
137	265	20	1
179	265	20	1
218	265	20	1
236	265	20	1
118	266	20	1
129	266	20	1
132	266	20	1
136	266	20	1
158	266	20	1
179	266	20	1
225	266	20	2
251	266	20	1
116	267	20	1
154	267	20	1
262	267	20	1
266	267	20	1
109	268	20	2
113	268	20	1
145	268	20	1
146	268	20	2
151	268	20	2
154	268	20	1
157	268	20	1
162	268	20	1
209	268	20	1
216	268	20	1
255	268	20	2
107	269	20	1
119	269	20	1
147	269	20	1
184	269	20	1
212	269	20	1
100	270	20	1
113	270	20	1
114	270	20	1
147	270	20	1
155	270	20	1
156	270	20	1
162	270	20	1
224	270	20	2
227	270	20	2
250	270	20	1
261	270	20	1
152	271	20	1
159	271	20	1
163	271	20	1
164	271	20	4
173	271	20	1
225	271	20	1
107	272	20	3
117	272	20	1
120	272	20	2
121	272	20	1
125	272	20	1
135	272	20	2
144	272	20	1
156	272	20	1
225	272	20	2
255	272	20	1
101	273	20	1
117	273	20	2
152	273	20	1
167	273	20	1
178	273	20	1
201	273	20	1
207	273	20	1
217	273	20	1
223	273	20	1
139	274	20	1
169	274	20	1
174	274	20	1
185	274	20	1
197	274	20	1
227	274	20	1
229	274	20	2
230	274	20	1
131	275	20	2
147	275	20	1
148	275	20	1
154	275	20	1
169	275	20	1
176	275	20	1
200	275	20	1
204	275	20	1
205	275	20	1
221	275	20	1
235	275	20	1
268	275	20	2
122	276	20	1
126	276	20	1
137	276	20	1
155	276	20	1
158	276	20	1
162	276	20	1
163	276	20	1
170	276	20	1
174	276	20	1
182	276	20	1
221	276	20	1
231	276	20	2
130	277	20	1
177	277	20	1
226	277	20	2
249	277	20	3
129	278	20	1
137	278	20	2
160	278	20	1
170	278	20	1
208	278	20	2
227	278	20	1
256	278	20	1
269	278	20	1
270	278	20	4
175	279	20	1
186	279	20	2
200	279	20	1
218	279	20	1
224	279	20	5
225	279	20	1
232	279	20	1
241	279	20	1
269	279	20	1
109	280	20	1
163	280	20	2
172	280	20	2
176	280	20	2
193	280	20	2
197	280	20	1
224	280	20	1
256	280	20	1
269	280	20	2
131	281	20	1
142	281	20	1
147	281	20	1
172	281	20	1
216	281	20	1
218	281	20	1
261	281	20	1
172	282	20	1
181	282	20	1
269	282	20	1
130	283	20	2
161	283	20	2
165	283	20	1
173	283	20	2
179	283	20	1
153	284	20	2
163	284	20	1
186	284	20	1
213	284	20	1
214	284	20	2
224	284	20	1
228	284	20	1
139	285	20	1
145	285	20	1
205	285	20	1
231	285	20	1
272	285	20	1
151	286	20	1
218	286	20	1
236	286	20	1
271	286	20	1
124	287	20	1
129	287	20	1
146	287	20	1
155	287	20	1
205	287	20	2
221	287	20	1
224	287	20	1
226	287	20	1
261	287	20	1
268	287	20	1
113	288	20	1
121	288	20	2
126	288	20	2
167	288	20	1
169	288	20	1
170	288	20	1
223	288	20	3
224	288	20	1
225	288	20	1
238	288	20	1
124	289	20	1
143	289	20	1
147	289	20	1
149	289	20	1
181	289	20	2
201	289	20	1
224	289	20	2
189	290	20	1
224	290	20	1
117	291	20	1
192	291	20	1
227	291	20	2
104	292	20	1
129	292	20	1
140	292	20	1
173	292	20	1
189	292	20	1
195	292	20	1
207	292	20	1
237	292	20	2
242	292	20	2
249	292	20	1
264	292	20	1
268	292	20	2
106	293	20	1
134	293	20	2
142	293	20	1
148	293	20	1
204	293	20	1
225	293	20	1
261	293	20	1
118	294	20	1
126	294	20	1
161	294	20	1
174	294	20	1
211	294	20	1
214	294	20	1
220	294	20	3
222	294	20	1
136	295	20	1
151	295	20	1
189	295	20	3
198	295	20	2
218	295	20	2
220	295	20	3
120	296	20	1
170	296	20	1
180	296	20	2
196	296	20	1
216	296	20	1
161	297	20	1
172	297	20	2
249	297	20	2
256	297	20	1
270	297	20	1
110	298	20	2
123	298	20	1
153	298	20	1
165	298	20	2
189	298	20	1
193	298	20	2
230	298	20	1
237	298	20	1
134	299	20	1
156	299	20	1
179	299	20	1
194	299	20	1
219	299	20	1
235	299	20	1
243	299	20	2
264	299	20	1
120	300	20	2
174	300	20	1
253	300	20	1
266	300	20	1
149	301	20	2
186	301	20	1
233	301	20	2
240	301	20	1
250	301	20	1
114	302	20	1
204	302	20	1
206	302	20	2
213	302	20	4
264	302	20	1
141	303	20	2
150	303	20	1
222	303	20	1
96	304	20	1
149	304	20	1
166	304	20	1
203	304	20	1
209	304	20	1
210	304	20	2
236	304	20	1
238	304	20	1
239	304	20	1
262	304	20	1
124	305	20	1
206	305	20	1
208	305	20	1
223	305	20	1
249	305	20	2
132	306	20	1
136	306	20	1
240	306	20	1
249	306	20	1
259	306	20	3
177	307	20	1
213	307	20	1
238	307	20	1
239	307	20	2
103	308	20	2
171	308	20	2
184	308	20	1
197	308	20	1
220	308	20	1
229	308	20	1
249	308	20	3
257	308	20	1
260	308	20	1
130	309	20	1
201	309	20	1
246	309	20	2
262	309	20	1
182	310	20	2
198	310	20	1
263	310	20	2
152	311	20	1
200	311	20	1
201	311	20	2
230	311	20	1
264	311	20	2
93	312	20	1
115	312	20	1
202	312	20	1
205	312	20	1
247	312	20	1
263	312	20	2
94	313	20	1
158	313	20	1
164	313	20	1
181	313	20	1
201	313	20	1
229	313	20	1
100	314	20	1
152	314	20	3
180	314	20	1
201	314	20	1
237	314	20	1
266	314	20	2
133	315	20	1
150	315	20	1
180	315	20	2
198	315	20	1
215	315	20	1
240	315	20	1
243	315	20	2
259	315	20	2
265	315	20	1
126	316	20	1
178	316	20	1
185	316	20	1
256	316	20	2
257	316	20	2
259	316	20	1
110	317	20	1
115	317	20	1
129	317	20	2
152	317	20	1
163	317	20	1
202	317	20	1
212	317	20	1
242	317	20	1
117	318	20	1
121	318	20	1
126	318	20	1
129	318	20	1
187	318	20	1
256	318	20	1
257	318	20	1
98	319	20	1
100	319	20	1
153	319	20	1
168	319	20	1
193	319	20	1
218	319	20	1
233	319	20	1
258	319	20	1
120	320	20	1
179	320	20	1
180	320	20	1
195	320	20	1
244	320	20	2
250	320	20	1
94	321	20	3
112	321	20	1
195	321	20	1
196	321	20	2
210	321	20	1
237	321	20	1
254	321	20	1
264	321	20	1
127	322	20	1
157	322	20	1
180	322	20	1
183	322	20	1
187	322	20	2
190	322	20	1
198	322	20	1
99	323	20	2
108	323	20	1
111	323	20	1
178	323	20	1
180	323	20	2
186	323	20	2
222	323	20	2
233	323	20	1
234	323	20	1
264	323	20	1
161	324	20	1
165	324	20	1
177	324	20	1
185	324	20	1
188	324	20	1
181	325	20	1
183	325	20	1
185	325	20	1
189	325	20	1
196	325	20	1
216	325	20	1
228	325	20	1
258	325	20	1
128	326	20	3
188	326	20	1
261	326	20	1
102	327	20	1
139	327	20	1
179	327	20	2
188	327	20	1
189	327	20	1
228	327	20	1
233	327	20	1
256	327	20	1
135	328	20	1
156	328	20	1
167	328	20	1
181	328	20	3
198	328	20	2
212	328	20	1
214	328	20	1
221	328	20	2
257	328	20	1
260	328	20	1
261	328	20	3
98	329	20	1
106	329	20	2
120	329	20	1
169	329	20	1
210	329	20	1
221	329	20	1
97	330	20	1
124	330	20	1
150	330	20	1
157	330	20	2
179	330	20	1
181	330	20	2
259	330	20	1
262	330	20	1
100	331	20	1
118	331	20	1
180	331	20	1
201	331	20	1
240	331	20	1
255	331	20	1
113	332	20	1
114	332	20	2
140	332	20	1
198	332	20	2
199	332	20	1
209	332	20	1
232	332	20	2
96	333	20	1
137	333	20	1
157	333	20	1
174	333	20	1
175	333	20	1
179	333	20	1
235	333	20	1
244	333	20	1
250	333	20	1
261	333	20	2
143	334	20	1
158	334	20	2
160	334	20	1
177	334	20	1
186	334	20	1
205	334	20	1
253	334	20	1
256	334	20	2
258	334	20	2
237	335	20	2
239	335	20	1
246	335	20	1
134	336	20	1
137	336	20	1
163	336	20	1
169	336	20	2
175	336	20	1
207	336	20	1
224	336	20	2
230	336	20	1
248	336	20	1
205	337	20	1
233	337	20	1
246	337	20	1
186	339	20	1
249	339	20	1
242	340	20	1
167	341	20	2
173	341	20	1
214	341	20	1
173	342	20	2
227	342	20	1
245	343	20	1
181	344	20	1
243	345	20	1
187	346	20	1
213	346	20	1
217	346	20	1
198	347	20	1
173	348	20	2
186	349	20	1
190	349	20	1
192	349	20	2
212	349	20	1
235	349	20	1
165	350	20	1
207	350	20	2
203	351	20	1
178	352	20	1
186	352	20	2
231	352	20	1
165	353	20	1
173	353	20	1
178	353	20	1
170	354	20	1
178	354	20	1
210	354	20	1
218	355	20	1
229	356	20	1
180	357	20	1
220	358	20	1
191	359	20	1
200	359	20	1
173	360	20	1
176	360	20	1
180	360	20	1
186	360	20	1
176	361	20	1
205	361	20	2
182	362	20	1
192	362	20	1
193	364	20	2
129	222	21	1
172	224	21	1
177	225	21	1
180	225	21	1
155	226	21	1
183	226	21	1
161	228	21	1
182	228	21	1
173	230	21	1
129	231	21	1
144	233	21	1
134	235	21	1
141	235	21	2
217	235	21	3
131	236	21	2
140	236	21	1
141	236	21	1
132	237	21	1
137	237	21	1
138	237	21	2
146	237	21	1
172	237	21	1
178	237	21	2
148	238	21	2
129	239	21	2
131	239	21	2
135	239	21	1
139	239	21	1
178	239	21	1
126	240	21	1
128	240	21	1
130	240	21	1
138	240	21	2
146	240	21	1
150	240	21	1
151	240	21	1
212	240	21	2
129	241	21	1
132	241	21	2
133	241	21	1
134	241	21	1
137	241	21	1
152	241	21	1
214	241	21	1
215	241	21	1
128	242	21	1
136	242	21	1
137	242	21	1
142	243	21	1
143	243	21	2
132	244	21	1
116	245	21	2
139	245	21	1
194	245	21	2
214	245	21	1
217	245	21	1
135	246	21	1
137	246	21	1
149	247	21	1
197	247	21	1
232	247	21	2
216	249	21	1
217	250	21	1
217	251	21	1
219	252	21	1
154	253	21	1
197	253	21	1
228	254	21	2
161	255	21	2
169	255	21	1
230	255	21	1
231	255	21	1
122	256	21	1
231	256	21	1
163	259	21	1
160	260	21	1
189	262	21	1
133	263	21	1
161	264	21	2
162	264	21	2
158	265	21	1
161	266	21	3
221	266	21	2
164	267	21	3
160	268	21	1
124	269	21	1
154	269	21	1
160	269	21	1
177	269	21	1
178	269	21	1
126	270	21	1
156	270	21	1
164	270	21	1
235	270	21	1
115	271	21	1
119	271	21	1
120	271	21	2
176	271	21	1
125	272	21	1
158	272	21	1
164	272	21	1
166	272	21	2
167	272	21	1
173	272	21	1
175	272	21	1
122	273	21	1
151	273	21	2
177	273	21	1
225	273	21	2
113	274	21	1
154	274	21	2
227	274	21	1
176	275	21	1
177	275	21	1
136	276	21	1
219	276	21	2
221	276	21	1
267	276	21	1
174	277	21	1
219	277	21	1
117	278	21	2
124	278	21	1
157	278	21	2
171	278	21	1
186	279	21	1
216	279	21	1
218	279	21	1
125	280	21	1
147	280	21	1
168	280	21	1
204	280	21	2
205	280	21	3
219	280	21	2
169	281	21	1
219	281	21	1
226	281	21	2
140	282	21	1
170	282	21	1
217	282	21	1
224	282	21	2
150	283	21	1
173	283	21	1
216	283	21	1
217	283	21	1
206	284	21	1
215	284	21	2
222	284	21	1
224	284	21	1
123	285	21	1
180	285	21	1
217	286	21	1
219	287	21	1
220	287	21	2
221	287	21	1
223	287	21	1
134	288	21	2
186	288	21	1
205	288	21	1
219	290	21	1
222	290	21	1
106	291	21	2
178	291	21	1
218	291	21	1
268	292	21	1
271	292	21	1
193	294	21	1
194	294	21	2
235	294	21	2
218	295	21	1
245	295	21	1
126	296	21	4
156	296	21	1
218	296	21	1
154	297	21	1
194	297	21	2
214	297	21	1
262	297	21	1
162	298	21	1
177	298	21	3
230	298	21	1
192	299	21	1
131	300	21	1
211	300	21	1
239	300	21	2
210	301	21	3
264	302	21	1
186	303	21	1
207	303	21	1
211	303	21	1
240	303	21	2
235	304	21	2
266	304	21	1
210	305	21	1
181	306	21	2
203	306	21	1
234	306	21	1
258	306	21	2
204	307	21	1
207	307	21	1
260	307	21	1
180	308	21	1
240	308	21	1
261	308	21	1
129	309	21	2
170	309	21	1
200	309	21	2
209	309	21	1
242	309	21	1
261	309	21	1
264	309	21	1
149	310	21	1
166	310	21	2
230	310	21	1
261	310	21	2
93	311	21	1
177	311	21	1
204	311	21	1
179	312	21	1
203	312	21	1
257	312	21	1
241	313	21	1
260	313	21	1
261	313	21	1
172	314	21	1
175	314	21	1
230	314	21	2
256	314	21	3
163	315	21	1
214	315	21	1
256	315	21	2
258	315	21	1
265	315	21	2
181	316	21	2
203	316	21	1
237	316	21	1
254	316	21	3
260	316	21	1
180	317	21	1
232	317	21	1
257	317	21	1
146	318	21	3
170	318	21	1
177	318	21	1
166	319	21	1
241	319	21	1
258	319	21	2
258	320	21	1
262	320	21	1
118	321	21	1
183	321	21	1
187	321	21	1
256	321	21	1
178	322	21	1
182	322	21	1
179	323	21	1
181	323	21	1
243	323	21	1
261	323	21	1
141	324	21	1
149	324	21	4
180	324	21	1
186	324	21	1
187	324	21	1
188	324	21	1
196	324	21	1
181	325	21	2
186	325	21	1
199	325	21	1
181	326	21	1
156	327	21	2
202	328	21	1
260	328	21	2
99	329	21	3
100	329	21	1
105	331	21	1
153	331	21	1
230	331	21	2
261	332	21	1
210	333	21	1
259	333	21	1
121	334	21	1
223	334	21	1
134	335	21	1
211	336	21	1
175	337	21	1
177	337	21	1
180	338	21	1
240	338	21	1
173	339	21	4
189	339	21	3
242	339	21	1
239	342	21	1
241	344	21	1
241	345	21	2
243	345	21	2
180	346	21	1
236	348	21	1
198	349	21	1
168	359	21	1
179	360	21	1
191	364	21	2
126	226	22	2
131	234	22	2
134	234	22	1
139	234	22	3
140	234	22	1
132	235	22	2
136	235	22	1
142	235	22	1
148	235	22	1
132	236	22	1
133	236	22	3
136	236	22	3
129	237	22	1
129	238	22	1
134	238	22	1
141	238	22	1
141	239	22	1
213	239	22	3
216	239	22	1
125	240	22	2
146	240	22	2
152	240	22	1
132	241	22	1
139	241	22	1
132	242	22	2
215	242	22	1
136	244	22	1
133	245	22	1
136	245	22	1
135	247	22	2
219	251	22	1
221	254	22	1
229	255	22	1
150	256	22	2
196	256	22	1
160	258	22	2
162	260	22	1
197	260	22	1
119	267	22	1
121	267	22	2
132	267	22	1
160	267	22	1
121	268	22	1
122	269	22	1
155	269	22	3
159	269	22	1
122	270	22	1
127	270	22	2
155	270	22	1
179	270	22	1
119	271	22	1
164	271	22	1
165	271	22	1
176	271	22	1
177	272	22	2
118	273	22	1
177	273	22	1
168	274	22	1
177	274	22	2
164	275	22	1
178	275	22	1
177	276	22	2
176	277	22	1
169	278	22	1
170	278	22	1
176	278	22	1
190	278	22	2
169	279	22	2
171	279	22	2
178	279	22	1
170	280	22	1
178	280	22	1
170	281	22	1
167	282	22	1
172	282	22	1
175	282	22	3
226	282	22	1
224	285	22	1
219	288	22	1
271	289	22	3
222	292	22	1
218	293	22	3
266	294	22	1
217	295	22	1
215	296	22	1
269	296	22	1
217	297	22	1
220	297	22	1
268	297	22	2
214	300	22	1
267	300	22	2
189	301	22	1
212	303	22	2
266	303	22	1
268	303	22	2
185	304	22	1
186	304	22	1
236	304	22	1
236	305	22	1
232	306	22	1
182	307	22	1
238	307	22	1
235	308	22	2
206	309	22	1
208	309	22	1
204	310	22	1
207	310	22	1
250	310	22	1
206	311	22	1
231	311	22	1
264	311	22	2
258	312	22	1
175	313	22	1
233	313	22	2
200	314	22	1
257	314	22	1
261	315	22	1
263	315	22	2
236	317	22	3
176	318	22	1
258	318	22	1
260	318	22	2
184	320	22	3
182	321	22	1
257	321	22	1
187	323	22	1
258	323	22	1
180	324	22	2
181	324	22	2
182	324	22	2
194	324	22	1
196	324	22	2
200	324	22	2
146	325	22	1
181	325	22	1
182	325	22	1
188	325	22	2
202	326	22	1
259	326	22	1
184	328	22	2
99	329	22	2
181	331	22	3
259	331	22	2
179	337	22	1
177	338	22	1
179	339	22	1
242	343	22	2
243	343	22	1
245	343	22	1
180	360	22	1
156	230	23	1
157	231	23	1
138	234	23	1
146	234	23	1
140	235	23	1
141	235	23	1
144	235	23	1
148	235	23	1
144	236	23	1
150	236	23	1
133	237	23	1
142	237	23	1
214	237	23	2
133	238	23	4
139	238	23	2
145	238	23	1
217	238	23	1
132	241	23	1
135	241	23	2
142	241	23	1
143	241	23	1
145	241	23	1
150	241	23	1
132	242	23	1
213	242	23	1
134	243	23	1
140	243	23	1
214	243	23	1
227	243	23	2
142	244	23	3
134	246	23	1
227	249	23	1
218	250	23	1
222	252	23	2
222	253	23	2
162	255	23	1
197	255	23	1
226	255	23	1
224	257	23	1
228	257	23	2
178	258	23	1
220	262	23	1
119	263	23	1
218	263	23	1
124	266	23	1
162	267	23	1
122	269	23	1
240	269	23	1
120	270	23	1
165	270	23	1
177	272	23	1
158	273	23	2
164	273	23	1
226	274	23	1
167	275	23	2
172	276	23	1
166	277	23	1
174	277	23	2
176	277	23	1
169	278	23	1
176	278	23	1
178	278	23	1
219	279	23	2
168	281	23	1
169	281	23	3
170	281	23	1
174	281	23	2
210	281	23	1
176	282	23	1
226	284	23	1
271	285	23	1
203	287	23	1
220	291	23	1
267	293	23	1
269	293	23	2
217	294	23	1
219	294	23	1
266	295	23	2
268	298	23	1
215	299	23	1
235	301	23	1
264	301	23	1
236	302	23	2
239	302	23	1
136	303	23	1
264	303	23	1
206	306	23	2
239	306	23	1
241	306	23	1
205	307	23	2
206	307	23	1
235	307	23	1
241	307	23	1
262	307	23	1
266	308	23	1
181	309	23	1
257	309	23	1
176	310	23	1
260	310	23	2
234	311	23	1
240	311	23	1
173	312	23	1
261	312	23	1
203	313	23	1
258	313	23	1
263	314	23	2
179	315	23	1
262	315	23	2
265	315	23	2
172	316	23	1
261	316	23	2
179	317	23	1
256	317	23	1
184	318	23	1
258	318	23	1
166	319	23	1
182	319	23	1
261	319	23	1
262	319	23	4
183	321	23	1
187	321	23	1
256	321	23	1
260	321	23	1
187	322	23	2
236	322	23	1
259	322	23	1
182	323	23	2
184	323	23	1
192	326	23	1
184	327	23	2
259	327	23	1
199	328	23	1
203	328	23	2
183	329	23	1
186	329	23	1
184	330	23	1
102	331	23	1
201	331	23	2
259	333	23	2
260	336	23	1
235	340	23	1
240	345	23	1
176	358	23	1
182	221	24	1
178	223	24	1
180	223	24	1
181	223	24	1
178	224	24	2
160	225	24	1
178	226	24	2
157	228	24	1
151	231	24	1
162	231	24	2
149	232	24	2
157	233	24	1
135	234	24	1
138	234	24	2
143	234	24	1
151	234	24	1
136	236	24	1
145	237	24	3
145	239	24	1
148	239	24	1
132	240	24	1
142	240	24	2
132	241	24	1
140	242	24	1
226	242	24	1
132	243	24	1
139	243	24	1
137	244	24	2
135	245	24	1
141	246	24	1
227	246	24	1
215	248	24	4
224	248	24	1
138	249	24	1
139	249	24	2
140	249	24	1
131	252	24	1
225	252	24	2
227	254	24	1
140	255	24	2
143	255	24	2
196	258	24	2
199	258	24	1
120	261	24	1
196	261	24	1
198	261	24	2
117	262	24	1
118	262	24	1
119	262	24	2
115	263	24	1
121	263	24	2
117	264	24	1
118	264	24	2
119	264	24	2
117	265	24	1
118	265	24	2
119	265	24	3
117	266	24	1
126	266	24	1
165	267	24	1
156	269	24	1
127	270	24	2
163	270	24	1
128	272	24	1
177	273	24	1
169	274	24	1
167	275	24	1
171	276	24	1
168	277	24	1
170	277	24	1
177	277	24	1
168	278	24	1
171	278	24	1
178	278	24	1
179	278	24	1
180	278	24	1
171	279	24	1
180	279	24	2
170	280	24	1
172	280	24	1
174	280	24	1
176	282	24	1
173	283	24	1
204	285	24	1
276	287	24	1
275	289	24	1
276	289	24	1
225	290	24	1
270	290	24	1
274	290	24	2
197	291	24	1
269	292	24	1
197	293	24	1
237	294	24	1
271	295	24	1
266	298	24	1
268	298	24	1
264	299	24	3
265	299	24	1
235	300	24	1
265	301	24	1
235	302	24	1
240	302	24	1
263	302	24	1
266	302	24	1
237	303	24	1
188	304	24	2
238	304	24	1
241	304	24	2
259	305	24	2
239	306	24	1
262	306	24	1
260	307	24	1
202	308	24	2
206	308	24	2
260	308	24	1
232	309	24	2
237	309	24	1
257	309	24	1
263	309	24	1
202	310	24	3
238	310	24	1
240	310	24	1
206	311	24	1
231	311	24	2
234	311	24	1
257	311	24	2
266	311	24	2
239	312	24	1
257	312	24	1
177	313	24	1
209	313	24	1
238	313	24	1
261	313	24	1
264	313	24	1
234	314	24	1
173	315	24	1
175	315	24	1
258	315	24	1
213	316	24	1
167	317	24	1
169	317	24	1
262	317	24	2
253	318	24	1
184	319	24	1
253	319	24	1
262	319	24	1
187	320	24	2
239	320	24	1
164	321	24	2
165	321	24	1
181	321	24	3
186	321	24	1
238	321	24	1
242	322	24	2
186	324	24	1
182	325	24	1
183	326	24	1
258	326	24	1
261	326	24	1
157	327	24	1
183	327	24	3
201	327	24	3
185	329	24	1
105	330	24	1
132	330	24	1
180	331	24	2
260	331	24	1
261	331	24	1
97	332	24	1
257	332	24	2
260	332	24	1
178	334	24	1
257	334	24	1
258	334	24	1
146	335	24	2
181	336	24	1
258	336	24	1
259	336	24	1
259	337	24	1
155	228	25	1
158	228	25	1
152	230	25	1
155	231	25	1
161	232	25	4
163	233	25	1
140	234	25	1
135	235	25	1
136	235	25	1
150	235	25	2
133	236	25	1
139	237	25	2
141	237	25	2
247	237	25	1
131	239	25	1
133	239	25	1
134	239	25	3
135	239	25	1
136	241	25	1
237	241	25	1
135	242	25	1
227	243	25	1
135	244	25	1
133	246	25	2
144	246	25	1
230	248	25	1
195	249	25	2
136	251	25	1
230	251	25	2
224	257	25	2
225	258	25	1
198	259	25	1
123	262	25	1
126	265	25	1
122	266	25	1
128	266	25	1
181	271	25	1
175	276	25	3
177	276	25	1
164	278	25	1
170	278	25	1
176	278	25	2
178	278	25	1
165	279	25	1
170	279	25	1
177	281	25	1
169	282	25	1
275	285	25	1
277	287	25	1
270	290	25	3
271	290	25	1
269	294	25	1
266	295	25	1
266	297	25	1
268	297	25	1
268	298	25	1
268	299	25	2
262	301	25	1
234	305	25	1
264	307	25	1
243	308	25	1
206	311	25	1
208	311	25	1
230	311	25	1
258	311	25	1
260	311	25	3
262	311	25	1
230	312	25	1
259	312	25	1
263	312	25	1
260	313	25	1
209	314	25	2
232	314	25	1
257	314	25	1
258	314	25	1
256	316	25	2
257	317	25	2
260	317	25	2
261	317	25	1
258	318	25	1
256	319	25	2
240	320	25	1
239	323	25	1
237	324	25	1
259	324	25	1
258	325	25	2
188	327	25	1
107	331	25	1
259	331	25	1
153	332	25	1
180	221	26	1
182	222	26	1
178	225	26	1
156	231	26	1
159	231	26	1
142	233	26	2
144	234	26	1
246	234	26	1
249	235	26	1
145	236	26	1
248	236	26	3
134	237	26	1
143	238	26	1
131	239	26	1
134	239	26	2
240	239	26	1
135	240	26	1
136	240	26	1
132	242	26	1
132	243	26	1
136	243	26	1
226	243	26	1
235	243	26	2
136	244	26	1
228	247	26	1
230	248	26	1
224	249	26	1
125	251	26	2
229	251	26	2
124	252	26	1
224	253	26	1
227	253	26	1
124	255	26	1
121	257	26	1
122	257	26	1
125	266	26	2
125	267	26	1
127	268	26	2
211	268	26	1
121	269	26	1
127	270	26	1
176	275	26	2
172	276	26	1
178	277	26	1
175	278	26	2
163	279	26	1
176	279	26	1
173	280	26	2
273	281	26	2
176	283	26	1
273	283	26	1
274	283	26	2
274	284	26	1
181	287	26	3
183	288	26	1
268	293	26	1
266	297	26	1
237	306	26	1
231	307	26	1
262	309	26	1
230	310	26	2
209	312	26	1
243	312	26	1
208	313	26	1
259	313	26	1
211	314	26	3
260	314	26	2
258	315	26	1
210	316	26	1
211	316	26	1
257	316	26	2
258	317	26	1
237	319	26	1
241	321	26	1
242	321	26	1
180	223	27	1
161	231	27	1
164	232	27	2
166	232	27	1
155	233	27	1
164	233	27	1
144	234	27	2
152	234	27	1
146	235	27	2
136	236	27	1
250	236	27	1
135	237	27	1
138	237	27	2
138	238	27	1
139	238	27	2
244	238	27	1
246	238	27	1
248	238	27	1
182	239	27	2
134	242	27	1
134	243	27	2
246	245	27	1
194	247	27	1
193	251	27	2
225	253	27	1
120	256	27	1
126	267	27	1
259	267	27	1
124	268	27	1
126	268	27	1
122	270	27	3
128	270	27	2
127	271	27	1
174	277	27	1
175	277	27	1
175	278	27	1
174	279	27	1
175	280	27	2
274	280	27	1
170	281	27	1
174	281	27	1
165	282	27	1
275	282	27	1
177	283	27	1
273	283	27	1
173	284	27	1
168	285	27	1
273	285	27	1
270	290	27	1
177	294	27	1
191	294	27	2
264	302	27	1
233	303	27	2
236	306	27	1
235	308	27	2
201	309	27	1
237	309	27	1
257	309	27	1
230	310	27	1
209	311	27	1
206	313	27	1
259	313	27	1
208	314	27	1
212	314	27	1
258	316	27	1
261	317	27	1
239	318	27	1
256	319	27	1
240	320	27	1
233	326	27	1
96	328	27	1
260	328	27	1
186	357	27	1
186	360	27	1
162	231	28	1
165	231	28	1
162	232	28	1
152	233	28	1
145	235	28	2
153	235	28	2
243	235	28	1
244	235	28	2
249	236	28	2
136	237	28	1
138	237	28	1
247	237	28	1
249	237	28	1
146	238	28	1
147	238	28	1
244	238	28	2
144	239	28	1
244	239	28	1
246	239	28	1
139	240	28	2
186	241	28	1
137	242	28	2
227	243	28	1
248	244	28	1
234	249	28	2
229	250	28	1
235	250	28	2
126	254	28	1
127	256	28	2
134	257	28	2
121	264	28	2
257	264	28	1
262	268	28	1
124	269	28	1
123	271	28	1
127	271	28	2
170	271	28	1
129	275	28	1
134	276	28	1
128	278	28	1
175	279	28	1
172	280	28	1
275	280	28	1
274	281	28	2
275	281	28	1
165	282	28	3
172	282	28	1
178	282	28	1
165	283	28	1
170	283	28	1
168	284	28	2
168	285	28	1
179	285	28	1
168	288	28	1
271	289	28	1
270	290	28	2
192	292	28	1
193	294	28	1
179	299	28	3
232	304	28	1
232	306	28	1
227	307	28	1
225	308	28	1
257	312	28	1
211	313	28	1
261	313	28	1
208	314	28	1
259	315	28	1
210	316	28	1
259	316	28	1
242	317	28	2
259	317	28	1
262	318	28	1
239	319	28	1
240	319	28	1
239	321	28	3
235	323	28	1
232	325	28	1
94	328	28	1
96	331	28	2
185	357	28	1
112	226	29	1
191	236	29	1
252	236	29	1
142	237	29	2
183	237	29	2
140	238	29	1
179	238	29	1
178	240	29	1
181	240	29	1
182	240	29	1
183	240	29	3
180	241	29	2
185	241	29	1
235	242	29	1
237	242	29	2
188	243	29	1
193	243	29	1
234	243	29	1
186	244	29	1
235	244	29	1
190	245	29	1
193	247	29	2
226	250	29	1
127	253	29	1
132	254	29	1
132	259	29	2
134	259	29	1
135	263	29	1
259	266	29	2
125	268	29	1
257	268	29	2
168	270	29	2
124	271	29	1
129	271	29	1
124	272	29	3
125	272	29	1
135	272	29	1
136	272	29	1
137	272	29	1
128	274	29	1
138	274	29	2
168	274	29	3
170	275	29	1
164	280	29	1
175	280	29	1
175	281	29	2
276	281	29	2
162	282	29	2
167	282	29	1
175	282	29	1
168	283	29	1
174	283	29	1
275	283	29	1
161	284	29	2
166	284	29	1
275	284	29	1
276	284	29	1
276	285	29	1
168	286	29	1
169	286	29	1
270	294	29	1
176	295	29	1
183	300	29	1
235	304	29	1
235	307	29	1
225	308	29	1
203	310	29	1
209	311	29	1
211	311	29	1
208	312	29	3
212	312	29	1
205	313	29	1
209	313	29	1
258	313	29	1
207	314	29	1
249	314	29	1
245	315	29	1
255	316	29	3
262	317	29	1
243	319	29	1
123	325	29	1
126	325	29	1
93	327	29	2
94	327	29	2
127	327	29	1
227	327	29	4
95	328	29	1
96	328	29	1
130	329	29	1
93	330	29	1
97	330	29	2
97	331	29	1
94	332	29	1
143	332	29	1
95	333	29	1
96	333	29	1
191	346	29	1
187	361	29	1
192	234	30	1
179	238	30	1
183	238	30	1
172	239	30	1
181	239	30	1
178	240	30	1
179	241	30	1
172	242	30	1
183	243	30	1
191	245	30	1
148	253	30	1
126	256	30	2
127	256	30	1
132	256	30	1
125	257	30	1
250	257	30	1
126	258	30	1
250	258	30	1
257	261	30	1
136	263	30	1
259	266	30	1
123	270	30	1
134	270	30	1
137	270	30	1
127	271	30	2
138	271	30	1
166	271	30	1
123	272	30	1
129	272	30	3
135	272	30	1
165	272	30	2
138	273	30	1
140	273	30	1
276	280	30	1
159	281	30	1
276	281	30	2
164	283	30	1
163	284	30	1
276	284	30	2
165	285	30	1
163	286	30	1
170	287	30	1
162	288	30	1
178	294	30	1
194	306	30	2
210	309	30	1
204	310	30	1
208	310	30	1
212	310	30	1
207	311	30	1
211	311	30	2
247	311	30	1
207	312	30	1
225	313	30	1
243	317	30	1
245	317	30	1
213	322	30	1
128	324	30	1
129	324	30	1
96	327	30	1
98	330	30	1
218	359	30	1
220	363	30	3
190	232	31	1
185	240	31	1
178	241	31	2
183	241	31	2
187	241	31	1
174	242	31	2
174	243	31	1
175	243	31	1
186	243	31	2
190	244	31	1
186	245	31	1
187	245	31	1
126	256	31	1
127	256	31	1
123	257	31	1
255	259	31	1
127	264	31	1
261	264	31	1
257	266	31	2
261	267	31	1
127	269	31	1
129	269	31	1
123	270	31	2
125	270	31	1
137	271	31	1
127	272	31	1
132	272	31	1
142	273	31	2
163	273	31	1
140	274	31	1
162	274	31	2
141	275	31	1
165	275	31	1
262	279	31	2
259	280	31	1
159	281	31	1
276	281	31	1
159	282	31	3
276	283	31	1
162	284	31	1
166	284	31	2
274	284	31	1
275	284	31	2
163	285	31	2
166	288	31	2
168	288	31	1
170	292	31	1
174	293	31	1
198	306	31	1
191	307	31	1
193	307	31	1
197	307	31	1
193	308	31	1
197	308	31	1
191	309	31	1
206	309	31	1
204	310	31	1
189	311	31	1
210	311	31	1
210	312	31	1
225	312	31	2
211	315	31	1
220	315	31	2
246	318	31	2
242	321	31	1
92	327	31	1
93	327	31	1
96	328	31	1
94	329	31	2
94	330	31	2
96	334	31	1
187	346	31	2
184	347	31	2
183	348	31	2
112	226	32	1
113	226	32	1
181	242	32	2
183	242	32	1
187	242	32	1
176	244	32	1
182	244	32	1
189	244	32	1
190	244	32	1
181	245	32	1
190	245	32	1
148	253	32	1
134	254	32	1
132	257	32	1
134	257	32	1
147	257	32	2
253	258	32	1
133	259	32	1
128	260	32	1
261	265	32	1
262	265	32	1
129	267	32	1
130	267	32	1
263	267	32	1
165	268	32	1
260	268	32	2
262	269	32	1
139	272	32	1
140	273	32	1
166	273	32	1
165	274	32	1
167	274	32	1
141	275	32	1
164	276	32	1
158	279	32	1
159	279	32	2
161	279	32	2
167	280	32	1
261	280	32	1
275	281	32	1
163	283	32	1
165	283	32	1
164	284	32	1
167	284	32	1
163	285	32	1
162	286	32	1
163	286	32	1
167	287	32	1
118	303	32	1
116	304	32	1
188	308	32	1
194	308	32	1
195	308	32	1
196	308	32	2
199	308	32	1
186	309	32	1
188	309	32	1
113	311	32	1
190	311	32	1
196	311	32	1
198	311	32	2
207	311	32	1
210	311	32	1
225	311	32	1
244	311	32	2
112	312	32	1
201	312	32	1
225	313	32	2
197	314	32	1
211	315	32	1
197	316	32	1
246	316	32	1
245	318	32	1
207	319	32	1
201	320	32	1
212	320	32	4
245	320	32	3
236	322	32	1
97	333	32	1
184	336	32	1
188	346	32	2
186	347	32	1
189	347	32	1
187	348	32	1
114	227	33	1
112	228	33	1
173	241	33	2
176	242	33	1
175	243	33	2
194	244	33	2
183	245	33	1
190	245	33	1
135	254	33	1
134	255	33	1
133	257	33	1
147	257	33	1
252	259	33	3
258	259	33	1
131	260	33	1
158	261	33	1
256	261	33	1
158	262	33	1
128	263	33	1
129	263	33	1
130	263	33	1
127	264	33	1
130	264	33	1
126	266	33	1
129	266	33	1
262	267	33	1
128	268	33	1
157	268	33	1
263	268	33	1
128	269	33	1
263	269	33	1
129	271	33	2
155	275	33	1
164	275	33	1
159	276	33	1
261	276	33	1
146	278	33	2
157	279	33	1
163	281	33	2
261	281	33	1
160	283	33	3
161	283	33	1
162	283	33	1
163	283	33	1
165	283	33	1
164	284	33	1
164	285	33	1
161	286	33	1
162	286	33	1
162	287	33	2
166	287	33	1
125	292	33	2
119	301	33	1
120	301	33	1
118	303	33	1
183	307	33	1
197	307	33	1
116	308	33	1
190	308	33	2
198	308	33	3
199	308	33	1
207	308	33	1
191	309	33	3
248	309	33	1
197	310	33	3
187	311	33	3
197	311	33	2
199	311	33	2
190	312	33	1
205	312	33	1
111	313	33	2
113	313	33	3
248	313	33	1
246	316	33	1
198	318	33	2
125	319	33	1
199	319	33	1
201	319	33	1
243	322	33	2
239	323	33	2
98	329	33	1
199	332	33	1
98	333	33	1
204	333	33	2
205	334	33	2
217	339	33	1
212	344	33	1
206	345	33	1
187	346	33	1
188	348	33	1
197	348	33	1
183	349	33	1
186	349	33	2
208	349	33	1
209	349	33	1
184	351	33	1
177	352	33	1
181	352	33	1
177	353	33	1
181	353	33	1
178	354	33	1
178	360	33	1
113	225	34	1
116	225	34	3
114	226	34	1
114	227	34	1
113	228	34	2
115	229	34	1
140	240	34	2
174	240	34	1
174	243	34	1
197	244	34	1
199	245	34	1
208	247	34	2
130	252	34	1
135	252	34	1
134	253	34	2
131	254	34	1
131	255	34	1
133	255	34	1
133	256	34	2
139	256	34	1
151	256	34	2
131	257	34	1
147	257	34	1
252	257	34	1
131	258	34	2
252	258	34	2
133	259	34	1
147	259	34	1
133	261	34	1
134	261	34	1
156	261	34	2
167	261	34	1
127	263	34	1
130	263	34	1
262	267	34	1
264	267	34	1
157	269	34	1
154	270	34	2
162	271	34	2
158	272	34	2
166	272	34	1
165	274	34	3
261	274	34	1
144	275	34	1
162	275	34	1
158	276	34	2
261	276	34	2
262	276	34	2
164	277	34	1
146	278	34	1
151	279	34	2
158	279	34	1
261	281	34	2
259	282	34	1
165	283	34	1
262	283	34	1
124	287	34	1
159	290	34	1
165	294	34	1
253	296	34	1
120	297	34	1
121	297	34	1
122	297	34	1
118	301	34	1
173	301	34	1
118	302	34	1
116	303	34	1
114	305	34	1
177	305	34	1
116	306	34	1
140	306	34	1
182	306	34	1
183	308	34	1
186	308	34	2
188	308	34	1
190	308	34	1
192	308	34	2
112	309	34	1
116	309	34	1
187	309	34	2
195	309	34	1
244	309	34	2
112	310	34	1
187	310	34	1
197	310	34	1
252	310	34	1
112	311	34	1
113	311	34	1
114	311	34	1
192	311	34	1
199	311	34	1
248	311	34	2
249	311	34	1
252	311	34	1
116	312	34	1
197	312	34	4
109	313	34	1
114	314	34	1
242	316	34	1
244	316	34	1
124	317	34	1
242	317	34	1
244	317	34	1
241	319	34	1
199	322	34	1
200	322	34	1
201	322	34	1
242	322	34	1
234	323	34	1
239	323	34	1
242	324	34	4
146	327	34	1
98	328	34	1
188	328	34	2
100	329	34	1
186	331	34	1
189	331	34	2
98	332	34	1
101	332	34	1
194	333	34	1
195	333	34	1
199	333	34	1
193	334	34	2
201	334	34	1
194	335	34	2
192	336	34	2
194	336	34	1
190	340	34	1
195	341	34	1
212	341	34	3
213	341	34	1
211	342	34	1
192	344	34	1
201	344	34	1
213	345	34	1
214	346	34	1
191	347	34	1
196	347	34	1
213	347	34	1
197	348	34	1
207	348	34	2
212	348	34	1
215	348	34	1
188	349	34	1
205	349	34	1
208	349	34	2
180	351	34	1
185	351	34	1
181	352	34	1
187	352	34	1
200	352	34	4
201	352	34	1
207	353	34	2
206	354	34	1
180	360	34	1
113	227	35	3
112	228	35	1
123	232	35	2
125	235	35	1
129	236	35	1
139	241	35	2
140	241	35	2
140	242	35	1
172	244	35	1
175	246	35	1
210	246	35	1
213	247	35	1
134	251	35	1
133	252	35	1
133	253	35	1
135	253	35	2
137	254	35	1
128	255	35	2
130	255	35	1
138	255	35	1
254	256	35	1
136	257	35	1
137	257	35	1
255	259	35	3
143	260	35	1
131	261	35	1
140	261	35	2
160	262	35	1
128	263	35	1
132	263	35	2
127	264	35	1
128	264	35	2
130	264	35	2
157	264	35	1
126	266	35	2
130	269	35	1
156	271	35	1
132	272	35	1
159	272	35	1
160	272	35	2
163	276	35	1
260	276	35	1
160	277	35	2
149	278	35	1
162	278	35	1
260	279	35	1
164	280	35	1
259	282	35	1
126	283	35	1
146	285	35	1
160	285	35	2
123	286	35	1
125	286	35	1
125	289	35	1
124	290	35	4
162	294	35	1
252	296	35	1
119	297	35	1
170	298	35	1
121	299	35	1
118	302	35	1
175	303	35	2
118	304	35	1
119	304	35	1
175	304	35	1
176	304	35	1
117	306	35	1
246	306	35	2
176	307	35	1
182	307	35	2
115	308	35	1
118	308	35	1
186	308	35	1
188	308	35	1
133	309	35	1
136	309	35	1
193	309	35	2
114	311	35	2
184	311	35	1
190	311	35	1
191	311	35	2
192	311	35	1
195	311	35	1
196	311	35	2
197	311	35	1
116	312	35	1
195	313	35	1
246	313	35	2
110	314	35	1
112	314	35	1
245	315	35	1
244	316	35	1
121	317	35	1
242	319	35	1
133	321	35	1
239	321	35	1
200	324	35	1
240	324	35	1
98	325	35	2
131	325	35	2
132	325	35	3
234	325	35	1
239	325	35	1
242	325	35	1
235	327	35	2
95	329	35	1
200	331	35	1
198	333	35	1
192	334	35	1
186	335	35	1
196	335	35	1
191	336	35	1
195	336	35	1
198	336	35	1
199	337	35	1
213	339	35	1
210	342	35	1
189	345	35	1
211	347	35	2
190	348	35	2
195	348	35	1
213	349	35	1
188	351	35	2
193	351	35	2
207	351	35	1
213	351	35	2
183	353	35	1
194	353	35	2
198	353	35	1
207	353	35	2
212	353	35	1
194	354	35	1
205	354	35	2
208	354	35	1
209	354	35	1
181	355	35	2
204	355	35	1
204	356	35	1
206	356	35	1
176	357	35	1
179	357	35	2
122	231	36	1
125	234	36	2
136	235	36	1
138	236	36	1
139	237	36	1
138	239	36	1
139	239	36	2
141	240	36	1
142	240	36	1
136	242	36	1
175	242	36	1
133	251	36	1
137	253	36	1
135	254	36	1
141	254	36	1
144	254	36	1
136	255	36	2
129	257	36	1
135	257	36	1
130	258	36	1
131	258	36	1
132	258	36	2
253	258	36	1
127	261	36	1
265	261	36	1
129	263	36	1
262	263	36	1
126	264	36	1
155	264	36	2
262	265	36	2
265	265	36	3
140	266	36	1
153	266	36	3
264	266	36	1
146	267	36	1
160	269	36	2
157	270	36	1
160	273	36	2
163	273	36	1
159	274	36	1
161	274	36	1
138	275	36	3
139	275	36	1
166	275	36	1
162	276	36	1
158	277	36	1
163	277	36	1
164	278	36	1
161	279	36	1
163	279	36	2
126	280	36	1
259	280	36	1
262	281	36	3
149	282	36	2
161	284	36	1
126	285	36	2
124	286	36	3
159	286	36	1
160	286	36	1
145	288	36	2
152	288	36	1
124	290	36	1
120	295	36	1
124	295	36	1
121	297	36	3
165	297	36	1
120	298	36	1
166	299	36	1
249	299	36	2
167	300	36	1
174	300	36	1
121	301	36	1
176	302	36	3
248	302	36	1
120	303	36	1
175	303	36	1
182	303	36	1
249	305	36	1
115	306	36	1
117	308	36	3
186	309	36	1
114	310	36	1
115	310	36	1
185	310	36	1
110	311	36	1
191	311	36	1
249	311	36	2
191	312	36	1
126	316	36	1
151	318	36	2
130	320	36	3
228	320	36	2
239	321	36	1
129	322	36	1
130	322	36	1
186	324	36	1
236	324	36	1
234	325	36	1
126	326	36	1
96	327	36	1
127	328	36	1
182	333	36	1
186	334	36	1
198	337	36	1
213	338	36	1
209	340	36	2
213	340	36	1
212	341	36	1
197	348	36	1
214	348	36	1
209	349	36	1
184	350	36	1
185	352	36	1
185	353	36	1
207	353	36	1
211	353	36	1
213	353	36	1
185	354	36	1
182	355	36	1
204	355	36	1
208	355	36	2
210	355	36	1
205	357	36	2
206	358	36	1
203	361	36	1
114	226	37	1
124	230	37	1
123	233	37	1
127	233	37	2
128	233	37	3
138	233	37	1
124	234	37	2
127	235	37	1
134	236	37	1
118	237	37	1
139	239	37	1
143	239	37	1
167	239	37	1
166	240	37	1
137	241	37	1
167	241	37	1
125	242	37	1
165	242	37	1
141	243	37	1
144	243	37	1
169	243	37	2
175	243	37	1
171	244	37	1
172	244	37	1
173	245	37	1
174	247	37	1
144	253	37	1
148	253	37	1
132	254	37	1
133	254	37	2
136	254	37	1
143	254	37	1
146	255	37	2
132	256	37	1
145	256	37	1
208	258	37	3
133	260	37	1
134	260	37	1
131	263	37	1
145	263	37	1
154	263	37	1
143	264	37	1
144	264	37	2
128	265	37	2
155	265	37	1
262	265	37	1
145	269	37	3
162	272	37	1
161	273	37	1
160	274	37	2
164	274	37	1
165	274	37	1
160	276	37	1
258	276	37	1
163	277	37	1
162	280	37	2
127	281	37	1
161	282	37	1
259	282	37	1
125	283	37	1
161	283	37	1
127	284	37	1
128	284	37	1
126	286	37	1
160	286	37	1
152	288	37	1
155	288	37	1
148	289	37	1
160	292	37	2
256	293	37	2
260	293	37	1
254	294	37	1
174	299	37	1
173	301	37	2
250	301	37	1
176	302	37	3
178	302	37	2
250	302	37	2
176	303	37	1
117	304	37	1
261	304	37	1
116	308	37	1
183	308	37	2
181	309	37	2
188	309	37	1
252	309	37	2
189	311	37	2
111	314	37	1
119	314	37	1
149	315	37	1
121	316	37	1
256	316	37	1
117	317	37	1
119	318	37	2
146	318	37	3
143	321	37	1
240	323	37	3
238	324	37	2
188	327	37	1
148	331	37	1
221	331	37	1
181	332	37	1
185	332	37	1
185	333	37	1
195	335	37	1
214	337	37	2
197	343	37	1
192	344	37	1
199	345	37	1
191	347	37	1
188	349	37	3
210	350	37	1
211	352	37	1
205	354	37	1
206	355	37	1
212	355	37	1
114	218	38	1
113	219	38	2
112	220	38	1
125	223	38	1
123	225	38	1
125	230	38	1
173	230	38	1
122	231	38	1
140	231	38	1
122	232	38	1
117	233	38	1
127	233	38	2
135	233	38	1
136	233	38	1
169	233	38	1
129	234	38	2
130	234	38	1
170	234	38	1
117	235	38	1
197	235	38	3
138	236	38	1
166	237	38	1
143	238	38	1
197	240	38	1
128	241	38	2
143	241	38	1
165	241	38	1
171	242	38	1
197	242	38	1
127	243	38	2
143	243	38	1
135	244	38	1
141	244	38	1
169	244	38	2
172	244	38	1
124	245	38	1
125	245	38	1
167	245	38	1
168	245	38	1
173	245	38	2
175	245	38	2
169	246	38	1
175	246	38	1
168	247	38	1
167	249	38	1
137	250	38	1
137	252	38	2
142	252	38	1
152	252	38	2
233	252	38	2
139	253	38	1
151	253	38	1
132	254	38	1
135	254	38	2
143	254	38	1
138	255	38	1
144	255	38	1
169	255	38	1
134	256	38	1
136	256	38	1
158	256	38	1
135	258	38	2
207	259	38	1
130	260	38	1
130	261	38	1
131	261	38	1
142	262	38	2
143	262	38	2
149	262	38	1
151	262	38	1
128	263	38	1
144	263	38	1
154	263	38	1
167	263	38	1
260	263	38	1
263	263	38	1
129	264	38	1
143	264	38	1
153	264	38	1
146	265	38	2
151	266	38	3
152	266	38	1
143	267	38	1
262	267	38	1
143	268	38	1
152	268	38	1
261	268	38	1
142	270	38	1
140	271	38	1
141	271	38	1
140	272	38	1
142	272	38	1
147	272	38	1
251	272	38	1
254	272	38	1
145	273	38	2
134	274	38	1
143	274	38	1
250	274	38	1
252	274	38	1
129	275	38	1
134	276	38	1
147	276	38	2
164	277	38	1
164	278	38	1
128	280	38	1
129	280	38	1
140	280	38	1
164	280	38	1
128	281	38	1
139	281	38	2
141	281	38	1
161	281	38	1
129	282	38	1
132	282	38	1
125	283	38	2
135	283	38	1
160	283	38	1
126	284	38	2
136	284	38	1
140	284	38	1
125	285	38	1
129	285	38	1
153	286	38	1
125	288	38	1
126	288	38	1
156	288	38	1
157	290	38	1
257	291	38	1
154	292	38	1
156	292	38	1
155	294	38	3
259	294	38	2
155	295	38	1
260	296	38	2
259	297	38	1
172	298	38	1
121	300	38	1
172	302	38	1
175	302	38	2
125	303	38	1
176	304	38	2
115	306	38	1
257	306	38	1
259	310	38	2
260	310	38	1
137	315	38	1
119	316	38	1
145	316	38	1
114	317	38	1
115	317	38	1
117	317	38	1
119	318	38	1
116	319	38	1
136	319	38	1
116	320	38	2
138	320	38	2
140	320	38	1
147	320	38	1
150	320	38	2
144	322	38	1
137	323	38	1
140	323	38	1
181	324	38	1
239	324	38	2
133	325	38	1
235	325	38	1
237	325	38	1
157	329	38	1
237	329	38	1
219	331	38	1
155	332	38	1
152	333	38	2
181	333	38	1
185	333	38	3
188	333	38	2
183	334	38	1
211	341	38	1
191	343	38	1
197	343	38	2
199	344	38	1
212	345	38	2
190	346	38	1
247	346	38	1
214	347	38	1
215	347	38	2
215	353	38	1
180	354	38	1
184	354	38	1
176	355	38	2
182	355	38	2
180	356	38	1
174	357	38	2
178	357	38	1
171	358	38	1
207	358	38	1
192	361	38	1
193	361	38	1
195	361	38	1
201	361	38	1
207	361	38	2
191	362	38	1
114	219	39	3
112	220	39	1
119	223	39	1
122	223	39	1
118	224	39	1
120	224	39	1
146	226	39	1
134	228	39	1
147	228	39	1
175	228	39	2
138	230	39	1
145	230	39	1
172	230	39	2
135	232	39	1
174	232	39	1
128	233	39	1
199	233	39	1
119	235	39	2
137	235	39	1
140	235	39	2
136	236	39	1
137	236	39	3
142	236	39	1
144	236	39	1
167	236	39	1
120	237	39	2
137	237	39	1
139	237	39	1
140	237	39	4
138	238	39	1
140	238	39	2
161	239	39	1
135	240	39	1
144	240	39	1
197	240	39	2
125	241	39	1
128	241	39	1
137	241	39	1
168	241	39	1
126	242	39	1
168	242	39	1
172	242	39	2
128	243	39	2
131	243	39	1
171	243	39	1
124	244	39	1
140	244	39	1
141	244	39	3
142	244	39	1
169	244	39	1
127	246	39	1
173	246	39	1
125	247	39	1
174	247	39	1
129	248	39	3
134	249	39	1
122	250	39	1
135	250	39	2
137	251	39	2
123	252	39	2
134	252	39	1
143	252	39	1
237	252	39	2
136	253	39	1
168	253	39	1
169	253	39	2
235	253	39	1
247	253	39	2
124	254	39	1
138	254	39	1
144	254	39	1
151	254	39	1
153	254	39	2
154	254	39	1
156	256	39	1
136	257	39	1
138	257	39	2
254	257	39	2
151	258	39	1
134	259	39	2
136	259	39	1
144	259	39	1
148	259	39	1
149	259	39	2
130	260	39	1
133	260	39	2
159	260	39	1
148	261	39	1
150	261	39	1
151	261	39	2
205	261	39	1
143	262	39	3
231	262	39	2
132	263	39	1
152	263	39	1
153	263	39	1
158	263	39	1
262	263	39	1
263	264	39	1
146	265	39	1
147	265	39	1
258	265	39	1
261	266	39	1
142	267	39	1
156	267	39	1
256	267	39	1
135	268	39	1
259	268	39	1
132	269	39	1
143	269	39	2
152	269	39	2
132	270	39	1
142	270	39	1
145	270	39	1
167	270	39	2
141	271	39	1
247	271	39	1
134	272	39	2
135	272	39	1
141	272	39	1
252	272	39	1
134	273	39	2
142	273	39	3
151	273	39	1
132	274	39	1
139	274	39	1
141	274	39	1
142	274	39	1
131	275	39	1
134	275	39	1
135	275	39	3
144	275	39	1
146	275	39	1
132	276	39	1
133	276	39	1
148	276	39	1
164	276	39	2
133	277	39	1
143	277	39	2
145	277	39	2
147	277	39	1
153	277	39	1
128	279	39	2
142	279	39	1
154	279	39	1
163	279	39	2
128	282	39	1
136	282	39	1
160	282	39	1
125	283	39	1
136	283	39	1
136	284	39	1
137	285	39	1
141	285	39	1
172	286	39	3
132	287	39	3
134	287	39	1
154	287	39	1
134	288	39	2
157	288	39	1
135	289	39	1
158	290	39	1
252	292	39	1
134	293	39	1
139	293	39	1
159	293	39	1
253	293	39	1
159	294	39	1
159	295	39	1
249	296	39	2
133	297	39	1
171	297	39	1
123	299	39	1
176	301	39	1
131	302	39	1
175	302	39	2
178	302	39	1
180	302	39	1
259	302	39	1
177	303	39	1
171	304	39	1
172	304	39	1
176	305	39	1
177	305	39	2
259	305	39	2
128	306	39	1
181	307	39	1
260	310	39	1
145	314	39	1
149	316	39	1
139	318	39	1
136	319	39	1
139	319	39	1
150	319	39	2
144	320	39	2
180	321	39	1
177	322	39	2
179	322	39	2
181	324	39	1
152	330	39	1
189	330	39	2
168	331	39	1
181	331	39	1
218	331	39	1
219	331	39	2
221	331	39	1
153	332	39	1
180	332	39	1
187	332	39	1
191	332	39	1
219	332	39	1
221	332	39	3
152	333	39	2
161	333	39	2
178	333	39	1
193	333	39	3
154	334	39	1
155	334	39	2
160	334	39	1
189	334	39	3
153	336	39	1
157	337	39	1
215	340	39	1
215	341	39	1
208	343	39	1
191	344	39	1
209	344	39	2
192	345	39	1
191	346	39	1
208	346	39	1
248	346	39	2
190	347	39	1
191	347	39	2
192	347	39	1
247	347	39	1
248	347	39	1
211	348	39	2
212	348	39	1
213	348	39	1
209	349	39	1
209	352	39	1
213	352	39	1
215	353	39	1
177	355	39	2
207	356	39	2
177	357	39	2
205	357	39	2
212	357	39	2
191	361	39	1
192	361	39	2
192	364	39	1
114	218	40	2
114	219	40	2
112	220	40	1
111	221	40	1
121	222	40	1
118	224	40	1
120	224	40	1
136	226	40	2
137	229	40	1
141	229	40	1
150	229	40	2
137	230	40	1
137	231	40	1
199	231	40	1
136	232	40	2
204	232	40	1
196	233	40	2
141	234	40	1
118	235	40	1
140	235	40	1
203	235	40	1
146	236	40	1
168	236	40	2
201	236	40	1
202	236	40	1
162	237	40	3
198	237	40	1
143	238	40	1
154	238	40	1
166	238	40	1
167	238	40	2
195	238	40	1
203	238	40	1
126	239	40	1
136	239	40	1
139	239	40	1
160	239	40	1
126	240	40	1
136	240	40	1
162	241	40	1
168	241	40	1
133	242	40	1
134	242	40	1
167	242	40	1
168	242	40	1
169	242	40	2
176	243	40	2
124	244	40	1
170	245	40	2
179	245	40	1
126	246	40	1
171	247	40	2
126	248	40	1
133	250	40	1
135	250	40	2
137	250	40	3
230	251	40	2
232	251	40	2
136	252	40	1
139	252	40	1
231	252	40	2
139	253	40	1
235	253	40	1
139	254	40	2
154	254	40	1
137	255	40	1
138	255	40	1
127	256	40	1
137	256	40	1
143	256	40	1
152	256	40	1
154	257	40	1
151	258	40	1
174	258	40	1
136	259	40	2
147	259	40	1
157	259	40	1
204	259	40	1
154	260	40	3
172	260	40	1
149	261	40	1
152	261	40	1
211	261	40	2
252	261	40	1
257	261	40	1
139	262	40	1
140	262	40	2
144	262	40	1
151	262	40	1
153	262	40	1
154	262	40	1
248	262	40	1
151	263	40	1
153	263	40	1
234	263	40	3
130	264	40	1
158	264	40	1
163	264	40	1
155	265	40	2
142	266	40	1
154	266	40	1
167	266	40	1
142	267	40	1
150	268	40	1
166	268	40	1
246	268	40	1
151	269	40	1
153	269	40	1
165	269	40	2
245	269	40	1
142	270	40	1
144	270	40	3
150	270	40	1
249	270	40	1
137	271	40	1
146	271	40	1
151	271	40	2
135	272	40	1
143	272	40	2
144	272	40	1
147	272	40	1
245	272	40	1
146	273	40	1
150	273	40	1
147	274	40	2
148	274	40	1
156	274	40	1
141	275	40	1
147	275	40	1
150	275	40	1
129	276	40	1
131	276	40	1
155	276	40	1
139	278	40	1
141	278	40	1
151	278	40	1
161	278	40	2
163	278	40	1
164	278	40	2
149	279	40	1
152	279	40	1
138	280	40	2
139	280	40	1
140	280	40	1
142	280	40	2
162	280	40	2
129	281	40	1
133	281	40	2
142	282	40	1
150	282	40	2
134	283	40	1
139	283	40	2
140	284	40	1
137	286	40	2
154	286	40	1
133	287	40	1
135	288	40	2
154	288	40	2
250	289	40	1
138	292	40	1
125	293	40	1
133	293	40	1
140	293	40	2
139	294	40	2
254	294	40	1
121	295	40	1
126	295	40	1
131	295	40	2
162	295	40	2
130	296	40	1
131	296	40	1
133	297	40	1
149	297	40	1
253	297	40	1
136	298	40	2
259	298	40	2
131	300	40	1
133	301	40	1
168	301	40	1
172	301	40	1
177	301	40	1
143	302	40	1
172	302	40	1
133	303	40	1
139	303	40	3
171	303	40	2
181	303	40	1
259	303	40	1
124	304	40	2
132	304	40	1
139	304	40	1
126	305	40	1
140	305	40	2
172	306	40	1
183	307	40	2
124	308	40	2
139	308	40	1
125	310	40	3
119	312	40	1
118	315	40	2
116	316	40	1
119	316	40	1
117	318	40	2
146	318	40	2
149	320	40	1
249	326	40	2
242	327	40	1
151	330	40	1
178	330	40	1
154	331	40	1
189	331	40	1
149	332	40	1
157	332	40	1
183	332	40	2
188	332	40	1
192	332	40	2
218	332	40	1
154	333	40	1
156	333	40	1
158	333	40	1
179	333	40	2
219	333	40	1
151	335	40	1
165	335	40	1
151	336	40	1
153	336	40	1
213	340	40	1
213	341	40	1
210	342	40	1
220	342	40	1
222	342	40	2
196	343	40	1
221	343	40	1
222	343	40	1
195	344	40	2
204	344	40	1
210	344	40	1
193	345	40	1
204	345	40	1
191	347	40	1
208	348	40	1
173	356	40	3
207	357	40	1
112	220	41	1
111	222	41	1
144	225	41	2
134	226	41	2
141	226	41	1
140	227	41	1
134	229	41	2
136	233	41	1
140	233	41	1
142	234	41	1
199	234	41	1
146	235	41	1
201	235	41	1
151	236	41	2
165	236	41	1
167	236	41	1
140	237	41	1
141	237	41	1
160	237	41	1
163	237	41	1
165	237	41	1
138	238	41	2
141	238	41	1
146	238	41	1
158	238	41	1
166	238	41	1
200	239	41	1
201	239	41	1
139	240	41	2
127	241	41	1
129	241	41	3
140	241	41	2
134	242	41	1
137	242	41	2
170	242	41	1
129	243	41	1
139	243	41	1
124	244	41	1
176	244	41	2
128	245	41	2
177	245	41	1
166	246	41	1
179	247	41	1
173	248	41	1
141	252	41	1
229	252	41	2
121	253	41	2
142	253	41	2
227	253	41	1
141	254	41	1
214	255	41	1
152	256	41	1
137	257	41	2
141	257	41	1
155	257	41	1
158	257	41	2
174	257	41	1
178	257	41	1
210	257	41	2
254	257	41	2
146	258	41	2
147	258	41	1
211	258	41	1
140	259	41	1
144	259	41	2
148	259	41	1
205	259	41	1
208	259	41	2
212	259	41	1
213	259	41	1
146	260	41	2
148	260	41	1
170	260	41	2
176	260	41	2
253	260	41	1
143	261	41	1
144	261	41	1
146	261	41	1
148	261	41	1
149	261	41	1
151	261	41	2
253	261	41	2
142	262	41	2
151	262	41	1
163	262	41	2
167	262	41	1
173	262	41	1
151	263	41	1
162	263	41	1
201	263	41	1
232	263	41	2
234	263	41	4
148	264	41	1
249	264	41	2
143	265	41	1
152	265	41	1
153	265	41	1
119	266	41	1
120	266	41	2
142	266	41	1
149	266	41	1
167	266	41	1
132	267	41	1
167	267	41	1
247	267	41	1
253	267	41	1
248	268	41	2
251	269	41	1
135	270	41	1
152	270	41	1
247	270	41	1
142	271	41	1
144	271	41	1
151	271	41	1
154	271	41	2
203	271	41	1
247	271	41	1
145	272	41	1
152	272	41	1
154	272	41	2
151	273	41	1
136	274	41	1
143	274	41	1
148	274	41	1
156	274	41	1
164	274	41	2
246	274	41	2
130	275	41	1
147	275	41	3
153	275	41	1
157	275	41	2
130	276	41	1
139	276	41	1
141	276	41	3
146	276	41	1
147	276	41	2
162	276	41	1
139	277	41	2
151	277	41	2
135	278	41	1
136	278	41	1
150	278	41	1
152	278	41	2
155	278	41	1
129	279	41	1
133	279	41	2
210	279	41	1
150	280	41	1
142	281	41	1
130	282	41	1
154	282	41	1
162	282	41	2
136	283	41	1
138	284	41	1
141	284	41	2
215	284	41	1
135	286	41	1
140	286	41	1
135	287	41	1
136	287	41	1
139	287	41	2
140	287	41	2
141	287	41	2
155	289	41	1
134	292	41	1
257	292	41	1
132	293	41	1
134	293	41	1
132	294	41	1
154	294	41	1
160	294	41	1
128	295	41	1
140	295	41	2
164	295	41	1
148	296	41	1
150	296	41	1
252	296	41	1
129	297	41	1
259	297	41	1
130	298	41	2
138	298	41	2
149	298	41	2
152	298	41	1
256	298	41	1
93	299	41	1
128	299	41	1
130	300	41	2
164	300	41	1
249	300	41	2
260	300	41	1
127	301	41	1
97	302	41	1
125	302	41	1
127	302	41	2
131	302	41	1
132	302	41	1
134	302	41	1
130	303	41	2
144	303	41	1
170	303	41	3
176	303	41	1
177	303	41	2
179	303	41	1
181	303	41	1
259	303	41	1
261	303	41	1
128	304	41	1
133	304	41	1
170	304	41	2
181	304	41	1
131	305	41	1
172	305	41	1
123	306	41	2
130	306	41	1
132	306	41	1
130	307	41	2
142	307	41	2
126	308	41	1
123	309	41	2
141	309	41	1
165	309	41	1
122	310	41	1
121	314	41	1
142	315	41	1
114	316	41	1
139	317	41	1
142	317	41	2
113	318	41	1
139	319	41	1
150	320	41	1
150	321	41	1
179	322	41	1
181	322	41	2
248	324	41	1
147	325	41	1
149	325	41	1
134	326	41	1
181	326	41	1
181	327	41	1
249	327	41	1
156	328	41	1
148	329	41	1
179	329	41	2
182	329	41	1
186	329	41	2
245	329	41	1
147	330	41	1
181	330	41	1
182	330	41	1
251	330	41	1
241	331	41	1
130	332	41	2
133	332	41	1
174	332	41	1
180	332	41	1
221	332	41	1
240	332	41	1
241	332	41	2
152	333	41	2
181	333	41	1
216	333	41	1
153	334	41	3
216	334	41	1
243	334	41	1
244	334	41	1
154	335	41	1
218	336	41	1
246	336	41	2
126	337	41	1
128	337	41	1
251	337	41	1
152	338	41	1
156	338	41	1
166	338	41	2
222	338	41	1
158	339	41	1
215	339	41	1
194	340	41	1
216	340	41	2
220	341	41	1
210	342	41	1
214	342	41	2
215	342	41	1
221	343	41	1
194	344	41	1
210	344	41	1
194	345	41	2
249	345	41	1
205	346	41	2
232	347	41	1
193	350	41	2
233	351	41	3
210	353	41	1
207	355	41	2
207	358	41	1
171	359	41	1
206	359	41	2
208	360	41	2
199	363	41	1
134	228	42	1
136	228	42	1
138	228	42	1
139	228	42	1
138	230	42	1
139	231	42	2
138	232	42	1
203	233	42	1
201	234	42	1
140	235	42	1
141	235	42	1
156	235	42	1
163	235	42	1
201	235	42	1
202	235	42	1
164	236	42	1
165	236	42	2
166	236	42	1
162	237	42	1
165	237	42	1
141	238	42	1
162	238	42	1
164	238	42	2
167	238	42	2
204	238	42	1
141	240	42	1
166	240	42	1
139	242	42	1
129	243	42	1
139	244	42	1
176	244	42	1
179	244	42	3
184	244	42	1
181	245	42	1
122	252	42	1
178	252	42	1
139	254	42	1
144	256	42	1
212	256	42	1
142	257	42	1
147	257	42	1
151	257	42	1
156	257	42	1
173	257	42	1
174	257	42	1
253	257	42	1
208	258	42	1
210	258	42	2
154	259	42	1
160	259	42	1
173	259	42	1
211	259	42	1
248	259	42	1
153	260	42	1
157	260	42	1
171	260	42	1
176	260	42	2
150	261	42	1
168	261	42	1
175	261	42	1
176	261	42	1
177	261	42	1
149	262	42	1
163	262	42	1
174	262	42	1
175	262	42	1
209	262	42	1
150	263	42	1
165	263	42	1
120	264	42	1
121	264	42	1
157	264	42	1
168	264	42	1
144	265	42	1
143	267	42	1
147	267	42	1
254	267	42	1
143	268	42	1
146	268	42	1
141	269	42	2
250	269	42	1
132	270	42	1
151	270	42	1
152	270	42	2
223	271	42	1
132	272	42	1
147	273	42	1
154	273	42	1
158	273	42	2
142	274	42	1
156	274	42	1
134	275	42	1
165	275	42	4
134	276	42	2
146	276	42	2
151	276	42	1
157	276	42	1
134	277	42	1
140	277	42	1
141	277	42	1
163	277	42	1
155	278	42	1
137	279	42	1
147	279	42	1
152	279	42	1
154	279	42	1
164	279	42	3
145	280	42	1
160	280	42	2
210	280	42	1
140	281	42	1
143	281	42	1
156	281	42	1
139	282	42	1
154	282	42	1
158	282	42	1
162	282	42	1
141	283	42	1
253	283	42	3
137	284	42	1
151	284	42	1
217	285	42	1
141	286	42	1
136	287	42	1
136	288	42	1
136	289	42	1
153	289	42	1
174	289	42	1
135	291	42	1
134	292	42	1
130	293	42	1
142	293	42	1
131	294	42	2
135	294	42	3
139	294	42	1
134	295	42	1
142	295	42	2
136	296	42	1
130	297	42	1
139	297	42	1
140	297	42	1
150	297	42	2
136	298	42	1
141	298	42	1
166	298	42	1
126	299	42	1
133	299	42	1
150	299	42	1
125	300	42	1
129	300	42	1
133	300	42	2
136	300	42	1
249	300	42	1
128	301	42	1
130	301	42	2
137	301	42	1
142	301	42	1
248	301	42	2
139	303	42	1
140	303	42	1
168	303	42	1
171	303	42	1
125	304	42	1
131	305	42	2
128	306	42	1
143	307	42	1
130	308	42	1
140	309	42	1
141	316	42	1
148	318	42	1
183	323	42	1
141	324	42	1
181	324	42	1
137	325	42	1
133	326	42	1
135	326	42	1
249	326	42	1
251	326	42	1
252	327	42	1
130	328	42	1
176	328	42	1
186	328	42	1
187	329	42	1
131	330	42	2
160	330	42	1
161	330	42	1
179	330	42	2
132	331	42	1
180	331	42	1
242	331	42	1
127	332	42	2
133	332	42	1
150	332	42	1
160	332	42	2
165	332	42	1
180	332	42	1
126	333	42	1
178	333	42	1
183	333	42	2
158	334	42	1
178	334	42	1
188	334	42	1
247	334	42	1
134	335	42	1
151	335	42	2
194	336	42	2
248	336	42	1
152	337	42	1
156	337	42	1
192	337	42	2
155	338	42	1
194	338	42	2
215	341	42	1
211	342	42	1
207	344	42	1
211	344	42	1
212	344	42	1
213	345	42	1
230	346	42	1
212	348	42	1
231	349	42	1
206	350	42	1
205	355	42	1
208	357	42	1
207	358	42	1
204	360	42	1
183	361	42	1
200	364	42	1
206	364	42	1
137	227	43	2
139	228	43	1
140	231	43	1
137	232	43	1
137	233	43	1
139	233	43	1
136	236	43	1
164	236	43	2
138	239	43	1
143	239	43	1
143	240	43	2
179	254	43	1
119	256	43	1
139	256	43	1
210	256	43	1
174	257	43	2
177	257	43	1
215	258	43	1
143	260	43	1
161	260	43	2
170	260	43	1
171	260	43	1
145	261	43	1
146	261	43	2
178	261	43	1
209	261	43	1
152	262	43	1
158	262	43	2
163	262	43	1
206	262	43	1
146	263	43	1
148	263	43	1
144	264	43	2
257	264	43	2
145	265	43	2
155	265	43	1
145	266	43	1
151	266	43	1
143	267	43	1
147	268	43	1
164	268	43	1
146	269	43	1
143	271	43	1
147	272	43	2
143	273	43	1
147	273	43	1
141	274	43	1
153	274	43	3
214	274	43	1
129	275	43	1
131	275	43	1
141	275	43	1
145	275	43	1
148	275	43	1
152	275	43	1
182	275	43	1
164	276	43	2
150	277	43	1
131	278	43	1
151	278	43	2
151	279	43	1
154	279	43	1
158	279	43	1
147	280	43	3
155	280	43	2
210	280	43	1
142	281	43	1
143	282	43	3
144	282	43	1
158	282	43	2
143	283	43	1
150	283	43	1
153	283	43	1
149	284	43	1
150	284	43	1
152	284	43	1
141	285	43	2
155	285	43	2
160	285	43	1
140	286	43	1
143	286	43	1
140	287	43	3
136	288	43	2
138	288	43	1
140	288	43	1
134	289	43	1
256	289	43	1
134	291	43	1
143	292	43	1
134	295	43	1
137	297	43	1
140	298	43	2
209	298	43	1
141	299	43	1
143	299	43	2
135	300	43	1
138	300	43	1
152	300	43	1
167	300	43	1
129	301	43	1
133	301	43	1
149	301	43	1
131	302	43	2
140	302	43	1
170	302	43	2
130	303	43	1
136	303	43	2
135	304	43	1
140	304	43	1
126	305	43	3
131	305	43	1
135	305	43	1
168	305	43	1
127	306	43	1
129	306	43	2
132	306	43	1
148	306	43	1
170	306	43	2
129	307	43	1
128	308	43	2
167	309	43	1
140	314	43	1
140	318	43	1
138	321	43	1
150	324	43	1
140	325	43	2
132	326	43	1
186	327	43	1
184	328	43	2
251	328	43	1
177	329	43	1
179	329	43	1
179	330	43	1
153	331	43	3
131	332	43	2
216	333	43	1
217	333	43	1
151	334	43	1
222	334	43	1
131	335	43	1
217	336	43	1
220	336	43	1
246	336	43	1
127	337	43	2
132	338	43	1
247	338	43	1
249	338	43	1
209	342	43	1
213	343	43	1
222	343	43	1
211	344	43	1
232	345	43	1
209	349	43	1
206	350	43	1
231	352	43	1
188	360	43	2
205	361	43	1
204	362	43	1
137	228	44	1
139	228	44	1
141	229	44	1
135	230	44	1
137	231	44	1
164	232	44	1
143	237	44	2
141	239	44	2
177	243	44	2
180	245	44	1
181	245	44	1
179	249	44	1
176	258	44	1
176	260	44	2
147	261	44	1
161	261	44	1
175	261	44	1
156	263	44	2
159	263	44	1
146	264	44	1
152	264	44	1
156	265	44	1
149	266	44	1
150	266	44	1
146	267	44	1
146	269	44	1
148	272	44	1
142	273	44	2
143	273	44	2
148	273	44	2
156	273	44	1
146	274	44	3
144	275	44	1
166	275	44	1
153	276	44	1
167	276	44	1
146	277	44	1
156	277	44	2
151	278	44	3
161	279	44	1
150	280	44	1
155	280	44	1
146	281	44	2
150	281	44	2
156	281	44	1
204	281	44	2
143	282	44	1
142	283	44	2
145	284	44	1
252	292	44	2
139	293	44	1
145	293	44	1
223	293	44	1
144	294	44	2
225	295	44	2
141	297	44	1
130	299	44	1
135	299	44	1
139	299	44	1
140	300	44	1
142	300	44	1
143	300	44	1
130	301	44	1
137	301	44	1
209	301	44	1
142	302	44	1
165	302	44	2
127	303	44	1
130	304	44	1
128	305	44	1
144	306	44	1
140	308	44	1
170	309	44	1
174	309	44	1
143	310	44	1
170	310	44	2
141	317	44	1
141	318	44	1
182	323	44	1
182	325	44	1
133	326	44	1
133	329	44	1
187	329	44	1
185	330	44	1
182	332	44	1
131	333	44	2
132	334	44	1
136	334	44	3
189	334	44	3
218	334	44	2
128	335	44	1
215	335	44	1
242	335	44	1
216	344	44	1
231	346	44	2
211	347	44	1
234	347	44	3
211	348	44	1
192	361	44	1
143	237	45	1
176	259	45	1
173	260	45	3
158	262	45	2
175	262	45	1
159	263	45	1
149	265	45	2
153	265	45	1
146	270	45	1
148	270	45	2
136	271	45	1
144	272	45	1
151	272	45	1
179	274	45	1
141	275	45	1
164	277	45	3
149	279	45	1
149	280	45	2
152	282	45	1
142	283	45	2
150	283	45	1
251	283	45	1
214	287	45	3
143	296	45	1
128	299	45	1
133	302	45	1
131	303	45	1
130	304	45	1
139	304	45	1
141	315	45	1
182	321	45	1
185	322	45	1
252	324	45	1
186	326	45	1
187	329	45	1
185	330	45	2
193	333	45	1
215	343	45	2
211	345	45	1
229	346	45	1
231	346	45	1
210	347	45	1
175	352	45	1
134	229	46	1
173	255	46	1
176	258	46	1
157	265	46	1
147	266	46	1
145	270	46	1
139	273	46	1
163	275	46	1
153	277	46	1
152	282	46	1
153	282	46	2
154	282	46	1
140	284	46	1
149	284	46	1
120	285	46	2
146	285	46	2
120	286	46	1
208	286	46	1
143	290	46	1
140	292	46	1
204	292	46	1
146	294	46	1
139	295	46	1
143	300	46	1
137	301	46	1
224	301	46	1
130	302	46	2
143	302	46	1
244	302	46	1
129	303	46	2
136	303	46	1
143	303	46	1
240	304	46	2
139	305	46	1
194	315	46	1
195	315	46	1
188	319	46	1
188	320	46	1
179	322	46	1
179	323	46	1
172	326	46	1
183	328	46	1
188	328	46	2
217	334	46	2
217	335	46	1
221	340	46	1
217	341	46	1
217	342	46	2
222	342	46	1
232	343	46	1
182	353	46	1
141	227	47	1
212	261	47	1
151	269	47	1
146	270	47	1
146	277	47	1
164	281	47	1
140	293	47	2
144	294	47	1
202	295	47	1
140	297	47	2
134	298	47	1
139	298	47	3
138	300	47	1
229	302	47	1
185	323	47	1
190	323	47	1
175	324	47	1
179	324	47	2
186	329	47	1
206	348	47	1
227	353	47	1
203	356	47	1
186	257	48	1
154	276	48	2
142	290	48	1
207	351	48	1
140	224	49	1
135	230	49	1
172	237	49	1
126	245	49	1
154	248	49	1
151	252	49	1
195	252	49	1
173	256	49	1
171	260	49	1
139	263	49	1
139	268	49	1
167	269	49	1
146	276	49	1
157	279	49	1
134	280	49	1
145	280	49	2
143	282	49	1
144	284	49	1
132	287	49	1
147	287	49	1
147	292	49	1
140	293	49	2
133	295	49	1
147	298	49	1
139	299	49	1
144	299	49	2
131	300	49	2
225	300	49	3
128	307	49	1
169	308	49	1
145	316	49	1
183	319	49	2
235	326	49	1
138	333	49	1
197	342	49	1
239	344	49	1
179	349	49	1
186	349	49	2
206	353	49	1
186	354	49	1
203	355	49	1
134	227	50	1
136	230	50	1
183	230	50	1
127	235	50	2
234	246	50	1
149	263	50	1
130	265	50	1
134	275	50	1
160	275	50	1
220	277	50	1
259	286	50	1
146	289	50	2
131	294	50	1
139	294	50	1
148	296	50	1
237	300	50	1
244	301	50	2
151	302	50	1
131	306	50	2
129	312	50	2
212	318	50	1
225	341	50	2
