x	y	z	Interferon alpha/beta signaling
244	284	21	1
240	286	21	1
240	277	24	2
235	278	24	1
246	284	24	1
239	287	24	1
245	287	24	1
243	288	24	1
245	288	24	1
246	289	24	2
238	270	25	1
234	271	25	1
238	272	25	1
227	273	25	1
235	275	25	1
236	275	25	1
238	275	25	1
232.5	276.5	25.5	1
235	276	25	1
236	276	25	1
240	276	25	1
231	278	25	1
233	278	25	1
237	278	25	1
239	278	25	1
233	279	25	1
235	279	25	1
241	279	25	1
247	279	25	1
232	280	25	1
233	280	25	1
245	280	25	1
243	281	25	1
248	281	25	1
249	281	25	1
214	282	25	1
232	282	25	2
237	282	25	2
240	282	25	2
249	282	25	1
230	283	25	1
233	283	25	1
240	283	25	2
243	283	25	1
245	283	25	2
234	284	25	1
235	284	25	1
241	284	25	2
242	284	25	1
247	284	25	1
252	284	25	1
215	285	25	1
232	285	25	1
238	285	25	1
239	285	25	1
240	285	25	1
246	285	25	1
248	285	25	2
253	285	25	1
218	286	25	1
232	286	25	1
243	286	25	1
242	287	25	1
246	287	25	1
251	287	25	1
252	287	25	2
239	288	25	1
226	289	25	1
240	290	25	1
250	290	25	1
226	291	25	1
239	291	25	1
240	291	25	1
238	292	25	1
242	292	25	1
243	292	25	1
239	293	25	3
243	293	25	1
239	294	25	1
246	294	25	1
234	295	25	1
237	295	25	1
238	296	25	1
246	296	25	2
247	296	25	2
240	298	25	1
230	264	26	1
237	266	26	1
241	268	26	1
228	270	26	1
234	270	26	1
237	270	26	1
240	270	26	2
229	271	26	1
235	271	26	1
236	271	26	1
215	272	26	1
232	272	26	1
239	272	26	1
237	273	26	1
248	273	26	1
235	275	26	1
245	275	26	1
215	276	26	1
232	276	26	1
244	276	26	1
230	277	26	1
236	277	26	1
239	277	26	1
240	277	26	1
232	278	26	1
234	278	26	1
235	278	26	2
252	278	26	1
207	279	26	1
234	279	26	1
248	279	26	1
249	279	26	1
250	279	26	1
232	280	26	1
238	280	26	1
240	280	26	1
230	281	26	1
231	281	26	1
246	281	26	1
208	282	26	1
212	282	26	1
229	282	26	1
233	282	26	1
238	282	26	1
246	282	26	1
227	283	26	3
233	283	26	1
241	283	26	1
243	283	26	1
252	283	26	1
233	284	26	1
235	284	26	1
236	284	26	1
238	284	26	1
243	284	26	1
245	284	26	2
212	285	26	2
235	285	26	1
241	285	26	1
247	285	26	1
252	285	26	2
253	285	26	1
232	286	26	2
233	286	26	1
234	286	26	1
235	286	26	1
237	286	26	1
238	286	26	1
247	286	26	1
234	287	26	1
239	287	26	1
243	287	26	2
247	287	26	1
251	287	26	3
253	287	26	1
245	288	26	1
249	288	26	1
227	289	26	1
231	289	26	1
233	289	26	2
237	289	26	1
242	289	26	1
248	289	26	1
227	290	26	2
228	290	26	1
236	290	26	1
239	290	26	2
240	290	26	1
244	290	26	1
250	290	26	1
236	291	26	1
240	291	26	1
245	291	26	1
249	291	26	1
237	292	26	2
246	292	26	1
247	292	26	2
250	292	26	2
251	292	26	1
225	293	26	1
234	293	26	1
236	293	26	2
237	293	26	2
246	293	26	1
247	293	26	1
220	294	26	1
237	294	26	2
240	294	26	1
234	295	26	1
237	295	26	1
241	295	26	1
242	295	26	1
248	295	26	1
236	297	26	1
240	297	26	1
244	297	26	1
236	298	26	2
240	298	26	1
243	299	26	1
225	300	26	1
235	301	26	1
182	255	27	1
184	255	27	1
181	257	27	2
181	258	27	1
232	259	27	1
184	260	27	1
186	260	27	1
228	260	27	3
177	261	27	1
181	261	27	1
220	261	27	1
227	261	27	1
229	261	27	1
237	261	27	1
177	262	27	1
182	262	27	1
229	262	27	1
238	262	27	1
239	262	27	1
185	263	27	2
244	263	27	1
219	264	27	1
222	264	27	1
225	264	27	1
226	264	27	2
228	264	27	1
230	264	27	1
231	264	27	1
234	264	27	1
239	264	27	1
248	264	27	2
184	265	27	1
215	265	27	2
221	265	27	1
226	265	27	1
234	265	27	1
178	266	27	1
179	266	27	1
216	266	27	1
219	266	27	1
224	266	27	1
226	266	27	1
231	266	27	1
235	266	27	1
214	267	27	1
228	267	27	1
236	267	27	2
179	268	27	1
197	268	27	1
215	268	27	1
216	268	27	1
217	268	27	1
222	268	27	1
226	268	27	1
234	268	27	1
236	268	27	1
180	269	27	1
205	269	27	2
211	269	27	1
213	269	27	2
214	269	27	1
224	269	27	1
233	269	27	1
234	269	27	1
236	269	27	1
239	269	27	1
242	269	27	1
221	270	27	1
227	270	27	1
232	270	27	2
237	270	27	1
238	270	27	1
240	270	27	1
242	270	27	1
244	270	27	1
250	270	27	2
177	271	27	1
178	271	27	1
181	271	27	2
206	271	27	1
211	271	27	1
225	271	27	1
230	271	27	2
231	271	27	1
235	271	27	1
237	271	27	1
243	271	27	1
248	271	27	1
250	271	27	1
251	271	27	1
176	272	27	1
181	272	27	1
213	272	27	1
215	272	27	1
223	272	27	1
236	272	27	1
241	272	27	1
205	273	27	1
210	273	27	1
220	273	27	1
229	273	27	1
231	273	27	1
232	273	27	1
235	273	27	2
238	273	27	1
239	273	27	1
240	273	27	1
247	273	27	1
179	274	27	1
203	274	27	1
206	274	27	2
207	274	27	1
208	274	27	1
209	274	27	1
239	274	27	1
250	274	27	2
182	275	27	1
212	275	27	1
217	275	27	1
223	275	27	1
232	275	27	1
244	275	27	1
249	275	27	1
250	275	27	1
254	275	27	1
207	276	27	1
210	276	27	1
213	276	27	1
215	276	27	1
220	276	27	1
230	276	27	1
239	276	27	2
247	276	27	1
210	277	27	1
211	277	27	1
212	277	27	1
213	277	27	1
218	277	27	1
220	277	27	1
231	277	27	1
236	277	27	2
237	277	27	1
239	277	27	1
240	277	27	2
243	277	27	1
252	277	27	1
203	278	27	1
206	278	27	1
211	278	27	3
214	278	27	1
220	278	27	1
224	278	27	1
227	278	27	1
230	278	27	1
231	278	27	1
238	278	27	1
239	278	27	1
240	278	27	1
220	279	27	1
232	279	27	2
239	279	27	1
240	279	27	1
244	279	27	1
246	279	27	1
249	279	27	1
252	279	27	1
214	280	27	1
233	280	27	1
239	280	27	1
252	280	27	1
209	281	27	1
237	281	27	1
238	281	27	1
241	281	27	1
244	281	27	2
245	281	27	1
249	281	27	1
251	281	27	1
257	281	27	1
205	282	27	1
209	282	27	1
212	282	27	1
213	282	27	1
215	282	27	1
216	282	27	1
231	282	27	1
233	282	27	2
243	282	27	1
244	282	27	1
245	282	27	2
246	282	27	1
247	282	27	2
248	282	27	1
249	282	27	2
252	282	27	1
254	282	27	2
234	283	27	1
235	283	27	2
238	283	27	1
251	283	27	1
206	284	27	1
209	284	27	1
210	284	27	1
213	284	27	1
214	284	27	1
250	284	27	2
251	284	27	1
254	284	27	2
219	285	27	2
223	285	27	1
233	285	27	1
235	285	27	2
238	285	27	2
242	285	27	1
254	285	27	1
255	285	27	1
208	286	27	2
212	286	27	1
218	286	27	2
220	286	27	1
222	286	27	2
226	286	27	1
232	286	27	2
233	286	27	1
234	286	27	1
237	286	27	1
241	286	27	1
244	286	27	1
249	286	27	2
251	286	27	1
258	286	27	2
233	287	27	1
239	287	27	2
204	288	27	1
211	288	27	1
214	288	27	2
222	288	27	1
231	288	27	1
232	288	27	1
233	288	27	1
234	288	27	1
237	288	27	2
252	288	27	2
227	289	27	1
235	289	27	2
237	289	27	1
238	289	27	2
243	289	27	3
248	289	27	1
256	289	27	1
214	290	27	1
219	290	27	1
227	290	27	1
231	290	27	1
233	290	27	2
239	290	27	1
250	290	27	1
253	290	27	1
222	291	27	1
224	291	27	1
227	291	27	1
233	291	27	1
235	291	27	3
248	291	27	1
251	291	27	1
211	292	27	2
213	292	27	1
219	292	27	2
223	292	27	1
225	292	27	1
226	292	27	1
227	292	27	1
228	292	27	1
234	292	27	1
235	292	27	2
237	292	27	1
241	292	27	1
246	292	27	1
248	292	27	1
218	293	27	1
222	293	27	1
223	293	27	1
229	293	27	1
239	293	27	1
240	293	27	1
245	293	27	2
247	293	27	1
253	293	27	1
213	294	27	1
217	294	27	1
219	294	27	1
236	294	27	1
237	294	27	1
238	294	27	1
244	294	27	1
250	294	27	1
251	294	27	1
254	294	27	1
257	294	27	1
211	295	27	1
221	295	27	1
250	295	27	1
251	295	27	1
220	296	27	2
221	296	27	1
237	296	27	1
238	296	27	1
239	296	27	1
240	296	27	1
245	296	27	1
249	296	27	1
217	297	27	1
225	297	27	1
237	297	27	2
240	297	27	2
242	297	27	1
243	297	27	1
245	297	27	1
246	297	27	1
248	297	27	1
249	297	27	1
224	298	27	1
235	298	27	1
237	298	27	1
238	298	27	1
239	298	27	1
241	298	27	1
215	299	27	1
229	299	27	2
242	299	27	1
246	299	27	1
247	299	27	1
227	300	27	1
235	300	27	1
239	300	27	1
241	300	27	1
242	300	27	1
244	300	27	1
227	301	27	1
236	301	27	1
238	301	27	1
241	301	27	1
245	301	27	2
247	301	27	1
236	302	27	1
232	264	28	1
235	266	28	1
237	268	28	2
236	270	28	2
237	270	28	1
237	271	28	1
236	272	28	1
211	273	28	1
214	274	28	1
234	274	28	2
235	276	28	1
238	276	28	1
236	278	28	1
210	279	28	1
235	280	28	1
239	280	28	1
241	280	28	1
235	281	28	1
252	281	28	1
235	282	28	1
251	282	28	2
237	283	28	1
238	283	28	1
246	284	28	1
248	284	28	1
254	284	28	1
240	285	28	1
242	285	28	1
245	285	28	1
246	286	28	3
249	286	28	1
224	288	28	1
231	289	28	1
243	289	28	1
253	289	28	1
242	290	28	2
241	291	28	1
222	292	28	1
241	292	28	1
240	293	28	2
249	293	28	1
241	294	28	1
245	294	28	1
249	294	28	1
251	294	28	3
240	295	28	1
242	295	28	1
239	297	28	1
240	298	28	1
225	300	28	3
235	256	29	1
190	258	29	1
234	258	29	2
235	258	29	1
188	259	29	1
230	259	29	1
181	260	29	1
182	260	29	1
183	261	29	1
187	261	29	1
227	261	29	1
230	261	29	1
227	262	29	1
229	262	29	1
232	263	29	1
248	263	29	1
224	264	29	1
229	264	29	1
237	264	29	1
238	264	29	1
248	264	29	1
239	265	29	1
249	265	29	1
195	266	29	1
228	266	29	1
229	266	29	1
230	266	29	2
232	266	29	2
236	266	29	2
248	266	29	1
250	266	29	1
194	267	29	1
197	267	29	1
226	267	29	1
231	267	29	1
234	267	29	1
236	267	29	1
237	267	29	2
241	267	29	1
201	268	29	1
226	268	29	1
237	268	29	1
238	268	29	1
239	268	29	1
196	269	29	2
204	269	29	1
237	269	29	1
240	269	29	1
249	269	29	1
175	270	29	1
196	270	29	1
231	270	29	1
238	270	29	1
239	270	29	3
203	271	29	1
214	271	29	1
234	271	29	1
235	271	29	1
237	271	29	2
251	271	29	1
224	272	29	1
232	272	29	1
234	272	29	1
235	272	29	1
241	272	29	1
245	272	29	1
251	272	29	1
212	273	29	1
238	273	29	1
249	273	29	1
250	273	29	1
180	274	29	1
213	274	29	1
214	274	29	1
238	274	29	1
239	274	29	1
247	274	29	3
206	275	29	1
232	275	29	1
235	275	29	1
240	275	29	1
205	276	29	1
208	276	29	1
228	276	29	1
241	276	29	1
246	276	29	1
234	277	29	1
239	277	29	1
250	277	29	1
251	277	29	1
208	278	29	1
235	278	29	1
239	278	29	1
245	278	29	1
206	279	29	1
205	280	29	2
233	280	29	1
234	280	29	1
241	280	29	1
246	280	29	1
249	280	29	1
254	280	29	1
233	281	29	1
235	281	29	2
237	281	29	1
238	281	29	2
212	282	29	1
213	282	29	1
241	282	29	2
245	282	29	1
250	282	29	1
215	283	29	1
233	283	29	2
236	283	29	1
238	283	29	1
245	283	29	1
248	283	29	1
249	283	29	2
211	284	29	1
220	284	29	2
222	284	29	1
238	284	29	1
240	284	29	1
242	284	29	2
234	285	29	1
238	285	29	1
239	285	29	2
243	285	29	2
248	285	29	1
250	285	29	1
254	285	29	1
235	286	29	1
231	287	29	1
249	287	29	1
232	288	29	1
233	288	29	1
234	288	29	1
235	288	29	1
236	288	29	1
240	288	29	1
249	288	29	1
227	289	29	1
234	289	29	1
243	289	29	1
245	289	29	1
222	290	29	1
228	290	29	1
239	290	29	1
247	290	29	1
225	291	29	1
226	291	29	2
238	291	29	1
239	291	29	1
240	291	29	1
245	291	29	2
239	292	29	2
247	292	29	1
250	292	29	2
257	292	29	1
222	293	29	1
223	293	29	2
227	293	29	1
237	293	29	1
239	293	29	1
236	294	29	1
245	294	29	1
246	294	29	1
248	294	29	1
251	294	29	2
221	295	29	1
240	295	29	1
247	295	29	1
219	296	29	2
239	296	29	1
246	296	29	1
252	296	29	1
227	297	29	1
248	297	29	2
215	298	29	1
219	298	29	1
221	298	29	1
238	298	29	1
239	298	29	1
247	298	29	1
222	299	29	3
227	299	29	2
252	299	29	2
227	300	29	1
239	300	29	1
240	300	29	1
247	300	29	1
224	301	29	1
225	301	29	2
227	301	29	1
230	301	29	1
238	301	29	1
241	301	29	2
235	302	29	1
250	302	29	2
225	251	30	1
228	251	30	1
215	252	30	1
215	254	30	1
231	254	30	2
232	254	30	1
238	254	30	1
191	255	30	1
237	255	30	1
204	256	30	1
229	256	30	1
231	256	30	1
233	256	30	1
235	256	30	1
181	257	30	1
190	257	30	1
192	257	30	1
227	257	30	1
228	257	30	1
229	257	30	1
230	257	30	1
237	257	30	1
240	257	30	2
175	258	30	2
215	258	30	1
231	258	30	2
237	258	30	1
205	259	30	2
209	259	30	1
214	259	30	1
218	259	30	1
222	259	30	2
224	259	30	2
228	259	30	1
238	259	30	1
184	260	30	2
196	260	30	2
197	260	30	1
206	260	30	2
225	260	30	1
227	260	30	1
236	260	30	1
245	260	30	1
198	261	30	1
209	261	30	1
211	261	30	2
226	261	30	3
229	261	30	1
178	262	30	1
206	262	30	1
225	262	30	2
242	262	30	1
248	262	30	1
185	263	30	1
188	263	30	1
193	263	30	1
197	263	30	1
210	263	30	1
227	263	30	1
242	263	30	1
246	263	30	1
247	263	30	1
248	263	30	1
178	264	30	2
194	264	30	1
195	264	30	1
229	264	30	1
230	264	30	1
240	264	30	1
246	264	30	1
192	265	30	1
196	265	30	1
200	265	30	2
208	265	30	1
211	265	30	1
219	265	30	1
224	265	30	1
231	265	30	1
232	265	30	1
235	265	30	1
238	265	30	3
239	265	30	1
244	265	30	1
247	265	30	2
188	266	30	1
189	266	30	1
194	266	30	1
213	266	30	1
214	266	30	1
228	266	30	1
233	266	30	1
238	266	30	2
241	266	30	3
182	267	30	1
192	267	30	1
198	267	30	1
202	267	30	1
208	267	30	1
209	267	30	1
228	267	30	1
237	267	30	1
239	267	30	1
246	267	30	1
248	267	30	1
172	268	30	1
182	268	30	2
195	268	30	1
207	268	30	1
226	268	30	1
235	268	30	1
239	268	30	1
246	268	30	1
178	269	30	1
180	269	30	1
191	269	30	1
193	269	30	1
196	269	30	1
213	269	30	1
219	269	30	1
233	269	30	1
235	269	30	1
238	269	30	1
239	269	30	1
240	269	30	1
183	270	30	1
187	270	30	1
194	270	30	1
214	270	30	2
216	270	30	1
230	270	30	1
231	270	30	1
238	270	30	1
175	271	30	1
176	271	30	1
181	271	30	1
188	271	30	3
193	271	30	1
201	271	30	2
204	271	30	1
208	271	30	2
212	271	30	1
229	271	30	1
247	271	30	1
179	272	30	1
181	272	30	2
185	272	30	1
216	272	30	1
224	272	30	1
233	272	30	1
238	272	30	1
244	272	30	2
210	273	30	1
235	273	30	1
246	273	30	1
177	274	30	1
203	274	30	1
239	274	30	1
180	275	30	1
182	275	30	1
185	275	30	1
233	275	30	1
236	275	30	1
240	275	30	1
250	275	30	1
179	276	30	1
206	276	30	1
232	276	30	1
243	276	30	1
174	277	30	2
237	277	30	2
243	277	30	1
247	277	30	1
249	277	30	1
175	278	30	1
201	278	30	1
205	278	30	2
230	278	30	1
239	278	30	1
246	278	30	1
247	278	30	1
219	279	30	1
237	279	30	1
240	279	30	2
254	279	30	1
206	280	30	1
239	280	30	1
247	280	30	2
175	281	30	1
224	281	30	1
233	281	30	1
237	281	30	1
240	281	30	1
242	281	30	1
246	281	30	1
247	281	30	2
251	281	30	1
174	282	30	1
177	282	30	1
210	282	30	1
213	282	30	1
215	282	30	1
221	282	30	1
232	282	30	1
236	282	30	1
237	282	30	1
240	282	30	1
248	282	30	1
251	282	30	1
253	282	30	2
220	283	30	1
222	283	30	1
223	283	30	1
238	283	30	1
241	283	30	1
244	283	30	1
248	283	30	1
249	283	30	1
250	283	30	1
251	283	30	1
257	283	30	1
221	284	30	1
226	284	30	1
231	284	30	3
236	284	30	2
242	284	30	1
243	284	30	1
245	284	30	1
250	284	30	1
253	284	30	1
254	284	30	2
258	284	30	1
224	285	30	1
226	285	30	1
229	285	30	2
242	285	30	2
251	285	30	1
252	285	30	1
256	285	30	1
205	286	30	1
206	286	30	1
225	286	30	1
226	286	30	1
227	286	30	2
236	286	30	2
239	286	30	1
245	286	30	1
249	286	30	1
252	286	30	1
255	286	30	1
256	286	30	1
219	287	30	1
222	287	30	1
225	287	30	1
231	287	30	1
238.5	287.5	30.5	1
243	287	30	2
246	287	30	1
251	287	30	1
252	287	30	1
255	287	30	1
199	288	30	1
221	288	30	1
223	288	30	1
232	288	30	1
233	288	30	2
235	288	30	2
236	288	30	1
239	288	30	1
253	288	30	1
247	289	30	1
220	290	30	1
225	290	30	1
226	290	30	1
232	290	30	1
236	290	30	1
239	290	30	1
240	290	30	1
241	290	30	1
244	290	30	1
245	290	30	1
197	291	30	1
198	291	30	1
222	291	30	1
226	291	30	1
227	291	30	1
229	291	30	2
232	291	30	1
238	291	30	1
242	291	30	2
246	291	30	2
248	291	30	2
198	292	30	1
213	292	30	1
231	292	30	1
235	292	30	1
236	292	30	1
237	292	30	1
248	292	30	1
257	292	30	1
222	293	30	1
224	293	30	1
232	293	30	1
233	293	30	1
234	293	30	3
236	293	30	1
245	293	30	1
246	293	30	2
247	293	30	2
189	294	30	1
226	294	30	1
227	294	30	2
230	294	30	1
231	294	30	2
237	294	30	1
241	294	30	1
251	294	30	1
252	294	30	1
197	295	30	1
234	295	30	1
244	295	30	1
251	295	30	2
252	295	30	1
253	295	30	1
228	296	30	1
237	296	30	1
239	296	30	1
244	296	30	2
246	296	30	1
220	297	30	1
223	297	30	1
231	297	30	1
239	297	30	1
240	297	30	1
241	297	30	1
245	297	30	1
220	298	30	2
227	298	30	2
229	298	30	1
231	298	30	2
232	298	30	1
235	298	30	2
236	298	30	1
241	298	30	1
245	298	30	1
248	298	30	1
252	298	30	1
218	299	30	1
224	299	30	1
225	299	30	1
230	299	30	1
231	299	30	1
246	299	30	1
250	299	30	1
232	300	30	2
246	300	30	1
248	300	30	1
223	301	30	1
225	301	30	1
226	301	30	2
236	301	30	1
240	301	30	1
242	301	30	1
244	301	30	2
245	301	30	1
246	301	30	1
248	301	30	1
223	302	30	1
226	302	30	1
229	302	30	2
238	302	30	2
239	302	30	1
238	303	30	1
240	303	30	1
241	303	30	1
233	304	30	1
242	304	30	2
223	305	30	1
237	305	30	1
238	305	30	1
236	306	30	1
226	249	31	1
224	250	31	1
226	250	31	1
235	250	31	1
225	253	31	1
227	253	31	1
238	253	31	1
227	254	31	1
229	254	31	2
230	255	31	1
238	255	31	1
207	256	31	2
215	256	31	1
216	256	31	1
236	256	31	1
239	256	31	1
177	257	31	1
215	257	31	1
218	257	31	1
232	257	31	1
236	257	31	1
238	257	31	1
240	257	31	1
205	258	31	1
216	258	31	1
235	258	31	1
237	258	31	2
239	258	31	1
209	259	31	1
218	259	31	1
226	259	31	1
230	259	31	1
232	259	31	1
186	260	31	4
188	260	31	1
209	260	31	1
218	260	31	1
220	260	31	1
235	260	31	1
237	260	31	1
238	260	31	1
239	260	31	1
240	260	31	1
241	260	31	1
242	260	31	1
181	261	31	1
187	261	31	1
208	261	31	1
210	261	31	1
225	261	31	1
227	261	31	2
231	261	31	1
234	261	31	1
237	261	31	1
243	261	31	1
246	261	31	1
249	261	31	2
186	262	31	1
194	262	31	2
210	262	31	1
211	262	31	1
221	262	31	1
222	262	31	1
230	262	31	1
233	262	31	1
242	262	31	1
185	263	31	1
189	263	31	1
193	263	31	3
194	263	31	1
197	263	31	1
216	263	31	2
217	263	31	1
222	263	31	1
223	263	31	2
229	263	31	1
230	263	31	1
232	263	31	1
233	263	31	1
234	263	31	3
236	263	31	1
240	263	31	1
245	263	31	1
189	264	31	1
190	264	31	3
199	264	31	2
204	264	31	1
209	264	31	2
210	264	31	1
215	264	31	1
217	264	31	1
227	264	31	2
228	264	31	1
231	264	31	1
232	264	31	1
234	264	31	2
240	264	31	3
245	264	31	1
246	264	31	1
248	264	31	1
184	265	31	1
205	265	31	1
222	265	31	1
231	265	31	1
245	265	31	1
246	265	31	1
248	265	31	1
187	266	31	2
189	266	31	1
193	266	31	1
198	266	31	1
213	266	31	2
228	266	31	1
231	266	31	1
232	266	31	1
243	266	31	2
247	266	31	1
248	266	31	1
251	266	31	1
186	267	31	1
199	267	31	1
216	267	31	1
222	267	31	1
227	267	31	1
229	267	31	2
231	267	31	1
242	267	31	1
244	267	31	1
246	267	31	2
184	268	31	1
188	268	31	2
205	268	31	2
219	268	31	1
220	268	31	1
224	268	31	1
231	268	31	2
238	268	31	1
247	268	31	1
173	269	31	2
191	269	31	2
194	269	31	1
201	269	31	1
204	269	31	2
209	269	31	1
230	269	31	1
231	269	31	1
234	269	31	1
240	269	31	1
249	269	31	1
252	269	31	1
180	270	31	1
194	270	31	2
212	270	31	1
216	270	31	1
237	270	31	1
240	270	31	3
248	270	31	1
172	271	31	1
182	271	31	2
198	271	31	1
203	271	31	1
209	271	31	1
212	271	31	1
213	271	31	1
226	271	31	1
237	271	31	1
244	271	31	1
245	271	31	3
246	271	31	1
249	271	31	1
176	272	31	1
183	272	31	3
211	272	31	1
212	272	31	1
214	272	31	1
216	272	31	1
218	272	31	1
226	272	31	1
232	272	31	1
234	272	31	1
240	272	31	1
248	272	31	1
254	272	31	1
176	273	31	1
181	273	31	1
183	273	31	1
207	273	31	1
210	273	31	1
211	273	31	1
212	273	31	1
213	273	31	1
229	273	31	1
235	273	31	1
237	273	31	1
240	273	31	1
242	273	31	1
179	274	31	1
209	274	31	1
214	274	31	1
236	274	31	1
239	274	31	1
247	274	31	1
229	275	31	2
238	275	31	1
241	275	31	1
243	275	31	1
250	275	31	2
198	276	31	1
226	276	31	1
234	276	31	1
236	276	31	1
237	276	31	1
238	276	31	1
240	276	31	1
246	276	31	1
205	277	31	1
209	277	31	1
234	277	31	2
235	277	31	1
237	277	31	1
238	277	31	1
178	278	31	1
204	278	31	1
208	278	31	1
224	278	31	1
238	278	31	1
178	279	31	1
180	279	31	1
205	279	31	1
219	279	31	1
237	279	31	2
249	279	31	1
176	280	31	2
205	280	31	1
217	280	31	1
232	280	31	3
235	280	31	1
237	280	31	1
247	280	31	1
248	280	31	2
249	280	31	1
250	280	31	1
251	280	31	2
176	281	31	1
206	281	31	1
223	281	31	1
235	281	31	2
237	281	31	2
243	281	31	1
248	281	31	1
254	281	31	1
175	282	31	2
179	282	31	1
180	282	31	2
225	282	31	1
231	282	31	1
238	282	31	1
249	282	31	1
252	282	31	1
181	283	31	1
208	283	31	2
219	283	31	1
223	283	31	1
230	283	31	1
232	283	31	1
234	283	31	1
235	283	31	2
236	283	31	1
243	283	31	1
244	283	31	1
251	283	31	2
253	283	31	1
177	284	31	1
209	284	31	1
222	284	31	1
223	284	31	1
239	284	31	1
244	284	31	2
173	285	31	1
177	285	31	1
178	285	31	1
183	285	31	1
220	285	31	1
222	285	31	1
236	285	31	1
238	285.5	31.5	1
240	285	31	1
244	285	31	1
248	285	31	2
250	285	31	1
251	285	31	1
252	285	31	1
253	285	31	2
255	285	31	1
231	286	31	1
190	287	31	1
220	287	31	1
221	287	31	1
226	287	31	1
227	287	31	1
228	287	31	1
237	287	31	1
240	287	31	2
244	287	31	1
246	287	31	1
253	287	31	1
255	287	31	1
226	288	31	1
228	288	31	1
234	288	31	1
236	288	31	1
241	288	31	1
253	288	31	1
205	289	31	1
224	289	31	1
225	289	31	1
227	289	31	1
231	289	31	1
232	289	31	2
235	289	31	1
237	289	31	1
250	289	31	2
252	289	31	1
230	290	31	2
232	290	31	1
242	290	31	2
246	290	31	1
198	291	31	3
200	291	31	1
227	291	31	1
229	291	31	1
235	291	31	3
237	291	31	1
241	291	31	2
244	291	31	1
248	291	31	2
198	292	31	2
201	292	31	1
230	292	31	2
235	292	31	1
243	292	31	1
253	292	31	1
222	293	31	1
236	293	31	3
237	293	31	2
241	294	32.8	1
242	293	31	2
256	293	31	2
202	294	31	1
224	294	31	1
225	294	31	3
233	294	31	1
240	294	31	1
243	294	31	1
250	294	31	1
198	295	31	1
221	295	31	2
223	295	31	1
228	295	31	2
229	295	31	1
235	295	31	1
244	295	31	1
248	295	31	1
249	295	31	1
255	295	31	2
188	296	31	1
197	296	31	2
199	296	31	1
200	296	31	1
222	296	31	1
223	296	31	1
229	296	31	1
231	296	31	2
234	296	31	1
240	296	31	1
243	296	31	1
250	296	31	1
253	296	31	2
195	297	31	1
223	297	31	1
224	297	31	1
227	297	31	1
236	297	31	1
243	297	31	1
252	297	31	1
229	298	31	1
232	298	31	1
249	298	31	1
253	298	31	1
232	299	31	1
240	299	31	1
246	299	31	1
248	299	31	2
218	300	31	1
224	300	31	1
225	300	31	1
228	300	31	1
231	300	31	1
241	300	31	1
244	300	31	1
248	300	31	1
250	300	31	1
216	301	31	1
228	301	31	1
230	301	31	1
241	301	31	1
242	301	31	1
246	301	31	1
248	301	31	1
222	302	31	1
226	302	31	1
229	302	31	1
232	302	31	1
247	302	31	1
235	303	31	2
237	303	31	2
241	303	31	1
243	303	31	1
232	304	31	2
244	304	31	1
233	306	31	1
227	251	32	2
193	253	32	1
218	253	32	1
223	253	32	1
232	253	32	1
240	253	32	1
215	254	32	1
223	254	32	1
225	254	32	1
227	254	32	1
232	254	32	1
235	254	32	1
236	254	32	1
188	255	32	2
214	255	32	2
217	255	32	1
218	255	32	1
219	255	32	1
223	255	32	1
224	255	32	3
230	255	32	1
232	255	32	1
215	256	32	1
227	256	32	1
242	256	32	1
192	257	32	1
203	257	32	1
219	257	32	1
229	257	32	1
182	258	32	1
192	258	32	1
207	258	32	1
216	258	32	1
231	258	32	1
211	259	32	2
213	259	32	1
214	259	32	1
219	259	32	1
234	259	32	1
237	259	32	1
244	259	32	2
245	259	32	1
247	259	32	1
214	260	32	1
228	260	32	1
230	260	32	1
239	260	32	1
195	261	32	2
216	261	32	1
217	261	32	1
224	261	32	1
228	261	32	1
231	261	32	2
238	261	32	1
242	261	32	1
186	262	32	1
197	262	32	1
198	262	32	1
203	262	32	1
207	262	32	1
210	262	32	2
219	262	32	1
224	262	32	1
227	262	32	1
231	262	32	2
236	262	32	1
243	262	32	2
247	262	32	1
208	263	32	1
211	263	32	1
212	263	32	1
213	263	32	1
216	263	32	1
222	263	32	1
225	263	32	1
230	263	32	1
231	263	32	1
232	263	32	1
235	263	32	1
251	263	32	1
186	264	32	1
190	264	32	1
193	264	32	1
194	264	32	1
199	264	32	1
200	264	32	1
204	264	32	1
217	264	32	1
221	264	32	1
223	264	32	1
224	264	32	1
228	264	32	1
230	264	32	2
236	264	32	2
238	264	32	1
239	264	32	1
250	264	32	2
184	265	32	1
188	265	32	1
192	265	32	1
194	265	32	1
204	265	32	1
212	265	32	1
213	265	32	2
215	265	32	1
217	265	32	1
220	265	32	1
229	265	32	1
230	265	32	1
232	265	32	1
233	265	32	2
249	265	32	1
186	266	32	1
188	266	32	1
189	266	32	1
195	266	32	2
196	266	32	1
197	266	32	1
203	266	32	1
214	266	32	1
216	266	32	1
221	266	32	1
222	266	32	1
224	266	32	1
228	266	32	1
232	266	32	1
235	266	32	1
240	266	32	1
245	266	32	1
247	266	32	1
248	266	32	1
251	266	32	1
182	267	32	1
183	267	32	1
192	267	32	2
193	267	32	3
208	267	32	1
216	267	32	1
221	267	32	1
222	267	32	1
225	267	32	1
231	267	32	1
233	267	32	1
237	267	32	1
242	267	32	1
245.5	267.5	32.5	1
246	267	32	1
247	267	32	2
248	267	32	1
249	267	32	1
188	268	32	1
189	268	32	2
193	268	32	1
198	268	32	2
206	268	32	1
212	268	32	1
213	268	32	1
214	268	32	1
224	268	32	1
241	268	32	1
243	268	32	1
245	268	32	1
247	268	32	1
184	269	32	1
193	269	32	1
213	269	32	1
218	269	32	1
222	269	32	2
223	269	32	1
245	269	32	1
250	269	32	1
195	270	32	1
196	270	32	1
197	270	32	1
200	270	32	2
212	270	32	2
214	270	32	2
222	270	32	1
233	270	32	1
239	270	32	1
248	270	32	1
177	271	32	1
188	271	32	1
196	271	32	1
227	271	32	1
231	271	32	1
235	271	32	1
237	271	32	1
239	271	32	1
240	271	32	1
246	271	32	1
173	272	32	1
181	272	32	1
182	272	32	1
184	272	32	1
201	272	32	1
206	272	32	1
208	272	32	1
209	272	32	1
211	272	32	1
212	272	32	1
213	272	32	1
225	272	32	1
226	272	32	1
235	272	32	2
237	272	32	1
243	272	32	1
244	272	32	1
250	272	32	1
251	272	32	1
206	273	32	1
212	273	32	1
173	274	32	2
179	274	32	4
184	274	32	1
185	274	32	1
204	274	32	1
205	274	32	2
210	274	32	2
211	274	32	1
213	274	32	1
233	274	32	1
235	274	32	1
238	274	32	1
243	274	32	1
252	274	32	1
186	275	32	1
202	275	32	1
210	275	32	1
211	275	32	1
216	275	32	1
247	275	32	1
249	275	32	1
250	275	32	1
205	276	32	1
210	276	32	1
228	276	32	1
234	276	32	1
236	276	32	1
238	276	32	1
239	276	32	1
241	276	32	1
216	277	32	1
241	277	32	1
244	277	32	1
247	277	32	1
248	277	32	1
254	277	32	2
184	278	32	1
206	278	32	1
220	278	32	1
238	278	32	1
240	278	32	1
245	278	32	1
249	278	32	1
205	279	32	1
214	279	32	1
219	279	32	1
220	279	32	1
234	279	32	1
236	279	32	1
237	279	32	3
241	279	32	1
245	279	32	1
250	279	32	1
255	279	32	1
173	280	32	1
176	280	32	2
177	280	32	1
178	280	32	1
237	280	32	1
240	280	32	1
249	280	32	1
175	281	32	2
176	281	32	1
210	281	32	1
223	281	32	2
226	281	32	1
231	281	32	1
232	281	32	1
239	281	32	1
241	281	32	1
242	281	32	2
243	281	32	3
246	281	32	2
174	282	32	1
179	282	32	1
204	282	32	2
218	282	32	1
223	282	32	1
224	282	32	1
227	282	32	2
229	282	32	2
232	282	32	2
248	282	32	2
256	282	32	1
183	283	32	1
221	283	32	1
226	283	32	1
237	283	32	2
241	283	32	1
246	283	32	1
248	283	32	1
254	283	32	1
178	284	32	1
181	284	32	1
186	284	32	1
205	284	32	1
206	284	32	2
225	284	32	1
226	284	32	1
242	284	32	1
245	284	32	1
254	284	32	2
177	285	32	1
185	285	32	1
205	285	32	1
206	285	32	1
208	285	32	1
215	285	32	1
218	285	32	1
219	285	32	1
223	285	32	2
229	285	32	1
233	285	32	1
235	285	32	2
244	285	32	1
253	285	32	1
255	285	32	2
174	286	32	1
175	286	32	1
177	286	32	2
183	286	32	1
204	286	32	1
206	286	32	1
207	286	32	1
221	286	32	2
222	286	32	1
224	286	32	1
234	286	32	1
240	286	32	2
252	286	32	1
176	287	32	1
177	287	32	1
208	287	32	2
220	287	32	1
221	287	32	1
227	287	32	2
228	287	32	3
233	287	32	2
234	287	32	1
236.5	287.5	32.5	1
240	287	32	1
241	287	32	1
242	287	32	2
243	287	32	1
245	287	32	2
247	287	32	1
248	287	32	1
201	288	32	2
223	288	32	1
225	288	32	1
231	288	32	2
232	288	32	1
237	288	32	1
239	288	32	1
244	288	32	1
248	288	32	1
200	289	32	3
224	289	32	1
229	289	32	1
230	289	32	1
235	289	32	1
239	289	32	1
244	289	32	1
248	289	32	1
206	290	32	1
221	290	32	1
222	290	32	1
224	290	32	1
230	290	32	1
232	290	32	1
233	290	32	1
235	290	32	1
236	290	32	1
241	290	32	1
246	290	32	1
247	290	32	1
248	290	32	1
250	290	32	1
223	291	32	1
229	291	32	1
242	291	32	1
243	291	32	1
244	291	32	1
250	291	32	1
256	291	32	1
197	292	32	1
222	292	32	1
223	292	32	1
225	292	32	1
233	292	32	1
234	292	32	2
236.75	292.75	33	1
243	292	32	2
248	292	32	1
251	292	32	1
254	292	32	1
255	292	32	1
256	292	32	1
216	293	32	2
221	293	32	1
227	293	32	2
234	293	32	1
238	293	32	1
242	293	32	1
245	293	32	1
247	293	32	1
180	294	32	1
199	294	32	1
224	294	32	2
230	295	33	1
230	294	32	1
236	294	32	1
251	294	32	2
192	295	32	1
225	295	32	1
228	295	32	1
231	295	32	1
232	295	32	3
239	295	32	1
240	295	32	2
243	295	32	1
247	295	32	1
249	295	32	2
250	295	32	1
253	295	32	1
197	296	32	2
218	296	32	1
225	296	32	1
226	296	32	1
233	296	32	1
242	296	32	1
249	296	32	2
250	296	32	2
252	296	32	1
234	297	32	1
236	297	32	2
244	297	32	1
248	297	32	1
250	297	32	1
254	297	32	1
202	298	32	1
219	298	32	1
228	298	32	1
232	298	32	1
233	298	32	1
234	298	32	1
237	298	32	1
239	298	32	1
240	298	32	2
244	298	32	1
249	298	32	1
226	299	32	1
231	299	32	1
240	299	32	1
241	299	32	1
185	300	32	1
227	300	32	2
240	300	32	1
246	300	32	1
247	300	32	1
224	301	32	1
227	301	32	1
229	301	32	1
234	301	32	1
236	301	32	3
237	301	32	1
245	301	32	1
248	301	32	1
223	302	32	1
229	302	32	1
231	302	32	1
233	302	32	1
242	302	32	1
245	302	32	1
247	302	32	1
248	302	32	1
207	303	32	2
222	303	32	1
225	303	32	1
234	303	32	1
239	303	32	2
242	303	32	1
225	304	32	1
239	304	32	1
237	305	32	1
238	305	32	1
222	306	32	1
224	306	32	1
233	306	32	1
235	306	32	1
237	306	32	1
206	307	32	2
227	308	32	1
229	308	32	2
236	308	32	1
224	309	32	1
234	309	32	1
230	310	32	1
227	312	32	1
226	251	33	1
228	251	33	1
231	252	33	1
218	253	33	2
224	253	33	1
241	253	33	1
217	254	33	1
219	254	33	1
225	254	33	1
231	254	33	1
235	254	33	1
218	255	33	1
219	255	33	1
224	255	33	1
215	256	33	1
221	256	33	1
222	256	33	1
225	256	33	1
240	256	33	1
241	256	33	1
215	257	33	1
217	257	33	1
218	257	33	1
220	257	33	1
235	257	33	1
215	258	33	2
218	258	33	1
221	258	33	1
222	258	33	1
223	258	33	1
226	258	33	1
233	258	33	1
234	258	33	2
242	258	33	2
243	258	33	1
222	259	33	1
226	259	33	1
229	259	33	1
232	259	33	2
233	259	33	1
237	259	33	1
242	259	33	1
212	260	33	1
219	260	33	1
224	260	33	1
229	260	33	2
233	260	33	3
182	261	33	1
188	261	33	2
193	261	33	1
211	261	33	1
217.5	261.5	33.5	1
219	261	33	1
220	261	33	1
227	261	33	1
228	261	33	1
230	261	33	2
232	261	33	1
238	261	33	1
240	261	33	1
209	262	33	1
210	262	33	2
215	262	33	2
224	262	33	1
240	262	33	1
241	262	33	2
248	262	33	1
249	262	33	1
183	263	33	1
193	263	33	1
194	263	33	2
199	263	33	1
200	263	33	1
212	263	33	1
215	263	33	1
218	263	33	1
223	263	33	1
238	263	33	1
245	263	33	1
247	263	33	2
248	263	33	3
249	263	33	1
251	263	33	1
192	264	33	1
199	264	33	1
212	264	33	1
214	264	33	1
218	264	33	1
220	264	33	1
224	264	33	1
226	264	33	1
228	264	33	1
231	264	33	1
233	264	33	2
235	264	33	1
245	264	33	1
249	264	33	1
189	265	33	1
191	265	33	1
192	265	33	1
210	265	33	2
211	265	33	1
213	265	33	1
219	265	33	1
220	265	33	1
225	265	33	1
226	265	33	2
242	265	33	1
243	265	33	1
244	265	33	2
245	265	33	1
184	266	33	1
191	266	33	1
195	266	33	1
213	266	33	1
216	266	33	1
219	266	33	1
220	266	33	1
221	266	33	1
222	266	33	1
224	266	33	1
225	266	33	1
237	266	33	1
239	266	33	1
241	266	33	1
182	267	33	1
183	267	33	1
186	267	33	1
188	267	33	1
193	267	33	2
194	267	33	1
196	267	33	1
202	267	33	1
210	267	33	1
212	267	33	1
214	267	33	2
216	267	33	1
223	267	33	2
229	267	33	1
231	267	33	1
235	267	33	1
247	267	33	2
248	267	33	1
250	267	33	1
192	268	33	1
195	268	33	2
213	268	33	1
215	268	33	1
218	268	33	1
219	268	33	1
232	268	33	1
235	268	33	1
241	268	33	3
243	268	33	1
185	269	33	1
193	269	33	1
194	269	33	1
195	269	33	1
201	269	33	1
204	269	33	1
208	269	33	1
215	269	33	2
216	269	33	2
233	269	33	1
241	269	33	1
244	269	33	1
246	269	33	1
250	269	33	1
174	270	33	2
184	270	33	2
187	270	33	1
194	270	33	1
215	270	33	1
216	270	33	1
234	270	33	1
179	271	33	1
180	271	33	2
182	271	33	1
187	271	33	1
192	271	33	1
217	271	33	1
229	271	33	1
239	271	33	1
240	271	33	1
241	271	33	1
243	271	33	1
244	271	33	1
247	271	33	2
248	271	33	1
176	272	33	1
183	272	33	1
187	272	33	1
204	272	33	1
210	272	33	1
215	272	33	1
237	272	33	1
239	272	33	1
241	272	33	1
245	272	33	2
247	272	33	1
250	272	33	1
176	273	33	1
203	273	33	1
211	273	33	1
213	273	33	2
214	273	33	1
215	273	33	2
227	273	33	1
238	273	33	1
239	273	33	1
243	273	33	1
248	273	33	1
253	273	33	1
169	274	33	1
185	274	33	1
190	274	33	1
204	274	33	1
206	274	33	1
207	274	33	1
210	274	33	1
211	274	33	1
212	274	33	1
214	274	33	1
229	274	33	1
236	274	33	2
242	274	33	1
243	274	33	1
250	274	33	1
184	275	33	1
186	275	33	1
209	275	33	1
214	275	33	1
217	275	33	1
227	275	33	1
235	275	33	1
237	275	33	1
239	275	33	3
250	275	33	1
174	276	33	1
177	276	33	2
189	276	33	1
205	276	33	1
214	276	33	1
237	276	33	1
241	276	33	1
243	276	33	1
244	276	33	1
173	277	33	1
174	277	33	1
178	277	33	1
183	277	33	1
202	277	33	1
205	277	33	1
207	277	33	1
238	277	33	1
204	278	33	1
207	278	33	1
210	278	33	2
211	278	33	1
232	278	33	1
235	278	33	1
239	278	33	1
244	278	33	1
245	278	33	1
246	278	33	1
175	279	33	1
176	279	33	1
178	279	33	1
208	279	33	1
234	279	33	1
240	279	33	1
244	279	33	1
245	279	33	2
249	279	33	1
176	280	33	1
224	280	33	1
225	280	33	1
237	280	33	1
241	280	33	1
247	280	33	2
248	280	33	1
249	280	33	1
250	280	33	1
173	281	33	1
176	281	33	1
179	281	33	1
224	281	33	1
225	281	33	4
234	281	33	1
239	281	33	1
250	281	33	1
175	282	33	1
188	282	33	2
205	282	33	1
210	282	33	1
211	282	33	1
218	282	33	1
222	282	33	3
223	282	33	1
226	282	33	1
232	282	33	1
234	282	33	1
235	282	33	1
245	282	33	1
247	282	33	1
181	283	33	1
183	283	33	1
209	283	33	1
220	283	33	1
226	283	33	1
228	283	33	1
233	283	33	1
238	283	33	1
241	283	33	1
242	283	33	1
246	283	33	1
247	283	33	1
249	283	33	2
205	284	33	1
208	284	33	1
221	284	33	1
222	284	33	3
226	284	33	1
229	284	33	1
230	284	33	1
236	284	33	2
243	284	33	1
247	284	33	1
249	284	33	1
254	284	33	1
178	285	33	1
219	285	33	1
225	285	33	1
229	285	33	1
232	285	33	2
233	285	33	1
237.5	285.5	33.5	1
238	285	33	2
248	285	33	1
178	286	33	1
221	286	33	1
225	286	33	3
228	286	33	2
238	286	33	1
242	286	33	1
244	286	33	2
248	286	33	1
179	287	33	1
199	287	33	1
208	287	33	1
222	287	33	1
233	287	33	1
235	287	33	1
243	287	33	2
244	287	33	1
246	287	33	2
253	287	33	1
184	288	33	1
196	288	33	1
226	288	33	1
231	288	33	1
244	288	33	1
245	288	33	2
246	288	33	1
247	288	33	2
257	288	33	1
203	289	33	1
205	289	33	2
223	289	33	1
224	289	33	1
234	289	33	1
235	289	33	1
246	289	33	1
253	289	33	1
197	290	33	1
207	290	33	1
232	290	33	1
233	290	33	1
234	290	33	1
238	290	33	1
241	290	33	2
246	290	33	1
247	290	33	1
197	291	33	1
201	291	33	1
222	291	33	1
225	291	33	1
229	291	33	1
234	291	33	2
236	291	33	1
240	291	33	1
242	291	33	1
245	291	33	1
249	291	33	1
257	291	33	1
202	292	33	1
226	292	33	3
229	292	33	1
177	293	33	1
225	293	33	1
230	293	33	1
231	293	33	2
180	294	33	1
202	294	33	1
213	294	33	1
235	294	33	1
239	294	33	1
246	294	33	1
198	295	33	1
204	295	33	1
233	295	33	1
235	295	33	1
243	295	33	1
246	295	33	1
191	296	33	2
194	296	33	1
200	296	33	1
230	296	33	1
241	296	33	1
243	296	33	1
252	296	33	2
255	296	33	1
202	297	33	1
224	297	33	1
233	297	33	1
245	297	33	1
194	298	33	1
195	298	33	1
220	298	33	1
223	298	33	1
226	298	33	1
231	298	33	1
236	298	33	3
243	298	33	2
246	298	33	1
195	299	33	2
197	299	33	2
228	299	33	2
229	299	33	1
232	299	33	1
240	299	33	1
196	300	33	1
197	300	33	1
226	300	33	3
228	300	33	1
230	300	33	1
238	300	33	1
196	301	33	1
224	301	33	1
229	301	33	1
235	301	33	1
242	301	33	1
244	301	33	1
249	301	33	1
199	302	33	1
209	302	33	4
227	302	33	1
231	302	33	2
232	302	33	1
233	302	33	1
236	302	33	1
237	302	33	1
240	302	33	1
244	302	33	1
207	303	33	1
233	303	33	1
236	303	33	1
206	304	33	1
230	304	33	1
239	304	33	1
222	305	33	2
230	305	33	1
233	305	33	1
235	305	33	1
238	305	33	1
220	306	33	1
223	306	33	1
224	306	33	1
237	306	33	1
201	307	33	1
222	307	33	2
224	307	33	1
233	307	33	1
234	307	33	1
235	307	33	1
241	307	33	1
222	308	33	2
229	308	33	1
237	308	33	1
242	308	33	1
222	309	33	1
226	309	33	1
228	309	33	1
229	309	33	1
224	310	33	2
225	310	33	1
227	310	33	1
228	310	33	1
218	311	33	1
227	311	33	2
230	311	33	1
231	311	33	1
238	311	33	1
222	312	33	1
232	312	33	2
223	313	33	1
225	313	33	2
234	314	33	1
236	314	33	1
230	315	33	1
228	251	34	2
229	251	34	1
229	252	34	2
216	253	34	1
227	253	34	1
217	254	34	1
228	254	34	2
231	254	34	1
239	254	34	1
218	255	34	1
224	255	34	1
226	255	34	1
227	255	34	1
227	256	34	3
232	256	34	1
237	256	34	1
210	257	34	1
217	257	34	1
218	257	34	1
220	257	34	1
221	257	34	1
241	257	34	1
242	257	34	1
201	258	34	1
226	258	34	1
227	258	34	1
234	258	34	1
239	258	34	2
209	259	34	1
211	259	34	1
216	259	34	1
217	259	34	1
218	259	34	2
222	259	34	1
223	259	34	2
226	259	34	1
230	259	34	1
233	259	34	3
238	259	34	1
211	260	34	1
212	260	34	1
217	260	34	1
226	260	34	3
229	260	34	1
244	260	34	1
245	260	34	1
195	261	34	1
211	261	34	2
214	261	34	1
217	261	34	1
219	261	34	1
231	261	34	3
241	261	34	1
244	261	34	1
189	262	34	1
190	262	34	1
194	262	34	1
210	262	34	2
220	262	34	2
221	262	34	1
223	262	34	1
226	262	34	1
230	262	34	1
233	262	34	1
236	262	34	1
240	262	34	2
204	263	34	1
211	263	34	2
217	263	34	1
219	263	34	1
223	263	34	1
224	263	34	1
229	263	34	1
231	263	34	1
244	263	34	1
248	263	34	1
252	263	34	1
187	264	34	1
194	264	34	1
200	264	34	1
213	264	34	1
218	264	34	2
223	264	34	1
224	264	34	1
226	264	34	2
229	264	34	1
236	264	34	1
243	264	34	1
176	265	34	2
189	265	34	2
192	265	34	1
193	265	34	1
194	265	34	1
204	265	34	1
210	265	34	2
211	265	34	1
219	265	34	1
223	265	34	1
230	265	34	3
243	265	34	2
245	265	34	1
248	265	34	1
249	265	34	1
251	265	34	1
184	266	34	1
186	266	34	1
188	266	34	1
197	266	34	1
208	266	34	1
227	266	34	1
228	266	34	1
235	266	34	1
237	266	34	1
238	266	34	1
242	266	34	1
191	267	34	1
194	267	34	1
196	267	34	1
208	267	34	1
215	267	34	1
223	267	34	1
224	267	34	1
235	267	34	1
240	267	34	1
247	267	34	1
249	267	34	1
173	268	34	1
176	268	34	2
194	268	34	1
215	268	34	1
221	268	34	1
242	268	34	1
245	268	34	1
246	268	34	2
252	268	34	1
171	269	34	1
176	269	34	1
183	269	34	1
196	269	34	1
198	269	34	1
208	269	34	1
216	269	34	2
217	269	34	1
220	269	34	1
222	269	34	1
232	269	34	1
233	269	34	1
234	269	34	3
236	269	34	1
242	269	34	1
248	269	34	1
249	269	34	1
250	269	34	1
175	270	34	1
185	270	34	1
187	270	34	1
188	270	34	1
194	270	34	3
195	270	34	1
197	270	34	1
215	270	34	3
228	270	34	1
233	270	34	1
241	270	34	1
243	270	34	1
172	271	34	1
178	271	34	1
180	271	34	2
181	271	34	1
182	271	34	1
186	271	34	1
188	271	34	1
189	271	34	1
205	271	34	2
206	271	34	1
213	271	34	1
214	271	34	1
216	271	34	1
217	271	34	1
220	271	34	1
234	271	34	1
239	271	34	1
241	271	34	1
243	271	34	1
247	271	34	2
249	271	34	1
175	272	34	1
179	272	34	1
180	272	34	2
181	272	34	1
186	272	34	1
190	272	34	1
205	272	34	1
207	272	34	1
212	272	34	1
216	272	34	1
226	272	34	1
235	272	34	3
239	272	34	1
241	272	34	1
247	272	34	1
248	272	34	2
188	273	34	1
201	273	34	1
204	273	34	1
207	273	34	3
209	273	34	1
211	273	34	1
212	273	34	1
218	273	34	1
229	273	34	1
230	273	34	1
231	273	34	1
233	273	34	2
236	273	34	1
174	274	34	2
182	274	34	2
187	274	34	1
196	274	34	1
197	274	34	1
206	274	34	1
210	274	34	1
213	274	34	2
232	274	34	1
233	274	34	1
234	274	34	1
237	274	34	1
241	274	34	1
181	275	34	2
184	275	34	1
185	275	34	1
206	275	34	1
209	275	34	2
214	275	34	1
216	275	34	1
231	275	34	1
174	276	34	1
202	276	34	1
203	276	34	1
207	276	34	1
209	276	34	2
210	276	34	1
211	276	34	1
233	276	34	2
236	276	34	1
239	276	34	1
250	276	34	1
175	277	34	2
176	277	34	1
184	277	34	1
207	277	34	1
212	277	34	1
229	277	34	1
237	277	34	1
245	277	34	1
193	278	34	1
206	278	34	2
208	278	34	1
209	278	34	2
211	278	34	1
226	278	34	1
243	278	34	1
174	279	34	1
177	279	34	1
192	279	34	1
204	279	34	1
205	279	34	1
208	279	34	1
210	279	34	2
214	279	34	1
219	279	34	1
236	279	34	1
237	279	34	1
243	279	34	1
247	279	34	1
248	279	34	1
249	279	34	1
193	280	34	2
204	280	34	1
209	280	34	1
212	280	34	1
215	280	34	1
224	280	34	1
238	280	34	1
249	280	34	1
176	281	34	1
179	281	34	1
189	281	34	2
192	281	34	2
203	281	34	1
204	281	34	1
207	281	34	1
222	281	34	2
226	281	34	1
230	281	34	1
241	281	34	1
248	281	34	1
178	282	34	1
179	282	34	1
189	282	34	2
226	282	34	1
230	282	34	1
232	282	34	2
247	282	34	1
249	282	34	1
251	282	34	1
175	283	34	1
210	283	34	1
211	283	34	1
218	283	34	2
223	283	34	1
233	283	34	1
247	283	34	1
178	284	34	1
186	284	34	2
203	284	34	1
205	284	34	1
207	284	34	2
210	284	34	1
231	284	34	1
234	284	34	1
243	284	34	1
246	284	34	2
247	284	34	1
176	285	34	1
187	285	34	1
188	285	34	1
203	285	34	1
206	285	34	1
209	285	34	1
210	285	34	1
211	285	34	1
218	285	34	1
219	285	34	3
220	285	34	1
221	285	34	1
229	285	34	3
230	285	34	1
232	285	34	1
237	285	34	1
177	286	34	1
186	286	34	1
187	286	34	1
189	286	34	1
207	286	34	1
209	286	34	1
218	286	34	1
222	286	34	2
223	286	34	1
226	286	34	1
227	286	34	1
229	286	34	1
237	286	34	1
239	286	34	1
188	287	34	1
190	287	34	1
208	287	34	1
209	287	34	2
219	287	34	1
221	287	34	1
226	287	34	1
227	287	34	1
234	287	34	1
238	287	34	1
251	287	34	1
187	288	34	2
200	288	34	1
202	288	34	1
205	288	34	1
220	288	34	3
223	288	34	1
224	288	34	1
226	288	34	1
227	288	34	1
228	288	34	1
237	288	34	1
255	288	34	1
199	289	34	1
203	289	34	1
223	289	34	1
228	289	34	1
238	289	34	2
241	289	34	1
246	289	34	1
248	289	34	1
204	290	34	1
224	290	34	1
225	290	34	2
232	290	34	1
240	290	34	1
253	290	34	1
182	291	34	1
200	291	34	1
222	291	34	1
223	291	34	2
229	291	34	1
234	291	34	1
242	291	34	2
245	291	34	1
247	291	34	1
202	292	34	1
228	292	34	1
234	292	34	1
237	292	34	1
241	292	34	1
243	292	34	2
188	293	34	1
190	293	34	1
197	293	34	1
205	293	34	2
244	293	34	1
248	293	34	1
251	293	34	1
177	294	34	1
182	294	34	1
206	294	34	1
221	294	34	1
224	294	34	1
225	294	34	1
243	294	34	2
246	294	34	2
192	295	34	1
194	295	34	1
197	295	34	1
228	295	34	1
231	295	34	1
233	295	34	2
238	295	34	1
239	295	34	1
244	295	34	1
184	296	34	1
196	296	34	2
198	296	34	1
200	296	34	1
223	296	34	1
225	296	34	1
229	296	34	1
230	296	34	1
236	296	34	3
241	296	34	1
245	296	34	1
179	297	34	1
196	297	34	1
224	297	34	1
227	297	34	1
234	297	34	1
235	297	34	1
236	297	34	1
245	297	34	1
182	298	34	1
197	298	34	1
224	298	34	1
228	298	34	1
234	298	34	1
242	298	34	1
246	298	34	1
203	299	34	2
224	299	34	1
229	299	34	1
242	299	34	1
244	299	34	2
230	300	34	1
238	300	34	1
246	300	34	1
227	301	34	1
229	301	34	1
231	301	34	3
232	301	34	2
233	301	34	1
245	301	34	1
246	301	34	1
228	302	34	1
229	302	34	1
232	302	34	1
237	302	34	1
227	303	34	1
228	303	34	1
232	303	34	2
233	303	34	1
244	303	34	1
194	304	34	1
199	304	34	2
226	304	34	1
199	305	34	2
204	305	34	1
222	305	34	1
227	305	34	1
229	305	34	1
230	305	34	1
232	305	34	1
240	305	34	1
222	306	34	1
227	306	34	1
233	306	34	1
238	306	34	1
241	306	34	1
201	307	34	2
223	307	34	2
224	307	34	1
225	307	34	2
226	307	34	1
232	307	34	3
243	307	34	2
222	308	34	1
224	308	34	1
226	308	34	2
237	308	34	1
239	308	34	1
240	308	34	1
242	308	34	2
222	309	34	1
223	309	34	1
224	309	34	1
237	309	34	1
226	310	34	1
232	310	34	2
239	310	34	1
222	311	34	1
228	311	34	1
230	311	34	1
233	311	34	1
235	311	34	2
216	312	34	2
229	312	34	1
230	312	34	1
232	312	34	1
236	312	34	1
237	312	34	1
233	313	34	2
234	313	34	2
235	313	34	1
236	313	34	1
228	314	34	2
229	314	34	2
232	314	34	1
228	315	34	1
231	315	34	1
226	316	34	1
232	316	34	1
211	318	34	1
226	250	35	1
229	250	35	1
228	251	35	1
221	253	35	1
224	253	35	1
225	253	35	1
221	254	35	2
219	255	35	1
220	255	35	1
221	255	35	2
223	255	35	1
224	255	35	1
229	255	35	1
231	255	35	1
216	256	35	2
220	256	35	1
221	256	35	1
226	256	35	1
230	256	35	1
209	257	35	1
215	257	35	1
230	257	35	1
241	257	35	1
218	258	35	1
225	258	35	1
229	258	35	1
230	258	35	2
235	258	35	1
240	258	35	1
217	259	35	1
220	259	35	1
221	259	35	1
222	259	35	1
228	259	35	1
231	259	35	1
238	259	35	1
241	259	35	1
210	260	35	1
224	260	35	2
225	260	35	1
229	260	35	1
241	260	35	1
247	260	35	1
188	261	35	1
191	261	35	1
210	261	35	1
211	261	35	1
213	261	35	1
216	261	35	1
218	261	35	2
221	261	35	1
222	261	35	1
230	261	35	2
231	261	35	2
232	261	35	1
236	261	35	1
237	261	35	1
246	261	35	1
207	262	35	1
215	262	35	1
222	262	35	1
223	262	35	1
226	262	35	1
233	262	35	2
239	262	35	1
243	262	35	1
189	263	35	1
192	263	35	1
205	263	35	1
213	263	35	2
218	263	35	1
219	263	35	1
222	263	35	1
224	263	35	1
226	263	35	1
234	263	35	1
241	263	35	1
243	263	35	1
250	263	35	1
188	264	35	1
192	264	35	1
200	264	35	1
212	264	35	1
214	264	35	1
216	264	35	1
217	264	35	2
218	264	35	1
219	264	35	2
220	264	35	3
221	264	35	1
222	264	35	1
223	264	35	1
225	264	35	1
230	264	35	1
233	264	35	1
249	264	35	1
250	264	35	1
189	265	35	1
191	265	35	2
194	265	35	2
200	265	35	1
205	265	35	1
208	265	35	1
211	265	35	1
216	265	35	1
220	265	35	1
222	265	35	1
224	265	35	1
229	265	35	1
232	265	35	1
234	265	35	1
243	265	35	2
245	265	35	2
247	265	35	2
192	266	35	1
204	266	35	1
214	266	35	2
221	266	35	1
226	266	35	1
229	266	35	1
236	266	35	1
245	266	35	1
251	266	35	1
176	267	35	3
185	267	35	2
187	267	35	1
188	267	35	2
196	267	35	1
206	267	35	2
207	267	35	1
209	267	35	2
218	267	35	1
222	267	35	1
226	267	35	1
228	267	35	1
239	267	35	1
249	267	35	1
183	268	35	1
186	268	35	2
192	268	35	1
223	268	35	1
229	268	35	1
232	268	35	1
234	268	35	1
238	268	35	1
239	268	35	1
241	268	35	1
243	268	35	3
249	268	35	1
252	268	35	1
176	269	35	1
184	269	35	1
196	269	35	1
197	269	35	1
201	269	35	1
210	269	35	1
214	269	35	1
215	269	35	1
217	269	35	1
224	269	35	1
235	269	35	1
244	269	35	1
245	269	35	1
246	269	35	1
248	269	35	1
249	269	35	1
250	269	35	1
189	270	35	1
190	270	35	3
194	270	35	1
206	270	35	1
211	270	35	1
216	270	35	1
217	270	35	1
220	270	35	1
241	270	35	1
246	270	35	1
250	270	35	1
177	271	35	1
194	271	35	1
199	271	35	1
201	271	35	1
205	271	35	1
206	271	35	2
217	271	35	1
220	271	35	1
228	271	35	2
237	271	35	1
249	271	35	2
250	271	35	1
176	272	35	1
179	272	35	1
180	272	35	1
191	272	35	1
192	272	35	2
197	272	35	2
206	272	35	1
213	272	35	1
216	272	35	1
229	272	35	2
241	272	35	1
173	273	35	1
179	273	35	1
184	273	35	1
204	273	35	1
205	273	35	1
206	273	35	1
209	273	35	1
230	273	35	1
231	273	35	2
245	273	35	1
170	274	35	1
176	274	35	1
179	274	35	1
183	274	35	1
190	274	35	1
196	274	35	1
201	274	35	1
202	274	35	1
210	274	35	4
212	274	35	1
233	274	35	1
235	274	35	1
242	274	35	1
176	275	35	1
189	275	35	1
203	275	35	1
205	275	35	1
207	275	35	1
209	275	35	1
210	275	35	1
212	275	35	1
213	275	35	2
214	275	35	2
238	275	35	1
240	275	35	1
245	275	35	1
175	276	35	1
217	276	35	2
218	276	35	1
222	276	35	1
237	276	35	1
242	276	35	1
248	276	35	1
173	277	35	1
185	277	35	2
187	277	35	1
213	277	35	1
220	277	35	1
230	277	35	1
248	277	35	1
187	278	35	1
202	278	35	2
204	278	35	1
205	278	35	2
210	278	35	1
215	278	35	1
222	278	35	1
223	278	35	1
233	278	35	1
234	278	35	1
235	278	35	1
236	278	35	2
243	278	35	2
179	279	35	1
180	279	35	1
184	279	35	2
195	279	35	1
204	279	35	1
205	279	35	1
207	279	35	1
212	279	35	1
236	279	35	1
174	280	35	1
189	280	35	1
207	280	35	1
208	280	35	1
211	280	35	1
212	280	35	1
219	280	35	1
224	280	35	1
234	280	35	1
238	280	35	2
245	280	35	1
248	280	35	1
203	281	35	1
217	281	35	1
224	281	35	1
228	281	35	2
230	281	35	1
244	281	35	1
248	281	35	1
179	282	35	1
186	282	35	1
187	282	35	1
189	282	35	1
190	282	35	1
202	282	35	1
207	282	35	1
208	282	35	1
210	282	35	1
213	282	35	1
221	282	35	1
242	282	35	1
171	283	35	1
191	283	35	1
207	283	35	1
212	283	35	1
215	283	35	1
220	283	35	1
222	283	35	1
226	283	35	1
228	283	35	1
236	283	35	1
245	283	35	1
247	283	35	1
177	284	35	1
187	284	35	1
188	284	35	1
189	284	35	1
191	284	35	1
205	284	35	1
212	284	35	1
221	284	35	1
224	284	35	1
226	284	35	1
229	284	35	1
230	284	35	1
235	284	35	1
236	284	35	1
241	284	35	2
243	284	35	1
244	284	35	1
246	284	35	1
188	285	35	2
205	285	35	1
207	285	35	1
208	285	35	1
217	285	35	1
218	285	35	1
221	285	35	1
225	285	35	1
226	285	35	1
241	285	35	1
246	285	35	1
178	286	35	1
183	286	35	1
191	286	35	3
200	286	35	1
201	286	35	1
202	286	35	1
207	286	35	1
208	286	35	1
209	286	35	2
221	286	35	1
225	286	35	1
227	286	35	1
244	286	35	1
246	286	35	1
247	286	35	2
174	287	35	1
185	287	35	1
188	287	35	2
200	287	35	1
203	287	35	1
208	287	35	1
226	287	35	1
236	287	35	2
239	287	35	1
242	287	35	2
176	288	35	2
186	288	35	1
192	288	35	1
195	288	35	1
204	288	35	1
205	288	35	1
228	288	35	1
232	288	35	1
237	288	35	1
246	288	35	1
247	288	35	1
188	289	35	1
190	289	35	2
200	289	35	1
204	289	35	2
220	289	35	1
230	289	35	2
245	289	35	1
248	289	35	2
250	289	35	1
197	290	35	1
199	290	35	1
205	290	35	1
206	290	35	1
222	290	35	1
248	290	35	1
179	291	35	2
191	291	35	1
194	291	35	1
199	291	35	1
200	291	35	1
202	291	35	1
216	291	35	1
225	291	35	1
230	291	35	2
231	291	35	1
239	291	35	1
241	291	35	1
242	291	35	2
185	292	35	1
203	292	35	1
220	292	35	1
222	292	35	1
223	292	35	1
224	292	35	1
231	292	35	1
232	292	35	1
233	292	35	1
235	292	35	1
243	292	35	1
245	292	35	1
247	292	35	2
248	292	35	1
181	293	35	1
182	293	35	1
185	293	35	1
195	293	35	1
196	293	35	3
198	293	35	1
203	293	35	2
222	293	35	1
225	293	35	1
232	293	35	1
236	293	35	1
238	293	35	1
181	294	35	1
185	294	35	1
195	294	35	1
198	294	35	1
219	294	35	1
222	294	35	1
225	294	35	1
228	294	35	1
244	294	35	1
203	295	35	1
225	295	35	1
227	295	35	1
230	295	35	1
231	295	35	1
236	295	35	1
238	295	35	1
241	295	35	1
242	295	35	1
245	295	35	1
248	295	35	1
180	296	35	1
181	296	35	1
193	296	35	1
196	296	35	1
198	296	35	1
200	296	35	1
203	296	35	1
204	296	35	1
217	296	35	1
220	296	35	1
228	296	35	1
236	296	35	1
245	296	35	1
200	297	35	1
202	297	35	1
226	297	35	2
228	297	35	1
237	297	35	1
239	297	35	1
244	297	35	2
245	297	35	1
194	298	35	2
198	298	35	1
203	298	35	1
222	298	35	3
245	298	35	1
195	299	35	1
235	299	35	1
238	299	35	2
241	299	35	2
242	299	35	1
194	300	35	1
226	300	35	1
227	300	35	1
228	300	35	1
229	300	35	1
235	300	35	1
236	300	35	1
237	300	35	1
242	300	35	1
224	301	35	2
231	301	35	1
233	301	35	1
236	301	35	1
241	301	35	4
242	301	35	2
245	301	35	1
199	302	35	1
200	302	35	1
222	302	35	1
224	302	35	1
229	302	35	1
230	302	35	2
234	302	35	1
240	302	35	1
242	302	35	1
244	302	35	1
231	303	35	1
234	303	35	1
238	303	35	2
243	303	35	1
223	304	35	1
226	304	35	1
239	304	35	1
195	305	35	2
225	305	35	1
232	305	35	1
233	305	35	1
237	305	35	2
206	306	35	1
231	306	35	1
233	306	35	1
235	306	35	1
242	306	35	1
195	307	35	2
221	307	35	1
223	307	35	1
225	307	35	1
226	307	35	1
232	307	35	1
237	307	35	1
238	307	35	1
239	307	35	1
203	308	35	1
220	308	35	1
229	308	35	3
237	308	35	1
202	309	35	1
228	309	35	1
235	309	35	2
237	309	35	1
238	309	35	1
219	310	35	1
220	310	35	1
222	310	35	1
232	310	35	1
214	311	35	1
219	311	35	1
221	311	35	2
228	311	35	1
241	311	35	1
226	312	35	1
242	312	35	1
228	313	35	1
232	313	35	1
240	313	35	2
227	314	35	2
230	314	35	1
235	314	35	2
233	315	35	1
235	315	35	1
240	315	35	1
232	316	35	1
234	316	35	1
236	316	35	1
238	316	35	1
239	317	35	1
231	318	35	1
236	318	35	1
225	253	36	2
218	256	36	1
225	256	36	2
216	257	36	1
218	257	36	2
226	257	36	1
224	258	36	1
225	258	36	1
231	258	36	1
217	259	36	1
218	259	36	1
222	259	36	1
229	259	36	1
232	259	36	1
237	259	36	1
219	260	36	1
223	260	36	1
225	260	36	1
235	260	36	1
238	260	36	1
216	261	36	1
219	261	36	1
223	261	36	1
227	261	36	1
228	261	36	1
230	261	36	1
238	261	36	1
210	262	36	1
215	262	36	2
228	262	36	1
231	262	36	1
211	263	36	1
227	263	36	1
234	263	36	1
237	263	36	1
239	263	36	1
244	263	36	1
245	263	36	1
249	263	36	1
212	264	36	1
216	264	36	1
223	264	36	1
226	264	36	1
238	264	36	1
246	264	36	1
249	264	36	1
188	265	36	1
211	265	36	1
222	265	36	1
224	265	36	1
232	265	36	1
237	265	36	2
245	265	36	2
246	265	36	1
188	266	36	1
193	266	36	1
205	266	36	1
220	266	36	1
221	266	36	1
222	266	36	1
223	266	36	2
230	266	36	1
233	266	36	3
237	266	36	1
238	266	36	1
243	266	36	2
244	266	36	1
248	266	36	2
192	267	36	1
195	267	36	2
202	267	36	1
208	267	36	1
209	267	36	1
214	267	36	1
221	267	36	1
232	267	36	1
236	267	36	1
189	268	36	1
195	268	36	2
206	268	36	1
222	268	36	1
235	268	36	1
240	268	36	1
243	268	36	1
245	268	36	1
247	268	36	1
186	269	36	1
188	269	36	1
191	269	36	1
194	269	36	1
208	269	36	2
213	269	36	2
219	269	36	1
222	269	36	1
225	269	36	1
232	269	36	1
238	269	36	1
248	269	36	2
249	269	36	1
172	270	36	1
192	270	36	1
193	270	36	1
195	270	36	1
198	270	36	1
203	270	36	1
206	270	36	1
213	270	36	1
221	270	36	1
231	270	36	1
235	270	36	1
240	270	36	1
244	270	36	2
246	270	36	1
188	271	36	1
189	271	36	1
192	271	36	1
193	271	36	1
206	271	36	1
208	271	36	1
212	271	36	1
215	271	36	1
216	271	36	1
218	271	36	2
225	271	36	1
236	271	36	2
248	271	36	2
177	272	36	1
181	272	36	1
214	272	36	1
230	272	36	1
235	272	36	2
239	272	36	1
190	273	36	1
205	273	36	1
211	273	36	1
216	273	36	1
217	273	36	2
185	274	36	1
201	274	36	1
210	274	36	1
212	274	36	1
214	274	36	2
216	274	36	1
220	274	36	2
175	275	36	1
205	275	36	1
206	275	36	2
208	275	36	2
209	275	36	1
210	275	36	1
214	275	36	1
217	275	36	1
243	275	36	1
206	276	36	2
207	276	36	1
228	276	36	1
175	277	36	1
205	277	36	1
206	277	36	1
207	277	36	1
215	277	36	1
217	277	36	1
181	278	36	1
205	278	36	1
210	278	36	1
211	278	36	1
173	279	36	1
193	279	36	1
204	279	36	1
206	279	36	2
209	279	36	1
211	279	36	1
215	279	36	1
223	279	36	1
234	279	36	1
193	280	36	1
199	280	36	1
204	280	36	2
209	280	36	1
210	280	36	1
213	280	36	2
214	280	36	2
215	280	36	1
234	280	36	1
173	281	36	1
176	281	36	1
179	281	36	1
192	281	36	1
193	281	36	1
206	281	36	1
213	281	36	1
217	281	36	1
221	281	36	1
223	281	36	1
181	282	36	1
189	282	36	1
190	282	36	1
205	282	36	1
206	282	36	1
213	282	36	1
231	282	36	1
232	282	36	1
204	283	36	1
205	283	36	1
207	283	36	1
216	283	36	1
218	283	36	1
219	283	36	2
225	283	36	1
177	284	36	2
187	284	36	1
196	284	36	1
208	284	36	2
213	284	36	1
226	284	36	1
232	284	36	1
239	284	36	1
220	285	36	1
223	285	36	1
231	285	36	2
242	285	36	1
243	285	36	1
187	286	36	2
193	286	36	1
204	286	36	3
209	286	36	2
213	286	36	1
218	286	36	1
224	286	36	1
225	286	36	1
228	286	36	1
229	286	36	1
231	286	36	1
234	286	36	1
235	286	36	1
237	286	36	1
238	286	36	1
241	286	36	1
191	287	36	1
207	287	36	1
219	287	36	1
220	287	36	1
222	287	36	1
229	287	36	1
230	287	36	1
234	287	36	1
239	287	36	1
245	287	36	3
246	287	36	1
194	288	36	2
199	288	36	1
210	288	36	1
219	288	36	1
220	288	36	2
221	288	36	1
223	288	36	1
224	288	36	1
238	288	36	1
243	288	36	1
184	289	36	1
187	289	36	1
193	289	36	2
198	289	36	1
201	289	36	1
223	289	36	1
232	289	36	1
233	289	36	1
235	289	36	1
237	289	36	1
240	289	36	1
241	289	36	1
185	290	36	1
187	290	36	1
195	290	36	1
202	290	36	1
203	290	36	2
234	290	36	1
240	290	36	1
197	291	36	1
201	291	36	1
204	291	36	1
221	291	36	1
224	291	36	2
232	291	36	1
187	292	36	1
194	292	36	2
226	292	36	1
227	292	36	1
228	292	36	1
233	292	36	1
239	292	36	2
245	292	36	1
182	293	36	1
188	293	36	1
196	293	36	1
205	293	36	1
226	293	36	1
227	293	36	3
228	293	36	1
231	293	36	2
241	293	36	1
242	293	36	2
182	294	36	1
204	294	36	1
230	294	36	1
232	294	36	1
237	294	36	1
244	294	36	1
197	295	36	1
223	295	36	1
225	295	36	1
226	295	36	1
233	295	36	1
235	295	36	2
236	295	36	2
242	295	36	1
198	296	36	1
200	296	36	1
201	296	36	1
205	296	36	1
228	296	36	1
231	296	36	2
235	296	36	1
238	296	36	1
239	296	36	1
243	296	36	2
244	296	36	2
202	297	36	2
219	297	36	1
228	297	36	2
232	297	36	1
239	297	36	1
241	297	36	1
242	297	36	1
244	297	36	1
245	297	36	1
199	298	36	1
201	298	36	1
205	298	36	2
240	298	36	1
200	299	36	3
230	299	36	1
239	299	36	1
245	299	36	1
232	300	36	1
241	300	36	1
242	300	36	1
245	300	36	1
225	301	36	1
226	301	36	1
229	301	36	3
230	301	36	1
234	301	36	1
243	301	36	1
223	302	36	1
229	302	36	1
233	302	36	1
235	302	36	1
237	302	36	3
244	302	36	1
228	303	36	1
232	303	36	1
233	303	36	1
234	303	36	1
235	303	36	1
238	303	36	1
241	303	36	2
226	305	36	1
229	305	36	1
224	306	36	1
228	306	36	1
235	306	36	1
240	306	36	1
223	307	36	2
241	307	36	1
222	308	36	1
223	308	36	3
228	308	36	1
241	308	36	2
243	308	36	1
224	309	36	1
216	310	36	1
219	310	36	1
221	310	36	1
222	310	36	1
227	310	36	1
234	310	36	1
240	310	36	1
211	311	36	3
214	311	36	1
222	311	36	1
223	311	36	1
229	311	36	1
230	311	36	2
234	311	36	1
236	311	36	2
238	311	36	1
213	312	36	2
217	312	36	1
218	312	36	1
220	312	36	1
230	312	36	1
231	312	36	2
232	312	36	1
233	312	36	2
229	313	36	1
230	313	36	1
238	313	36	1
226	314	36	1
235	314	36	1
238	314	36	1
242	314	36	1
228	315	36	1
236	315	36	1
232	317	36	1
235	317	36	1
230	318	36	1
236	318	36	1
240	318	36	2
236	319	36	1
238	319	36	1
239	319	36	1
226	259	37	1
227	259	37	1
228	259	37	1
230	260	37	1
235	260	37	2
226	261	37	1
230	261	37	1
230	262	37	1
231	262	37	1
222	263	37	2
207	265	37	1
193	266	37	2
194	266	37	1
183	267	37	1
188	267	37	1
211	267	37	1
238	267	37	1
189	268	37	1
215	268	37	1
236	268	37	1
238	268	37	1
193	269	37	1
204	269	37	1
216	269	37	1
219	269	37	1
190	270	37	1
192	270	37	1
212	270	37	1
220	270	37	1
238	270	37	1
196	271	37	1
207	271	37	1
213	271	37	1
218	271	37	3
196	272	37	1
214	273	37	1
208	274	37	1
213	274	37	2
231	274	37	1
205	275	37	1
208	275	37	1
219	275	37	1
207	276	37	1
215	276	37	1
217	276	37	1
219	276	37	1
206	277	37	2
214	277	37	2
218	277	37	3
181	278	37	1
195	278	37	1
215	278	37	1
195	279	37	1
215	279	37	2
231	279	37	1
192	280	37	1
212	280	37	1
189	281	37	2
193	281	37	1
208	281	37	1
213	281	37	1
223	281	37	3
189	282	37	1
208	282	37	1
214	282	37	1
201	283	37	1
211	283	37	1
214	283	37	1
215	283	37	1
230	283	37	1
212	284	37	2
187	285	37	1
202	285	37	1
204	285	37	1
205	285	37	1
188	286	37	2
189	286	37	1
199	286	37	1
205	286	37	1
207	286	37	1
204	287	37	1
220	287	37	1
221	287	37	1
222	287	37	1
230	287	37	1
203	288	37	1
204	288	37	1
210	288	37	1
238	288	37	1
240	288	37	1
191	289	37	1
195	289	37	2
202	289	37	1
205	289	37	2
208	289	37	1
219	289	37	2
224	289	37	1
237	289	37	2
239	289	37	1
195	290	37	2
200	290	37	2
202	290	37	1
237	290	37	1
242	290	37	1
243	290	37	1
195	291	37	2
203	291	37	1
239	291	37	1
198	292	37	1
201	292	37	1
203	292	37	1
208	292	37	2
225	292	37	1
234	292	37	1
235	292	37	1
238	292	37	1
240	292	37	1
193	293	37	1
202	293	37	1
204	293	37	1
225	293	37	1
240	293	37	2
202	294	37	1
224	294	37	1
228	294	37	1
230	294	37	1
232	294	37	1
233	294	37	2
237	294	37	1
240	294	37	1
242	294	37	1
197	295	37	1
217	295	37	1
232	295	37	1
234	295	37	2
235	295	37	3
237	295	37	1
240	295	37	1
202	296	37	1
203	296	37	1
215	296	37	1
229	296	37	1
240	296	37	1
243	296	37	1
196	297	37	2
229	297	37	1
231	297	37	1
235	297	37	1
239	297	37	2
241	297	37	2
199	298	37	2
231	298	37	1
233	298	37	2
238	298	37	1
242	298	37	1
243	298	37	2
244	298	37	2
228	299	37	1
233	299	37	1
240	299	37	2
245	299	37	1
230	300	37	1
232	300	37	1
233	300	37	1
240	300	37	2
227	301	37	1
244	301	37	1
227	305	37	1
238	305	37	1
242	305	37	1
224	306	37	1
234	306	37	1
240	306	37	1
242	306	37	1
225	307	37	1
224	308	37	1
225	308	37	1
229	308	37	2
241	308	37	1
243	308	37	1
229	309	37	2
242	309	37	1
217	310	37	1
224	310	37	1
227	310	37	2
221	312	37	1
230	312	37	3
232	312	37	1
235	312	37	1
217	313	37	1
228	313	37	1
229	313	37	1
236	313	37	2
237	313	37	1
221	314	37	2
230	314	37	1
232	314	37	1
237	314	37	1
238	314	37	1
229	315	37	1
238	315	37	1
240	316	37	1
241	316	37	1
236	317	37	1
238	318	37	1
238	319	37	1
233	322	37	1
227	261	38	1
238	261	38	1
224	262	38	2
238	262	38	1
223	264	38	1
231	264	38	3
232	264	38	1
230	265	38	1
189	266	38	1
217	266	38	1
231	266	38	1
188	268	38	1
211	268	38	1
187	269	38	1
217	269	38	1
193	271	38	1
216	271	38	1
217	271	38	1
203	272	38	1
218	272	38	2
214	273	38	1
217	273	38	1
209	274	38	1
212	274	38	1
218	274	38	1
203	275	38	1
215	275	38	2
217	275	38	1
191	276	38	1
208	276	38	1
210	276	38	2
214	276	38	1
205	277	38	1
207	277	38	1
215	277	38	1
208	278	38	1
209	278	38	1
212	278	38	1
217	278	38	1
222	278	38	2
230	278	38	1
194	279	38	2
208	279	38	1
209	279	38	1
214	279	38	1
218	279	38	2
215	280	38	1
192	281	38	1
213	281	38	2
215	281	38	1
189	282	38	1
212	282	38	1
189	283	38	1
229	283	38	1
185	284	38	2
191	284	38	1
201	284	38	1
191	285	38	1
201	285	38	1
202	285	38	1
212	285	38	1
215	285	38	1
232	285	38	1
193	286	38	1
204	286	38	1
208	286	38	1
211	286	38	1
216	286	38	1
218	286	38	1
219	286	38	1
232	286	38	1
202	287	38	1
204	287	38	2
215	287	38	1
219	287	38	1
188	288	38	1
189	288	38	1
193	288	38	1
202	288	38	1
219	288	38	1
189	289	38	1
190	289	38	1
201	289	38	1
203	289	38	1
192	290	38	1
198	290	38	1
199	290	38	1
220	290	38	1
237	290	38	1
238	290	38	1
191	291	38	1
197	291	38	1
200	291	38	1
202	291	38	1
203	291	38	1
204	291	38	1
207	291	38	1
214	291	38	1
220	291	38	2
233	291	38	1
197	292	38	1
211	292	38	2
229	292	38	1
236	292	38	1
197	293	38	1
198	293	38	1
200	293	38	1
217	293	38	1
218	293	38	1
225	293	38	1
226	293	38	1
227	293	38	3
233	293	38	1
205	294	38	1
210	294	38	1
212	294	38	1
225	294	38	1
240	294	38	1
242	294	38	1
198	295	38	1
203	295	38	1
225	295	38	1
227	295	38	1
229	295	38	2
231	295	38	1
234	295	38	2
235	295	38	1
237	295	38	1
238	295	38	1
204	296	38	1
207	296	38	1
228	296	38	3
232	296	38	2
233	296	38	1
234	296	38	2
239	296	38	1
240	296	38	1
241	296	38	1
201	297	38	2
227	297	38	1
239	297	38	1
240	297	38	1
241	297	38	3
224	298	38	1
234	298	38	1
243	298	38	1
203	299	38	1
229	299	38	1
231	299	38	2
237	299	38	1
239	299	38	1
242	299	38	1
244	299	38	2
245	299	38	1
204	300	38	1
225	300	38	1
233	300	38	1
241	300	38	1
228	301	38	1
229	301	38	1
234	301	38	1
238	301	38	1
239	301	38	1
226	302	38	2
227	302	38	1
231	302	38	1
232	302	38	1
234	302	38	1
235	302	38	2
237	302	38	1
245	302	38	1
229	303	38	1
231	303	38	1
233	303	38	2
228	304	38	2
229	304	38	1
230	304	38	1
231	304	38	1
233	304	38	1
240	304	38	1
244	304	38	1
226	305	38	1
227	305	38	1
228	305	38	1
232	305	38	3
233	305	38	1
210	306	38	1
236	306	38	1
239	306	38	2
193	307	38	3
223	307	38	1
225	307	38	1
227	307	38	1
244	307	38	1
222	308	38	1
239	308	38	1
240	308	38	2
195	309	38	1
220	309	38	2
222	309	38	1
226	309	38	1
228	309	38	1
229	309	38	1
222	310	38	1
229	310	38	2
230	310	38	1
236	310	38	1
218	311	38	1
219	311	38	1
222	311	38	2
231	311	38	1
235	311	38	1
217	312	38	2
221	312	38	1
227	312	38	1
232	312	38	2
240	312	38	1
242	312	38	1
217	313	38	1
222	313	38	1
235	313	38	1
240	313	38	1
241	313	38	1
230	314	38	1
237	314	38	3
240	314	38	1
241	314	38	1
242	314	38	1
223	315	38	1
227	315	38	1
230	315	38	3
238	315	38	1
241	315	38	1
243	315	38	1
228	316	38	2
234	316	38	1
240	316	38	1
219	317	38	1
230	317	38	1
231	317	38	1
235	317	38	1
236	317	38	1
220	318	38	1
230	318	38	1
233	318	38	1
237	318	38	2
240	318	38	2
230	319	38	1
241	319	38	1
242	319	38	2
230	320	38	1
232	320	38	1
212	321	38	1
233	321	38	1
220	322	38	1
231	322	38	1
220	323	38	2
235	323	38	1
195	270	39	1
213	275	39	1
218	276	39	2
212	277	39	1
214	278	39	1
221	278	39	1
206	279	39	1
218	280	39	1
221	280	39	2
217	281	39	1
190	282	39	1
195	282	39	1
212	282	39	1
215	282	39	1
219	282	39	1
226	282	39	1
190	283	39	1
196	283	39	1
203	283	39	1
207	284	39	2
216	284	39	1
192	285	39	1
197	285	39	1
199	285	39	1
196	286	39	1
201	286	39	1
206	286	39	1
233	286	39	1
191	287	39	1
205	287	39	1
187	288	39	1
193	288	39	1
205	288	39	1
224	288	39	1
189	289	39	1
190	289	39	1
193	289	39	1
203	289	39	1
188	290	39	1
190	290	39	2
197	290	39	2
207	290	39	1
215	290	39	1
218	290	39	1
204	291	39	1
207	291	39	1
217	291	39	1
235	291	39	1
240	291	39	1
188	292	39	1
208	292	39	1
213	292	39	2
221	292	39	1
225	292	39	1
230	292	39	1
232	292	39	1
242	292	39	2
199	293	39	1
200	293	39	1
221	293	39	1
229	293	39	1
241	293	39	1
202	294	39	1
206	294	39	1
238	294	39	1
240	294	39	1
241	294	39	1
216	295	39	1
226	295	39	1
236	295	39	1
241	295	39	1
202	296	39	1
205	296	39	1
206	296	39	1
219	296	39	1
222	296	39	1
228	296	39	1
235	296	39	1
194	297	39	2
199	297	39	1
203	297	39	1
230	297	39	1
233	297	39	1
240	297	39	2
213	298	39	1
219	298	39	2
223	298	39	1
225	298	39	1
226	298	39	1
230	298	39	1
232	298	39	1
225	299	39	2
228	299	39	1
233	299	39	1
243	299	39	1
231	300	39	1
240	300	39	1
228	301	39	1
226	302	39	1
228	302	39	1
231	302	39	2
240	302	39	1
233	303	39	2
225	304	39	1
228	304	39	2
235	304	39	1
237	304	39	1
244	304	39	1
212	305	39	1
226	305	39	1
227	305	39	1
229	305	39	2
240	305	39	3
211	306	39	1
223	306	39	1
224	306	39	1
227	306	39	2
236	306	39	1
240	306	39	2
242	306	39	1
198	307	39	1
224	307	39	1
229	307	39	2
223	308	39	1
225	308	39	1
226	308	39	2
227	308	39	1
233	308	39	1
240	308	39	1
243	308	39	1
220	309	39	1
227	309	39	2
228	309	39	2
232	309	39	1
234	309	39	1
239	309	39	1
242	309	39	1
217	310	39	1
218	310	39	2
220	310	39	1
218	311	39	1
220	311	39	1
229	311	39	1
231	311	39	2
232	311	39	1
240	311	39	1
196	312	39	1
213	312	39	2
217	312	39	2
219	312	39	2
228	312	39	1
229	312	39	1
230	312	39	2
231	312	39	2
238	312	39	2
240	312	39	1
218	313	39	1
220	313	39	1
221	313	39	1
225	313	39	1
228	313	39	1
239	313	39	2
240	313	39	1
241	313	39	1
217	314	39	2
218	314	39	1
228	314	39	1
234	314	39	2
235	314	39	1
238	314	39	1
239	314	39	1
240	314	39	1
241	314	39	1
225	315	39	1
230	315	39	1
237	315	39	1
238	315	39	2
243	315	39	1
217	316	39	2
236	316	39	1
240	316	39	1
235	317	39	1
237	317	39	1
238	317	39	1
240	317	39	1
230	318	39	1
235	318	39	1
237	318	39	1
214	320	39	1
217	320	39	1
229	320	39	1
229	321	39	1
230	321	39	1
233	321	39	1
232	323	39	1
211	324	39	1
212	325	39	1
208	327	39	1
212	327	39	1
197	328	39	1
201	278	40	1
193	281	40	1
204	285	40	1
206	285	40	1
198	286	40	1
206	288	40	1
210	288	40	1
211	288	40	1
192	291	40	1
208	291	40	2
191	292	40	1
192	292	40	2
199	292	40	1
206	292	40	1
227	292	40	1
242	292	40	1
207	293	40	1
234	293	40	1
217	294	40	1
239	294	40	1
197	295	40	1
205	296	40	1
206	296	40	1
235	296	40	1
207	297	40	1
216	297	40	1
230	297	40	1
241	297	40	2
222	298	40	1
226	298	40	1
229	298	40	1
199	299	40	1
214	299	40	1
227	300	40	2
229	300	40	1
228	301	40	1
229	301	40	1
230	301	40	1
236	301	40	3
237	301	40	1
241	304	40	1
214	305	40	1
232	305	40	1
213	306	40	2
214	306	40	1
242	306	40	1
194	307	40	2
241	307	40	2
242	307	40	1
241	308	40	1
195	309	40	1
218	309	40	1
222	309	40	2
233	309	40	1
240	309	40	1
217	310	40	2
218	310	40	2
222	310	40	1
231	310	40	1
234	310	40	1
242	310	40	1
217	311	40	1
221	311	40	1
225	311	40	1
228	311	40	1
238	311	40	3
242	311	40	1
216	312	40	1
217	312	40	1
218	312	40	1
219	312	40	1
235	312	40	1
215	313	40	1
217	313	40	1
218	313	40	2
219	313	40	1
234	313	40	1
238	314	40	1
217	315	40	1
221	315	40	2
235	315	40	1
241	315	40	1
242	315	40	1
216	316	40	1
219	316	40	1
221	316	40	1
234	316	40	1
237	316	40	1
240	316	40	1
207	317	40	1
221	317	40	1
227	317	40	1
235	317	40	1
236	317	40	2
231	318	40	1
238	318	40	1
241	318	40	1
218	319	40	1
240	319	40	1
221	320	40	2
230	320	40	1
227	321	40	1
230	322	40	1
228	323	40	1
230	323	40	1
229	324	40	1
213	329	40	1
208	330	40	3
192	292	41	1
199	296	41	1
205	296	41	1
213	297	41	1
214	298	41	1
227	299	41	1
237	299	41	1
230	300	41	1
235	300	41	2
229	302	41	1
228	304	41	1
221	305	41	1
224	305	41	1
226	305	41	1
228	305	41	1
231	305	41	1
228	306	41	3
225	307	41	1
211	308	41	2
220	308	41	1
224	308	41	1
226	308	41	1
241	308	41	1
243	308	41	2
196	309	41	1
240	309	41	1
219	310	41	1
231	310	41	1
236	311	41	2
241	311	41	1
216	312	41	1
235	312	41	1
241	312	41	1
221	313	41	1
222	313	41	1
245	313	41	2
221	314	41	1
228	314	41	1
232	314	41	1
238	314	41	1
242	314	41	1
243	314	41	1
243	315	41	1
221	316	41	1
243	316	41	1
249	316	41	1
240	317	41	1
244	317	41	1
245	317	41	1
217	318	41	1
245	318	41	1
217	319	41	1
230	319	41	1
242	319	41	1
245	319	41	1
241	320	41	2
229	321	41	1
230	321	41	1
240	321	41	1
228	322	41	1
230	322	41	1
231	322	41	2
230	323	41	1
215	297	42	1
228	299	42	1
223	302	42	1
222	303	42	1
212	305	42	1
214	305	42	1
224	305	42	2
230	306	42	1
232	306	42	1
226	307	42	1
240	308	42	1
241	308	42	1
220	309	42	1
242	309	42	1
221	311	42	1
223	311	42	1
240	311	42	1
242	312	42	1
244	312	42	1
218	313	42	1
240	313	42	1
221	314	42	1
242	314	42	1
220	315	42	1
226	315	42	1
240	315	42	1
220	316	42	1
221	316	42	1
225	316	42	1
238	316	42	1
243	316	42	2
219	317	42	1
239	317	42	1
217	318	42	1
231	318	42	2
228	320	42	1
230	320	42	1
231	320	42	1
226	322	42	1
225	303	43	2
220	305	43	1
221	307	43	1
222	307	43	2
222	308	43	1
242	309	43	1
217	310	43	2
234	310	43	1
219	311	43	2
222	311	43	2
234	311	43	1
238	311	43	2
239	311	43	1
242	312	43	1
238	313	43	2
240	313	43	1
229	315	43	1
230	315	43	1
204	316	43	1
219	316	43	1
223	316	43	1
227	317	43	1
217	318	43	1
229	321	43	1
226	322	43	1
220	304	44	1
220	306	44	1
211	314	44	1
241	314	44	1
222	316	44	1
225	317	44	2
227	317	44	1
228	320	44	1
224	321	44	1
229	321	44	1
230	321	44	1
222	317	45	1
179	221	20	2
142	222	20	2
178	222	20	1
144	224	20	1
155	224	20	1
119	226	20	1
126	226	20	1
139	226	20	1
160	227	20	1
112	228	20	1
119	228	20	1
115	229	20	1
129	230	20	1
177	231	20	1
136	233	20	1
143	233	20	1
169	233	20	1
215	233	20	1
114	234	20	1
135	234	20	2
143	235	20	1
151	235	20	1
206	235	20	3
141	236	20	1
146	237	20	1
145	238	20	3
131	240	20	1
149	240	20	1
160	240	20	1
122	241	20	1
135	241	20	1
167	241	20	1
121	242	20	1
137	242	20	1
141	242	20	1
123	244	20	2
155	244	20	1
220	244	20	1
111	245	20	1
160	245	20	1
176	245	20	1
159	246	20	1
109	248	20	2
166	248	20	2
175	251	20	1
223	251	20	1
251	251	20	1
122	252	20	1
175	252	20	1
120	253	20	1
148	254	20	2
180	254	20	2
197	254	20	1
243	254	20	2
197	255	20	1
207	255	20	1
233	255	20	1
131	256	20	2
227	256	20	1
162	258	20	1
176	258	20	1
107	259	20	1
144	259	20	1
195	259	20	1
197	259	20	2
158	260	20	1
215	261	20	1
226	261	20	1
170	262	20	2
223	262	20	1
163	263	20	1
191	263	20	1
246	263	20	1
163	264	20	1
179	265	20	1
232	265	20	1
117	266	20	1
172	266	20	1
197	266	20	1
157	268	20	1
255	268	20	1
130	269	20	1
155	269	20	1
125	270	20	1
250	270	20	1
118	271	20	1
266	271	20	1
156	272	20	1
123	273	20	1
176	273	20	1
178	273	20	1
223	273	20	1
139	274	20	1
185	274	20	1
229	274	20	1
131	275	20	1
134	275	20	1
148	275	20	1
174	275	20	1
208	275	20	1
221	275	20	1
236	275	20	1
130	276	20	1
170	276	20	1
217	277	20	1
129	278	20	1
152	278	20	1
156	279	20	1
175	279	20	1
177	279	20	1
234	279	20	1
109	280	20	1
133	280	20	2
172	280	20	1
176	281	20	1
261	281	20	1
158	282	20	1
162	282	20	1
173	283	20	1
176	283	20	1
179	283	20	1
190	283	20	1
266	283	20	1
214	284	20	1
205	285	20	1
268	285	20	1
129	286	20	1
133	286	20	1
113	288	20	1
167	288	20	1
196	288	20	1
215	288	20	1
230	288	20	1
221	289	20	1
224	289	20	1
252	289	20	1
104	292	20	1
129	292	20	1
192	292	20	1
219	292	20	1
136	295	20	1
189	295	20	1
220	295	20	1
266	295	20	1
228	296	20	1
172	297	20	1
201	297	20	1
249	297	20	2
246	298	20	2
269	298	20	1
161	299	20	1
270	299	20	1
253	300	20	1
223	302	20	1
187	303	20	1
193	304	20	1
237	304	20	1
177	305	20	1
252	305	20	1
136	306	20	1
103	308	20	1
200	308	20	1
229	308	20	1
175	309	20	1
203	309	20	1
224	309	20	1
242	309	20	1
255	310	20	2
152	311	20	1
93	312	20	1
168	312	20	2
209	312	20	1
247	312	20	2
263	312	20	1
139	313	20	1
164	313	20	1
176	313	20	2
212	313	20	1
237	314	20	2
124	315	20	1
148	315	20	1
175	315	20	1
180	315	20	1
198	315	20	2
204	316	20	1
129	317	20	1
202	317	20	1
212	317	20	1
232	317	20	1
98	318	20	1
133	318	20	1
187	318	20	1
100	319	20	1
140	319	20	1
120	320	20	1
141	320	20	1
201	320	20	1
204	320	20	1
244	320	20	1
250	320	20	1
231	321	20	1
237	321	20	1
180	322	20	1
178	323	20	1
233	323	20	1
264	323	20	1
135	324	20	1
161	324	20	1
173	324	20	1
194	324	20	1
196	324	20	1
203	324	20	2
101	325	20	1
183	325	20	1
195	325	20	1
188	326	20	1
194	326	20	1
212	326	20	1
145	327	20	1
256	327	20	1
221	328	20	1
98	329	20	1
180	329	20	1
187	329	20	1
210	329	20	1
253	329	20	1
131	330	20	1
195	330	20	1
180	331	20	2
249	331	20	1
199	332	20	1
117	333	20	1
157	333	20	1
143	334	20	2
207	334	20	1
210	334	20	1
256	334	20	1
210	335	20	2
175	336	20	2
224	336	20	1
205	337	20	1
242	339	20	1
238	341	20	1
173	342	20	1
185	342	20	1
181	344	20	1
244	344	20	1
243	345	20	1
162	346	20	1
187	346	20	1
198	347	20	1
173	348	20	1
236	348	20	1
178	352	20	1
178	353	20	2
224	353	20	1
231	353	20	1
208	354	20	1
199	357	20	1
171	359	20	1
191	359	20	2
219	360	20	1
203	361	20	1
175	225	21	1
155	226	21	1
161	228	21	1
154	229	21	1
137	231	21	2
144	233	21	1
129	234	21	2
133	236	21	1
141	236	21	1
164	237	21	1
128	238	21	1
149	238	21	1
129	239	21	1
127	240	21	1
138	240	21	1
141	240	21	1
151	240	21	1
126	241	21	1
152	241	21	1
140	242	21	1
142	243	21	1
141	244	21	1
245	245	21	1
137	246	21	1
117	251	21	1
228	253	21	1
199	254	21	1
228	254	21	1
231	255	21	1
227	256	21	1
117	270	21	2
126	270	21	1
235	270	21	1
159	271	21	1
165	272	21	1
182	272	21	1
178	273	21	2
134	274	21	1
154	274	21	1
167	274	21	1
224	274	21	1
114	275	21	1
221	276	21	1
169	277	21	1
174	277	21	1
157	278	21	1
186	279	21	1
220	279	21	1
225	279	21	1
266	279	21	1
177	280	21	1
140	282	21	2
220	282	21	1
173	283	21	1
206	284	21	1
224	284	21	1
123	285	21	1
180	285	21	1
219	287	21	1
134	288	21	1
222	290	21	2
218	294	21	1
245	295	21	1
217	297	21	1
230	298	21	1
232	298	21	1
269	301	21	1
236	302	21	1
240	303	21	1
241	305	21	1
209	306	21	1
261	308	21	1
100	309	21	2
129	309	21	1
239	309	21	1
265	309	21	1
149	310	21	1
180	310	21	1
252	310	21	1
179	312	21	2
199	312	21	1
201	312	21	1
182	314	21	1
237	314	21	1
256	314	21	1
179	315	21	1
211	315	21	1
181	316	21	1
237	316	21	1
254	316	21	1
166	317	21	1
257	317	21	1
264	317	21	1
170	318	21	2
240	318	21	1
264	318	21	1
261	319	21	1
181	323	21	1
200	323	21	1
184	324	21	1
189	326	21	1
156	327	21	1
188	327	21	1
147	328	21	1
228	330	21	1
141	331	21	1
153	331	21	1
230	331	21	1
181	335	21	1
173	339	21	1
163	340	21	1
168	359	21	1
139	234	22	1
132	235	22	1
139	238	22	1
141	238	22	1
132	239	22	1
213	239	22	1
132	241	22	1
137	241	22	1
146	241	22	1
134	242	22	1
144	242	22	2
215	242	22	1
139	243	22	1
136	244	22	1
132	246	22	1
228	256	22	1
197	258	22	1
163	261	22	1
120	267	22	1
122	267	22	1
132	267	22	1
122	268	22	1
122	269	22	1
165	270	22	1
164	271	22	1
165	271	22	1
165	274	22	1
169	274	22	1
174	274	22	1
190	278	22	1
217	279	22	1
226	279	22	2
173	280	22	1
170	281	22	1
224	285	22	1
226	285	22	1
269	294	22	2
210	304	22	1
258	305	22	1
232	306	22	1
238	307	22	1
203	308	22	1
264	311	22	2
236	314	22	1
256	317	22	1
180	319	22	1
191	321	22	1
180	324	22	1
199	325	22	1
260	331	22	1
100	332	22	1
259	334	22	1
176	335	22	1
240	343	22	1
242	343	22	1
143	235	23	1
133	236	23	1
133	238	23	1
138	238	23	1
217	238	23	1
132	242	23	1
138	242	23	1
215	248	23	1
198	256	23	1
193	257	23	1
165	270	23	1
167	272	23	1
178	274	23	1
166	277	23	1
170	279	23	1
168	281	23	1
174	282	23	1
174	283	23	1
226	284	23	1
219	294	23	1
269	294	23	1
269	297	23	1
267	298	23	1
261	309	23	1
260	310	23	1
260	312	23	1
203	313	23	1
232	314	23	1
258	315	23	1
182	318	23	1
254	318	23	1
257	318	23	1
259	318	23	1
256	319	23	1
178	324	23	1
182	325	23	1
186	325	23	1
184	327	23	1
94	328	23	1
201	331	23	1
259	333	23	1
240	342	23	1
243	343	23	1
160	225	24	1
178	226	24	1
153	232	24	2
135	234	24	1
135	235	24	1
136	236	24	2
141	236	24	1
137	237	24	1
145	237	24	1
151	238	24	1
145	239	24	1
137	240	24	1
146	240	24	1
144	241	24	1
139	243	24	1
147	244	24	1
141	246	24	1
222	251	24	1
196	261	24	1
124	262	24	1
115	263	24	1
163	264	24	1
120	265	24	1
156	269	24	1
127	270	24	1
163	270	24	1
168	277	24	1
176	277	24	2
168	280	24	1
169	280	24	1
171	281	24	1
176	282	24	1
204	283	24	2
276	289	24	1
270	290	24	1
269	292	24	1
263	300	24	1
265	301	24	1
235	302	24	1
263	302	24	1
207	303	24	2
238	304	24	1
238	306	24	1
242	306	24	1
266	306	24	1
235	308	24	1
232	309	24	1
237	309	24	1
177	313	24	1
238	313	24	1
261	313	24	1
264	313	24	1
172	316	24	1
168	318	24	1
169	318	24	1
179	318	24	1
263	319	24	1
164	321	24	1
260	321	24	1
242	322	24	1
236	323	24	1
161	324	24	1
185	325	24	1
154	329	24	1
132	330	24	1
259	333	24	1
259	335	24	1
259	336	24	1
161	228	25	2
155	231	25	1
135	244	25	1
139	246	25	1
140	247	25	1
138	250	25	1
224	257	25	1
121	259	25	1
123	262	25	1
215	264	25	1
180	274	25	1
178	278	25	1
271	290	25	2
266	292	25	1
240	301	25	1
230	309	25	1
262	309	25	1
206	311	25	1
233	311	25	2
259	312	25	1
260	313	25	1
262	314	25	1
210	316	25	1
239	323	25	1
157	230	26	1
160	230	26	1
156	231	26	3
157	231	26	1
144	233	26	1
144	234	26	1
246	234	26	1
139	235	26	1
137	238	26	1
246	238	26	1
134	240	26	1
136	240	26	1
137	245	26	1
226	246	26	1
223	248	26	1
224	249	26	1
124	252	26	1
227	253	26	1
123	259	26	1
163	279	26	1
176	280	26	1
176	283	26	1
262	311	26	1
262	314	26	1
211	316	26	1
260	316	26	1
258	318	26	1
237	319	26	1
241	320	26	1
161	232	27	1
243	237	27	2
241	238	27	1
248	238	27	1
132	239	27	1
135	239	27	1
233	245	27	1
228	249	27	1
125	257	27	1
122	270	27	1
174	276	27	1
173	281	27	1
275	281	27	1
168	285	27	1
269	293	27	1
199	299	27	1
232	302	27	1
230	310	27	1
259	313	27	1
259	330	27	1
162	231	28	1
163	231	28	1
249	236	28	1
138	237	28	1
249	237	28	1
146	238	28	1
137	239	28	1
232	239	28	1
139	240	28	2
193	251	28	1
121	264	28	1
121	271	28	2
174	283	28	1
275	283	28	1
176	284	28	1
169	285	28	1
275	285	28	1
193	294	28	1
227	307	28	1
241	319	28	1
242	322	28	1
96	332	28	1
185	357	28	1
116	223	29	1
193	243	29	1
226	250	29	1
123	270	29	1
121	272	29	1
125	272	29	1
132	272	29	1
168	275	29	2
170	278	29	1
174	278	29	1
161	284	29	1
177	285	29	2
276	285	29	2
167	287	29	1
177	296	29	1
183	300	29	1
204	307	29	1
233	308	29	1
227	309	29	1
229	309	29	1
143	332	29	1
172	239	30	1
186	239	30	1
189	242	30	1
183	243	30	1
186	243	30	1
127	256	30	1
126	258	30	1
131	260	30	1
127	267	30	1
125	270	30	1
168	270	30	1
165	271	30	1
135	272	30	1
123	273	30	1
124	273	30	1
167	273	30	1
163	279	30	1
163	283	30	1
275	284	30	1
275	285	30	3
194	305	30	1
249	310	30	1
225	312	30	1
207	314	30	1
124	323	30	1
128	325	30	1
174	239	31	1
188	241	31	1
176	242	31	1
175	243	31	1
186	245	31	1
190	245	31	1
258	265	31	2
261	265	31	1
257	266	31	1
125	270	31	1
129	271	31	1
164	271	31	1
143	274	31	1
165	275	31	1
259	280	31	1
259	282	31	1
167	284	31	1
162	285	31	1
166	285	31	1
169	288	31	1
166	290	31	1
172	292	31	1
191	307	31	1
206	307	31	1
191	309	31	2
206	309	31	1
197	310	31	1
210	311	31	1
225	312	31	1
220	315	31	1
128	325	31	1
98	329	31	1
95	330	31	1
95	331	31	1
96	331	31	1
96	333	31	1
97	333	31	1
96	334	31	2
174	339	31	1
188	349	31	1
184	350	31	1
113	225	32	1
114	226	32	1
180	241	32	1
181	242	32	1
174	243	32	1
194	243	32	1
253	258	32	1
134	259	32	1
126	264	32	1
124	267	32	1
129	267	32	1
165	268	32	1
261	268	32	3
126	269	32	1
262	269	32	1
139	271	32	1
140	273	32	1
166	273	32	1
165	274	32	1
167	274	32	1
260	277	32	1
159	279	32	1
275	281	32	1
164	282	32	1
262	282	32	1
196	310	32	1
225	311	32	1
112	313	32	1
197	314	32	1
246	316	32	1
243	317	32	1
242	321	32	1
236	322	32	1
238	323	32	2
92	330	32	1
93	331	32	1
180	352	32	1
186	354	32	1
215	360	32	1
184	245	33	1
134	255	33	1
252	258	33	2
149	260	33	1
256	261	33	1
158	262	33	1
164	262	33	1
130	263	33	1
132	263	33	1
126	264	33	2
130	264	33	1
128	267	33	1
163	268	33	1
157	273	33	1
163	281	33	1
161	283	33	1
166	287	33	1
161	291	33	1
169	299	33	1
121	300	33	1
118	303	33	1
194	304	33	1
118	305	33	1
183	307	33	2
116	308	33	1
186	308	33	1
190	308	33	1
191	309	33	1
197	309	33	1
111	314	33	1
207	314	33	1
245	314	33	1
121	316	33	1
243	318	33	1
199	332	33	1
98	333	33	1
203	333	33	1
208	346	33	1
187	348	33	1
188	348	33	1
187	350	33	1
177	353	33	1
181	353	33	1
177	355	33	1
114	227	34	1
137	237	34	1
138	243	34	1
176	243	34	1
199	245	34	1
138	254	34	1
148	258	34	1
134	262	34	2
127	263	34	1
130	266	34	1
130	267	34	1
164	268	34	1
151	279	34	1
158	279	34	1
164	279	34	1
259	282	34	1
125	284	34	1
122	290	34	2
121	296	34	1
170	298	34	1
118	301	34	1
116	305	34	1
140	306	34	1
188	308	34	1
189	308	34	1
244	309	34	2
112	310	34	1
192	310	34	2
113	311	34	2
114	311	34	1
199	311	34	1
249	311	34	1
113	316	34	1
245	318	34	1
120	319	34	1
200	322	34	1
242	324	34	1
94	327	34	1
96	328	34	1
193	334	34	1
192	337	34	1
212	341	34	1
191	347	34	1
215	348	34	1
208	349	34	1
185	351	34	1
112	228	35	1
117	236	35	1
138	238	35	1
140	241	35	1
137	254	35	2
134	256	35	1
254	256	35	1
138	257	35	1
130	258	35	1
143	260	35	1
140	261	35	1
128	263	35	1
132	263	35	1
265	266	35	1
266	266	35	1
132	272	35	1
158	272	35	1
160	272	35	1
163	272	35	1
142	273	35	2
161	274	35	1
160	277	35	1
261	282	35	1
159	284	35	1
125	286	35	1
120	298	35	1
169	300	35	1
249	301	35	1
121	303	35	2
114	308	35	1
186	309	35	1
116	310	35	1
114	311	35	1
195	311	35	1
195	313	35	1
246	313	35	1
244	316	35	1
125	317	35	1
237	322	35	1
240	324	35	1
134	325	35	1
183	333	35	1
198	333	35	2
199	345	35	1
211	346	35	1
186	347	35	1
195	348	35	1
193	349	35	1
215	349	35	1
210	351	35	2
213	351	35	1
211	352	35	1
183	353	35	1
185	354	35	1
176	357	35	1
142	240	36	1
141	241	36	1
170	242	36	1
137	252	36	1
137	253	36	1
137	254	36	1
256	258	36	1
127	263	36	1
264	265	36	2
127	268	36	1
260	273	36	2
162	274	36	1
257	274	36	1
175	276	36	1
259	280	36	1
262	281	36	1
149	282	36	1
120	295	36	1
120	298	36	1
172	301	36	1
177	302	36	1
175	303	36	1
121	306	36	1
114	308	36	1
115	310	36	1
248	310	36	1
196	311	36	1
259	317	36	1
130	322	36	1
97	326	36	1
94	327	36	1
185	333	36	1
194	337	36	1
198	339	36	1
207	353	36	1
208	355	36	2
205	357	36	1
175	229	37	1
125	230	37	1
123	233	37	3
119	235	37	1
127	235	37	1
134	236	37	1
137	236	37	1
143	237	37	1
144	238	37	1
167	239	37	1
124	243	37	1
137	243	37	1
137	244	37	1
172	244	37	1
175	245	37	1
139	253	37	1
141	253	37	1
129	258	37	2
209	260	37	1
129	262	37	1
155	265	37	1
162	269	37	1
132	274	37	1
164	274	37	1
165	274	37	1
163	275	37	1
162	276	37	1
162	280	37	1
161	281	37	1
127	284	37	1
155	288	37	1
174	299	37	1
173	301	37	1
188	309	37	1
132	311	37	2
111	314	37	1
135	317	37	1
153	318	37	1
117	319	37	1
138	324	37	2
238	324	37	1
195	335	37	1
213	341	37	1
208	344	37	1
203	346	37	1
210	350	37	1
212	355	37	1
207	356	37	1
126	225	38	1
124	226	38	1
173	232	38	1
129	233	38	2
136	235	38	1
137	235	38	1
197	235	38	1
119	236	38	1
128	241	38	2
143	241	38	1
126	242	38	1
144	242	38	1
135	244	38	1
139	244	38	1
124	245	38	1
167	245	38	1
175	245	38	1
169	248	38	1
137	250	38	1
131	252	38	1
152	252	38	1
147	253	38	1
152	254	38	1
138	255	38	1
150	255	38	1
169	255	38	1
158	256	38	1
139	258	38	1
206	259	38	1
143	260	38	1
263	260	38	1
131	261	38	1
170	261	38	2
264	261	38	1
151	264	38	1
146	265	38	1
154	265	38	1
156	265	38	1
165	265	38	2
141	271	38	1
247	271	38	1
142	272	38	2
136	273	38	1
250	274	38	1
129	276	38	1
163	276	38	1
143	277	38	2
129	280	38	1
127	282	38	1
129	282	38	1
139	282	38	1
125	284	38	1
126	284	38	1
159	284	38	1
126	288	38	1
155	288	38	1
255	294	38	1
259	297	38	1
172	298	38	1
259	298	38	1
170	301	38	1
172	302	38	1
125	303	38	1
182	304	38	1
115	306	38	2
114	307	38	1
148	315	38	1
118	316	38	1
115	317	38	1
117	317	38	1
153	317	38	1
143	318	38	1
136	319	38	2
142	319	38	2
140	320	38	1
113	321	38	1
140	323	38	1
242	325	38	1
237	329	38	1
150	333	38	1
188	333	38	1
183	334	38	2
210	339	38	1
214	340	38	1
197	345	38	1
192	361	38	1
120	224	39	2
124	227	39	1
136	229	39	1
172	230	39	1
137	234	39	1
202	234	39	1
119	235	39	1
140	235	39	1
144	236	39	1
167	236	39	1
136	237	39	1
168	237	39	1
143	238	39	1
167	238	39	1
133	241	39	1
137	241	39	2
169	241	39	1
169	242	39	1
124	244	39	1
175	245	39	2
177	245	39	1
123	248	39	1
129	248	39	1
173	248	39	1
140	250	39	1
136	251	39	1
123	252	39	1
237	252	39	1
141	253	39	1
134	254	39	1
142	254	39	2
151	254	39	1
153	254	39	1
154	254	39	1
236	254	39	1
152	255	39	1
151	258	39	1
155	258	39	2
138	259	39	1
149	260	39	1
151	261	39	1
156	262	39	1
231	262	39	1
152	263	39	2
155	265	39	2
145	266	39	1
256	267	39	1
131	268	39	1
147	268	39	1
143	269	39	1
151	269	39	1
134	270	39	1
145	270	39	1
244	270	39	1
147	272	39	1
227	272	39	2
141	275	39	1
144	275	39	1
133	276	39	1
233	276	39	1
133	277	39	1
145	277	39	2
147	277	39	1
128	279	39	1
130	279	39	1
154	279	39	1
127	282	39	1
133	282	39	1
142	283	39	1
169	285	39	1
134	287	39	1
157	288	39	1
155	290	39	1
249	295	39	1
166	297	39	1
134	298	39	1
123	299	39	1
178	304	39	1
177	305	39	1
115	307	39	1
148	317	39	2
114	318	39	1
116	318	39	1
117	318	39	1
139	318	39	1
141	318	39	1
146	320	39	1
179	322	39	1
241	328	39	1
149	331	39	1
240	331	39	1
178	333	39	1
213	338	39	1
214	341	39	1
201	342	39	1
208	343	39	1
211	344	39	1
191	346	39	1
191	347	39	2
237	351	39	1
209	352	39	1
213	352	39	1
176	357	39	1
177	357	39	1
212	357	39	1
191	363	39	1
195	363	39	1
113	219	40	1
138	230	40	1
120	236	40	1
143	238	40	1
146	238	40	1
167	238	40	1
204	238	40	1
136	239	40	1
143	240	40	1
168	241	40	1
128	243	40	2
142	243	40	1
175	243	40	1
124	244	40	1
132	244	40	2
140	245	40	1
179	245	40	1
126	248	40	1
174	248	40	1
232	249	40	1
135	250	40	1
231	252	40	1
140	255	40	1
152	256	40	1
212	256	40	1
132	257	40	1
157	260	40	1
172	260	40	1
151	261	40	1
211	261	40	1
151	262	40	1
151	263	40	1
157	263	40	1
166	263	40	1
155	265	40	1
165	265	40	1
152	266	40	1
154	266	40	1
219	266	40	1
168	267	40	1
152	269	40	1
252	269	40	1
249	270	40	1
138	271	40	1
151	271	40	1
135	272	40	1
136	272	40	1
147	272	40	1
140	273	40	1
150	273	40	1
143	274	40	2
145	274	40	1
154	274	40	1
247	274	40	1
132	275	40	1
137	275	40	1
139	275	40	1
142	275	40	1
150	275	40	1
133	276	40	1
136	276	40	2
148	276	40	1
142	278	40	1
164	278	40	1
135	281	40	1
150	282	40	1
133	283	40	1
133	286	40	1
139	286	40	1
158	286	40	1
140	293	40	1
163	294	40	1
162	298	40	1
131	300	40	1
140	301	40	2
250	301	40	1
171	304	40	1
182	307	40	1
126	310	40	1
123	312	40	1
115	316	40	1
145	316	40	1
115	319	40	1
241	327	40	1
240	329	40	1
154	331	40	1
189	331	40	1
180	332	40	1
192	332	40	2
221	332	40	1
150	333	40	1
176	333	40	2
179	333	40	1
154	334	40	1
151	335	40	1
219	335	40	1
151	336	40	1
153	338	40	1
208	341	40	1
217	341	40	1
221	341	40	2
222	342	40	1
232	343	40	1
194	345	40	1
195	349	40	1
208	357	40	1
173	360	40	2
112	220	41	1
111	221	41	1
134	226	41	1
141	226	41	1
135	227	41	1
141	227	41	1
138	228	41	1
136	229	41	1
139	231	41	1
140	234	41	1
204	236	41	1
142	237	41	1
134	238	41	1
138	238	41	1
146	238	41	1
141	239	41	1
201	239	41	1
129	240	41	1
168	241	41	1
176	244	41	1
230	250	41	2
141	252	41	1
144	254	41	1
172	258	41	1
205	259	41	2
208	259	41	1
146	260	41	1
148	260	41	1
176	260	41	1
253	260	41	1
148	261	41	2
253	261	41	1
148	262	41	1
251	262	41	1
210	264	41	1
143	265	41	1
145	265	41	1
119	266	41	1
167	266	41	1
148	267	41	1
258	267	41	1
144	269	41	1
132	270	41	1
135	271	41	1
218	271	41	1
151	273	41	1
130	275	41	1
147	275	41	1
151	275	41	1
132	277	41	1
131	278	41	1
164	278	41	1
148	280	41	1
162	282	41	1
134	283	41	1
139	283	41	1
151	283	41	1
160	286	41	1
141	289	41	1
132	293	41	1
140	295	41	1
254	295	41	2
143	296	41	1
153	296	41	1
129	297	41	1
252	297	41	1
131	298	41	1
149	298	41	1
168	302	41	1
134	303	41	1
144	303	41	1
176	303	41	1
259	303	41	1
170	304	41	1
176	305	41	1
130	306	41	1
132	306	41	1
121	314	41	1
116	315	41	1
142	317	41	1
138	320	41	1
179	322	41	1
149	325	41	1
181	327	41	1
249	327	41	1
167	328	41	2
186	329	41	1
182	330	41	1
185	330	41	1
242	330	41	1
243	330	41	1
158	331	41	2
174	331	41	1
133	332	41	1
185	332	41	1
189	332	41	1
154	333	41	1
179	333	41	1
189	333	41	1
217	333	41	1
240	333	41	1
154	334	41	1
150	335	41	1
215	336	41	1
126	337	41	1
166	338	41	1
222	338	41	1
194	340	41	1
214	340	41	1
195	341	41	1
216	343	41	1
207	344	41	1
205	346	41	1
210	346	41	1
231	347	41	1
233	349	41	1
138	228	42	1
136	232	42	1
137	233	42	1
163	235	42	1
201	235	42	1
165	236	42	2
162	237	42	1
162	238	42	1
164	238	42	1
164	243	42	1
174	243	42	1
176	244	42	1
178	244	42	1
182	244	42	1
139	254	42	1
144	256	42	1
158	256	42	1
149	257	42	1
157	257	42	1
174	257	42	1
151	258	42	1
158	258	42	1
172	258	42	1
213	258	42	1
158	259	42	1
253	260	42	1
157	261	42	1
149	263	42	1
163	263	42	1
120	264	42	1
121	264	42	1
143	264	42	1
147	264	42	1
156	264	42	2
157	264	42	1
145	266	42	1
149	266	42	1
142	270	42	1
152	270	42	1
144	274	42	1
143	275	42	1
146	276	42	1
156	276	42	2
157	276	42	1
142	277	42	1
162	278	42	1
143	281	42	1
158	282	42	1
157	285	42	1
140	287	42	1
137	289	42	1
137	293	42	1
161	296	42	1
166	298	42	2
133	300	42	2
139	300	42	1
137	301	42	3
126	303	42	1
142	303	42	1
125	304	42	1
133	305	42	1
125	307	42	1
141	311	42	1
137	315	42	1
154	328	42	1
176	328	42	2
188	330	42	1
132	331	42	1
166	332	42	1
156	337	42	1
159	340	42	1
195	341	42	1
215	341	42	1
207	358	42	1
137	227	43	1
139	228	43	1
157	236	43	1
164	236	43	1
215	258	43	1
143	260	43	1
151	260	43	1
172	260	43	1
209	261	43	1
163	262	43	1
144	265	43	1
155	265	43	1
143	268	43	1
150	270	43	1
147	273	43	1
153	274	43	1
142	275	43	2
144	275	43	1
152	275	43	1
155	275	43	1
182	275	43	1
164	276	43	1
165	276	43	1
148	277	43	1
156	277	43	1
147	278	43	1
155	278	43	1
148	280	43	2
155	280	43	1
158	281	43	1
154	282	43	1
152	285	43	1
140	286	43	1
154	286	43	1
216	287	43	1
138	288	43	1
134	289	43	1
134	295	43	1
140	301	43	1
134	305	43	1
168	305	43	1
168	306	43	1
141	309	43	1
179	323	43	2
150	324	43	1
136	326	43	2
177	326	43	1
249	326	43	2
177	329	43	1
179	329	43	1
240	332	43	1
181	334	43	1
131	335	43	1
156	336	43	1
249	338	43	1
211	343	43	1
210	344	43	1
233	350	43	1
207	353	43	1
186	360	43	1
206	361	43	1
138	228	44	1
136	232	44	1
164	232	44	1
140	234	44	2
139	238	44	1
180	245	44	1
181	245	44	1
178	258	44	1
155	261	44	1
211	261	44	1
159	262	44	1
147	266	44	1
146	269	44	1
148	269	44	1
145	270	44	2
143	275	44	1
166	275	44	1
153	276	44	2
158	277	44	1
147	278	44	1
160	278	44	1
164	279	44	1
150	281	44	1
158	282	44	1
142	283	44	1
144	292	44	1
225	295	44	1
137	299	44	1
128	300	44	1
145	301	44	1
209	301	44	1
142	302	44	1
141	317	44	1
113	322	44	2
136	326	44	1
182	332	44	1
180	333	44	1
217	337	44	1
211	349	44	1
179	360	44	1
192	361	44	1
163	233	45	1
146	270	45	1
146	271	45	1
151	272	45	1
146	275	45	1
152	281	45	1
161	281	45	1
144	282	45	1
149	282	45	1
142	284	45	1
144	294	45	1
143	295	45	1
143	296	45	1
128	299	45	1
138	299	45	1
143	302	45	1
140	304	45	1
180	318	45	1
176	327	45	1
158	260	46	1
157	265	46	1
147	266	46	1
145	269	46	1
151	273	46	1
148	278	46	1
144	281	46	1
151	283	46	1
201	292	46	1
148	293	46	1
142	299	46	1
224	301	46	1
130	302	46	1
133	303	46	1
134	303	46	1
136	303	46	1
240	304	46	2
192	306	46	1
182	326	46	1
183	328	46	1
188	328	46	1
217	334	46	1
215	336	46	1
216	341	46	1
205	346	46	1
164	281	47	1
162	282	47	1
144	294	47	1
175	324	47	1
179	324	47	1
212	344	47	1
230	353	47	1
186	257	48	1
154	276	48	1
140	278	48	1
143	279	48	1
136	222	49	2
151	248	49	1
171	260	49	1
147	279	49	1
147	287	49	1
144	294	49	1
149	313	49	1
145	316	49	1
184	352	49	1
139	263	50	1
149	263	50	1
154	270	50	1
151	272	50	1
160	275	50	1
131	294	50	1
151	302	50	1
157	313	50	1
240	317	50	1
195	325	50	1
