x	y	z	Synthesis of bile acids and bile salts via 7alpha-hydroxycholesterol
216.157603775171	275.673637444315	34.5586340221659	1
240	286	21	1
240	277	24	1
232	278	24	1
239	278	24	1
248	286	24	2
239	287	24	2
245	287	24	2
245	288	24	1
247	289	24	1
244	290	24	1
232	265	25	3
236	268	25	1
238	270	25	2
233	272	25	1
238	273	25	2
231	274	25	1
238	274	25	1
236	276	25	2
239	276	25	1
240	276	25	1
248	276	25	1
237	277	25	1
231	278	25	1
236	278	25	1
238	278	25	1
232	279	25	1
234	279	25	1
238	279	25	1
239	279	25	2
241	279	25	1
232	280	25	2
234	280	25	1
248	280	25	1
231	281	25	1
240	281	25	1
241	281	25	1
243	281	25	1
249	281	25	1
240	282	25	1
245	282	25	1
247	282	25	1
231	283	25	1
233	283	25	1
238	283	25	2
239	283	25	1
240	283	25	1
235	284	25	1
247	284	25	1
215	285	25	1
234	285	25	1
241	285	25	2
243	285	25	1
244	285	25	1
235	286	25	1
250	286	25	1
238	287	25	1
242	287	25	1
242	288	25	1
226	289	25	1
237	289	25	1
252	289	25	1
234	290	25	1
236	290	25	1
243	290	25	1
244	290	25	1
249	290	25	1
250	290	25	2
234	291	25	1
236	291	25	1
238	291	25	1
240	291	25	2
245	291	25	1
227	292	25	1
235	292	25	1
239	293	25	1
240	293	25	1
243	293	25	1
244	293	25	1
237	295	25	1
241	295	25	1
246	296	25	1
243	297	25	1
240	298	25	1
241	299	25	1
238	300	25	1
239	302	25	1
183	258	26	1
231	264	26	1
235	267	26	1
236	268	26	1
229	269	26	1
236	269	26	1
237	269	26	1
228	270	26	1
237	270	26	1
215	272	26	1
224	272	26	1
226	272	26	1
236	272	26	1
239	272	26	1
231	274	26	2
234	276	26	1
244	276	26	1
207	277	26	1
247	277	26	1
249	277	26	2
234	278	26	1
235	278	26	1
240	278	26	1
243	278	26	1
251	278	26	1
207	279	26	1
232	279	26	1
234	279	26	1
236	279	26	2
248	279	26	2
250	279	26	2
208	280	26	1
232	280	26	1
234	280	26	3
240	280	26	1
247	280	26	1
231	281	26	1
232	281	26	1
235	281	26	1
249	281	26	1
250	281	26	1
235	282	26	1
238	282	26	2
247	282	26	2
251	282	26	1
253	282	26	2
234	283	26	1
238	283	26	2
241	283	26	1
243	283	26	1
251	283	26	1
253	283	26	2
212	284	26	1
215	284	26	1
234	284	26	1
235	284	26	1
237	284	26	1
242	284	26	2
248	284	26	1
252	284	26	1
214	285	26	1
235	285	26	1
237	285	26	2
246	285	26	1
216	286	26	1
225	286	26	1
234	286	26	1
235	286	26	1
240	286	26	1
247	286	26	1
248	286	26	1
234	287	26	1
243	287	26	1
249	287	26	1
253	287	26	1
232	288	26	1
236	288	26	1
240	288	26	1
252	288	26	1
232	289	26	3
234	289	26	1
238	289	26	1
240	289	26	2
243	289	26	1
250	289	26	1
252	289	26	2
225	290	26	1
227	290	26	1
233	290	26	1
239	290	26	1
242	290	26	1
244	290	26	1
232	291	26	2
237	291	26	1
239	291	26	2
240	291	26	1
242	291	26	1
244	291	26	1
246	291	26	1
250	291	26	1
226	292	26	1
227	292	26	1
238	292	26	1
242	292	26	1
249	292	26	1
254	292	26	1
225	293	26	1
234	293	26	1
239	293	26	1
240	293	26	3
253	293	26	1
235	294	26	1
240	294	26	1
241	294	26	1
243	294	26	2
246	294	26	1
221	295	26	1
222	295	26	1
234	295	26	1
241	295	26	1
243	295	26	1
245	295	26	2
235	296	26	1
239	296	26	1
240	296	26	1
236	297	26	1
244	297	26	1
246	297	26	1
239	299	26	1
241	299	26	1
227	300	26	1
236	300	26	2
227	301	26	1
182	255	27	1
184	255	27	1
184	256	27	1
181	257	27	1
180	259	27	1
185	259	27	1
232	259	27	1
176	260	27	1
184	260	27	1
233	260	27	1
180	261	27	1
186	261	27	1
220	261	27	1
222	261	27	1
230	261	27	1
231	261	27	2
237	261	27	1
177	262	27	2
229	262	27	1
238	262	27	1
239	262	27	1
175	263	27	1
178	263	27	1
182	263	27	1
183	263	27	1
225	263	27	1
180	264	27	1
224	264	27	1
229	264	27	1
231	264	27	3
181	265	27	1
225	265	27	1
226	265	27	2
233	265	27	1
235	265	27	1
239	265	27	2
217	266	27	1
226	266	27	1
233	266	27	1
237	266	27	1
229	267	27	1
231	267	27	1
235	267	27	1
236	267	27	1
241	267	27	1
180	268	27	1
181	268	27	1
197	268	27	2
215	268	27	1
217	268	27	1
222	268	27	1
224	268	27	1
229	268	27	2
243	268	27	1
248	268	27	1
179	269	27	1
180	269	27	3
182	269	27	1
201	269	27	1
213	269	27	1
214	269	27	1
215	269	27	1
225	269	27	1
227	269	27	1
232	269	27	1
236	269	27	1
238	269	27	1
252	269	27	1
181	270	27	1
192	270	27	1
197	270	27	1
207	270	27	1
230	270	27	1
234	270	27	1
236	270	27	1
238	270	27	2
244	270	27	2
180	271	27	1
182	271	27	1
207	271	27	2
209	271	27	1
210	271	27	1
211	271	27	1
225	271	27	1
232	271	27	1
233	271	27	2
234	271	27	1
238	271	27	1
239	271	27	1
248	271	27	1
249	271	27	1
250	271	27	1
181	272	27	1
205	272	27	2
215	272	27	1
220	272	27	1
225	272	27	2
227	272	27	1
230	272	27	3
231	272	27	2
232	272	27	1
234	272	27	1
237	272	27	2
239	272	27	1
241	272	27	1
206	273	27	1
211	273	27	1
224	273	27	1
238	273	27	2
239	273	27	1
246	273	27	1
248	273	27	1
178	274	27	1
206	274	27	1
207	274	27	1
212	274	27	1
221	274	27	2
227	274	27	1
231	274	27	1
237	274	27	2
239	274	27	1
250	274	27	1
185	275	27	2
211	275	27	3
212	275	27	1
222	275	27	1
223	275	27	1
230	275	27	1
237	275	27	1
239	275	27	2
246	275	27	1
252	275	27	1
254	275	27	1
205	276	27	1
208	276	27	2
210	276	27	2
211	276	27	1
220	276	27	1
230	276	27	1
234	276	27	1
238	276	27	1
245	276	27	1
247	276	27	1
207	277	27	1
208	277	27	1
212	277	27	1
213	277	27	1
231	277	27	1
232	277	27	2
235	277	27	2
238	277	27	2
245	277	27	1
246	277	27	2
250	277	27	1
203	278	27	1
210	278	27	2
227	278	27	1
229	278	27	1
244	278	27	1
250	278	27	1
251	278	27	1
210	279	27	1
220	279	27	1
230	279	27	1
234	279	27	2
237	279	27	1
238	279	27	1
239	279	27	1
243	279	27	1
244	279	27	1
248	279	27	1
249	279	27	1
252	279	27	1
204	280	27	2
208	280	27	1
210	280	27	1
233	280	27	1
234	280	27	2
236	280	27	1
242	280	27	1
246	280	27	1
248	280	27	2
256	280	27	1
207	281	27	2
228	281	27	1
233	281	27	2
239	281	27	2
240	281	27	1
243	281	27	2
249	281	27	1
251	281	27	1
254	281	27	1
209	282	27	1
231	282	27	1
235	282	27	1
237	282	27	1
239	282	27	1
240	282	27	1
254	282	27	1
206	283	27	1
207	283	27	1
208	283	27	1
231	283	27	1
241	283	27	1
243	283	27	1
249	283	27	1
208	284	27	1
232	284	27	1
235	284	27	1
238	284	27	1
240	284	27	1
251	284	27	2
252	284	27	1
254	284	27	3
256	284	27	1
206	285	27	1
213	285	27	1
228	285	27	2
235	285	27	2
238	285	27	2
242	285	27	1
245	285	27	1
246	285	27	1
250	285	27	1
253	285	27	1
256	285	27	1
204	286	27	2
206	286	27	1
207	286	27	1
208	286	27	1
226	286	27	1
236	286	27	1
249	286	27	1
251	286	27	1
252	286	27	1
255	286	27	1
256	286	27	1
207	287	27	1
210	287	27	1
222	287	27	1
227	287	27	1
228	287	27	1
232	287	27	1
247	287	27	1
251	287	27	1
253	287	27	1
255	287	27	1
256	287	27	1
222	288	27	1
232	288	27	1
236	288	27	1
255	288	27	1
203	289	27	1
210	289	27	1
223	289	27	2
227	289	27	1
230	289	27	1
236	289	27	1
237	289	27	1
240	289	27	1
242	289	27	2
243	289	27	1
252	289	27	1
253	289	27	1
254	289	27	1
256	289	27	1
207	290	27	1
228	290	27	2
241	290	27	1
247	290	27	1
251	290	27	1
252	290	27	1
210	291	27	1
213	291	27	1
229	291	27	1
230	291	27	1
235	291	27	2
239	291	27	1
240	291	27	1
248	291	27	1
249	291	27	1
250	291	27	1
257	291	27	1
211	292	27	1
219	292	27	1
223	292	27	3
225	292	27	1
226	292	27	1
234	292	27	2
247	292	27	1
248	292	27	1
249	292	27	2
252	292	27	1
254	292	27	1
211	293	27	1
218	293	27	1
221	293	27	1
224	293	27	1
234	293	27	1
239	293	27	1
240	293	27	1
245	293	27	1
247	293	27	2
248	293	27	1
249	293	27	1
217	294	27	1
219	294	27	1
220	294	27	1
226	294	27	1
237	294	27	2
244	294	27	1
245	294	27	1
248	294	27	2
250	294	27	1
254	294	27	1
211	295	27	1
222	295	27	2
247	295	27	1
249	295	27	1
252	295	27	1
255	295	27	1
237	296	27	1
238	296	27	1
241	296	27	2
249	296	27	1
252	296	27	1
255	296	27	1
217	297	27	1
220	297	27	1
239	297	27	1
240	297	27	1
242	297	27	1
246	297	27	1
248	297	27	2
251	297	27	1
221	298	27	1
223	298	27	2
224	298	27	1
226	298	27	1
236	298	27	1
238	298	27	1
248	298	27	1
226	299	27	1
229	299	27	1
236	299	27	2
237	299	27	1
247	299	27	4
227	300	27	1
231	300	27	1
238	300	27	1
244	300	27	1
247	300	27	2
248	300	27	1
234	301	27	1
237	301	27	1
238	301	27	1
239	301	27	1
240	301	27	1
243	301	27	1
245	301	27	1
235	302	27	1
237	302	27	1
238	302	27	1
245	302	27	1
237	304	27	2
237	305	27	1
232	264	28	1
234	266	28	1
235	266	28	1
236	267	28	1
235	268	28	1
236	268	28	2
237	269	28	1
237	270	28	1
236	271	28	1
240	271	28	1
232	272	28	2
250	272	28	1
211	273	28	1
214	274	28	2
235	275	28	2
233	276	28	1
235	276	28	2
238	277	28	2
248	279	28	1
251	280	28	1
210	281	28	1
252	281	28	1
234	282	28	2
246	282	28	1
247	282	28	1
251	282	28	1
237	283	28	3
238	283	28	1
246	283	28	1
248	284	28	2
248	285	28	1
244	287	28	1
248	287	28	1
251	287	28	2
238	288	28	1
242	288	28	1
245	288	28	1
231	289	28	1
246	289	28	1
247	289	28	1
242	290	28	1
245	290	28	1
247	291	28	2
248	291	28	1
239	292	28	1
242	292	28	2
248	292	28	1
250	293	28	1
249	294	28	1
250	294	28	2
245	295	28	2
248	295	28	1
245	297	28	1
240	299	28	2
225	300	28	2
235	256	29	1
181	258	29	2
228	258	29	2
230	259	29	1
182	260	29	1
234	260	29	1
183	261	29	1
230	261	29	1
229	262	29	2
224	264	29	3
181	265	29	1
215	265	29	1
226	265	29	1
232	265	29	1
239	265	29	2
226	266	29	1
230	266	29	1
234	266	29	1
236	266	29	1
248	266	29	2
193	267	29	2
234	267	29	3
234	268	29	1
236	268	29	1
244	268	29	2
196	269	29	1
234	269	29	1
235	269	29	2
248	269	29	1
249	269	29	1
178	270	29	1
215	270	29	1
234	270	29	1
235	270	29	1
237	270	29	1
238	270	29	2
250	270	29	1
182	271	29	1
215	271	29	1
234	271	29	1
242	271	29	1
251	271	29	1
215	272	29	1
238	272	29	1
251	272	29	1
212	273	29	1
238	273	29	1
206	274	29	1
232	274	29	1
247	274	29	1
206	275	29	1
231	275	29	1
237	275	29	1
238	275	29	1
242	275	29	1
204	276	29	1
205	276	29	1
206	276	29	1
208	276	29	1
233	276	29	1
248	276	29	1
249	276	29	1
252	276	29	2
234	277	29	1
240	277	29	1
208	278	29	1
237	278	29	1
239	278	29	1
244	278	29	1
245	278	29	1
206	279	29	1
238	279	29	1
246	279	29	1
248	279	29	1
249	279	29	1
256	279	29	1
233	280	29	1
234	280	29	1
237	280	29	1
241	280	29	1
246	280	29	2
208	281	29	2
224	281	29	1
235	281	29	1
245	281	29	1
247	281	29	2
249	281	29	1
233	282	29	1
244	282	29	2
248	282	29	1
249	282	29	1
254	282	29	1
233	283	29	1
238	283	29	2
244	283	29	2
247	283	29	1
251	283	29	1
211	284	29	1
234	284	29	1
237	284	29	1
238	284	29	1
241	284	29	2
248	284	29	1
252	284	29	1
233	285	29	1
236	285	29	1
243	285	29	1
246	285	29	1
253	285	29	2
254	285	29	1
211	286	29	1
232	286	29	1
233	286	29	1
243	286	29	1
247	286	29	1
228	287	29	1
232	287	29	1
236	287	29	1
244	287	29	1
249	287	29	1
224	288	29	1
244	288	29	1
227	289	29	2
237	289	29	1
243	289	29	1
238	290	29	1
240	290	29	1
242	290	29	1
224	291	29	1
225	291	29	1
245	291	29	1
249	291	29	1
236	292	29	2
237	292	29	1
257	292	29	1
222	293	29	1
247	293	29	1
252	293	29	2
253	293	29	1
224	294	29	1
242	294	29	1
244	294	29	1
246	294	29	1
248	294	29	1
221	295	29	1
252	296	29	1
255	296	29	1
239	297	29	1
245	297	29	1
247	297	29	1
215	298	29	1
219	298	29	2
224	298	29	1
239	298	29	1
245	298	29	1
247	298	29	1
221	299	29	1
240	299	29	1
241	299	29	1
252	299	29	1
221	300	29	2
221	301	29	1
230	301	29	1
238	301	29	1
233	252	30	1
230	254	30	1
232	254	30	1
233	254	30	1
235	254	30	1
234	255	30	1
229	256	30	1
232	256	30	1
233	256	30	1
235	256	30	1
183	257	30	1
190	257	30	1
209	257	30	1
228	257	30	1
240	257	30	1
186	258	30	1
236	258	30	1
238	258	30	1
189	259	30	1
195	259	30	1
206	259	30	1
218	259	30	1
220	259	30	1
224	259	30	1
234	259	30	1
184	260	30	2
186	260	30	1
190	260	30	1
196	260	30	2
212	260	30	1
226	260	30	1
231	260	30	1
240	260	30	1
199	261	30	1
211	261	30	1
212	261	30	1
215	261	30	2
216	261	30	1
226	261	30	1
244	261	30	1
186	262	30	1
216	262	30	1
220	262	30	2
221	262	30	1
225	262	30	1
226	262	30	1
227	262	30	1
230	262	30	1
240	262	30	1
246	262	30	1
186	263	30	1
197	263	30	1
215	263	30	1
222	263	30	1
224	263	30	1
226	263	30	1
228	263	30	1
232	263	30	1
233	263	30	1
234	263	30	1
242	263	30	1
246	263	30	2
186	264	30	1
194	264	30	3
211	264	30	1
226	264	30	1
230	264	30	1
233	264	30	1
236	264	30	1
239	264	30	1
240	264	30	2
241	264	30	1
245	264	30	1
249	264	30	2
191	265	30	1
192	265	30	1
200	265	30	1
210	265	30	1
212	265	30	1
217	265	30	1
219	265	30	1
236	265	30	1
184	266	30	2
197	266	30	1
215	266	30	1
219	266	30	1
229	266	30	1
230	266	30	1
240	266	30	2
249	266	30	1
176	267	30	2
192	267	30	1
194	267	30	1
196	267	30	1
209	267	30	1
229	267	30	1
232	267	30	1
235	267	30	1
238	267	30	1
241	267	30	1
244	267	30	1
172	268	30	1
189	268	30	1
190	268	30	1
191	268	30	1
194	268	30	1
207	268	30	1
214	268	30	2
238	268	30	1
240	268	30	1
244	268	30	2
247	268	30	1
172	269	30	2
177	269	30	1
180	269	30	1
182	269	30	1
191	269	30	1
215	269	30	1
216	269	30	2
235	269	30	2
237	269	30	1
242	269	30	1
196	270	30	1
201	270	30	1
215	270	30	1
223	270	30	1
231	270	30	2
235	270	30	1
250	270	30	1
176	271	30	1
183	271	30	1
206	271	30	1
208	271	30	2
211	271	30	1
215	271	30	1
229	271	30	1
243	271	30	1
180	272	30	1
182	272	30	2
185	272	30	2
203	272	30	1
206	272	30	1
216	272	30	1
224	272	30	1
238	272	30	2
247	272	30	1
250	272	30	1
183	273	30	1
206	273	30	1
213	273	30	2
234	273	30	1
235	273	30	1
240	273	30	1
246	273	30	1
185	274	30	1
208	274	30	1
211	274	30	1
212	274	30	1
233	274	30	1
238	274	30	1
179	275	30	1
180	275	30	2
182	275	30	1
183	275	30	1
212	275	30	1
213	275	30	2
215	275	30	1
236	275	30	1
237	275	30	1
244	275	30	2
186	276	30	1
205	276	30	2
249	276	30	1
253	276	30	1
180	277	30	1
205	277	30	2
241	277	30	1
243	277	30	2
245	277	30	1
249	277	30	1
251	277	30	1
190	278	30	1
201	278	30	1
203	278	30	1
205	278	30	2
206	278	30	1
235	278	30	1
236	278	30	1
243	278	30	1
246	278	30	2
249	278	30	1
206	279	30	2
207	279	30	1
221	279	30	1
238	279	30	1
241	279	30	1
247	279	30	1
249	279	30	1
252	279	30	1
175	280	30	1
226	280	30	1
238	280	30	1
239	280	30	3
245	280	30	1
248	280	30	1
252	280	30	1
254	280	30	2
181	281	30	1
217	281	30	1
234	281	30	1
249	281	30	1
213	282	30	1
233	282	30	1
234	282	30	2
239	282	30	1
241	282	30	1
245	282	30	1
246	282	30	1
250	282	30	1
251	282	30	1
252	282	30	1
253	282	30	1
254	282	30	1
179	283	30	1
209	283	30	1
215	283	30	1
222	283	30	1
234	283	30	1
238	283	30	1
241	283	30	2
250	283	30	1
254	283	30	2
173	284	30	1
221	284	30	1
226	284	30	1
231	284	30	1
236	284	30	1
238	284	30	1
240	284	30	2
243	284	30	2
245	284	30	2
249	284	30	1
256	284	30	1
258	284	30	1
206	285	30	1
222.5	285.5	30.5	1
224	285	30	1
225	285	30	1
233	285	30	1
234	285	30	1
245	285.666666666667	31	1
251	285	30	3
256	285	30	1
180	286	30	1
206	286	30	1
224	286	30	2
229	286	30	2
231	286	30	2
235	286	30	2
245	286	30	2
246	286	30	2
248	286	30	5
249	286	30	1
219	287	30	1
222	287	30	1
224	287	30	1
238.5	287.5	30.5	1
248	287	30	3
251	287	30	1
223	288	30	2
226	288	30	1
228	288	30	2
229	288	30	1
232	288	30	1
241	288	30	1
244	288	30	1
252	288	30	1
253	288	30	1
201	289	30	1
224	289	30	1
228	289	30	1
232	289	30	1
235	289	30	1
237	289	30	1
238	289	30	1
240	289	30	1
256	289	30	1
198	290	30	1
220	290	30	1
225	290	30	1
231	290	30	1
235	290	30	1
242	290	30	1
245	290	30	1
250	290	30	1
257	290	30	1
222	291	30	2
235	291	30	1
237	291	30	1
239	291	30	1
241	291	30	1
245	291	30	1
250	291	30	1
251	291	30	1
258	291	30	1
198	292	30	1
229	292	30	1
235	292	30	1
238	292	30	1
251	292	30	1
201	293	30	1
219	293	30	1
221	293	30	1
223	293	30	1
227	293	30	1
231	293	30	1
234	293	30	2
239	293	30	1
241	293	30	1
246	293	30	1
251	293	30	1
253	293	30	1
189	294	30	1
210	294	30	1
225	294	30	1
226	294	30	1
230	294	30	1
232	294	30	1
235	294	30	1
240	294	30	1
241	294	30	1
246	294	30	1
250	294	30	1
254	294	30	1
257	294	30	2
220	295	30	1
224	295	30	1
243	295	30	1
247	295	30	1
250	295	30	2
252	295	30	1
186	296	30	2
220	296	30	1
241	296	30	3
243	296	30	2
246	296	30	1
247	296	30	1
239	297	30	1
240	297	30	2
246	297	30	1
222	298	30	1
224	298	30	1
228	298	30	1
229	298	30	1
230	298	30	1
236	298	30	1
246	298	30	1
216	299	30	2
227	299	30	1
231	299	30	1
247	299	30	1
214	300	30	2
218	300	30	1
223	300	30	1
225	300	30	1
226	300	30	1
230	300	30	2
231	300	30	1
236	300	30	1
248	300	30	1
223	301	30	2
224	301	30	3
225	301	30	2
226	301	30	3
235	301	30	1
237	301	30	1
239	301	30	1
240	301	30	1
241	301	30	1
247	301	30	1
226	302	30	1
229	302	30	1
231	302	30	2
238	303	30	2
239	303	30	1
240	303	30	1
220	304	30	1
235	304	30	1
236	304	30	1
237	304	30	1
238	304	30	1
238	305	30	1
240	305	30	1
242	305	30	1
238	306	30	1
226	250	31	1
227	250	31	1
235	250	31	1
229	252	31	1
193	253	31	1
215	253	31	1
225	253	31	1
227	253	31	1
226	254	31	1
230	255	31	3
237	255	31	1
215	256	31	1
216	256	31	1
236	256	31	1
229	257	31	1
232	257	31	1
236	257	31	1
237	257	31	1
188	258	31	2
190	258	31	1
231	258	31	1
239	258	31	1
188	259	31	1
206	259	31	1
226	259	31	1
227	259	31	1
230	259	31	1
237	259	31	1
186	260	31	1
190	260	31	1
209	260	31	2
220	260	31	1
231	260	31	1
237	260	31	1
242	260	31	1
246	260	31	1
188	261	31	1
195	261	31	1
217	261	31	2
224	261	31	1
227	261	31	1
228	261	31	1
230	261	31	1
234	261	31	1
239	261	31	1
244	261	31	2
246	261	31	4
186	262	31	3
193	262	31	1
194	262	31	3
195	262	31	1
216	262	31	1
218	262	31	1
219	262	31	1
221	262	31	1
230	262	31	1
233	262	31	2
246	262	31	1
249	262	31	1
194	263	31	2
211	263	31	1
220	263	31	2
221	263	31	1
227	263	31	1
229	263	31	1
232	263	31	1
235	263	31	2
236	263	31	1
238	263	31	1
240	263	31	2
248	263	31	1
178	264	31	1
195	264	31	1
209	264	31	1
215	264	31	3
221	264	31	1
223	264	31	1
238	264	31	2
244	264	31	1
249	264	31	2
186	265	31	1
194	265	31	1
200	265	31	1
215	265	31	1
239	265	31	1
243	265	31	1
187	266	31	1
193	266	31	1
220	266	31	1
229	266	31	1
231	266	31	1
236	266	31	1
251	266	31	1
183	267	31	1
193	267	31	2
211	267	31	1
222	267	31	1
223	267	31	2
241	267	31	1
244	267	31	1
248	267	31	1
198	268	31	3
203	268	31	1
205	268	31	2
213	268	31	1
216	268	31	1
219	268	31	1
222	268	31	1
234	268	31	1
241	268	31	2
245	268	31	1
247	268	31	1
182	269	31	2
191	269	31	1
193	269	31	2
198	269	31	1
199	269	31	1
204	269	31	1
210	269	31	1
230	269	31	2
239	269	31	1
243	269	31	1
252	269	31	1
186	270	31	1
194	270	31	1
200	270	31	2
215	270	31	1
216	270	31	1
234	270	31	1
242	270	31	1
247	270	31	1
171	271	31	1
175	271	31	2
177	271	31	1
178	271	31	1
198	271	31	1
210	271	31	2
212	271	31	1
216	271	31	1
225	271	31	1
226	271	31	1
232	271	31	1
239	271	31	1
240	271	31	2
241	271	31	1
244	271	31	1
245	271	31	1
176	272	31	1
184	272	31	1
185	272	31	1
206	272	31	1
210	272	31	2
211	272	31	1
212	272	31	1
226	272	31	1
227	272	31	1
230	272	31	1
239	272	31	1
240	272	31	1
243	272	31	1
250	272	31	1
209	273	31	1
211	273	31	1
229	273	31	1
238	273	31	3
240	273	31	1
246	273	31	1
249	273	31	1
175	274	31	2
182	274	31	1
213	274	31	1
230	274	31	3
250	274	31	1
182	275	31	1
205	275	31	1
211	275	31	1
229	275	31	2
184	276	31	1
226	276	31	1
236	276	31	1
237	276	31	1
240	276	31	3
243	276	31	1
244	276	31	1
236	277	31	1
240	277	31	1
249	277	31	1
174	278	31	1
178	278	31	1
203	278	31	1
204	278	31	1
207	278	31	1
236	278	31	1
237	278	31	1
242	278	31	1
245	278	31	1
247	278	31	1
180	279	31	1
205	279	31	1
219	279	31	1
244	279	31	2
253	279	31	2
254	279	31	1
175	280	31	1
181	280	31	1
221	280	31	1
237	280	31	1
241	280	31	1
250	280	31	2
219	281	31	1
220	281	31	1
223	281	31	1
235	281	31	1
237	281	31	1
240	281	31	1
245	281	31	1
250	281	31	1
251	281	31	1
173	282	31	2
180	282	31	1
181	282	31	1
221	282	31	1
244	282	31	1
245	282	31	1
248	282	31	1
250	282	31	1
252	282	31	2
179	283	31	1
182	283	31	1
219	283	31	1
223	283	31	1
224	283	31	1
231	283	31	1
236	283	31	1
239	283	31	1
244	283	31	1
251	283	31	1
252	283	31	1
176	284	31	1
177	284	31	1
181	284	31	1
206	284	31	1
209	284	31	1
224	284	31	2
235	284	31	1
236	284	31	1
243	284	31	2
244	284	31	2
249	284	31	1
250	284	31	1
257	284	31	1
173	285	31	1
233	285	31	1
235	285	31	1
236	285	31	2
243	285	31	1
245	285	31	1
255	285	31	2
256	285	31	1
178	286	31	1
180	286	31	2
220	286	31	1
224	286	31	1
238	286	31	1
239	286	31	1
240	286	31	1
219	287	31	2
221	287	31	1
225	287	31	1
227	287	31	1
229	287	31	1
230	287	31	1
236	287	31	1
238	287	31	2
240	287	31	1
241	287	31	1
243	287	31	1
251	287	31	2
255	287	31	1
222	288	31	1
223	288	31	1
225	288	31	1
230	288	31	2
234	288	31	1
244	288	31	1
247	288	31	1
205	289	31	1
221	289	31	1
222	289	31	1
225	289	31	1
231	289	31	2
233	289	31	2
234	289	31	1
237	289	31	1
241	289	31	1
244	289	31	1
250	289	31	1
200	290	31	1
226	290	31	1
230	290	31	1
231	290	31	1
235	290	31	1
237	290	31	2
243	290	31	1
246	290	31	2
197	291	31	1
198	291	31	1
199	291	31	3
200	291	31	1
229	291	31	1
235	291	31	1
237	291	31	1
241	291	31	3
244	291	31	1
197	292	31	1
199	292	31	1
201	292	31	1
221	292	31	2
222	292	31	1
232	292	31	1
242	292	31	1
246	292	31	2
247	292	31	2
250	292	31	1
251	292	31	1
257	292	31	1
221	293	31	2
222	293	31	3
225	293	31	1
229	293	31	1
230	293	31	1
233	293	31	1
235	293	31	1
238	293	31	1
242	293	31	1
202	294	31	2
224	294	31	1
226	294	31	1
227	294	31	1
235	294	31	3
241	294	31	1
242	294	31	1
252	294	31	1
198	295	31	2
225	295	31	1
228	295	31	2
229	295	31	1
231	295	31	2
234	295	31	1
240	295	31	1
241	295	31	1
243	295	31	1
247	295	31	2
250	295	31	1
188	296	31	1
225	296	31	2
231	296	31	1
234	296	31	2
240	296	31	1
242	296	31	1
245	296	31	1
250	296	31	1
252	296	31	1
223	297	31	1
226	297	31	1
227	297	31	1
231	297	31	2
235	297	31	1
236	297	31	1
243	297	31	1
246	297	31	1
252	297	31	1
228	298	31	1
240	298	31	1
248	298	31	1
249	298	31	1
232	299	31	1
240	299	31	1
246	299	31	2
223	300	31	1
236	300	31	1
237	300	31	1
241	300	31	1
246	300	31	4
247	300	31	2
248	300	31	1
250	300	31	1
228	301	31	1
229	301	31	1
232	301	31	2
234	301	31	1
245	301	31	1
246	301	31	1
247	301	31	3
248	301	31	1
249	301	31	1
220	302	31	1
222	302	31	1
229	302	31	1
231	302	31	1
236	302	31	2
240	302	31	1
242	302	31	1
244	302	31	1
235	303	31	1
232	304	31	1
238	304	31	1
244	304	31	1
236	305	31	2
237	305	31	1
231	306	31	2
223	307	31	2
234	307	31	1
223	308	31	1
226	309	31	1
216	252	32	2
226	252	32	1
235	252	32	2
193	253	32	3
215	253	32	1
217	253	32	1
221	253	32	1
231	253	32	2
237	253	32	1
226	254	32	1
227	254	32	1
230	254	32	1
219	255	32	3
223	255	32	1
227	255	32	1
236	255	32	2
177	256	32	1
210	256	32	1
215	256	32	2
236	256	32	2
242	256	32	1
192	257	32	1
210	257	32	1
219	257	32	1
221	257	32	1
192	258	32	1
207	258	32	1
213	258	32	1
214	258	32	1
216	258	32	1
218	258	32	2
220	258	32	2
230	258	32	1
232	258	32	1
235	258	32	2
240	258	32	1
207	259	32	1
211	259	32	1
213	259	32	1
214	259	32	1
216	259	32	1
220	259	32	1
222	259	32	1
230	259	32	1
240	259	32	1
244	259	32	1
192	260	32	1
203	260	32	1
221	260	32	1
236	260	32	1
239	260	32	1
240	260	32	1
242	260	32	1
245	260	32	1
194	261	32	1
210	261	32	1
211	261	32	4
212	261	32	1
239	261	32	1
244	261	32	2
245	261	32	2
186	262	32	1
194	262	32	1
209	262	32	2
210	262	32	1
219	262	32	1
221	262.666666666667	33	1
225	262	32	1
227	262	32	1
240	262	32	1
243	262	32	1
245	262	32	1
249	262	32	1
250	262	32	1
194	263	32	1
198	263	32	1
211	263	32	2
220	263	32	1
225	263	32	1
227	263	32	1
230	263	32	1
231	263	32	3
249	263	32	1
189	264	32	1
191	264	32	1
200	264	32	2
204	264	32	2
210	264	32	1
212	264	32	1
221	264	32	2
230	264	32	2
232	264	32	1
233	264	32	1
244	264	32	1
248	264	32	1
191	265	32	2
194	265	32	1
203	265	32	1
206	265	32	2
215	265	32	1
220	265	32	3
222	265	32	1
224	265	32	1
229	265	32	1
232	265	32	1
233	265	32	1
239	265	32	1
197	266	32	2
203	266	32	1
212	266	32	3
221	266	32	1
222	266	32	1
224	266	32	2
235	266	32	1
237	266	32	1
238	266	32	2
248	266	32	1
194	267	32	1
197	267	32	1
205	267	32	1
208	267	32	1
216	267	32	1
219	267	32	2
225	267	32	1
231	267	32	1
239	267	32	2
240	267	32	1
248	267	32	1
189	268	32	1
193	268	32	1
198	268	32	1
214	268	32	1
219	268	32	1
228	268	32	1
246	268	32	1
247	268	32	1
248	268	32	1
252	268	32	1
176	269	32	1
177	269	32	1
180	269	32	1
184	269	32	1
186	269	32	1
191	269	32	1
210	269	32	1
214	269	32	1
243	269	32	1
246	269	32	1
251	269	32	1
185	270	32	1
203	270	32	1
224	270	32	2
234	270	32	1
243	270	32	4
250	270	32	1
173	271	32	1
174	271	32	1
184	271	32	1
202	271	32	3
206	271	32	1
210	271	32	1
211	271	32	1
228	271	32	1
231	271	32	1
239	271	32	3
240	271	32	1
241	271	32	1
250	271	32	1
251	271	32	1
175	272	32	1
181	272	32	1
182	272	32	2
186	272	32	1
198	272	32	1
200	272	32	1
201	272	32	1
202	272	32	1
208	272	32	1
216	272	32	1
228	272	32	1
235	272	32	1
238	272	32	1
243	272	32	1
245	272	32	1
246	272	32	2
250	272	32	2
174	273	32	1
186	273	32	1
212	273	32	1
215	273	32	1
235	273	32	1
236	273	32	1
239	273	32	1
242	273	32	1
246	273	32	1
249	273	32	1
250	273	32	1
254	273	32	2
179	274	32	1
183	274	32	1
211	274	32	2
215	274	32	1
238	274	32	1
241	274	32	1
250	274	32	1
252	274	32	2
184	275	32	1
208	275	32	2
212	275	32	1
238	275	32	1
240	275	32	1
250	275	32	1
184	276	32	1
204	276	32	1
205	276	32	1
233	276	32	2
236	276	32	1
238	276	32	1
239	276	32	1
241	276	32	2
246	276	32	1
174	277	32	1
204	277	32	2
210	277	32	1
214	277	32	1
215	277	32	1
216	277	32	1
224	277	32	1
236	277	32	1
237	277	32	2
244	277	32	1
245	277	32	1
250	277	32	1
175	278	32	1
176	278	32	2
177	278	32	1
203	278	32	1
206	278	32	1
236	278	32	1
239	278	32	4
241	278	32	1
246	278	32	1
248	278	32	1
249	278	32	1
255	278	32	1
178	279	32	1
181	279	32	1
247	279	32	2
250	279	32	2
174	280	32	1
175	280	32	2
176	280	32	1
177	280	32	1
180	280	32	1
205	280	32	1
217	280	32	1
219	280	32	1
221	280	32	1
229	280	32	1
241	280	32	1
248	280	32	1
249	280	32	1
176	281	32	1
181	281	32	1
182	281	32	1
211	281	32	1
217	281	32	2
219	281	32	1
221	281	32	1
223	281	32	1
232	281	32	1
234	281	32	1
237	281	32	1
239	281	32	1
241	281	32	1
242	281	32	2
246	281	32	1
248	281	32	1
252	281	32	2
174	282	32	1
182	282	32	1
187	282	32	1
222	282	32	1
226	282	32	1
245	282	32	2
247	282	32	1
248	282	32	1
253	282	32	1
254	282	32	1
256	282	32	1
173	283	32	2
183	283	32	1
207	283	32	1
211	283	32	1
230	283	32	1
242	283	32	1
245	283	32	1
176	284	32	1
177	284	32	1
179	284	32	1
181	284	32	1
186	284	32	1
208	284	32	2
219	284	32	1
226	284	32	2
227	284	32	1
232	284	32	1
233	284	32	1
236	284	32	2
241	284	32	1
245	284	32	1
249	284	32	1
251	284	32	1
252	284	32	2
254	284	32	1
257	284	32	1
177	285	32	1
178	285	32	1
182	285	32	2
206	285	32	2
218	285	32	1
219	285	32	1
220	285	32	1
232	285	32	1
234	285	32	2
237	285	32	1
243	285	32	1
252	285	32	1
253	285	32	2
183	286	32	1
204	286	32	2
209	286	32	1
218	286	32	3
219	286	32	1
221	286	32	1
227	286	32	1
234	286	32	1
237	286	32	1
242	286	32	1
243	286	32	1
252	286	32	2
177	287	32	1
187	287	32	1
221	287	32	1
223	287	32	1
224	287	32	1
227	287	32	1
228	287	32	1
230	287	32	1
231	287	32	1
233	287	32	1
237	287	32	1
238	287	32	1
247	287	32	1
248	287	32	1
249	287	32	1
221	288	32	1
222	288	32	1
226	288	32	1
227	288	32	1
234	288	32	1
235	288	32	1
239	288	32	2
243	288	32	1
244	288	32	1
245	288	32	1
248	288	32	1
250	288	32	1
187	289	32	1
222	289	32	1
229	289	32	1
230	289	32	1
238	289	32	1
247	289	32	1
200	290	32	1
206	290	32	1
221	290	32	2
232	290	32	2
234	290	32	1
235	290	32	1
250	290	32	1
186	291	32	1
223	291	32	1
224	291	32	2
229	291	32	1
238	291	32	1
242	291	32	1
245	291	32	1
256	291	32	1
188	292	32	1
203	292	32	1
218	292	32	1
222	292	32	2
225	292	32	1
234	292	32	1
236.75	292.75	33	1
179	293	32	2
197	293	32	1
216	293	32	1
218	293	32	1
221	293	32	1
222	293	32	1
223	293	32	2
225	293	32	2
227	293	32	1
229	293	32	1
232	293	32	1
238	293	32	1
241	293	32	2
244	293	32	1
249	293	32	1
253	293	32	1
256	293	32	2
202	294	32	1
204	294	32	2
223	294	32	1
227	294	32	1
230	294	32	1
231	294	32	1
233	294	32	1
242	294	32	1
247	294	32	1
200	295	32	1
217	295	32	1
220	295	32	1
226	295	32	1
228	295	32	1
239	295	32	1
244	295	32	1
250	295	32	1
251	295	32	1
197	296	32	1
198	296	32	1
220	296	32	1
225	296	32	1
226	296	32	1
229	296	32	2
231	296	32	1
237	296	32	1
241	296	32	1
244	296	32	1
249	296	32	1
251	296	32	2
221	297	32	1
225	297	32	1
226	297	32	1
230	297	32	1
233	297	32	1
247	297	32	1
249	297	32	1
250	297	32	1
252	297	32	1
197	298	32	1
198	298	32	1
199	298	32	1
223	298	32	1
230	298	32	1
234	298	32	1
239	298	32	1
241	298	32	2
247	298	32	2
251	298	32	2
252	298	32	2
196	299	32	1
197	299	32	1
226	299	32	1
233	299	32	3
236	299	32	2
237	299	32	1
248	299	32	1
185	300	32	1
225	300	32	1
236	300	32	2
245	300	32	1
221	301	32	1
225	301	32	1
235	301	32	3
236	301	32	1
241	301	32	1
246	301	32	1
249	301	32	1
229	302	32	1
242	302	32	1
248	302	32	2
249	302	32	2
225	303	32	1
235	303	32	1
220	304	32	1
239	304	32	1
241	304	32	1
221	305	32	1
242	305	32	1
208	306	32	2
222	306	32	1
242	306	32	1
206	307	32	1
237	307	32	1
220	308	32	1
223	308	32	2
225	308	32	2
220	309	32	1
226	309	32	1
228	309	32	1
234	309	32	1
235	309	32	1
227	310	32	1
229	310	32	2
233	310	32	2
234	311	32	1
229	312	32	1
230	313	32	2
227	251	33	1
228	251	33	1
223	252	33	1
226	252	33	2
231	252	33	1
216	253	33	1
218	253	33	1
222	253	33	2
232	253	33	1
193	254	33	1
223	254	33	2
225	254	33	1
226	254	33	1
227	254	33	1
232	254	33	2
235	254	33	1
218	255	33	1
219	255	33	1
220	255	33	1
226	255	33	1
235	255	33	1
236	255	33	2
237	255	33	1
215	256	33	1
221	256	33	1
238	256	33	1
217	257	33	2
218	257	33	1
219	257	33	1
227	257	33	1
235	257	33	2
237	257	33	1
216	258	33	1
226	258	33	1
232	258	33	1
234	258	33	1
235	258	33	1
242	258	33	1
209	259	33	1
213	259	33	1
217	259	33	1
220	259	33	1
225	259	33	1
235	259	33	1
242	259	33	1
213	260	33	1
229	260	33	1
230	260	33	1
238	260	33	1
239	260	33	1
241	260	33	1
243	260	33	1
188	261	33	1
195	261	33	1
218	261	33	2
225	261	33	1
228	261	33	2
229	261	33	1
231	261	33	2
234	261	33	1
237	261	33	1
239	261	33	1
191	262	33	1
203	262	33	1
218	262	33	1
219	262	33	1
221	262	33	1
224	262	33	3
229	262	33	1
239	262	33	1
241	262	33	2
242	262	33	2
245	262	33	1
248	262	33	1
183	263	33	2
189	263	33	1
191	263	33	1
194	263	33	2
199	263	33	1
200	263	33	1
211	263	33	2
213	263	33	1
225	263	33	1
231	263	33	1
237	263	33	1
238	263	33	1
239	263	33	1
243	263	33	1
245	263	33	1
251	263	33	1
194	264	33	1
199	264	33	1
209	264	33	1
211	264	33	1
217	264	33	3
218	264	33	1
220	264	33	1
235	264	33	1
237	264	33	1
238	264	33	1
185	265	33	1
191	265	33	1
218	265	33	1
222	265	33	1
233	265	33	1
242	265	33	1
244	265	33	2
186	266	33	1
188	266	33	2
190	266	33	1
195	266	33	1
211	266	33	1
216	266	33	2
219	266	33	1
220	266	33	1
224	266	33	1
237	266	33	1
239	266	33	3
242	266	33	1
247	266	33	1
250	266	33	1
183	267	33	1
186	267	33	2
188	267	33	1
193	267	33	1
194	267	33	1
205	267	33	1
212	267	33	1
217	267	33	1
223	267	33	1
228	267	33	1
229	267	33	1
240	267	33	1
242	267	33	1
244	267	33	2
253	267	33	1
189	268	33	1
192	268	33	1
208	268	33	2
210	268	33	1
211	268	33	2
216	268	33	2
220	268	33	2
226	268	33	1
235	268	33	1
192	269	33	1
193	269	33	1
198	269	33	1
217	269	33	2
241	269	33	1
243	269	33	1
250	269	33	1
251	269	33	1
187	270	33	1
205	270	33	2
206	270	33	1
212	270	33	1
216	270	33	1
242	270	33	2
249	270	33	1
179	271	33	1
180	271	33	1
181	271	33	3
187	271	33	1
206	271	33	1
208	271	33	1
209	271	33	1
211	271	33	1
215	271	33	2
224	271	33	2
233	271	33	1
235	271	33	1
237	271	33	1
240	271	33	1
243	271	33	1
245	271	33	1
247	271	33	1
253	271	33	1
172	272	33	1
173	272	33	1
205	272	33	1
207	272	33	2
208	272	33	1
233	272	33	1
239	272	33	1
244	272	33	1
246	272	33	1
251	272	33	1
254	272	33	2
181	273	33	1
196	273	33	1
209	273	33	1
210	273	33	1
216	273	33	1
241	273	33	2
247	273	33	1
249	273	33	1
253	273	33	1
190	274	33	1
193	274	33	1
201	274	33	1
203	274	33	1
205	274	33	1
214	274	33	1
226	274	33	1
229	274	33	1
235	274	33	1
237	274	33	1
250	274	33	1
185	275	33	1
205	275	33	2
209	275	33	1
210	275	33	1
211	275	33	2
237	275	33	1
174	276	33	1
176	276	33	1
177	276	33	1
207	276	33	1
214	276	33	1
215	276	33	2
239	276	33	2
173	277	33	1
174	277	33	1
187	277	33	1
208	277	33	1
209	277	33	2
211	277	33	1
224	277	33	1
227	277	33	2
232	277	33	1
234	277	33	1
178	278	33	1
191	278	33	1
210	278	33	1
223	278	33	1
237	278	33	1
239	278	33	1
240	278	33	1
246	278	33	1
168	279	33	1
176	279	33	2
181	279	33	1
207	279	33	1
208	279	33	1
222	279	33	1
243	279	33	1
244	279	33	1
245	279	33	1
174	280	33	1
187	280	33	2
191	280	33	1
210	280	33	1
214	280	33	1
217	280	33	1
221	280	33	1
225	280	33	1
241	280	33	1
246	280	33	2
173	281	33	1
176	281	33	1
186	281	33	1
206	281	33	1
208	281	33	1
209	281	33	1
222	281	33	1
239	281	33	1
250	281	33	1
185	282	33	1
205	282	33	1
210	282	33	1
214	282	33	1
220	282	33	1
224	282	33	2
231	282	33	1
234	282	33	2
235	282	33	1
243	282	33	1
247	282	33	1
189	283	33	1
204	283	33	1
206	283	33	1
207	283	33	1
209	283	33	1
220	283	33	1
230	283	33	1
237	283	33	1
246	283	33	1
176	284	33	1
184	284	33	2
205	284	33	3
209	284	33	1
210	284	33	1
225	284	33	1
230	284	33	1
235	284	33	2
237	284	33	1
240	284	33	2
242	284	33	1
246	284	33	1
252	284	33	1
176	285	33	3
178	285	33	1
206	285	33	1
220	285	33	1
221	285	33	1
224	285	33	2
225	285	33	1
226	285	33	2
229	285	33	2
232	285	33	1
203	286	33	1
218	286	33	1
220	286	33	1
225	286	33	1
226	286	33	1
241.5	286.5	33.5	4
242	286	33	1
243	286	33	1
244	286	33	1
248	286	33	1
252	286	33	1
199	287	33	1
205	287	33	1
208	287	33	1
219	287	33	1
223	287	33	1
229	287	33	1
230	287	33	1
233	287	33	2
234	287	33	1
236	287	33	1
246	287	33	1
247	287	33	1
187	288	33	1
226	288	33	3
231	288	33	1
244	288	33	1
247	288	33	1
184	289	33	1
202	289	33	1
203	289	33	2
234	289	33	1
241.5	289.5	33.5	1
247	289	33	1
199	290	33	1
225	290	33	1
230	290	33	1
231	290	33	3
234	290	33	1
239	290	33	1
241	290	33	1
241	291	33	1
245	291	33	1
248	291	33	1
221	292	33	1
229	292	33	1
232	292	33	1
237	292	33	1
238	292	33	1
247	292	33	2
248	292	33	1
177	293	33	1
185	293	33	2
199	293	33	1
224	293	33	2
229	293	33	1
230	293	33	1
231	293	33	1
237	293	33	1
202	294	33	2
227	294	33	2
228	294	33	1
239	294	33	1
245	294	33	1
251	294	33	1
252	294	33	1
256	294	33	1
182	295	33	1
197	295	33	1
198	295	33	1
204	295	33	1
232	295	33	1
237	295	33	1
243	295	33	1
250	295	33	1
200	296	33	1
220	296	33	1
245	296	33	2
246	296	33	1
197	297	33	1
198	297	33	1
202	297	33	2
225	297	33	4
226	297	33	1
227	297	33	1
232	297	33	2
233	297	33	1
195	298	33	2
235	298	33	1
236	298	33	1
238	298	33	1
241	298	33	2
244	298	33	1
245	298	33	1
246	298	33	1
196	299	33	1
197	299	33	2
201	299	33	1
223	299	33	1
227	299	33	1
230	299	33	1
240	299	33	1
245	299	33	1
196	300	33	1
226	300	33	1
230	300	33	1
196	301	33	1
224	301	33	1
237	301	33	1
239	301	33	1
240	301	33	1
209	302	33	1
227	302	33	1
228	302	33	1
231	302	33	1
232	302	33	1
237	302	33	1
240	302	33	1
245	302	33	1
246	302	33	1
229	303	33	1
231	303	33	1
232	303	33	1
240	303	33	1
243	303	33	1
206	304	33	2
220	304	33	1
227	304	33	1
230	304	33	1
232	304	33	3
233	304	33	1
235	304	33	1
236	304	33	1
238	304	33	1
239	304	33	1
243	304	33	1
230	305	33	1
238	305	33	2
240	305	33	1
223	306	33	3
232	306	33	3
206	307	33	1
221	307	33	1
222	307	33	1
227	307	33	1
241	307	33	1
222	308	33	1
229	308	33	1
229	309	33	1
237	309	33	1
223	310	33	1
224	310	33	1
227	310	33	1
229	310	33	1
233	310	33	1
238	310	33	1
218	311	33	1
224	311	33	1
226	311	33	1
228	311	33	1
232	311	33	1
235	311	33	1
238	311	33	1
222	312	33	2
225	312	33	1
228	312	33	1
225	313	33	1
233	313	33	1
235	313	33	3
237	313	33	2
230	314	33	1
232	314	33	1
234	314	33	1
229	250	34	1
230	252	34	1
225	253	34	3
227	253	34	2
225	254	34	1
231	254	34	1
220	255	34	1
223	255	34	2
225	255	34	1
230	255	34	1
216	256	34	1
223	256	34	1
226	256	34	3
216	257	34	1
219	257	34	1
220	257	34	2
223	257	34	1
227	257	34	1
237	257	34	2
242	257	34	1
212	258	34	1
217	258	34	1
218	258	34	1
223	258	34	1
232	258	34	1
242	258	34	1
189	259	34	2
211	259	34	1
218	259	34	1
220	259	34	1
227	259	34	1
228	259	34	1
231	259	34	1
234	259	34	1
237	259	34	1
241	259	34	1
242	259	34	2
192	260	34	1
218	260	34	1
220	260	34	1
238	260	34	1
242	260	34	1
244	260	34	1
188	261	34	1
190	261	34	1
204	261	34	1
214	261	34	1
216	261	34	1
217	261	34	2
222	261	34	1
225	261	34	2
226	261	34	1
228	261	34	1
230	261	34	1
231	261	34	1
193	262	34	1
216	262	34	2
221	262	34	1
223	262	34	1
228	262	34	1
234	262	34	2
238	262	34	2
242	262	34	1
250	262	34	1
185	263	34	1
197	263	34	1
206	263	34	1
211	263	34	1
219	263	34	1
225	263	34	1
229	263	34	2
233	263	34	1
235	263	34	1
239	263	34	1
240	263	34	1
248	263	34	1
189	264	34	1
192	264	34	2
205	264	34	1
209	264	34	3
213	264	34	1
217	264	34	1
218	264	34	1
219	264	34	1
228	264	34	1
243	264	34	1
244	264	34	1
249	264	34	1
187	265	34	2
190	265	34	1
203	265	34	1
205	265	34	1
211	265	34	1
217	265	34	1
219	265	34	1
220	265	34	1
251	265	34	1
186	266	34	2
188	266	34	1
196	266	34	2
204	266	34	1
208	266	34	1
210	266	34	1
221	266	34	1
225	266	34	1
227	266	34	1
229	266	34	1
233	266	34	1
246	266	34	1
250	266	34	1
208	267	34	1
211	267	34	1
217	267	34	1
218	267	34	1
221	267	34	2
230	267	34	1
239	267	34	2
242	267	34	1
245	267	34	1
246	267	34	1
247	267	34	1
173	268	34	1
188	268	34	1
220	268	34	2
221	268	34	1
222	268	34	1
244	268	34	2
245	268	34	1
246	268	34	1
249	268	34	1
250	268	34	1
175	269	34	1
183	269	34	3
184	269	34	1
196	269	34	1
198	269	34	2
204	269	34	1
213	269	34	1
232	269	34	2
234	269	34	1
241	269	34	1
242	269	34	1
244	269	34	1
245	269	34	2
250	269	34	1
175	270	34	1
179	270	34	1
180	270	34	1
183	270	34	1
185	270	34	1
186	270	34	1
205	270	34	1
209	270	34	1
215	270	34	1
216	270	34	2
221	270	34	2
223	270	34	1
244	270	34	2
248	270	34	2
249	270	34	1
177	271	34	2
178	271	34	1
185	271	34	1
187	271	34	1
188	271	34	1
205	271	34	1
209	271	34	1
210	271	34	1
217	271	34	1
230	271	34	1
235	271	34	1
237	271	34	2
242	271	34	2
243	271	34	1
244	271	34	2
245	271	34	3
249	271	34	1
250	271	34	1
175	272	34	2
179	272	34	1
184	272	34	1
185	272	34	1
197	272	34	2
203	272	34	1
205	272	34	1
207	272	34	2
225	272	34	1
229	272	34	2
236	272	34	1
238	272	34	1
239	272	34	1
203	273	34	1
205	273	34	1
208	273	34	1
209	273	34	1
211	273	34	1
214	273	34	1
229	273	34	1
233	273	34	1
249	273	34	1
170	274	34	1
176	274	34	1
182	274	34	1
186	274	34	1
197	274	34	1
203	274	34	1
206	274	34	1
207	274	34	1
216	274	34	1
226	274	34	1
231	274	34	1
233	274	34	2
234	274	34	1
185	275	34	1
189	275	34	3
206	275	34	1
214	275	34	1
231	275	34	1
235	275	34	1
238	275	34	1
239	275	34	1
245	275	34	1
175	276	34	1
209	276	34	1
210	276	34	1
212	276	34	2
219	276	34	1
229	276	34	1
232	276	34	1
237	276	34	1
240	276	34	1
241	276	34	1
250	276	34	1
182	277	34	1
189	277	34	2
206	277	34	1
208	277	34	1
213	277	34	1
241	277	34	1
188	278	34	1
201	278	34	1
206	278	34	2
207	278	34	1
214	278	34	1
231	278	34	1
232	278	34	1
236	278	34	1
239	278	34	1
179	279	34	2
203	279	34	1
208	279	34	1
210	279	34	1
214	279	34	1
219	279	34	1
238	279	34	2
241	279	34	2
174	280	34	2
177	280	34	1
188	280	34	1
204	280	34	1
224	280	34	1
235	280	34	1
238	280	34	2
239	280	34	2
245	280	34	1
249	280	34	1
177	281	34	1
180	281	34	2
189	281	34	2
202	281	34	1
205	281	34	1
209	281	34	1
213	281	34	1
221	281	34	1
222	281	34	1
227	281	34	3
228	281	34	1
231	281	34	1
248	281	34	1
188	282	34	1
189	282	34	2
211	282	34	2
212	282	34	1
224	282	34	1
229	282	34	1
230	282	34	1
240	282	34	1
248	282	34	1
175	283	34	1
176	283	34	1
192	283	34	1
204	283	34	1
206	283	34	1
207	283	34	2
208	283	34	1
222	283	34	1
226	283	34	1
239	283	34	1
243	283	34	1
247	283	34	1
253	283	34	2
185	284	34	1
191	284	34	1
203	284	34	1
206	284	34	1
207	284	34	2
212	284	34	1
222	284	34	1
226	284	34	1
231	284	34	1
234	284	34	1
242	284	34	1
247	284	34	1
248	284	34	1
249	284	34	1
181	285	34	1
185	285	34	1
188	285	34	1
206	285	34	1
209	285	34	2
218	285	34	2
221	285	34	1
222	285	34	1
224	285	34	1
232	285	34	1
233	285	34	1
242	285	34	1
245	285	34	2
177	286	34	1
187	286	34	1
190	286	34	1
204	286	34	1
208	286	34	1
218	286	34	1
223	286	34	1
224	286	34	1
226	286	34	2
227	286	34	3
228	286	34	2
229	286	34	1
242	286	34	1
243	286	34	1
246	286	34	1
247	286	34	1
254	286	34	1
255	286	34	2
187	287	34	1
190	287	34	1
221	287	34	1
224	287	34	1
228	287	34	3
230	287	34	1
233	287	34	1
234	287	34	1
235	287	34	1
238	287	34	1
251	287	34	1
252	287	34	3
177	288	34	1
202	288	34	1
209	288	34	1
221	288	34	1
226	288	34	1
229	288	34	1
230	288	34	1
235	288	34	1
245	288	34	1
185	289	34	1
186	289	34	1
226	289	34	1
233	289	34	1
235	289	34	1
238	289	34	1
246	289	34	1
248	289	34	2
203	290	34	1
225	290	34	1
240	290	34	1
246	290	34	2
182	291	34	1
185	291	34	1
222	291	34	2
229	291	34	1
231	291	34	1
237	291	34	1
239	291	34	1
250	291	34	1
196	292	34	1
200	292	34	1
203	292	34	1
225	292	34	2
227	292	34	1
228	292	34	1
229	292	34	1
232	292	34	1
234	292	34	2
236	292	34	1
241	292	34	1
244	292	34	4
252	292	34	1
182	293	34	1
196	293	34	1
201	293	34	2
202	293	34	1
204	293	34	1
205	293	34	1
229	293	34	1
232	293	34	1
235	293	34	1
237	293	34	2
238	293	34	1
247	293	34	1
248	293	34	3
251	293	34	1
183	294	34	2
197	294	34	1
198	294	34	2
206	294	34	1
221	294	34	2
225	294	34	1
243	294	34	1
192	295	34	1
194	295	34	1
197	295	34	2
202	295	34	3
204	295	34	1
222	295	34	1
229	295	34	1
183	296	34	1
194	296	34	1
196	296	34	1
200	296	34	1
201	296	34	1
221	296	34	2
222	296	34	2
225	296	34	1
226	296	34	1
229	296	34	1
241	296	34	1
245	296	34	2
179	297	34	1
195	297	34	1
219	297	34	1
220	297	34	1
221	297	34	2
223	297	34	1
224	297	34	1
229	297	34	1
234	297	34	1
235	297	34	1
236	297	34	1
237	297	34	1
244	297	34	1
196	298	34	1
200	298	34	1
203	298	34	2
220	298	34	1
234	298	34	1
248	298	34	1
182	299	34	1
195	299	34	1
196	299	34	1
198	299	34	3
207	299	34	1
229	299	34	1
236	299	34	3
239	299	34	1
226	300	34	1
237	300	34	1
238	300	34	4
243	300	34	1
246	300	34	1
207	301	34	2
224	301	34	1
225	301	34	1
227	301	34	1
229	301	34	2
233	301	34	1
243	301	34	1
244	301	34	2
245	301	34	1
246	301	34	1
223	302	34	1
228	302	34	1
230	302	34	1
235	302	34	1
236	302	34	1
227	303	34	1
229	303	34	2
233	303	34	1
237	303	34	1
243	303	34	1
194	304	34	1
232	304	34	1
236	304	34	1
237	304	34	1
240	304	34	1
243	304	34	1
244	304	34	2
222	305	34	1
226	305	34	1
229	305	34	2
233	305	34	1
239	305	34	1
198	306	34	1
223	306	34	1
242	306	34	1
206	307	34	1
240	307	34	2
242	307	34	1
224	308	34	1
232	308	34	1
233	308	34	1
236	308	34	1
241	308	34	1
225	309	34	1
237	309	34	1
242	309	34	2
226	310	34	1
227	310	34	2
228	310	34	2
229	310	34	1
230	310	34	1
231	310	34	1
237	310	34	1
238	310	34	1
227	311	34	1
236	311	34	1
216	312	34	1
222	312	34	1
235	312	34	1
236	312	34	1
221	313	34	1
224	313	34	1
234	313	34	1
226	314	34	1
232	314	34	1
228	315	34	1
230	316	34	1
232	316	34	2
234	316	34	1
231	317	34	1
230	248	35	1
226	250	35	1
221	253	35	1
226	253	35	1
219	254	35	1
227	254	35	1
230	254	35	1
235	254	35	2
220	255	35	1
224	255	35	3
225	255	35	1
221	256	35	1
223	256	35	1
229	256	35	2
241	256	35	1
191	257	35	2
215	257	35	1
221	257	35	1
223	257	35	1
239	257	35	1
216	258	35	1
217	258	35	1
223	258	35	1
224	258	35	1
225	258	35	1
226	258	35	1
227	258	35	1
228	258	35	1
234	258	35	1
237	258	35	1
244	258	35	1
201	259	35	2
218	259	35	1
220	259	35	1
221	259	35	1
230	259	35	1
241	259	35	1
190	260	35	2
220	260	35	1
222	260	35	1
230	260	35	1
231	260	35	1
233	260	35	1
236	260	35	1
240	260	35	1
241	260	35	2
213	261	35	1
222	261	35	1
223	261	35	1
228	261	35	1
232	261	35	1
233	261	35	1
236	261	35	1
238	261	35	1
240	261	35	1
245	261	35	1
190	262	35	1
208	262	35	1
213	262	35	1
215	262	35	1
219	262	35	1
224	262	35	1
231	262	35	1
232	262	35	1
192	263	35	2
208	263	35	1
211	263	35	2
212	263	35	1
214	263	35	1
218	263	35	1
219	263	35	1
221	263	35	1
230	263	35	1
231	263	35	1
233	263	35	1
235	263	35	1
240	263	35	1
241	263	35	2
244	263	35	2
245	263	35	1
247	263	35	1
249	263	35	1
250	263	35	1
192	264	35	1
209	264	35	1
219	264	35	2
221	264	35	1
226	264	35	1
233	264	35	1
234	264	35	2
248	264	35	1
250	264	35	1
178	265	35	1
187	265	35	1
190	265	35	1
191	265	35	1
193	265	35	1
194	265	35	1
196	265	35	1
202	265	35	1
204	265	35	1
212	265	35	1
216	265	35	1
222	265	35	1
231	265	35	1
232	265	35	1
233	265	35	2
239	265	35	1
242	265	35	1
245	265	35	1
184	266	35	1
194	266	35	1
195	266	35	1
206	266	35	1
208	266	35	1
209	266	35	3
211	266	35	1
214	266	35	2
219	266	35	1
220	266	35	2
228	266	35	1
233	266	35	1
234	266	35	1
238	266	35	1
243	266	35	1
245	266	35	1
247	266	35	1
251	266	35	1
187	267	35	1
194	267	35	1
196	267	35	1
206	267	35	1
209	267	35	1
218	267	35	1
219	267	35	1
220	267	35	2
222	267	35	1
223	267	35	1
225	267	35	1
187	268	35	2
188	268	35	1
192	268	35	1
194	268	35	1
196	268	35	1
202	268	35	2
205	268	35	2
207	268	35	1
214	268	35	2
215	268	35	1
216	268	35	2
219	268	35	1
223	268	35	1
225	268	35	1
234	268	35	2
239	268	35	1
242	268	35	1
245	268	35	1
246	268	35	1
247	268	35	1
249	268	35	1
250	268	35	1
172	269	35	1
176	269	35	1
180	269	35	1
191	269	35	1
194	269	35	1
212	269	35	1
214	269	35	1
216	269	35	1
217	269	35	1
222	269	35	1
224	269	35	1
232	269	35	1
247	269	35	1
178	270	35	1
185	270	35	1
186	270	35	1
187	270	35	1
188	270	35	1
191	270	35	1
202	270	35	2
213	270	35	1
214	270	35	2
217	270	35	1
218	270	35	1
221	270	35	1
223	270	35	2
227	270	35	1
231	270	35	1
247	270	35	1
179	271	35	1
183	271	35	1
186	271	35	1
187	271	35	1
195	271	35	1
198	271	35	1
199	271	35	1
209	271	35	1
213	271	35	1
225	271	35	1
231	271	35	1
241	271	35	2
242	271	35	1
243	271	35	2
247	271	35	3
249	271	35	1
250	271	35	3
178	272	35	1
183	272	35	1
189	272	35	1
197	272	35	1
201	272	35	1
206	272	35	1
207	272	35	1
209	272	35	1
211	272	35	1
213	272	35	1
214	272	35	1
215	272	35	1
216	272	35	1
217	272	35	1
222	272	35	2
229	272	35	1
233	272	35	1
234	272	35	1
235	272	35	1
238	272	35	1
240	272	35	2
243	272	35	1
184	273	35	3
187	273	35	1
204	273	35	1
206	273	35	1
209	273	35	1
217	273	35	2
218	273	35	2
227	273	35	1
230	273	35	1
231	273	35	1
232	273	35	1
241	273	35	1
242	273	35	1
245	273	35	1
248	273	35	1
250	273	35	1
170	274	35	1
181	274	35	1
182	274	35	1
185	274	35	1
187	274	35	1
196	274	35	2
207	274	35	1
212	274	35	1
215	274	35	1
218	274	35	2
223	274	35	1
231	274	35	1
232	274	35	1
239	274	35	1
241	274	35	1
243	274	35	1
250	274	35	1
186	275	35	1
200	275	35	1
214	275	35	1
235	275	35	1
245	275	35	1
178	276	35	2
204	276	35	3
211	276	35	1
221	276	35	1
232	276	35	1
239	276	35	1
240	276	35	2
205	277	35	1
210	277	35	1
218	277	35	1
224	277	35	2
236	277	35	1
237	277	35	1
244	277	35	1
175	278	35	1
179	278	35	3
188	278	35	1
195	278	35	2
202	278	35	1
204	278	35	2
215	278	35	1
221	278	35	1
229	278	35	1
235	278	35	1
244	278	35	1
172	279	35	1
194	279	35	1
204	279	35	1
209	279	35	1
211	279	35	1
214	279	35	2
221	279	35	2
234	279	35	1
245	279	35	1
174	280	35	1
191	280	35	2
193	280	35	1
199	280	35	1
205	280	35	1
212	280	35	2
219	280	35	3
224	280	35	1
232	280	35	1
180	281	35	3
204	281	35	1
205	281	35	1
208	281	35	1
210	281	35	1
213	281	35	1
214	281	35	1
219	281	35	1
224	281	35	2
228	281	35	1
230	281	35	1
232	281	35	1
240	281	35	1
173	282	35	1
186	282	35	1
214	282	35	2
215	282	35	1
216	282	35	1
220	282	35	2
222	282	35	1
223	282	35	1
242	282	35	1
173	283	35	1
181	283	35	1
190	283	35	2
191	283	35	1
212	283	35	1
214	283	35	1
216	283	35	1
218	283	35	1
227	283	35	1
229	283	35	1
243	283	35	1
245	283	35	1
250	283	35	1
177	284	35	2
185	284	35	2
188	284	35	1
204	284	35	1
207	284	35	1
209	284	35	1
216	284	35	1
224	284	35	1
236	284	35	1
246	284	35	1
248	284	35	1
188	285	35	1
200	285	35	1
201	285	35	1
209	285	35	1
224	285	35	1
231	285	35	1
248	285	35	1
250	285	35	3
185	286	35	1
188	286	35	1
199	286	35	1
201	286	35	2
205	286	35	1
209	286	35	1
211	286	35	1
225	286	35	1
227	286	35	1
229	286	35	1
231	286	35	2
249	286	35	2
174	287	35	1
175	287	35	3
182	287	35	1
185	287	35	1
187	287	35	1
189	287	35	1
204	287	35	1
208	287	35	1
226	287	35	1
239	287	35	1
247	287	35	1
183	288	35	1
185	288	35	1
186	288	35	2
187	288	35	1
188	288	35	1
190	288	35	1
194	288	35	1
200	288	35	1
201	288	35	1
204	288	35	1
220	288	35	1
237	288	35	1
245	288	35	1
246	288	35	1
247	288	35	2
174	289	35	1
176	289	35	2
177	289	35	1
184	289	35	1
188	289	35	1
222	289	35	2
225	289	35	2
230	289	35	1
236	289	35	1
238	289	35	1
245	289	35	1
250	289	35	1
185	290	35	1
186	290	35	2
201	290	35	1
222	290	35	1
234	290	35	1
235	290	35	2
241	290	35	2
242	290	35	1
248	290	35	1
179	291	35	1
191	291	35	1
194	291	35	1
196	291	35	1
200	291	35	1
204	291	35	1
206	291	35	2
222	291	35	1
224	291	35	1
225	291	35	1
231	291	35	1
234	291	35	1
241	291	35	1
242	291	35	1
244	291	35	1
198	292	35	1
220	292	35	1
222	292	35	1
226	292	35	1
245	292	35	1
247	292	35	1
248	292	35	1
181	293	35	1
185	293	35	1
197	293	35	1
201	293	35	1
206	293	35	2
222	293	35	1
230	293	35	1
183	294	35	1
185	294	35	1
221	294	35	1
223	294	35	1
224	294	35	1
225	294	35	1
228	294	35	1
236	294	35	1
241	294	35	1
244	294	35	1
181	295	35	2
193	295	35	1
194	295	35	1
197	295	35	1
218	295	35	1
225	295	35	2
240	295	35	1
242	295	35	1
244	295	35	1
247	295	35	3
248	295	35	1
177	296	35	2
181	296	35	1
182	296	35	1
195	296	35	1
196	296	35	1
198	296	35	3
199	296	35	1
202	296	35	1
221	296	35	1
236	296	35	1
241	296	35	1
245	296	35	1
198	297	35	1
200	297	35	1
202	297	35	1
227	297	35	2
229	297	35	2
230	297	35	1
232	297	35	2
235	297	35	1
247	297	35	2
194	298	35	1
198	298	35	1
219	298	35	1
220	298	35	1
223	298	35	1
239	298	35	1
241	298	35	1
200	299	35	1
202	299	35	1
227	299	35	2
235	299	35	2
239	299	35	1
241	299	35	1
194	300	35	1
197	300	35	2
227	300	35	1
239	300	35	2
198	301	35	3
233	301	35	1
237	301	35	2
238	301	35	1
239	301	35	1
242	301	35	1
243	301	35	1
199	302	35	1
228	302	35	1
230	302	35	1
239	302	35	1
244	302	35	1
223	303	35	2
230	303	35	1
242	303	35	1
243	303	35	1
227	304	35	1
233	304	35	1
222	305	35	1
225	305	35	1
227	305	35	1
230	305	35	1
234	305	35	1
237	305	35	1
238	305	35	1
220	306	35	2
222	306	35	1
223	306	35	1
236	306	35	2
239	306	35	1
198	307	35	1
222	307	35	1
223	307	35	1
225	307	35	1
226	307	35	1
227	307	35	2
234	307	35	1
239	307	35	1
241	307	35	1
242	307	35	2
206	308	35	1
220	308	35	1
221	308	35	1
222	308	35	1
226	308	35	2
229	308	35	1
232	308	35	1
237	308	35	1
238	309	35	2
242	309	35	1
219	310	35	1
225	310	35	1
230	310	35	1
234	310	35	1
236	310	35	2
220	311	35	1
229	311	35	1
240	311	35	1
217	312	35	1
236	312	35	1
237	312	35	1
226	313	35	1
230	313	35	1
234	313	35	1
235	313	35	1
228	314	35	1
235	314	35	1
226	315	35	1
234	315	35	1
240	315	35	1
232	316	35	2
234	316	35	1
230	317	35	1
233	317	35	2
234	317	35	1
235	317	35	1
237	317	35	2
239	317	35	1
212	318	35	1
231	318	35	1
224	253	36	1
218	256	36	1
225	256	36	1
217	257	36	2
218	257	36	1
225	257	36	1
228	257	36	1
221	258	36	1
226	258	36	1
218	259	36	1
220	259	36	1
221	259	36	1
223	259	36	1
224	259	36	1
230	259	36	1
232	259	36	2
217	260	36	2
229	260	36	1
232	260	36	2
217	261	36	1
218	261	36	1
220	261	36	1
224	261	36	1
227	261	36	2
228	261	36	1
232	261	36	1
238	261	36	1
242	261	36	2
246	261	36	1
190	262	36	1
217	262	36	3
228	262	36	1
230	262	36	1
232	262	36	1
245	262	36	1
218	263	36	1
221	263	36	1
222	263	36	1
233	263	36	1
236	263	36	1
240	263	36	1
245	263	36	1
209	264	36	1
212	264	36	1
213	264	36	1
214	264	36	1
215	264	36	1
217	264	36	2
218	264	36	1
220	264	36	1
223	264	36	1
225	264	36	1
226	264	36	4
230	264	36	3
232	264	36	1
238	264	36	3
239	264	36	1
243	264	36	1
246	264	36	2
249	264	36	1
191	265	36	1
194	265	36	1
196	265	36	1
208	265	36	1
209	265	36	1
215	265	36	1
234	265	36	1
240	265	36	1
243	265	36	1
246	265	36	1
195	266	36	1
208	266	36	2
211	266	36	1
215	266	36	1
220	266	36	3
221	266	36	1
229	266	36	1
230	266	36	1
231	266	36	2
238	266	36	1
241	266	36	1
244	266	36	1
195	267	36	1
196	267	36	1
229	267	36	1
232	267	36	2
242	267	36	1
188	268	36	1
191	268	36	1
193	268	36	1
194	268	36	1
205	268	36	1
209	268	36	2
222	268	36	1
237	268	36	3
243	268	36	1
250	268	36	1
191	269	36	1
214	269	36	1
215	269	36	1
216	269	36	1
229	269	36	1
240	269	36	1
196	270	36	1
203	270	36	1
216	270	36	1
237	270	36	1
176	271	36	1
192	271	36	1
193	271	36	1
208	271	36	1
211	271	36	2
216	271	36	1
217	271	36	1
218	271	36	1
220	271	36	1
238	271	36	1
177	272	36	1
193	272	36	1
197	272	36	1
207	272	36	1
213	272	36	1
235	272	36	2
239	272	36	1
240	272	36	1
191	273	36	1
198	273	36	1
208	273	36	1
210	273	36	1
212	273	36	1
216	273	36	2
185	274	36	1
188	274	36	1
217	274	36	2
239	274	36	1
175	275	36	1
184	275	36	1
212	275	36	1
219	275	36	1
204	276	36	1
213	276	36	1
214	276	36	1
220	276	36	1
228	276	36	1
237	276	36	1
189	277	36	1
204	277	36	3
205	277	36	1
209	277	36	1
210	277	36	1
213	277	36	1
220	277	36	1
234	277	36	1
204	278	36	1
207	278	36	3
214	278	36	1
223	278	36	1
234	278	36	1
239	278	36	1
179	279	36	1
187	279	36	1
192	279	36	1
204	279	36	1
206	279	36	1
208	279	36	1
209	279	36	1
220	279	36	1
180	280	36	1
207	280	36	1
208	280	36	1
209	280	36	1
213	280	36	1
223	280	36	2
226	280	36	1
232	280	36	1
176	281	36	1
179	281	36	1
200	281	36	2
206	281	36	2
209	281	36	1
213	281	36	1
223	281	36	1
224	281	36	1
229	281	36	1
175	282	36	1
189	282	36	1
205	282	36	1
213	282	36	2
220	282	36	1
231	282	36	1
187	283	36	1
204	283	36	2
205	283	36	2
209	283	36	1
210	283	36	1
214	283	36	1
215	283	36	1
216	283	36	1
225	283	36	1
227	283	36	1
241	283	36	1
176	284	36	1
187	284	36	1
202	284	36	1
203	284	36	1
205	284	36	1
208	284	36	2
211	284	36	1
213	284	36	1
214	284	36	2
219	284	36	1
225	284	36	2
231	284	36	1
232	284	36	1
233	284	36	1
239	284	36	1
200	285	36	2
215	285	36	1
217	285	36	1
218	285	36	2
226	285	36	2
231	285	36	1
233	285	36	1
238	285	36	1
245	285	36	1
188	286	36	1
193	286	36	1
201	286	36	1
202	286	36	1
203	286	36	1
205	286	36	1
213	286	36	1
229	286	36	1
234	286	36	2
235	286	36	1
243	286	36	1
177	287	36	1
199	287	36	1
201	287	36	2
220	287	36	1
222	287	36	2
224	287	36	1
228	287	36	1
233	287	36	1
240	287	36	1
243	287	36	1
246	287	36	2
248	287	36	1
186	288	36	1
204	288	36	1
219	288	36	1
220	288	36	1
224	288	36	1
238	288	36	2
244	288	36	1
245	288	36	1
203	289	36	1
219	289	36	1
231	289	36	1
233	289	36	1
234	289	36	1
237	289	36	1
201	290	36	1
220	290	36	2
222	290	36	1
236	290	36	1
237	290	36	1
239	290	36	1
243	290	36	1
186	291	36	1
195	291	36	1
197	291	36	1
202	291	36	1
224	291	36	1
233	291	36	1
237	291	36	1
240	291	36	2
244	291	36	1
245	291	36	1
194	292	36	1
196	292	36	1
200	292	36	1
207	292	36	1
220	292	36	1
223	292	36	1
224	292	36	1
225	292	36	1
227	292	36	1
237	292	36	3
242	292	36	1
244	292	36	1
188	293	36	1
195	293	36	1
197	293	36	2
200	293	36	1
206	293	36	1
207	293	36	1
222	293	36	1
224	293	36	2
227	293	36	1
232	293	36	1
236	293	36	1
239	293	36	1
182	294	36	1
187	294	36	2
188	294	36	1
201	294	36	1
230	294	36	1
231	294	36	1
233	294	36	1
235	294	36	2
237	294	36	1
197	295	36	1
207	295	36	1
230	295	36	2
231	295	36	2
236	295	36	1
237	295	36	1
238	295	36	1
239	295	36	1
240	295	36	1
245	295	36	1
196	296	36	1
205	296	36	1
230	296	36	1
234	296	36	1
237	296	36	3
244	296	36	1
245	296	36	1
195	297	36	2
198	297	36	1
201	297	36	1
219	297	36	1
230	297	36	1
234	297	36	1
245	297	36	2
199	298	36	1
202	298	36	2
203	298	36	1
233	298	36	1
234	298	36	1
240	298	36	1
241	298	36	1
244	298	36	1
245	298	36	1
199	299	36	1
228	299	36	1
232	299	36	1
233	299	36	1
236	299	36	1
237	299	36	1
239	299	36	2
240	299	36	1
241	299	36	2
225	300	36	1
233	300	36	1
240	300	36	2
245	300	36	1
198	301	36	1
227	301	36	2
228	301	36	1
229	301	36	1
232	301	36	1
233	301	36	1
235	302	36	1
237	302	36	1
232	303	36	1
233	303	36	2
236	303	36	1
241	303	36	2
223	304	36	1
230	304	36	1
235	304	36	2
225	305	36	1
226	305	36	1
228	305	36	2
226	306	36	1
239	306	36	1
223	307	36	1
224	307	36	1
226	307	36	1
235	307	36	1
237	308	36	1
243	308	36	1
220	309	36	1
223	309	36	2
234	309	36	1
236	309	36	1
216	310	36	1
223	310	36	1
243	310	36	1
213	311	36	2
215	311	36	1
223	311	36	2
231	311	36	1
232	311	36	1
235	311	36	1
218	312	36	1
220	312	36	1
230	312	36	1
231	312	36	1
232	312	36	1
233	312	36	1
236	312	36	1
217	313	36	1
225	313	36	2
229	313	36	1
230	313	36	1
232	313	36	1
235	313	36	1
236	313	36	1
230	314	36	1
232	314	36	1
238	314	36	2
214	315	36	1
228	315	36	2
236	315	36	1
242	315	36	2
243	315	36	1
231	316	36	1
238	316	36	1
240	316	36	1
235	317	36	1
236	317	36	1
230	318	36	1
233	318	36	1
236	318	36	1
238	319	36	3
226	259	37	1
230	259	37	1
224	260	37	1
226	260	37	1
227	260	37	2
234	260	37	1
217	261	37	3
226	261	37	2
227	261	37	1
224	262	37	1
227	262	37	1
189	264	37	2
224	264	37	1
236	264	37	1
237	264	37	2
215	265	37	1
228	265	37	1
232	265	37	1
194	266	37	1
212	266	37	2
215	266	37	1
243	266	37	1
188	267	37	1
189	267	37	1
193	267	37	2
211	267	37	1
214	267	37	1
219	267	37	1
229	267	37	1
238	267	37	1
188	268	37	2
189	268	37	1
215	268	37	1
238	268	37	1
193	269	37	1
194	269	37	1
204	269	37	1
239	269	37	1
190	270	37	1
194	270	37	1
212	270	37	1
220	270	37	1
221	270	37	1
238	270	37	1
195	271	37	1
213	271	37	1
219	271	37	2
196	272	37	1
215	272	37	2
216	272	37	1
212	273	37	1
215	273	37	1
219	273	37	1
208	274	37	1
212	274	37	1
215	274	37	2
216	274	37	1
206	275	37	1
207	275	37	1
211	275	37	1
207	276	37	1
208	276	37	1
214	276	37	2
219	276	37	1
217	277	37	1
191	279	37	1
210	279	37	1
214	279	37	1
217	279	37	1
208	280	37	1
210	280	37	1
189	281	37	1
210	281	37	1
212	281	37	1
189	282	37	3
192	282	37	1
211	282	37	1
219	282	37	1
215	283	37	1
202	284	37	1
203	284	37	1
186	285	37	1
201	285	37	1
204	285	37	2
210	285	37	1
233	285	37	2
237	285	37	1
239	285	37	1
241	285	37	1
189	286	37	2
200	286	37	1
202	286	37	1
204	286	37	1
215	286	37	1
216	286	37	1
230	286	37	1
239	286	37	1
187	287	37	1
193	287	37	1
194	287	37	1
202	287	37	1
204	287	37	1
221	287	37	1
222	287	37	1
231	287	37	1
233	287	37	1
238	287	37	1
248	287	37	2
186	288	37	2
194	288	37	3
195	288	37	1
201	288	37	2
202	288	37	2
204	288	37	1
233	288	37	1
236	288	37	1
191	289	37	1
195	289	37	1
201	289	37	2
208	289	37	4
219	289	37	1
234	289	37	1
199	290	37	1
204	290	37	1
206	290	37	1
232	290	37	1
233	290	37	1
237	290	37	1
203	291	37	2
204	291	37	1
221	291	37	1
200	292	37	1
201	292	37	1
208	292	37	1
238	292	37	2
185	293	37	1
190	293	37	3
199	293	37	1
205	293	37	1
206	293	37	1
223	293	37	1
225	293	37	1
230	293	37	1
239	293	37	1
190	294	37	2
225	294	37	2
232	294	37	1
234	294	37	1
235	294	37	1
237	294	37	1
232	295	37	1
235	295	37	1
241	295	37	1
201	296	37	2
205	296	37	1
215	296	37	1
222	296	37	1
223	296	37	1
229	296	37	1
240	296	37	2
242	296	37	2
245	296	37	2
196	297	37	1
204	297	37	2
218	297	37	1
230	297	37	1
234	297	37	2
241	297	37	1
199	298	37	2
230	298	37	1
243	298	37	2
245	298	37	1
231	299	37	1
241	299	37	1
229	300	37	1
230	300	37	1
232	300	37	1
235	300	37	1
230	301	37	1
233	302	37	1
236	302	37	2
244	302	37	1
230	303	37	1
227	305	37	1
228	305	37	1
229	305	37	1
224	306	37	2
198	307	37	2
241	307	37	1
243	307	37	1
240	308	37	1
243	308	37	1
228	310	37	1
214	311	37	1
222	311	37	1
225	311	37	2
232	311	37	3
217	312	37	1
218	312	37	1
227	312	37	1
231	312	37	1
235	312	37	1
240	312	37	1
216	313	37	1
227	313	37	1
237	313	37	1
228	314	37	1
229	314	37	1
230	314	37	1
235	314	37	1
236	314	37	1
227	315	37	2
230	315	37	3
236	316	37	1
241	316	37	1
230	317	37	1
238	317	37	1
240	318	37	2
226	259	38	2
227	262	38	1
229	263	38	2
232	263	38	1
223	264	38	1
230	265	38	1
189	266	38	1
217	266	38	2
187	269	38	2
209	269	38	2
218	269	38	1
240	269	38	1
192	270	38	1
193	270	38	2
211	270	38	1
217	270	38	1
188	271	38	1
216	271	38	1
193	272	38	1
236	272	38	2
201	273	38	1
214	273	38	2
209	274	38	1
216	274	38	1
218	274	38	1
240	274	38	1
189	275	38	1
191	276	38	1
210	276	38	1
211	276	38	1
213	276	38	1
214	276	38	1
206	277	38	1
207	277	38	1
211	277	38	1
212	277	38	1
220	277	38	1
209	278	38	1
214	278	38	1
208	279	38	2
212	279	38	1
217	279	38	1
220	279	38	1
215	280	38	1
190	281	38	1
193	281	38	1
208	281	38	1
193	282	38	1
210	282	38	1
211	282	38	1
215	282	38	1
222	282	38	2
189	283	38	1
214	283	38	1
216	283	38	1
229	283	38	2
188	284	38	1
193	284	38	1
196	284	38	1
214	284	38	1
216	284	38	1
195	285	38	2
208	285	38	1
212	285	38	1
215	285	38	1
196	286	38	2
198	286	38	1
204	286	38	1
206	286	38	1
211	286	38	1
218	286	38	2
219	286	38	1
221	286	38	2
230	286	38	1
232	286	38	1
188	287	38	1
198	287	38	1
204	287	38	1
230	287	38	1
238	287	38	1
205	288	38	1
206	288	38	3
218	288	38	1
224	288	38	1
189	289	38	1
195	289	38	1
200	289	38	1
208	289	38	2
215	289	38	1
219	289	38	1
191	290	38	2
198	290	38	1
203	290	38	1
209	290	38	2
218	290	38	3
224	290	38	1
237	290	38	1
238	290	38	1
191	291	38	1
200	291	38	1
203	291	38	2
206	291	38	2
207	291	38	1
210	291	38	1
211	291	38	1
214	291	38	1
234	291	38	1
238	291	38	1
189	292	38	1
192	292	38	1
197	292	38	1
207	292	38	1
211	292	38	1
220	292	38	1
197	293	38	1
202	293	38	1
205	293	38	1
218	293	38	1
220	293	38	1
229	293	38	1
231	293	38	1
237	293	38	1
239	293	38	1
240	293	38	1
199	294	38	1
206	294	38	1
211	294	38	1
217	294	38	2
225	294	38	1
226	294	38	1
234	294	38	1
237	294	38	1
242	294	38	1
207	295	38	1
221	295	38	1
227	295	38	1
230	295	38	2
232	295	38	1
234	295	38	2
241	295	38	1
205	296	38	1
206	296	38	1
221	296	38	1
228	296	38	3
234	296	38	1
235	296	38	1
241	296	38	2
201	297	38	2
205	297	38	1
220	297	38	1
226	297	38	1
229	297	38	1
233	297	38	1
240	297	38	1
241	297	38	1
192	298	38	1
215	298	38	1
228	298	38	2
230	298	38	1
233	298	38	1
240	298	38	1
243	298	38	2
196	299	38	1
227	299	38	1
231	299	38	1
236	299	38	2
240	299	38	1
244	299	38	1
234	300	38	1
242	300	38	1
228	301	38	1
229	301	38	1
235	301	38	2
238	301	38	2
227	302	38	1
232	302	38	1
235	302	38	1
239	302	38	1
227	303	38	1
233	303	38	1
227	304	38	1
232	304	38	1
233	304	38	1
237	304	38	2
243	304	38	1
229	305	38	1
245	305	38	1
246	306	38	1
223	307	38	1
224	307	38	2
225	307	38	1
239	307	38	1
246	307	38	1
223	308	38	1
229	308	38	1
240	308	38	1
241	308	38	1
222	309	38	2
229	309	38	1
242	309	38	2
244	309	38	1
217	310	38	2
225	310	38	1
226	310	38	1
230	310	38	1
232	310	38	1
236	310	38	1
213	311	38	1
214	311	38	2
217	311	38	2
221	311	38	2
222	311	38	2
227	311	38	1
235	311	38	2
223	312	38	1
230	312	38	1
234	312	38	2
240	312	38	1
221	313	38	1
228	313	38	3
240	313	38	1
241	313	38	1
244	313	38	1
200	314	38	2
219	314	38	1
230	314	38	1
236	314	38	1
213	315	38	1
223	315	38	1
229	315	38	1
230	315	38	1
235	315	38	1
239	315	38	1
243	315	38	1
228	316	38	1
236	316	38	1
239	316	38	1
242	316	38	2
211	317	38	1
214	317	38	1
221	317	38	1
226	317	38	2
227	317	38	1
236	317	38	1
238	317	38	1
212	318	38	1
231	318	38	1
233	318	38	1
235	318	38	1
237	318	38	1
240	318	38	2
241	318	38	1
231	319	38	1
234	319	38	1
237	319	38	1
229	320	38	1
230	320	38	1
231	320	38	2
212	321	38	2
221	321	38	1
231	321	38	1
219	323	38	2
215	265	39	2
237	265	39	1
217	268	39	1
195	270	39	2
216	270	39	2
215	273	39	1
216	275	39	1
218	276	39	1
214	277	39	1
201	278	39	1
210	278	39	1
214	278	39	1
220	278	39	2
212	279	39	1
215	280	39	1
218	280	39	1
212	282	39	1
215	282	39	1
226	282	39	1
191	283	39	1
196	283	39	1
215	283	39	1
200	284	39	2
207	284	39	2
216	284	39	1
187	286	39	2
193	286	39	1
199	286	39	1
221	286	39	1
233	286	39	1
190	287	39	1
196	287	39	1
239	287	39	2
193	288	39	1
205	288	39	5
206	288	39	1
224	288	39	1
190	289	39	2
191	289	39	1
211	289	39	1
186	290	39	1
188	290	39	1
197	290	39	1
199	291	39	1
204	291	39	2
206	291	39	1
222	291	39	1
197	292	39	1
199	292	39	1
208	292	39	1
221	292	39	1
226	292	39	2
230	292	39	1
234	292	39	1
200	293	39	2
209	293	39	1
224	293	39	1
225	293	39	2
240	293	39	1
205	294	39	1
206	294	39	1
221	294	39	1
236	294	39	2
237	294	39	1
238	294	39	1
240	294	39	1
204	295	39	1
207	295	39	2
216	295	39	1
226	295	39	1
229	295	39	1
234	295	39	2
238	295	39	1
202	296	39	1
205	296	39	1
213	296	39	1
215	296	39	2
219	296	39	1
220	296	39	1
223	296	39	1
235	296	39	1
236	296	39	1
194	297	39	1
195	297	39	1
196	297	39	1
197	297	39	1
198	297	39	1
204	297	39	2
216	297	39	1
236	297	39	1
240	297	39	2
243	297	39	1
200	298	39	1
202	298	39	2
203	298	39	1
213	298	39	2
219	298	39	1
229	298	39	1
222	299	39	1
239	299	39	1
227	300	39	1
229	300	39	1
232	300	39	1
235	300	39	2
228	301	39	2
229	301	39	1
228	302	39	1
231	302	39	1
230	303	39	1
231	303	39	1
239	303	39	1
227	304	39	1
230	304	39	1
235	304	39	1
223	305	39	1
224	305	39	1
226	305	39	1
227	305	39	1
229	305	39	2
211	306	39	1
224	306	39	1
227	306	39	1
235	306	39	1
239	306	39	2
241	306	39	1
242	306	39	1
213	307	39	2
214	307	39	2
226	307	39	1
229	307	39	3
221	308	39	1
225	308	39	1
226	308	39	1
229	308	39	1
233	308	39	1
240	308	39	1
241	308	39	1
218	309	39	1
221	309	39	1
224	309	39	1
227	309	39	3
228	309	39	1
232	309	39	1
234	309	39	2
235	309	39	1
239	309	39	2
242	309	39	1
198	310	39	2
217	310	39	1
218	310	39	1
226	310	39	1
234	310	39	3
211	311	39	1
219	311	39	1
220	311	39	1
233	311	39	1
235	311	39	2
246	311	39	1
211	312	39	1
229	312	39	1
241	312	39	2
244	312	39	1
218	313	39	1
220	313	39	1
221	313	39	1
224	313	39	1
225	313	39	1
230	313	39	2
239	313	39	1
241	313	39	1
217	314	39	1
220	314	39	1
227	314	39	1
234	314	39	1
236	314	39	1
237	314	39	1
239	314	39	2
240	314	39	1
241	314	39	2
217	315	39	1
220	315	39	2
225	315	39	1
230	315	39	1
239	315	39	1
243	315	39	1
233	316	39	1
244	316	39	1
211	317	39	1
225	317	39	1
237	318	39	2
230	319	39	1
229	320	39	1
230	320	39	1
218	321	39	1
229	321	39	1
233	321	39	1
234	321	39	1
211	324	39	1
208	327	39	1
197	328	39	2
214	274	40	1
201	278	40	1
192	283	40	1
195	284	40	1
191	285	40	1
204	285	40	1
196	286	40	1
206	288	40	1
210	288	40	1
211	290	40	1
218	290	40	1
192	291	40	1
196	291	40	2
206	291	40	1
192	292	40	1
193	292	40	1
206	292	40	1
208	292	40	1
209	292	40	1
221	292	40	1
227	292	40	1
235	292	40	1
197	293	40	1
214	293	40	1
207	294	40	1
209	294	40	1
210	294	40	1
221	294	40	1
225	294	40	1
227	294	40	2
198	296	40	3
211	296	40	1
236	296	40	1
240	296	40	1
215	297	40	1
212	298	40	1
216	298	40	2
225	298	40	1
229	298	40	2
234	298	40	1
225	299	40	2
230	299	40	1
236	299	40	1
237	299	40	1
242	299	40	1
237	300	40	2
237	301	40	1
219	302	40	1
243	302	40	1
241	303	40	1
235	304	40	2
245	304	40	1
230	305	40	1
234	305	40	1
214	306	40	1
226	306	40	2
230	306	40	1
239	306	40	1
241	306	40	1
194	307	40	1
215	307	40	1
227	307	40	3
243	307	40	1
223	308	40	1
224	308	40	1
225	308	40	1
233	308	40	1
220	309	40	2
224	309	40	1
227	309	40	1
233	309	40	1
224	310	40	1
231	310	40	1
234	310	40	1
239	310	40	2
241	310	40	2
228	311	40	1
231	311	40	1
241	311	40	2
242	311	40	2
218	312	40	1
221	312	40	2
229	312	40	1
235	312	40	1
241	312	40	1
243	312	40	1
213	313	40	1
217	313	40	1
221	313	40	1
223	313	40	1
235	313	40	3
217	314	40	1
219	314	40	1
220	314	40	1
217	315	40	1
219	315	40	1
241	315	40	2
245	315	40	1
216	316	40	1
220	316	40	1
221	316	40	1
240	316	40	1
242	316	40	1
243	316	40	1
221	317	40	1
226	317	40	1
236	317	40	1
242	317	40	1
220	318	40	1
246	318	40	1
218	319	40	1
219	319	40	1
238	319	40	1
239	319	40	2
243	319	40	1
223	320	40	1
225	320	40	1
230	320	40	1
241	320	40	2
230	322	40	1
233	322	40	1
228	323	40	1
212	324	40	1
212	325	40	2
208	330	40	1
197	282	41	1
195	294	41	1
210	294	41	1
199	296	41	1
222	303	41	1
228	304	41	2
223	305	41	1
224	305	41	2
228	305	41	1
227	306	41	3
228	306	41	2
227	307	41	1
220	308	41	1
229	308	41	1
243	308	41	2
196	309	41	2
219	310	41	1
220	310	41	1
224	310	41	1
231	310	41	1
240	310	41	1
220	311	41	1
236	311	41	1
221	312	41	1
232	314	41	2
235	314	41	1
249	314	41	1
230	315	41	1
243	315	41	1
237	316	41	1
243	316	41	2
217	318	41	1
219	318	41	1
243	318	41	1
230	319	41	1
242	319	41	1
245	319	41	1
231	320	41	1
231	321	41	2
231	322	41	1
228	323	41	2
215	297	42	1
221	301	42	1
214	305	42	1
232	306	42	1
239	306	42	1
226	307	42	1
242	309	42	2
221	310	42	1
222	310	42	2
220	311	42	1
222	311	42	1
223	311	42	1
238	311	42	2
239	311	42	2
218	312	42	2
221	312	42	1
241	312	42	1
243	312	42	1
244	312	42	1
221	313	42	1
222	313	42	1
223	313	42	2
226	313	42	1
219	315	42	1
220	315	42	1
221	315	42	1
222	315	42	1
230	315	42	1
241	315	42	1
228	316	42	1
240	316	42	1
241	316	42	1
242	316	42	1
218	317	42	2
238	317	42	1
226	319	42	2
227	319	42	1
230	319	42	1
231	320	42	1
229	321	42	1
230	321	42	1
228	305	43	1
221	307	43	1
211	308	43	1
220	309	43	1
217	310	43	1
219	310	43	1
219	311	43	2
238	311	43	1
239	311	43	1
241	311	43	1
219	312	43	2
220	312	43	1
229	315	43	1
230	315	43	1
218	318	43	1
227	319	43	1
229	321	43	1
219	306	44	2
220	309	44	1
243	312	44	1
219	313	44	1
229	313	44	1
237	314	44	2
220	315	44	2
238	315	44	1
227	317	44	1
242	317	44	1
230	318	44	1
243	318	44	1
228	320	44	1
231	320	44	1
222	317	45	1
132	221	20	1
142	222	20	2
133	224	20	1
134	224	20	1
175	224	20	1
157	225	20	1
172	226	20	1
196	228	20	1
197	228	20	1
160	229	20	1
190	230	20	1
113	231	20	1
116	231	20	1
149	231	20	1
169	233	20	1
136	235	20	2
216	235	20	1
159	236	20	1
173	237	20	1
248	237	20	1
141	238	20	1
141	239	20	1
142	239	20	1
151	239	20	1
215	239	20	1
131	240	20	1
132	240	20	1
146	240	20	1
239	240	20	1
145	241	20	1
237	241	20	1
136	242	20	1
185	242	20	1
201	243	20	1
213	243	20	1
118	244	20	1
155	244	20	1
213	244	20	1
169	245	20	1
122	246	20	1
130	246	20	1
149	246	20	1
246	246	20	1
102	247	20	1
140	247	20	2
248	247	20	1
109	248	20	1
111	254	20	1
143	255	20	1
198	255	20	2
214	255	20	1
161	256	20	1
166	256	20	1
162	257	20	1
175	257	20	1
177	257	20	1
255	257	20	1
176	258	20	1
136	259	20	1
252	259	20	1
127	260	20	1
157	260	20	1
207	261	20	1
231	261	20	1
163	263	20	3
207	263	20	1
136	264	20	1
146	264	20	1
163	264	20	1
249	264	20	1
236	265	20	1
113	266	20	1
136	266	20	1
179	266	20	2
118	267	20	1
266	267	20	1
145	268	20	1
118	269	20	1
149	269	20	1
155	269	20	1
100	270	20	1
115	270	20	1
166	270	20	1
177	270	20	2
210	270	20	1
217	270	20	1
162	271	20	1
163	271	20	1
164	271	20	1
167	271	20	1
173	271	20	1
268	271	20	1
116	272	20	1
162	272	20	1
166	272	20	1
170	272	20	1
119	273	20	1
201	273	20	1
211	273	20	1
220	273	20	1
159	274	20	1
174	274	20	1
131	275	20	1
134	275	20	1
147	275	20	1
169	275	20	1
177	275	20	2
236	275	20	1
110	276	20	1
180	276	20	2
154	277	20	1
260	277	20	1
129	278	20	1
137	278	20	1
175	279	20	1
200	279	20	1
166	280	20	1
227	281	20	1
261	281	20	1
271	283	20	1
109	285	20	1
202	285	20	1
129	286	20	1
218	286	20	1
220	287	20	2
126	288	20	1
218	288	20	1
164	289	20	2
201	289	20	1
217	289	20	1
143	290	20	1
268	292	20	1
133	293	20	1
134	293	20	1
219	293	20	1
161	294	20	1
214	294	20	1
189	295	20	1
145	296	20	1
196	296	20	1
202	296	20	1
256	297	20	1
203	298	20	1
230	298	20	1
207	299	20	1
235	299	20	1
232	300	20	1
233	301	20	1
250	301	20	1
116	302	20	1
101	303	20	1
234	304	20	1
136	306	20	1
191	306	20	1
200	306	20	1
236	306	20	1
124	307	20	2
201	308	20	1
205	308	20	1
260	308	20	1
124	309	20	1
224	309	20	2
152	311	20	1
200	311	20	1
201	311	20	1
168	312	20	1
174	313	20	1
197	313	20	1
201	313	20	1
241	313	20	1
250	313	20	1
100	314	20	1
152	314	20	1
133	315	20	1
265	315	20	1
98	316	20	2
146	316	20	1
204	316	20	2
228	316	20	1
145	317	20	1
117	318	20	1
129	318	20	1
263	318	20	1
168	320	20	1
213	321	20	1
183	322	20	1
193	322	20	1
177	323	20	1
233	323	20	2
236	323	20	1
264	323	20	1
200	324	20	1
203	324	20	1
180	325	20	1
258	325	20	1
130	326	20	1
191	326	20	1
199	326	20	1
139	327	20	1
181	328	20	1
212	328	20	1
214	328	20	1
120	329	20	1
122	330	20	1
124	330	20	2
258	330	20	1
200	331	20	1
201	331	20	1
255	331	20	1
96	333	20	1
132	333	20	1
137	333	20	2
161	333	20	1
183	334	20	1
237	335	20	1
163	336	20	1
217	337	20	1
177	340	20	1
242	341	20	1
173	342	20	1
161	344	20	1
242	344	20	1
243	345	20	1
161	348	20	1
207	350	20	1
231	350	20	1
218	355	20	1
178	358	20	1
211	358	20	1
173	359	20	1
176	360	20	1
219	360	20	1
203	361	20	1
177	225	21	1
146	228	21	1
215	235	21	1
132	236	21	1
131	239	21	2
147	239	21	1
212	240	21	1
241	240	21	1
126	241	21	1
128	242	21	1
109	243	21	1
138	243	21	1
126	250	21	1
217	251	21	2
223	254	21	1
223	255	21	1
124	258	21	1
160	260	21	1
181	260	21	1
231	260	21	1
222	265	21	1
139	266	21	1
160	268	21	1
120	270	21	1
126	270	21	1
159	271	21	1
165	272	21	1
154	274	21	1
176	274	21	1
177	275	21	1
136	276	21	1
173	276	21	1
221	276	21	2
124	278	21	1
157	278	21	1
216	279	21	1
205	280	21	1
226	281	21	1
186	288	21	1
217	288	21	1
217	289	21	1
106	291	21	1
218	294	21	1
154	297	21	1
210	301	21	1
240	303	21	1
186	304	21	1
208	306	21	1
238	306	21	1
238	307	21	1
243	307	21	1
260	307	21	1
201	308	21	1
231	308	21	1
230	310	21	1
231	310	21	1
177	311	21	1
199	311	21	1
167	312	21	1
175	314	21	1
237	314	21	1
257	320	21	1
256	321	21	1
178	322	21	1
126	323	21	1
200	323	21	1
184	324	21	1
94	327	21	1
147	328	21	1
157	329	21	1
98	330	21	1
230	331	21	1
181	332	21	1
259	334	21	1
260	334	21	1
175	337	21	1
189	339	21	1
160	340	21	1
177	340	21	1
225	341	21	1
134	234	22	2
147	234	22	2
143	235	22	1
146	238	22	1
132	239	22	1
141	239	22	1
213	239	22	1
146	240	22	1
132	241	22	3
137	241	22	1
140	241	22	1
117	242	22	1
129	242	22	1
136	245	22	1
161	257	22	1
161	260	22	1
162	260	22	1
160	264	22	1
163	264	22	1
120	267	22	1
162	268	22	1
121	270	22	1
155	270	22	1
179	270	22	1
181	271	22	1
155	272	22	1
165	273	22	1
177	273	22	1
165	274	22	3
169	274	22	2
227	278	22	1
171	279	22	1
230	279	22	1
170	282	22	1
224	285	22	1
222	292	22	2
218	293	22	1
268	303	22	1
186	304	22	1
236	305	22	1
203	308	22	1
209	310	22	1
260	310	22	1
206	311	22	1
260	312	22	1
200	314	22	1
257	315	22	1
261	320	22	1
191	321	22	1
182	325	22	1
184	330	22	1
259	331	22	2
180	334	22	1
235	340	22	1
182	351	22	1
143	234	23	2
146	234	23	1
143	235	23	1
142	237	23	1
145	238	23	1
138	241	23	1
140	241	23	2
197	255	23	1
163	256	23	1
119	267	23	1
162	267	23	1
117	269	23	1
176	274	23	1
178	274	23	2
166	277	23	1
169	278	23	1
175	279	23	1
210	281	23	1
267	298	23	1
215	299	23	2
136	303	23	1
264	305	23	1
183	306	23	1
206	307	23	1
235	307	23	1
241	307	23	1
203	309	23	1
260	310	23	1
203	313	23	1
232	314	23	1
264	316	23	1
182	318	23	1
166	319	23	1
185	323	23	1
94	328	23	1
240	345	23	1
178	223	24	1
178	224	24	1
157	227	24	1
157	228	24	1
149	232	24	1
136	235	24	1
140	236	24	1
146	236	24	1
137	237	24	1
149	238	24	1
132	239	24	1
108	240	24	1
137	240	24	1
143	242	24	1
140	247	24	1
228	247	24	1
138	249	24	1
194	257	24	1
117	262	24	1
119	262	24	1
222	262	24	1
120	263	24	1
216	265	24	1
119	266	24	1
215	266	24	1
123	267	24	1
130	269	24	1
184	270	24	1
167	273	24	1
182	273	24	1
171	276	24	1
177	277	24	1
276	287	24	1
270	290	24	1
275	290	24	1
222	291	24	1
197	293	24	1
186	304	24	1
236	304	24	1
240	305	24	1
206	306	24	1
259	307	24	1
238	310	24	2
266	311	24	1
263	312	24	1
177	313	24	1
237	314	24	1
257	314	24	1
211	315	24	1
258	315	24	1
185	317	24	1
168	318	24	1
186	321	24	1
237	322	24	1
186	324	24	1
183	326	24	1
103	330	24	1
257	332	24	1
260	332	24	1
258	333	24	1
259	337	24	1
180	222	25	1
179	223	25	1
158	228	25	2
158	231	25	2
140	234	25	1
150	235	25	1
134	239	25	1
237	241	25	1
133	246	25	1
139	248	25	1
140	253	25	1
121	258	25	1
119	261	25	1
122	266	25	1
178	276	25	1
170	278	25	1
178	278	25	1
273	279	25	1
169	281	25	1
238	299	25	1
238	302	25	1
233	306	25	1
258	309	25	1
176	315	25	1
258	318	25	1
256	319	25	1
259	324	25	1
258	325	25	1
183	329	25	1
180	221	26	1
181	223	26	1
178	226	26	1
157	228	26	1
157	229	26	1
144	233	26	1
249	235	26	1
249	237	26	1
131	239	26	2
242	239	26	1
134	240	26	1
110	241	26	1
136	244	26	1
226	246	26	1
223	248	26	1
227	250	26	1
125	251	26	1
229	251	26	1
124	255	26	1
121	258	26	1
123	259	26	2
125	267	26	1
211	268	26	1
126	269	26	1
177	278	26	1
176	280	26	1
175	283	26	1
274	283	26	1
235	298	26	1
229	308	26	2
258	316	26	1
262	317	26	1
241	320	26	2
183	221	27	1
163	232	27	1
146	234	27	1
138	238	27	1
139	238	27	1
244	238	27	1
227	251	27	1
226	252	27	1
174	276	27	1
174	279	27	1
175	282	27	1
272	283	27	1
273	283	27	1
170	284	27	1
195	294	27	1
201	309	27	1
233	309	27	1
258	316	27	1
233	326	27	1
260	328	27	1
162	231	28	1
164	232	28	1
156	233	28	1
243	235	28	1
136	237	28	1
141	238	28	1
147	238	28	1
244	239	28	1
231	245	28	1
235	250	28	1
126	252	28	1
126	254	28	1
171	279	28	1
168	285	28	1
178	285	28	1
179	285	28	1
271	289	28	1
230	306	28	1
211	313	28	1
208	314	28	1
259	317	28	1
262	318	28	1
240	319	28	1
133	328	28	1
162	232	29	1
140	238	29	1
180	241	29	1
236	243	29	1
189	244	29	2
191	245	29	1
128	254	29	1
133	257	29	1
167	271	29	1
121	272	29	1
125	272	29	1
137	272	29	1
174	277	29	1
274	282	29	1
168	284	29	1
277	284	29	1
275	285	29	1
229	309	29	1
208	312	29	1
209	313	29	1
221	313	29	1
211	314	29	1
245	315	29	1
243	320	29	1
121	326	29	1
125	327	29	1
95	331	29	2
197	235	30	1
182	239	30	1
178	241	30	1
183	241	30	1
182	242	30	1
190	245	30	1
148	253	30	2
123	257	30	1
250	257	30	1
262	267	30	1
123	273	30	1
170	274	30	1
159	279	30	1
169	279	30	1
276	280	30	1
159	281	30	2
163	283	30	1
162	284	30	1
275	285	30	1
225	312	30	2
206	313	30	1
128	324	30	1
129	324	30	1
96	333	30	1
186	349	30	1
174	242	31	1
176	242	31	1
185	243	31	1
173	245	31	1
186	245	31	1
174	246	31	1
126	256	31	1
128	256	31	1
260	267	31	1
127	269	31	1
140	274	31	1
146	276	31	1
162	285	31	1
166	288	31	1
198	306	31	1
191	307	31	1
187	308	31	1
205	308	31	1
190	309	31	1
206	309	31	1
205	310	31	1
93	331	31	1
97	333	31	1
112	226	32	1
181	242	32	1
176	243	32	1
181	244	32	1
148	253	32	1
250	255	32	1
132	257	32	1
133	259	32	1
256	261	32	1
126	268	32	1
165	268	32	1
261	268	32	1
124	269	32	1
124	271	32	1
165	274	32	1
262	277	32	1
112	309	32	1
196	310	32	1
198	311	32	1
244	311	32	1
200	312	32	1
207	312	32	1
211	312	32	1
200	313	32	1
212	313	32	1
243	316	32	1
246	319	32	1
97	328	32	1
95	330	32	2
184	336	32	1
188	348	32	1
175	359	32	1
112	228	33	1
114	228	33	1
188	244	33	2
149	255	33	1
252	258	33	1
264	267	33	1
162	275	33	1
263	275	33	1
163	278	33	1
163	281	33	1
164	284	33	1
165	284	33	1
161	286	33	3
166	287	33	1
118	298	33	1
116	308	33	1
199	308	33	1
186	309	33	1
191	310	33	1
193	310	33	1
191	311	33	1
198	311	33	1
206	311	33	1
196	312	33	1
199	312	33	1
209	314	33	2
247	315	33	1
198	318	33	1
125	319	33	1
199	319	33	1
199	332	33	1
215	341	33	1
187	348	33	1
188	348	33	1
192	349	33	2
209	349	33	1
179	352	33	1
184	352	33	1
177	355	33	1
133	255	34	1
130	258	34	1
250	258	34	2
131	262	34	1
266	268	34	1
129	269	34	1
261	276	34	1
164	277	34	1
146	278	34	1
151	279	34	1
262	281	34	1
165	283	34	1
161	290	34	1
165	297	34	1
122	298	34	1
116	305	34	1
177	305	34	2
186	309	34	1
193	309	34	1
244	309	34	1
112	310	34	1
113	311	34	1
197	312	34	1
247	312	34	1
111	314	34	1
199	322	34	1
96	331	34	1
197	334	34	1
194	336	34	1
190	340	34	2
195	341	34	1
211	346	34	1
214	347	34	1
205	349	34	1
185	351	34	1
205	352	34	1
205	353	34	1
187	354	34	1
180	360	34	1
117	226	35	1
121	234	35	1
139	237	35	1
139	238	35	1
138	255	35	1
130	258	35	1
156	261	35	1
130	264	35	1
263	266	35	1
265	266	35	1
266	266	35	1
132	272	35	1
159	274	35	1
161	278	35	1
158	282	35	1
124	290	35	1
121	294	35	1
162	294	35	1
170	298	35	1
173	300	35	1
175	304	35	2
186	308	35	1
188	308	35	1
193	309	35	1
195	311	35	1
197	311	35	1
111	313	35	1
244	317	35	1
202	319	35	1
124	320	35	1
95	327	35	1
200	331	35	1
196	335	35	1
198	336	35	1
199	337	35	1
200	338	35	1
210	342	35	1
189	345	35	1
187	347	35	1
211	347	35	1
188	351	35	1
208	351	35	1
183	353	35	1
194	353	35	1
178	354	35	1
202	354	35	1
208	354	35	1
204	355	35	1
179	356	35	1
204	356	35	1
125	234	36	1
136	236	36	1
142	240	36	1
174	244	36	1
137	254	36	1
141	254	36	1
130	256	36	1
260	273	36	1
125	283	36	1
124	288	36	1
159	292	36	1
120	295	36	1
119	300	36	1
179	304	36	2
114	310	36	1
190	310	36	1
151	318	36	1
130	320	36	1
129	322	36	1
238	322	36	1
182	333	36	1
186	333	36	1
213	348	36	1
184	350	36	1
185	352	36	1
213	352	36	1
211	353	36	1
182	354	36	1
182	355	36	1
208	355	36	1
179	356	36	1
179	357	36	1
139	239	37	1
170	244	37	1
172	244	37	1
175	245	37	1
141	253	37	1
133	254	37	1
148	256	37	1
209	260	37	1
156	263	37	1
128	265	37	1
262	265	37	1
154	268	37	1
146	272	37	1
161	273	37	1
127	281	37	1
161	281	37	1
258	281	37	1
161	282	37	1
128	283	37	1
124	284	37	1
126	288	37	1
152	288	37	1
148	289	37	1
260	293	37	1
259	295	37	1
175	299	37	1
176	302	37	1
183	308	37	1
148	315	37	1
118	316	37	1
153	317	37	1
116	319	37	1
116	320	37	1
241	326	37	1
221	331	37	1
211	337	37	2
214	337	37	1
214	347	37	1
215	352	37	1
186	353	37	1
206	355	37	1
173	230	38	1
130	234	38	1
143	238	38	1
166	239	38	1
167	239	38	1
136	240	38	1
169	240	38	1
128	241	38	1
124	243	38	1
138	243	38	1
174	243	38	1
142	252	38	1
134	253	38	1
135	253	38	1
148	253	38	1
134	255	38	1
134	256	38	1
146	258	38	1
132	259	38	1
153	264	38	1
152	266	38	1
262	267	38	1
147	276	38	1
140	277	38	1
126	280	38	1
128	281	38	1
129	281	38	1
139	282	38	1
140	284	38	1
126	288	38	1
255	294	38	1
251	297	38	1
121	300	38	1
170	301	38	1
176	304	38	1
180	306	38	2
120	318	38	1
121	318	38	1
116	320	38	1
140	320	38	1
113	321	38	1
241	324	38	1
235	325	38	1
219	331	38	1
159	332	38	2
150	333	38	1
215	339	38	1
197	343	38	2
192	345	38	2
210	351	38	1
212	351	38	1
212	354	38	1
195	361	38	1
112	220	39	1
124	223	39	1
126	226	39	2
134	228	39	1
138	228	39	1
121	231	39	1
174	232	39	1
198	233	39	1
130	234	39	1
140	235	39	1
154	235	39	1
136	236	39	1
195	236	39	1
118	237	39	1
168	237	39	1
138	238	39	1
135	239	39	1
139	239	39	1
137	241	39	1
168	242	39	1
169	242	39	1
134	243	39	1
141	244	39	1
176	244	39	1
175	245	39	1
129	248	39	1
126	253	39	1
132	254	39	1
138	254	39	2
144	254	39	1
136	255	39	2
156	256	39	1
147	258	39	1
132	259	39	1
170	259	39	1
251	259	39	1
252	259	39	1
145	260	39	1
168	260	39	1
167	261	39	1
150	263	39	1
142	264	39	2
153	265	39	1
156	267	39	1
131	268	39	1
143	269	39	1
227	272	39	1
143	274	39	1
132	276	39	1
233	276	39	1
143	277	39	1
128	279	39	1
136	282	39	1
137	285	39	1
141	285	39	1
154	287	39	1
140	294	39	1
249	296	39	1
166	297	39	1
171	297	39	1
165	300	39	1
173	302	39	1
180	302	39	1
180	304	39	1
259	304	39	1
115	307	39	1
125	308	39	1
113	318	39	1
116	318	39	1
117	318	39	1
141	318	39	1
179	321	39	1
140	322	39	1
240	328	39	1
238	329	39	1
221	332	39	1
161	333	39	1
151	334	39	1
211	344	39	1
202	345	39	2
247	346	39	1
247	347	39	1
177	355	39	1
207	356	39	1
212	357	39	2
191	363	39	1
192	364	39	1
111	221	40	1
137	231	40	1
140	235	40	1
142	235	40	1
203	237	40	1
160	238	40	1
166	238	40	1
203	238	40	1
168	241	40	1
169	242	40	2
127	243	40	1
142	243	40	1
176	244	40	2
139	246	40	1
126	248	40	1
136	252	40	1
139	252	40	1
231	252	40	2
223	253	40	1
152	254	40	1
132	257	40	1
136	257	40	1
157	257	40	1
145	259	40	1
147	259	40	1
254	259	40	1
172	260	40	1
147	262	40	1
153	262	40	1
140	263	40	1
142	263	40	2
150	263	40	1
142	266	40	2
152	266	40	1
158	266	40	1
219	266	40	1
139	269	40	1
142	270	40	2
140	273	40	1
167	273	40	1
143	274	40	1
150	275	40	1
142	276	40	1
144	276	40	1
155	276	40	1
134	278	40	1
161	280	40	1
135	283	40	1
139	286	40	1
135	288	40	1
131	296	40	1
149	297	40	2
253	297	40	1
169	298	40	1
259	298	40	1
257	300	40	1
140	301	40	1
169	301	40	1
175	303	40	1
259	303	40	1
132	304	40	1
170	304	40	1
180	304	40	1
125	305	40	1
126	305	40	1
124	308	40	1
139	308	40	1
152	320	40	1
241	327	40	2
151	328	40	1
244	329	40	1
216	332	40	1
221	332	40	1
153	334	40	1
154	334	40	1
151	336	40	1
217	341	40	1
222	342	40	1
209	344	40	1
191	347	40	1
211	347	40	1
212	353	40	1
174	357	40	1
207	357	40	1
172	358	40	1
206	361	40	1
111	222	41	1
134	226	41	1
138	228	41	1
136	230	41	1
204	233	41	1
142	234	41	1
141	236	41	1
142	236	41	1
140	237	41	1
141	237	41	1
164	237	41	1
144	239	41	1
142	241	41	1
166	244	41	1
170	244	41	1
229	252	41	1
227	253	41	1
228	253	41	1
144	254	41	1
120	256	41	1
158	257	41	1
210	257	41	2
177	258	41	1
175	260	41	1
253	260	41	1
146	262	41	1
151	262	41	1
167	262	41	1
255	263	41	1
151	264	41	2
209	264	41	1
249	264	41	1
256	265	41	1
120	266	41	1
247	267	41	1
148	268	41	2
203	269	41	1
251	269	41	1
140	270	41	1
151	270	41	1
142	271	41	2
146	274	41	1
157	274	41	1
156	276	41	1
162	276	41	1
247	276	41	1
150	278	41	1
138	279	41	1
150	280	41	1
153	280	41	1
162	280	41	1
130	282	41	1
219	286	41	1
136	287	41	1
140	287	41	1
159	294	41	1
128	295	41	1
150	295	41	1
162	297	41	1
152	298	41	1
128	299	41	1
149	299	41	1
166	299	41	1
130	300	41	1
164	300	41	1
168	300	41	1
249	300	41	1
124	303	41	1
134	303	41	1
179	303	41	1
259	303	41	1
126	304	41	1
129	304	41	1
140	305	41	1
132	306	41	1
125	307	41	1
142	307	41	1
129	308	41	1
143	310	41	1
140	316	41	1
149	321	41	1
179	324	41	1
179	326	41	1
148	327	41	1
252	328	41	1
182	329	41	1
238	329	41	1
185	330	41	1
175	331	41	1
243	331	41	1
220	333	41	1
240	333	41	1
242	334	41	1
243	334	41	1
152	338	41	2
247	339	41	1
216	340	41	1
215	342	41	1
221	343	41	1
249	345	41	1
195	349	41	1
210	353	41	1
207	360	41	1
200	363	41	2
139	228	42	1
201	235	42	1
156	236	42	1
139	237	42	1
162	237	42	1
158	256	42	1
149	257	42	1
151	257	42	1
212	257	42	1
150	258	42	1
158	258	42	1
154	259	42	1
173	259	42	1
167	261	42	1
163	262	42	1
157	263	42	1
152	264	42	1
145	265	42	1
150	270	42	1
223	271	42	1
143	272	42	1
157	273	42	1
148	275	42	1
138	277	42	1
141	277	42	1
142	277	42	1
143	279	42	1
154	279	42	1
210	280	42	1
140	281	42	1
253	283	42	1
157	285	42	1
217	285	42	2
155	286	42	1
174	287	42	1
137	288	42	1
135	291	42	1
140	291	42	1
137	293	42	1
135	294	42	1
139	294	42	1
142	295	42	1
161	296	42	1
136	297	42	1
150	297	42	1
166	298	42	1
94	299	42	1
133	300	42	1
153	300	42	1
136	301	42	1
142	301	42	1
144	301	42	1
134	305	42	1
170	305	42	1
130	307	42	1
162	310	42	1
133	326	42	1
250	328	42	1
184	330	42	1
187	330	42	1
160	332	42	1
161	332	42	1
164	332	42	1
166	332	42	1
188	334	42	1
218	334	42	1
190	336	42	1
246	336	42	1
127	337	42	1
192	337	42	1
216	337	42	1
247	337	42	1
205	361	42	1
138	229	43	1
157	230	43	1
141	232	43	1
139	233	43	1
141	235	43	1
164	236	43	1
138	239	43	1
178	245	43	1
174	257	43	1
176	257	43	1
143	260	43	1
149	260	43	1
172	260	43	1
158	262	43	1
160	262	43	1
164	262	43	2
154	263	43	1
124	265	43	1
145	266	43	1
149	266	43	1
142	270	43	1
143	271	43	1
141	272	43	1
143	272	43	1
149	272	43	1
214	272	43	1
153	274	43	1
131	275	43	1
132	275	43	1
144	275	43	2
145	275	43	1
148	275	43	1
182	275	43	1
131	277	43	1
151	278	43	1
148	279	43	2
150	283	43	1
250	283	43	1
141	284	43	1
148	285	43	1
152	285	43	1
216	287	43	1
138	288	43	1
140	288	43	1
134	291	43	1
139	293	43	1
132	294	43	1
141	294	43	1
131	296	43	1
135	300	43	1
172	302	43	1
170	303	43	1
143	314	43	1
156	328	43	1
189	331	43	1
240	332	43	1
222	334	43	1
156	336	43	1
220	336	43	1
213	343	43	2
222	343	43	1
210	344	43	1
232	345	43	1
211	346	43	1
233	346	43	1
206	350	43	1
206	353	43	1
207	353	43	1
204	362	43	1
206	363	43	1
138	228	44	2
141	229	44	1
136	232	44	1
143	237	44	1
156	262	44	1
157	263	44	1
152	264	44	1
213	269	44	1
146	274	44	1
151	278	44	1
154	278	44	1
155	279	44	1
164	279	44	1
147	280	44	1
159	281	44	2
204	281	44	1
150	282	44	1
152	282	44	1
143	285	44	1
223	293	44	1
142	294	44	1
143	294	44	1
223	296	44	2
128	300	44	1
127	302	44	1
131	306	44	1
144	306	44	1
141	317	44	1
136	326	44	1
131	328	44	2
133	331	44	1
213	336	44	1
215	338	44	1
140	231	45	1
176	258	45	1
164	277	45	1
147	279	45	1
149	279	45	1
149	280	45	1
152	282	45	1
142	283	45	1
141	286	45	1
143	295	45	1
244	302	45	1
182	321	45	1
215	343	45	1
181	247	46	1
146	275	46	2
145	279	46	1
150	281	46	1
152	282	46	1
120	286	46	1
207	296	46	1
136	301	46	1
244	302	46	1
143	303	46	1
184	319	46	1
184	320	46	1
183	326	46	2
217	334	46	1
215	336	46	2
205	346	46	1
152	280	47	1
149	284	47	1
140	293	47	1
146	293	47	1
140	298	47	1
186	329	47	1
144	225	48	2
169	324	48	1
136	222	49	1
116	230	49	1
195	252	49	1
140	293	49	1
133	299	49	1
133	303	49	1
128	307	49	1
145	316	49	1
183	230	50	1
134	267	50	1
131	294	50	1
148	296	50	1
244	301	50	1
140	302	50	1
212	318	50	2
