x	y	z	Deregulated CDK5 triggers multiple neurodegenerative pathways in Alzheimer's disease models
244	284	21	1
248	286	24	2
245	287	24	1
249	288	24	1
244	289	24	1
231	264	25	1
232	265	25	1
235	270	25	1
239	272	25	1
227	273	25	1
236	273	25	1
238	273	25	2
232	274	25	1
237	275	25	1
232.5	276.5	25.5	1
232	277	25	1
233	277	25	1
235	277	25	1
234	279	25	1
235	279	25	1
238	279	25	1
239	279	25	1
247	279	25	1
231	281	25	1
235	281	25	1
248	281	25	1
214	282	25	1
231	282	25	1
234	282	25	2
245	282	25	1
230	283	25	1
236	283	25	1
245	283	25	1
247	283	25	1
235	284	25	1
241	284	25	2
252	284	25	1
236	285	25	1
238	285	25	1
239	285	25	1
240	285	25	1
244	285	25	1
253	285	25	1
240	286	25	1
238	287	25	1
242	287	25	1
249	287	25	1
251	287	25	1
236	288	25	1
235	289	25	1
242	289	25	1
250	289	25	2
235	290	25	2
244	290	25	1
246	291	25	1
249	292	25	1
250	292	25	1
240	293	25	1
246	293	25	1
247	293	25	2
241	294	25	1
239	296	25	1
243	297	25	1
183	258	26	1
176	259	26	1
232	265	26	1
237	266	26	1
241	268	26	1
229	269	26	1
237	269	26	1
233	270	26	1
238	270	26	2
240	270	26	2
230	272	26	1
239	273	26	1
250	275	26	1
207	277	26	1
232	277	26	1
239	277	26	1
240	277	26	1
233	278	26	2
234	278	26	1
235	278	26	1
237	278	26	1
249	278	26	1
251	278	26	1
231	279	26	1
249	279	26	1
238	280	26	1
240	280	26	1
248	280	26	1
239	281	26	1
240	281	26	1
248	281	26	1
209	282	26	1
212	282	26	1
235	282	26	1
233	283	26	1
238	283	26	1
239	283	26	1
243	283	26	1
235	284	26	1
243	284	26	1
237	285	26	2
240	285	26	1
253	285	26	1
216	286	26	1
233	286	26	2
241	286	26	1
248	286	26	1
251	286	26	1
243	287	26	1
248	288	26	1
252	288	26	1
233	289	26	1
235	289	26	1
237	289	26	1
238	289	26	2
225	290	26	1
245	291	26	1
249	291	26	1
242	292	26	2
244	292	26	1
245	292	26	1
251	292	26	1
240	293	26	1
245	293	26	1
245	294	26	1
246	294	26	1
237	297	26	1
182	255	27	1
183	258	27	1
215	258	27	1
232	258	27	1
235	260	27	1
180	261	27	1
183	261	27	1
232	261	27	1
235	261	27	1
237	261	27	2
180	262	27	1
233	262	27	1
239	262	27	1
211	263	27	1
215	263	27	1
231	263	27	2
232	263	27	1
233	263	27	1
236	263	27	1
219	264	27	1
224	264	27	1
229	264	27	1
189	265	27	1
215	265	27	1
226	265	27	1
230	265	27	1
235	265	27	1
201	266	27	1
226	266	27	1
229	266	27	1
231	266	27	1
179	267	27	1
217	267	27	1
240	267	27	1
179	268	27	1
215	268	27	1
216	268	27	1
219	268	27	1
225	268	27	1
230	268	27	1
231	268	27	1
234	268	27	1
248	268	27	2
213	269	27	1
215	269	27	1
237	269	27	1
240	269	27	1
242	269	27	2
230	270	27	1
237	270	27	1
240	270	27	2
244	270	27	1
225	271	27	1
230	271	27	1
231	271	27	2
237	271	27	1
238	271	27	1
179	272	27	1
203	272	27	2
205	272	27	1
208	272	27	1
213	272	27	1
214	272	27	1
216	272	27	1
225	272	27	1
228	272	27	1
231	272	27	1
234	272	27	1
235	272	27	1
238	272	27	1
250	272	27	1
224	273	27	1
227	273	27	2
229	273	27	1
249	273	27	1
177	274	27	1
178	274	27	1
233	274	27	1
239	274	27	1
252	274	27	1
205	275	27	1
213	275	27	1
216	275	27	1
218	275	27	1
222	275	27	1
228	275	27	1
238	275	27	1
177	276	27	1
204	276	27	1
209	276	27	2
230	276	27	1
233	276	27	1
208	277	27	1
210	277	27	1
213	277	27	1
218	277	27	2
220	277	27	1
227	277	27	1
232	277	27	1
237	277	27	2
244	277	27	1
245	277	27	1
220	278	27	1
229	278	27	1
248	278	27	2
235	279	27	1
249	279	27	1
235	280	27	1
236	280	27	1
238	280	27	1
210	281	27	1
229	281	27	1
230	281	27	1
234	281	27	1
235	281	27	1
236	281	27	1
238	281	27	1
241	281	27	1
246	281	27	1
252	281	27	2
256	281	27	2
210	282	27	1
212	282	27	1
214	282	27	1
229	282	27	2
236	282	27	1
249	282	27	1
250	282	27	1
252	282	27	1
227	283	27	1
231	283	27	1
234	283	27	1
241	283	27	1
249	283	27	1
207	284	27	1
209	284	27	1
230	284	27	1
235	284	27	1
241	284	27	1
252	284	27	1
255	284	27	1
206	285	27	1
208	285	27	1
224	285	27	1
228	285	27	1
234	285	27	1
236	285	27	1
237	285	27	1
253	285	27	1
255	285	27	1
206	286	27	1
207	286	27	1
225	286	27	1
232	286	27	1
237	286	27	1
244	286	27	1
245	286	27	1
246	286	27	1
222	287	27	1
228	287	27	1
231	287	27	1
237	287	27	2
238	287	27	1
240	287	27	1
249	287	27	2
211	288	27	1
223	288	27	1
231	288	27	1
236	288	27	1
237	288	27	1
238	288	27	1
243	288	27	1
247	288	27	2
250	288	27	2
203	289	27	1
210	289	27	1
219	289	27	1
222	289	27	2
227	289	27	1
230	289	27	1
248	289	27	1
219	290	27	1
221	290	27	1
232	290	27	1
234	290	27	1
236	290	27	1
227	291	27	1
229	291	27	1
230	291	27	1
235	291	27	1
213	292	27	1
218	292	27	1
220	292	27	1
224	292	27	1
229	292	27	1
238	292	27	1
250	292	27	2
251	292	27	1
253	292	27	1
226	293	27	1
239	293	27	1
254	293	27	1
220	294	27	1
225	294	27	1
237	294	27	2
252	294	27	1
211	295	27	1
222	295	27	1
239	295	27	1
220	297	27	1
221	297	27	1
240	297	27	2
221	298	27	1
241	298	27	1
244	298	27	2
223	299	27	1
241	299	27	1
242	299	27	1
246	299	27	1
228	300	27	1
235	300	27	1
237	300	27	1
238	300	27	1
240	300	27	1
242	300	27	1
244	300	27	1
248	300	27	1
235	302	27	2
237	302	27	1
239	302	27	2
237	305	27	1
231	264	28	1
231	268	28	1
233	272	28	1
250	272	28	1
211	273	28	1
235	273	28	1
234	274	28	1
235	274	28	1
235	277	28	1
237	278	28	1
251	282	28	1
235	284	28	1
248	284	28	1
237	286	28	2
247	286	28	1
245	287	28	1
224	288	28	1
244	288	28	1
243	289	28	1
246	289	28	1
240	294	28	1
245	294	28	1
240	298	28	1
240	299	28	1
234	256	29	1
235	256	29	1
228	258	29	1
240	260	29	1
227	261	29	1
220	262	29	1
245	263	29	1
235	265	29	1
239	265	29	1
249	265	29	1
229	266	29	1
250	266	29	2
194	267	29	1
230	267	29	2
201	268	29	2
237	268	29	1
250	268	29	1
235	269	29	1
233	271	29	1
234	271	29	1
241	271	29	1
242	271	29	1
214	272	29	1
215	272	29	1
236	272	29	1
249	272	29	1
238	273	29	1
180	274	29	2
213	274	29	1
235	274	29	1
236	274	29	1
238	274	29	1
240	274	29	1
250	274	29	1
206	275	29	1
240	275	29	1
233	276	29	1
250	277	29	1
208	278	29	1
236	278	29	2
238	278	29	1
244	278	29	1
206	279	29	1
238	279	29	1
248	279	29	1
237	280	29	1
252	280	29	1
234	281	29	1
237	281	29	1
247	281	29	1
212	282	29	1
246	282	29	1
248	282	29	1
254	282	29	2
209	283	29	1
241	283	29	1
244	283	29	1
249	283	29	1
211	284	29	1
235	284	29	1
248	284	29	1
250	284	29	1
241	285	29	1
242	285	29	1
232	286	29	1
240	286	29	1
241	286	29	1
242	286	29	1
248	286	29	1
252	286	29	1
236	287	29	1
238	287	29	1
241	287	29	1
244	287	29	1
245	287	29	1
249	287	29	1
240	288	29	2
225	289	29	1
227	289	29	1
235	289	29	1
240	289	29	1
222	290	29	1
226	290	29	2
238	291	29	1
245	291	29	1
248	291	29	1
243	292	29	1
248	292	29	1
237	293	29	1
253	293	29	1
221	294	29	1
224	294	29	1
241	295	29	1
243	295	29	1
245	295	29	2
219	296	29	1
253	296	29	1
245	297	29	1
249	298	29	2
221	299	29	1
226	299	29	1
237	299	29	1
221	300	29	2
235	300	29	1
240	300	29	1
225	251	30	2
237	253	30	1
215	254	30	1
230	254	30	1
235	254	30	1
191	255	30	1
204	256	30	1
229	256	30	1
230	256	30	1
192	257	30	2
215	257	30	2
229	257	30	2
237	257	30	1
176	258	30	1
181	258	30	2
186	258	30	2
214	259	30	1
216	259	30	1
226	259	30	1
229	259	30	1
232	259	30	1
234	259	30	1
238	259	30	1
241	259	30	1
216	260	30	1
228	260	30	1
231	260	30	1
240	260	30	1
186	261	30	1
208	261	30	2
219	261	30	1
239	261	30	1
246	261	30	1
206	262	30	1
218	263	30	1
219	263	30	1
226	263	30	1
228	263	30	1
233	263	30	1
248	263	30	1
226	264	30	1
230	264	30	1
232	264	30	1
212	265	30	1
213	265	30	1
228	265	30	1
233	265	30	1
246	265	30	1
193	266	30	2
195	266	30	1
214	266	30	1
226	266	30	2
229	266	30	1
238	266	30	1
240	266	30	1
243	266	30	1
249	266	30	2
182	267	30	1
191	267	30	1
192	267	30	1
228	267	30	2
231	267	30	1
235	267	30	1
237	267	30	1
238	267	30	1
241	267	30	1
247	267	30	1
250	267	30	1
195	268	30	1
206	268	30	1
207	268	30	1
217	268	30	1
228	268	30	1
237	268	30	2
249	268	30	1
197	269	30	1
249	269	30	2
252	269	30	1
196	270	30	2
216	270	30	1
217	270	30	1
176	271	30	1
187	271	30	1
193	271	30	1
194	271	30	1
204	271	30	1
211	271	30	1
229	271	30	1
243	271	30	2
249	271	30	1
206	272	30	2
242	272	30	1
247	272	30	1
204	273	30	1
211	273	30	1
227	273	30	1
236	273	30	1
183	274	30	1
203	274	30	1
239	274	30	1
179	275	30	1
235	275	30	1
237	275	30	2
240	275	30	1
244	275	30	1
232	277	30	2
237	277	30	1
241	277	30	1
251	277	30	1
203	278	30	1
243	278	30	1
247	278	30	2
248	278	30	1
246	279	30	1
251	279	30	1
206	280	30	1
236	280	30	1
218	281	30	1
240	281	30	1
241	281	30	1
181	282	30	2
210	282	30	1
220	282	30	1
222	282	30	1
229	282	30	1
232	282	30	1
245	282	30	1
247	282	30	1
253	282	30	1
205	283	30	1
239	283	30	1
241	283	30	1
244	283	30	1
177	284	30	1
219	284	30	1
220	284	30	1
224	284	30	1
233	284	30	1
242	284	30	1
253	284	30	1
254	284	30	1
206	285	30	1
211	285	30	1
226	285	30	1
242	285	30	1
248	285	30	1
235	286	30	1
238	286	30	1
239	286	30	1
245	286	30	1
249	286	30	1
250	286	30	1
207	287	30	1
219	287	30	1
220	287	30	1
225	287	30	1
241	287	30	1
243	287	30	1
221	288	30	1
239	288	30	1
246	288	30	1
248	288	30	1
200	289	30	1
224	289	30	2
231	289	30	1
232	289	30	1
237	289	30	1
198	290	30	1
222	290	30	1
198	291	30	1
222	291	30	1
232	291	30	1
234	291	30	1
238	291	30	1
251	291	30	1
203	292	30	1
213	292	30	1
227	292	30	2
228	292	30	1
232	292	30	1
241	292	30	1
257	292	30	1
220	293	30	1
225	293	30	1
229	293	30	1
236	293	30	1
250	293	30	1
251	293	30	1
220	294	30	1
240	294	30	1
244	294	30	1
254	294	30	1
257	294	30	1
221	295	30	2
222	295	30	1
225	295	30	1
227	295	30	1
220	296	30	1
228	296	30	1
234	296	30	1
242	296	30	1
223	297	30	1
229	297	30	1
238	297	30	1
240	297	30	1
220	298	30	2
230	298	30	1
237	298	30	1
240	298	30	1
247	298	30	2
250	298	30	1
227	299	30	1
236	299	30	1
252	299	30	1
218	300	30	1
230	300	30	1
249	301	30	1
229	302	30	1
231	302	30	1
242	302	30	2
247	302	30	1
237	303	30	1
238	303	30	1
242	304	30	1
240	305	30	1
236	306	30	1
224	250	31	1
227	250	31	1
216	252	31	1
226	252	31	1
239	252	31	1
227	253	31	1
232	253	31	1
238	253	31	1
193	254	31	1
231	254	31	1
207	256	31	1
177	257	31	1
218	257	31	1
229	257	31	1
230	257	31	1
240	257	31	1
188	258	31	1
233	258	31	1
239	258	31	1
188	259	31	1
206	259	31	1
226	259	31	1
229	259	31	1
230	259	31	1
237	259	31	1
191	260	31	1
227	260	31	1
240	260	31	1
181	261	31	1
184	261	31	2
187	261	31	1
224	261	31	1
227	261	31	1
243	261	31	1
246	261	31	1
186	262	31	1
216	262	31	1
238	262	31	1
248	262	31	1
188	263	31	1
193	263	31	1
194	263	31	1
197	263	31	1
200	263	31	1
232	263	31	1
233	263	31	1
235	263	31	1
238	263	31	1
184	264	31	1
189	264	31	1
194	264	31	1
197	264	31	1
204	264	31	1
214	264	31	1
217	264	31	2
205	265	31	1
213	265	31	1
215	265	31	1
222	265	31	1
223	265	31	1
238	265	31	1
239	265	31	1
193	266	31	1
217	266	31	1
219	266	31	1
220	266	31	1
228	266	31	1
186	267	31	1
195	267	31	1
211	267	31	1
217	267	31	1
222	267	31	1
223	267	31	1
237	267	31	1
238	267	31	1
245	267	31	1
183	268	31	1
188	268	31	1
193	268	31	1
219	268	31	1
238	268	31	1
243	268	31	2
199	269	31	1
204	269	31	1
213	269	31	1
230	269	31	1
234	269	31	1
243	269	31	1
196	270	31	1
174	271	31	1
175	271	31	1
177	271	31	1
184	271	31	1
198	271	31	1
238	271	31	1
244	271	31	1
245	271	31	1
249	271	31	1
185	272	31	1
204	272	31	1
206	272	31	1
214	272	31	1
230	272	31	1
248	272	31	1
211	273	31	1
212	273	31	2
214	273	31	1
229	273	31	1
239	273	31	1
242	273	31	1
248	273	31	1
209	274	31	1
229	274	31	1
233	274	31	1
241	274	31	1
244	274	31	1
250	274	31	1
243	275	31	1
176	276	31	1
205	276	31	1
236	277	31	1
243	277	31	1
244	277	31	1
247	277	31	2
174	278	31	1
204	278	31	1
207	278	31	1
245	278	31	1
208	279	31	1
242	279	31	1
246	279	31	1
247	279	31	1
249	279	31	1
175	280	31	2
205	280	31	1
238	280	31	1
241	280	31	1
246	280	31	1
248	280	31	2
176	281	31	1
181	281	31	1
184	281	31	2
235	281	31	1
180	282	31	1
235	282	31	1
209	283	31	1
219	283	31	1
224	283	31	1
232	283	31	1
241	283	31	1
252	283	31	1
253	283	31	1
212	284	31	1
237	284	31	1
239	284	31	3
241	284	31	1
250	284	31	1
206	285	31	1
219	285	31	1
223	285	31	2
233	285	31	1
244	285	31	1
250	285	31	1
220	286	31	1
222	286	31	1
237	286	31	1
190	287	31	1
223	287	31	1
234	287	31	1
236	287	31	2
244	287	31	1
250	287	31	1
252	287	31	1
256	287	31	1
225	288	31	1
226	288	31	1
231	288	31	2
241	288	31	1
205	289	31	1
226	289	31	1
227	289	31	1
243	289	31	1
200	290	31	1
235	290	31	1
246	290	31	1
228	291	31	1
230	291	31	1
235	291	31	1
237	291	31	1
242	291	31	1
198	292	31	1
235	292	31	1
242	292	31	1
251	292	31	2
256	292	31	1
257	292	31	1
237	293	31	1
226	294	31	1
235	294	31	2
237	294	31	1
252	294	31	1
229	295	31	1
241	295	31	1
244	295	31	2
250	295	31	1
257	295	31	1
222	296	31	1
223	296	31	1
225	296	31	1
252	296	31	1
253	296	31	1
221	297	31	1
235	297	31	1
239	297	31	2
196	298	31	1
237	298	31	1
249	298	31	1
224	299	31	1
240	299	31	1
245	299	31	1
225	300	31	1
231	300	31	1
241	300	31	2
249	300	31	1
216	301	31	1
245	301	31	1
248	301	31	1
220	302	31	1
224	302	31	1
226	302	31	1
235	302	31	1
240	302	31	1
244	302	31	1
248	302	31	1
237	303	31	1
241	303	31	1
243	304	31	1
225	305	31	1
235	305	31	1
236	305	31	1
238	305	31	1
223	306	31	1
228	251	32	1
235	252	32	1
193	253	32	1
216	253	32	2
217	253	32	1
221	253	32	1
223	253	32	1
215	254	32	1
225	254	32	1
227	254	32	1
230	254	32	1
238	254	32	1
221	255	32	1
234	255	32	1
236	255	32	1
192	257	32	1
207	258	32	1
213	258	32	1
218	258	32	2
228	258	32	1
231	258	32	1
237	258	32	1
222	259	32	1
230	259	32	1
231	259	32	1
245	259	32	1
247	259	32	1
203	260	32	1
210	260	32	1
214	260	32	1
218	260	32	1
230	260	32	1
238	260	32	2
240	260	32	1
186	261	32	1
215	261	32	1
244	261	32	1
197	262	32	2
209	262	32	1
221	262.666666666667	33	1
235	262	32	1
245	262	32	1
247	262	32	1
184	263	32	1
204	263	32	1
208	263	32	1
226	263	32	1
231	263	32	1
232	263	32	1
246	263	32	1
188	264	32	1
191	264	32	1
193	264	32	1
210	264	32	1
214	264	32	1
222	264	32	1
224	264	32	2
232	264	32	1
233	264	32	2
238	264	32	2
250	264	32	1
184	265	32	1
187	265	32	1
191	265	32	2
204	265	32	1
212	265	32	1
215	265	32	1
248	265	32	1
184	266	32	2
194	266	32	1
203	266	32	1
214	266	32	1
239	266	32	1
240	266	32	1
251	266	32	1
186	267	32	1
214	267	32	1
219	267	32	1
225	267	32	1
238	267	32	2
252	267	32	2
186	268	32	1
194	268	32	1
198	268	32	1
215	268	32	2
216	268	32	1
228	268	32	1
233	268	32	1
239	268	32	1
245	268	32	2
247	268	32	1
182	269	32	1
193	269	32	1
241	269	32	1
172	270	32	1
181	270	32	1
196	270	32	1
206	270	32	1
214	270	32	1
227	270	32	2
234	270	32	1
243	270	32	1
183	271	32	1
206	271	32	2
213	271	32	1
250	271	32	1
173	272	32	1
177	272	32	1
182	272	32	1
208	272	32	1
212	272	32	1
214	272	32	1
238	272	32	1
241	272	32	1
250	272	32	1
255	272	32	1
185	273	32	1
204	273	32	1
207	273	32	1
208	273	32	1
212	273	32	1
229	273	32	1
246	273	32	1
254	273	32	1
181	274	32	1
182	274	32	1
183	274	32	1
184	274	32	1
203	274	32	1
205	274	32	2
206	274	32	1
209	274	32	1
215	274	32	2
233	274	32	1
234	274	32	1
238	274	32	2
246	274	32	1
184	275	32	1
210	275	32	1
213	275	32	1
214	275	32	1
237	275	32	1
240	275	32	1
205	276	32	1
233	276	32	1
249	276	32	1
174	277	32	1
214	277	32	1
215	277	32	1
232	277	32	1
240	277	32	1
241	277	32	1
249	277	32	1
250	277	32	1
176	278	32	1
225	278	32	1
239	278	32	1
246	278	32	1
245	279	32	1
247	279	32	1
205	280	32	1
220	280	32	1
237	280	32	1
239	280	32	1
241	280	32	1
175	281	32	1
179	281	32	1
226	281	32	1
236	281	32	1
237	281	32	1
242	281	32	2
244	281	32	1
250	281	32	1
254	281	32	1
173	282	32	1
188	282	32	1
223	282	32	1
226	282	32	1
241	282	32	1
250	282	32	2
254	282	32	1
178	283	32	1
183	283	32	1
226	283	32	1
177	284	32	1
186	284	32	2
205	284	32	1
208	284	32	1
225	284	32	1
230	284	32	1
244	284	32	1
254	284	32	1
178	285	32	1
180	285	32	1
220	285	32	1
225	285	32	1
233	285	32	1
241	285	32	1
252	285	32	1
183	286	32	1
218	286	32	1
222	286	32	1
226	286	32	2
227	286	32	1
228	286	32	1
231	286	32	2
234	286	32	3
239	286	32	1
207	287	32	1
222	287	32	1
233	287	32	2
238	287	32	1
249	287	32	1
256	287	32	1
203	288	32	1
222	288	32	1
223	288	32	1
225	288	32	1
226	288	32	1
229	288	32	1
231	288	32	1
246	288	32	1
249	288	32	1
258	288	32	1
235	289	32	1
239	289	32	1
248	289	32	1
253	289	32	1
222	290	32	1
231	290	32	1
233	290	32	1
247	290	32	1
223	291	32	1
238	291	32	1
241	291	32	1
256	291	32	1
224	292	32	1
234	292	32	1
242	292	32	1
247	292	32	2
248	292	32	2
254	292	32	1
179	293	32	1
207	293	32	2
218	293	32	1
228	293	32	1
245	293	32	1
250	293	32	1
256	293	32	1
223	294	32	1
224	294	32	1
225	294	32	2
239	294	32	1
246	294	32	1
253	294	32	1
195	295	32	1
226	295	32	1
230	295	32	1
253	295	32	1
202	296	32	1
220	296	32	1
229	296	32	1
230	296	32	1
235	296	32	2
247	296	32	1
251	296	32	1
255	296	32	1
229	297	32	1
251	297	32	1
198	298	32	1
199	298	32	1
230	298	32	1
238	298	32	1
250	298	32	1
196	299	32	1
227	299	32	1
231	299	32	1
244	299	32	1
197	300	32	1
247	300	32	1
223	301	32	1
224	301	32	1
225	301	32	1
231	301	32	1
232	301	32	1
234	301	32	1
236	301	32	1
248	301	32	1
224	302	32	1
234	302	32	1
245	302	32	1
207	303	32	1
232	303	32	1
234	303	32	1
244	304	32	1
235	305	32	1
222	307	32	1
221	308	32	1
226	309	32	1
229	310	32	1
231	310	32	1
227	312	32	1
230	313	32	1
226	251	33	1
227	251	33	1
216	253	33	1
218	253	33	1
224	253	33	1
232	253	33	1
237	253	33	1
241	253	33	1
217	254	33	1
230	254	33	1
235	254	33	1
224	255	33	1
235	255	33	1
237	255	33	1
215	256	33	1
227	256	33	1
240	256	33	1
219	257	33	1
220	257	33	1
230	258	33	1
232	258	33	1
194	259	33	1
209	259	33	1
215	259	33	1
217	259	33	1
224	259	33	1
228	259	33	1
239	259	33	3
243	259	33	1
217	260	33	1
219	260	33	1
220	260	33	1
237	260	33	1
240	260	33	1
214	261	33	1
218	261	33	1
212	262	33	2
226	262	33	2
228	262	33	1
229	262	33	1
240	262	33	1
183	263	33	1
185	263	33	1
191	263	33	1
194	263	33	1
245	263	33	1
189	264	33	1
209	264	33	1
212	264	33	1
215	264	33	1
229	264	33	1
235	264	33	1
238	264	33	1
186	265	33	1
210	265	33	1
214	265	33	1
235	265	33	1
248	265	33	1
184	266	33	1
189	266	33	1
197	266	33	1
215	266	33	1
217	266	33	1
237	266	33	1
250	266	33	1
192	267	33	1
196	267	33	1
214	267	33	1
220	267	33	2
228	267	33	1
235	267	33	1
242	267	33	1
245	267	33	1
248	267	33	1
250	267	33	1
188	268	33	1
189	268	33	1
217	268	33	1
235	268	33	1
240	268	33	1
184	269	33	1
204	269	33	2
216	269	33	1
187	270	33	2
209	270	33	1
213	270	33	1
231	270	33	2
251	270	33	1
178	271	33	1
179	271	33	1
180	271	33	1
181	271	33	2
208	271	33	1
211	271	33	1
214	271	33	1
215	271	33	1
225	271	33	1
229	271	33	1
240	271	33	1
176	272	33	2
180	272	33	1
183	272	33	1
184	272	33	1
189	272	33	1
205	272	33	2
238	272	33	1
245	272	33	1
174	273	33	1
188	273	33	1
190	273	33	1
196	273	33	1
205	273	33	1
226	273	33	1
249	273	33	1
170	274	33	1
177	274	33	1
190	274	33	1
202	274	33	1
211	274	33	1
227	274	33	1
175	275	33	2
206	275	33	1
215	275	33	1
250	275	33	1
176	276	33	1
192	276	33	1
205	276	33	1
239	276	33	1
183	277	33	1
202	277	33	1
207	277	33	1
216	277	33	1
236	277	33	1
178	278	33	1
210	278	33	1
234	278	33	1
235	278	33	1
239	278	33	1
243	278	33	1
245	278	33	2
176	279	33	1
201	279	33	1
240	279	33	1
241	279	33	1
176	280	33	1
187	280	33	2
191	280	33	1
209	280	33	1
221	280	33	1
248	280	33	1
173	281	33	1
209	281	33	1
223	281	33	1
234	281	33	1
243	281	33	1
248	281	33	2
175	282	33	1
222	282	33	2
223	282	33	1
225	282	33	1
238	282	33	1
241	282	33	2
189	283	33	1
215	283	33	1
236	283	33	1
239	283	33	1
205	284	33	1
222	284	33	1
225	284	33	1
237	284	33	1
242	284	33	1
248	284	33	2
254	284	33	1
219	285	33	1
220	285	33	1
225	285	33	1
185	286	33	1
188	286	33	1
203	286	33	1
208	286	33	1
218	286	33	1
220	286	33	1
228	286	33	1
243	286	33	1
244	286	33	1
179	287	33	1
204	287	33	1
219	287	33	1
228	287	33	1
230	287	33	1
251	287	33	1
236	288	33	2
257	288	33	1
184	289	33	1
241.5	289.5	33.5	1
230	290	33	1
233	290	33	1
241	290	33	1
247	290	33	1
186	291	33	1
201	291	33	1
223	291	33	1
236	291	33	1
240	291	33	2
247	291	33	1
249	291	33	1
226	292	33	1
233	292	33	1
235	292	33	1
236	292	33	1
242	292	33	1
177	293	33	1
226	293	33	1
228	293	33	1
233	293	33	1
237	293	33	2
241	293	33	1
247	293	33	1
251	293	33	1
213	294	33	1
229	294	33	1
231	294	33	1
244	294	33	1
251	294	33	1
201	295	33	1
220	295	33	1
229	295	33	1
231	295	33	1
230	296	33	1
241	296	33	2
252	296	33	1
195	297	33	1
227	297	33	1
228	297	33	1
232	297	33	1
245	297	33	1
196	298	33	1
233	298	33	1
234	298	33	1
246	298	33	2
248	298	33	1
227	299	33	1
197	300	33	1
225	300	33	1
196	301	33	1
226	301	33	1
228	301	33	1
229	301	33	1
236	301	33	1
237	301	33	1
199	302	33	1
211	302	33	1
223	302	33	1
228	302	33	1
229	302	33	1
236	302	33	1
246	302	33	1
223	303	33	2
231	303	33	1
232	303	33	1
237	303	33	1
227	304	33	2
229	304	33	1
237	304	33	1
243	304	33	1
208	305	33	1
227	305	33	1
230	305	33	2
235	305	33	1
206	307	33	1
221	307	33	1
226	307	33	1
227	307	33	1
233	307	33	1
217	308	33	1
221	308	33	1
237	308	33	1
223	309	33	1
225	309	33	1
226	309	33	1
235	309	33	1
217	310	33	2
228	310	33	1
231	310	33	1
233	310	33	1
218	311	33	2
232	311	33	1
236	311	33	1
222	312	33	1
223	313	33	2
234	313	33	1
232	314	33	1
235	314	33	2
230	318	33	1
226	250	34	1
228	253	34	1
225	254	34	2
235	254	34	1
239	254	34	1
221	255	34	1
226	255	34	1
243	256	34	1
220	257	34	1
218	258	34	1
221	258	34	1
223	258	34	1
228	258	34	1
218	259	34	1
219	259	34	1
230	259	34	1
234	259	34	1
244	259	34	1
214	260	34	1
215	260	34	1
243	260	34	1
245	260	34	1
188	261	34	1
190	261	34	1
220	261	34	1
222	261	34	1
230	261	34	1
244	261	34	1
194	262	34	1
216	262	34	1
217	262	34	1
221	262	34	1
224	262	34	1
234	262	34	1
247	262	34	1
185	263	34	1
206	263	34	1
211	263	34	1
213	263	34	1
217	263	34	1
237	263	34	1
241	263	34	1
250	263	34	1
188	264	34	2
191	264	34	1
200	264	34	1
212	264	34	1
216	264	34	1
222	264	34	1
224	264	34	1
226	264	34	1
229	264	34	1
242	264	34	1
231	265	34	1
232	265	34	1
178	266	34	1
188	266	34	1
195	266	34	1
196	266	34	1
211	266	34	1
220	266	34	1
249	266	34	1
251	266	34	1
189	267	34	1
206	267	34	1
214	267	34	1
232	267	34	1
240	267	34	2
242	267	34	1
194	268	34	1
195	268	34	1
208	268	34	1
215	268	34	1
218	268	34	1
227	268	34	1
250	268	34	1
176	269	34	1
217	269	34	1
220	269	34	1
248	269	34	1
249	269	34	1
251	269	34	1
253	269	34	1
184	270	34	1
194	270	34	1
214	270	34	1
233	270	34	1
239	270	34	2
240	270	34	1
245	270	34	1
188	271	34	1
189	271	34	1
205	271	34	1
218	271	34	1
243	271	34	1
244	271	34	1
180	272	34	1
198	272	34	2
207	272	34	1
211	272	34	1
232	272	34	1
235	272	34	1
239	272	34	1
182	273	34	2
184	273	34	1
185	273	34	1
186	273	34	2
197	273	34	1
203	273	34	1
211	273	34	1
216	273	34	1
239	273	34	1
245	273	34	1
248	273	34	1
178	274	34	1
185	274	34	1
196	274	34	1
210	274	34	1
229	274	34	1
232	274	34	1
233	274	34	1
246	274	34	1
250	274	34	1
185	275	34	1
235	275	34	1
237	275	34	2
241	276	34	1
243	276	34	1
245	276	34	1
183	277	34	1
189	277	34	1
176	278	34	1
201	278	34	1
226	278	34	1
231	278	34	1
236	278	34	2
239	278	34	1
192	279	34	1
204	279	34	1
207	279	34	1
208	279	34	1
209	279	34	1
210	279	34	1
215	279	34	1
241	279	34	1
174	280	34	1
175	280	34	1
178	280	34	1
221	280	34	1
233	280	34	1
249	280	34	1
173	281	34	2
174	281	34	1
175	281	34	1
202	281	34	1
206	281	34	1
207	281	34	1
227	281	34	1
179	282	34	1
209	282	34	1
212	282	34	2
215	282	34	1
232	282	34	1
233	282	34	2
235	282	34	1
249	282	34	1
251	282	34	1
176	283	34	1
226	283	34	2
231	283	34	1
235	283	34	1
238	283	34	1
250	283	34	1
191	284	34	1
206	284	34	1
212	284	34	1
214	284	34	1
219	284	34	1
238	284	34	1
247	284	34	1
179	285	34	1
210	285	34	1
219	285	34	1
233	285	34	1
242	285	34	1
248	285	34	1
207	286	34	1
209	286	34	2
226	286	34	1
229	286	34	1
239	286	34	1
255	286	34	1
222	287	34	2
227	287	34	1
229	287	34	1
236	287	34	1
238	287	34	1
241	287	34	1
243	287	34	1
252	287	34	1
199	288	34	1
200	288	34	1
201	288	34	1
222	288	34	2
223	288	34	1
231	288	34	1
237	288	34	1
238	288	34	1
249	288	34	1
202	289	34	1
226	289	34	1
230	289	34	1
233	289	34	1
235	289	34	2
245	289	34	3
248	289	34	2
204	290	34	1
224	290	34	1
221	291	34	1
222	291	34	1
224	291	34	1
232	291	34	1
244	291	34	1
204	292	34	1
223	292	34	2
229	292	34	1
233	292	34	1
188	293	34	1
197	293	34	1
227	293	34	2
231	293	34	1
232	293	34	1
244	293	34	2
247	293	34	1
195	294	34	1
201	294	34	1
223	294	34	1
226	294	34	1
236	294	34	1
242	294	34	1
243	294	34	1
179	295	34	1
202	295	34	1
203	295	34	1
224	295	34	2
231	295	34	1
233	295	34	1
240	295	34	1
198	296	34	1
205	296	34	1
221	296	34	1
226	296	34	1
195	297	34	1
196	297	34	1
199	297	34	1
204	297	34	1
234	297	34	1
220	298	34	1
224	298	34	1
233	298	34	1
235	298	34	1
236	298	34	1
241	298	34	1
197	299	34	1
228	299	34	1
232	299	34	1
247	299	34	1
226	300	34	1
207	301	34	1
243	301	34	1
245	301	34	1
223	302	34	1
232	302	34	1
237	302	34	1
231	303	34	1
233	303	34	1
243	303	34	1
245	303	34	2
199	305	34	1
204	305	34	1
225	305	34	2
239	305	34	1
223	306	34	1
225	306	34	1
230	306	34	1
234	306	34	1
241	306	34	1
234	307	34	1
225	308	34	1
226	308	34	1
233	308	34	1
239	308	34	1
240	308	34	2
242	308	34	1
221	309	34	1
227	309	34	1
233	309	34	2
221	310	34	1
222	310	34	1
236	310	34	1
240	310	34	1
224	311	34	1
227	311	34	1
230	311	34	1
232	311	34	1
235	311	34	1
216	312	34	1
224	313	34	1
226	313	34	1
232	313	34	2
229	314	34	1
231	315	34	1
233	315	34	1
230	316	34	1
227	317	34	1
231	317	34	1
233	317	34	1
219	253	35	1
221	254	35	1
223	254	35	1
226	254	35	1
227	254	35	1
223	255	35	2
224	255	35	1
229	255	35	1
231	255	35	1
216	256	35	1
218	256	35	1
228	256	35	1
229	256	35	1
210	257	35	1
216	257	35	1
224	257	35	1
230	257	35	1
218	258	35	1
221	258	35	1
227	258	35	1
229	258	35	1
230	258	35	2
237	258	35	1
244	258	35	1
211	259	35	1
225	259	35	1
226.5	259.5	35.5	1
234	259	35	1
217	260	35	1
231	260	35	1
239	260	35	1
243	260	35	1
191	261	35	1
212	261	35	1
216	261	35	1
218	261	35	1
220	261	35	1
221	261	35	1
227	261	35	1
231	261	35	1
236	261	35	1
246	261	35	1
190	262	35	1
211	262	35	1
213	262	35	1
224	262	35	2
238	262	35	1
212	263	35	1
216	263	35	1
224	263	35	1
226	263	35	1
227	263	35	1
230	263	35	1
235	263	35	1
238	263	35	1
190	264	35	1
191	264	35	1
213	264	35	1
221	264	35	1
222	264	35	1
225	264	35	1
229	264	35	2
243	264	35	1
248	264	35	1
184	265	35	1
187	265	35	2
193	265	35	1
223	265	35	1
226	265	35	2
231	265	35	1
239	265	35	1
245	265	35	1
249	265	35	1
183	266	35	1
187	266	35	1
196	266	35	1
208	266	35	1
209	266	35	1
228	266	35	1
184	267	35	1
189	267	35	1
210	267	35	1
212	267	35	1
215	267	35	1
216	267	35	1
219	267	35	1
228	267	35	1
239	267	35	1
242	267	35	1
247	267	35	1
248	267	35	1
187	268	35	1
207	268	35	2
185	269	35	1
188	269	35	1
191	269	35	1
194	269	35	1
201	269	35	1
213	269	35	2
214	269	35	1
215	269	35	1
220	269	35	1
224	269	35	1
234	269	35	1
235	269	35	1
179	270	35	2
189	270	35	1
191	270	35	1
210	270	35	1
227	270	35	1
239	270	35	1
173	271	35	1
180	271	35	1
185	271	35	1
190	271	35	2
201	271	35	2
207	271	35	1
235	271	35	1
237	271	35	1
238	271	35	1
243	271	35	1
245	271	35	1
248	271	35	1
176	272	35	1
205	272	35	1
207	272	35	1
209	272	35	1
210	272	35	1
215	272	35	1
216	272	35	1
219	272	35	1
240	272	35	1
185	273	35	2
208	273	35	1
227	273	35	1
239	273	35	1
248	273	35	1
186	274	35	1
212	274	35	1
223	274	35	1
234	274	35	1
244	274	35	1
245	274	35	1
176	275	35	1
185	275	35	1
225	275	35	1
237	275	35	1
243	275	35	1
175	276	35	1
219	276	35	1
233	276	35	1
248	276	35	1
176	277	35	1
185	277	35	1
205	277	35	1
229	277	35	1
230	277	35	1
171	278	35	1
183	278	35	1
236	278	35	1
243	278	35	1
244	278	35	1
184	279	35	1
217	279	35	1
221	279	35	1
172	280	35	1
174	280	35	1
175	280	35	1
179	280	35	1
180	280	35	2
217	280	35	1
224	280	35	1
226	280	35	1
180	281	35	1
187	281	35	1
211	281	35	2
212	281	35	1
217	281	35	1
222	281	35	1
228	281	35	1
244	281	35	1
248	281	35	1
190	282	35	1
203	282	35	1
214	282	35	1
218	282	35	1
220	282	35	1
189	283	35	1
220	283	35	1
223	283	35	1
229	283	35	1
232	283	35	1
238	283	35	1
246	283	35	1
185	284	35	1
186	284	35	1
215	284	35	2
224	284	35	1
234	284	35	1
245	284	35	1
246	284	35	1
248	284	35	1
185	285	35	1
187	285	35	1
189	285	35	1
206	285	35	1
220	285	35	1
174	286	35	2
188	286	35	1
199	286	35	2
207	286	35	1
219	286	35	1
228	286	35	1
233	286	35	1
189	287	35	1
190	287	35	1
200	287	35	1
206	287	35	2
208	287	35	1
224	287	35	1
229	287	35	1
239	287	35	1
243	287	35	1
190	288	35	1
192	288	35	1
195	288	35	1
199	288	35	1
219	288	35	1
221	288	35	1
222	288	35	1
236	288	35	1
237	288	35	1
245	288	35	1
185	289	35	1
190	289	35	1
204	289	35	1
205	289	35	1
224	289	35	1
226	289	35	1
237	289	35	1
238	289	35	1
250	289	35	1
195	290	35	1
197	290	35	1
203	290	35	1
224	290	35	1
225	290	35	2
243	290	35	1
244	290	35	1
183	291	35	2
185	291	35	1
200	291	35	1
206	291	35	1
174	292	35	1
185	292	35	1
193	292	35	1
194	292	35	1
198	292	35	1
200	292	35	1
223	292	35	1
228	292	35	1
230	292	35	1
231	292	35	1
232	292	35	1
250	292	35	1
206	293	35	1
222	293	35	1
230	293	35	2
232	293	35	1
246	293	35	1
190	294	35	1
198	294	35	2
204	294	35	1
226	294	35	1
236	294	35	1
244	294	35	1
181	295	35	1
202	295	35	1
220	295	35	2
230	295	35	1
238	295	35	2
195	296	35	1
198	296	35	2
202	296	35	1
236	296	35	1
238	296	35	1
242	296	35	1
194	297	35	1
196	297	35	1
198	297	35	2
202	297	35	1
228	297	35	1
244	297	35	1
221	298	35	1
223	298	35	1
228	299	35	1
240	299	35	1
242	299	35	1
233	300	35	1
239	300	35	1
196	301	35	1
236	301	35	1
222	302	35	1
227	302	35	1
238	302	35	1
225	303	35	3
244	303	35	1
233	304	35	1
207	305	35	1
223	305	35	1
234	305	35	1
236	306	35	1
234	307	35	1
237	307	35	1
242	307	35	1
243	307	35	1
222	308	35	1
241	308	35	1
229	309	35	1
242	309	35	2
218	310	35	1
221	310	35	1
229	310	35	1
235	310	35	1
237	310	35	1
215	311	35	1
240	311	35	1
213	312	35	1
237	312	35	1
223	313	35	1
230	313	35	1
210	316	35	2
227	317	35	1
234	317	35	2
238	317	35	1
233	319	35	1
229	254	36	1
218	257	36	1
224	258	36	1
225	258	36	1
226	258	36	1
221	259	36	3
233	259	36	1
212	260	36	1
217	260	36	1
237	260	36	1
216	261	36	1
228	261	36	1
190	262	36	1
224	262	36	1
227	262	36	1
229	262	36	1
189	263	36	1
191	263	36	2
193	263	36	1
214	263	36	1
225	263	36	1
231	263	36	1
234	263	36	1
188	264	36	2
210	264	36	1
212	264	36	1
214	264	36	1
215	264	36	2
232	264	36	1
242	264	36	1
243	264	36	1
249	264	36	1
211	265	36	1
231	265	36	2
232	265	36	1
246	265	36	2
247	265	36	1
228	266	36	1
231	266	36	1
234	266	36	1
237	266	36	1
194	267	36	1
216	267	36	1
219	267	36	1
194	268	36	2
222	268	36	2
223	268	36	4
232	268	36	1
234	268	36	1
238	268	36	2
191	269	36	1
193	269	36	1
237	269	36	1
240	269	36	1
185	270	36	1
188	270	36	2
193	270	36	1
235	270	36	1
237	270	36	2
246	270	36	1
206	271	36	1
212	271	36	1
220	271	36	1
249	271	36	1
181	272	36	2
193	272	36	1
206	272	36	1
235	272	36	1
240	272	36	1
204	273	36	1
209	273	36	1
212	273	36	1
216	273	36	1
185	274	36	1
205	274	36	2
208	274	36	1
211	274	36	2
212	274	36	1
217	274	36	1
220	274	36	1
233	274	36	1
184	275	36	1
205	275	36	1
206	275	36	2
219	275	36	1
243	275	36	1
181	276	36	1
186	276	36	1
215	276	36	1
213	277	36	1
223	277	36	1
207	278	36	1
211	278	36	1
224	278	36	2
214	279	36	2
234	279	36	1
180	280	36	1
199	280	36	1
204	280	36	1
212	280	36	1
211	281	36	1
212	281	36	2
214	281	36	1
223	281	36	1
172	282	36	1
175	282	36	1
205	282	36	1
220	282	36	1
222	282	36	1
231	282	36	1
181	283	36	1
187	283	36	1
208	283	36	1
211	283	36	1
222	283	36	1
176	284	36	1
208	284	36	2
213	284	36	1
224	284	36	1
217	285	36	1
231	285	36	1
234	285	36	1
245	285	36	2
247	285	36	1
193	286	36	1
198	286	36	2
205	286	36	1
209	286	36	1
228	286	36	1
234	286	36	1
235	286	36	1
237	286	36	1
243	286	36	1
202	287	36	1
205	287	36	1
219	287	36	1
221	287	36	1
222	287	36	1
224	287	36	1
225	287	36	1
230	287	36	1
233	287	36	1
241	287	36	1
186	288	36	1
187	288	36	1
199	288	36	1
210	288	36	2
221	288	36	1
223	288	36	1
230	288	36	2
234	288	36	1
198	289	36	1
200	289	36	1
201	289	36	1
233	289	36	2
185	290	36	1
197	290	36	1
198	290	36	2
201	290	36	1
222	290	36	1
234	290	36	1
194	291	36	1
196	291	36	1
197	291	36	1
231	291	36	1
234	291	36	1
237	291	36	1
238	291	36	1
207	292	36	1
224	292	36	1
233	292	36	1
202	293	36	1
231	293	36	2
234	293	36	1
240	293	36	1
199	294	36	1
230	294	36	1
231	294	36	1
234	294	36	1
237	294	36	1
197	295	36	1
198	295	36	1
201	295	36	2
207	295	36	1
218	295	36	1
220	295	36	1
223	295	36	1
229	295	36	1
231	295	36	1
199	296	36	1
222	296	36	1
230	296	36	1
231	296	36	1
235	296	36	1
237	296	36	1
238	296	36	1
195	297	36	1
201	297	36	1
235	297	36	2
239	297	36	1
241	297	36	1
236	298	36	1
241	298	36	1
244	298	36	1
236	299	36	1
238	299	36	1
230	300	36	1
240	300	36	1
227	301	36	1
229	301	36	1
244	301	36	2
227	302	36	1
243	302	36	1
223	305	36	1
226	305	36	1
226	306	36	1
243	306	36	1
227	307	36	1
243	307	36	1
237	308	36	1
224	309	36	1
232	309	36	1
216	310	36	1
228	310	36	1
234	310	36	1
213	311	36	1
222	311	36	1
223	311	36	1
228	311	36	1
231	311	36	1
232	311	36	1
233	311	36	1
221	312	36	1
225	312	36	1
235	312	36	1
236	312	36	1
244	312	36	1
236	313	36	1
232	314	36	1
235	314	36	2
214	315	36	1
236	315	36	2
228	316	36	1
235	317	36	1
236	317	36	1
238	317	36	2
237	318	36	2
240	318	36	1
227	259	37	1
228	259	37	1
227	260	37	2
228	260	37	1
217	261	37	1
227	262	37	1
231	264	37	1
210	267	37	1
193	268	37	1
211	268	37	1
235	268	37	1
218	269	37	1
237	269	37	1
194	270	37	1
216	270	37	1
238	270	37	1
215	271	37	1
211	273	37	1
213	273	37	1
236	273	37	1
213	274	37	2
216	274	37	1
209	276	37	1
219	276	37	1
218	277	37	1
214	279	37	1
215	279	37	1
231	279	37	1
209	280	37	1
212	280	37	1
210	281	37	1
212	281	37	1
223	281	37	1
189	282	37	1
192	282	37	1
189	283	37	1
228	283	37	1
196	284	37	1
206	284	37	1
205	285	37	1
187	286	37	1
203	286	37	1
207	286	37	1
225	286	37	1
187	287	37	1
220	287	37	1
231	287	37	1
236	287	37	1
239	287	37	1
248	287	37	1
191	289	37	1
201	289	37	1
232	289	37	1
233	289	37	1
234	289	37	2
236	289	37	1
230	290	37	1
232	290	37	2
237	290	37	1
238	291	37	1
198	292	37	1
203	292	37	1
238	292	37	1
193	293	37	1
204	293	37	1
205	293	37	1
238	293	37	1
241	293	37	1
190	294	37	1
202	294	37	1
204	294	37	1
205	294	37	1
235	294	37	1
202	295	37	1
229	295	37	2
236	295	37	1
240	295	37	1
203	296	37	1
196	297	37	1
204	297	37	1
238	298	37	1
243	298	37	1
244	298	37	1
233	299	37	1
229	300	37	1
230	300	37	1
239	300	37	1
227	301	37	1
232	301	37	1
228	303	37	1
234	305	37	1
225	308	37	1
226	308	37	1
241	308	37	1
226	309	37	1
233	309	37	1
228	311	37	1
234	311	37	1
218	312	37	1
218	313	37	1
237	313	37	1
237	314	37	1
228	320	37	1
226	260	38	1
225	261	38	1
227	262	38	1
238	262	38	2
223	264	38	1
238	264	38	1
214	266	38	1
237	266	38	2
188	268	38	1
194	269	38	1
211	269	38	1
215	271	38	1
217	271	38	1
215	272	38	1
217	272	38	1
208	273	38	1
214	273	38	1
217	273	38	1
211	274	38	1
218	274	38	1
189	275	38	1
213	275	38	1
211	278	38	1
222	278	38	1
220	279	38	1
191	282	38	1
210	282	38	1
215	282	38	1
207	283	38	1
191	284	38	1
195	284	38	2
215	284	38	1
222	284	38	1
192	285	38	2
193	285	38	1
202	285	38	1
212	285	38	1
232	285	38	1
206	286	38	2
211	286	38	1
216	286	38	1
218	286	38	1
219	286	38	1
221	286	38	1
233	286	38	1
237	286	38	2
192	287	38	1
195	287	38	2
202	287	38	1
219	287	38	1
232	287	38	1
238	287	38	1
187	288	38	1
188	288	38	1
190	288	38	1
207	288	38	1
236	288	38	1
200	289	38	1
204	289	38	1
215	289	38	1
233	289	38	1
192	290	38	1
211	290	38	1
220	290	38	2
197	291	38	1
222	291	38	1
223	291	38	2
233	291	38	1
234	291	38	1
238	291	38	1
199	292	38	1
213	292	38	1
229	292	38	2
236	292	38	1
237	292	38	1
238	292	38	1
240	292	38	1
223	293	38	1
225	293	38	1
230	293	38	1
212	294	38	2
213	294	38	1
217	294	38	1
228	294	38	1
239	294	38	1
242	294	38	1
238	295	38	1
241	295	38	1
202	296	38	1
217	296	38	1
228	296	38	1
242	296	38	1
195	297	38	1
205	297	38	1
219	297	38	1
227	297	38	1
231	297	38	1
232	297	38	1
240	297	38	2
200	298	38	1
216	298	38	1
224	298	38	1
196	299	38	1
214	299	38	1
239	299	38	1
230	300	38	1
233	300	38	1
229	301	38	1
232	302	38	1
229	303	38	3
234	303	38	1
227	304	38	1
229	304	38	1
231	304	38	1
234	304	38	1
236	304	38	1
226	305	38	1
227	305	38	1
228	305	38	1
230	305	38	1
234	305	38	1
227	306	38	1
236	306	38	2
193	307	38	1
224	307	38	1
235	308	38	1
239	308	38	1
242	308	38	1
195	309	38	1
223	309	38	1
225	310	38	1
227	310	38	1
229	310	38	1
222	311	38	1
225	311	38	1
226	312	38	1
227	312	38	1
231	312	38	1
234	312	38	1
242	312	38	1
217	313	38	1
245	313	38	1
230	314	38	1
237	314	38	1
239	314	38	1
228	316	38	1
244	316	38	1
237	317	38	1
239	317	38	1
242	317	38	1
243	317	38	1
212	318	38	1
220	318	38	1
241	318	38	1
229	320	38	1
231	320	38	1
232	320	38	1
221	321	38	1
233	321	38	1
220	323	38	1
233	324	38	1
192	270	39	1
195	270	39	1
201	270	39	2
218	271	39	1
213	275	39	1
214	275	39	1
216	275	39	1
195	278	39	1
204	281	39	1
190	282	39	1
214	282	39	1
202	283	39	2
203	283	39	1
197	285	39	1
203	286	39	1
206	286	39	1
187	287	39	1
205	288	39	2
206	288	39	1
218	288	39	1
190	289	39	1
203	289	39	1
192	290	39	1
200	290	39	1
210	290	39	1
238	290	39	1
204	291	39	1
214	291	39	1
225	292	39	1
236	292	39	1
242	292	39	1
220	293	39	1
225	293	39	1
238	293	39	1
205	294	39	1
233	294	39	1
241	294	39	1
204	295	39	1
207	295	39	1
226	295	39	1
229	295	39	2
223	296	39	2
235	296	39	1
236	296	39	1
204	297	39	1
220	297	39	1
231	297	39	1
235	297	39	1
236	297	39	1
214	298	39	1
215	298	39	2
219	298	39	1
223	298	39	1
228	298	39	1
231	298	39	2
214	299	39	1
228	299	39	1
239	299	39	1
228	300	39	3
233	300	39	1
230	301	39	1
228	302	39	1
226	303	39	1
233	303	39	1
234	304	39	1
235	304	39	2
244	304	39	1
240	305	39	1
223	306	39	1
241	306	39	1
198	307	39	2
241	307	39	1
216	308	39	1
222	308	39	1
223	308	39	1
220	309	39	1
235	309	39	1
242	309	39	1
222	310	39	1
224	310	39	1
211	311	39	1
221	311	39	1
229	311	39	1
230	311	39	1
233	311	39	1
213	312	39	1
220	312	39	1
244	312	39	1
228	313	39	1
239	313	39	1
242	313	39	1
234	314	39	1
239	316	39	2
232	317	39	1
230	318	39	2
238	318	39	1
223	319	39	1
240	319	39	1
230	320	39	1
234	320	39	1
238	320	39	1
229	321	39	1
234	321	39	1
233	322	39	1
234	323	39	1
212	327	39	1
197	328	39	1
191	285	40	1
206	288	40	1
193	289	40	1
191	291	40	1
192	291	40	1
206	292	40	1
210	292	40	1
227	292	40	1
235	292	40	1
192	293	40	1
194	293	40	1
209	293	40	1
213	293	40	1
216	293	40	1
229	293	40	1
204	295	40	1
225	295	40	1
227	295	40	1
234	295	40	2
215	296	40	1
217	296	40	1
240	296	40	2
215	297	40	1
216	297	40	1
226	298	40	1
230	299	40	1
236	301	40	2
224	302	40	1
231	302	40	1
243	302	40	1
228	303	40	1
245	304	40	2
214	305	40	1
230	305	40	1
214	306	40	1
224	306	40	1
230	306	40	1
242	306	40	2
240	308	40	1
203	309	40	1
222	309	40	1
228	309	40	1
240	309	40	1
194	310	40	1
234	310	40	1
235	311	40	1
240	311	40	1
218	312	40	1
219	312	40	1
232	312	40	1
220	313	40	1
236	313	40	1
243	313	40	1
217	314	40	1
242	314	40	1
219	315	40	2
220	315	40	1
239	315	40	1
240	315	40	1
241	315	40	1
245	315	40	1
216	316	40	1
238	316	40	1
242	316	40	1
221	317	40	1
235	317	40	1
242	317	40	2
236	318	40	1
238	318	40	2
246	318	40	1
219	319	40	1
221	319	40	1
230	319	40	1
238	319	40	1
240	319	40	1
225	320	40	1
230	320	40	1
241	320	40	2
230	322	40	1
217	294	41	1
205	296	41	1
237	299	41	1
222	303	41	1
220	304	41	1
223	306	41	1
224	306	41	1
211	308	41	1
222	308	41	1
226	308	41	1
240	309	41	1
216	312	41	1
241	312	41	1
241	313	41	1
221	314	41	1
232	314	41	1
235	314	41	1
249	314	41	2
220	315	41	1
241	316	41	1
249	316	41	1
223	317	41	1
235	317	41	1
242	317	41	1
240	318	41	1
243	319	41	1
215	297	42	1
227	305	42	1
231	306	42	1
220	308	42	1
240	308	42	1
236	310	42	1
241	310	42	1
222	311	42	1
239	311	42	1
222	312	42	1
222	313	42	1
224	313	42	1
244	313	42	1
241	315	42	1
225	316	42	1
226	316	42	1
238	316	42	1
243	316	42	1
219	317	42	1
226	317	42	1
238	317	42	2
220	318	42	1
226	319	42	1
241	319	42	1
242	319	42	1
228	320	42	1
229	320	42	1
230	320	42	1
230	321	42	1
231	322	42	1
220	304	43	2
221	305	43	1
220	308	43	1
234	310	43	1
238	311	43	1
242	312	43	1
236	313	43	1
238	313	43	1
241	316	43	1
238	317	43	1
218	318	43	1
215	324	43	1
220	304	44	1
220	308	44	2
235	311	44	1
223	312	44	1
241	314	44	1
222	316	44	1
230	318	44	1
230	321	44	1
159	225	20	1
160	227	20	1
197	228	20	1
132	234	20	1
129	235	20	1
216	235	20	1
159	236	20	1
133	237	20	1
192	238	20	1
128	239	20	1
108	241	20	1
157	241	20	1
148	242	20	1
111	245	20	1
130	246	20	1
240	246	20	1
145	249	20	1
157	250	20	1
227	250	20	1
101	251	20	1
220	251	20	1
228	254	20	1
110	256	20	1
134	257	20	1
258	257	20	1
198	258	20	1
250	259	20	1
142	261	20	1
230	262	20	1
254	262	20	1
133	263	20	1
187	264	20	1
147	265	20	1
117	266	20	1
107	269	20	1
173	271	20	1
222	271	20	1
166	272	20	1
218	272	20	1
226	272	20	1
132	273	20	1
185	274	20	1
268	275	20	1
122	276	20	1
137	276	20	1
163	276	20	1
170	276	20	1
177	277	20	1
232	279	20	1
172	280	20	1
203	283	20	1
186	284	20	1
124	287	20	1
126	288	20	1
223	288	20	1
226	290	20	1
271	290	20	1
106	291	20	1
112	292	20	1
219	292	20	1
211	294	20	1
156	299	20	1
126	302	20	1
134	302	20	1
252	302	20	1
260	308	20	1
134	309	20	1
131	316	20	1
152	317	20	1
187	318	20	1
193	319	20	1
195	321	20	1
108	323	20	1
194	323	20	1
149	324	20	1
126	325	20	1
207	325	20	1
256	327	20	1
181	328	20	1
198	328	20	1
97	330	20	1
200	331	20	1
140	332	20	1
232	332	20	1
96	333	20	1
204	333	20	1
227	333	20	1
227	335	20	1
230	336	20	1
183	338	20	1
242	340	20	1
248	340	20	2
213	341	20	1
230	341	20	1
238	341	20	1
236	348	20	1
231	350	20	1
224	353	20	1
222	358	20	1
199	361	20	2
131	238	21	1
134	241	21	1
116	245	21	1
197	257	21	1
232	257	21	1
160	260	21	1
162	267	21	1
158	272	21	1
177	273	21	1
179	275	21	1
219	275	21	1
172	277	21	1
227	280	21	1
271	282	21	1
150	283	21	1
101	286	21	1
205	288	21	1
217	288	21	1
223	305	21	1
232	308	21	1
209	309	21	1
148	312	21	1
205	314	21	1
265	315	21	1
237	316	21	2
166	317	21	1
182	318	21	1
240	318	21	1
258	320	21	1
192	323	21	1
184	324	21	1
186	324	21	1
105	331	21	1
259	335	21	1
175	340	21	1
169	356	21	1
146	238	22	1
152	240	22	1
129	242	22	1
132	242	22	1
215	242	22	1
132	246	22	1
135	247	22	1
199	257	22	1
155	269	22	1
165	270	22	1
168	272	22	1
170	273	22	1
178	279	22	1
202	284	22	1
224	288	22	1
210	304	22	1
201	309	22	1
208	309	22	1
250	310	22	1
206	311	22	1
233	313	22	1
257	315	22	1
257	321	22	1
144	236	23	1
214	237	23	1
145	238	23	1
134	246	23	1
179	274	23	1
176	277	23	1
176	282	23	1
266	302	23	1
237	304	23	1
260	311	23	1
184	318	23	1
183	321	23	1
187	321	23	1
199	328	23	1
259	330	23	1
182	333	23	1
156	229	24	1
149	232	24	1
145	235	24	1
143	238	24	1
132	239	24	1
145	240	24	1
140	242	24	1
216	249	24	1
124	265	24	1
165	267	24	1
179	279	24	1
170	280	24	1
173	283	24	1
204	283	24	1
204	285	24	1
237	294	24	1
213	299	24	1
265	299	24	1
189	300	24	1
235	301	24	1
259	314	24	1
186	321	24	1
195	323	24	1
157	228	25	1
155	231	25	1
135	235	25	1
150	235	25	1
219	263	25	1
165	278	25	1
268	299	25	1
237	300	25	1
258	311	25	1
258	319	25	1
259	324	25	1
160	230	26	1
144	233	26	1
152	234	26	1
134	240	26	1
227	253	26	1
123	259	26	1
123	269	26	1
171	276	26	1
177	278	26	1
231	307	26	1
262	314	26	2
259	319	26	1
160	229	27	1
162	231	27	1
162	232	27	1
245	234	27	1
135	241	27	1
122	257	27	1
121	268	27	1
175	281	27	1
177	294	27	1
259	316	27	1
259	319	27	1
183	361	27	1
248	236	28	1
179	241	28	1
114	243	28	1
235	243	28	1
229	250	28	1
124	254	28	1
126	254	28	2
275	281	28	1
168	284	28	1
168	285	28	1
270	290	28	1
211	313	28	1
251	238	29	1
128	274	29	1
275	283	29	1
166	284	29	1
168	284	29	1
236	307	29	1
211	308	29	1
94	332	29	1
117	239	30	1
260	268	30	2
123	270	30	1
170	287	30	1
205	308	30	1
128	325	30	1
188	241	31	1
259	266	31	1
137	271	31	1
141	275	31	1
261	281	31	1
205	308	31	1
210	311	31	1
242	321	31	1
114	225	32	1
181	242	32	2
183	242	32	1
149	257	32	1
165	268	32	1
164	276	32	1
114	308	32	1
188	309	32	2
196	311	32	1
207	312	32	1
112	313	32	1
212	313	32	1
225	313	32	1
92	330	32	1
187	345	32	1
258	259	33	1
256	261	33	1
164	262	33	1
169	263	33	1
263	270	33	1
262	272	33	1
261	274	33	1
159	276	33	1
164	277	33	1
161	284	33	1
186	311	33	1
205	334	33	1
189	348	33	1
210	348	33	2
186	349	33	1
184	351	33	1
115	226	34	2
114	227	34	1
133	257	34	1
129	265	34	1
129	266	34	1
158	272	34	1
165	277	34	1
125	284	34	1
173	301	34	1
191	312	34	1
109	313	34	1
194	335	34	1
212	341	34	2
134	256	35	1
254	256	35	1
132	261	35	1
126	262	35	1
263	267	35	1
163	272	35	1
160	277	35	1
125	280	35	1
118	300	35	1
176	307	35	1
181	308	35	1
191	311	35	1
246	313	35	1
126	317	35	1
201	321	35	1
238	323	35	1
212	342	35	1
211	346	35	1
211	347	35	1
192	349	35	1
183	353	35	1
136	236	36	1
140	242	36	1
171	245	36	1
137	252	36	1
134	261	36	1
143	263	36	1
263	264	36	1
264	265	36	1
157	271	36	1
179	303	36	1
110	313	36	1
237	325	36	1
182	333	36	1
213	338	36	1
197	348	36	1
203	355	36	1
208	355	36	1
183	356	36	1
124	232	37	1
129	236	37	1
141	255	37	1
208	258	37	1
159	262	37	1
261	262	37	1
154	263	37	1
129	281	37	1
259	282	37	1
173	301	37	1
149	315	37	1
131	322	37	1
214	347	37	1
212	348	37	1
170	234	38	1
175	245	38	1
233	252	38	1
147	253	38	1
143	255	38	1
166	258	38	1
146	259	38	1
146	261	38	1
152	264	38	1
156	265	38	1
143	277	38	1
164	280	38	1
125	285	38	1
170	298	38	1
114	307	38	1
138	320	38	1
242	324	38	1
147	333	38	2
188	333	38	1
247	347	38	1
114	219	39	1
198	233	39	1
136	236	39	1
163	240	39	1
125	241	39	1
145	241	39	1
173	248	39	1
135	249	39	1
137	251	39	2
139	257	39	1
147	259	39	1
159	260	39	1
157	263	39	1
131	268	39	1
134	268	39	1
142	270	39	1
143	274	39	1
141	275	39	1
146	275	39	1
141	279	39	1
147	279	39	1
133	283	39	1
139	293	39	1
263	294	39	1
171	297	39	1
172	304	39	1
119	317	39	1
135	317	39	1
117	320	39	1
149	321	39	1
181	324	39	1
151	334	39	1
209	344	39	1
247	347	39	1
163	237	40	1
197	237	40	1
140	245	40	2
126	248	40	1
136	252	40	1
140	255	40	1
143	256	40	1
134	258	40	1
145	259	40	1
156	259	40	1
157	260	40	1
258	267	40	1
134	270	40	1
154	274	40	1
132	275	40	1
130	296	40	1
177	301	40	1
133	303	40	1
181	303	40	1
130	304	40	1
171	304	40	1
124	309	40	1
146	318	40	1
243	330	40	1
183	332	40	1
176	333	40	1
245	340	40	1
208	343	40	1
207	357	40	1
171	358	40	1
110	222	41	1
134	229	41	1
142	241	41	1
170	244	41	1
126	246	41	1
143	252	41	1
146	260	41	1
175	260	41	1
143	261	41	1
142	262	41	1
149	265	41	1
168	266	41	1
132	267	41	1
144	269	41	1
151	270	41	1
228	272	41	1
147	273	41	1
150	273	41	1
133	277	41	1
148	280	41	1
156	284	41	1
134	290	41	1
154	291	41	1
139	293	41	1
131	295	41	1
150	296	41	1
162	297	41	1
131	298	41	1
252	298	41	1
168	300	41	1
123	303	41	1
140	316	41	1
142	317	41	1
138	320	41	1
179	326	41	1
184	330	41	1
174	331	41	1
130	332	41	1
180	332	41	1
153	334	41	1
154	334	41	1
164	335	41	1
238	335	41	1
194	340	41	1
194	344	41	1
206	346	41	1
166	240	42	1
140	253	42	1
139	254	42	1
213	256	42	1
210	258	42	1
211	259	42	1
155	261	42	1
166	262	42	1
141	268	42	1
213	272	42	1
162	275	42	1
151	280	42	1
162	282	42	1
134	290	42	1
133	292	42	1
136	301	42	1
138	302	42	1
129	308	42	1
139	318	42	1
133	324	42	1
134	331	42	1
126	333	42	1
194	336	42	1
211	342	42	1
206	350	42	1
141	232	43	1
137	233	43	1
140	238	43	1
179	246	43	1
143	260	43	1
160	260	43	1
171	260	43	1
152	262	43	1
158	262	43	1
164	262	43	1
143	268	43	1
149	268	43	1
141	272	43	1
147	273	43	1
132	275	43	1
182	275	43	1
147	278	43	1
148	279	43	1
143	282	43	1
154	286	43	1
256	289	43	1
139	293	43	1
137	319	43	1
131	336	43	1
218	336	43	1
139	238	44	1
178	245	44	1
146	274	44	1
154	276	44	1
147	278	44	1
159	281	44	1
137	287	44	1
139	299	44	1
216	337	44	1
211	346	44	1
231	346	44	1
174	259	45	1
150	283	45	1
140	285	45	1
127	303	45	1
141	315	45	1
245	340	45	1
152	282	46	1
154	283	46	1
188	328	46	1
164	281	47	1
140	293	47	1
146	293	47	1
186	257	48	1
169	324	48	2
195	252	49	1
144	284	49	1
147	292	49	1
268	317	49	1
139	326	49	1
148	337	49	1
197	342	49	1
211	346	49	1
184	352	49	1
121	234	50	1
155	263	50	1
157	313	50	1
