x	y	z	Pyruvate metabolism
243	288	24	2
244	290	24	1
247	277	25	1
241	283	25	1
250	284	25	1
243	285	25	1
244	285	25	1
233	286	25	1
246	287	25	1
251	287	25	1
226	291	25	1
235	291	25	1
244	296	25	1
182	260	26	1
236	268	26	1
236	269	26	2
227	270	26	1
238	270	26	1
246	275	26	2
249	275	26	1
235	278	26	1
234	279	26	1
249	279	26	1
248	280	26	1
237	282	26	1
238	282	26	1
232	289	26	1
239	291	26	1
249	292	26	2
244	294	26	1
243	295	26	1
244	295	26	1
242	297	26	1
243	299	26	1
183	257	27	1
229	259	27	1
235	263	27	1
180	264	27	1
237	264	27	1
230	265	27	1
227	266	27	1
197	268	27	1
236	268	27	1
213	269	27	1
238	269	27	1
233	270	27	1
244	270	27	1
250	270	27	1
232	271	27	1
238	271	27	1
239	271	27	1
203	272	27	1
230	272	27	1
207	273	27	1
234	273	27	1
208	276	27	1
209	276	27	1
207	277	27	1
236	277	27	1
228	281	27	1
237	281	27	1
239	281	27	1
243	281	27	1
235	282	27	1
250	282	27	1
227	283	27	1
234	283	27	1
253	283	27	1
207	284	27	1
215	284	27	1
209	285	27	1
233	285	27	1
236	285	27	1
254	285	27	1
206	286	27	1
218	286	27	1
237	286	27	1
227	287	27	1
232	287	27	1
233	287	27	1
242	287	27	1
243	288	27	1
247	288	27	1
253	288	27	1
235	290	27	1
249	290	27	1
247	292	27	1
218	293	27	1
237	293	27	1
249	293	27	1
255	295	27	1
236	296	27	1
235	300	27	1
245	302	27	1
236	304	27	1
244	304	27	1
235	268	28	1
240	271	28	1
241	280	28	1
252	281	28	1
242	285	28	1
240	291	28	1
241	291	28	1
240	294	28	1
240	295	28	1
242	295	28	1
181	258	29	1
245	263	29	1
248	266	29	1
200	270	29	1
235	270	29	1
173	271	29	1
214	272	29	1
235	272	29	1
233	274	29	1
232	275	29	1
234	280	29	1
246	280	29	1
250	281	29	2
235	282	29	1
241	287	29	1
250	289	29	1
247	290	29	1
247	291	29	1
251	291	29	1
245	292	29	1
220	295	29	1
239	296	29	1
239	297	29	1
224	298	29	1
249	298	29	1
226	299	29	1
236	301	29	1
237	304	29	1
191	255	30	1
230	257	30	1
234	259	30	1
237	260	30	1
229	261	30	1
230	262	30	1
233	262	30	1
216	263	30	1
242	263	30	1
228	264	30	1
250	264	30	1
236	265	30	2
248	265	30	1
226	266	30	1
243	266	30	1
194	267	30	1
198	269	30	1
199	269	30	1
242	269	30	2
238	270	30	2
198	271	30	1
212	271	30	1
216	271	30	1
249	271	30	1
179	272	30	1
241	274	30	1
179	275	30	1
206	276	30	1
226	278	30	1
239	279	30	1
246	279	30	1
238	280	30	1
245	281	30	1
219	282	30	1
245	282	30	1
252	282	30	1
225	285	30	1
236	285	30	1
230	286	30	1
249	286	30	1
248	287	30	1
235	288	30	1
236	288	30	1
248	288	30	1
247	289	30	1
229	291	30	1
247	291	30	1
194	292	30	1
198	292	30	1
230	292	30	1
247	292	30	1
234	295	30	1
255	295	30	1
243	297	30	1
240	298	30	1
252	298	30	1
237	301	30	1
227	254	31	1
235	254	31	1
215	255	31	1
188	258	31	1
215	258	31	1
230	259	31	1
239	260	31	1
225	261	31	1
239	261	31	1
211	262	31	1
226	262	31	1
185	263	31	1
209	264	31	1
217	264	31	1
221	264	31	1
223	264	31	1
248	265	31	1
243	266	31	1
241	267	31	1
220	268	31	1
231	268	31	1
243	268	31	2
245	268	31	1
214	269	31	1
230	269	31	1
240	270	31	1
224	271	31	2
248	272	31	1
180	274	31	1
225	274	31	1
205	275	31	1
181	276	31	1
253	276	31	1
235	277	31	1
244	278	31	1
238	279	31	1
249	279	31	1
176	280	31	2
235	280	31	1
241	280	31	2
237	281	31	1
219	283	31	1
251	283	31	1
209	284	31	1
224	284	31	1
225	285	31	1
246	287	31	1
234	288	31	1
225	290	31	1
232	292	31	1
198	293	31	1
235	293	31	1
253	293	31	1
256	293	31	1
237	294	31	1
251	294	31	1
222	295	31	1
223	295	31	1
241	295	31	1
250	295	31	1
252	297	31	1
237	298	31	1
221	299	31	1
246	299	31	1
251	299	31	1
224	301	31	1
243	301	31	1
237	305	31	1
233	306	31	1
235	252	32	1
216	253	32	1
237	253	32	1
240	255	32	1
234	256	32	1
240	259	32	1
243	259	32	1
245	259	32	1
246	260	32	1
225	261	32	1
237	261	32	1
221	263	32	1
232	263	32	1
236	263	32	1
241	263	32	1
215	264	32	1
217	264	32	1
247	264	32	1
203	265	32	1
230	265	32	1
186	266	32	1
219	267	32	2
186	268	32	1
211	268	32	1
212	268	32	1
176	269	32	1
246	269	32	1
197	270	32	1
207	270	32	1
210	270	32	1
176	271	32	1
215	271	32	1
247	271	32	1
240	272	32	1
212	273	32	1
242	273	32	1
236	274	32	2
250	274	32	1
176	277	32	1
204	277	32	1
224	277	32	1
236	277	32	1
242	277	32	1
246	278	32	1
176	280	32	1
245	283	32	1
251	283	32	1
254	283	32	1
209	284	32	1
182	285	32	1
255	285	32	1
206	286	32	1
242	286	32	1
222	287	32	1
231	287	32	1
223	289	32	1
237	289	32	1
243	290	32	1
238	291	32	1
249	292	32	1
192	295	32	1
195	295	32	1
217	295	32	1
231	295	32	1
250	295	32	1
235	296	32	1
228	299	32	1
241	299	32	1
232	300	32	1
222	303	32	1
241	303	32	1
225	304	32	1
236	308	32	1
228	309	32	1
230	310	32	1
243	258	33	1
220	259	33	1
229	259	33	1
229	260	33	1
231	260	33	1
237	260	33	1
240	260	33	1
209	261	33	1
230	261	33	1
218	262	33	1
237	263	33	1
249	263	33	1
211	264	33	1
194	265	33	1
208	265	33	1
185	266	33	1
230	266	33	1
245	267	33	1
196	269	33	1
174	270	33	1
215	270	33	1
244	271	33	1
205	272	33	1
203	273	33	1
215	273	33	1
248	273	33	1
253	273	33	1
243	276	33	1
178	277	33	1
183	277	33	1
187	277	33	1
207	277	33	1
223	278	33	1
243	279	33	1
177	280	33	1
241	282	33	1
229	283	33	1
247	285	33	1
185	286	33	1
206	286	33	1
236	286	33	1
205	287	33	1
208	287	33	1
229	287	33	1
250	288	33	1
235	289	33	1
228	292	33	1
177	294	33	1
239	294	33	1
230	296	33	1
246	296	33	1
236	297	33	1
242	298	33	1
243	298	33	1
235	300	33	1
247	300	33	1
239	301	33	1
230	302	33	1
238	306	33	1
201	307	33	1
235	307	33	1
231	310	33	1
230	318	33	1
228	254	34	1
233	254	34	1
219	258	34	1
240	258	34	1
240	261	34	1
231	263	34	1
224	264	34	2
236	264	34	1
229	265	34	1
232	265	34	1
244	265	34	1
211	266	34	1
217	266	34	1
217	267	34	1
220	267	34	1
224	267	34	1
220	268	34	1
249	268	34	1
208	269	34	1
233	269	34	1
184	270	34	1
206	270	34	1
188	271	34	1
239	272	34	1
184	273	34	1
210	274	34	1
238	274	34	1
235	275	34	1
239	275	34	1
208	276	34	1
240	276	34	1
203	277	34	1
186	278	34	1
188	278	34	1
209	279	34	1
243	279	34	1
176	280	34	1
245	280	34	1
204	283	34	1
251	283	34	1
227	284	34	1
221	285	34	1
202	286	34	1
223	287	34	1
187	288	34	1
219	289	34	1
241	289	34	1
253	290	34	1
223	291	34	1
232	292	34	1
233	292	34	1
236	292	34	1
241	292	34	1
247	293	34	1
199	294	34	1
222	295	34	1
239	295	34	1
217	296	34	1
240	296	34	2
242	296	34	1
238	300	34	1
236	303	34	1
199	304	34	1
231	304	34	1
227	305	34	1
226	307	34	1
242	307	34	1
221	253	35	1
218	256	35	1
221	256	35	2
228	256	35	1
221	257	35	1
234	259	35	1
190	260	35	1
216	260	35	1
227	260	35	1
244	261	35	1
210	262	35	1
225	264	35	1
229	264	35	1
243	264	35	1
178	265	35	1
184	266	35	1
194	266	35	1
220	266	35	1
187	267	35	1
207	267	35	1
222	267	35	1
249	267	35	1
195	268	35	1
218	270	35	1
220	270	35	1
235	270	35	1
239	270	35	1
192	271	35	2
194	271	35	1
237	272	35	1
186	273	35	1
209	273	35	1
234	273	35	1
241	273	35	1
223	274	35	1
243	274	35	1
250	274	35	1
209	276	35	1
173	277	35	1
176	277	35	1
229	277	35	1
178	278	35	1
172	279	35	1
193	279	35	1
234	279	35	1
194	280	35	1
216	282	35	1
229	282	35	1
189	283	35	1
233	283	35	1
243	283	35	1
216	284	35	1
241	284	35	1
180	285	35	1
175	287	35	1
185	287	35	1
200	287	35	1
200	288	35	1
184	289	35	1
185	289	35	1
237	289	35	2
198	291	35	1
206	291	35	1
216	291	35	1
231	291	35	1
232	291	35	1
201	293	35	1
184	295	35	1
191	295	35	1
219	296	35	1
221	296	35	1
228	296	35	1
229	297	35	1
239	297	35	1
198	298	35	1
240	299	35	1
241	299	35	1
195	300	35	1
241	300	35	1
231	301	35	1
229	302	35	1
238	303	35	1
243	303	35	1
243	304	35	1
239	307	35	1
226	308	35	1
242	309	35	1
236	311	35	1
237	313	35	1
232	316	35	1
226	257	36	1
232	258	36	1
218	259	36	1
222	262	36	1
227	262	36	1
220	264	36	1
230	265	36	1
230	266	36	1
231	266	36	1
235	266	36	1
236	268	36	2
237	268	36	1
238	270	36	1
248	270	36	1
193	272	36	1
208	272	36	1
209	273	36	1
217	274	36	1
231	275	36	1
211	281	36	1
212	281	36	1
207	283	36	1
218	283	36	1
202	284	36	1
240	284	36	1
217	285	36	1
245	285	36	1
200	287	36	1
245	287	36	1
196	288	36	1
237	288	36	1
238	288	36	1
243	288	36	1
233	289	36	1
237	290	36	1
241	290	36	1
231	291	36	1
233	291	36	1
205	293	36	1
182	294	36	1
234	294	36	1
237	294	36	1
201	295	36	1
223	295	36	1
244	295	36	1
236	296	36	1
239	296	36	1
232	297	36	1
245	298	36	1
236	299	36	1
242	300	36	1
235	302	36	1
236	303	36	1
235	304	36	1
222	308	36	1
229	309	36	1
235	312	36	1
240	312	36	1
230	313	36	1
238	314	36	1
228	259	37	1
228	261	37	1
217	263	37	1
222	263	37	1
188	268	37	1
220	268	37	1
210	269	37	1
237	269	37	1
190	270	37	1
194	271	37	1
219	271	37	1
220	275	37	1
205	286	37	1
220	286	37	1
239	286	37	1
201	288	37	1
210	288	37	1
200	289	37	1
237	289	37	1
197	290	37	1
224	291	37	1
202	294	37	1
234	295	37	1
225	296	37	1
235	297	37	1
202	298	37	1
232	298	37	1
234	305	37	1
214	311	37	1
232	264	38	1
189	266	38	1
211	270	38	1
214	277	38	1
211	281	38	1
229	283	38	1
201	284	38	1
201	285	38	1
220	287	38	1
191	290	38	1
206	293	38	1
231	293	38	1
204	295	38	1
201	296	38	1
240	296	38	1
243	296	38	1
199	297	38	1
201	297	38	1
236	297	38	1
239	297	38	1
215	298	38	1
237	298	38	1
243	298	38	1
233	304	38	1
237	304	38	1
235	305	38	1
241	309	38	1
241	310	38	1
214	311	38	1
226	312	38	1
242	312	38	1
217	314	38	1
236	316	38	1
243	317	38	1
217	281	39	1
190	282	39	1
216	284	39	1
190	287	39	1
195	288	39	1
217	288	39	1
201	289	39	1
207	291	39	1
188	292	39	1
208	293	39	1
236	294	39	1
224	295	39	1
236	295	39	1
200	297	39	1
230	298	39	1
228	299	39	1
229	301	39	1
236	306	39	1
232	307	39	1
240	308	39	1
228	311	39	1
232	311	39	1
240	311	39	1
219	313	39	1
234	314	39	1
238	315	39	1
225	317	39	1
211	324	39	1
197	283	40	1
204	293	40	1
224	302	40	1
232	302	40	1
223	305	40	1
240	308	40	1
215	309	40	1
227	309	40	1
240	311	40	1
217	315	40	1
229	315	40	1
236	316	40	1
238	319	40	1
216	321	40	1
212	324	40	1
214	298	41	1
231	310	41	1
223	313	41	1
238	315	41	1
243	316	41	1
215	297	42	1
231	300	42	1
222	303	42	1
239	306	42	1
218	316	42	1
220	316	42	1
231	316	42	1
229	319	42	1
231	319	42	1
242	309	43	1
244	319	43	1
219	310	44	1
204	316	44	1
238	317	44	1
229	321	44	1
142	221	20	1
179	221	20	1
127	222	20	1
132	222	20	1
142	222	20	2
176	222	20	1
175	223	20	2
134	224	20	1
144	224	20	1
155	224	20	1
176	224	20	1
153	225	20	1
162	225	20	1
115	226	20	1
139	226	20	3
172	226	20	1
155	227	20	1
160	227	20	1
189	227	20	2
128	228	20	2
130	228	20	1
157	228	20	1
158	228	20	2
174	228	20	2
179	228	20	1
196	228	20	2
112	229	20	1
115	229	20	1
118	229	20	1
153	229	20	1
160	229	20	2
129	230	20	1
157	230	20	1
169	230	20	1
204	230	20	1
121	231	20	1
132	231	20	1
149	231	20	2
160	231	20	1
161	231	20	1
177	231	20	1
135	232	20	1
137	232	20	1
197	232	20	1
147	233	20	2
152	233	20	1
165	233	20	1
169	233	20	2
214	233	20	2
215	233	20	3
130	234	20	1
132	234	20	3
138	234	20	2
215	234	20	1
126	235	20	1
129	235	20	1
135	235	20	3
136	235	20	1
137	235	20	1
141	235	20	1
151	235	20	1
158	235	20	2
206	235	20	1
220	235	20	1
127	236	20	5
134	236	20	2
154	236	20	1
215	236	20	1
129	237	20	1
135	237	20	1
137	237	20	1
145	237	20	2
151	237	20	3
168	237	20	2
202	237	20	1
220	237	20	1
222	237	20	1
248	237	20	1
117	238	20	1
126	238	20	2
127	238	20	1
140	238	20	2
141	238	20	2
143	238	20	2
145	238	20	2
168	238	20	2
213	238	20	1
142	239	20	2
160	239	20	1
165	239	20	1
215	239	20	1
230	239	20	3
102	240	20	4
118	240	20	3
132	240	20	1
147	240	20	2
149	240	20	2
214	240	20	2
239	240	20	2
108	241	20	1
122	241	20	1
126	241	20	1
127	241	20	1
131	241	20	1
145	241	20	1
146	241	20	1
157	241	20	1
237	241	20	2
120	242	20	2
130	242	20	1
136	242	20	1
141	242	20	2
148	242	20	1
207	242	20	1
116	243	20	1
124	243	20	2
130	243	20	1
181	243	20	1
213	243	20	2
240	243	20	1
247	243	20	1
118	244	20	1
135	244	20	1
145	244	20	1
155	244	20	1
162	244	20	3
188	244	20	2
210	244	20	1
214	244	20	1
220	244	20	1
242	244	20	1
108	245	20	1
111	245	20	2
169	245	20	1
183	245	20	1
226	245	20	1
241	245	20	1
117	246	20	1
122	246	20	2
149	246	20	1
159	246	20	1
215	246	20	1
221	246	20	1
237	246	20	1
240	246	20	1
246	246	20	1
141	248	20	2
158	248	20	2
166	248	20	2
175	248	20	2
210	248	20	1
233	248	20	1
151	249	20	1
191	249	20	2
194	249	20	1
215	249	20	1
131	250	20	2
157	250	20	1
162	250	20	1
175	250	20	2
225	250	20	1
227	250	20	2
260	250	20	1
175	251	20	1
220	251	20	1
118	252	20	1
161	252	20	1
173	252	20	1
175	252	20	1
207	252	20	1
234	252	20	2
120	253	20	1
122	253	20	1
161	253	20	1
194	253	20	1
252	253	20	1
127	254	20	1
154	254	20	2
161	254	20	1
180	254	20	2
238	254	20	3
243	254	20	1
244	254	20	1
255	254	20	1
121	255	20	1
197	255	20	1
198	255	20	1
232	255	20	2
246	255	20	1
251	255	20	2
110	256	20	1
158	256	20	1
161	256	20	2
204	256	20	1
241	256	20	1
262	256	20	2
134	257	20	1
146	257	20	1
162	257	20	1
164	257	20	1
170	257	20	1
175	257	20	1
229	257	20	4
230	257	20	3
251	257	20	1
265	257	20	1
132	258	20	1
162	258	20	1
163	258	20	1
215	258	20	1
220	258	20	4
232	258	20	2
233	258	20	2
136	259	20	1
166	259	20	1
167	259	20	1
195	259	20	1
197	259	20	1
203	259	20	1
229	259	20	1
231	259	20	2
157	260	20	3
200	260	20	3
130	261	20	1
140	261	20	1
141	261	20	1
142	261	20	1
156	261	20	1
191	261	20	1
207	261	20	1
215	261	20	1
231	261	20	1
118	262	20	1
124	262	20	1
144	262	20	1
150	262	20	2
170	262	20	1
225	262	20	1
254	262	20	2
163	263	20	1
166	263	20	1
191	263	20	1
207	263	20	2
210	263	20	1
259	263	20	1
105	264	20	1
136	264	20	1
146	264	20	1
160	264	20	1
168	264	20	1
187	264	20	3
221	264	20	1
249	264	20	1
254	264	20	1
134	265	20	3
137	265	20	2
162	265	20	1
176	265	20	2
232	265	20	1
113	266	20	2
117	266	20	1
120	266	20	2
129	266	20	2
136	266	20	1
170	266	20	1
172	266	20	1
179	266	20	1
197	266	20	1
211	266	20	1
225	266	20	3
118	267	20	1
154	267	20	1
160	267	20	2
168	267	20	1
239	267	20	1
121	268	20	2
145	268	20	2
146	268	20	2
157	268	20	1
162	268	20	2
212	268	20	2
213	268	20	1
255	268	20	1
107	269	20	2
112	269	20	1
119	269	20	1
140	269	20	3
147	269	20	3
149	269	20	1
151	269	20	1
155	269	20	2
159	269	20	3
214	269	20	1
246	269	20	1
257	269	20	2
113	270	20	1
114	270	20	1
125	270	20	3
155	270	20	1
156	270	20	1
210	270	20	1
217	270	20	3
224	270	20	1
226	270	20	3
128	271	20	1
164	271	20	3
167	271	20	1
201	271	20	1
225	271	20	1
268	271	20	1
107	272	20	2
115	272	20	1
119	272	20	2
125	272	20	1
154	272	20	1
162	272	20	1
168	272	20	1
170	272	20	1
175	272	20	1
225	272	20	1
226	272	20	1
255	272	20	2
264	272	20	1
152	273	20	1
176	273	20	2
201	273	20	2
211	273	20	1
220	273	20	1
139	274	20	1
159	274	20	1
165	274	20	2
169	274	20	2
214	274	20	1
226	274	20	5
134	275	20	1
148	275	20	2
154	275	20	1
169	275	20	1
208	275	20	1
226	275	20	1
235	275	20	1
236	275	20	1
268	275	20	1
130	276	20	1
137	276	20	3
155	276	20	1
158	276	20	1
180	276	20	1
258	276	20	2
266	276	20	1
111	277	20	2
140	277	20	2
177	277	20	2
189	277	20	1
219	277	20	2
226	277	20	2
227	277	20	1
129	278	20	1
170	278	20	1
180	278	20	1
208	278	20	1
269	278	20	1
270	278	20	1
120	279	20	1
163	279	20	1
171	279	20	2
175	279	20	1
177	279	20	1
178	279	20	1
204	279	20	1
225	279	20	1
234	279	20	1
269	279	20	1
109	280	20	2
125	280	20	1
133	280	20	2
163	280	20	2
175	280	20	1
193	280	20	1
197	280	20	2
199	280	20	1
224	280	20	1
256	280	20	1
131	281	20	1
166	281	20	1
176	281	20	1
216	281	20	1
218	281	20	1
226	281	20	1
116	282	20	1
149	282	20	2
152	282	20	1
158	282	20	1
172	282	20	1
181	282	20	2
219	282	20	1
161	283	20	2
176	283	20	1
179	283	20	1
214	283	20	2
217	283	20	1
219	283	20	1
232	283	20	1
271	283	20	1
272	283	20	1
214	284	20	2
223	284	20	1
265	284	20	2
267	284	20	1
109	285	20	1
137	285	20	1
141	285	20	1
202	285	20	1
205	285	20	2
208	285	20	1
230	285	20	1
231	285	20	2
101	286	20	1
133	286	20	1
213	286	20	2
155	287	20	1
220	287	20	1
221	287	20	1
224	287	20	1
268	287	20	1
113	288	20	1
162	288	20	2
215	288	20	1
218	288	20	2
223	288	20	1
225	288	20	1
230	288	20	1
124	289	20	2
143	289	20	1
179	289	20	2
181	289	20	1
201	289	20	1
217	289	20	2
222	289	20	3
252	289	20	1
271	289	20	1
142	290	20	1
161	290	20	1
214	290	20	1
224	290	20	1
226	290	20	1
250	290	20	1
106	291	20	1
108	291	20	1
117	291	20	1
151	291	20	2
262	291	20	1
104	292	20	2
129	292	20	1
146	292	20	1
157	292	20	2
173	292	20	1
207	292	20	1
237	292	20	1
244	292	20	1
264	292	20	1
265	292	20	1
106	293	20	2
142	293	20	3
148	293	20	1
161	293	20	1
165	293	20	1
204	293	20	2
222	293	20	1
225	293	20	1
226	293	20	1
258	293	20	1
118	294	20	1
136	294	20	1
161	294	20	1
194	294	20	1
216	294	20	1
264	294	20	2
196	295	20	2
218	295	20	2
220	295	20	2
266	295	20	1
116	296	20	1
120	296	20	1
157	296	20	1
170	296	20	1
196	296	20	1
216	296	20	1
228	296	20	1
133	297	20	1
238	297	20	1
256	297	20	1
268	297	20	1
110	298	20	1
159	298	20	2
165	298	20	1
189	298	20	1
192	298	20	1
203	298	20	1
237	298	20	1
246	298	20	1
265	298	20	1
134	299	20	1
156	299	20	1
179	299	20	2
219	299	20	1
243	299	20	2
257	299	20	1
264	299	20	1
270	299	20	1
232	300	20	1
266	300	20	1
133	301	20	1
149	301	20	2
159	301	20	1
161	301	20	1
186	301	20	2
240	301	20	1
250	301	20	1
116	302	20	1
167	302	20	1
187	302	20	1
204	302	20	1
252	302	20	3
261	302	20	1
101	303	20	1
141	303	20	2
194	303	20	2
222	303	20	1
96	304	20	1
157	304	20	1
158	304	20	1
166	304	20	2
185	304	20	1
203	304	20	1
209	304	20	1
210	304	20	2
238	304	20	1
243	304	20	2
130	305	20	2
234	305	20	3
237	305	20	1
252	305	20	1
146	306	20	1
172	306	20	2
177	306	20	1
182	306	20	1
191	306	20	1
200	306	20	1
209	306	20	3
258	306	20	1
259	306	20	1
261	306	20	1
118	307	20	1
124	307	20	3
177	307	20	1
211	307	20	1
213	307	20	2
227	307	20	1
234	307	20	1
238	307	20	1
239	307	20	1
171	308	20	2
219	308	20	2
227	308	20	1
233	308	20	2
235	308	20	2
134	309	20	1
202	309	20	1
205	309	20	1
224	309	20	1
238	309	20	2
239	309	20	2
242	309	20	1
260	309	20	1
263	309	20	1
269	309	20	2
118	310	20	1
241	310	20	1
245	310	20	1
255	310	20	1
107	311	20	1
143	311	20	1
152	311	20	1
201	311	20	1
230	311	20	1
93	312	20	2
211	312	20	1
233	312	20	4
247	312	20	1
256	312	20	1
258	312	20	1
94	313	20	1
107	313	20	1
174	313	20	1
176	313	20	1
197	313	20	1
201	313	20	1
212	313	20	2
217	313	20	2
100	314	20	2
202	314	20	1
259	314	20	1
268	314	20	1
133	315	20	1
148	315	20	3
150	315	20	1
169	315	20	3
198	315	20	1
240	315	20	3
243	315	20	2
250	315	20	2
263	315	20	1
265	315	20	1
98	316	20	2
146	316	20	1
177	316	20	2
182	316	20	1
198	316	20	1
204	316	20	1
228	316	20	1
244	316	20	1
257	316	20	3
259	316	20	1
95	317	20	1
113	317	20	2
152	317	20	2
162	317	20	2
172	317	20	1
202	317	20	1
212	317	20	1
232	317	20	2
242	317	20	1
117	318	20	1
121	318	20	2
172	318	20	1
198	318	20	2
247	318	20	1
258	318	20	1
260	318	20	2
261	318	20	2
263	318	20	1
171	319	20	1
190	319	20	1
193	319	20	1
179	320	20	1
180	320	20	2
187	320	20	1
204	320	20	2
243	320	20	1
259	320	20	3
94	321	20	3
112	321	20	1
140	321	20	1
195	321	20	2
197	321	20	2
210	321	20	2
213	321	20	1
237	321	20	1
254	321	20	1
256	321	20	1
257	321	20	1
97	322	20	1
178	322	20	4
185	322	20	1
198	322	20	1
200	322	20	1
106	323	20	1
108	323	20	1
164	323	20	1
177	323	20	2
193	323	20	1
198	323	20	1
222	323	20	3
234	323	20	1
264	323	20	1
149	324	20	1
165	324	20	2
169	324	20	1
173	324	20	1
177	324	20	4
194	324	20	1
203	324	20	1
179	325	20	2
181	325	20	2
183	325	20	1
185	325	20	1
187	325	20	1
190	325	20	2
195	325	20	1
207	325	20	1
258	325	20	1
259	325	20	1
128	326	20	2
194	326	20	1
203	326	20	1
212	326	20	2
217	326	20	2
219	326	20	3
240	326	20	1
261	326	20	1
106	327	20	1
139	327	20	1
145	327	20	1
153	327	20	2
161	327	20	1
189	327	20	2
190	327	20	1
212	327	20	1
228	327	20	1
233	327	20	1
258	327	20	2
261	327	20	1
135	328	20	1
144	328	20	2
181	328	20	1
198	328	20	1
200	328	20	1
212	328	20	6
221	328	20	2
257	328	20	1
260	328	20	1
106	329	20	1
120	329	20	1
147	329	20	2
169	329	20	2
179	329	20	1
180	329	20	3
199	329	20	2
210	329	20	2
131	330	20	2
150	330	20	1
181	330	20	1
195	330	20	1
258	330	20	1
262	330	20	2
100	331	20	1
200	331	20	1
205	331	20	1
240	331	20	2
255	331	20	1
114	332	20	1
140	332	20	1
150	332	20	1
172	332	20	1
176	332	20	2
179	332	20	2
191	332	20	1
209	332	20	1
260	332	20	1
157	333	20	1
174	333	20	1
175	333	20	2
235	333	20	1
261	333	20	1
151	334	20	1
186	334	20	1
205	334	20	1
207	334	20	1
210	334	20	1
256	334	20	3
179	335	20	1
182	335	20	1
227	335	20	1
237	335	20	2
169	336	20	1
188	336	20	2
194	336	20	1
200	336	20	1
207	336	20	1
224	336	20	4
248	336	20	2
173	337	20	1
217	337	20	2
236	337	20	1
246	337	20	1
190	338	20	1
173	339	20	4
242	339	20	2
249	339	20	2
233	340	20	1
248	340	20	2
157	341	20	2
230	341	20	1
234	341	20	1
237	341	20	1
238	341	20	3
242	341	20	2
173	342	20	1
185	342	20	1
231	342	20	2
210	343	20	2
229	343	20	1
161	344	20	1
242	344	20	1
183	345	20	2
209	345	20	2
223	345	20	2
162	346	20	2
213	346	20	1
217	346	20	2
198	347	20	1
201	347	20	2
173	348	20	1
232	348	20	3
186	349	20	3
190	349	20	1
192	349	20	2
165	350	20	1
206	351	20	1
178	352	20	1
197	352	20	1
216	352	20	1
165	353	20	1
173	353	20	2
212	353	20	2
170	354	20	1
208	354	20	2
230	354	20	3
210	355	20	1
229	356	20	1
180	357	20	2
182	357	20	1
198	357	20	1
199	357	20	2
215	357	20	1
220	357	20	1
178	358	20	1
220	358	20	2
173	359	20	1
176	359	20	1
218	359	20	1
186	360	20	1
206	360	20	1
176	361	20	1
199	361	20	1
203	361	20	1
205	361	20	2
182	362	20	1
193	364	20	1
142	224	21	1
172	224	21	1
175	225	21	1
180	225	21	1
183	226	21	1
139	228	21	1
147	228	21	1
154	229	21	1
154	230	21	1
173	230	21	2
110	231	21	1
137	231	21	1
141	235	21	2
133	236	21	1
140	236	21	1
141	236	21	1
146	236	21	2
132	237	21	1
138	237	21	2
144	237	21	1
128	238	21	1
131	238	21	1
132	238	21	1
137	238	21	1
148	238	21	1
151	238	21	1
129	239	21	2
135	239	21	1
139	239	21	2
147	239	21	1
195	239	21	1
127	240	21	2
128	240	21	1
132	240	21	1
137	240	21	1
141	240	21	2
146	240	21	2
151	240	21	1
190	240	21	2
212	240	21	1
241	240	21	1
129	241	21	2
132	241	21	1
134	241	21	1
135	241	21	2
147	241	21	2
214	241	21	2
126	242	21	1
128	242	21	1
137	242	21	2
144	242	21	2
215	242	21	1
128	243	21	2
129	243	21	1
141	243	21	1
143	243	21	1
146	243	21	1
135	244	21	2
141	244	21	1
145	244	21	2
194	245	21	1
217	245	21	1
135	246	21	2
132	247	21	1
201	247	21	1
173	248	21	1
212	248	21	1
117	251	21	1
217	251	21	1
220	251	21	1
232	251	21	3
148	252	21	1
201	252	21	1
220	252	21	1
225	253	21	1
223	254	21	1
225	254	21	1
161	255	21	1
169	255	21	2
227	256	21	1
197	257	21	2
140	258	21	1
196	260	21	3
130	261	21	3
163	262	21	1
189	262	21	2
133	263	21	1
219	263	21	1
163	264	21	1
181	264	21	1
161	265	21	2
162	265	21	1
222	265	21	3
221	266	21	1
162	267	21	1
164	267	21	1
117	269	21	1
178	269	21	1
115	270	21	2
117	270	21	1
126	270	21	1
164	270	21	1
120	271	21	1
159	271	21	2
174	271	21	1
158	272	21	3
163	272	21	1
166	272	21	1
120	273	21	1
133	273	21	1
157	273	21	4
164	273	21	1
224	273	21	1
134	274	21	2
149	274	21	1
176	275	21	1
179	275	21	2
219	275	21	2
136	276	21	1
165	276	21	1
173	276	21	1
221	276	21	1
223	276	21	1
267	276	21	1
119	277	21	1
174	277	21	1
218	277	21	1
219	277	21	1
124	278	21	1
157	278	21	1
171	278	21	1
218	278	21	1
221	278	21	2
176	279	21	1
177	279	21	1
178	279	21	1
186	279	21	3
220	279	21	1
225	279	21	1
266	279	21	1
147	280	21	1
168	280	21	1
177	280	21	1
205	280	21	1
219	280	21	2
169	281	21	2
219	281	21	1
140	282	21	2
170	282	21	2
173	282	21	1
217	282	21	1
271	282	21	1
173	283	21	2
216	283	21	1
217	283	21	1
215	284	21	1
230	284	21	1
123	285	21	1
237	285	21	1
101	286	21	1
219	287	21	1
221	287	21	1
251	287	21	1
134	288	21	1
205	288	21	1
217	288	21	2
220	288	21	2
271	288	21	1
225	289	21	1
219	290	21	1
220	290	21	1
178	291	21	1
244	292	21	1
216	293	21	1
142	294	21	1
235	294	21	2
269	294	21	2
217	295	21	2
218	295	21	1
193	296	21	1
150	297	21	1
154	297	21	1
214	297	21	2
162	298	21	1
177	298	21	2
232	298	21	2
192	299	21	1
131	300	21	2
214	300	21	2
210	301	21	1
269	301	21	2
270	301	21	1
189	302	21	2
236	302	21	2
264	302	21	1
146	303	21	1
186	303	21	2
240	303	21	1
187	304	21	1
190	304	21	1
235	304	21	1
240	304	21	1
204	305	21	1
209	305	21	2
242	305	21	1
203	306	21	1
238	306	21	1
207	307	21	1
243	307	21	2
180	308	21	1
201	308	21	1
205	308	21	1
232	308	21	1
259	308	21	3
260	308	21	1
264	308	21	1
209	309	21	2
239	309	21	2
261	309	21	1
264	309	21	1
112	310	21	1
132	310	21	1
180	310	21	1
230	310	21	3
252	310	21	1
257	310	21	2
261	310	21	1
93	311	21	1
199	311	21	2
260	311	21	1
203	312	21	1
256	312	21	1
258	312	21	1
200	313	21	1
260	313	21	1
175	314	21	1
203	314	21	1
205	314	21	2
230	314	21	1
237	314	21	1
256	314	21	1
163	315	21	1
257	315	21	1
258	315	21	2
265	315	21	3
208	316	21	2
170	318	21	1
233	318	21	2
240	318	21	1
260	318	21	1
264	318	21	3
152	319	21	3
184	319	21	1
241	319	21	1
247	319	21	1
118	321	21	1
132	321	21	1
183	321	21	1
185	321	21	1
264	321	21	2
178	322	21	1
187	322	21	1
199	322	21	2
179	323	21	1
181	323	21	1
185	323	21	2
192	323	21	2
227	323	21	1
149	324	21	1
178	324	21	3
187	324	21	1
195	324	21	1
177	325	21	2
199	325	21	1
96	326	21	1
188	327	21	1
147	328	21	1
100	329	21	2
157	329	21	1
98	330	21	1
228	330	21	1
183	331	21	2
257	331	21	1
138	332	21	2
260	332	21	1
261	332	21	1
210	333	21	2
121	334	21	2
259	334	21	2
260	334	21	1
170	335	21	1
237	335	21	1
177	336	21	1
183	336	21	1
211	336	21	2
259	336	21	1
260	336	21	2
177	337	21	2
180	338	21	1
240	338	21	1
173	339	21	1
189	339	21	1
177	340	21	1
237	340	21	1
244	341	21	1
239	342	21	1
244	344	21	1
241	345	21	1
243	345	21	1
180	346	21	3
236	348	21	1
173	349	21	1
198	349	21	1
212	349	21	1
169	356	21	1
175	356	21	1
179	360	21	1
181	362	21	3
126	226	22	1
154	228	22	3
154	229	22	1
140	234	22	1
132	235	22	1
148	235	22	2
132	236	22	1
139	236	22	2
140	236	22	1
130	237	22	1
133	237	22	2
143	237	22	1
134	238	22	1
141	238	22	1
149	239	22	1
213	239	22	1
216	239	22	1
139	240	22	1
141	240	22	1
146	240	22	1
152	240	22	1
137	241	22	1
150	241	22	1
153	241	22	1
214	241	22	2
117	242	22	1
131	242	22	1
144	242	22	1
133	245	22	1
136	245	22	1
132	246	22	2
135	247	22	2
219	251	22	1
218	252	22	1
161	255	22	2
150	256	22	1
196	256	22	1
162	259	22	1
161	260	22	2
162	260	22	2
163	261	22	1
132	267	22	3
121	268	22	1
158	268	22	1
162	268	22	1
195	268	22	2
122	269	22	2
159	269	22	1
121	270	22	1
127	270	22	2
155	270	22	1
165	270	22	1
179	270	22	1
119	271	22	1
168	272	22	2
170	273	22	1
177	273	22	1
179	273	22	3
165	274	22	1
168	274	22	4
169	274	22	1
177	274	22	2
164	275	22	5
227	275	22	1
176	277	22	2
169	278	22	1
190	278	22	1
227	278	22	1
217	279	22	2
226	279	22	1
230	279	22	1
167	280	22	1
168	280	22	1
170	280	22	1
167	282	22	2
172	282	22	1
175	282	22	1
202	284	22	1
219	288	22	1
224	288	22	2
217	290	22	1
222	292	22	2
266	294	22	2
269	294	22	1
269	296	22	1
219	297	22	1
214	300	22	1
267	300	22	2
210	301	22	1
211	301	22	1
212	303	22	2
268	303	22	4
186	304	22	1
236	304	22	1
240	305	22	1
238	306	22	1
205	307	22	1
207	307	22	2
234	307	22	1
262	307	22	1
203	308	22	1
235	308	22	2
238	308	22	1
208	309	22	1
231	309	22	1
209	310	22	1
260	310	22	1
264	311	22	1
260	312	22	1
233	313	22	1
261	313	22	2
200	314	22	3
236	314	22	1
261	314	22	1
179	315	22	1
226	315	22	1
263	315	22	1
262	316	22	1
179	317	22	1
236	317	22	1
256	317	22	1
261	320	22	2
256	321	22	1
257	321	22	1
181	322	22	1
259	322	22	2
197	323	22	3
258	323	22	1
179	324	22	1
180	324	22	1
181	324	22	1
182	324	22	1
188	325	22	3
202	326	22	3
260	326	22	2
202	327	22	2
199	328	22	1
200	328	22	1
184	330	22	1
94	331	22	1
180	334	22	1
179	337	22	2
177	338	22	1
235	340	22	1
240	343	22	2
242	344	22	1
182	351	22	1
180	360	22	1
154	228	23	1
155	228	23	2
157	228	23	2
157	229	23	1
156	230	23	1
157	230	23	2
134	234	23	1
146	234	23	1
143	235	23	1
146	235	23	1
148	235	23	2
133	236	23	1
142	237	23	2
130	238	23	1
133	238	23	1
138	238	23	1
139	238	23	1
217	238	23	1
138	239	23	1
148	239	23	1
130	240	23	2
132	241	23	1
135	241	23	1
138	241	23	2
142	241	23	1
143	241	23	1
145	241	23	1
132	242	23	1
138	242	23	1
146	242	23	3
213	242	23	1
132	243	23	2
139	244	23	2
142	244	23	1
215	246	23	2
215	248	23	1
218	250	23	1
222	252	23	1
222	253	23	1
223	253	23	1
224	253	23	1
196	254	23	1
223	254	23	1
162	255	23	2
226	255	23	2
231	255	23	1
198	256	23	1
193	257	23	1
224	257	23	1
228	257	23	1
197	259	23	2
119	263	23	2
218	263	23	2
122	264	23	2
124	267	23	1
120	270	23	1
166	271	23	1
168	271	23	2
154	272	23	1
158	273	23	1
166	273	23	3
178	274	23	1
224	275	23	1
172	276	23	1
179	276	23	1
166	277	23	3
176	277	23	2
168	278	23	2
176	278	23	1
179	279	23	2
219	279	23	1
176	280	23	1
174	281	23	1
177	281	23	1
173	282	23	2
174	282	23	2
172	284	23	1
176	284	23	1
271	286	23	2
203	287	23	1
269	291	23	1
268	292	23	3
271	292	23	1
267	293	23	1
271	293	23	1
217	294	23	2
219	294	23	2
266	294	23	3
266	295	23	1
215	296	23	1
268	298	23	2
190	299	23	1
215	299	23	1
264	299	23	1
235	301	23	1
236	301	23	1
264	301	23	1
268	301	23	2
211	302	23	2
239	302	23	2
266	302	23	3
136	303	23	1
239	306	23	1
181	307	23	1
185	307	23	1
205	307	23	2
206	307	23	1
235	307	23	1
241	308	23	1
262	308	23	3
181	309	23	2
261	309	23	1
260	310	23	1
234	311	23	1
240	311	23	1
257	311	23	1
175	312	23	2
203	312	23	1
237	312	23	2
239	313	23	1
262	313	23	2
204	314	23	1
232	314	23	1
257	314	23	2
263	314	23	1
179	315	23	1
258	316	23	1
179	317	23	1
181	317	23	2
258	317	23	1
265	317	23	2
184	318	23	1
254	318	23	2
257	318	23	1
258	318	23	2
259	318	23	1
261	318	23	2
262	318	23	1
256	319	23	2
261	319	23	1
187	321	23	1
260	321	23	1
260	324	23	1
182	325	23	1
186	325	23	1
192	326	23	1
184	327	23	2
259	327	23	2
94	328	23	2
97	328	23	1
259	329	23	1
94	330	23	2
180	330	23	1
180	332	23	1
260	332	23	1
192	334	23	1
146	335	23	1
175	336	23	1
235	340	23	1
242	342	23	2
244	344	23	1
240	345	23	2
242	345	23	1
176	358	23	1
179	224	24	1
160	225	24	1
157	226	24	2
160	227	24	2
157	228	24	1
154	229	24	1
158	229	24	2
151	231	24	1
157	233	24	1
138	234	24	1
146	234	24	1
151	234	24	1
145	235	24	2
151	235	24	2
144	236	24	3
145	237	24	1
150	237	24	2
150	238	24	2
142	240	24	1
146	240	24	1
132	241	24	1
140	241	24	1
144	241	24	1
132	243	24	1
134	243	24	2
139	243	24	4
141	243	24	1
137	244	24	1
146	244	24	1
135	245	24	2
137	245	24	1
142	246	24	1
224	248	24	1
138	249	24	1
140	249	24	1
216	249	24	1
230	249	24	2
131	252	24	1
134	252	24	4
220	253	24	1
222	253	24	2
140	254	24	1
140	255	24	1
142	256	24	1
163	256	24	2
194	257	24	1
197	257	24	1
196	258	24	4
120	261	24	1
222	262	24	1
221	263	24	1
117	265	24	2
118	265	24	1
120	265	24	1
119	266	24	3
126	266	24	1
215	266	24	1
210	268	24	2
130	269	24	1
165	269	24	1
127	270	24	1
163	270	24	2
128	272	24	1
165	273	24	3
167	273	24	2
166	274	24	1
169	274	24	2
178	275	24	1
170	276	24	1
178	276	24	2
181	276	24	1
170	277	24	2
180	277	24	2
220	277	24	1
168	278	24	1
171	278	24	2
178	278	24	1
180	278	24	3
171	279	24	1
173	279	24	2
179	279	24	1
168	280	24	2
172	280	24	1
174	280	24	1
168	281	24	1
171	281	24	1
204	283	24	2
176	284	24	1
177	284	24	1
206	284	24	2
204	285	24	1
277	288	24	1
270	290	24	1
275	290	24	1
197	291	24	1
222	291	24	1
197	293	24	1
194	294	24	1
271	295	24	1
191	296	24	1
236	297	24	2
263	300	24	1
238	301	24	1
265	301	24	2
267	301	24	2
240	302	24	1
263	302	24	1
207	303	24	2
237	303	24	1
186	304	24	1
188	304	24	1
238	304	24	1
241	305	24	2
259	305	24	1
263	305	24	1
206	306	24	1
242	306	24	1
262	306	24	1
263	306	24	1
259	307	24	1
260	308	24	1
181	309	24	1
232	309	24	1
260	309	24	1
204	310	24	1
238	310	24	1
240	310	24	2
260	310	24	1
234	311	24	1
235	311	24	1
257	311	24	1
266	311	24	1
240	312	24	1
261	313	24	1
175	314	24	2
203	314	24	1
211	314	24	1
234	314	24	1
237	314	24	1
259	314	24	1
263	314	24	2
175	315	24	2
172	316	24	1
213	316	24	1
167	317	24	1
169	317	24	2
185	317	24	1
259	317	24	1
262	317	24	1
167	318	24	1
168	318	24	1
179	318	24	1
184	319	24	1
261	319	24	1
262	319	24	1
263	319	24	1
187	320	24	2
164	321	24	1
181	321	24	1
238	321	24	1
259	321	24	1
185	322	24	1
237	322	24	2
241	322	24	1
195	323	24	1
161	324	24	1
186	324	24	2
259	324	24	1
182	325	24	1
183	326	24	1
154	329	24	1
183	329	24	1
96	330	24	1
101	330	24	1
103	330	24	1
105	330	24	2
132	330	24	2
153	331	24	1
180	331	24	1
181	331	24	1
260	331	24	1
97	332	24	1
178	334	24	1
259	334	24	1
259	335	24	1
259	337	24	1
186	360	24	2
179	223	25	1
181	223	25	1
157	226	25	1
157	228	25	1
155	229	25	1
155	231	25	1
158	231	25	1
150	233	25	2
134	235	25	1
135	235	25	1
150	235	25	2
133	236	25	1
133	237	25	2
139	237	25	1
140	238	25	3
131	239	25	1
136	239	25	1
134	240	25	1
134	241	25	2
226	241	25	1
237	241	25	1
134	242	25	1
227	243	25	1
133	244	25	2
135	244	25	1
134	245	25	1
133	246	25	2
135	246	25	2
140	247	25	1
139	248	25	1
195	249	25	1
229	250	25	1
136	251	25	1
121	258	25	2
121	259	25	1
223	260	25	1
118	261	25	1
121	261	25	2
123	262	25	1
219	263	25	2
120	264	25	1
122	266	25	1
261	266	25	1
181	271	25	1
180	274	25	2
177	276	25	1
170	278	25	1
176	278	25	1
178	278	25	1
170	279	25	1
177	279	25	1
273	279	25	1
170	280	25	1
274	280	25	1
276	280	25	2
169	281	25	1
176	281	25	1
177	281	25	1
165	282	25	1
169	282	25	1
174	282	25	1
271	290	25	1
266	292	25	2
270	293	25	1
269	294	25	1
269	296	25	1
238	297	25	2
268	297	25	1
238	299	25	1
268	299	25	1
266	300	25	1
240	301	25	1
262	301	25	1
238	302	25	3
236	305	25	1
236	307	25	1
264	307	25	1
232	308	25	1
230	309	25	4
262	309	25	1
208	310	25	1
260	310	25	1
206	311	25	1
230	311	25	1
233	311	25	1
258	311	25	1
230	312	25	2
259	312	25	1
209	314	25	2
232	314	25	1
258	314	25	2
262	314	25	1
210	316	25	2
257	317	25	2
256	319	25	1
241	320	25	1
257	320	25	1
238	321	25	2
239	323	25	3
237	324	25	2
259	324	25	2
258	327	25	2
183	329	25	1
107	331	25	1
183	222	26	1
180	223	26	1
174	226	26	2
178	226	26	2
157	229	26	1
157	230	26	1
159	230	26	1
160	230	26	1
159	231	26	1
144	233	26	1
139	235	26	1
246	235	26	2
250	235	26	1
250	236	26	1
142	237	26	2
143	237	26	1
248	237	26	2
133	238	26	1
143	238	26	1
246	238	26	1
131	239	26	2
134	239	26	1
242	239	26	1
135	240	26	1
131	241	26	1
226	241	26	1
132	243	26	2
136	243	26	1
235	243	26	2
226	246	26	1
223	248	26	1
230	248	26	1
124	252	26	1
224	253	26	1
122	257	26	1
121	258	26	2
123	259	26	1
123	267	26	1
125	267	26	1
126	269	26	1
122	270	26	1
178	275	26	1
171	276	26	1
169	278	26	2
176	279	26	1
173	280	26	2
273	281	26	1
167	282	26	1
176	283	26	2
273	283	26	1
274	283	26	1
274	284	26	3
268	293	26	1
268	295	26	1
237	306	26	2
231	307	26	2
229	308	26	2
235	308	26	1
231	309	26	1
262	309	26	1
230	310	26	1
209	311	26	1
259	311	26	1
260	311	26	3
262	311	26	1
243	312	26	1
257	312	26	1
208	313	26	1
209	313	26	1
258	313	26	1
259	313	26	1
211	314	26	1
260	314	26	3
258	315	26	1
261	315	26	1
211	316	26	1
257	316	26	1
258	316	26	2
260	316	26	2
259	319	26	1
241	321	26	1
240	322	26	1
238	323	26	1
186	359	26	1
186	360	26	1
183	221	27	1
179	226	27	3
161	231	27	1
162	231	27	1
164	231	27	1
164	232	27	2
155	233	27	1
144	234	27	1
152	234	27	1
153	234	27	1
154	234	27	2
245	234	27	2
250	235	27	1
137	236	27	1
250	236	27	1
136	237	27	1
137	237	27	1
138	237	27	1
176	237	27	1
241	237	27	1
243	237	27	1
139	238	27	2
146	238	27	1
241	238	27	2
249	238	27	1
241	239	27	1
242	239	27	1
139	240	27	2
242	240	27	1
226	241	27	1
134	242	27	1
250	245	27	1
228	246	27	1
194	247	27	1
228	249	27	1
229	251	27	1
225	253	27	1
120	256	27	3
125	257	27	1
126	257	27	1
126	267	27	1
119	268	27	2
124	268	27	1
122	270	27	2
127	271	27	1
174	277	27	2
175	277	27	2
175	278	27	1
178	278	27	2
175	279	27	1
175	280	27	1
274	280	27	1
170	281	27	1
174	281	27	1
274	281	27	1
178	282	27	1
274	282	27	3
275	282	27	1
177	283	27	1
273	283	27	1
173	284	27	1
168	285	27	1
178	286	27	3
271	291	27	1
191	294	27	1
192	295	27	1
199	299	27	1
264	302	27	2
266	303	27	1
236	306	27	1
201	309	27	1
203	309	27	1
237	309	27	1
257	309	27	1
259	312	27	1
206	313	27	2
208	314	27	1
210	315	27	4
258	316	27	1
261	317	27	1
239	318	27	1
239	319	27	1
259	319	27	2
238	322	27	1
236	324	27	2
96	328	27	2
260	328	27	1
183	361	27	1
164	231	28	2
166	231	28	1
167	231	28	1
162	232	28	3
164	232	28	1
165	232	28	1
152	233	28	1
166	234	28	2
243	235	28	2
246	235	28	1
136	236	28	1
250	236	28	1
251	236	28	1
137	237	28	3
138	237	28	1
247	237	28	2
249	237	28	1
147	238	28	1
137	239	28	2
232	239	28	1
246	239	28	1
139	240	28	1
140	240	28	1
179	241	28	1
185	241	28	1
137	242	28	1
227	243	28	3
235	243	28	1
189	244	28	1
248	244	28	1
231	245	28	1
193	246	28	2
234	249	28	1
226	250	28	1
235	250	28	1
193	251	28	2
126	252	28	1
127	252	28	1
124	254	28	1
126	254	28	1
124	255	28	1
125	255	28	2
124	256	28	1
128	256	28	2
134	257	28	1
259	266	28	2
124	267	28	1
127	267	28	1
121	268	28	1
262	268	28	1
121	270	28	2
126	270	28	1
127	270	28	1
167	272	28	1
134	274	28	1
129	275	28	2
129	277	28	1
171	277	28	1
175	277	28	1
172	279	28	1
176	279	28	1
172	280	28	1
174	280	28	2
177	280	28	1
178	280	28	1
276	280	28	1
172	281	28	1
276	281	28	1
165	282	28	1
172	282	28	2
177	282	28	3
178	282	28	1
165	283	28	1
174	283	28	1
274	284	28	3
275	284	28	2
168	285	28	2
170	285	28	1
275	285	28	1
192	292	28	1
193	294	28	2
197	295	28	1
179	299	28	1
232	304	28	2
232	306	28	2
208	310	28	1
222	310	28	1
211	311	28	2
247	311	28	1
257	312	28	2
211	313	28	1
259	313	28	1
259	315	28	1
210	316	28	1
240	317	28	1
242	317	28	1
259	317	28	1
262	318	28	1
241	319	28	2
239	321	28	1
242	322	28	1
133	328	28	2
185	357	28	1
162	232	29	1
164	233	29	3
250	235	29	1
252	236	29	2
249	237	29	1
250	237	29	1
179	238	29	1
251	238	29	1
186	239	29	1
178	240	29	1
179	240	29	1
183	240	29	1
186	240	29	1
190	240	29	1
180	241	29	2
185	241	29	2
134	242	29	2
190	243	29	1
236	243	29	1
192	244	29	1
235	244	29	2
190	245	29	1
191	245	29	1
189	249	29	1
226	250	29	3
127	253	29	1
128	254	29	1
132	254	29	2
134	255	29	1
125	257	29	1
132	259	29	1
125	268	29	1
257	268	29	2
261	268	29	1
124	271	29	1
129	271	29	3
167	271	29	1
121	272	29	2
132	272	29	1
135	272	29	2
166	273	29	1
168	274	29	1
170	275	29	2
167	278	29	3
168	278	29	1
169	278	29	2
174	278	29	1
170	279	29	1
175	279	29	1
175	280	29	1
167	282	29	1
174	282	29	1
175	282	29	1
276	282	29	2
165	283	29	2
166	283	29	1
168	283	29	2
174	283	29	2
275	283	29	1
276	283	29	1
177	284	29	1
276	284	29	1
169	286	29	1
167	287	29	1
169	287	29	1
183	297	29	2
181	299	29	1
183	300	29	3
235	307	29	1
236	307	29	1
199	308	29	3
206	308	29	1
211	308	29	2
225	308	29	3
204	309	29	1
203	310	29	1
202	311	29	1
211	311	29	2
204	312	29	1
208	312	29	1
212	312	29	3
258	313	29	2
207	314	29	1
211	314	29	1
245	315	29	1
259	317	29	1
262	317	29	1
239	321	29	1
126	324	29	1
123	325	29	1
94	327	29	1
125	327	29	1
96	328	29	1
98	329	29	1
95	331	29	1
94	332	29	1
95	332	29	1
143	332	29	1
96	333	29	1
114	226	30	1
112	227	30	1
197	235	30	2
176	237	30	2
175	238	30	1
181	238	30	1
117	239	30	1
184	239	30	1
186	239	30	1
177	240	30	1
178	240	30	2
181	240	30	1
184	240	30	1
178	241	30	1
189	241	30	1
172	242	30	1
181	242	30	1
186	243	30	1
189	243	30	2
190	244	30	2
190	245	30	1
126	256	30	1
129	256	30	2
132	256	30	1
125	257	30	2
126	258	30	1
250	258	30	3
129	259	30	2
133	259	30	1
257	261	30	2
128	265	30	1
259	266	30	2
123	270	30	2
125	270	30	1
137	270	30	1
165	270	30	1
122	271	30	1
138	271	30	2
165	272	30	1
123	273	30	2
124	273	30	1
138	273	30	1
140	273	30	1
139	274	30	1
142	274	30	2
170	274	30	1
139	275	30	1
143	275	30	2
142	277	30	1
168	278	30	1
163	279	30	1
169	279	30	2
175	282	30	1
276	282	30	1
163	283	30	1
165	283	30	2
164	284	30	2
276	284	30	1
165	287	30	2
170	287	30	1
177	296	30	1
180	299	30	1
194	306	30	1
198	307	30	1
189	308	30	1
204	310	30	2
212	310	30	1
207	311	30	1
207	312	30	1
206	313	30	1
243	317	30	1
245	317	30	2
242	318	30	1
213	322	30	1
124	323	30	2
128	325	30	1
99	327	30	1
99	329	30	2
93	331	30	1
96	333	30	1
186	349	30	1
218	361	30	1
240	240	31	1
178	241	31	1
183	241	31	1
187	241	31	1
188	241	31	1
179	242	31	1
172	243	31	2
175	243	31	1
176	243	31	1
184	243	31	1
190	244	31	1
190	245	31	1
127	256	31	1
128	256	31	1
129	256	31	2
147	257	31	1
133	258	31	1
129	259	31	3
256	262	31	1
256	263	31	1
262	266	31	2
264	266	31	3
258	267	31	2
125	268	31	1
126	268	31	1
127	269	31	1
129	269	31	2
125	270	31	1
132	270	31	1
135	271	31	1
260	271	31	1
127	272	31	1
135	272	31	2
143	274	31	3
165	275	31	1
166	275	31	1
166	277	31	1
260	278	31	1
276	281	31	1
159	282	31	1
162	282	31	1
261	282	31	1
275	282	31	1
276	282	31	2
167	283	31	1
162	284	31	1
164	284	31	1
166	284	31	2
274	284	31	1
275	284	31	1
163	285	31	1
165	285	31	2
166	285	31	2
163	286	31	2
166	286	31	1
167	287	31	1
162	288	31	1
164	288	31	1
168	288	31	2
169	288	31	1
166	290	31	1
172	292	31	1
198	306	31	1
191	307	31	3
197	307	31	1
206	307	31	1
188	308	31	1
190	309	31	1
191	309	31	1
192	309	31	1
187	310	31	1
204	310	31	3
210	311	31	1
225	312	31	2
200	315	31	2
211	315	31	1
211	317	31	3
246	318	31	1
206	319	31	2
242	321	31	1
242	322	31	1
236	323	31	1
93	327	31	1
96	328	31	2
132	329	31	2
95	330	31	2
93	331	31	1
96	331	31	2
94	332	31	1
97	333	31	2
96	334	31	2
97	334	31	2
174	339	31	1
184	347	31	3
184	350	31	1
112	226	32	1
181	240	32	1
181	242	32	1
183	242	32	1
185	242	32	3
183	243	32	1
194	243	32	1
176	244	32	2
181	244	32	1
189	244	32	1
190	244	32	3
193	246	32	1
175	247	32	1
186	247	32	1
134	257	32	1
149	257	32	1
165	258	32	1
157	259	32	2
126	264	32	1
261	265	32	2
262	265	32	1
124	267	32	1
130	267	32	2
261	267	32	1
165	268	32	1
124	269	32	1
126	269	32	2
127	269	32	2
130	269	32	1
259	269	32	1
262	269	32	2
126	270	32	2
263	270	32	1
124	271	32	1
125	271	32	1
165	272	32	1
167	274	32	1
262	277	32	3
167	280	32	1
261	280	32	2
164	282	32	1
262	282	32	1
276	282	32	2
163	283	32	2
165	283	32	1
161	284	32	1
167	287	32	1
166	289	32	1
167	289	32	1
118	303	32	1
116	304	32	1
118	304	32	1
187	308	32	2
188	308	32	2
195	308	32	1
196	308	32	1
199	308	32	2
205	308	32	1
210	309	32	1
113	310	32	1
195	310	32	1
196	310	32	2
202	310	32	1
111	311	32	1
113	311	32	2
190	311	32	1
195	311	32	1
210	311	32	2
246	311	32	2
112	312	32	1
200	312	32	1
201	312	32	2
203	312	32	1
207	312	32	2
225	313	32	1
245	318	32	1
210	319	32	3
246	319	32	2
201	320	32	1
211	320	32	1
240	320	32	1
245	320	32	2
209	321	32	1
92	330	32	1
93	331	32	1
94	331	32	1
94	332	32	2
99	333	32	2
204	333	32	1
184	336	32	1
187	345	32	1
189	347	32	1
187	348	32	1
188	348	32	1
186	354	32	1
179	360	32	1
215	360	32	1
113	225	33	1
114	227	33	1
112	228	33	1
114	228	33	2
173	241	33	1
176	242	33	1
181	244	33	3
178	245	33	1
185	245	33	1
190	245	33	1
200	246	33	1
134	253	33	1
134	255	33	1
252	258	33	1
254	258	33	1
252	259	33	2
258	259	33	1
158	261	33	1
130	262	33	1
164	262	33	2
128	263	33	3
126	264	33	1
127	264	33	2
126	266	33	1
266	266	33	1
128	267	33	1
262	267	33	1
264	267	33	1
266	267	33	1
125	268	33	1
157	268	33	2
263	268	33	1
128	269	33	2
129	269	33	1
130	269	33	1
264	269	33	1
127	270	33	1
263	270	33	1
261	272	33	1
261	274	33	1
155	275	33	1
263	275	33	1
158	276	33	1
261	276	33	1
146	278	33	1
157	279	33	1
163	281	33	1
261	281	33	1
162	282	33	2
161	283	33	2
163	283	33	1
165	283	33	2
161	284	33	1
124	285	33	1
160	286	33	1
161	286	33	1
162	287	33	1
166	287	33	1
161	291	33	1
125	292	33	1
121	300	33	1
119	301	33	1
118	303	33	1
119	303	33	1
118	305	33	1
195	306	33	2
115	307	33	1
183	307	33	1
195	307	33	1
197	307	33	2
186	308	33	1
190	308	33	1
198	308	33	1
186	309	33	1
190	309	33	1
112	310	33	1
208	310	33	1
115	311	33	1
191	311	33	1
194	311	33	1
197	311	33	2
199	311	33	1
206	311	33	3
190	312	33	1
192	312	33	1
198	312	33	1
205	312	33	2
248	313	33	1
209	314	33	1
245	314	33	1
247	315	33	1
246	316	33	1
249	316	33	1
120	318	33	1
243	318	33	1
125	319	33	1
199	319	33	1
203	319	33	4
201	321	33	1
236	321	33	1
239	323	33	1
92	330	33	1
196	331	33	2
193	333	33	1
204	333	33	2
205	333	33	1
205	334	33	1
217	339	33	2
215	341	33	4
212	344	33	1
206	345	33	1
199	346	33	1
182	348	33	1
189	348	33	1
180	349	33	1
186	349	33	2
192	349	33	1
207	349	33	1
210	349	33	1
181	350	33	2
187	350	33	1
184	351	33	2
178	354	33	1
179	357	33	1
116	225	34	1
114	226	34	1
115	226	34	1
139	234	34	1
136	237	34	1
139	242	34	1
174	243	34	2
176	243	34	1
176	244	34	1
190	244	34	1
197	244	34	1
179	245	34	1
199	245	34	1
193	246	34	1
130	252	34	1
135	252	34	2
134	253	34	1
136	254	34	4
131	256	34	1
143	256	34	1
151	256	34	1
137	258	34	1
132	259	34	1
133	259	34	1
134	259	34	1
130	260	34	1
133	261	34	1
134	261	34	1
156	261	34	1
131	262	34	1
134	262	34	1
159	262	34	1
130	263	34	2
261	264	34	2
129	265	34	1
265	265	34	3
130	266	34	1
154	267	34	1
158	267	34	1
266	267	34	1
164	268	34	1
260	268	34	1
129	269	34	2
157	269	34	1
154	270	34	1
157	270	34	2
157	271	34	1
163	271	34	1
163	272	34	1
260	272	34	1
159	273	34	2
161	273	34	1
157	274	34	1
260	274	34	1
144	275	34	1
162	275	34	1
166	275	34	1
262	276	34	2
164	277	34	1
165	277	34	1
151	279	34	1
158	279	34	1
163	279	34	1
157	283	34	1
165	283	34	1
262	283	34	1
125	284	34	2
159	284	34	1
125	289	34	1
159	290	34	1
161	290	34	2
164	294	34	1
121	296	34	1
120	297	34	2
165	297	34	1
118	298	34	1
118	301	34	1
117	302	34	1
118	302	34	1
248	302	34	2
116	303	34	1
119	304	34	1
114	305	34	1
116	306	34	2
118	308	34	1
186	308	34	1
188	308	34	2
189	308	34	1
190	308	34	1
192	308	34	1
112	309	34	1
186	309	34	1
187	309	34	2
193	309	34	1
195	309	34	1
244	309	34	3
248	309	34	1
112	310	34	3
185	310	34	1
187	310	34	1
192	310	34	1
197	310	34	2
200	310	34	1
115	311	34	1
192	311	34	2
195	311	34	1
199	311	34	1
248	311	34	1
110	312	34	3
116	312	34	1
197	312	34	2
247	312	34	1
109	313	34	1
198	313	34	1
205	313	34	2
114	314	34	1
112	316	34	1
244	316	34	2
124	317	34	1
123	318	34	1
200	318	34	3
245	318	34	1
241	319	34	1
202	320	34	2
243	320	34	1
198	321	34	1
201	321	34	1
131	322	34	1
199	322	34	2
200	322	34	1
201	322	34	1
234	323	34	1
239	323	34	1
234	324	34	1
239	324	34	1
242	324	34	1
94	327	34	1
94	328	34	1
188	328	34	2
100	329	34	1
186	331	34	1
189	331	34	1
98	332	34	1
101	332	34	1
98	333	34	1
194	333	34	1
201	333	34	1
193	334	34	1
201	334	34	1
202	334	34	2
194	336	34	1
217	336	34	2
191	340	34	1
195	341	34	1
212	341	34	1
213	341	34	1
211	342	34	2
200	344	34	1
190	345	34	1
205	345	34	2
192	347	34	3
208	347	34	1
214	347	34	2
182	348	34	1
185	348	34	2
186	348	34	1
212	348	34	1
213	348	34	1
198	349	34	1
205	349	34	2
208	349	34	1
194	350	34	1
196	350	34	1
179	352	34	1
181	352	34	1
187	352	34	1
201	352	34	1
205	352	34	1
205	353	34	1
207	353	34	1
187	354	34	1
206	354	34	1
181	355	34	1
181	358	34	1
180	360	34	2
218	362	34	2
117	226	35	1
114	229	35	2
117	230	35	3
123	235	35	1
125	235	35	1
139	237	35	1
138	238	35	3
139	239	35	1
138	241	35	1
139	243	35	1
172	244	35	1
207	244	35	1
176	245	35	1
175	246	35	2
210	246	35	1
134	251	35	1
130	252	35	2
133	252	35	1
134	252	35	1
133	253	35	2
135	253	35	2
149	253	35	1
128	255	35	1
131	255	35	1
138	255	35	1
254	256	35	2
129	257	35	1
130	257	35	1
134	257	35	1
136	257	35	1
137	257	35	1
138	257	35	1
255	259	35	2
258	259	35	3
126	262	35	1
160	262	35	1
128	264	35	1
157	264	35	1
265	264	35	1
264	265	35	1
263	266	35	1
266	266	35	1
127	267	35	1
263	267	35	2
130	269	35	1
135	271	35	3
264	271	35	2
158	272	35	1
160	272	35	1
140	274	35	1
162	274	35	1
161	275	35	1
160	277	35	2
149	278	35	1
162	278	35	1
161	279	35	1
260	279	35	1
164	280	35	1
125	282	35	1
158	282	35	1
262	282	35	1
126	283	35	1
161	283	35	1
162	283	35	1
159	284	35	3
123	287	35	3
122	288	35	1
125	289	35	1
121	294	35	1
160	294	35	2
120	295	35	1
122	295	35	2
124	295	35	2
252	296	35	1
122	297	35	1
167	297	35	1
118	298	35	1
120	298	35	2
121	298	35	2
122	298	35	1
170	298	35	2
121	299	35	2
171	299	35	1
120	300	35	1
173	300	35	1
174	300	35	1
249	301	35	1
118	302	35	3
174	304	35	1
176	304	35	2
114	307	35	1
116	307	35	1
182	307	35	1
115	308	35	1
186	308	35	2
187	308	35	1
112	309	35	1
133	309	35	1
193	309	35	1
196	309	35	2
116	310	35	2
193	310	35	1
114	311	35	1
184	311	35	1
191	311	35	1
192	311	35	1
195	311	35	3
197	311	35	1
198	311	35	1
250	311	35	1
114	312	35	1
116	312	35	1
199	312	35	1
248	312	35	2
114	313	35	1
110	314	35	1
112	314	35	2
245	315	35	1
108	316	35	2
124	316	35	2
109	317	35	1
121	317	35	1
202	319	35	1
242	319	35	1
124	320	35	1
241	320	35	1
133	321	35	2
199	322	35	1
237	322	35	1
240	324	35	1
131	325	35	2
132	325	35	1
134	325	35	1
234	325	35	1
242	325	35	2
236	326	35	1
235	327	35	1
96	328	35	1
237	329	35	2
200	331	35	1
183	333	35	1
198	333	35	2
192	334	35	1
186	335	35	2
189	336	35	3
191	336	35	2
195	336	35	1
192	337	35	1
199	337	35	1
200	338	35	1
214	339	35	2
189	345	35	1
199	345	35	1
211	346	35	1
187	347	35	1
211	347	35	3
190	348	35	2
192	349	35	1
193	349	35	1
215	349	35	1
212	350	35	1
193	351	35	1
211	351	35	1
212	351	35	2
180	352	35	1
191	352	35	1
211	352	35	1
207	353	35	1
210	353	35	1
212	353	35	1
178	354	35	2
202	354	35	1
205	354	35	1
208	354	35	1
181	355	35	1
172	356	35	2
204	356	35	1
179	357	35	4
113	227	36	1
122	231	36	2
125	234	36	1
138	236	36	1
136	240	36	1
138	240	36	2
169	241	36	1
170	242	36	3
174	244	36	1
171	245	36	1
134	250	36	1
137	254	36	2
138	254	36	3
144	254	36	1
136	255	36	1
144	255	36	1
135	257	36	1
253	258	36	1
256	258	36	2
259	258	36	1
128	260	36	1
128	261	36	1
131	261	36	2
127	263	36	1
143	263	36	1
262	263	36	1
126	264	36	2
129	265	36	2
262	265	36	1
265	265	36	1
153	266	36	1
264	266	36	2
146	267	36	1
160	269	36	2
129	270	36	1
136	271	36	2
260	273	36	1
146	274	36	2
138	275	36	2
166	275	36	1
260	276	36	1
158	277	36	2
161	279	36	2
163	279	36	1
259	280	36	1
262	281	36	1
126	282	36	1
149	282	36	1
262	282	36	1
258	283	36	1
259	283	36	2
161	284	36	1
124	285	36	3
126	285	36	1
124	286	36	2
127	286	36	2
160	286	36	1
124	289	36	1
124	290	36	1
121	292	36	1
126	292	36	2
159	292	36	1
257	295	36	1
121	297	36	2
171	299	36	1
249	299	36	3
167	300	36	1
174	300	36	1
175	300	36	2
174	301	36	1
176	302	36	1
120	303	36	1
175	303	36	1
179	303	36	1
182	303	36	1
114	304	36	1
118	305	36	1
118	306	36	1
113	307	36	1
112	308	36	1
185	308	36	1
187	308	36	2
113	309	36	1
186	309	36	1
114	310	36	2
115	310	36	1
184	310	36	1
185	310	36	2
190	310	36	2
191	311	36	1
194	311	36	1
196	311	36	1
250	311	36	1
110	312	36	3
109	313	36	1
112	315	36	1
122	315	36	2
126	316	36	1
228	320	36	1
137	321	36	1
186	324	36	1
196	324	36	1
234	325	36	1
235	325	36	1
94	327	36	1
96	327	36	1
98	327	36	1
233	327	36	1
127	328	36	1
183	332	36	1
184	332	36	2
182	333	36	2
186	333	36	1
203	333	36	1
186	334	36	1
186	335	36	1
201	335	36	2
148	337	36	1
199	337	36	1
150	338	36	1
213	338	36	1
211	339	36	1
212	341	36	2
200	344	36	1
191	347	36	1
213	348	36	1
184	350	36	1
214	351	36	1
210	352	36	1
212	352	36	1
185	353	36	1
213	353	36	1
204	355	36	1
207	355	36	1
208	355	36	1
210	355	36	1
179	356	36	1
183	356	36	1
176	357	36	1
207	357	36	1
179	358	36	1
206	358	36	1
177	359	36	1
123	225	37	1
114	226	37	1
119	228	37	2
175	229	37	1
116	232	37	1
124	232	37	1
172	232	37	1
123	233	37	2
129	233	37	1
124	234	37	1
126	234	37	1
127	235	37	1
134	235	37	1
138	237	37	1
143	237	37	1
138	238	37	2
139	238	37	2
144	238	37	2
167	239	37	2
137	241	37	2
169	241	37	1
165	242	37	1
138	243	37	1
139	243	37	1
141	243	37	1
144	243	37	2
169	243	37	1
173	243	37	1
126	244	37	1
170	244	37	1
172	244	37	1
173	245	37	1
136	249	37	1
133	253	37	1
139	253	37	2
140	253	37	1
143	254	37	2
144	254	37	1
133	255	37	2
134	256	37	1
145	256	37	1
148	256	37	2
129	258	37	1
208	258	37	1
130	260	37	1
132	260	37	2
133	260	37	1
244	260	37	1
133	261	37	1
129	262	37	3
261	262	37	1
128	263	37	1
156	263	37	1
263	263	37	1
143	264	37	1
128	265	37	1
144	265	37	2
155	265	37	3
263	265	37	2
128	268	37	1
154	268	37	1
145	269	37	1
162	269	37	1
158	271	37	1
162	272	37	1
249	272	37	1
251	272	37	1
132	274	37	1
160	274	37	1
164	274	37	2
136	276	37	1
160	276	37	1
163	277	37	1
146	278	37	2
162	280	37	1
258	280	37	2
129	281	37	1
258	281	37	1
259	282	37	1
125	283	37	1
128	284	37	1
161	284	37	1
146	286	37	2
126	287	37	1
126	288	37	1
152	288	37	1
153	288	37	1
155	288	37	2
126	289	37	2
148	289	37	1
160	292	37	1
256	292	37	1
262	292	37	1
121	293	37	1
159	293	37	1
256	293	37	1
260	293	37	2
260	297	37	1
172	300	37	1
175	300	37	1
173	301	37	1
176	301	37	1
177	301	37	1
247	301	37	1
250	301	37	1
172	302	37	3
180	302	37	1
250	302	37	1
176	303	37	1
181	303	37	1
113	306	37	3
183	308	37	1
188	309	37	1
112	310	37	2
188	311	37	1
189	311	37	1
195	311	37	1
112	313	37	1
196	313	37	3
196	314	37	1
148	315	37	2
118	316	37	1
121	316	37	1
256	316	37	1
117	317	37	2
121	317	37	1
153	318	37	2
115	319	37	2
117	319	37	1
138	320	37	1
131	322	37	1
137	322	37	1
139	322	37	1
138	324	37	1
192	324	37	2
241	326	37	1
188	327	37	1
221	331	37	1
180	332	37	1
185	332	37	1
185	333	37	1
185	334	37	2
211	337	37	1
214	337	37	2
175	339	37	1
208	341	37	1
209	342	37	1
210	342	37	1
211	342	37	1
197	343	37	2
208	344	37	1
203	346	37	2
213	347	37	1
209	348	37	1
212	348	37	1
188	349	37	1
210	349	37	3
212	349	37	1
215	349	37	2
210	350	37	1
211	350	37	2
214	350	37	1
186	353	37	2
209	353	37	2
183	354	37	1
205	354	37	1
207	356	37	1
208	356	37	1
205	357	37	1
206	357	37	1
208	357	37	1
206	358	37	1
114	218	38	1
113	219	38	2
112	220	38	1
113	220	38	1
123	225	38	2
124	226	38	1
173	230	38	1
122	231	38	1
135	233	38	1
169	233	38	1
139	235	38	1
119	236	38	1
166	237	38	1
141	238	38	1
143	238	38	1
144	238	38	1
126	239	38	1
137	239	38	2
166	239	38	1
167	239	38	1
136	240	38	1
138	240	38	2
162	240	38	3
166	240	38	2
167	240	38	1
169	240	38	1
138	241	38	1
143	241	38	1
165	241	38	3
126	242	38	1
144	242	38	1
171	242	38	1
124	243	38	2
127	243	38	1
140	243	38	1
143	243	38	2
168	243	38	1
174	243	38	2
123	244	38	1
140	244	38	1
172	244	38	1
173	244	38	1
124	245	38	1
167	245	38	1
169	245	38	1
171	245	38	2
175	245	38	1
174	246	38	1
168	247	38	1
140	249	38	1
167	249	38	1
137	250	38	1
132	251	38	1
142	252	38	1
233	252	38	1
139	253	38	2
151	253	38	1
134	254	38	1
152	254	38	1
132	255	38	1
134	255	38	2
136	255	38	2
138	255	38	1
143	255	38	1
144	255	38	1
150	255	38	1
151	255	38	1
132	256	38	1
134	256	38	1
151	256	38	1
132	257	38	1
166	258	38	1
207	258	38	2
132	259	38	1
146	259	38	1
148	259	38	1
169	259	38	1
207	259	38	1
252	259	38	1
134	260	38	2
142	260	38	2
130	261	38	1
131	261	38	3
146	261	38	1
170	261	38	1
264	261	38	1
137	262	38	1
140	262	38	3
143	262	38	1
128	263	38	1
144	263	38	1
147	263	38	1
154	263	38	2
158	263	38	1
263	263	38	1
143	264	38	1
147	264	38	3
152	264	38	1
143	265	38	1
152	266	38	2
154	266	38	1
149	267	38	1
262	267	38	1
143	268	38	1
146	268	38	1
152	268	38	1
136	269	38	1
140	271	38	1
247	271	38	1
137	272	38	2
251	272	38	1
253	272	38	2
139	273	38	1
134	274	38	1
251	274	38	1
252	274	38	1
134	276	38	1
163	276	38	2
140	277	38	3
128	280	38	1
134	280	38	1
164	280	38	1
128	281	38	1
132	282	38	1
139	282	38	2
125	283	38	2
135	283	38	2
160	283	38	1
126	284	38	2
136	284	38	1
140	284	38	1
125	285	38	2
129	285	38	1
134	286	38	1
126	287	38	1
125	288	38	3
154	288	38	1
156	289	38	1
157	290	38	1
257	291	38	1
253	293	38	1
155	294	38	1
258	294	38	1
155	295	38	1
254	295	38	1
259	295	38	1
259	297	38	1
260	297	38	2
170	298	38	1
259	298	38	1
121	300	38	1
173	300	38	1
170	301	38	2
175	302	38	2
126	303	38	2
260	303	38	1
176	304	38	1
177	304	38	1
259	305	38	3
180	306	38	1
257	306	38	1
257	307	38	1
116	308	38	1
259	310	38	1
260	310	38	1
119	315	38	3
122	315	38	1
116	316	38	2
118	316	38	1
140	316	38	2
115	317	38	1
119	317	38	1
119	318	38	1
120	318	38	2
143	318	38	1
151	318	38	1
117	319	38	1
136	319	38	1
116	320	38	1
150	320	38	1
177	321	38	2
143	322	38	1
126	323	38	1
137	323	38	1
140	323	38	1
235	325	38	1
237	325	38	1
242	325	38	1
242	326	38	1
157	329	38	1
237	329	38	1
152	332	38	1
191	332	38	3
181	333	38	1
179	334	38	1
183	334	38	1
189	334	38	3
211	339	38	1
209	340	38	1
214	340	38	1
211	341	38	1
191	343	38	1
199	344	38	1
248	346	38	2
189	347	38	2
247	347	38	1
247	348	38	1
211	350	38	1
216	351	38	1
215	353	38	1
180	354	38	1
176	355	38	1
208	355	38	2
176	356	38	1
180	356	38	1
174	357	38	1
176	357	38	2
171	358	38	1
205	358	38	1
206	358	38	1
204	359	38	3
195	361	38	1
115	218	39	1
113	219	39	1
114	219	39	1
112	220	39	1
113	220	39	1
124	223	39	1
120	224	39	1
126	226	39	3
146	226	39	1
147	228	39	2
149	228	39	1
175	228	39	1
138	229	39	1
123	230	39	1
138	230	39	2
139	230	39	1
135	232	39	1
140	233	39	1
194	233	39	2
199	233	39	1
130	234	39	3
137	234	39	2
202	234	39	2
119	235	39	2
137	235	39	1
140	235	39	1
168	235	39	1
136	236	39	1
137	236	39	1
142	236	39	1
144	236	39	1
167	236	39	1
118	237	39	2
138	237	39	3
161	237	39	1
200	237	39	1
138	238	39	1
140	238	39	1
143	238	39	1
167	238	39	1
161	239	39	1
127	240	39	2
135	240	39	1
139	240	39	1
144	240	39	1
196	240	39	1
125	241	39	3
128	241	39	1
133	241	39	2
169	241	39	2
127	242	39	3
168	242	39	1
171	242	39	1
131	243	39	1
134	243	39	1
166	243	39	1
143	244	39	3
139	245	39	1
168	245	39	1
127	246	39	1
172	246	39	1
125	247	39	2
127	247	39	2
178	247	39	1
123	248	39	1
129	248	39	1
140	249	39	1
135	250	39	1
134	252	39	1
136	252	39	1
127	253	39	2
169	253	39	1
235	253	39	2
132	254	39	2
134	254	39	2
138	254	39	2
144	254	39	1
153	254	39	3
154	254	39	1
168	254	39	1
136	255	39	1
141	255	39	1
143	255	39	1
152	255	39	1
155	255	39	2
153	256	39	1
155	256	39	1
133	257	39	2
136	257	39	1
139	257	39	1
254	257	39	1
154	258	39	2
155	258	39	1
168	258	39	1
132	259	39	1
137	259	39	1
138	259	39	1
170	259	39	1
211	259	39	1
251	259	39	1
252	259	39	1
130	260	39	1
145	260	39	1
159	260	39	3
169	260	39	1
255	260	39	1
141	261	39	1
142	261	39	1
152	261	39	2
166	261	39	1
205	261	39	2
131	262	39	1
146	262	39	1
148	262	39	1
156	262	39	2
231	262	39	3
250	262	39	1
262	262	39	1
131	263	39	1
132	263	39	1
146	263	39	1
150	263	39	1
154	263	39	1
158	263	39	2
262	263	39	1
263	263	39	1
144	264	39	3
145	264	39	1
151	264	39	1
154	264	39	1
155	264	39	2
165	264	39	1
166	264	39	1
146	265	39	1
147	265	39	2
153	266	39	2
165	266	39	1
156	267	39	1
256	267	39	2
259	267	39	1
131	268	39	2
259	268	39	1
136	269	39	2
151	269	39	1
152	269	39	1
132	270	39	1
134	270	39	1
142	270	39	4
145	270	39	1
143	271	39	1
144	271	39	2
145	271	39	1
247	271	39	1
134	272	39	1
141	272	39	2
143	272	39	1
147	272	39	1
251	272	39	1
134	273	39	2
142	274	39	1
143	274	39	2
144	274	39	1
254	274	39	1
129	275	39	1
130	275	39	1
136	275	39	2
146	275	39	1
132	276	39	1
133	276	39	1
138	276	39	1
148	276	39	2
149	276	39	1
164	276	39	1
145	277	39	2
147	277	39	1
144	278	39	1
164	278	39	1
128	279	39	2
130	279	39	2
141	279	39	1
148	279	39	1
152	279	39	1
135	280	39	1
142	280	39	1
145	280	39	1
141	281	39	1
151	281	39	1
127	282	39	2
130	282	39	2
136	282	39	2
125	283	39	1
127	283	39	1
133	283	39	2
133	284	39	2
134	284	39	1
142	284	39	1
137	285	39	1
158	286	39	1
172	286	39	1
173	286	39	2
154	287	39	2
157	288	39	2
257	290	39	1
252	292	39	1
248	293	39	3
253	293	39	1
140	294	39	2
263	294	39	2
170	295	39	1
249	295	39	1
174	296	39	2
249	296	39	2
121	297	39	2
171	297	39	1
248	297	39	2
250	297	39	2
165	298	39	1
253	298	39	1
261	298	39	1
123	299	39	2
167	299	39	2
165	300	39	2
176	300	39	3
261	300	39	1
120	301	39	1
177	301	39	1
173	302	39	1
180	302	39	2
259	302	39	1
124	303	39	2
174	303	39	1
171	304	39	2
172	304	39	2
177	304	39	2
180	304	39	1
259	304	39	1
174	305	39	1
177	305	39	1
126	307	39	1
181	307	39	2
125	308	39	1
146	316	39	2
115	317	39	1
135	317	39	1
139	317	39	1
116	318	39	2
117	318	39	1
139	318	39	1
141	318	39	2
144	318	39	1
146	318	39	1
139	319	39	1
150	319	39	1
117	320	39	2
139	320	39	1
144	320	39	2
181	320	39	1
149	321	39	1
179	321	39	1
140	322	39	3
242	323	39	1
181	324	39	2
241	328	39	1
238	329	39	1
189	330	39	2
220	330	39	1
149	331	39	1
186	331	39	1
219	331	39	1
221	331	39	2
240	331	39	2
179	332	39	1
191	332	39	2
219	332	39	2
152	333	39	1
154	333	39	1
161	333	39	1
178	333	39	1
183	333	39	1
193	333	39	1
151	334	39	2
154	334	39	2
160	334	39	1
154	336	39	1
155	338	39	1
213	338	39	1
217	338	39	1
201	342	39	1
207	343	39	1
191	344	39	2
208	344	39	1
211	344	39	1
201	345	39	2
191	346	39	1
209	346	39	1
247	346	39	1
248	346	39	2
190	347	39	1
191	347	39	1
211	347	39	1
247	347	39	2
191	348	39	1
194	348	39	1
212	348	39	1
217	349	39	2
209	352	39	1
211	354	39	2
214	354	39	1
207	355	39	1
176	357	39	1
212	357	39	1
212	358	39	1
191	361	39	2
192	361	39	1
114	219	40	1
112	220	40	2
144	225	40	1
136	226	40	1
141	228	40	1
137	229	40	1
140	229	40	1
136	230	40	2
137	230	40	2
137	231	40	3
141	231	40	1
199	231	40	4
203	232	40	1
198	233	40	1
201	233	40	2
203	234	40	1
139	235	40	1
142	235	40	1
199	235	40	1
202	235	40	2
203	235	40	1
120	236	40	1
168	236	40	4
136	237	40	1
163	237	40	1
197	237	40	1
146	238	40	1
160	238	40	1
126	239	40	1
136	239	40	2
139	239	40	1
143	239	40	1
126	240	40	2
142	240	40	1
143	240	40	2
145	240	40	2
165	240	40	1
196	240	40	1
125	241	40	3
133	242	40	1
167	242	40	3
170	242	40	1
127	243	40	1
165	243	40	1
176	244	40	1
126	245	40	1
173	245	40	2
126	246	40	1
139	246	40	1
171	247	40	1
121	248	40	1
124	248	40	1
125	248	40	1
137	248	40	3
174	248	40	1
232	249	40	1
133	250	40	1
231	250	40	1
230	251	40	1
232	251	40	2
136	252	40	1
139	252	40	1
240	252	40	1
132	253	40	1
139	253	40	1
223	253	40	1
235	253	40	2
138	254	40	1
152	254	40	1
140	255	40	1
137	256	40	1
143	256	40	2
152	256	40	3
132	257	40	2
136	257	40	2
154	257	40	1
156	257	40	1
134	258	40	1
147	259	40	1
157	259	40	1
160	259	40	1
204	259	40	2
254	259	40	1
132	260	40	2
144	260	40	1
147	260	40	1
148	260	40	2
149	260	40	1
154	260	40	2
157	260	40	1
164	260	40	1
165	260	40	1
205	260	40	1
152	261	40	1
161	261	40	1
167	261	40	1
210	261	40	1
249	261	40	1
251	261	40	1
136	262	40	1
139	262	40	3
140	262	40	3
143	262	40	1
146	262	40	1
151	262	40	2
153	262	40	1
154	262	40	2
159	262	40	1
167	262	40	2
248	262	40	1
142	263	40	1
151	263	40	1
153	263	40	1
157	263	40	1
167	263	40	1
234	263	40	2
158	264	40	1
160	264	40	1
144	265	40	1
151	265	40	1
155	265	40	1
159	265	40	1
165	265	40	1
150	266	40	1
151	266	40	1
152	266	40	1
158	266	40	1
167	266	40	1
256	266	40	1
147	268	40	1
150	268	40	1
246	268	40	1
151	269	40	1
153	269	40	3
167	269	40	1
250	269	40	1
137	270	40	1
142	270	40	1
144	270	40	1
145	270	40	1
146	270	40	3
147	270	40	1
150	270	40	2
251	270	40	1
137	271	40	2
144	271	40	1
146	271	40	1
148	271	40	1
151	271	40	2
143	272	40	2
147	272	40	1
151	272	40	1
165	272	40	1
223	272	40	1
231	272	40	1
247	272	40	1
248	272	40	1
251	272	40	1
131	273	40	1
140	273	40	1
142	273	40	1
156	273	40	1
167	273	40	1
143	274	40	1
144	274	40	4
145	274	40	1
148	274	40	1
154	274	40	1
156	274	40	1
138	275	40	2
139	275	40	1
141	275	40	2
162	275	40	1
142	276	40	2
144	276	40	1
147	276	40	1
148	276	40	2
154	276	40	1
134	278	40	2
142	278	40	1
145	278	40	1
157	278	40	1
141	279	40	2
143	279	40	1
148	279	40	1
149	279	40	1
152	279	40	3
253	279	40	2
138	280	40	2
152	280	40	1
129	281	40	1
135	281	40	1
142	281	40	1
142	282	40	2
133	283	40	1
134	283	40	1
135	283	40	1
142	284	40	1
158	284	40	1
132	286	40	1
154	286	40	1
158	286	40	2
258	288	40	1
250	289	40	1
139	291	40	1
257	291	40	2
138	292	40	1
140	293	40	1
163	294	40	1
126	295	40	2
131	295	40	1
162	295	40	1
130	296	40	1
134	296	40	1
160	296	40	1
121	297	40	1
253	297	40	1
136	298	40	4
162	298	40	1
169	298	40	1
259	298	40	1
260	298	40	1
249	300	40	2
140	301	40	2
142	301	40	4
168	301	40	1
169	301	40	1
177	301	40	2
261	302	40	1
128	303	40	1
171	303	40	1
182	303	40	2
130	304	40	1
139	304	40	1
169	304	40	1
170	304	40	1
171	304	40	1
180	304	40	1
125	305	40	3
126	305	40	1
127	305	40	1
140	305	40	1
124	308	40	1
126	310	40	1
119	312	40	1
121	312	40	1
140	313	40	1
118	315	40	1
119	315	40	1
148	315	40	3
150	315	40	1
115	316	40	1
119	316	40	1
145	316	40	1
139	317	40	1
147	317	40	1
117	318	40	1
152	320	40	2
176	326	40	1
249	326	40	2
186	327	40	1
151	328	40	1
149	329	40	1
240	329	40	1
151	330	40	1
175	330	40	1
178	330	40	1
189	330	40	2
154	331	40	1
221	331	40	1
149	332	40	1
151	332	40	1
156	332	40	1
157	332	40	1
174	332	40	1
188	332	40	1
192	332	40	1
218	332	40	4
220	332	40	1
221	332	40	1
240	333	40	1
154	334	40	2
156	334	40	1
191	334	40	2
151	335	40	1
165	335	40	1
244	335	40	1
151	336	40	1
153	336	40	2
158	337	40	1
153	338	40	1
216	338	40	1
212	340	40	1
213	340	40	1
213	341	40	2
216	341	40	1
217	341	40	1
210	342	40	3
211	342	40	1
197	343	40	2
210	343	40	1
222	343	40	1
195	344	40	1
204	344	40	1
194	345	40	1
203	345	40	1
191	347	40	1
211	347	40	2
210	349	40	2
220	349	40	1
236	349	40	1
235	350	40	3
211	352	40	1
214	353	40	1
209	355	40	1
207	357	40	1
172	358	40	1
204	359	40	2
207	359	40	1
173	360	40	2
113	220	41	2
111	221	41	2
144	225	41	1
134	226	41	2
141	226	41	1
137	227	41	1
134	229	41	1
143	232	41	2
141	233	41	2
146	235	41	1
199	235	41	1
201	235	41	1
151	236	41	1
170	236	41	1
201	236	41	1
160	237	41	1
165	237	41	1
134	238	41	1
141	238	41	1
164	238	41	1
202	238	41	1
138	239	41	1
144	239	41	1
162	239	41	1
139	240	41	1
165	240	41	1
127	241	41	1
140	241	41	1
142	241	41	1
164	241	41	1
169	241	41	1
134	242	41	2
135	242	41	2
137	242	41	1
141	242	41	1
129	243	41	2
138	243	41	1
139	243	41	1
164	243	41	1
124	244	41	2
125	244	41	1
127	244	41	2
166	244	41	3
167	244	41	1
176	244	41	1
128	245	41	2
177	245	41	1
126	246	41	2
179	247	41	1
230	250	41	1
123	252	41	1
141	252	41	2
121	253	41	1
142	253	41	1
141	254	41	2
144	254	41	1
243	254	41	1
119	255	41	1
214	255	41	1
120	256	41	2
141	256	41	1
142	256	41	1
152	256	41	1
143	257	41	1
155	257	41	2
158	257	41	1
174	257	41	1
178	257	41	2
210	257	41	1
254	257	41	1
138	258	41	1
146	258	41	1
153	258	41	2
154	258	41	1
155	258	41	2
172	258	41	2
211	258	41	1
140	259	41	1
144	259	41	2
140	260	41	1
150	260	41	1
154	260	41	1
158	260	41	3
176	260	41	1
210	260	41	1
253	260	41	2
143	261	41	1
146	261	41	1
149	261	41	1
160	261	41	2
210	261	41	1
253	261	41	1
254	261	41	2
146	262	41	1
148	262	41	1
151	262	41	1
167	262	41	1
168	262	41	1
175	262	41	1
207	262	41	1
248	262	41	1
251	262	41	1
162	263	41	1
167	263	41	1
168	263	41	2
201	263	41	1
143	264	41	1
145	264	41	1
171	264	41	1
143	265	41	1
145	265	41	2
152	265	41	1
120	266	41	1
153	266	41	1
167	266	41	1
132	267	41	1
135	267	41	1
161	267	41	1
146	268	41	2
147	268	41	1
148	268	41	2
144	269	41	1
203	269	41	2
247	269	41	3
254	269	41	2
258	269	41	2
132	270	41	1
149	270	41	2
151	270	41	1
132	271	41	2
135	271	41	1
144	271	41	2
146	271	41	1
148	271	41	2
151	271	41	1
154	271	41	1
247	271	41	2
140	272	41	1
151	272	41	3
165	272	41	1
219	272	41	3
228	272	41	1
144	273	41	3
146	273	41	1
147	273	41	1
151	273	41	1
136	274	41	1
148	274	41	1
151	274	41	1
156	274	41	2
246	274	41	1
247	274	41	3
132	275	41	1
136	275	41	1
137	275	41	1
141	275	41	1
147	275	41	1
151	275	41	4
130	276	41	1
136	276	41	1
139	276	41	2
145	276	41	2
155	276	41	1
246	276	41	1
247	276	41	2
133	277	41	1
139	277	41	1
151	277	41	2
157	277	41	1
161	277	41	1
131	278	41	1
142	278	41	1
149	278	41	1
150	278	41	1
155	278	41	1
247	278	41	1
129	279	41	1
139	279	41	2
133	280	41	2
152	280	41	1
154	280	41	1
162	280	41	1
130	281	41	1
142	281	41	1
152	281	41	1
130	282	41	2
154	282	41	2
162	282	41	1
136	283	41	1
138	284	41	1
155	284	41	1
218	285	41	1
140	286	41	1
219	286	41	2
136	287	41	1
140	287	41	1
141	287	41	1
137	288	41	1
157	288	41	1
139	289	41	1
141	289	41	1
154	291	41	1
130	292	41	1
257	292	41	2
132	293	41	1
134	293	41	2
139	293	41	1
132	294	41	2
142	294	41	1
152	294	41	1
154	294	41	1
160	294	41	1
131	295	41	1
135	295	41	1
148	296	41	1
150	296	41	1
252	296	41	1
129	297	41	1
137	297	41	2
130	298	41	2
131	298	41	3
149	298	41	1
152	298	41	1
252	298	41	2
129	299	41	2
149	299	41	2
166	299	41	2
167	299	41	1
169	299	41	1
130	300	41	2
168	300	41	1
172	300	41	1
249	300	41	1
260	300	41	2
127	301	41	3
172	301	41	1
125	302	41	1
128	302	41	1
134	302	41	2
167	302	41	1
168	302	41	1
171	302	41	2
130	303	41	1
134	303	41	1
170	303	41	1
261	303	41	1
170	304	41	1
181	304	41	1
131	305	41	1
140	305	41	2
176	305	41	2
132	306	41	1
171	306	41	1
122	307	41	1
129	307	41	1
128	308	41	1
124	309	41	1
122	310	41	2
119	314	41	1
121	314	41	1
116	315	41	1
140	315	41	1
114	316	41	1
142	317	41	1
143	319	41	1
179	322	41	2
111	323	41	1
176	323	41	2
179	324	41	1
136	325	41	1
149	325	41	1
181	325	41	2
247	325	41	2
134	326	41	3
149	326	41	1
179	326	41	1
181	326	41	1
252	326	41	1
181	327	41	1
244	327	41	1
156	328	41	1
242	328	41	2
252	328	41	1
130	329	41	1
167	329	41	2
182	329	41	1
186	329	41	2
238	329	41	2
175	330	41	1
185	330	41	1
240	330	41	2
170	331	41	2
174	331	41	1
241	331	41	1
243	331	41	2
130	332	41	1
133	332	41	1
165	332	41	2
168	332	41	1
176	332	41	2
180	332	41	1
185	332	41	1
192	332	41	1
218	332	41	1
240	332	41	2
241	332	41	2
181	333	41	2
189	333	41	1
217	333	41	1
220	333	41	1
189	334	41	1
216	334	41	1
243	334	41	1
150	335	41	1
151	335	41	1
153	335	41	1
238	335	41	1
152	336	41	1
157	336	41	1
218	336	41	1
126	337	41	1
128	337	41	2
129	337	41	1
151	337	41	1
151	338	41	1
152	338	41	1
222	338	41	1
250	338	41	1
214	339	41	1
247	339	41	3
152	340	41	1
195	341	41	3
213	341	41	1
210	342	41	1
214	342	41	1
215	342	41	1
222	342	41	1
216	343	41	1
221	343	41	3
207	344	41	2
210	344	41	1
211	344	41	1
194	345	41	1
249	345	41	1
206	346	41	1
218	346	41	3
221	347	41	2
233	347	41	1
195	349	41	1
220	350	41	2
211	351	41	1
233	351	41	1
235	351	41	1
210	353	41	2
207	360	41	1
208	360	41	1
202	361	41	1
199	363	41	2
200	363	41	1
136	228	42	1
139	228	42	2
134	230	42	2
135	232	42	2
136	232	42	1
138	232	42	1
136	233	42	1
203	233	42	2
201	234	42	1
202	234	42	1
141	235	42	3
156	235	42	2
165	235	42	1
203	235	42	1
143	236	42	1
161	236	42	1
165	236	42	1
139	237	42	1
159	237	42	1
161	237	42	1
162	237	42	1
206	237	42	1
141	238	42	2
164	238	42	1
166	238	42	1
167	238	42	1
137	239	42	1
138	239	42	1
167	239	42	2
204	239	42	1
141	240	42	1
166	240	42	2
137	242	42	1
169	242	42	1
129	243	42	1
178	244	42	1
179	244	42	1
182	244	42	2
184	244	42	1
126	247	42	2
122	252	42	1
178	252	42	2
140	254	42	1
176	254	42	1
120	256	42	1
151	256	42	1
158	256	42	2
147	257	42	2
149	257	42	2
151	257	42	1
156	257	42	1
157	257	42	1
173	257	42	3
174	257	42	3
177	257	42	1
212	257	42	1
253	257	42	1
150	258	42	1
151	258	42	1
173	258	42	1
154	259	42	1
158	259	42	1
160	259	42	3
173	259	42	1
211	259	42	1
248	259	42	1
153	260	42	1
157	260	42	1
171	260	42	1
174	260	42	2
253	260	42	1
150	261	42	1
157	261	42	2
169	261	42	1
174	261	42	1
155	262	42	1
163	262	42	1
174	262	42	1
209	262	42	2
150	263	42	1
151	263	42	1
249	263	42	2
250	263	42	2
121	264	42	1
143	264	42	1
147	264	42	3
155	264	42	1
156	264	42	1
157	264	42	1
158	264	42	2
145	265	42	1
145	266	42	2
155	266	42	1
254	267	42	1
141	268	42	1
143	268	42	1
144	269	42	1
142	270	42	1
150	270	42	2
152	270	42	1
143	271	42	1
146	271	42	2
141	272	42	1
143	272	42	1
144	272	42	1
145	272	42	1
213	272	42	1
131	273	42	1
147	273	42	1
154	273	42	1
142	274	42	2
144	274	42	2
148	274	42	3
156	274	42	1
134	275	42	1
143	275	42	1
144	275	42	2
148	275	42	1
162	275	42	2
154	276	42	1
134	277	42	1
138	277	42	1
141	277	42	2
143	277	42	1
155	277	42	2
132	278	42	1
148	278	42	2
162	278	42	2
147	279	42	1
149	279	42	1
210	280	42	2
140	281	42	1
143	281	42	3
151	281	42	1
151	282	42	1
154	282	42	1
209	282	42	1
137	283	42	1
149	283	42	2
253	283	42	1
149	284	42	1
151	284	42	1
152	285	42	2
153	285	42	1
154	285	42	1
157	285	42	1
217	285	42	1
141	286	42	1
134	288	42	2
135	289	42	1
136	289	42	1
153	289	42	1
133	291	42	1
135	291	42	1
140	291	42	1
133	292	42	1
130	293	42	1
138	293	42	1
142	293	42	1
137	294	42	1
138	294	42	1
141	294	42	1
154	294	42	1
139	297	42	1
140	297	42	1
136	298	42	1
141	298	42	1
151	298	42	1
166	298	42	2
128	299	42	1
150	299	42	1
259	299	42	1
125	300	42	1
129	300	42	1
131	300	42	2
153	300	42	1
249	300	42	1
138	302	42	1
126	303	42	1
140	303	42	1
125	304	42	1
132	304	42	1
168	304	42	3
171	304	42	1
181	304	42	1
126	305	42	1
133	305	42	1
170	305	42	1
171	305	42	1
140	306	42	1
143	307	42	1
170	307	42	1
130	308	42	1
140	309	42	1
143	310	42	2
162	310	42	1
141	316	42	3
142	317	42	3
148	318	42	1
139	320	42	1
253	323	42	1
133	324	42	1
137	324	42	1
141	324	42	1
181	324	42	2
132	325	42	1
134	326	42	1
130	328	42	2
176	328	42	1
186	328	42	1
131	330	42	3
161	330	42	1
184	330	42	2
187	331	42	1
164	332	42	1
165	332	42	1
176	332	42	1
177	332	42	1
180	332	42	1
189	332	42	1
217	332	42	2
153	333	42	1
176	333	42	1
181	333	42	1
183	333	42	2
189	333	42	1
189	334	42	1
219	334	42	1
222	334	42	1
218	335	42	1
128	336	42	2
194	336	42	1
126	337	42	1
152	337	42	2
192	337	42	1
216	337	42	1
247	337	42	2
155	338	42	1
193	340	42	3
215	341	42	1
207	344	42	1
210	347	42	2
231	349	42	1
205	355	42	1
207	358	42	1
200	364	42	1
137	227	43	1
139	229	43	1
138	230	43	1
138	232	43	1
203	234	43	1
141	235	43	1
163	235	43	2
136	236	43	1
140	238	43	1
166	238	43	2
138	239	43	1
143	240	43	1
165	240	43	1
166	240	43	1
179	246	43	1
178	247	43	1
179	254	43	1
155	257	43	2
174	257	43	1
177	257	43	1
146	258	43	2
149	258	43	2
215	258	43	2
144	259	43	1
143	260	43	1
149	260	43	1
159	260	43	1
161	260	43	2
170	260	43	2
209	261	43	1
152	262	43	2
153	262	43	1
163	262	43	1
164	262	43	1
177	262	43	1
206	262	43	3
147	263	43	3
154	263	43	1
147	264	43	1
149	264	43	3
155	264	43	1
158	266	43	1
143	267	43	1
147	268	43	2
149	268	43	1
164	268	43	1
146	269	43	3
142	270	43	1
150	270	43	2
143	271	43	1
146	271	43	1
147	272	43	1
214	272	43	1
146	273	43	2
211	273	43	1
141	274	43	1
153	274	43	1
141	275	43	1
152	275	43	1
160	275	43	1
182	275	43	1
148	276	43	1
151	276	43	1
164	276	43	1
131	277	43	3
150	277	43	1
147	278	43	1
149	278	43	3
151	279	43	1
147	280	43	1
150	280	43	1
152	280	43	1
140	282	43	1
141	282	43	2
144	282	43	2
158	282	43	1
153	283	43	3
139	284	43	2
149	284	43	2
152	284	43	1
141	285	43	1
151	285	43	1
160	285	43	1
137	286	43	2
139	286	43	3
140	286	43	1
141	286	43	1
143	286	43	1
154	286	43	1
136	288	43	2
137	288	43	2
138	288	43	2
140	288	43	5
173	288	43	2
134	289	43	2
152	292	43	1
140	295	43	1
254	295	43	2
137	296	43	1
149	297	43	2
136	298	43	1
141	299	43	1
143	299	43	1
138	300	43	2
152	300	43	1
129	301	43	3
140	301	43	1
129	302	43	1
133	302	43	1
137	302	43	1
140	302	43	1
143	302	43	1
169	302	43	1
130	303	43	1
135	303	43	1
140	304	43	1
143	304	43	1
146	304	43	1
168	305	43	1
125	306	43	1
129	306	43	1
132	306	43	1
143	306	43	2
148	306	43	2
170	306	43	1
126	307	43	1
129	307	43	2
128	308	43	1
129	308	43	1
143	308	43	2
141	309	43	3
144	312	43	1
140	318	43	1
138	321	43	1
179	323	43	1
135	324	43	1
150	324	43	1
135	325	43	2
140	325	43	1
132	326	43	1
133	326	43	1
136	326	43	1
177	326	43	1
176	327	43	1
156	328	43	1
184	328	43	1
179	329	43	2
132	331	43	1
189	331	43	2
218	332	43	3
240	332	43	1
216	333	43	1
181	334	43	2
219	334	43	1
222	334	43	1
153	336	43	1
156	336	43	1
217	336	43	1
244	336	43	2
249	337	43	1
132	338	43	2
195	341	43	1
222	343	43	1
211	344	43	1
231	344	43	2
208	347	43	1
211	347	43	3
232	349	43	3
238	349	43	1
200	350	43	1
227	350	43	2
233	350	43	2
235	351	43	1
231	352	43	1
207	353	43	1
204	354	43	1
208	354	43	2
206	358	43	1
207	358	43	2
207	359	43	1
188	360	43	2
204	360	43	2
205	361	43	1
206	361	43	1
209	361	43	1
204	362	43	1
206	363	43	1
136	232	44	1
137	233	44	1
140	234	44	1
159	236	44	2
143	237	44	2
164	237	44	1
141	239	44	1
177	243	44	1
181	245	44	1
175	257	44	1
177	258	44	1
178	259	44	1
150	260	44	1
158	260	44	1
156	261	44	1
161	261	44	1
174	261	44	1
160	262	44	1
147	263	44	1
157	263	44	1
159	263	44	1
146	264	44	1
152	264	44	1
146	266	44	1
146	267	44	1
147	268	44	1
143	269	44	1
148	269	44	2
145	270	44	3
144	272	44	1
181	272	44	1
142	273	44	1
148	273	44	1
144	275	44	1
146	275	44	1
252	276	44	4
145	277	44	1
146	277	44	1
150	277	44	1
147	278	44	2
155	279	44	2
164	279	44	1
147	280	44	1
210	280	44	1
146	281	44	1
150	281	44	2
204	281	44	1
151	282	44	1
154	282	44	1
148	283	44	2
158	283	44	2
217	283	44	1
219	283	44	2
145	284	44	1
155	284	44	1
212	285	44	1
218	286	44	1
136	291	44	1
139	291	44	1
144	291	44	1
252	292	44	1
145	293	44	2
223	293	44	2
142	294	44	1
225	295	44	3
140	296	44	2
139	297	44	1
136	298	44	1
137	299	44	1
128	300	44	1
142	300	44	3
168	300	44	1
145	301	44	1
127	302	44	1
133	302	44	1
165	302	44	1
130	306	44	2
144	306	44	1
173	306	44	1
140	308	44	1
170	309	44	1
171	309	44	2
141	315	44	1
142	316	44	1
141	317	44	1
140	318	44	1
141	318	44	1
113	322	44	1
183	323	44	1
182	325	44	2
133	326	44	2
136	326	44	1
133	328	44	1
183	329	44	1
185	330	44	2
133	331	44	2
132	334	44	1
189	334	44	1
218	334	44	1
215	335	44	1
213	336	44	2
215	337	44	2
216	337	44	1
213	338	44	1
231	346	44	1
211	347	44	1
212	348	44	1
209	351	44	1
179	360	44	1
192	361	44	1
195	361	44	1
175	257	45	1
174	259	45	1
176	259	45	1
158	262	45	1
175	262	45	1
149	265	45	1
153	265	45	1
155	267	45	3
145	270	45	1
146	270	45	1
148	270	45	1
136	271	45	1
151	272	45	1
141	275	45	1
146	275	45	2
152	278	45	1
147	279	45	1
150	279	45	1
149	280	45	1
161	281	45	1
144	282	45	1
152	282	45	2
251	283	45	1
142	284	45	1
140	285	45	1
217	285	45	2
206	286	45	2
218	286	45	1
144	291	45	1
144	294	45	1
145	294	45	1
140	296	45	1
136	297	45	1
128	299	45	2
140	299	45	1
134	301	45	1
138	301	45	2
142	301	45	3
133	302	45	1
244	302	45	1
130	304	45	2
132	304	45	2
140	304	45	1
180	318	45	1
252	324	45	1
167	326	45	1
186	326	45	1
185	330	45	1
193	333	45	1
217	334	45	2
214	339	45	1
215	343	45	1
217	345	45	1
210	347	45	1
227	349	45	1
233	349	45	1
206	351	45	1
202	352	45	1
134	229	46	1
132	236	46	1
173	255	46	1
176	258	46	2
157	259	46	1
158	260	46	2
154	270	46	3
151	273	46	2
146	275	46	1
146	281	46	1
146	282	46	1
154	282	46	1
159	282	46	1
154	283	46	1
250	283	46	1
149	284	46	3
248	285	46	1
140	292	46	1
144	292	46	1
201	292	46	1
207	296	46	1
143	299	46	2
144	299	46	1
143	300	46	1
132	301	46	2
137	301	46	3
224	301	46	1
130	302	46	3
131	302	46	1
141	302	46	1
143	302	46	1
146	302	46	1
139	305	46	2
192	306	46	1
194	315	46	2
188	320	46	1
179	323	46	1
183	323	46	1
189	323	46	1
174	325	46	2
172	326	46	1
183	326	46	1
174	327	46	1
178	327	46	1
191	327	46	1
188	328	46	1
238	331	46	2
217	334	46	1
216	341	46	1
217	342	46	1
232	343	46	1
205	346	46	1
230	356	46	1
141	227	47	1
212	261	47	1
146	270	47	2
155	279	47	1
146	282	47	1
162	282	47	1
146	293	47	1
140	298	47	1
229	302	47	1
178	320	47	1
185	323	47	1
190	323	47	1
179	324	47	1
218	341	47	1
227	353	47	1
207	355	47	2
154	274	48	1
146	275	48	1
149	288	48	2
142	290	48	1
140	295	48	1
142	300	48	1
179	323	48	1
169	324	48	1
157	325	48	1
216	342	48	1
217	344	48	1
136	222	49	2
135	230	49	1
172	237	49	1
126	245	49	1
147	245	49	1
154	248	49	1
156	256	49	1
173	256	49	3
171	260	49	3
127	268	49	1
139	268	49	1
144	271	49	1
156	274	49	1
150	278	49	1
145	279	49	1
147	279	49	2
157	279	49	1
207	279	49	1
145	280	49	2
214	282	49	1
113	284	49	2
144	284	49	3
169	284	49	1
132	287	49	1
140	293	49	1
133	299	49	1
202	299	49	1
131	300	49	1
225	300	49	1
152	304	49	1
149	313	49	2
183	319	49	2
139	326	49	2
235	326	49	1
138	333	49	1
152	338	49	1
239	344	49	1
199	346	49	1
211	346	49	1
224	346	49	1
160	348	49	1
197	348	49	1
204	348	49	1
186	349	49	1
203	355	49	1
134	227	50	1
131	229	50	1
234	246	50	2
162	253	50	1
149	263	50	1
130	265	50	1
151	272	50	1
134	275	50	1
160	275	50	1
150	276	50	3
259	286	50	1
146	289	50	1
140	294	50	1
148	296	50	1
140	302	50	1
240	317	50	1
195	325	50	1
179	329	50	1
198	337	50	1
