x	y	z	RIP-mediated NFkB activation via ZBP1
240	277	24	1
237	278	24	1
245	284	24	1
251	287	24	2
243	288	24	1
249	288	24	1
246	289	24	2
248	289	24	1
244	290	24	1
231	268	25	1
228	272	25	1
230	272	25	1
233	272	25	1
236	273	25	1
235	275	25	1
236	276	25	1
240	276	25	1
235	277	25	1
231	278	25	1
237	278	25	1
233	279	25	1
240	279	25	2
241	279	25	1
232	280	25	1
233	280	25	1
234	280	25	1
248	280	25	1
237	281	25	1
240	281	25	1
245	281	25	1
214	282	25	1
231	282	25	2
233	282	25	1
234	282	25	1
237	282	25	1
240	282	25	1
249	282	25	2
234	283	25	2
236	283	25	1
237	283	25	1
240	283	25	1
241	283	25	1
243	283	25	1
245	283	25	3
249	283	25	2
233	284	25	1
234	284	25	1
243	284	25	1
244	284	25	1
250	284	25	1
232	285	25	1
239	285	25	1
244	285	25	1
250	285	25	1
218	286	25	2
232	286	25	1
233	286	25	1
236	286	25	1
238	287	25	2
246	287	25	2
224	288	25	1
242	288	25	2
236	289	25	1
237	289	25	1
250	290	25	2
238	291	25	1
245	291	25	1
250	291	25	1
249	292	25	1
239	293	25	1
242	294	25	1
246	294	25	1
247	294	25	1
234	295	25	3
245	295	25	1
244	296	25	1
240	298	25	1
237	266	26	1
233	268	26	1
228	269	26	2
237	269	26	1
228	270	26	1
235	270	26	1
238	270	26	1
240	270	26	2
240	271	26	1
232	272	26	1
234	272	26	1
239	272	26	2
249	273	26	1
233	274	26	1
238	274	26	1
239	275	26	1
250	275	26	1
231	276	26	2
233	276	26	1
210	277	26	2
232	278	26	2
236	278	26	1
243	278	26	1
251	278	26	1
236	279	26	1
239	279	26	1
240	279	26	1
248	279	26	1
208	280	26	2
230	280	26	1
232	280	26	2
233	280	26	1
238	280	26	1
240	280	26	1
247	280	26	1
217	281	26	1
239	281	26	1
240	281	26	1
244	281	26	1
249	281	26	3
209	282	26	2
212	282	26	1
215	282	26	1
231	282	26	1
240	282	26	1
242	282	26	2
245	282	26	1
250	282	26	1
209	283	26	1
233	283	26	2
243	283	26	1
249	283	26	1
252	283	26	1
254	283	26	1
215	284	26	1
232	284	26	1
241	284	26	1
242	284	26	2
244	284	26	1
245	284	26	1
248	284	26	2
211	285	26	1
234	285	26	1
235	285	26	3
240	285	26	2
244	285	26	1
245	285	26	2
250	285	26	1
252	285	26	1
253	285	26	1
216	286	26	1
232	286	26	2
235	286	26	1
237	286	26	1
242	286	26	1
243	286	26	1
246	286	26	1
252	286	26	2
253	286	26	1
224	287	26	1
228	287	26	1
236	287	26	1
243	287	26	1
248	287	26	1
251	287	26	1
248	288	26	1
250	288	26	1
233	289	26	1
236	289	26	1
238	289	26	1
240	289	26	1
243	289	26	1
252	289	26	2
236	290	26	2
237	290	26	1
238	290	26	1
242	290	26	1
226	291	26	1
237	291	26	1
238	291	26	1
240	291	26	1
246	291	26	2
249	291	26	1
250	291	26	1
227	292	26	1
238	292	26	2
240	292	26	3
247	292	26	1
254	292	26	1
234	293	26	1
238	293	26	1
240	293	26	1
246	293	26	1
247	293	26	1
235	294	26	1
239	294	26	1
244	294	26	1
241	295	26	2
242	295	26	1
243	295	26	1
236	297	26	1
237	297	26	1
242	297	26	1
246	297	26	1
242	298	26	1
246	298	26	1
241	299	26	1
225	300	26	2
227	300	26	1
227	301	26	1
235	301	26	1
183	258	27	1
215	258	27	1
232	258	27	1
180	259	27	1
226	259	27	1
231	259	27	1
176	260	27	1
185	260	27	1
186	260	27	1
182	261	27	2
183	261	27	1
222	261	27	1
228	261	27	1
230	261	27	2
231	261	27	1
234	261	27	1
177	262	27	1
182	262	27	1
184	262	27	2
186	262	27	1
238	262	27	1
178	263	27	2
179	263	27	2
182	263	27	1
220	263	27	1
225	263	27	1
233	263	27	1
234	263	27	1
235	263	27	1
236	263	27	1
238	263	27	1
239	263	27	2
175	264	27	1
186	264	27	2
219	264	27	1
226	264	27	1
228	264	27	1
238	264	27	1
184	265	27	1
189	265	27	1
212	265	27	1
231	265	27	1
234	265	27	1
238	265	27	1
239	265	27	1
179	266	27	2
180	266	27	2
201	266	27	1
215	266	27	1
217	266	27	1
224	266	27	3
226	266	27	1
230	266	27	1
232	266	27	1
237	266	27	2
215	267	27	1
217	267	27	1
239	267	27	1
241	267	27	1
250	267	27	1
197	268	27	1
207	268	27	1
213	268	27	1
214	268	27	2
222	268	27	1
230	268	27	1
232	268	27	1
235	268	27	2
237	268	27	1
238	268	27	1
239	268	27	1
240	268	27	1
241	268	27	3
243	268	27	2
247	268	27	1
177	269	27	1
178	269	27	1
182	269	27	1
205	269	27	1
211	269	27	1
213	269	27	1
218	269	27	2
224	269	27	1
225	269	27	1
229	269	27	2
231	269	27	1
234	269	27	1
242	269	27	1
243	269	27	1
178	270	27	1
207	270	27	1
216	270	27	1
217	270	27	1
226	270	27	1
227	270	27	1
231	270	27	1
242	270	27	1
244	270	27	1
248	270	27	2
250	270	27	1
182	271	27	1
207	271	27	1
216	271	27	1
226	271	27	1
232	271	27	2
233	271	27	1
237	271	27	1
248	271	27	1
249	271	27	1
205	272	27	3
227	272	27	1
231	272	27	1
236	272	27	1
238	272	27	1
212	273	27	1
213	273	27	1
227	273	27	1
237	273	27	1
246	273	27	1
249	273	27	2
179	274	27	1
204	274	27	1
208	274	27	2
214	274	27	1
224	274	27	1
226	274	27	1
232	274	27	1
236	274	27	1
240	274	27	1
252	274	27	1
184	275	27	1
185	275	27	1
208	275	27	1
213	275	27	1
216	275	27	1
218	275	27	1
220	275	27	1
230	275	27	1
232	275	27	2
235	275	27	1
239	275	27	1
242	275	27	1
244	275	27	1
247	275	27	1
249	275	27	1
252	275	27	2
207	276	27	2
208	276	27	1
210	276	27	1
211	276	27	1
215	276	27	1
227	276	27	2
246	276	27	1
250	276	27	2
208	277	27	1
212	277	27	1
218	277	27	1
233	277	27	1
243	277	27	2
246	277	27	1
249	277	27	1
203	278	27	2
204	278	27	1
214	278	27	1
219	278	27	3
220	278	27	1
246	278	27	2
248	278	27	1
232	279	27	1
236	279	27	1
240	279	27	1
241	279	27	1
243	279	27	1
245	279	27	1
246	279	27	1
232	280	27	1
244	280	27	1
249	280	27	1
206	281	27	1
215	281	27	1
217	281	27	1
231	281	27	1
233	281	27	1
234	281	27	1
237	281	27	1
239	281	27	1
241	281	27	1
244	281	27	1
245	281	27	1
246	281	27	1
249	281	27	1
205	282	27	1
206	282	27	2
209	282	27	1
214	282	27	1
216	282	27	1
229	282	27	1
231	282	27	1
241	282	27	1
246	282	27	1
249	282	27	1
250	282	27	1
254	282	27	1
207	283	27	1
216	283	27	1
228	283	27	1
235	283	27	1
236	283	27	1
240	283	27	1
241	283	27	2
244	283	27	1
249	283	27	1
206	284	27	1
212	284	27	1
214	284	27	2
215	284	27	2
235	284	27	1
237	284	27	1
250	284	27	1
251	284	27	1
199	285	27	1
204	285	27	3
220	285	27	1
223	285	27	1
228	285	27	1
236	285	27	2
239	285	27	1
249	285	27	1
254	285	27	1
206	286	27	1
208	286	27	2
209	286	27	1
214	286	27	1
218	286	27	1
219	286	27	2
220	286	27	1
236	286	27	1
240	286	27	2
244	286	27	1
245	286	27	1
246	286	27	3
247	286	27	1
256	286	27	1
210	287	27	1
214	287	27	1
221	287	27	1
223	287	27	1
232	287	27	1
233	287	27	1
237	287	27	2
240	287	27	1
246	287	27	2
247	287	27	1
249	287	27	1
255	287	27	1
207	288	27	1
222	288	27	1
226	288	27	2
228	288	27	2
229	288	27	2
231	288	27	2
233	288	27	1
235	288	27	1
236	288	27	1
243	288	27	1
247	288	27	2
249	288	27	1
209	289	27	1
219	289	27	1
223	289	27	1
227	289	27	1
233	289	27	1
236	289	27	1
242	289	27	2
251	289	27	1
252	289	27	1
254	289	27	1
222	290	27	1
226	290	27	1
228	290	27	1
233	290	27	1
241	290	27	1
243	290	27	1
246	290	27	1
247	290	27	1
252	290	27	1
253	290	27	3
225	291	27	1
228	291	27	1
229	291	27	1
230	291	27	1
237	291	27	1
242	291	27	1
246	291	27	1
247	291	27	1
248	291	27	1
250	291	27	1
251	291	27	1
252	291	27	1
213	292	27	1
220	292	27	1
223	292	27	1
228	292	27	1
229	292	27	1
237	292	27	2
238	292	27	1
246	292	27	1
249	292	27	1
252	292	27	1
253	292	27	2
210	293	27	1
220	293	27	1
221	293	27	2
222	293	27	1
237	293	27	1
244	293	27	1
249	293	27	1
251	293	27	1
253	293	27	1
256	293	27	1
219	294	27	2
224	294	27	1
226	294	27	1
236	294	27	1
237	294	27	2
249	294	27	1
251	294	27	1
221	295	27	1
223	295	27	1
226	295	27	2
255	295	27	1
237	296	27	1
239	296	27	1
241	296	27	2
244	296	27	3
246	296	27	1
236	297	27	1
242	297	27	1
243	297	27	1
246	297	27	1
251	297	27	1
252	297	27	1
253	297	27	1
221	298	27	1
236	298	27	1
241	298	27	1
248	298	27	2
229	299	27	1
236	299	27	1
243	299	27	1
246	299	27	1
226	300	27	1
227	300	27	1
236	300	27	1
238	300	27	2
247	300	27	1
224	301	27	1
234	301	27	1
235	301	27	1
241	301	27	1
245	301	27	2
251	301	27	1
234	302	27	1
236	302	27	1
238	302	27	2
237	304	27	1
238	304	27	1
235	305	27	1
237	305	27	1
231	264	28	1
232	266	28	1
234	266	28	1
234	267	28	1
231	268	28	1
238	268	28	1
237	270	28	2
250	270	28	2
232	272	28	1
235	273	28	1
235	274	28	1
237	276	28	1
235	277	28	1
236	277	28	1
238	277	28	1
237	279	28	1
248	279	28	1
248	281	28	1
247	282	28	1
237	283	28	1
238	283	28	1
246	283	28	1
248	284	28	1
244	287	28	1
246	287	28	1
248	287	28	1
251	287	28	1
244	288	28	1
227	289	28	1
231	289	28	1
245	289	28	1
248	289	28	1
226	291	28	2
237	291	28	1
241	291	28	1
245	291	28	2
247	291	28	1
249	291	28	1
222	292	28	1
239	292	28	1
241	292	28	1
247	292	28	1
248	292	28	1
248	293	28	1
250	294	28	1
242	295	28	1
248	295	28	1
239	297	28	1
245	297	28	1
240	298	28	1
240	299	28	1
225	300	28	1
240	300	28	1
233	256	29	1
234	256	29	1
182	257	29	1
230	257	29	1
235	257	29	1
190	258	29	1
234	258	29	1
229	259	29	1
230	259	29	1
238	259	29	1
181	260	29	1
234	260	29	1
199	261	29	1
226	261	29	1
229	261	29	1
231	261	29	2
234	263	29	1
216	264	29	1
224	264	29	1
226	264	29	1
237	264	29	2
238	264	29	1
245	264	29	3
215	265	29	2
238	265	29	2
249	265	29	1
236	266	29	1
237	266	29	1
245	266	29	1
250	266	29	1
192	267	29	1
193	267	29	1
194	267	29	1
232	267	29	1
236	267	29	1
231	268	29	1
235	268	29	1
236	268	29	1
244	268	29	1
250	268	29	1
196	269	29	1
232	269	29	1
198	270	29	1
234	270	29	2
237	270	29	1
173	271	29	1
203	271	29	1
204	271	29	2
214	271	29	1
233	271	29	1
241	271	29	1
242	271	29	2
211	272	29	2
233	272	29	1
235	272	29	2
245	272	29	1
249	272	29	1
212	273	29	2
236	273	29	1
249	273	29	1
250	273	29	1
232	274	29	1
239	274	29	2
240	274	29	1
247	274	29	1
250	274	29	2
206	275	29	1
241	275	29	2
241	276	29	1
250	276	29	1
236	277	29	1
247	277	29	1
250	277	29	1
208	278	29	1
236	278	29	1
238	278	29	1
234	279	29	2
236	279	29	1
238	279	29	3
246	279	29	1
247	279	29	1
248	279	29	1
252	279	29	1
234	280	29	1
245	280	29	1
247	280	29	1
208	281	29	2
224	281	29	1
232	281	29	1
233	281	29	1
247	281	29	1
250	281	29	1
245	282	29	1
246	282	29	1
248	282	29	1
250	282	29	2
251	282	29	1
209	283	29	1
238	283	29	1
241	283	29	2
244	283	29	1
245	283	29	1
246	283	29	1
247	283	29	1
250	283	29	1
251	283	29	1
232	284	29	1
233	284	29	1
235	284	29	1
236	284	29	1
245	284	29	1
249	284	29	1
252	284	29	1
219	285	29	1
238	285	29	1
253	285	29	1
233	286	29	1
242	286	29	1
247	286	29	3
231	287	29	1
240	287	29	1
246	287	29	1
247	287	29	2
232	288	29	1
240	288	29	1
242	288	29	1
245	288	29	1
253	288	29	1
224	289	29	1
227	289	29	1
228	289	29	1
236	289	29	2
244	289	29	2
246	289	29	1
247	289	29	1
225	290	29	1
226	290	29	1
227	290	29	1
230	290	29	1
242	290	29	2
225	291	29	1
239	291	29	1
240	291	29	2
247	291	29	2
249	291	29	1
222	292	29	1
227	292	29	1
238	292	29	1
241	292	29	2
245	292	29	1
247	292	29	1
223	293	29	1
224	293	29	1
242	293	29	1
249	293	29	1
252	293	29	2
240	294	29	1
241	294	29	1
242	294	29	2
244	294	29	1
249	294	29	1
220	295	29	1
245	295	29	1
222	296	29	1
252	296	29	1
245	297	29	1
219	298	29	1
226	298	29	1
239	298	29	1
248	298	29	1
221	299	29	1
239	299	29	2
240	300	29	1
247	300	29	1
221	301	29	1
241	301	29	2
237	304	29	1
225	251	30	1
228	251	30	2
233	252	30	1
215	254	30	1
230	254	30	1
236	254	30	2
238	254	30	1
232	255	30	1
230	256	30	1
231	256	30	1
233	256	30	1
235	256	30	2
181	257	30	1
204	257	30	2
228	257	30	1
237	257	30	1
181	258	30	1
229	258	30	1
239	258	30	1
209	259	30	1
214	259	30	1
219	259	30	1
230	259	30	1
231	259	30	1
232	259	30	1
234	259	30	2
190	260	30	1
212	260	30	1
219	260	30	1
225	260	30	1
227	260	30	1
235	260	30	2
194	261	30	1
208	261	30	1
212	261	30	1
219	261	30	2
229	261	30	2
239	261	30	2
178	262	30	1
179	262	30	1
186	262	30	2
216	262	30	1
223	262	30	1
247	262	30	1
249	262	30	1
219	263	30	1
234	263	30	2
240	263	30	1
242	263	30	1
247	263	30	1
248	263	30	1
195	264	30	2
211	264	30	1
222	264	30	1
239	264	30	1
246	264	30	1
250	264	30	1
183	265	30	1
191	265	30	1
192	265	30	2
196	265	30	1
200	265	30	1
205	265	30	1
211	265	30	1
212	265	30	1
214	265	30	1
228	265	30	1
231	265	30	1
233	265	30	1
238	265	30	1
242	265	30	1
244	265	30	1
248	265	30	1
188	266	30	1
197	266	30	1
213	266	30	1
229	266	30	1
230	266	30	1
239.5	266.5	30.5	1
241	266	30	1
183	267	30	1
189	267	30	1
202	267	30	1
208	267	30	1
229	267	30	1
232	267	30	1
237	267	30	2
238	267	30	1
240	267	30	2
246	267	30	1
248	267	30	1
249	267	30	1
188	268	30	1
191	268	30	1
194	268	30	2
195	268	30	1
207	268	30	2
214	268	30	1
216	268	30	1
217	268	30	1
235	268	30	1
238	268	30	1
243	268	30	2
172	269	30	2
178	269	30	1
196	269	30	1
197	269	30	2
198	269	30	1
199	269	30	1
214	269	30	1
216	269	30	1
232	269	30	1
238	269	30	1
239	269	30	1
242	269	30	1
243	269	30	1
244	269	30	1
245	269	30	1
249	269	30	2
178	270	30	1
179	270	30	1
184	270	30	1
198	270	30	2
214	270	30	1
216	270	30	1
217	270	30	1
223	270	30	1
232	270	30	2
181	271	30	1
199	271	30	1
200	271	30	1
201	271	30	2
208	271	30	1
211	271	30	1
216	271	30	1
225	271	30	1
233	271	30	1
249	271	30	1
179	272	30	1
182	272	30	1
197	272	30	2
207	272	30	1
227	272	30	1
235	272	30	1
239	272	30	1
245	272	30	2
250	272	30	1
203	273	30	1
204	273	30	1
213	273	30	1
231	273	30	1
233	273	30	2
240	273	30	1
241	273	30	1
246	273	30	2
182	274	30	1
183	274	30	1
185	274	30	1
211	274	30	1
233	274	30	2
238	274	30	1
241	274	30	2
247	274	30	1
182	275	30	1
185	275	30	1
203	275	30	3
211	275	30	1
236	275	30	1
239	275	30	1
244	275	30	1
249	275	30	1
186	276	30	1
174	277	30	1
232	277	30	1
238	277	30	1
241	277	30	1
249	277	30	1
251	277	30	1
203	278	30	1
206	278	30	1
208	278	30	1
226	278	30	1
230	278	30	1
237	278	30	1
238	278	30	1
239	278	30	1
246	278	30	1
248	278	30	1
250	278	30	1
219	279	30	2
221	279	30	2
238	279	30	1
241	279	30	1
248	279	30	2
175	280	30	1
178	280	30	1
219	280	30	2
232	280	30	1
235	280	30	1
236	280	30	1
237	280	30	1
244	280	30	1
249	280	30	1
254	280	30	1
181	281	30	1
214	281	30	1
223	281	30	1
233	281	30	2
241	281	30	1
242	281	30	1
245	281	30	1
247	281	30	1
249	281	30	1
251	281	30	1
181	282	30	1
182	282	30	1
210	282	30	2
232	282	30	1
236	282	30	1
238	282	30	2
240	282	30	1
241	282	30	1
252	282	30	1
254	282	30	1
202	283	30	1
205	283	30	1
223	283	30	1
234	283	30	1
236	283	30	1
244	283	30	1
246	283	30	2
257	283	30	1
173	284	30	1
220	284	30	1
221	284	30	1
226	284	30	2
230	284	30	1
231	284	30	1
238	284	30	2
243	284	30	2
244	284	30	1
245	284	30	1
249	284	30	1
251	284	30	1
253	284	30	1
256	284	30	1
206	285	30	2
227	285	30	1
233	285	30	2
236	285	30	1
237	285	30	1
245	285.666666666667	31	2
246	285	30	1
255	285	30	1
206	286	30	1
223	286	30	2
224	286	30	1
227	286	30	1
231	286	30	1
240	286	30	1
246	286	30	2
250	286	30	1
252	286	30	1
257	286	30	1
219	287	30	1
231	287	30	1
250	287	30	1
255	287	30	1
199	288	30	1
221	288	30	1
226	288	30	2
229	288	30	1
231	288	30	3
233	288	30	2
246	288	30	1
247	288	30	1
248	288	30	1
249	288	30	1
253	288	30	1
184	289	30	1
199	289	30	1
200	289	30	1
223	289	30	2
224	289	30	4
234	289	30	2
238	289	30	3
248	289	30	1
252	289	30	2
198	290	30	1
220	290	30	1
222	290	30	1
226	290	30	1
231	290	30	2
245	290	30	1
197	291	30	1
225	291	30	1
235	291	30	1
241	291	30	1
245	291	30	2
246	291	30	1
247	291	30	1
250	291	30	1
258	291	30	1
203	292	30	2
228	292	30	1
229	292	30	1
237	292	30	1
238	292	30	1
241	292	30	2
245	292	30	2
246	292	30	1
247	292	30	1
251	292	30	1
257	292	30	1
222	293	30	1
223	293	30	1
225	293	30	1
232	293	30	1
233	293	30	1
236	293	30	1
239	293	30	1
244	293	30	1
245	293	30	1
246	293	30	1
249	293	30	1
253	293	30	1
189	294	30	1
220	294	30	1
221	294	30	1
232	294	30	1
237	294	30	1
238	294	30	1
241	294	30	1
245	294	30	1
249	294	30	2
253	294	30	1
218	295	30	1
220	295	30	1
221	295	30	1
225	295	30	1
228	295	30	1
229	295	30	1
241	295	30	2
243	295	30	1
244	295	30	1
251	295	30	1
252	295	30	1
253	295	30	1
254	295	30	1
186	296	30	1
228	296	30	1
237	296	30	2
242	296	30	1
243	296	30	1
226	297	30	1
227	297	30	1
229	297	30	1
232	297	30	1
241	297	30	1
243	297	30	1
248	297	30	1
252	297	30	1
220	298	30	1
221	298	30	1
222	298	30	1
230	298	30	1
237	298	30	1
239	298	30	1
242	298	30	1
249	298	30	1
251	298	30	1
252	298	30	2
215	299	30	1
225	299	30	1
227	299	30	2
230	299	30	1
231	299	30	1
236	299	30	1
240	299	30	1
241	299	30	1
242	299	30	1
246	299	30	1
247	299	30	1
248	299	30	1
250	299	30	1
214	300	30	2
244	300	30	1
225	301	30	2
227	301	30	1
235	301	30	1
240	301	30	1
241	301	30	1
244	301	30	1
246	301	30	1
249	301	30	2
231	302	30	1
240	302	30	2
242	302	30	1
217	303	30	1
225	303	30	2
237	303	30	1
239	303	30	1
241	303	30	3
244	303	30	1
246	303	30	3
233	304	30	1
237	304	30	1
238	304	30	1
223	305	30	1
238	305	30	1
240	305	30	1
240	306	30	2
226	250	31	1
227	250	31	1
229	251	31	1
226	252	31	1
224	253	31	1
233	253	31	2
238	253	31	1
229	254	31	1
232	254	31	1
235	254	31	1
235	255	31	1
238	255	31	2
240	255	31	1
215	256	31	1
233	256	31	1
236	256	31	1
177	257	31	1
214	257	31	1
236	257	31	1
237	257	31	1
239	257	31	1
190	258	31	1
205	258	31	1
227	258	31	1
230	258	31	2
231	258	31	1
239	258	31	1
206	259	31	1
218	259	31	1
230	259	31	1
232	259	31	1
235	259	31	1
216	260	31	2
234	260	31	1
244	260	31	1
187	261	31	1
210	261	31	1
211	261	31	1
225	261	31	1
234	261	31	1
245	261	31	1
249	261	31	1
193	262	31	1
211	262	31	2
233	262	31	1
235	262	31	1
246	262	31	1
249	262	31	1
193	263	31	2
198	263	31	2
200	263	31	1
211	263	31	1
229	263	31	2
230	263	31	2
232	263	31	2
233	263	31	1
235	263	31	1
238	263	31	1
244	263	31	1
245	263	31	1
248	263	31	2
184	264	31	2
187	264	31	2
194	264	31	1
204	264	31	1
218	264	31	1
220	264	31	1
224	264	31	1
231	264	31	1
237	264	31	1
240	264	31	1
214	265	31	1
215	265	31	1
222	265	31	2
234	265	31	1
240	265	31	1
246	265	31	1
186	266	31	1
189	266	31	1
191	266	31	1
193	266	31	1
194	266	31	1
219	266	31	1
220	266	31	1
228	266	31	4
246	266	31	1
247	266	31	1
177	267	31	1
197	267	31	1
199	267	31	1
216	267	31	1
217	267	31	1
219	267	31	1
223	267	31	2
224	267	31	1
227	267	31	2
229	267	31	1
233	267	31	1
235	267	31	1
236	267	31	1
237	267	31	1
238	267	31	1
193	268	31	1
213	268	31	2
216	268	31	1
231	268	31	3
232	268	31	1
242	268	31	1
243	268	31	1
244	268	31	1
247	268	31	1
182	269	31	1
191	269	31	1
194	269	31	2
201	269	31	2
206	269	31	1
210	269	31	2
213	269	31	1
231	269	31	1
235	269	31	1
239	269	31	1
247	269	31	1
173	270	31	1
181	270	31	1
196	270	31	1
198	270	31	1
217	270	31	1
231	270	31	1
234	270	31	1
244	270	31	1
176	271	31	1
178	271	31	1
199	271	31	1
204	271	31	1
212	271	31	1
213	271	31	1
214	271	31	1
217	271	31	1
224	271	31	2
225	271	31	1
231	271	31	1
232	271	31	1
233	271	31	2
237	271	31	1
238	271	31	1
239	271	31	2
240	271	31	2
246	271	31	1
247	271	31	1
249	271	31	1
184	272	31	1
185	272	31	1
208	272	31	1
211	272	31	2
214	272	31	1
215	272	31	1
226	272	31	1
227	272	31	1
230	272	31	1
232	272	31	2
237	272	31	2
238	272	31	1
239	272	31	1
241	272	31	1
250	272	31	1
183	273	31	1
207	273	31	1
209	273	31	1
210	273	31	1
211	273	31	1
212	273	31	1
213	273	31	1
229	273	31	1
236	273	31	1
244	273	31	1
248	273	31	1
249	273	31	1
175	274	31	1
180	274	31	2
182	274	31	1
225	274	31	1
226	274	31	2
229	274	31	1
230	274	31	2
232	274	31	1
233	274	31	1
239	274	31	1
240	274	31	1
243	274	31	1
182	275	31	1
236	275	31	1
237	275	31	1
241	275	31	2
244	275	31	1
176	276	31	1
226	276	31	1
246	276	31	1
252	276	31	1
253	276	31	1
209	277	31	1
233	277	31	1
235	277	31	1
243	277	31	1
244	277	31	1
247	277	31	1
174	278	31	1
180	278	31	1
205	278	31	1
207	278	31	1
208	278	31	1
237	278	31	1
240	278	31	1
205	279	31	1
206	279	31	1
207	279	31	1
216	279	31	1
234	279	31	1
242	279	31	1
247	279	31	1
205	280	31	2
208	280	31	1
219	280	31	2
220	280	31	1
235	280	31	2
241	280	31	1
245	280	31	1
247	280	31	1
249	280	31	2
250	280	31	1
181	281	31	1
204	281	31	1
210	281	31	3
223	281	31	1
231	281	31	1
237	281	31	1
245	281	31	2
250	281	31	1
251	281	31	1
206	282	31	1
221	282	31	1
234	282	31	1
240	282	31	2
245	282	31	2
246	282	31	3
248	282	31	1
250	282	31	1
176	283	31	1
181	283	31	1
209	283	31	1
221	283	31	2
231	283	31	1
233	283	31	1
234	283	31	1
243	283	31	1
246	283	31	1
251	283	31	2
253	283	31	1
176	284	31	1
206	284	31	1
209	284	31	1
222	284	31	1
223	284	31	1
231	284	31	1
257	284	31	1
173	285	31	1
177	285	31	1
178	285	31	2
183	285	31	1
225	285	31	1
229	285	31	2
236	285	31	1
238	285.5	31.5	1
245	285	31	1
247	285	31	1
248	285	31	1
255	285	31	1
256	285	31	1
178	286	31	1
231	286	31	1
237	286	31	2
222	287	31	1
226	287	31	1
227	287	31	1
234	287	31	1
236	287	31	1
238	287	31	1
239	287	31	2
246	287	31	3
252	287	31	1
255	287	31	1
187	288	31	1
230	288	31	1
233	288	31	1
240.5	288.5	31.5	1
241	288	31	1
245	288	31	1
247	288	31	1
249	288	31	1
251	288	31	1
185	289	31	1
205	289	31	1
226	289	31	1
234	289	31	1
235	289	31	1
238	289	31	2
222	290	31	1
225	290	31	1
235	290	31	2
240	290	31	1
241	290	31	1
243	290	31	1
247	290	31	1
197	291	31	2
204	291	31	1
222	291	31	1
226	291	31	1
227	291	31	1
228	291	31	1
229	291	31	1
231	291	31	1
237	291	31	2
238	291	31	1
240	291	31	1
254	291	31	1
255	291	31	1
201	292	31	2
227	292	31	1
230	292	31	1
232	292	31	1
251	292	31	1
221	293	31	1
222	293	31	1
223	293	31	1
228	293	31	1
233	293	31	1
234	293	31	1
236	293	31	1
237	293	31	1
242	293	31	1
251	293	31	2
198	294	31	1
221	294	31	2
225	294	31	1
230	294	31	1
232	294	31	1
240	294	31	1
252	294	31	1
202	295	31	1
226	295	31	1
228	295	31	1
244	295	31	2
248	295	31	2
250	295	31	1
257	295	31	1
215	296	31	1
222	296	31	1
236	296	31	2
245	296	31	1
248	296	31	2
252	296	31	1
253	296	31	1
223	297	31	1
225	297	31	1
226	297	31	1
231	297	31	2
236	297	31	2
241	297	31	1
242	297	31	1
248	297	31	3
224	298	31	1
226	298	31	1
240	298	31	1
242	298	31	1
251	298	31	1
224	299	31	1
229	299	31	1
233	299	31	1
247	299	31	1
224	300	31	2
228	300	31	1
229	300	31	1
230	300	31	1
235	300	31	1
250	300	31	1
221	301	31	1
224	301	31	1
230	301	31	1
232	301	31	2
237	301	31	1
241	301	31	1
245	301	31	2
246	301	31	2
247	301	31	1
222	302	31	1
224	302	31	1
248	302	31	1
224	303	31	1
231	303	31	1
235	303	31	2
236	303	31	2
239	303	31	1
246	303	31	1
236	305	31	1
242	305	31	1
233	306	31	2
236	306	31	2
237	307	31	1
215	251	32	1
214	252	32	1
217	252	32	1
226	252	32	2
231	252	32	1
193	253	32	1
218	253	32	1
223	253	32	4
224	253	32	1
227	253	32	1
237	253	32	1
240	253	32	3
216	254	32	1
223	254	32	1
226	254	32	1
228	254	32	1
238	254	32	2
239	254	32	1
221	255	32	1
227	255	32	1
234	255	32	2
240	255	32	1
210	256	32	1
219	256	32	1
232	256	32	1
236	256	32	1
192	257	32	2
202	257	32	1
203	257	32	1
208	257	32	1
209	257	32	1
238	257	32	1
182	258	32	1
190	258	32	2
216	258	32	3
218	258	32	1
220	258	32	1
237	258	32	1
241	258	32	2
191	259	32	1
207	259	32	1
209	259	32	1
227	259	32	1
228	259	32	1
229	259	32	1
231	259	32	2
240	259	32	1
242	259	32	1
244	259	32	1
210	260	32	1
228	260	32	1
240	260	32	1
244	260	32	2
248	260	32	2
186	261	32	1
194	261	32	1
211	261	32	1
216	261	32	1
217	261	32	2
220	261	32	1
226	261	32	2
230	261	32	1
239	261	32	1
242	261	32	1
245	261	32	1
186	262	32	2
189	262	32	1
197	262	32	1
207	262	32	1
215.5	262.5	32.5	1
224	262	32	1
231	262	32	1
233	262	32	1
245	262	32	1
250	262	32	1
211	263	32	2
212	263	32	1
213	263	32	1
216	263	32	1
220	263	32	1
233	263	32	1
237	263	32	1
241	263	32	1
247	263	32	1
249	263	32	1
251	263	32	1
186	264	32	1
199	264	32	1
204	264	32	2
210	264	32	1
212	264	32	1
216	264	32	2
224	264	32	3
227	264	32	1
228	264	32	1
232	264	32	2
176	265	32	1
187	265	32	1
192	265	32	1
216	265	32	1
217	265	32	2
221	265	32	1
229	265	32	1
231	265	32	1
232	265	32	1
233	265	32	1
239	265	32	1
244	265	32	1
249	265	32	1
178	266	32	1
194	266	32	1
196	266	32	2
216	266	32	1
220	266	32	1
228	266	32	2
229	266	32	3
236	266	32	1
239	266	32	2
247	266	32	2
248	266	32	1
249	266	32	2
184	267	32	1
186	267	32	1
188	267	32	1
191	267	32	1
196	267	32	1
216	267	32	1
219	267	32	1
230	267	32	2
233	267	32	3
237	267	32	1
242	267	32	1
243	267	32	1
246	267	32	1
249	267	32	1
252	267	32	1
193	268	32	2
195	268	32	1
207	268	32	1
215	268	32	1
233	268	32	1
239	268	32	1
241	268	32	1
246	268	32	1
175	269	32	1
176	269	32	1
180	269	32	1
184	269	32	1
186	269	32	1
187	269	32	1
193	269	32	1
196	269	32	2
214	269	32	1
245	269	32	1
251	269	32	1
181	270	32	1
195	270	32	1
197	270	32	1
206	270	32	1
212	270	32	1
239	270	32	1
241	270	32	1
243	270	32	1
244	270	32	1
245	270	32	1
247	270	32	1
248	270	32	1
174	271	32	1
182	271	32	2
186	271	32	1
202	271	32	1
209	271	32	2
210	271	32	1
214	271	32	1
227	271	32	1
233	271	32	2
239	271	32	1
241	271	32	2
244	271	32	1
247	271	32	1
249	271	32	1
173	272	32	1
175	272	32	2
181	272	32	1
183	272	32	2
200	272	32	2
206	272	32	1
208	272	32	1
225	272	32	1
235	272	32	1
239	272	32	1
240	272	32	2
243	272	32	1
174	273	32	2
181	273	32	1
186	273	32	1
201	273	32	1
204	273	32	1
207	273	32	1
212	273	32	1
215	273	32	2
234	273	32	2
239	273	32	1
241	273	32	1
243	273	32	2
250	273	32	1
179	274	32	1
183	274	32	1
205	274	32	1
209	274	32	1
210	274	32	2
215	274	32	1
233	274	32	2
236	274	32	1
240	274	32	3
250	274	32	1
252	274	32	1
203	275	32	1
175	276	32	1
184	276	32	2
204	276	32	2
205	276	32	1
206	276	32	1
210	276	32	1
228	276	32	1
235	276	32	2
246	276	32	2
175	277	32	2
215	277	32	1
216	277	32	1
237	277	32	2
239	277	32	1
175	278	32	2
203	278	32	1
220	278	32	1
239	278	32	2
245	278	32	1
248	278	32	1
250	278	32	1
178	279	32	1
219	279	32	2
234	279	32	1
241	279	32	1
255	279	32	1
176	280	32	2
217	280	32	1
220	280	32	1
240	280	32	1
245	280	32	1
248	280	32	1
249	280	32	1
179	281	32	1
181	281	32	1
182	281	32	1
217	281	32	1
219	281	32	1
223	281	32	1
239	281	32	1
240	281	32	1
241	281	32	1
244	281	32	1
248	281	32	1
173	282	32	1
174	282	32	1
187	282	32	1
188	282	32	1
204	282	32	1
222	282	32	1
226	282	32	1
233	282	32	1
237	282	32	3
241	282	32	1
245	282	32	1
247	282	32	1
248	282	32	1
250	282	32	2
253	282	32	2
254	282	32	1
173	283	32	1
176	283	32	1
181	283	32	2
207	283	32	1
222	283	32	1
226	283	32	1
230	283	32	1
253	283	32	1
254	283	32	1
176	284	32	3
181	284	32	2
184	284	32	1
208	284	32	1
219	284	32	1
220	284	32	1
226	284	32	2
227	284	32	1
229	284	32	1
237	284	32	1
252	284	32	1
206	285	32	2
215	285	32	1
218	285	32	1
223	285	32	1
229	285	32	1
234	285	32	1
250	285	32	1
252	285	32	2
254	285	32	1
255	285	32	1
174	286	32	1
180	286	32	1
204	286	32	2
209	286	32	1
218	286	32	1
222	286	32	1
226	286	32	1
237	286	32	1
239	286	32	1
240	286	32	1
249	286	32	1
250	286	32	1
256	286	32	1
187	287	32	1
207	287	32	2
220	287	32	1
227	287	32	1
238	287	32	1
241	287	32	1
243	287	32	2
245	287	32	2
254	287	32	2
255	287	32	1
235	288	32	3
237	288	32	1
244	288	32	1
247	288	32	1
249	288	32	2
201	289	32	1
223	289	32	1
224	289	32	1
229	289	32	1
230	289	32	1
231	289	32	1
243	289	32	1
185	290	32	1
199	290	32	1
222	290	32	1
230	290	32	1
234	290	32	1
243	290	32	1
247	290	32	2
253	290	32	1
198	291	32	1
222	291	32	1
226	291	32	1
229	291	32	1
233.333333333333	291.333333333333	33	2
238	291	32	1
239	291	32	1
244	291	32	1
247	291	32	1
250	291	32	1
254	291	32	1
198	292	32	2
203	292	32	1
218	292	32	1
222	292	32	1
228	292	32	1
229	292	32	1
233	292	32	1
238	292	32	1
242	292	32	1
247	292	32	1
256	292	32	2
199	293	32	1
222	293	32	1
223	293	32	2
224	293	32	1
225	293	32	1
227	293	32	2
228	293	32	3
229	293	32	1
237	293	32	1
244	293	32	1
253	293	32	1
197	294	32	2
198	294	32	1
202	294	32	1
223	294	32	1
233	294	32	1
235	294	32	1
251	294	32	1
256	294	32	1
181	295	32	2
223	295	32	1
230	295	32	1
243	295	32	1
245	295	32	1
247	295	32	1
249	295	32	1
250	295	32	1
251	295	32	1
187	296	32	1
200	296	32	1
226	296	32	1
228	296	32	1
230	296	32	1
231	296	32	1
233	296	32	3
241	296	32	1
249	296	32	1
255	296	32	1
183	297	32	1
198	297	32	1
226	297	32	1
229	297	32	2
249	297	32	1
250	297	32	1
255	297	32	2
219	298	32	1
232	298	32	1
246	298	32	1
250	298	32	1
252	298	32	1
228	299	32	1
236	299	32	1
243	299	32	1
185	300	32	2
232	300	32	1
240	300	32	1
198	301	32	1
223	301	32	1
224	301	32	1
225	301	32	2
227	301	32	1
233	301	32	2
237	301	32	1
241	301	32	1
246	301	32	1
249	301	32	1
233	302	32	2
239	302	32	2
245	302	32	1
247	302	32	1
207	303	32	1
222	303	32	1
225	303	32	1
229	303	32	3
242	303	32	1
244	303	32	1
245	303	32	1
225	304	32	1
234	304	32	1
238	304	32	1
241	304	32	1
221	305	32	1
222	305	32	1
234	305	32	1
236	306	32	1
222	307	32	1
225	307	32	1
235	307	32	1
221	308	32	1
227	308	32	1
235	308	32	1
220	309	32	1
224	309	32	1
226	309	32	1
229	310	32	1
231	310	32	1
234	311	32	1
229	312	32	1
230	313	32	1
228	251	33	1
223	252	33	1
227	252	33	2
216	253	33	1
228	253	33	2
241	253	33	1
217	254	33	2
220	254	33	1
227	254	33	1
235	254	33	2
236	254	33	1
239	254	33	1
240	254	33	1
217	255	33	1
223	255	33	1
226	255	33	2
236	255	33	1
215	256	33	1
216	256	33	1
232	256	33	2
238	256	33	3
217	257	33	1
235	257	33	1
239	257	33	1
217	258	33	2
219	258	33	1
221	258	33	1
223	258	33	1
230	258	33	2
231	258	33	1
232	258	33	1
235	258	33	1
242	258	33	1
244	258	33	2
209	259	33	1
213	259	33	3
223	259	33	1
226	259	33	1
232	259	33	1
233	259	33	1
237	259	33	2
242	259	33	1
208	260	33	1
215	260	33	2
220	260	33	1
237	260	33	1
238	260	33	1
241	260	33	1
243	260	33	1
182	261	33	1
188	261	33	1
208	261	33	1
209	261	33	1
214	261	33	1
222	261	33	1
230	261	33	1
235	261	33	1
238	261	33	2
239	261	33	2
191	262	33	1
192	262	33	1
212	262	33	1
216	262	33	1
221	262	33	1
223	262	33	3
224	262	33	1
227	262	33	1
239	262	33	2
241	262	33	1
246	262	33	1
189	263	33	1
193	263	33	1
194	263	33	1
199	263	33	1
203	263	33	1
215	263	33	1
220	263	33	1
223	263	33	1
236	263	33	1
237	263	33	1
243	263	33	1
245	263	33	1
247	263	33	1
249	263	33	1
185	264	33	2
186	264	33	1
190	264	33	1
194	264	33	1
209	264	33	1
217	264	33	1
218	264	33	1
220	264	33	1
223	264	33	1
226	264	33	2
228	264	33	1
235	264	33	1
245	264	33	1
246	264	33	1
186	265	33	1
189	265	33	1
202	265	33	2
210	265	33	1
211	265	33	1
213	265	33	1
217	265	33	1
219	265	33	1
221	265	33	1
223	265	33	1
224	265	33	1
225	265	33	1
229	265	33	1
239	265	33	1
184	266	33	1
186	266	33	1
189	266	33	1
190	266	33	2
191	266	33	1
192	266	33	2
214	266	33	1
215	266	33	1
221	266	33	1
246	266	33	1
250	266	33	1
186	267	33	1
188	267	33	1
191	267	33	1
196	267	33	1
200	267	33	2
202	267	33	1
209	267	33	1
210	267	33	1
215	267	33	1
216	267	33	1
221	267	33	2
225	267	33	1
228	267	33	2
229	267	33	1
231	267	33	1
245	267	33	1
246	267	33	1
253	267	33	1
183	268	33	1
195	268	33	1
196	268	33	1
212	268	33	3
215	268	33	1
219	268	33	2
224	268	33	2
231	268	33	1
232	268	33	2
241	268	33	2
242	268	33	2
185	269	33	1
187	269	33	1
192	269	33	3
194	269	33	1
195	269	33	1
196	269	33	2
201	269	33	1
209	269	33	1
215	269	33	1
232	269	33	2
241	269	33	1
245	269	33	1
184	270	33	1
198	270	33	1
206	270	33	1
231	270	33	2
233	270	33	1
241	270	33	1
243	270	33	1
245	270	33	1
247	270	33	1
248	270	33	1
252	270	33	1
173	271	33	1
179	271	33	2
181	271	33	1
182	271	33	1
192	271	33	1
206	271	33	1
211	271	33	1
225	271	33	1
226	271	33	1
229	271	33	2
239	271	33	1
243	271	33	1
172	272	33	1
173	272	33	3
177	272	33	1
178	272	33	1
180	272	33	1
184	272	33	1
186	272	33	1
187	272	33	2
201	272	33	1
203	272	33	1
204	272	33	1
205	272	33	1
232	272	33	1
234	272	33	1
238	272	33	3
241	272	33	1
242	272	33	1
244	272	33	1
176	273	33	1
182	273	33	1
183	273	33	1
185	273	33	1
201	273	33	1
204	273	33	1
235	273	33	1
238	273	33	2
239	273	33	1
240	273	33	2
241	273	33	1
248	273	33	2
253	273	33	1
176	274	33	1
181	274	33	1
182	274	33	1
183	274	33	1
193	274	33	1
201	274	33	2
203	274	33	1
204	274	33	2
208	274	33	1
217	274	33	1
227	274	33	1
233	274	33	1
235	274	33	1
236	274	33	1
237	274	33	1
240	274	33	1
242	274	33	1
244	274	33	1
200	275	33	1
206	275	33	1
207	275	33	1
211	275	33	1
213	275	33	1
214	275	33	1
241	275	33	3
246	275	33	1
251	275	33	1
174	276	33	1
177	276	33	1
186	276	33	1
201	276	33	2
235	276	33	1
173	277	33	1
178	277	33	1
206	277	33	1
207	277	33	2
216	277	33	3
242	277	33	1
243	277	33	1
247	277	33	1
176	278	33	1
177	278	33	1
178	278	33	1
235	278	33	1
237	278	33	1
240	278	33	1
243	278	33	1
245	278	33	2
178	279	33	1
222	279	33	1
231	279	33	1
174	280	33	1
175	280	33	1
176	280	33	1
180	280	33	1
206	280	33	1
210	280	33	1
217	280	33	2
225	280	33	1
226	280	33	1
229	280	33	1
237	280	33	2
242	280	33	1
246	280	33	1
251	280	33	1
176	281	33	1
178	281	33	2
180	281	33	1
206	281	33	1
224	281	33	1
225	281	33	1
230	281	33	1
234	281	33	1
239	281	33	1
241	281	33	1
243	281	33	2
249	281	33	1
250	281	33	1
178	282	33	2
185	282	33	1
190	282	33	1
213	282	33	1
218	282	33	1
224	282	33	1
225	282	33	2
231	282	33	1
243	282	33	1
244	282	33	2
247	282	33	1
248	282	33	1
251	282	33	1
176	283	33	2
181	283	33	1
183	283	33	1
189	283	33	1
211	283	33	1
212	283	33	1
215	283	33	1
233	283	33	1
236	283	33	1
239	283	33	1
240	283	33	1
242	283	33	1
246	283	33	1
250	283	33	1
175	284	33	1
176	284	33	1
187	284	33	1
188	284	33	1
209	284	33	2
210	284	33	1
222	284	33	1
233	284	33	1
235	284	33	1
241	284	33	2
242	284	33	1
246	284	33	1
252	284	33	1
175	285	33	1
178	285	33	1
202	285	33	1
206	285	33	1
212	285	33	1
223	285	33	1
224	285	33	2
225	285	33	2
226	285	33	2
228	285	33	1
230	285	33	1
238	285	33	1
240	285	33	1
243	285	33	1
245	285	33	1
247	285	33	1
185	286	33	1
188	286	33	1
201	286	33	1
206	286	33	1
207	286	33	1
208	286	33	1
218	286	33	1
223	286	33	1
226	286	33	1
230	286	33	2
235	286	33	2
238	286	33	1
246	286	33	2
179	287	33	1
185	287	33	1
198	287	33	1
204	287	33	1
205	287	33	1
221	287	33	1
223	287	33	1
226	287	33	1
228	287	33	1
234	287	33	1
235	287	33	1
236	287	33	1
246	287	33	1
247	287	33	1
186	288	33	1
187	288	33	1
231	288	33	1
244	288	33	1
246	288	33	1
247	288	33	1
248	288	33	2
250	288	33	1
200	289	33	1
201	289	33	1
223	289	33	1
224	289	33	1
231	289	33	2
234	289	33	2
241.5	289.5	33.5	1
197	290	33	1
202	290	33	1
230	290	33	1
235	290	33	1
236	290	33	1
243	290	33	1
246	290	33	1
247	290	33	1
250	290	33	1
198	291	33	1
199	291	33	1
223	291	33	1
226	291	33	1
232	291	33	1
236	291	33	1
238	291	33	1
240	291	33	1
246	291	33	2
249	291	33	1
197	292	33	1
228	292	33	1
232	292	33	1
235	292	33	2
242	292	33	1
246	292	33	1
247	292	33	1
248	292	33	2
226	293	33	1
230	293	33	1
235	293	33	1
239	293	33	1
248	293	33	1
252	293	33	3
187	294	33	1
195	294	33	2
202	294	33	1
213	294	33	2
223	294	33	2
228	294	33	1
231	294	33	2
235	294	33	1
238	294	33	1
245	294	33	1
256	294	33	1
204	295	33	1
218	295	33	1
225	295	33	1
229	295	33	1
238	295	33	1
246	295	33	1
248	295	33	1
191	296	33	2
195	296	33	2
200	296	33	1
229	296	33	1
230	296	33	1
233	296	33	1
246	296	33	1
252	296	33	1
196	297	33	1
202	297	33	1
224	297	33	2
231	297	33	1
240	297	33	2
194	298	33	2
196	298	33	2
200	298	33	1
223	298	33	1
234	298	33	1
235	298	33	1
236	298	33	1
243	298	33	1
195	299	33	1
197	299	33	2
224	299	33	1
230	299	33	2
235	299	33	2
241	299	33	1
242	299	33	1
226	300	33	1
230	300	33	3
237	300	33	1
238	300	33	1
225	301	33	1
234	301	33	1
239	301	33	1
243	301	33	1
246	301	33	1
199	302	33	1
209	302	33	1
211	302	33	1
227	302	33	1
228	302	33	1
230	302	33	1
231	302	33	1
236	302	33	2
237	302	33	1
240	302	33	1
244	302	33	1
222	303	33	1
232	303	33	2
233	303	33	1
236	303	33	1
237	303	33	1
240	303	33	2
241	303	33	2
209	304	33	1
227	304	33	1
222	305	33	1
227	305	33	1
230	305	33	1
240	305	33	1
220	306	33	1
223	306	33	1
224	306	33	1
238	306	33	1
242	306	33	1
223	307	33	1
234	307	33	2
235	307	33	1
221	308	33	1
224	308	33	1
233	308	33	1
237	308	33	1
242	308	33	2
223	309	33	1
224	309	33	2
229	309	33	1
234	309	33	1
217	310	33	1
229	310	33	1
226	311	33	1
235	311	33	2
225	312	33	1
226	312	33	1
232	312	33	1
223	313	33	1
225	313	33	1
234	314	33	1
226	250	34	1
229	250	34	1
224	252	34	1
228	252	34	1
225	253	34	1
226	253	34	1
219	254	34	1
225	254	34	1
235	254	34	1
239	254	34	1
218	255	34	1
224	255	34	1
218	256	34	1
233	256	34	1
237	256	34	1
243	256	34	1
210	257	34	1
219	257	34	1
225	257	34	1
243	257	34	1
201	258	34	1
212	258	34	1
216	258	34	1
221	258	34	1
228	258	34	1
237	258	34	1
209	259	34	1
217	259	34	1
218	259	34	2
223	259	34	2
229	259	34	1
232	259	34	1
235	259	34	1
242	259	34	1
214	260	34	1
217	260	34	1
218	260	34	1
219	260	34	2
220	260	34	1
223	260	34	1
224	260	34	1
237	260	34	1
243	260	34	2
245	260	34	1
215	261	34	2
217	261	34	1
221	261	34	1
223	261	34	1
227	261	34	1
232	261	34	1
235	261	34	1
242	261	34	1
192	262	34	1
193	262	34	1
214	262	34	1
219	262	34	1
220	262	34	1
224	262	34	1
226	262	34	1
228	262	34	1
233	262	34	1
241	262	34	1
243	262	34	2
245	262	34	1
246	262	34	2
247	262	34	1
250	262	34	2
185	263	34	1
213	263	34	1
216	263	34	1
222	263	34	1
224	263	34	2
225	263	34	1
226	263	34	1
235	263	34	1
248	263	34	2
250	263	34	1
251	263	34	2
252	263	34	1
186	264	34	1
187	264	34	1
188	264	34	1
191	264	34	1
192	264	34	2
200	264	34	1
202	264	34	1
206	264	34	1
210	264	34	1
212	264	34	1
214	264	34	1
218	264	34	2
219	264	34	1
220	264	34	1
222	264	34	1
226	264	34	1
232	264	34	1
235	264	34	1
237	264	34	1
187	265	34	1
191	265	34	1
196	265	34	1
204	265	34	1
217	265	34	2
230	265	34	1
233	265	34	1
234	265	34	1
241	265	34	1
245	265	34	1
178	266	34	1
194	266	34	1
197	266	34	1
221	266	34	1
237	266	34	1
240	266	34	1
241	266	34	1
250	266	34	1
183	267	34	1
186	267	34	1
188	267	34	1
206	267	34	1
214	267	34	1
220	267	34	1
221	267	34	1
224	267	34	1
246	267	34	1
247	267	34	1
249	267	34	3
176	268	34	2
207	268	34	1
210	268	34	1
217	268	34	1
218	268	34	1
220	268	34	1
233	268	34	1
240	268	34	1
250	268	34	1
175	269	34	1
182	269	34	1
183	269	34	1
185	269	34	1
189	269	34	1
196	269	34	1
204	269	34	3
210	269	34	1
212	269	34	1
218	269	34	2
219	269	34	1
230	269	34	1
231	269	34	1
233	269	34	1
251	269	34	1
254	269	34	1
179	270	34	1
183	270	34	1
184	270	34	1
192	270	34	2
196	270	34	1
199	270	34	1
209	270	34	1
221	270	34	2
228	270	34	1
233	270	34	1
240	270	34	1
252	270	34	1
179	271	34	1
182	271	34	1
189	271	34	1
205	271	34	1
217	271	34	1
234	271	34	1
235	271	34	1
246	271	34	1
247	271	34	1
248	271	34	1
173	272	34	1
175	272	34	1
181	272	34	1
186	272	34	2
188	272	34	1
198	272	34	1
206	272	34	2
213	272	34	1
214	272	34	2
227	272	34	1
236	272	34	1
237	272	34	1
240	272	34	1
247	272	34	1
170	273	34	1
176	273	34	1
182	273	34	2
186	273	34	2
203	273	34	1
208	273	34	1
209	273	34	1
211	273	34	1
219	273	34	1
231	273	34	2
239	273	34	1
243	273	34	1
248	273	34	1
182	274	34	1
183	274	34	1
185	274	34	1
186	274	34	2
210	274	34	2
211	274	34	2
213	274	34	2
215	274	34	1
216	274	34	1
218	274	34	1
226	274	34	1
234	274	34	3
235	274	34	1
240	274	34	2
241	274	34	1
246	274	34	1
181	275	34	1
183	275	34	2
184	275	34	2
189	275	34	1
206	275	34	1
207	275	34	1
208	275	34	1
213	275	34	3
214	275	34	1
219	275	34	1
227	275	34	1
231	275	34	1
238	275	34	3
246	275	34	2
174	276	34	1
177	276	34	1
203	276	34	1
233	276	34	2
235	276	34	1
236	276	34	2
242	276	34	1
244	276	34	1
250	276	34	2
182	277	34	1
184	277	34	1
204	277	34	1
205	277	34	2
212	277	34	1
213	277	34	1
241	277	34	1
244	277	34	1
176	278	34	1
178	278	34	1
190	278	34	1
203	278	34	1
210	278	34	1
212	278	34	1
214	278	34	1
232	278	34	1
239	278	34	1
243	278	34	1
179	279	34	1
203	279	34	1
214	279	34	1
215	279	34	1
231	279	34	1
244	279	34	1
245	279	34	1
246	279	34	1
175	280	34	1
176	280	34	1
204	280	34	2
207	280	34	3
212	280	34	1
215	280	34	1
224	280	34	2
234	280	34	1
239	280	34	1
245	280	34	1
246	280	34	2
173	281	34	1
176	281	34	1
179	281	34	1
180	281	34	2
191	281	34	1
202	281	34	1
206	281	34	1
207	281	34	1
213	281	34	1
223	281	34	1
229	281	34	1
231	281	34	1
233	281	34	1
245	281	34	1
175	282	34	2
189	282	34	2
206	282	34	2
210	282	34	2
211	282	34	1
212	282	34	1
229	282	34	1
230	282	34	1
232	282	34	2
233	282	34	1
179	283	34	1
223	283	34	1
226	283	34	1
230	283	34	1
233	283	34	1
234	283	34	2
239	283	34	1
240	283	34	1
245	283	34	2
253	283	34	1
184	284	34	1
205	284	34	1
207	284	34	1
210	284	34	2
215	284	34	1
220	284	34	1
223	284	34	1
224	284	34	1
226	284	34	1
229	284	34	1
231	284	34	1
233	284	34	1
236	284	34	1
246	284	34	1
176	285	34	1
179	285	34	1
185	285	34	1
187	285	34	1
202	285	34	1
208	285	34	1
209	285	34	1
211	285	34	1
218	285	34	2
220	285	34	1
222	285	34	1
243	285	34	3
248	285	34	1
177	286	34	1
186	286	34	1
190	286	34	1
203	286	34	2
205	286	34	1
207	286	34	2
208	286	34	1
209	286	34	1
218	286	34	1
220	286	34	1
223	286	34	1
247	286	34	3
248	286	34	1
255	286	34	1
187	287	34	1
209	287	34	1
224	287	34	1
238	287	34	1
239	287	34	1
251	287	34	1
252	287	34	3
184	288	34	1
199	288	34	3
209	288	34	1
220	288	34	1
223	288	34	1
228	288	34	1
230	288	34	1
238	288	34	1
246	288	34	1
247	288	34	1
175	289	34	2
186	289	34	1
199	289	34	2
202	289	34	1
223	289	34	1
238	289	34	1
241	289	34	1
242	289	34	1
249	289	34	1
198	290	34	1
203	290	34	1
204	290	34	1
224	290	34	1
229	290	34	1
230	290	34	2
232	290	34	1
237	290	34	1
246	290	34	1
253	290	34	1
186	291	34	2
200	291	34	1
202	291	34	1
203	291	34	1
221	291	34	1
222	291	34	1
224	291	34	4
231	291	34	1
232	291	34	1
235	291	34	1
236	291	34	1
248	291	34	1
227	292	34	1
228	292	34	1
231	292	34	1
232	292	34	1
234	292	34	1
237	292	34	1
241	292	34	1
242	292	34	1
243	292	34	1
190	293	34	1
222	293	34	2
225	293	34	1
227	293	34	1
232	293	34	2
177	294	34	1
201	294	34	1
206	294	34	1
217	294	34	1
220	294	34	1
224	294	34	1
226	294	34	1
229	294	34	1
237	294	34	1
242	294	34	1
243	294	34	1
179	295	34	1
192	295	34	1
198	295	34	1
203	295	34	1
204	295	34	1
224	295	34	1
225	295	34	1
228	295	34	1
236	295	34	2
244	295	34	1
182	296	34	2
183	296	34	1
196	296	34	1
217	296	34	1
223	296	34	1
226	296	34	2
228	296	34	1
234	296	34	1
242	296	34	1
179	297	34	1
202	297	34	1
203	297	34	1
225	297	34	1
235	297	34	1
239	297	34	1
242	297	34	2
182	298	34	1
194	298	34	1
197	298	34	1
224	298	34	1
241	298	34	2
246	298	34	1
251	298	34	1
180	299	34	1
182	299	34	1
195	299	34	1
200	299	34	1
224	299	34	1
226	299	34	1
242	299	34	1
245	299	34	1
224	300	34	1
230	300	34	1
238	300	34	1
246	300	34	1
229	301	34	2
231	301	34	1
232	301	34	1
245	301	34	2
223	302	34	1
226	302	34	1
228	302	34	1
239	302	34	1
227	303	34	1
229	303	34	1
231	303	34	2
235	303	34	1
236	303	34	1
239	303	34	2
241	303	34	2
194	304	34	3
199	304	34	1
231	304	34	1
233	304	34	1
244	304	34	1
204	305	34	1
226	305	34	1
228	305	34	2
229	305	34	1
230	305	34	2
235	305	34	2
237	305	34	2
240	305	34	1
203	306	34	1
234	306	34	1
241	306	34	1
206	307	34	1
224	307	34	1
226	307	34	2
232	307	34	1
235	307	34	1
237	307	34	2
240	307	34	1
243	307	34	1
222	308	34	1
225	308	34	1
227	308	34	1
232	308	34	1
233	308	34	2
237	308	34	1
225	309	34	1
235	309	34	1
237	309	34	1
221	310	34	1
226	310	34	1
227	310	34	1
228	310	34	1
231	310	34	1
233	310	34	1
239	310	34	2
240	310	34	1
218	311	34	1
224	311	34	1
230	311	34	1
232	311	34	1
233	311	34	2
221	312	34	2
222	312	34	1
224	312	34	2
229	312	34	1
212	313	34	1
221	313	34	1
231	313	34	1
236	313	34	1
225	314	34	1
229	314	34	2
228	315	34	1
233	315	34	1
228	316	34	2
231	317	34	1
233	317	34	1
235	318	34	2
237	318	34	1
226	250	35	1
229	250	35	1
225	251	35	1
228	251	35	1
225	252	35	2
221	253	35	1
224	253	35	1
226	253	35	1
230	254	35	1
231	254	35	1
235	254	35	1
240	254	35	2
219	255	35	1
221	255	35	1
226	255	35	2
216	256	35	1
225	256	35	1
230	256	35	1
240	256	35	2
243	256	35	1
216	257	35	1
218	257	35	1
223	257	35	2
226	257	35	1
230	257	35	1
243	257	35	1
203	258	35	1
217	258	35	2
221	258	35	1
222	258	35	1
227	258	35	1
228	258	35	1
230	258	35	1
232	258	35	2
235	258	35	2
244	258	35	1
215	259	35	1
219	259	35	1
220	259	35	1
222	259	35	1
223	259	35	2
227	259	35	2
238	259	35	1
241	259	35	1
242	259	35	1
217	260	35	1
221	260	35	1
224	260	35	1
238	260	35	1
239	260	35	1
244	260	35	1
188	261	35	1
189	261	35	1
191	261	35	2
211	261	35	1
212	261	35	2
215	261	35	1
216	261	35	1
219	261	35	1
222	261	35	1
223	261	35	1
226	261	35	1
243	261	35	2
244	261	35	1
245	261	35	1
190	262	35	1
206	262	35	1
208	262	35	1
218	262	35	1
219	262	35	1
239	262	35	1
240	262	35	1
241	262	35	1
188	263	35	2
190	263	35	1
191	263	35	1
208	263	35	1
209	263	35	1
211	263	35	1
216	263	35	1
217	263	35	1
222	263	35	2
224	263	35	1
228	263	35	2
230	263	35	1
231	263	35	1
236	263	35	1
238	263	35	2
241	263	35	2
244	263	35	3
248	263	35	1
249	263	35	1
250	263	35	1
188	264	35	1
200	264	35	1
213	264	35	1
217	264	35	3
219	264	35	1
220	264	35	2
221	264	35	1
223	264	35	2
226	264	35	1
227	264	35	1
232	264	35	1
234	264	35	1
237	264	35	1
238	264	35	2
242	264	35	1
178	265	35	1
184	265	35	1
190	265	35	1
194	265	35	2
195	265	35	1
209	265	35	1
212	265	35	2
216	265	35	1
223	265	35	2
225	265	35	1
226	265	35	1
228	265	35	2
231	265	35	2
233	265	35	1
234	265	35	1
241	265	35	1
186	266	35	1
187	266	35	1
190	266	35	1
191	266	35	2
197	266	35	1
204	266	35	1
208	266	35	1
211	266	35	1
220	266	35	1
221	266	35	1
223	266	35	1
226	266	35	2
238	266	35	2
246	266	35	1
251	266	35	1
187	267	35	1
190	267	35	1
191	267	35	2
207	267	35	1
212	267	35	1
214	267	35	1
215	267	35	1
218	267	35	1
219	267	35	1
223	267	35	2
227	267	35	1
228	267	35	1
231	267	35	1
232	267	35	1
233	267	35	1
235	267	35	1
239	267	35	1
243	267	35	1
246	267	35	1
250	267	35	1
186	268	35	1
188	268	35	1
192	268	35	1
194	268	35	1
195	268	35	1
206	268	35	1
208	268	35	1
222	268	35	1
223	268	35	2
229	268	35	1
242	268	35	1
243	268	35	1
249	268	35	2
174	269	35	1
193	269	35	1
202	269	35	1
215	269	35	1
217	269	35	1
220	269	35	2
222	269	35	1
234	269	35	1
238	269	35	2
244	269	35	1
247	269	35	2
249	269	35	1
250	269	35	2
173	270	35	1
178	270	35	1
179	270	35	2
181	270	35	1
189	270	35	2
191	270	35	1
211	270	35	1
213	270	35	1
220	270	35	1
227	270	35	1
233	270	35	1
237	270	35	3
238	270	35	1
244	270	35	2
247	270	35	2
250	270	35	1
176	271	35	2
179	271	35	1
188	271	35	1
195	271	35	2
199	271	35	1
205	271	35	1
206	271	35	1
207	271	35	1
210	271	35	2
217	271	35	1
220	271	35	1
233	271	35	1
238	271	35	1
240	271	35	1
249	271	35	1
250	271	35	1
176	272	35	1
182	272	35	1
185	272	35	1
191	272	35	1
192	272	35	1
201	272	35	1
202	272	35	1
206	272	35	1
217	272	35	1
218	272	35	1
219	272	35	1
232	272	35	2
233	272	35	1
234	272	35	1
237	272	35	2
241	272	35	1
246	272	35	1
173	273	35	1
178	273	35	1
181	273	35	1
184	273	35	1
212	273	35	3
215	273	35	1
217	273	35	1
227	273	35	1
170	274	35	1
171	274	35	1
178	274	35	2
182	274	35	1
183	274	35	1
185	274	35	1
196	274	35	2
202	274	35	2
211	274	35	1
231	274	35	1
232	274	35	1
233	274	35	1
244	274	35	1
250	274	35	1
184	275	35	1
185	275	35	1
189	275	35	1
205	275	35	1
213	275	35	1
235	275	35	1
237	275	35	1
239	275	35	1
242	275	35	1
245	275	35	1
177	276	35	1
188	276	35	1
204	276	35	1
209	276	35	1
212	276	35	1
218	276	35	2
221	276	35	1
233	276	35	1
239	276	35	1
243	276	35	1
244	276	35	1
173	277	35	1
205	277	35	1
206	277	35	1
211	277	35	1
215	277	35	1
219	277	35	1
220	277	35	1
229	277	35	1
234	277	35	1
237	277	35	1
171	278	35	2
183	278	35	1
195	278	35	1
198	278	35	1
204	278	35	1
222	278	35	1
224	278	35	1
230	278	35	2
231	278	35	1
244	278	35	1
245	278	35	1
247	278	35	1
179	279	35	2
192	279	35	1
204	279	35	1
212	279	35	1
214	279	35	1
222	279	35	1
237	279	35	1
241	279	35	3
173	280	35	1
174	280	35	1
179	280	35	1
189	280	35	1
191	280	35	1
193	280	35	1
199	280	35	1
203	280	35	1
214	280	35	1
219	280	35	1
220	280	35	1
221	280	35	1
233	280	35	1
180	281	35	1
182	281	35	1
205	281	35	1
208	281	35	1
210	281	35	2
212	281	35	1
223	281	35	1
226	281	35	1
229	281	35	1
232	281	35	1
234	281	35	1
235	281	35	1
240	281	35	1
186	282	35	1
219	282	35	1
220	282	35	1
221	282	35	1
226	282	35	1
229	282	35	1
242	282	35	1
244	282	35	1
171	283	35	2
181	283	35	1
183	283	35	2
189	283	35	1
190	283	35	1
204	283	35	1
207	283	35	1
215	283	35	1
223	283	35	1
226	283	35	1
227	283	35	1
228	283	35	2
229	283	35	1
232	283	35	1
244	283	35	1
247	283	35	1
180	284	35	2
181	284	35	1
184	284	35	1
186	284	35	1
208	284	35	1
218	284	35	1
219	284	35	1
224	284	35	1
241	284	35	1
243	284	35	1
248	284	35	1
249	284	35	2
177	285	35	1
180	285	35	1
185	285	35	2
189	285	35	1
198	285	35	1
200	285	35	1
207	285	35	1
220	285	35	1
225	285	35	1
231	285	35	1
234	285	35	1
240	285	35	1
245	285	35	1
250	285	35	3
185	286	35	2
187	286	35	1
196	286	35	2
198	286	35	1
200	286	35	1
202	286	35	1
205	286	35	1
207	286	35	1
215	286	35	1
218	286	35	1
219	286	35	1
220	286	35	1
228	286	35	1
229	286	35	1
231	286	35	1
238	286	35	1
243	286	35	1
246	286	35	2
249	286	35	3
182	287	35	1
187	287	35	1
196	287	35	1
198	287	35	1
206	287	35	1
220	287	35	2
223	287	35	1
226	287	35	2
233	287	35	1
236	287	35	1
237	287	35	1
247	287	35	2
176	288	35	1
183	288	35	1
189	288	35	2
200	288	35	1
218	288	35	2
230	288	35	1
238	288	35	1
239	288	35	1
242	288	35	1
247	288	35	1
185	289	35	1
186	289	35	1
187	289	35	2
195	289	35	2
204	289	35	1
205	289	35	1
220	289	35	1
221	289	35	2
226	289	35	1
235	289	35	1
236	289	35	1
241	289	35	1
245	289	35	1
247	289	35	1
250	289	35	1
197	290	35	1
199	290	35	1
205	290	35	1
234	290	35	1
238	290	35	1
242	290	35	1
245	290	35	1
185	291	35	1
198	291	35	1
201	291	35	1
205	291	35	1
222	291	35	1
225	291	35	1
230	291	35	1
232	291	35	1
241	291	35	2
242	291	35	1
247	291	35	1
174	292	35	1
182	292	35	1
185	292	35	1
186	292	35	2
194	292	35	1
200	292	35	1
205	292	35	1
221	292	35	1
225	292	35	1
226	292	35	1
243	292	35	2
245	292	35	2
247	292	35	1
181	293	35	1
195	293	35	1
201	293	35	1
203	293	35	2
204	293	35	1
228	293	35	1
229	293	35	1
231	293	35	1
233	293	35	2
238	293	35	1
239	293	35	2
246	293	35	1
183	294	35	1
188	294	35	2
190	294	35	1
219	294	35	1
221	294	35	1
223	294	35	1
226	294	35	1
228	294	35	1
234	294	35	2
244	294	35	1
245	294	35	1
202	295	35	2
203	295	35	2
218	295	35	1
220	295	35	1
226	295	35	1
228	295	35	1
236	295	35	1
242	295	35	1
248	295	35	1
181	296	35	1
182	296	35	1
202	296	35	1
205	296	35	1
217	296	35	1
220	296	35	1
236	296	35	1
242	296	35	1
243	296	35	1
245	296	35	2
200	297	35	1
221	297	35	1
227	297	35	1
229	297	35	1
230	297	35	1
235	297	35	1
242	297	35	1
245	297	35	1
247	297	35	1
194	298	35	2
198	298	35	1
203	298	35	1
219	298	35	1
223	298	35	1
236	298	35	1
244	298	35	1
247	298	35	1
227	299	35	1
241	299	35	1
242	299	35	1
224	300	35	1
227	300	35	1
228	300	35	1
229	300	35	1
194	301	35	2
196	301	35	1
224	301	35	1
235	301	35	2
236	301	35	1
237	301	35	1
238	301	35	1
241	301	35	1
245	301	35	1
199	302	35	1
226	302	35	1
236	302	35	1
238	302	35	1
239	302	35	3
199	303	35	1
223	303	35	1
227	303	35	1
230	303	35	2
232	303	35	1
233	303	35	1
236	303	35	1
244	303	35	1
221	304	35	1
228	304	35	1
232	304	35	1
233	304	35	2
239	304	35	1
241	304	35	3
195	305	35	1
207	305	35	1
222	305	35	1
223	305	35	1
229	305	35	1
232	305	35	2
235	305	35	1
240	305	35	1
206	306	35	2
220	306	35	1
222	306	35	1
228	306	35	1
229	306	35	1
231	306	35	2
233	306	35	1
235	306	35	1
195	307	35	1
224	307	35	1
234	307	35	1
239	307	35	1
240	307	35	1
242	307	35	1
220	308	35	1
228	308	35	1
236	308	35	1
241	308	35	1
223	309	35	1
229	309	35	1
235	309	35	1
237	309	35	4
238	309	35	1
220	310	35	1
227	310	35	2
232	310	35	1
214	311	35	1
222	311	35	1
236	311	35	3
240	311	35	1
241	311	35	1
232	312	35	1
228	313	35	1
232	313	35	1
235	313	35	1
238	313	35	2
232	314	35	1
234	314	35	1
235	314	35	1
235	315	35	1
232	316	35	2
227	317	35	3
233	317	35	3
234	317	35	1
238	317	35	1
239	317	35	1
231	318	35	1
238	318	35	1
232	319	35	2
233	319	35	1
240	319	35	1
224	253	36	3
218	256	36	1
219	256	36	1
226	256	36	1
217	257	36	1
226	257	36	1
216	258	36	2
218	258	36	1
222	258	36	3
225	258	36	1
231	258	36	1
232	258	36	2
218	259	36	1
222	259	36	1
226	259	36	1
229	259	36	1
217	260	36	1
225	260	36	1
240	260	36	1
216	261	36	1
218	261	36	2
219	261	36	1
220	261	36	1
222	261	36	2
224	261	36	1
230	261	36	1
239	261	36	1
242	261	36	1
192	262	36	2
212	262	36	1
215	262	36	1
219	262	36	1
224	262	36	1
226	262	36	1
227	262	36	2
232	262	36	1
238	262	36	1
244	262	36	1
189	263	36	1
216	263	36	1
219	263	36	1
225	263	36	1
234	263	36	1
236	263	36	1
239	263	36	2
186	264	36	1
206	264	36	2
209	264	36	1
216	264	36	1
220	264	36	1
223	264	36	1
226	264	36	2
232	264	36	2
238	264	36	1
240	264	36	1
242	264	36	1
185	265	36	1
189	265	36	1
191	265	36	1
196	265	36	1
207	265	36	1
208	265	36	1
211	265	36	1
224	265	36	2
233	265	36	1
240	265	36	4
247	265	36	2
187	266	36	1
193	266	36	1
196	266	36	1
211	266	36	1
216	266	36	1
226	266	36	1
228	266	36	1
230	266	36	1
237	266	36	1
241	266	36	1
248	266	36	1
186	267	36	1
208	267	36	1
209	267	36	1
211	267	36	1
214	267	36	1
217	267	36	1
218	267	36	1
219	267	36	1
242	267	36	1
194	268	36	1
196	268	36	1
197	268	36	1
205	268	36	1
211	268	36	1
232	268	36	1
237	268	36	1
238	268	36	1
239	268	36	1
186	269	36	1
200	269	36	1
211	269	36	1
213	269	36	1
219	269	36	2
238	269	36	1
240	269	36	1
249	269	36	1
188	270	36	1
194	270	36	1
195	270	36	1
211	270	36	1
232	270	36	1
238	270	36	1
240	270	36	1
241	270	36	1
248	270	36	2
176	271	36	1
181	271	36	1
189	271	36	1
191	271	36	1
198	271	36	2
206	271	36	1
214	271	36	1
215	271	36	1
216	271	36	1
217	271	36	1
218	271	36	1
238	271	36	1
239	271	36	1
177	272	36	1
190	272	36	2
193	272	36	1
208	272	36	1
230	272	36	1
232	272	36	1
235	272	36	1
190	273	36	1
191	273	36	1
198	273	36	1
232	273	36	1
236	273	36	1
176	274	36	1
188	274	36	1
201	274	36	1
203	274	36	1
211	274	36	1
214	274	36	2
216	274	36	1
217	274	36	1
221	274	36	1
239	274	36	1
250	274	36	1
205	275	36	1
206	275	36	1
207	275	36	1
210	275	36	2
212	275	36	1
219	275	36	2
186	276	36	3
204	276	36	1
208	276	36	2
214	276	36	1
215	276	36	1
216	276	36	1
222	276	36	1
232	276	36	1
204	277	36	1
206	277	36	1
214	277	36	1
232	277	36	1
181	278	36	1
188	278	36	2
211	278	36	1
218	278	36	1
231	278	36	1
239	278	36	1
187	279	36	1
201	279	36	2
204	279	36	2
206	279	36	2
219	279	36	1
220	279	36	1
223	279	36	1
174	280	36	1
191	280	36	1
192	280	36	2
199	280	36	2
204	280	36	1
206	280	36	1
208	280	36	1
214	280	36	1
232	280	36	1
173	281	36	1
192	281	36	1
204	281	36	1
206	281	36	1
211	281	36	1
228	281	36	2
190	282	36	1
206	282	36	1
221	282	36	2
187	283	36	1
202	283	36	1
207	283	36	1
208	283	36	1
215	283	36	1
219	283	36	1
230	283	36	2
233	283	36	1
240	283	36	1
176	284	36	1
188	284	36	1
196	284	36	1
199	284	36	1
205	284	36	1
209	284	36	2
210	284	36	1
213	284	36	1
219	284	36	1
221	284	36	1
224	284	36	1
232	284	36	1
233	284	36	1
242	284	36	2
199	285	36	1
202	285	36	2
204	285	36	2
207	285	36	3
218	285	36	2
221	285	36	1
223	285	36	1
233	285	36	1
235	285	36	1
240	285	36	1
187	286	36	1
188	286	36	1
193	286	36	1
200	286	36	1
204	286	36	2
205	286	36	2
222	286	36	1
227	286	36	1
236	286	36	1
237	286	36	1
244	286	36	1
176	287	36	1
185	287	36	2
190	287	36	1
208	287	36	1
221	287	36	2
222	287	36	1
228	287	36	4
234	287	36	1
240	287	36	2
248	287	36	1
185	288	36	1
194	288	36	1
199	288	36	1
206	288	36	1
223	288	36	2
229	288	36	1
234	288	36	1
238	288	36	1
242	288	36	1
243	288	36	1
185	289	36	1
196	289	36	1
198	289	36	1
201	289	36	1
203	289	36	2
231	289	36	1
239	289	36	1
242	289	36	1
197	290	36	1
206	290	36	1
226	290	36	1
234	290	36	1
240	290	36	1
243	290	36	1
247	290	36	1
201	291	36	1
222	291	36	1
231	291	36	1
233	291	36	1
240	291	36	1
244	291	36	1
189	292	36	2
198	292	36	1
204	292	36	2
208	292	36	2
219	292	36	1
220	292	36	1
226	292	36	1
230	292	36	1
232	292	36	2
235	292	36	1
242	292	36	2
244	292	36	1
182	293	36	1
195	293	36	1
196	293	36	1
197	293	36	1
201	293	36	1
202	293	36	1
208	293	36	1
222	293	36	1
223	293	36	1
224	293	36	1
225	293	36	1
228	293	36	2
229	293	36	1
232	293	36	1
234	293	36	1
235	293	36	1
236	293	36	2
239	293	36	1
241	293	36	1
187	294	36	1
190	294	36	1
195	294	36	1
199	294	36	1
202	294	36	1
197	295	36	1
198	295	36	2
199	295	36	1
221	295	36	1
230	295	36	1
231	295	36	1
232	295	36	1
234	295	36	1
235	295	36	1
240	295	36	2
244	295	36	1
234	296	36	1
237	296	36	1
243	296	36	2
244	296	36	2
195	297	36	2
201	297	36	1
202	297	36	1
204	297	36	2
227	297	36	1
231	297	36	1
241	297	36	1
245	297	36	1
201	298	36	1
202	298	36	1
226	298	36	1
236	298	36	2
240	298	36	1
244	298	36	1
199	299	36	1
204	299	36	1
228	299	36	1
239	299	36	1
241	299	36	1
229	300	36	1
232	300	36	1
240	300	36	2
244	300	36	2
223	301	36	2
225	301	36	1
226	301	36	1
228	301	36	1
230	301	36	1
232	301	36	1
240	301	36	2
243	301	36	1
245	301	36	1
227	302	36	1
229	302	36	1
231	302	36	1
235	302	36	1
237	302	36	1
243	302	36	1
244	302	36	1
199	305	36	1
224	306	36	1
228	306	36	2
235	306	36	1
244	306	36	2
194	307	36	1
224	307	36	1
234	307	36	1
235	307	36	1
241	307	36	1
243	307	36	1
228	308	36	1
239	308	36	1
243	308	36	1
223	309	36	1
227	309	36	1
232	309	36	2
233	309	36	1
228	310	36	1
234	310	36	1
236	310	36	1
240	310	36	1
243	310	36	1
215	311	36	1
217	311	36	1
222	311	36	2
225	311	36	1
228	311	36	1
231	311	36	1
232	311	36	2
233	311	36	1
235	311	36	1
238	311	36	1
213	312	36	1
218	312	36	1
226	312	36	1
232	312	36	1
244	312	36	1
226	313	36	1
227	313	36	1
235	313	36	2
234	314	36	1
235	314	36	1
236	314	36	1
238	314	36	1
220	315	36	2
233	315	36	1
236	316	36	1
238	316	36	1
242	316	36	1
236	317	36	1
237	317	36	1
238	317	36	3
233	318	36	1
237	318	36	1
227	257	37	1
224	260	37	1
227	260	37	1
234	260	37	1
230	261	37	1
216	262	37	1
220	262	37	1
224	262	37	2
231	263	37	2
211	264	37	2
236	264	37	1
237	264	37	1
232	265	37	1
189	267	37	1
193	267	37	1
229	267	37	1
233	267	37	1
237	267	37	2
241	267	37	1
193	268	37	2
211	268	37	2
219	268	37	1
220	268	37	1
241	268	37	1
193	269	37	1
211	269	37	2
218	269	37	2
188	270	37	1
194	270	37	1
197	270	37	1
216	270	37	1
217	270	37	2
220	270	37	1
237	270	37	1
207	271	37	1
215	271	37	4
218	271	37	1
219	271	37	1
220	271	37	1
221	271	37	1
207	272	37	1
216	272	37	1
210	273	37	1
215	273	37	1
217	273	37	1
210	274	37	1
211	274	37	1
212	274	37	1
215	274	37	1
205	275	37	1
208	275	37	2
211	275	37	1
212	275	37	1
219	275	37	2
220	275	37	1
207	276	37	1
208	276	37	1
209	276	37	1
215	276	37	2
217	276	37	1
219	276	37	1
204	277	37	1
214	277	37	1
217	277	37	1
218	277	37	1
181	278	37	2
205	278	37	1
208	278	37	1
212	278	37	1
191	279	37	1
210	279	37	1
216	279	37	2
210	280	37	1
215	280	37	1
189	281	37	1
193	281	37	1
215	281	37	1
192	282	37	1
208	282	37	1
207	283	37	1
227	283	37	1
195	284	37	1
203	284	37	1
205	284	37	1
212	284	37	1
197	285	37	2
198	285	37	1
201	285	37	1
205	285	37	2
206	285	37	1
210	285	37	1
226	285	37	2
233	285	37	2
239	285	37	1
241	285	37	1
203	286	37	2
206	286	37	1
207	286	37	1
219	286	37	1
232	286	37	1
234	286	37	1
241	286	37	1
193	287	37	1
202	287	37	1
208	287	37	1
222	287	37	1
231	287	37	1
234	287	37	1
194	288	37	1
201	288	37	1
203	288	37	1
205	288	37	1
232	288	37	1
186	289	37	1
191	289	37	1
195	289	37	1
205	289	37	1
224	289	37	1
234	289	37	1
195	290	37	1
204	290	37	3
236	290	37	1
195	291	37	1
204	291	37	1
233	291	37	1
234	291	37	1
238	291	37	1
198	292	37	2
200	292	37	1
203	292	37	1
204	292	37	1
231	292	37	1
232	292	37	1
234	292	37	1
243	292	37	1
190	293	37	1
199	293	37	1
201	293	37	2
205	293	37	1
207	293	37	1
226	293	37	1
201	294	37	1
202	294	37	1
204	294	37	2
223	294	37	1
224	294	37	1
228	294	37	1
232	294	37	1
238	294	37	1
239	294	37	1
245	294	37	2
229	295	37	1
234	295	37	1
237	295	37	1
241	295	37	1
243	295	37	1
198	296	37	1
201	296	37	1
215	296	37	1
222	296	37	2
223	296	37	2
234	296	37	1
240	296	37	1
242	296	37	1
245	296	37	1
194	297	37	3
196	297	37	1
198	297	37	1
204	297	37	1
218	297	37	1
227	297	37	3
235	297	37	1
239	297	37	1
199	298	37	1
202	298	37	1
231	298	37	1
232	298	37	1
240	298	37	1
232	299	37	2
233	299	37	1
240	299	37	1
244	299	37	1
230	300	37	2
236	300	37	1
240	300	37	1
241	300	37	1
233	301	37	1
244	301	37	2
226	302	37	1
236	302	37	1
244	302	37	1
226	305	37	1
229	305	37	1
234	305	37	1
236	305	37	1
240	306	37	1
198	307	37	1
227	308	37	1
243	308	37	1
220	309	37	1
224	309	37	1
229	309	37	1
233	309	37	1
217	310	37	1
224	310	37	1
225	310	37	1
229	310	37	2
214	311	37	1
216	311	37	1
224	311	37	1
226	311	37	1
225	312	37	1
229	312	37	2
230	312	37	1
242	312	37	1
217	313	37	1
227	313	37	1
228	313	37	1
229	313	37	2
238	313	37	2
219	314	37	1
228	314	37	1
232	314	37	2
235	314	37	1
211	315	37	1
227	315	37	1
229	315	37	1
238	316	37	1
240	316	37	1
236	317	37	1
235	318	37	1
236	318	37	2
237	318	37	1
232	319	37	1
226	260	38	1
225	261	38	1
227	261	38	1
228	261	38	1
238	262	38	1
229	263	38	1
238	264	38	2
217	266	38	2
231	266	38	1
193	267	38	1
187	269	38	1
194	269	38	1
217	269	38	1
219	269	38	1
240	269	38	1
211	270	38	1
217	270	38	1
218	270	38	1
193	272	38	1
232	272	38	1
208	273	38	1
213	273	38	2
217	273	38	1
206	274	38	1
211	274	38	1
212	274	38	2
215	274	38	1
217	274	38	1
213	275	38	1
217	275	38	1
207	276	38	1
219	276	38	1
209	278	38	1
213	278	38	1
214	278	38	1
215	278	38	1
222	278	38	1
194	279	38	1
210	279	38	1
212	279	38	1
217	279	38	1
209	280	38	1
210	280	38	1
191	281	38	1
211	281	38	1
189	282	38	1
210	282	38	2
213	282	38	1
222	282	38	1
189	283	38	1
203	283	38	1
214	283	38	1
217	283	38	1
219	283	38	1
195	284	38	1
211	284	38	1
214	284	38	1
192	285	38	1
195	285	38	1
204	285	38	1
215	285	38	1
188	286	38	2
193	286	38	1
198	286	38	1
204	286	38	1
206	286	38	1
208	286	38	1
218	286	38	2
219	286	38	1
230	286	38	1
237	286	38	1
188	287	38	1
195	287	38	1
202	287	38	1
205	287	38	1
215	287	38	1
219	287	38	1
220	287	38	1
192	288	38	2
209	288	38	1
218	288	38	1
236	288	38	1
192	289	38	1
193	289	38	1
203	289	38	3
219	289	38	1
223	289	38	1
233	289	38	1
236	289	38	2
188	290	38	1
198	290	38	1
206	290	38	1
209	290	38	1
218	290	38	1
237	290	38	1
238	290	38	2
191	291	38	1
192	291	38	1
197	291	38	1
203	291	38	1
204	291	38	1
207	291	38	1
210	291	38	2
214	291	38	1
220	291	38	1
189	292	38	3
199	292	38	2
201	292	38	1
230	292	38	1
238	292	38	1
240	292	38	1
196	293	38	1
199	293	38	1
204	293	38	1
205	293	38	1
208	293	38	1
220	293	38	1
229	293	38	1
237	293	38	1
205	294	38	1
213	294	38	1
221	294	38	2
228	294	38	1
236	294	38	1
192	295	38	1
197	295	38	1
207	295	38	1
216	295	38	1
218	295	38	1
225	295	38	1
230	295	38	1
231	295	38	1
244	295	38	2
200	296	38	2
233	296	38	1
241	296	38	1
243	296	38	1
195	297	38	1
199	297	38	1
201	297	38	1
203	297	38	1
204	297	38	1
205	297	38	1
220	297	38	3
226	297	38	1
227	297	38	1
229	297	38	1
230	297	38	1
234	297	38	1
244	297	38	2
200	298	38	1
224	298	38	1
227	298	38	1
230	298	38	1
233	298	38	1
203	299	38	1
226	299	38	1
232	299	38	1
237	299	38	1
239	299	38	1
242	299	38	1
243	299	38	1
244	299	38	1
204	300	38	1
227	300	38	1
233	300	38	1
240	300	38	4
227	301	38	1
233	301	38	1
236	301	38	1
231	302	38	3
233	302	38	1
234	302	38	1
237	302	38	1
239	302	38	1
233	303	38	1
228	304	38	1
230	304	38	1
236	304	38	1
244	304	38	2
246	304	38	1
228	305	38	1
230	305	38	1
233	305	38	2
241	305	38	1
244	305	38	1
226	306	38	1
232	306	38	1
236	306	38	3
246	306	38	2
193	307	38	1
226	307	38	1
234	307	38	1
241	307	38	1
243	307	38	1
244	307	38	2
223	308	38	2
229	308	38	1
239	308	38	1
240	308	38	1
224	309	38	1
225	309	38	1
226	309	38	1
242	309	38	1
219	310	38	1
223	310	38	1
226	310	38	1
227	310	38	1
228	310	38	1
232	310	38	1
236	310	38	1
241	310	38	1
220	311	38	1
221	311	38	1
231	311	38	1
226	312	38	1
232	312	38	1
216	313	38	1
217	313	38	1
218	313	38	3
221	313	38	1
228	313	38	1
235	313	38	1
240	313	38	2
242	313	38	1
245	313	38	1
200	314	38	1
221	314	38	1
230	314	38	1
236	314	38	1
241	314	38	1
225	315	38	2
226	315	38	1
227	315	38	1
229	315	38	2
243	315	38	1
226	316	38	2
234	316	38	2
239	316	38	1
244	316	38	1
211	317	38	1
219	317	38	2
226	317	38	1
227	317	38	1
232	317	38	2
238	317	38	1
243	317	38	1
212	318	38	1
231	318	38	1
233	318	38	1
236	318	38	2
237	318	38	1
243	318	38	1
218	319	38	2
230	319	38	2
231	319	38	2
234	319	38	1
237	319	38	1
229	320	38	1
231	320	38	1
212	321	38	1
229	321	38	2
231	322	38	2
233	322	38	2
215	265	39	1
188	269	39	1
195	270	39	2
214	274	39	1
216	275	39	2
201	278	39	1
214	278	39	2
221	278	39	1
215	279	39	1
217	279	39	1
204	281	39	1
217	281	39	1
223	281	39	1
195	282	39	1
201	283	39	1
215	283	39	1
205	284	39	1
192	285	39	1
197	285	39	1
187	286	39	1
203	286	39	2
221	286	39	1
187	287	39	1
191	287	39	2
207	287	39	2
195	288	39	1
204	288	39	1
205	288	39	1
210	288	39	1
189	289	39	1
188	290	39	1
195	290	39	1
197	290	39	1
215	290	39	1
238	290	39	1
193	291	39	2
199	291	39	1
202	291	39	1
225	291	39	1
235	291	39	1
238	291	39	1
211	292	39	1
221	292	39	1
225	292	39	1
234	292	39	2
237	292	39	2
208	293	39	1
220	293	39	1
227	293	39	1
201	294	39	1
202	294	39	1
206	294	39	1
213	294	39	1
221	294	39	1
233	294	39	1
237	294	39	1
238	294	39	2
216	295	39	1
220	295	39	1
232	295	39	1
243	295	39	1
213	296	39	2
234	296	39	1
194	297	39	1
203	297	39	1
204	297	39	1
216	297	39	1
233	297	39	2
234	297	39	1
235	297	39	1
241	297	39	2
203	298	39	1
213	298	39	2
215	298	39	1
219	298	39	2
223	298	39	2
229	298	39	1
239	298	39	1
222	299	39	1
226	299	39	1
229	299	39	2
230	299	39	2
231	299	39	1
233	299	39	1
239	299	39	1
214	300	39	2
228	300	39	2
234	301	39	1
229	302	39	1
227	303	39	2
228	303	39	2
230	303	39	1
235	303	39	2
227	304	39	2
231	304	39	2
234	304	39	1
235	304	39	2
243	304	39	1
212	305	39	1
223	305	39	1
224	305	39	1
229	305	39	1
236	305	39	1
230	306	39	2
198	307	39	1
223	307	39	2
224	307	39	2
225	307	39	3
232	307	39	1
241	307	39	1
194	308	39	3
220	308	39	2
225	308	39	1
226	308	39	1
229	308	39	1
240	308	39	1
242	308	39	1
243	308	39	2
212	309	39	1
218	309	39	1
220	309	39	1
223	309	39	2
224	309	39	1
226	309	39	2
232	309	39	1
234	309	39	2
239	309	39	1
242	309	39	1
195	310	39	2
217	310	39	1
219	310	39	1
220	310	39	1
221	310	39	2
223	310	39	1
234	310	39	1
206	311	39	1
218	311	39	1
220	311	39	2
229	311	39	3
235	311	39	1
246	311	39	3
217	312	39	1
218	312	39	2
222	312	39	1
229	312	39	1
239	312	39	1
242	312	39	1
244	312	39	1
217	313	39	2
219	313	39	1
225	313	39	2
227	313	39	1
230	313	39	1
235	313	39	2
238	313	39	1
240	313	39	1
242	313	39	1
227	314	39	1
228	314	39	1
229	314	39	1
236	314	39	1
237	314	39	1
219	315	39	1
229	315	39	1
230	315	39	3
243	315	39	1
245	315	39	1
225	316	39	1
236	316	39	1
238	316	39	1
239	316	39	3
241	316	39	1
244	316	39	2
225	317	39	1
236	317	39	1
240	317	39	1
242	317	39	1
243	318	39	1
229	320	39	2
234	320	39	1
215	321	39	1
230	321	39	1
234	321	39	1
233	322	39	1
234	323	39	2
211	324	39	1
212	324	39	1
212	327	39	1
197	328	39	1
193	281	40	1
192	283	40	1
197	283	40	1
237	283	40	1
197	284	40	1
194	285	40	1
206	288	40	1
211	288	40	1
193	290	40	2
191	291	40	1
192	291	40	1
196	291	40	1
206	291	40	2
193	292	40	1
199	292	40	3
227	292	40	2
235	292	40	1
242	292	40	1
192	293	40	2
194	293	40	1
204	293	40	1
213	293	40	1
223	293	40	1
207	294	40	1
209	294	40	1
225	294	40	1
200	296	40	1
205	296	40	1
215	296	40	1
236	296	40	2
207	297	40	1
215	297	40	1
221	297	40	1
229	297	40	1
236	297	40	1
231	298	40	2
199	299	40	1
222	299	40	1
224	299	40	1
229	299	40	2
242	299	40	1
225	300	40	1
227	300	40	1
229	301	40	1
230	301	40	1
236	301	40	3
237	301	40	1
228	303	40	1
241	303	40	1
229	304	40	1
229	305	40	1
231	305	40	1
232	305	40	1
212	306	40	1
213	306	40	1
224	306	40	2
226	306	40	2
228	306	40	2
239	306	40	2
241	306	40	1
192	307	40	1
202	307	40	1
227	307	40	1
234	307	40	1
238	307	40	1
240	307	40	1
241	307	40	1
240	308	40	2
220	309	40	1
226	309	40	1
217	310	40	1
221	310	40	1
222	310	40	1
224	310	40	1
225	310	40	1
241	310	40	1
196	311	40	1
217	311	40	1
231	311	40	1
235	311	40	2
216	312	40	1
218	312	40	1
219	312	40	1
221	312	40	1
241	312	40	1
215	313	40	1
218	313	40	1
219	313	40	2
220	313	40	1
223	313	40	1
234	313	40	2
236	313	40	1
238	313	40	1
240	313	40	1
215	314	40	1
217	314	40	1
243	314	40	1
219	315	40	2
229	315	40	2
230	315	40	1
238	315	40	1
240	315	40	1
241	315	40	1
245	315	40	1
217	316	40	2
221	316	40	1
237	316	40	1
238	316	40	1
242	316	40	1
219	317	40	1
242	317	40	1
238	318	40	1
241	318	40	1
238	319	40	1
240	319	40	1
242	319	40	1
243	319	40	2
230	320	40	1
230	322	40	1
228	323	40	1
230	323	40	1
197	282	41	1
217	292	41	1
226	292	41	1
195	294	41	2
217	294	41	1
213	297	41	1
214	298	41	1
234	301	41	2
229	302	41	1
222	303	41	1
224	305	41	1
223	306	41	1
227	306	41	1
219	307	41	1
223	307	41	1
222	308	41	1
224	308	41	1
226	308	41	1
223	309	41	1
239	309	41	1
240	309	41	1
222	310	41	1
231	310	41	1
220	311	41	1
222	311	41	1
217	312	41	1
234	312	41	1
219	313	41	1
239	313	41	1
241	313	41	1
244	313	41	1
221	314	41	1
239	314	41	1
242	314	41	1
249	314	41	1
230	315	41	1
221	316	41	1
243	316	41	2
218	317	41	1
218	318	41	1
229	318	41	1
245	318	41	1
246	318	41	2
230	319	41	1
231	320	41	2
240	320	41	1
240	321	41	1
214	326	41	2
215	297	42	1
228	299	42	1
231	300	42	1
221	302	42	1
223	302	42	1
220	304	42	3
220	306	42	1
223	306	42	1
231	306	42	1
226	307	42	1
223	308	42	1
227	308	42	1
224	309	42	3
235	309	42	1
236	309	42	2
242	309	42	1
241	310	42	1
238	311	42	1
239	311	42	1
240	311	42	1
242	311	42	1
214	312	42	1
218	312	42	1
221	312	42	1
223	312	42	1
244	312	42	1
226	313	42	1
244	313	42	1
204	315	42	1
217	315	42	1
219	315	42	1
220	315	42	1
226	315	42	1
241	315	42	1
220	316	42	1
238	316	42	1
220	318	42	1
231	318	42	1
246	318	42	1
247	318	42	1
226	319	42	1
227	319	42	1
230	319	42	1
241	319	42	1
218	321	42	1
224	321	42	1
230	321	42	2
227	304	43	1
228	305	43	1
217	310	43	2
222	310	43	2
234	310	43	1
225	311	43	1
236	311	43	1
219	312	43	1
236	313	43	1
237	314	43	1
223	315	43	1
238	315	43	2
204	316	43	2
241	316	43	1
217	319	43	1
242	319	43	1
244	319	43	1
226	322	43	1
219	306	44	1
223	308	44	1
225	311	44	1
235	311	44	1
223	312	44	1
223	313	44	1
241	314	44	1
204	316	44	2
238	317	44	1
230	318	44	3
243	318	44	1
231	320	44	1
224	322	44	1
216	316	45	2
