x	y	z	Leading Strand Synthesis
244	284	21	1
246	292	21	1
239	278	24	1
246	284	24	1
248	286	24	1
239	287	24	1
245	287	24	1
243	288	24	1
244	288	24	1
249	288	24	1
232	265	25	1
236	268	25	1
234	271	25	1
227	272	25	1
232	274	25	1
235	275	25	1
238	275	25	1
235	276	25	1
237	276	25	1
232	277	25	1
233	277	25	1
234	277	25	1
235	277	25	1
236	277	25	1
237	277	25	1
237	278	25	1
240	279	25	1
234	280	25	1
236	280	25	1
241	280	25	1
233	282	25	1
240	282	25	1
247	282	25	1
248	282	25	1
232	283	25	1
238	283	25	1
241	283	25	1
249	283	25	1
213	284	25	1
236	284	25	1
241	284	25	1
242	284	25	2
252	284	25	1
243	285	25	1
248	285	25	1
253	285	25	2
234	286	25	1
235	286	25	2
236	286	25	1
240	286	25	1
241	286	25	1
242	286	25	1
252	286	25	1
237	287	25	1
249	287	25	1
252	287	25	1
235	289	25	2
237	289	25	1
250	289	25	1
225	290	25	1
238	290	25	1
240	290	25	1
243	290	25	1
250	290	25	1
226	291	25	1
236	291	25	1
246	291	25	1
250	291	25	1
251	291	25	1
240	293	25	1
243	293	25	1
246	293	25	2
239	294	25	1
238	296	25	1
244	296	25	2
246	296	25	1
243	299	25	1
237	266	26	1
241	267	26	1
228	269	26	1
227	270	26	1
228	270	26	1
236	270	26	1
240	270	26	1
236	271	26	1
215	272	26	1
230	272	26	1
249	273	26	1
236	274	26	1
233	275	26	1
239	276	26	1
207	277	26	1
210	277	26	1
231	277	26	3
234	277	26	1
235	277	26	1
236	277	26	1
250	277	26	3
231	278	26	1
232	279	26	1
236	279	26	1
239	279	26	1
241	279	26	1
248	279	26	1
230	280	26	1
238	280	26	1
217	281	26	1
234	281	26	1
235	281	26	1
237	282	26	1
245	282	26	2
247	282	26	1
231	283	26	1
234	283	26	1
238	283	26	1
241	283	26	1
248	283	26	1
254	283	26	1
232	284	26	1
246	284	26	1
214	285	26	1
241	285	26	1
244	285	26	1
245	285	26	2
247	285	26	1
250	285	26	1
255	285	26	1
216	286	26	1
225	286	26	1
232	286	26	1
253	286	26	1
223	287	26	1
234	287	26	1
238	287	26	1
249	287	26	1
251	287	26	1
236	288	26	1
248	288	26	2
249	288	26	2
253	288	26	1
223	289	26	1
236	289	26	1
238	289	26	1
243	289	26	1
248	289	26	2
251	289	26	1
236	290	26	2
237	290	26	1
238	290	26	1
235	291	26	1
240	292	26	1
242	292	26	1
247	292	26	1
251	292	26	1
252	292	26	1
225	293	26	1
238	293	26	2
240	293	26	1
253	293	26	2
244	294	26	1
234	295	26	2
244	295	26	1
245	295	26	1
235	296	26	1
242	296	26	2
237	297	26	1
244	297	26	1
241	299	26	1
227	300	26	1
236	300	26	1
235	301	26	1
182	255	27	1
184	255	27	1
186	257	27	1
184	258	27	1
180	259	27	1
226	259	27	1
228	259	27	1
183	260	27	1
184	260	27	1
226	260	27	1
237	260	27	1
177	261	27	1
182	261	27	1
184	261	27	1
185	261	27	1
186	261	27	1
222	261	27	3
227	261	27	1
237	261	27	2
229	262	27	2
232	262	27	1
233	262	27	1
182	263	27	1
183	263	27	1
184	263	27	1
185	263	27	1
227	263	27	1
231	263	27	2
238	263	27	1
209	264	27	1
234	264	27	1
240	264	27	1
184	265	27	1
231	265	27	1
201	266	27	1
215	266	27	1
216	266	27	1
221	266	27	1
224	266	27	1
237	266	27	1
217	267	27	1
235	267	27	1
179	268	27	3
180	268	27	1
213	268	27	1
226	268	27	1
229	268	27	1
243	268	27	2
180	269	27	1
211	269	27	1
218	269	27	1
231	269	27	1
232	269	27	1
241	269	27	1
181	270	27	1
207	270	27	2
218	270	27	1
230	270	27	1
234	270	27	1
236	270	27	1
240	270	27	1
180	271	27	1
217	271	27	1
226	271	27	1
239	271	27	1
250	271	27	1
181	272	27	1
204	272	27	3
220	272	27	1
223	272	27	1
225	272	27	2
232	272	27	2
238	272	27	1
239	272	27	1
211	273	27	1
213	273	27	1
217	273	27	1
224	273	27	1
227	273	27	1
241	273	27	1
207	274	27	1
212	274	27	1
214	274	27	1
221	274	27	1
226	274	27	2
228	274	27	1
237	274	27	1
240	274	27	2
247	274	27	1
252	274	27	1
254	274	27	1
213	275	27	1
217	275	27	1
230	275	27	1
232	275	27	1
235	275	27	1
239	275	27	2
249	275	27	2
206	276	27	1
207	276	27	1
210	276	27	1
215	276	27	1
219	276	27	1
244	276	27	1
245	276	27	1
211	277	27	1
213	277	27	1
236	277	27	1
239	277	27	1
243	277	27	1
245	277	27	1
248	277	27	1
252	277	27	1
209	278	27	1
210	278	27	1
213	278	27	1
220	278	27	1
225	278	27	1
229	278	27	1
231	278	27	1
240	278	27	1
245	278	27	1
249	278	27	1
252	278	27	1
220	279	27	1
231	279	27	1
238	279	27	1
240	279	27	1
248	279	27	2
251	279	27	1
242	280	27	1
247	280	27	1
209	281	27	1
215	281	27	1
217	281	27	2
218	281	27	1
235	281	27	1
243	281	27	1
244	281	27	2
245	281	27	1
248	281	27	1
249	281	27	1
252	281	27	1
256	281	27	1
210	282	27	2
227	282	27	1
239	282	27	1
242	282	27	1
245	282	27	1
246	282	27	1
250	282	27	1
201	283	27	1
206	283	27	1
209	283	27	1
216	283	27	1
228	283	27	1
206	284	27	1
207	284	27	1
208	284	27	1
232	284	27	1
243	284	27	2
250	284	27	1
253	284	27	1
255	284	27	1
257	284	27	1
206	285	27	1
212	285	27	1
223	285	27	2
238	285	27	1
239	285	27	1
255	285	27	1
204	286	27	1
209	286	27	1
211	286	27	1
224	286	27	3
226	286	27	1
235	286	27	2
219	287	27	1
241	287	27	1
242	287	27	1
246	287	27	1
247	287	27	1
252	287	27	1
255	287	27	1
204	288	27	1
211	288	27	1
222	288	27	1
223	288	27	2
226	288	27	1
228	288	27	2
232	288	27	1
234	288	27	1
236	288	27	1
237	288	27	1
243	288	27	1
245	288	27	1
247	288	27	2
251	288	27	1
203	289	27	2
224	289	27	1
232	289	27	1
241	289	27	1
253	289	27	1
219	290	27	1
225	290	27	1
227	290	27	1
232	290	27	1
234	290	27	1
235	290	27	1
237	290	27	1
244	290	27	1
246	290	27	2
249	290	27	1
253	290	27	1
222	291	27	1
228	291	27	1
235	291	27	1
242	291	27	1
257	291	27	1
213	292	27	1
229	292	27	1
230	292	27	1
247	292	27	1
248	292	27	1
250	292	27	1
254	292	27	2
217	293	27	1
223	293	27	1
227	293	27	1
229	293	27	1
234	293	27	2
237	293	27	1
247	293	27	1
250	293	27	2
219	294	27	1
236	294	27	2
238	294	27	1
249	294	27	1
243	295	27	1
247	295	27	1
252	295	27	1
237	296	27	1
241	296	27	1
244	296	27	2
245	296	27	1
236	297	27	2
251	297	27	1
221	298	27	1
237	298	27	2
238	298	27	1
243	298	27	1
248	298	27	1
230	299	27	1
239	299	27	1
249	299	27	1
252	299	27	1
236	300	27	1
238	300	27	1
242	300	27	1
224	301	27	1
227	301	27	1
234	301	27	3
237	301	27	1
239	301	27	1
251	301	27	1
235	302	27	1
232	264	28	2
231	266	28	1
237	268	28	1
236	270	28	1
250	272	28	1
232	274	28	1
249	275	28	1
234	276	28	1
237	276	28	1
235	277	28	1
237	278	28	1
237	279	28	1
238	283	28	1
246	283	28	1
248	284	28	1
250	284	28	2
248	285	28	2
245	287	28	1
246	287	28	1
248	287	28	1
251	287	28	1
227	289	28	1
231	289	28	1
246	289	28	1
249	289	28	1
253	289	28	2
226	290	28	1
244	290	28	1
226	291	28	1
240	291	28	1
222	292	28	1
242	292	28	1
242	295	28	1
229	255	29	1
234	256	29	1
235	256	29	1
228	258	29	1
234	258	29	2
182	259	29	1
230	259	29	1
181	260	29	1
229	262	29	1
248	262	29	1
231	263	29	1
232	263	29	1
248	263	29	1
178	264	29	2
237	264	29	1
181	265	29	2
238	265	29	1
249	265	29	1
229	266	29	1
230	266	29	1
245	266	29	1
248	266	29	1
193	267	29	1
199	267	29	1
226	267	29	1
235	267	29	1
234	268	29	1
235	268	29	2
204	269	29	1
232	269	29	1
234	269	29	1
235	269	29	2
175	270	29	1
227	270	29	1
214	271	29	1
234	271	29	1
237	271	29	1
238	271	29	1
249	271	29	2
251	271	29	1
233	272	29	1
225	273	29	1
236	273	29	1
180	274	29	1
235	274	29	1
206	275	29	1
231	275	29	1
240	275	29	1
242	275	29	1
204	276	29	1
205	276	29	1
208	276	29	2
233	276	29	1
234	276	29	1
236	276	29	1
240	276	29	1
248	276	29	1
232	277	29	1
234	277	29	1
239	277	29	2
240	277	29	1
247	277	29	1
251	277	29	1
236	278	29	1
244	278	29	1
235	279	29	1
237	280	29	1
247	280	29	1
250	280	29	1
251	280	29	1
208	281	29	1
232	281	29	1
246	281	29	1
247	281	29	1
250	281	29	1
245	282	29	1
248	282	29	1
249	282	29	1
250	282	29	1
251	282	29	1
254	282	29	1
231	283	29	1
233	283	29	1
236	283	29	1
238	283	29	1
249	283	29	1
235	284	29	2
242	284	29	1
250	284	29	1
252	284	29	1
227	285	29	1
234	285	29	2
238	285	29	2
239	285	29	1
242	285	29	1
244	285	29	1
211	286	29	1
240	286	29	1
242	286	29	2
228	287	29	1
232	287	29	1
232	288	29	1
236	288	29	2
246	288	29	1
247	289	29	1
222	290	29	1
226	290	29	1
227	290	29	1
237	290	29	1
239	291	29	2
241	291	29	1
249	291	29	1
223	293	29	1
242	293	29	1
247	293	29	1
240	294	29	1
242	294	29	1
240	295	29	1
244	295	29	1
253	296	29	1
238	297	29	1
239	297	29	1
243	297	29	2
247	297	29	1
248	297	29	1
215	298	29	1
219	298	29	1
221	298	29	1
238	298	29	1
247	298	29	1
252	299	29	1
236	301	29	2
238	301	29	1
231	253	30	2
230	254	30	1
232	254	30	2
227	255	30	1
234	255	30	1
236	255	30	1
236	256	30	1
183	257	30	1
203	257	30	1
204	257	30	1
209	257	30	1
227	257	30	1
228	257	30	1
239	257	30	1
203	258	30	1
229	258	30	2
236	258	30	1
237	258	30	1
183	259	30	2
210	259	30	1
220	259	30	1
232	259	30	1
238	259	30	1
206	260	30	3
217	260	30	1
236	260	30	1
239	260	30	2
186	261	30	1
188	261	30	1
194	261	30	1
226	261	30	1
236	261	30	1
244	261	30	1
246	261	30	2
188	262	30	1
206	262	30	1
218	262	30	1
221	262	30	1
222	262	30	2
231	262	30	1
240	262	30	2
188	263	30	1
193	263	30	1
197	263	30	1
232	263	30	1
233	263	30	2
242	263	30	1
249	263	30	1
188	264	30	1
195	264	30	1
211	264	30	1
230	264	30	1
231	264	30	1
241	264	30	1
183	265	30	1
205	265	30	1
208	265	30	1
230	265	30	2
236	265	30	1
238	265	30	1
239	265	30	1
244	265	30	1
246	265	30	1
247	265	30	1
187	266	30	1
193	266	30	1
194	266	30	2
212	266	30	1
240	266	30	1
249	266	30	1
182	267	30	1
196	267	30	1
237	267	30	1
238	267	30	1
244	267	30	1
249	267	30	1
196	268	30	1
206	268	30	1
207	268	30	1
216	268	30	1
217	268	30	1
238	268	30	2
248	268	30	1
249	268	30	1
194	269	30	2
196	269	30	1
222	269	30	1
235	269	30	1
242	269	30	1
243	269	30	1
247	269	30	1
181	270	30	1
184	270	30	1
187	270	30	1
232	270	30	1
235	270	30	1
245	270	30	1
176	271	30	1
194	271	30	1
201	271	30	1
211	271	30	1
212	271	30	1
215	271	30	1
225	271	30	1
232	271	30	1
243	271	30	1
179	272	30	1
180	272	30	2
206	272	30	1
207	272	30	1
236	272	30	1
250	272	30	1
181	273	30	1
183	273	30	1
204	273	30	1
206	273	30	1
214	273	30	1
227	273	30	1
203	274	30	1
233	274	30	1
241	274	30	1
247	274	30	1
184	275	30	2
211	275	30	1
213	275	30	1
239	275	30	2
242	275	30	1
244	275	30	1
250	275	30	2
238	276	30	1
239	276	30	1
243	276	30	1
253	276	30	1
205	277	30	1
247	278	30	1
206	279	30	1
237	279	30	1
240	279	30	1
243	279	30	1
245	279	30	1
247	279	30	1
248	279	30	1
178	280	30	1
206	280	30	3
246	280	30	1
173	281	30	1
217	281	30	1
235	281	30	1
240	281	30	2
244	281	30	2
247	281	30	1
249	281	30	1
251	281	30	1
254	281	30	1
213	282	30	2
215	282	30	1
233	282	30	1
240	282	30	1
248	282	30	1
202	283	30	1
215	283	30	1
234	283	30	1
238	283	30	2
249	283	30	1
181	284	30	1
226	284	30	2
230	284	30	1
236	284	30	1
242	284	30	1
244	284	30	1
249	284	30	1
206	285	30	1
211	285	30	2
226	285	30	2
227	285	30	1
232	285	30	2
251	285	30	2
252	285	30	1
255	285	30	1
256	285	30	1
226	286	30	1
240	286	30	1
252	286	30	1
222	287	30	1
231	287	30	1
250	287	30	2
251	287	30	1
236	288	30	1
249	288	30	1
253	288	30	1
221	289	30	1
226	289	30	1
230	289	30	1
233	289	30	1
238	289	30	1
239	289	30	1
240	289	30	3
248	289	30	1
227	290	30	1
246	290	30	1
197	291	30	1
242	291	30	1
258	291	30	1
194	292	30	1
197	292	30	2
203	292	30	1
231	292	30	1
238	292	30	1
246	292	30	2
201	293	30	1
225	293	30	1
234	293	30	1
243	293	30	1
230	294	30	2
233	294	30	1
235	294	30	1
237	294	30	1
251	294	30	2
252	294	30	1
253	294	30	2
218	295	30	1
220	295	30	1
222	295	30	2
227	295	30	1
243	295	30	1
247	295	30	1
251	295	30	1
226	296	30	1
234	296	30	1
239	296	30	1
244	296	30	1
247	296	30	1
221	297	30	1
232	297	30	1
241	297	30	1
244	297	30	1
250	297	30	1
228	298	30	3
230	298	30	1
239	298	30	1
241	298	30	1
248	298	30	1
251	298	30	1
224	299	30	1
230	299	30	1
242	299	30	1
244	299	30	2
248	299	30	2
228	300	30	1
241	300	30	1
247	300	30	1
248	300	30	1
249	300	30	1
235	301	30	1
236	301	30	1
237	301	30	1
238	301	30	1
242	301	30	1
243	301	30	1
247	301	30	1
249	301	30	1
251	301	30	1
236	302	30	2
247	302	30	1
248	302	30	1
241	303	30	1
244	303	30	2
246	303	30	1
235	304	30	2
236	304	30	1
237	304	30	1
238	304	30	1
236	306	30	1
240	306	30	1
226	249	31	1
226	250	31	1
235	250	31	1
215	251	31	1
235	251	31	1
229	252	31	2
227	253	31	1
228	253	31	1
232	253	31	1
231	254	31	1
229	255	31	1
207	256	31	1
216	256	31	2
233	256	31	1
236	256	31	2
177	257	31	1
214	257	31	1
233	257	31	1
236	257	31	1
239	257	31	2
190	258	31	2
227	258	31	1
229	258	31	1
233	258	31	2
235	258	31	1
237	258	31	2
239	258	31	1
206	259	31	1
216	259	31	1
226	259	31	2
229	259	31	1
242	259	31	1
227	260	31	2
231	260	31	1
244	260	31	1
246	260	31	1
181	261	31	1
187	261	31	2
228	261	31	4
243	261	31	1
207	262	31	1
211	262	31	1
221	262	31	3
222	262	31	1
249	262	31	1
188	263	31	1
197	263	31	1
215	263	31	1
217	263	31	1
220	263	31	1
223	263	31	1
235	263	31	1
178	264	31	2
184	264	31	1
190	264	31	1
197	264	31	1
210	264	31	1
220	264	31	1
221	264	31	2
231	264	31	1
184	265	31	1
213	265	31	1
216	265	31	1
223	265	31	1
233	265	31	1
235	265	31	1
239	265	31	1
250	265	31	1
187	266	31	1
189	266	31	1
191	266	31	3
197	266	31	2
220	266	31	1
229	266	31	1
248	266	31	1
251	266	31	1
182	267	31	1
186	267	31	1
194	267	31	1
195	267	31	1
196	267	31	1
216	267	31	2
222	267	31	1
223	267	31	1
224	267	31	1
231	267	31	1
235	267	31	1
236	267	31	1
241	267	31	1
242	267	31	1
183	268	31	1
197	268	31	1
216	268	31	1
218	268	31	2
224	268	31	2
244	268	31	2
245	268	31	1
182	269	31	1
183	269	31	1
206	269	31	1
213	269	31	1
214	269	31	1
234	269	31	1
240	269	31	1
173	270	31	1
180	270	31	1
181	270	31	1
207	270	31	1
217	270	31	1
250	270	31	1
176	271	31	1
177	271	31	1
199	271	31	2
200	271	31	2
204	271	31	1
215	271	31	1
216	271	31	1
237	271	31	1
240	271	31	1
244	271	31	1
246	271	31	1
249	271	31	1
185	272	31	1
203	272	31	1
204	272	31	1
232	272	31	1
251	272	31	1
176	273	31	1
181	273	31	1
207	273	31	1
232	273	31	1
240	273	31	1
242	273	31	1
244	273	31	2
248	273	31	1
249	273	31	1
250	273	31	1
182	274	31	2
205	274	31	1
209	274	31	1
225	274	31	1
236	274	31	1
239	274	31	1
248	274	31	1
184	275	31	1
206	275	31	1
231	275	31	1
237	275	31	1
198	276	31	1
226	276	31	1
237	276	31	1
233	277	31	1
234	277	31	1
236	277	31	1
238	277	31	1
240	277	31	1
243	277	31	1
245	277	31	2
178	278	31	1
203	278	31	1
236	278	31	1
243	278	31	1
246	278	31	1
175	279	31	1
180	279	31	2
207	279	31	1
234	279	31	1
235	279	31	1
238	279	31	1
242	279	31	1
205	280	31	2
217	280	31	1
226	280	31	1
236	280	31	1
204	281	31	1
210	281	31	1
223	281	31	1
237	281	31	1
245	281	31	1
250	281	31	1
175	282	31	1
180	282	31	1
221	282	31	1
223	282	31	1
235	282	31	2
245	282	31	1
253	282	31	2
256	282	31	1
182	283	31	1
208	283	31	1
218	283	31	1
235	283	31	1
236	283	31	1
241	283	31	1
209	284	31	1
237	284	31	1
244	284	31	2
173	285	31	1
219	285	31	1
240	285	31	1
251	285	31	1
218	286	31	1
227	286	31	1
238	286	31	1
246	286	31	1
219	287	31	1
221	287	31	1
225	287	31	1
227	287	31	1
229	287	31	1
236	287	31	2
237	287	31	1
243	287	31	1
248	287	31	1
186	288	31	1
222	288	31	1
226	288	31	1
231	288	31	1
233	288	31	1
236	288	31	1
242	288	31	1
224	289	31	1
232	289	31	1
247	289	31	1
231	290	31	1
241	290	31	1
246	290	31	1
199	291	31	1
227	291	31	1
237	291	31	2
238	291	31	2
240	291	31	1
242	291	31	1
244	291	31	1
249	291	31	1
198	292	31	3
222	292	31	2
242	292	31	1
246	292	31	1
251	292	31	1
198	293	31	1
222	293	31	1
238	293	31	1
248	293	31	1
251	293	31	1
198	294	31	1
221	294	31	1
224	294	31	1
228	294	31	1
233	294	31	1
237	294	31	1
243	294	31	1
252	294	31	1
223	295	31	1
225	295	31	1
235	295	31	1
244	295	31	1
255	295	31	1
257	295	31	1
199	296	31	1
235	296	31	1
236	296	31	1
247	296	31	1
195	297	31	1
221	297	31	2
224	297	31	1
225	297	31	1
230	297	31	1
239	297	31	1
248	297	31	1
226	298	31	1
229	298	31	1
247	298	31	1
250	298	31	1
252	298	31	1
224	299	31	1
230	299	31	1
240	299	31	2
238	300	31	1
249	300	31	2
225	301	31	1
243	301	31	1
220	302	31	2
240	302	31	1
242	302	31	1
243	302	31	1
244	302	31	1
245	302	31	1
248	302	31	1
223	303	31	1
233	303	31	1
242	303	31	1
244	303	31	1
235	304	31	1
237	304	31	1
225	305	31	1
235	305	31	1
240	305	31	1
236	306	31	2
234	307	31	2
231	250	32	2
227	251	32	1
216	252	32	1
226	252	32	1
224	253	32	1
215	254	32	1
225	254	32	1
226	254	32	1
227	254	32	1
228	254	32	1
230	254	32	1
232	254	32	1
239	254	32	2
214	255	32	1
216	255	32	1
228	255	32	1
234	255	32	1
177	256	32	1
210	256	32	1
208	257	32	1
219	257	32	1
182	258	32	1
213	258	32	1
215	258	32	1
216	258	32	1
218	258	32	1
220	258	32	1
230	258	32	1
231	258	32	1
237	258	32	1
240	258	32	1
241	258	32	1
246	258	32	1
191	259	32	1
193	259	32	1
211	259	32	1
216	259	32	1
228	259	32	1
230	259	32	1
234	259	32	1
242	259	32	1
182	260	32	1
234	260	32	1
238	260	32	1
239	260	32	1
244	260	32	3
248	260	32	1
212	261	32	1
216	261	32	1
230	261	32	2
216	262	32	1
217	262	32	1
224	262	32	1
227	262	32	1
231	262	32	1
240	262	32	1
245	262	32	1
250	262	32	1
184	263	32	1
213	263	32	1
222	263	32	1
228	263	32	1
230	263	32	3
231	263	32	1
242	263	32	1
243	263	32	1
190	264	32	1
191	264	32	1
192	264	32	1
193	264	32	1
210	264	32	1
223	264	32	1
228	264	32	1
246	264	32	1
250	264	32	1
188	265	32	1
194	265	32	1
198	265	32	2
211	265	32	1
218	265	32	1
224	265	32	1
230	265	32	1
231	265	32	1
233	265	32	1
234	265	32	1
188	266	32	1
196	266	32	1
197	266	32	1
203	266	32	1
212	266	32	1
217	266	32	1
228	266	32	1
240	266	32	1
241	266	32	1
243	266	32	1
183	267	32	1
188	267	32	1
197	267	32	1
230	267	32	1
233	267	32	1
239	267	32	1
243	267	32	1
247	267	32	1
193	268	32	1
213	268	32	1
215	268	32	1
176	269	32	1
181	269	32	1
184	269	32	1
191	269	32	1
196	269	32	1
215	269	32	1
232	269	32	1
233	269	32	1
238	269	32	1
239	269	32	1
251	269	32	1
174	270	32	1
180	270	32	1
197	270	32	1
231	270	32	1
239	270	32	2
243	270	32	1
173	271	32	2
183	271	32	1
210	271	32	1
216	271	32	1
231	271	32	1
237	271	32	1
238	271	32	1
241	271	32	1
250	271	32	1
177	272	32	1
184	272	32	1
200	272	32	1
201	272	32	2
202	272	32	1
205	272	32	1
207	272	32	1
208	272	32	1
213	272	32	1
235	272	32	1
237	272	32	1
241	272	32	2
185	273	32	1
186	273	32	1
204	273	32	1
205	273	32	1
206	273	32	1
214	273	32	2
225	273	32	1
240	273	32	1
241	273	32	1
210	274	32	3
238	274	32	2
250	274	32	1
202	275	32	1
208	275	32	1
212	275	32	1
213	275	32	1
238	275	32	1
240	275	32	1
247	275	32	1
249	275	32	2
206	276	32	1
236	276	32	1
239	276	32	1
241	276	32	1
175	277	32	1
176	277	32	1
204	277	32	1
232	277	32	2
237	277	32	1
238	277	32	1
242	277	32	1
243	277	32	1
249	277	32	1
184	278	32	1
220	278	32	1
237	278	32	1
238	278	32	1
175	279	32	1
178	279	32	1
220	279	32	1
223	279	32	1
240	279	32	1
245	279	32	1
205	280	32	1
232	280	32	1
238	280	32	1
240	280	32	1
241	280	32	1
176	281	32	1
181	281	32	2
223	281	32	1
226	281	32	1
237	281	32	1
241	281	32	1
245	281	32	1
246	281	32	1
174	282	32	1
218	282	32	1
221	282	32	1
223	282	32	1
244	282	32	1
246	282	32	1
251	282	32	1
256	282	32	1
183	283	32	2
221	283	32	1
236	283	32	1
239	283	32	1
244	283	32	1
178	284	32	1
181	284	32	1
184	284	32	1
226	284	32	1
227	284	32	1
233	284	32	1
236	284	32	1
244	284	32	1
252	284	32	1
180	285	32	1
182	285	32	1
206	285	32	1
208	285	32	1
236	285	32	1
237	285	32	1
243	285	32	1
175	286	32	1
180	286	32	1
218	286	32	1
219	286	32	1
224	286	32	3
228	286	32	1
229	286	32	2
234	286	32	1
239	286	32	1
240	286	32	1
247	286	32	1
249	286	32	1
256	286	32	1
207	287	32	1
222	287	32	1
226	287	32	1
236.5	287.5	32.5	1
237	287	32	3
243	287	32	1
250	287	32	1
201	288	32	1
234	288	32	1
239	288	32	1
240	288	32	1
244	288	32	1
245	288	32	1
246	288	32	2
253	288	32	1
185	289	32	1
200	289	32	1
222	289	32	1
227	289	32	1
231	289	32	1
233	289	32	2
234	289	32	1
206	290	32	1
222	290	32	2
225	290	32	2
229	290	32	2
239	290	32	1
224	291	32	1
233.333333333333	291.333333333333	33	2
241	291	32	1
245	291	32	1
246	291	32	1
218	292	32	2
222	292	32	1
225	292	32	1
243	292	32	1
248	292	32	2
257	292	32	1
199	293	32	1
220	293	32	1
222	293	32	1
233	293	32	2
248	293	32	2
250	293	32	1
227	294	32	2
233	294	32	1
236	294	32	1
247	294	32	1
253	294	32	1
181	295	32	1
225	295	32	3
236	295	32	3
239	295	32	1
241	295	32	1
243	295	32	2
253	295	32	1
226	296	32	1
244	296	32	1
233	297	32	1
234	297	32	1
244	297	32	1
248	297	32	1
254	297	32	1
198	298	32	1
220	298	32	1
228	298	32	1
233	298	32	1
236	298	32	1
246	298	32	1
247	298	32	1
251	298	32	1
226	299	32	1
228	299	32	1
233	299	32	1
240	299	32	1
241	299	32	1
197	300	32	1
237	300	32	1
196	301	32	1
225	301	32	2
231	301	32	1
237	301	32	1
239	301	32	1
246	301	32	1
222	302	32	1
229	302	32	1
233	302	32	1
238	302	32	1
240	302	32	1
241	302	32	1
245	302	32	1
248	302	32	1
233	304	32	1
244	304	32	2
204	305	32	1
238	305	32	1
242	305	32	1
235	306	32	1
237	306	32	1
221	307	32	1
225	307	32	1
234	307	32	1
235	307	32	1
236	307	32	1
220	308	32	1
221	308	32	1
225	309	32	1
228	309	32	1
235	309	32	1
234	311	32	1
230	313	32	1
235	313	32	1
228	249	33	1
228	250	33	2
226	251	33	1
226	252	33	1
221	253	33	1
240	253	33	2
217	254	33	1
223	254	33	1
217	255	33	1
219	255	33	1
223	255	33	1
236	255	33	1
215	256	33	1
221	256	33	2
225	256	33	1
237	256	33	2
241	256	33	1
214	257	33	1
235	257	33	1
215	258	33	1
216	258	33	3
217	258	33	2
218	258	33	1
220	258	33	1
215	259	33	2
223	259	33	2
225	259	33	1
237	259	33	2
246	259	33	1
212	260	33	1
220	260	33	1
223	260	33	1
238	260	33	1
241	260	33	2
243	260	33	1
188	261	33	2
195	261	33	1
219	261	33	1
220	261	33	1
229	261	33	1
245	261	33	2
209	262	33	1
212	262	33	1
230	262	33	1
239	262	33	1
241	262	33	1
243	262	33	1
246	262	33	1
249	262	33	1
211	263	33	2
217	263	33	1
219	263	33	1
222	263	33	1
223	263	33	2
224	263	33	1
225	263	33	1
233	263	33	1
243	263	33	1
244	263	33	1
251	263	33	2
185	264	33	1
187	264	33	1
192	264	33	3
193	264	33	1
210	264	33	2
212	264	33	1
215	264	33	1
217	264	33	1
223	264	33	1
224	264	33	1
225	264	33	1
228	264	33	2
231	264	33	1
245	264	33	1
246	264	33	1
247	264	33	2
250	264	33	1
214	265	33	2
244	265	33	1
248	265	33	1
185	266	33	1
195	266	33	1
217	266	33	1
219	266	33	1
224	266	33	1
228	266	33	2
237	266	33	1
239	266	33	1
240	266	33	1
241	266	33	1
249	266	33	1
182	267	33	1
191	267	33	1
194	267	33	1
202	267	33	1
210	267	33	1
214	267	33	1
215	267	33	1
216	267	33	1
217	267	33	1
220	267	33	1
228	267	33	1
242	267	33	1
244	267	33	1
246	267	33	1
250	267	33	1
192	268	33	1
208	268	33	1
212	268	33	1
213	268	33	3
214	268	33	1
217	268	33	2
241	268	33	2
184	269	33	1
194	269	33	1
196	269	33	1
233	269	33	3
234	269	33	2
246	269	33	1
250	269	33	1
239	270	33	1
241	270	33	1
244	270	33	1
248	270	33	1
251	270	33	1
179	271	33	1
185	271	33	1
187	271	33	1
208	271	33	2
224	271	33	1
226	271	33	1
247	271	33	2
248	271	33	1
176	272	33	1
186	272	33	2
187	272	33	1
203	272	33	1
216	272	33	1
235	272	33	3
239	272	33	2
240	272	33	1
245	272	33	1
246	272	33	1
184	273	33	1
185	273	33	2
190	273	33	1
202	273	33	1
205	273	33	1
214	273	33	1
215	273	33	1
217	273	33	1
226	273	33	1
230	273	33	1
243	273	33	1
247	273	33	1
169	274	33	1
177	274	33	1
193	274	33	1
201	274	33	1
204	274	33	1
212	274	33	1
236	274	33	1
184	275	33	2
185	275	33	1
188	275	33	1
200	275	33	1
211	275	33	1
212	275	33	1
235	275	33	1
242	275	33	2
244	275	33	1
176	276	33	2
186	276	33	1
189	276	33	4
192	276	33	1
205	276	33	1
207	276	33	1
208	276	33	1
243	276	33	1
174	277	33	1
202	277	33	1
208	277	33	1
224	277	33	2
237	277	33	2
191	278	33	1
210	278	33	1
211	278	33	1
223	278	33	1
235	278	33	1
244	278	33	1
168	279	33	1
241	279	33	1
177	280	33	1
210	280	33	1
226	280	33	1
242	280	33	1
248	280	33	1
251	280	33	1
180	281	33	2
186	281	33	1
225	281	33	2
232	281	33	1
241	281	33	1
185	282	33	1
210	282	33	1
211	282	33	1
213	282	33	1
223	282	33	1
225	282	33	1
231	282	33	1
233	282	33	1
237	282	33	1
179	283	33	1
183	283	33	1
189	283	33	1
207	283	33	1
211	283	33	2
221	283	33	1
225	283	33	2
228	283	33	1
233	283	33	1
236	283	33	1
188	284	33	2
221	284	33	1
222	284	33	1
225	284	33	1
230	284	33	1
234	284	33	1
241	284	33	2
249	284	33	1
254	284	33	1
202	285	33	1
225	285	33	1
227	285	33	1
229	285	33	1
230	285	33	2
233	285	33	1
242	285	33	1
246	285	33	1
247	285	33	1
178	286	33	1
185	286	33	1
204	286	33	1
206	286	33	1
207	286	33	1
208	286	33	1
223	286	33	2
225	286	33	1
229	286	33	1
235	286	33	1
238	286	33	1
241.5	286.5	33.5	1
248	286	33	1
179	287	33	3
204	287	33	1
222	287	33	2
224	287	33	1
225	287	33	1
243	287	33	1
196	288	33	1
230	288	33	1
249	288	33	1
186	289	33	1
200	289	33	1
201	289	33	1
232	289	33	1
241.5	289.5	33.5	1
223	290	33	1
225	290	33	1
232	290	33	1
236	290	33	1
242	290	33	1
247	290	33	1
199	291	33	1
203	291	33	2
222	291	33	1
226	291	33	1
229	291	33	1
233	291	33	1
236	291	33	1
197	292	33	1
200	292	33	1
202	292	33	1
225	292	33	2
235	292	33	2
242	292	33	1
245	292	33	1
246	292	33	1
248	292	33	1
254	292	33	3
177	293	33	1
188	293	33	2
197	293	33	1
226	293	33	1
231	293	33	1
234	293	33	1
244	293	33	1
248	293	33	1
177	294	33	1
195	294	33	1
199	294	33	1
228	294	33	1
229	294	33	3
236	294	33	2
244	294	33	1
246	294	33	1
251	294	33	1
204	295	33	2
225	295	33	1
229	295	33	1
232	295	33	1
233	295	33	1
250	295	33	1
180	296	33	1
226	296	33	1
233	296	33	1
235	296	33	1
241	296	33	1
243	296	33	1
224	297	33	1
227	297	33	3
242	297	33	1
194	298	33	1
200	298	33	1
220	298	33	1
223	298	33	1
236	298	33	1
239	298	33	1
244	298	33	1
245	298	33	1
197	299	33	1
232	299	33	1
236	299	33	1
246	299	33	1
247	299	33	1
226	300	33	1
247	300	33	1
223	301	33	2
227	301	33	1
228	301	33	1
199	302	33	1
225	302	33	1
230	302	33	1
233	302	33	1
240	302	33	1
223	303	33	1
225	303	33	1
228	303	33	1
235	303	33	1
236	303	33	2
231	304	33	1
237	304	33	1
227	305	33	1
223	306	33	1
232	306	33	1
236	306	33	1
238	306	33	1
233	307	33	1
241	307	33	1
217	308	33	2
220	308	33	1
227	308	33	1
229	308	33	1
235	308	33	1
239	308	33	1
229	309	33	1
232	309	33	1
235	309	33	1
234	310	33	1
228	311	33	1
232	311	33	1
234	311	33	1
235	311	33	1
236	311	33	1
225	313	33	1
233	313	33	1
236	314	33	1
230	315	33	1
229	250	34	1
228	251	34	2
227	252	34	1
216	253	34	1
225	253	34	1
235	254	34	1
223	255	34	1
227	255	34	1
237	255	34	1
221	256	34	1
225	256	34	1
226	256	34	1
241	256	34	1
217	257	34	1
219	257	34	2
237	257	34	1
212	258	34	1
217	258	34	2
218	258	34	1
219	258	34	2
224	258	34	1
225	258	34	1
227	258	34	1
234	258	34	1
241	258	34	1
226	259	34	1
233	259	34	2
234	259	34	2
192	260	34	2
212	260	34	1
221	260	34	1
228	260	34	1
236	260	34	1
237	260	34	1
238	260	34	1
190	261	34	3
204	261	34	1
221	261	34	1
225	261	34	2
244	261	34	1
193	262	34	2
223	262	34	1
224	262	34	2
228	262	34	1
244	262	34	1
197	263	34	1
211	263	34	1
214	263	34	1
216	263	34	1
223	263	34	1
225	263	34	1
227	263	34	1
231	263	34	1
236	263	34	1
237	263	34	1
215	264	34	1
216	264	34	1
217	264	34	1
224	264	34	1
229	264	34	1
235	264	34	2
248	264	34	1
249	264	34	2
187	265	34	1
188	265	34	1
192	265	34	1
194	265	34	1
204	265	34	1
217	265	34	1
218	265	34	1
221	265	34	1
222	265	34	1
229	265	34	1
245	265	34	1
175	266	34	2
188	266	34	1
193	266	34	1
197	266	34	1
220	266	34	1
233	266	34	1
252	266	34	1
183	267	34	1
191	267	34	2
193	267	34	1
208	267	34	1
214	267	34	1
215	267	34	1
223	267	34	1
225	267	34	1
229	267	34	1
231	267	34	1
242	267	34	1
246	267	34	2
249	267	34	2
176	268	34	2
189	268	34	1
210	268	34	1
214	268	34	1
215	268	34	1
222	268	34	1
233	268	34	1
246	268	34	1
249	268	34	1
176	269	34	1
184	269	34	1
188	269	34	1
191	269	34	1
196	269	34	1
197	269	34	1
208	269	34	1
216	269	34	1
218	269	34	2
219	269	34	2
230	269	34	1
232	269	34	1
242	269	34	1
243	269	34	1
183	270	34	1
187	270	34	1
192	270	34	1
199	270	34	1
201	270	34	1
203	270	34	1
215	270	34	1
217	270	34	2
228	270	34	2
243	270	34	3
246	270	34	3
177	271	34	1
180	271	34	1
211	271	34	1
212	271	34	2
214	271	34	1
215	271	34	1
221	271	34	1
230	271	34	1
239	271	34	1
244	271	34	1
246	271	34	1
247	271	34	1
248	271	34	1
175	272	34	1
176	272	34	2
177	272	34	2
182	272	34	1
183	272	34	1
186	272	34	1
190	272	34	1
216	272	34	1
218	272	34	1
225	272	34	2
240	272	34	2
245	272	34	1
249	272	34	1
184	273	34	1
185	273	34	1
186	273	34	1
213	273	34	2
219	273	34	1
231	273	34	1
233	273	34	1
239	273	34	1
176	274	34	1
179	274	34	1
186	274	34	1
187	274	34	1
196	274	34	1
206	274	34	1
210	274	34	1
211	274	34	1
212	274	34	1
217	274	34	1
229	274	34	1
233	274	34	1
236	274	34	2
184	275	34	1
207	275	34	1
208	275	34	1
209	275	34	1
238	275	34	1
240	275	34	1
246	275	34	1
174	276	34	1
175	276	34	1
177	276	34	1
180	276	34	1
187	276	34	1
203	276	34	1
214	276	34	1
233	276	34	1
240	276	34	2
241	276	34	1
243	276	34	1
250	276	34	1
175	277	34	1
182	277	34	1
186	277	34	1
202	277	34	1
203	277	34	1
209	277	34	1
234	277	34	2
175	278	34	1
188	278	34	1
204	278	34	2
206	278	34	1
209	278	34	2
212	278	34	1
231	278	34	1
232	278	34	1
239	278	34	1
244	278	34	1
176	279	34	1
180	279	34	1
204	279	34	1
227	279	34	1
236	279	34	2
237	279	34	1
244	279	34	2
246	279	34	1
175	280	34	1
192	280	34	1
204	280	34	1
205	280	34	1
208	280	34	1
209	280	34	1
212	280	34	1
234	280	34	1
236	280	34	1
240	280	34	1
242	280	34	1
246	280	34	1
174	281	34	1
176	281	34	2
177	281	34	1
192	281	34	1
222	281	34	1
233	281	34	2
237	281	34	1
244	281	34	1
188	282	34	1
204	282	34	1
207	282	34	1
210	282	34	1
211	282	34	1
226	282	34	1
235	282	34	1
240	282	34	1
245	282	34	1
248	282	34	1
179	283	34	1
206	283	34	1
208	283	34	1
227	283	34	2
231	283	34	1
232	283	34	1
238	283	34	1
245	283	34	1
247	283	34	1
178	284	34	1
186	284	34	1
203	284	34	2
215	284	34	2
222	284	34	1
233	284	34	1
185	285	34	1
203	285	34	1
206	285	34	1
210	285	34	1
211	285	34	2
223	285	34	1
224	285	34	1
232	285	34	1
245	285	34	1
189	286	34	1
190	286	34	1
220	286	34	1
224	286	34	1
226	286	34	1
239	286	34	1
240	286	34	1
242	286	34	1
184	287	34	2
187	287	34	2
188	287	34	1
208	287	34	1
219	287	34	1
224	287	34	1
228	287	34	1
230	287	34	1
241	287	34	1
243	287	34	1
251	287	34	1
176	288	34	1
186	288	34	1
187	288	34	1
199	288	34	1
200	288	34	1
205	288	34	1
221	288	34	1
239	288	34	1
253	288	34	1
198	289	34	1
228	289	34	2
230	289	34	1
235	289	34	1
245	289	34	1
176	290	34	1
186	290	34	1
187	290	34	1
225	290	34	1
232	290	34	1
243	290	34	1
244	290	34	1
182	291	34	2
185	291	34	1
199	291	34	1
200	291	34	1
202	291	34	1
231	291	34	1
242	291	34	1
202	292	34	1
204	292	34	1
229	292	34	1
232	292	34	1
236	292	34	1
238	292	34	1
244	292	34	2
229	293	34	1
235	293	34	1
237	293	34	1
243	293	34	1
247	293	34	1
195	294	34	2
197	294	34	1
198	294	34	1
201	294	34	2
221	294	34	1
229	294	34	2
242	294	34	1
246	294	34	1
184	295	34	1
196	295	34	1
197	295	34	1
203	295	34	1
218	295	34	1
201	296	34	1
225	296	34	1
226	296	34	1
230	296	34	1
234	296	34	1
236	296	34	2
243	296	34	1
245	296	34	1
179	297	34	1
195	297	34	1
200	297	34	1
203	297	34	1
229	297	34	1
237	297	34	1
238	297	34	2
239	297	34	1
244	297	34	1
247	297	34	1
194	298	34	1
203	298	34	1
220	298	34	2
237	298	34	1
180	299	34	1
199	299	34	1
200	299	34	1
203	299	34	1
227	299	34	1
232	299	34	1
243	299	34	2
226	300	34	1
238	300	34	1
242	300	34	1
225	301	34	1
229	301	34	1
232	301	34	1
233	301	34	1
240	301	34	1
243	301	34	1
245	301	34	2
229	302	34	1
236	302	34	2
242	302	34	1
232	303	34	1
237	304	34	1
240	304	34	1
223	305	34	1
229	305	34	1
198	306	34	2
223	306	34	1
224	306	34	1
228	306	34	1
232	307	34	1
234	307	34	1
225	308	34	1
226	308	34	1
232	308	34	1
236	308	34	1
239	308	34	1
240	308	34	2
241	308	34	2
242	308	34	1
224	309	34	2
225	309	34	1
228	309	34	1
222	310	34	2
231	311	34	1
235	311	34	1
221	312	34	1
235	312	34	1
228	313	34	1
233	313	34	2
230	314	34	1
226	316	34	1
234	316	34	1
233	317	34	1
211	318	34	1
230	248	35	1
226	250	35	1
228	250	35	1
229	250	35	1
225	251	35	2
228	251	35	2
229	252	35	1
223	253	35	1
226	253	35	1
229	253	35	1
221	254	35	1
227	254	35	1
230	254	35	1
240	254	35	1
218	255	35	1
227	255	35	1
218	256	35	1
221	256	35	1
228	256	35	2
209	257	35	1
218	257	35	1
221	257	35	1
224	257	35	1
225	257	35	1
239	257	35	2
203	258	35	1
216	258	35	1
223	258	35	1
230	258	35	1
232	258	35	1
242	258	35	1
244	258	35	1
210	259	35	1
217	259	35	1
222	259	35	1
225	259	35	1
230	259	35	1
233	259	35	1
234	259	35	1
240	259	35	1
241	259	35	1
242	259	35	1
190	260	35	1
191	260	35	1
212	260	35	1
238	260	35	1
240	260	35	1
241	260	35	2
243	260	35	1
193	261	35	1
194	261	35	2
215	261	35	1
218	261	35	2
219	261	35	1
228	261	35	1
232	261	35	1
237	261	35	1
240	261	35	2
246	261	35	1
193	262	35	1
208	262	35	2
218	262	35	1
191	263	35	1
208	263	35	1
210	263	35	1
214	263	35	1
216	263	35	1
218	263	35	1
219	263	35	1
222	263	35	1
235	263	35	1
186	264	35	1
214	264	35	3
216	264	35	1
219	264	35	1
220	264	35	1
227	264	35	1
228	264	35	1
231	264	35	1
235	264	35	1
239	264	35	1
240	264	35	1
245	264	35	1
250	264	35	1
178	265	35	1
196	265	35	2
212	265	35	1
213	265	35	1
214	265	35	1
226	265	35	1
233	265	35	1
234	265	35	1
188	266	35	1
190	266	35	1
229	266	35	1
236	266	35	1
238	266	35	1
251	266	35	1
192	267	35	1
196	267	35	1
206	267	35	1
223	267	35	1
232	267	35	1
233	267	35	1
235	267	35	1
242	267	35	1
194	268	35	1
196	268	35	1
202	268	35	1
205	268	35	2
206	268	35	1
207	268	35	1
213	268	35	1
214	268	35	1
217	268	35	1
218	268	35	1
219	268	35	1
222	268	35	1
232	268	35	1
233	268	35	1
240	268	35	2
243	268	35	1
248	268	35	1
178	269	35	1
197	269	35	1
202	269	35	2
213	269	35	1
215	269	35	2
216	269	35	1
220	269	35	2
224	269	35	1
234	269	35	1
239	269	35	1
179	270	35	1
186	270	35	1
187	270	35	2
188	270	35	2
194	270	35	1
195	270	35	1
199	270	35	1
214	270	35	2
216	270	35	1
218	270	35	1
231	270	35	1
240	270	35	1
241	270	35	1
181	271	35	1
185	271	35	2
190	271	35	1
193	271	35	1
195	271	35	2
206	271	35	1
214	271	35	1
216	271	35	2
218	271	35	1
234	271	35	1
245	271	35	1
250	271	35	1
180	272	35	1
184	272	35	1
189	272	35	1
206	272	35	2
210	272	35	1
214	272	35	1
231	272	35	2
234	272	35	1
235	272	35	1
206	273	35	2
228	273	35	1
241	273	35	1
173	274	35	1
186	274	35	2
190	274	35	1
196	274	35	1
201	274	35	1
203	274	35	1
211	274	35	1
212	274	35	1
215	274	35	1
217	274	35	1
218	274	35	1
223	274	35	1
225	274	35	1
232	274	35	1
242	274	35	1
244	274	35	1
176	275	35	1
178	275	35	1
210	275	35	1
213	275	35	1
214	275	35	1
218	275	35	1
219	275	35	1
240	275	35	1
188	276	35	1
212	276	35	1
219	276	35	1
222	276	35	1
237	276	35	1
239	276	35	1
243	276	35	1
244	276	35	1
248	276	35	1
175	277	35	1
188	277	35	1
206	277	35	1
208	277	35	1
210	277	35	1
211	277	35	1
215	277	35	1
218	277	35	1
220	277	35	1
229	277	35	1
230	277	35	1
236	277	35	1
242	277	35	1
244	277	35	1
171	278	35	2
174	278	35	1
175	278	35	1
195	278	35	1
202	278	35	2
210	278	35	1
214	278	35	1
222	278	35	2
225	278	35	1
229	278	35	2
235	278	35	1
238	278	35	1
245	278	35	1
247	278	35	2
172	279	35	1
232	279	35	1
234	279	35	1
238	279	35	1
241	279	35	1
175	280	35	1
179	280	35	1
193	280	35	2
205	280	35	2
206	280	35	1
217	280	35	1
238	280	35	1
246	280	35	2
204	281	35	2
210	281	35	1
219	281	35	1
221	281	35	1
224	281	35	1
234	281	35	1
239	281	35	1
175	282	35	1
203	282	35	1
216	282	35	2
223	282	35	1
226	282	35	1
231	282	35	1
242	282	35	1
244	282	35	1
171	283	35	1
183	283	35	2
189	283	35	1
203	283	35	1
208	283	35	1
209	283	35	1
214	283	35	1
218	283	35	1
220	283	35	1
223	283	35	2
180	284	35	2
185	284	35	1
186	284	35	1
203	284	35	2
208	284	35	1
209	284	35	2
215	284	35	1
225	284	35	1
230	284	35	1
242	284	35	2
243	284	35	2
248	284	35	1
249	284	35	3
177	285	35	1
178	285	35	1
182	285	35	1
188	285	35	1
198	285	35	1
205	285	35	1
226	285	35	1
230	285	35	1
234	285	35	1
241	285	35	1
174	286	35	1
215	286	35	1
218	286	35	1
219	286	35	1
220	286	35	1
223	286	35	1
225	286	35	1
228	286	35	2
231	286	35	1
236	286	35	2
243	286	35	2
244	286	35	1
175	287	35	1
189	287	35	3
205	287	35	1
219	287	35	2
223	287	35	2
236	287	35	1
237	287	35	1
243	287	35	1
246	287	35	1
186	288	35	1
190	288	35	1
192	288	35	1
194	288	35	1
195	288	35	1
204	288	35	2
220	288	35	1
238	288	35	1
246	288	35	1
176	289	35	1
195	289	35	1
204	289	35	1
205	289	35	1
221	289	35	1
222	289	35	1
226	289	35	2
237	289	35	1
250	289	35	1
184	290	35	1
197	290	35	1
204	290	35	1
231	290	35	1
242	290	35	1
248	290	35	1
196	291	35	1
231	291	35	1
236	291	35	1
197	292	35	1
204	292	35	1
222	292	35	1
223	292	35	1
224	292	35	1
226	292	35	1
228	292	35	1
231	292	35	1
247	292	35	1
182	293	35	1
197	293	35	1
198	293	35	2
218	293	35	1
227	293	35	1
230	293	35	1
232	293	35	1
235	293	35	1
238	293	35	1
246	293	35	1
183	294	35	2
195	294	35	1
220	294	35	1
221	294	35	1
223	294	35	1
226	294	35	2
228	294	35	1
241	294	35	1
184	295	35	1
242	295	35	1
180	296	35	1
181	296	35	1
197	296	35	1
198	296	35	1
199	296	35	1
200	296	35	1
205	296	35	1
236	296	35	1
243	296	35	1
198	297	35	1
199	297	35	1
225	297	35	1
226	297	35	1
227	297	35	1
228	297	35	1
236	297	35	1
238	297	35	1
181	298	35	1
194	298	35	2
196	298	35	1
200	298	35	1
219	298	35	1
222	298	35	1
236	298	35	1
241	298	35	2
246	298	35	1
195	299	35	1
238	299	35	2
229	300	35	1
236	300	35	1
242	300	35	1
236	301	35	2
245	301	35	1
223	302	35	1
230	302	35	1
234	302	35	1
238	302	35	1
240	302	35	1
226	303	35	1
232	303	35	2
243	303	35	1
228	304	35	1
232	304	35	1
235	304	35	1
207	305	35	3
234	305	35	1
235	305	35	1
236	305	35	1
237	305	35	1
206	306	35	1
223	306	35	1
228	306	35	1
229	306	35	2
235	306	35	1
236	306	35	1
242	306	35	1
221	307	35	1
222	307	35	1
223	307	35	1
231	307	35	1
237	307	35	1
240	307	35	1
202	309	35	1
223	309	35	1
229	309	35	1
238	309	35	1
221	310	35	1
222	310	35	1
234	310	35	1
237	310	35	1
219	311	35	1
221	311	35	1
223	311	35	1
237	311	35	2
217	312	35	1
232	312	35	1
236	312	35	1
223	313	35	1
229	313	35	1
227	314	35	1
230	314	35	1
234	315	35	1
235	315	35	1
237	315	35	1
230	317	35	1
233	317	35	1
239	317	35	1
236	318	35	1
232	319	35	1
225	253	36	1
216	257	36	1
217	257	36	1
227	257	36	1
225	258	36	1
224	259	36	1
226	259	36	1
227	259	36	1
228	259	36	1
226	260	36	1
232	260	36	1
240	260	36	1
226	261	36	1
229	261	36	1
232	261	36	1
234	261	36	1
243	261	36	1
210	262	36	1
217	262	36	1
219	262	36	2
221	262	36	1
224	262	36	3
226	262	36	1
227	262	36	1
230	262	36	2
242	262	36	1
191	263	36	1
210	263	36	1
218	263	36	1
219	263	36	1
221	263	36	1
231	263	36	1
235	263	36	1
237	263	36	2
186	264	36	1
215	264	36	1
216	264	36	1
220	264	36	1
225	264	36	1
226	264	36	2
230	264	36	2
234	264	36	3
238	264	36	1
239	264	36	1
249	264	36	1
196	265	36	1
209	265	36	1
222	265	36	1
245	265	36	1
186	266	36	1
188	266	36	1
195	266	36	1
207	266	36	1
216	266	36	1
237	266	36	1
243	266	36	1
194	267	36	1
202	267	36	1
210	267	36	1
214	267	36	1
216	267	36	1
221	267	36	2
229	267	36	1
193	268	36	1
214	268	36	2
219	268	36	1
233	268	36	1
235	268	36	1
247	268	36	1
191	269	36	1
200	269	36	1
229	269	36	1
249	269	36	1
187	270	36	2
195	270	36	2
213	270	36	1
230	270	36	1
232	270	36	2
235	270	36	1
178	271	36	1
214	271	36	2
215	271	36	1
216	271	36	1
248	271	36	1
249	271	36	1
178	272	36	1
190	272	36	1
193	272	36	1
207	272	36	2
211	272	36	1
213	272	36	1
214	272	36	1
219	272	36	1
239	272	36	1
178	273	36	1
181	273	36	1
190	273	36	1
204	273	36	1
205	273	36	1
238	273	36	1
205	274	36	2
215	274	36	1
220	274	36	1
206	275	36	1
208	275	36	1
210	275	36	1
214	275	36	1
181	276	36	1
215	276	36	1
216	276	36	1
219	276	36	1
220	276	36	1
237	276	36	1
189	277	36	1
207	277	36	1
209	277	36	1
211	277	36	2
220	277	36	1
226	277	36	1
234	277	36	1
201	278	36	3
204	278	36	1
207	278	36	2
210	278	36	1
213	278	36	1
218	278	36	2
234	278	36	3
239	278	36	1
179	279	36	1
208	279	36	1
214	279	36	2
220	279	36	1
223	279	36	1
180	280	36	1
199	280	36	1
205	280	36	1
206	280	36	1
214	280	36	1
224	280	36	1
179	281	36	1
189	281	36	1
190	281	36	1
191	281	36	1
192	281	36	1
200	281	36	1
206	281	36	1
208	281	36	1
221	281	36	1
224	281	36	1
175	282	36	1
181	282	36	1
189	282	36	1
191	282	36	1
208	282	36	1
221	282	36	1
208	283	36	1
211	283	36	1
216	283	36	1
227	283	36	1
176	284	36	2
177	284	36	1
196	284	36	1
201	284	36	1
213	284	36	1
220	284	36	1
242	284	36	1
245	284	36	1
204	285	36	1
212	285	36	1
226	285	36	1
238	285	36	1
187	286	36	2
189	286	36	1
193	286	36	1
208	286	36	1
234	286	36	1
235	286	36	1
241	286	36	1
243	286	36	1
176	287	36	1
198	287	36	2
199	287	36	1
201	287	36	1
202	287	36	1
204	287	36	1
220	287	36	1
224	287	36	1
225	287	36	4
229	287	36	1
230	287	36	1
231	287	36	1
236	287	36	2
239	287	36	1
246	287	36	1
196	288	36	1
204	288	36	1
229	288	36	1
230	288	36	2
238	288	36	1
195	289	36	1
201	289	36	1
230	289	36	1
233	289	36	1
237	289	36	1
239	289	36	1
240	289	36	1
242	289	36	1
185	290	36	1
234	290	36	1
240	290	36	1
247	290	36	1
199	291	36	1
221	291	36	1
233	291	36	2
234	291	36	2
237	291	36	1
239	291	36	1
242	291	36	1
244	291	36	1
174	292	36	1
194	292	36	1
200	292	36	1
202	292	36	1
203	292	36	1
206	292	36	1
220	292	36	1
223	292	36	2
225	292	36	1
228	292	36	1
238	292	36	1
188	293	36	1
196	293	36	1
200	293	36	1
202	293	36	1
206	293	36	1
229	293	36	1
241	293	36	1
204	294	36	2
223	294	36	1
227	294	36	1
230	294	36	1
244	294	36	1
201	295	36	1
233	295	36	1
234	295	36	1
235	295	36	1
239	295	36	1
245	295	36	1
198	296	36	1
205	296	36	1
228	296	36	1
230	296	36	2
241	296	36	1
205	297	36	1
228	297	36	1
230	297	36	1
233	297	36	1
235	297	36	1
238	297	36	1
241	297	36	1
242	297	36	1
203	298	36	1
229	298	36	1
233	298	36	1
240	298	36	1
241	298	36	1
243	298	36	1
244	298	36	2
230	299	36	1
241	299	36	1
225	300	36	1
229	300	36	1
244	300	36	1
198	301	36	1
228	301	36	1
232	301	36	1
235	301	36	1
240	301	36	1
227	302	36	1
235	302	36	1
232	303	36	1
236	303	36	1
238	303	36	2
245	303	36	1
235	304	36	1
244	306	36	1
222	307	36	1
227	308	36	1
220	309	36	2
224	309	36	1
225	309	36	1
229	309	36	1
236	309	36	1
221	310	36	1
226	310	36	1
228	310	36	1
234	310	36	1
240	310	36	1
221	311	36	1
226	311	36	3
229	311	36	1
230	311	36	1
231	311	36	1
235	311	36	1
238	311	36	1
213	312	36	1
232	312	36	1
216	313	36	1
225	313	36	1
230	313	36	1
231	313	36	1
236	313	36	1
238	313	36	1
225	314	36	1
235	314	36	1
236	314	36	1
228	315	36	1
230	315	36	1
233	315	36	1
236	316	36	1
238	316	36	2
240	316	36	1
237	317	36	2
238	317	36	1
230	318	36	1
232	319	36	1
239	319	36	1
227	257	37	1
227	258	37	1
228	259	37	1
224	260	37	1
242	260	37	1
227	262	37	1
231	262	37	1
232	262	37	1
231	263	37	1
207	265	37	1
188	266	37	1
243	266	37	1
193	267	37	2
233	267	37	1
211	268	37	1
217	268	37	1
219	268	37	1
220	268	37	1
236	268	37	1
219	269	37	2
237	269	37	1
196	270	37	2
235	270	37	1
207	271	37	1
214	271	37	1
218	271	37	1
196	272	37	1
207	272	37	1
216	272	37	1
212	273	37	1
216	273	37	1
213	274	37	1
215	274	37	1
231	274	37	1
205	275	37	1
206	275	37	1
213	275	37	1
214	275	37	1
208	276	37	1
209	276	37	1
214	276	37	1
204	277	37	1
206	277	37	1
214	277	37	1
218	277	37	1
181	278	37	1
215	278	37	1
175	279	37	1
195	279	37	4
210	279	37	1
217	279	37	1
231	279	37	1
192	280	37	1
209	280	37	2
210	280	37	1
191	281	37	1
210	281	37	1
213	281	37	1
215	282	37	1
219	282	37	1
223	282	37	1
193	283	37	1
228	283	37	1
196	284	37	1
237	284	37	2
195	285	37	1
201	285	37	1
202	285	37	1
204	285	37	1
205	285	37	1
226	285	37	2
187	286	37	1
188	286	37	1
199	286	37	1
200	286	37	1
203	286	37	1
206	286	37	2
207	286	37	1
230	286	37	1
187	287	37	1
188	287	37	1
193	287	37	1
202	287	37	1
204	287	37	1
208	287	37	1
233	287	37	1
236	287	37	1
239	287	37	1
190	288	37	1
204	288	37	1
210	288	37	1
224	288	37	1
237	288	37	1
201	289	37	2
203	289	37	1
232	289	37	1
234	289	37	1
240	289	37	1
204	290	37	1
222	290	37	1
233	290	37	2
234	290	37	1
236	291	37	1
239	291	37	1
231	292	37	1
238	292	37	1
190	293	37	1
197	293	37	2
199	293	37	1
205	293	37	3
230	293	37	1
238	293	37	1
240	293	37	2
201	294	37	1
223	294	37	1
225	294	37	1
230	294	37	1
232	294	37	2
233	294	37	1
234	294	37	1
237	294	37	2
238	294	37	1
239	294	37	1
235	295	37	3
236	295	37	1
244	295	37	1
203	296	37	1
215	296	37	1
229	296	37	1
235	296	37	3
241	296	37	1
198	297	37	1
220	297	37	1
199	298	37	1
242	298	37	1
244	298	37	1
228	299	37	1
241	299	37	2
231	300	37	1
241	300	37	1
242	300	37	1
232	301	37	1
226	302	37	1
236	302	37	1
244	302	37	1
228	303	37	1
232	303	37	1
228	304	37	2
240	306	37	1
226	307	37	1
239	307	37	1
227	308	37	1
235	308	37	1
226	309	37	1
233	309	37	2
242	309	37	1
216	310	37	1
217	310	37	1
224	310	37	1
229	310	37	1
225	311	37	2
237	311	37	1
240	312	37	1
212	313	37	1
218	313	37	1
227	313	37	1
228	313	37	1
228	314	37	2
229	314	37	1
232	314	37	1
236	314	37	1
238	315	37	1
237	316	37	1
240	316	37	2
232	318	37	1
237	318	37	1
240	318	37	1
237	319	37	1
233	322	37	1
226	259	38	1
232	263	38	1
232	264	38	1
226	265	38	1
230	265	38	1
231	266	38	1
187	269	38	1
194	269	38	1
217	269	38	1
192	270	38	1
193	270	38	1
211	270	38	2
211	272	38	2
210	274	38	1
203	275	38	1
206	275	38	1
213	275	38	1
210	276	38	1
194	277	38	1
205	277	38	1
206	277	38	3
207	277	38	1
209	277	38	3
214	277	38	2
212	278	38	1
215	278	38	1
221	278	38	1
194	279	38	1
212	279	38	1
214	279	38	1
221	280	38	1
193	281	38	1
208	282	38	1
210	282	38	1
212	282	38	1
223	282	38	1
191	284	38	1
195	284	38	1
199	284	38	1
201	284	38	1
214	284	38	1
222	284	38	1
192	285	38	1
193	285	38	2
201	285	38	1
204	285	38	1
208	285	38	2
215	285	38	1
216	285	38	1
196	286	38	1
204	286	38	1
216	286	38	1
221	286	38	1
230	286	38	1
195	287	38	1
205	287	38	1
215	287	38	1
217	287	38	2
232	287	38	1
238	287	38	1
189	288	38	2
205	288	38	1
219	288	38	1
220	288	38	1
236	288	38	1
185	289	38	2
187	289	38	1
200	289	38	1
204	289	38	1
207	289	38	1
217	289	38	1
232	289	38	1
188	290	38	1
191	290	38	1
199	290	38	1
200	290	38	1
218	290	38	2
191	291	38	1
222	291	38	1
208	292	38	1
220	292	38	1
221	292	38	1
236	292	38	2
196	293	38	2
198	293	38	1
217	293	38	1
218	293	38	1
220	293	38	1
225	293	38	1
227	293	38	1
230	293	38	1
204	294	38	1
210	294	38	1
221	294	38	2
230	294	38	1
235	294	38	1
236	294	38	1
192	295	38	1
204	295	38	1
218	295	38	1
225	295	38	1
227	295	38	1
230	295	38	1
232	295	38	2
234	295	38	1
240	295	38	1
197	296	38	1
204	296	38	1
207	296	38	1
221	296	38	1
222	296	38	1
228	296	38	1
232	296	38	1
241	296	38	1
243	296	38	1
195	297	38	1
219	297	38	2
220	297	38	2
226	297	38	1
229	297	38	1
236	297	38	1
239	297	38	1
240	297	38	1
192	298	38	1
215	298	38	1
231	298	38	1
233	298	38	1
234	298	38	1
243	298	38	2
196	299	38	1
227	299	38	2
231	299	38	1
235	299	38	1
236	299	38	1
237	299	38	1
240	299	38	1
242	299	38	1
204	300	38	1
218	300	38	1
228	300	38	1
239	300	38	1
230	301	38	1
228	302	38	1
233	302	38	1
237	302	38	1
227	303	38	1
231	303	38	1
233	303	38	1
232	304	38	1
245	304	38	1
232	305	38	1
233	305	38	1
235	305	38	1
236	305	38	1
244	305	38	1
226	306	38	1
229	306	38	1
242	306	38	1
225	307	38	1
222	308	38	1
227	309	38	1
241	309	38	1
217	310	38	1
222	310	38	2
226	310	38	2
228	310	38	1
236	310	38	1
217	311	38	1
218	311	38	1
219	311	38	1
225	311	38	1
228	311	38	1
218	312	38	2
219	312	38	2
226	312	38	2
227	312	38	2
240	312	38	1
241	312	38	1
242	312	38	1
222	313	38	1
223	313	38	1
238	313	38	2
244	313	38	1
217	314	38	1
219	314	38	1
242	314	38	1
211	315	38	1
220	315	38	1
236	315	38	1
241	315	38	1
242	316	38	1
214	317	38	1
232	317	38	1
238	317	38	1
232	318	38	1
237	318	38	2
218	319	38	1
231	319	38	1
234	319	38	1
229	321	38	1
233	322	38	1
237	265	39	1
191	268	39	1
217	268	39	1
201	270	39	1
189	273	39	1
212	275	39	1
218	276	39	1
213	277	39	1
208	278	39	1
221	278	39	2
215	280	39	1
214	282	39	1
226	282	39	1
193	284	39	1
191	285	39	1
195	285	39	1
197	285	39	1
203	286	39	1
187	287	39	1
190	287	39	2
191	287	39	1
196	287	39	1
215	287	39	1
219	287	39	1
222	287	39	1
218	288	39	2
224	288	39	1
193	289	39	1
203	289	39	2
217	289	39	1
195	290	39	1
211	290	39	1
218	290	39	1
202	291	39	1
204	291	39	1
206	291	39	1
214	291	39	1
235	291	39	1
238	291	39	1
240	291	39	2
208	292	39	1
212	292	39	1
226	292	39	2
235	292	39	1
239	292	39	1
242	292	39	1
207	293	39	1
220	293	39	2
227	293	39	1
204	294	39	1
221	294	39	1
233	294	39	1
234	294	39	1
223	295	39	1
225	295	39	1
236	295	39	1
238	295	39	2
197	296	39	2
200	296	39	1
202	296	39	1
220	296	39	1
235	296	39	1
203	297	39	1
204	297	39	1
225	297	39	1
234	297	39	2
236	297	39	1
240	297	39	1
233	298	39	2
239	298	39	1
229	299	39	1
231	299	39	1
241	299	39	2
234	301	39	1
226	302	39	1
228	302	39	1
229	302	39	1
231	302	39	1
240	302	39	1
226	303	39	2
228	303	39	1
210	304	39	1
228	304	39	1
234	304	39	1
194	305	39	1
223	305	39	1
224	305	39	1
226	305	39	1
227	305	39	1
240	305	39	1
210	306	39	1
224	306	39	1
235	306	39	1
227	307	39	2
235	307	39	1
194	308	39	2
223	308	39	1
235	308	39	1
215	309	39	1
228	309	39	1
240	309	39	1
196	310	39	1
217	310	39	1
221	310	39	1
239	310	39	1
206	311	39	1
240	311	39	1
217	312	39	1
229	312	39	1
230	312	39	1
218	313	39	1
229	313	39	1
238	313	39	1
240	313	39	1
220	314	39	1
234	314	39	2
235	314	39	1
236	314	39	1
238	314	39	1
239	314	39	1
240	314	39	1
241	314	39	1
242	314	39	1
240	315	39	2
245	315	39	1
225	316	39	1
211	317	39	1
225	317	39	1
232	317	39	1
237	317	39	3
244	317	39	2
229	318	39	1
223	319	39	1
233	319	39	2
230	320	39	3
234	320	39	1
233	322	39	1
220	324	39	1
214	274	40	1
192	283	40	1
193	288	40	1
206	288	40	1
192	289	40	2
193	290	40	1
206	291	40	2
199	292	40	1
212	292	40	1
235	292	40	1
236	292	40	1
194	293	40	1
229	293	40	1
207	294	40	1
210	294	40	1
225	294	40	1
228	294	40	1
237	294	40	1
225	295	40	1
234	295	40	1
241	295	40	1
203	296	40	1
229	297	40	1
236	297	40	1
212	298	40	1
215	298	40	1
216	298	40	1
222	298	40	1
199	299	40	1
230	299	40	1
212	300	40	1
225	300	40	1
237	300	40	1
228	301	40	1
229	301	40	1
237	302	40	2
223	305	40	1
215	307	40	1
226	307	40	1
227	307	40	1
228	307	40	1
243	307	40	1
228	308	40	1
215	309	40	1
227	309	40	1
228	309	40	1
232	309	40	1
222	310	40	1
226	310	40	2
234	310	40	2
242	310	40	2
219	311	40	1
231	311	40	1
240	311	40	1
217	312	40	1
221	312	40	1
229	312	40	1
232	312	40	1
213	313	40	1
218	313	40	1
220	313	40	1
235	313	40	1
238	313	40	2
243	313	40	1
219	314	40	1
242	315	40	1
221	316	40	2
236	316	40	2
207	317	40	1
231	318	40	1
232	319	40	1
221	320	40	1
240	321	40	1
231	322	40	1
233	322	40	1
210	294	41	1
213	294	41	2
221	305	41	2
227	305	41	1
229	305	41	1
241	308	41	1
239	309	41	1
196	310	41	2
216	312	41	2
221	312	41	1
221	313	41	1
222	313	41	1
223	313	41	1
239	313	41	1
244	313	41	1
221	314	41	1
238	314	41	1
243	314	41	1
230	315	41	1
246	316	41	1
242	317	41	1
219	318	41	1
217	319	41	1
245	319	41	2
241	320	41	2
216	321	41	1
231	321	41	1
230	322	41	1
215	297	42	1
231	300	42	1
220	303	42	1
220	304	42	1
214	305	42	1
220	305	42	1
229	305	42	1
232	306	42	1
223	308	42	1
240	308	42	1
223	309	42	1
224	309	42	1
226	309	42	1
235	309	42	2
219	310	42	2
222	310	42	1
238	310	42	1
239	310	42	1
236	311	42	1
218	312	42	1
221	312	42	1
223	312	42	1
244	312	42	1
218	313	42	2
222	313	42	1
224	313	42	2
219	315	42	1
220	315	42	1
220	316	42	1
224	317	42	1
232	317	42	1
240	317	42	1
219	318	42	1
229	318	42	1
245	318	42	1
204	319	42	1
232	319	42	1
242	319	42	1
226	320	42	2
229	320	42	1
224	321	42	2
231	322	42	1
219	304	43	1
220	304	43	1
222	307	43	1
220	309	43	1
239	311	43	1
219	312	43	2
238	313	43	1
237	314	43	1
219	316	43	1
227	319	43	1
229	321	43	2
220	304	44	1
220	306	44	1
220	309	44	1
223	309	44	1
211	310	44	1
219	310	44	1
225	311	44	1
223	312	44	1
231	312	44	1
227	317	44	2
230	318	44	2
242	319	44	1
220	312	45	1
