x	y	z	Mitochondrial translation termination
142	221	20	2
179	221	20	1
123	222	20	1
127	222	20	1
134	222	20	1
178	222	20	2
175	223	20	1
134	224	20	1
144	224	20	2
155	224	20	2
172	224	20	1
175	224	20	1
159	225	20	1
162	225	20	1
176	225	20	1
126	226	20	2
139	226	20	1
158	226	20	1
189	227	20	1
128	228	20	2
151	228	20	1
155	228	20	1
174	228	20	1
197	228	20	1
112	229	20	2
126	229	20	1
153	229	20	1
159	229	20	2
129	230	20	1
157	230	20	1
169	230	20	2
113	231	20	1
121	231	20	1
132	231	20	1
199	231	20	2
137	232	20	1
146	232	20	1
190	232	20	2
197	232	20	1
143	233	20	1
169	233	20	1
215	233	20	2
135	234	20	1
204	234	20	1
143	235	20	1
216	235	20	2
218	235	20	1
139	236	20	2
163	236	20	1
133	237	20	1
135	237	20	1
140	237	20	1
146	237	20	1
148	237	20	1
151	237	20	1
165	237	20	1
168	237	20	1
169	237	20	1
220	237	20	1
248	237	20	1
127	238	20	1
139	238	20	2
145	238	20	1
150	238	20	1
158	238	20	1
144	239	20	2
151	239	20	1
165	239	20	1
183	239	20	1
102	240	20	1
118	240	20	1
126	240	20	3
132	240	20	2
146	240	20	2
147	240	20	2
149	240	20	2
160	240	20	2
214	240	20	1
239	240	20	1
126	241	20	1
127	241	20	1
139	241	20	1
145	241	20	3
167	241	20	1
120	242	20	1
123	242	20	2
137	242	20	2
148	242	20	1
183	242	20	2
207	242	20	3
237	242	20	1
125	243	20	2
130	243	20	1
140	243	20	1
141	243	20	2
240	243	20	1
247	243	20	1
134	244	20	2
135	244	20	1
162	244	20	1
188	244	20	2
220	244	20	1
176	245	20	1
182	245	20	1
214	245	20	1
226	245	20	1
117	246	20	1
122	246	20	2
126	246	20	2
130	246	20	1
149	246	20	1
159	246	20	1
177	246	20	1
221	246	20	2
240	246	20	1
102	247	20	2
133	247	20	1
137	247	20	2
163	247	20	2
248	247	20	2
114	248	20	1
141	248	20	1
158	248	20	1
215	248	20	2
230	248	20	1
102	249	20	1
138	249	20	1
151	249	20	1
169	249	20	1
191	249	20	2
194	249	20	1
215	249	20	1
113	250	20	1
119	250	20	1
155	250	20	1
227	250	20	1
101	251	20	3
175	251	20	1
216	251	20	4
220	251	20	1
251	251	20	2
226	252	20	1
234	252	20	1
140	253	20	1
154	253	20	1
161	253	20	1
175	253	20	1
231	253	20	1
252	253	20	1
111	254	20	1
127	254	20	1
217	254	20	1
226	254	20	1
248	254	20	2
121	255	20	1
143	255	20	2
149	255	20	1
232	255	20	1
251	255	20	1
145	256	20	3
166	256	20	1
172	256	20	1
196	256	20	1
204	256	20	1
205	256	20	1
124	257	20	1
134	257	20	1
159	257	20	1
170	257	20	2
175	257	20	1
197	257	20	3
234	257	20	1
251	257	20	2
255	257	20	1
265	257	20	1
128	258	20	2
132	258	20	1
162	258	20	1
163	258	20	1
172	258	20	1
175	258	20	1
215	258	20	2
220	258	20	3
231	258	20	1
233	258	20	1
107	259	20	1
166	259	20	1
197	259	20	2
201	259	20	1
250	259	20	2
142	260	20	2
147	260	20	1
157	260	20	2
184	260	20	3
245	260	20	1
147	261	20	1
215	261	20	1
228	261	20	1
144	262	20	2
156	262	20	1
170	262	20	1
142	263	20	1
166	263	20	1
191	263	20	1
207	263	20	1
229	263	20	2
105	264	20	2
136	264	20	1
187	264	20	1
250	264	20	1
264	264	20	1
134	265	20	1
162	265	20	1
190	265	20	1
218	265	20	2
232	265	20	1
113	266	20	1
118	266	20	1
120	266	20	1
129	266	20	1
158	266	20	3
172	266	20	1
179	266	20	1
184	266	20	2
211	266	20	1
231	266	20	1
116	267	20	1
160	267	20	1
239	267	20	1
262	267	20	1
266	267	20	2
113	268	20	1
141	268	20	2
151	268	20	1
154	268	20	1
162	268	20	1
167	268	20	1
209	268	20	1
212	268	20	1
213	268	20	1
255	268	20	1
112	269	20	1
118	269	20	1
132	269	20	1
140	269	20	1
149	269	20	1
155	269	20	1
173	269	20	4
214	269	20	1
257	269	20	1
114	270	20	1
147	270	20	4
162	270	20	1
226	270	20	1
227	270	20	1
261	270	20	1
128	271	20	1
133	271	20	1
152	271	20	3
159	271	20	1
162	271	20	1
164	271	20	2
171	271	20	1
201	271	20	1
225	271	20	2
113	272	20	1
117	272	20	1
119	272	20	1
120	272	20	1
121	272	20	1
135	272	20	1
158	272	20	2
162	272	20	1
170	272	20	1
218	272	20	1
225	272	20	1
260	272	20	1
117	273	20	1
149	273	20	1
152	273	20	1
167	273	20	2
178	273	20	3
207	273	20	2
211	273	20	1
220	273	20	1
223	273	20	3
122	274	20	1
174	274	20	1
226	274	20	1
227	274	20	1
229	274	20	1
230	274	20	3
131	275	20	2
148	275	20	1
172	275	20	1
177	275	20	1
208	275	20	1
221	275	20	1
235	275	20	1
236	275	20	2
268	275	20	1
130	276	20	2
142	276	20	2
158	276	20	2
221	276	20	1
111	277	20	2
171	277	20	1
177	277	20	1
189	277	20	1
217	277	20	1
219	277	20	1
220	277	20	2
226	277	20	1
227	277	20	1
260	277	20	2
137	278	20	1
164	278	20	1
176	278	20	2
183	278	20	1
227	278	20	1
270	278	20	1
150	279	20	1
171	279	20	2
175	279	20	2
178	279	20	1
217	279	20	1
225	279	20	1
228	279	20	2
241	279	20	1
269	279	20	2
108	280	20	2
109	280	20	1
132	280	20	3
163	280	20	1
172	280	20	1
176	280	20	1
197	280	20	1
199	280	20	1
256	280	20	1
131	281	20	1
166	281	20	1
168	281	20	1
169	281	20	1
172	281	20	2
176	281	20	1
218	281	20	1
222	281	20	1
226	281	20	1
227	281	20	1
261	281	20	1
106	282	20	3
152	282	20	1
158	282	20	1
181	282	20	1
269	282	20	2
276	282	20	1
130	283	20	1
161	283	20	2
165	283	20	1
170	283	20	1
171	283	20	1
173	283	20	1
176	283	20	1
203	283	20	1
232	283	20	1
266	283	20	1
271	283	20	1
163	284	20	1
186	284	20	2
214	284	20	1
223	284	20	1
267	284	20	1
157	285	20	1
171	285	20	1
205	285	20	1
250	285	20	1
151	286	20	1
164	286	20	1
225	286	20	1
271	286	20	1
124	287	20	1
146	287	20	1
155	287	20	1
198	287	20	1
226	287	20	2
113	288	20	1
162	288	20	1
167	288	20	1
170	288	20	1
215	288	20	1
223	288	20	2
230	288	20	1
124	289	20	1
147	289	20	2
149	289	20	2
164	289	20	1
201	289	20	2
221	289	20	1
222	289	20	1
252	289	20	2
140	290	20	1
173	290	20	1
195	290	20	1
224	290	20	1
271	290	20	2
106	291	20	1
108	291	20	1
117	291	20	1
192	291	20	4
227	291	20	2
262	291	20	1
112	292	20	1
129	292	20	1
131	292	20	1
146	292	20	2
189	292	20	2
219	292	20	1
237	292	20	2
244	292	20	1
268	292	20	1
133	293	20	1
142	293	20	2
148	293	20	2
225	293	20	1
118	294	20	1
136	294	20	3
141	294	20	1
161	294	20	1
180	294	20	1
209	294	20	1
211	294	20	2
216	294	20	1
222	294	20	1
264	294	20	1
151	295	20	1
173	295	20	1
189	295	20	1
198	295	20	2
218	295	20	1
266	295	20	2
116	296	20	1
120	296	20	2
145	296	20	1
157	296	20	1
178	296	20	1
180	296	20	1
187	296	20	1
194	296	20	1
196	296	20	1
216	296	20	1
217	296	20	1
151	297	20	1
161	297	20	1
172	297	20	1
201	297	20	1
238	297	20	2
249	297	20	1
257	297	20	1
123	298	20	1
147	298	20	1
159	298	20	1
165	298	20	1
177	298	20	1
192	298	20	1
246	298	20	3
265	298	20	1
269	298	20	2
129	299	20	1
194	299	20	3
207	299	20	1
243	299	20	1
191	300	20	1
232	300	20	1
118	301	20	2
161	301	20	2
166	301	20	1
186	301	20	2
216	301	20	1
233	301	20	3
240	301	20	2
268	301	20	1
134	302	20	1
206	302	20	1
219	302	20	2
252	302	20	1
257	302	20	1
264	302	20	1
101	303	20	2
187	303	20	1
157	304	20	2
174	304	20	2
193	304	20	1
209	304	20	1
234	304	20	1
243	304	20	1
124	305	20	2
130	305	20	1
208	305	20	1
223	305	20	1
234	305	20	2
236	305	20	1
249	305	20	1
127	306	20	2
182	306	20	1
209	306	20	1
249	306	20	4
259	306	20	1
261	306	20	2
124	307	20	2
166	307	20	1
182	307	20	1
229	307	20	1
239	307	20	1
241	307	20	1
184	308	20	1
186	308	20	2
197	308	20	1
200	308	20	1
201	308	20	1
227	308	20	1
229	308	20	1
233	308	20	1
235	308	20	1
249	308	20	2
260	308	20	1
124	309	20	1
130	309	20	1
201	309	20	1
202	309	20	1
224	309	20	1
242	309	20	1
263	309	20	1
121	310	20	3
144	310	20	1
182	310	20	2
198	310	20	1
245	310	20	1
263	310	20	1
107	311	20	1
152	311	20	1
210	311	20	1
246	311	20	1
264	311	20	2
93	312	20	1
168	312	20	2
202	312	20	1
260	312	20	1
263	312	20	1
107	313	20	1
115	313	20	1
164	313	20	1
176	313	20	2
182	313	20	1
197	313	20	1
229	313	20	1
241	313	20	2
262	313	20	1
100	314	20	2
142	314	20	1
152	314	20	1
201	314	20	1
202	314	20	2
207	314	20	1
210	314	20	1
259	314	20	1
266	314	20	1
110	315	20	2
133	315	20	1
150	315	20	1
169	315	20	2
198	315	20	1
240	315	20	1
243	315	20	1
256	315	20	1
259	315	20	1
260	315	20	1
265	315	20	2
266	315	20	1
98	316	20	1
119	316	20	1
126	316	20	1
177	316	20	1
179	316	20	1
198	316	20	1
204	316	20	1
228	316	20	1
232	316	20	1
257	316	20	1
95	317	20	1
113	317	20	2
115	317	20	1
152	317	20	1
172	317	20	1
177	317	20	1
202	317	20	1
212	317	20	2
242	317	20	1
251	317	20	1
113	318	20	1
121	318	20	2
126	318	20	1
133	318	20	1
172	318	20	1
187	318	20	1
198	318	20	1
247	318	20	1
256	318	20	1
260	318	20	1
263	318	20	2
98	319	20	3
100	319	20	1
140	319	20	1
153	319	20	1
171	319	20	1
233	319	20	1
237	319	20	1
258	319	20	2
120	320	20	1
141	320	20	1
180	320	20	2
182	320	20	2
187	320	20	1
195	320	20	1
200	320	20	1
204	320	20	1
243	320	20	1
250	320	20	1
259	320	20	1
140	321	20	1
183	321	20	1
196	321	20	2
213	321	20	1
231	321	20	2
237	321	20	2
254	321	20	1
257	321	20	1
127	322	20	1
185	322	20	1
187	322	20	1
190	322	20	1
193	322	20	1
198	322	20	1
226	322	20	1
257	322	20	1
258	322	20	1
99	323	20	1
106	323	20	1
111	323	20	2
186	323	20	1
194	323	20	1
236	323	20	1
264	323	20	1
135	324	20	1
161	324	20	1
169	324	20	1
185	324	20	1
193	324	20	1
194	324	20	1
196	324	20	1
111	325	20	3
126	325	20	2
187	325	20	1
195	325	20	1
216	325	20	1
228	325	20	1
130	326	20	1
188	326	20	1
191	326	20	1
196	326	20	2
201	326	20	1
203	326	20	1
212	326	20	1
219	326	20	2
145	327	20	1
153	327	20	1
179	327	20	2
188	327	20	2
189	327	20	1
228	327	20	1
256	327	20	1
144	328	20	1
167	328	20	1
183	328	20	1
198	328	20	1
212	328	20	2
257	328	20	2
260	328	20	1
106	329	20	2
137	329	20	1
147	329	20	2
180	329	20	1
187	329	20	1
199	329	20	1
122	330	20	1
124	330	20	2
131	330	20	1
150	330	20	1
157	330	20	1
181	330	20	1
195	330	20	2
258	330	20	2
260	330	20	1
100	331	20	1
118	331	20	2
177	331	20	1
179	331	20	1
201	331	20	2
205	331	20	3
249	331	20	2
255	331	20	1
104	332	20	1
106	332	20	1
113	332	20	1
140	332	20	1
150	332	20	1
179	332	20	1
180	332	20	1
199	332	20	1
218	332	20	1
232	332	20	2
260	332	20	1
96	333	20	1
117	333	20	1
132	333	20	1
137	333	20	3
157	333	20	1
174	333	20	1
193	333	20	1
210	333	20	1
235	333	20	1
244	333	20	1
250	333	20	1
261	333	20	1
158	334	20	1
183	334	20	2
186	334	20	1
207	334	20	1
210	334	20	1
244	334	20	1
253	334	20	3
256	334	20	1
258	334	20	2
210	335	20	3
227	335	20	1
237	335	20	1
134	336	20	1
188	336	20	2
207	336	20	1
222	336	20	1
224	336	20	1
248	336	20	1
144	337	20	1
173	337	20	1
217	337	20	1
246	337	20	1
169	338	20	2
198	338	20	1
226	338	20	1
246	339	20	2
233	340	20	3
167	341	20	2
214	341	20	1
230	341	20	1
246	341	20	1
217	342	20	1
227	342	20	2
194	343	20	1
229	343	20	2
240	343	20	1
178	344	20	1
181	344	20	1
216	344	20	2
242	344	20	1
183	345	20	1
241	345	20	2
243	345	20	1
162	346	20	1
187	346	20	1
243	346	20	1
198	347	20	1
201	347	20	1
161	348	20	1
232	348	20	1
229	349	20	1
235	349	20	1
165	350	20	1
184	350	20	2
221	350	20	1
231	350	20	1
237	350	20	1
203	351	20	1
183	352	20	1
186	352	20	1
197	352	20	3
165	353	20	1
178	353	20	1
184	353	20	1
212	353	20	1
224	353	20	1
170	354	20	2
198	357	20	1
207	357	20	3
169	358	20	1
211	358	20	2
220	358	20	1
222	358	20	1
171	359	20	1
173	359	20	1
176	359	20	1
178	359	20	2
200	359	20	2
180	360	20	1
186	360	20	1
185	361	20	1
197	365	20	1
142	224	21	2
177	225	21	1
183	226	21	1
139	228	21	1
146	228	21	1
182	228	21	1
156	229	21	1
154	230	21	1
173	230	21	2
188	230	21	1
217	235	21	1
140	236	21	1
147	236	21	1
127	237	21	2
132	237	21	3
137	237	21	3
154	237	21	2
164	237	21	2
172	237	21	1
137	238	21	2
149	238	21	1
129	239	21	1
131	239	21	2
139	239	21	1
147	239	21	2
127	240	21	1
128	240	21	1
132	240	21	1
137	240	21	1
190	240	21	1
129	241	21	2
133	241	21	1
134	241	21	1
137	241	21	1
147	241	21	1
126	242	21	1
137	242	21	1
143	242	21	1
144	242	21	1
109	243	21	3
129	243	21	1
138	243	21	1
141	243	21	1
135	244	21	1
145	244	21	1
102	245	21	1
214	245	21	2
137	246	21	1
132	247	21	1
197	247	21	1
201	247	21	1
232	247	21	1
173	248	21	1
216	249	21	1
217	250	21	1
117	251	21	1
217	251	21	1
232	251	21	1
219	252	21	2
220	252	21	1
197	253	21	2
225	253	21	1
199	254	21	1
223	254	21	2
228	254	21	1
161	255	21	1
230	255	21	1
231	256	21	1
200	257	21	1
124	258	21	1
163	259	21	4
196	260	21	1
130	261	21	2
137	262	21	4
163	264	21	1
175	264	21	1
135	265	21	1
161	265	21	1
162	265	21	1
222	265	21	2
139	266	21	1
161	266	21	1
221	266	21	1
162	267	21	3
164	267	21	1
155	268	21	1
183	268	21	1
114	269	21	1
124	269	21	1
177	269	21	1
208	269	21	2
115	270	21	2
120	270	21	1
164	270	21	1
115	271	21	2
119	271	21	1
120	271	21	1
176	271	21	1
159	272	21	1
165	272	21	1
122	273	21	1
157	273	21	1
177	273	21	1
225	273	21	1
113	274	21	1
134	274	21	1
149	274	21	1
154	274	21	2
236	274	21	2
265	274	21	1
175	275	21	1
176	275	21	1
219	275	21	2
165	276	21	1
173	276	21	1
175	276	21	2
223	276	21	1
172	277	21	1
218	277	21	2
219	277	21	2
124	278	21	1
171	278	21	1
218	278	21	1
221	278	21	1
177	279	21	1
216	279	21	1
225	279	21	1
266	279	21	2
147	280	21	1
167	280	21	1
172	280	21	1
174	280	21	2
177	280	21	2
204	280	21	1
227	280	21	1
169	281	21	1
219	281	21	2
225	281	21	1
170	282	21	1
173	282	21	2
215	282	21	1
216	283	21	2
217	283	21	1
206	284	21	1
215	284	21	1
125	285	21	1
101	286	21	1
220	286	21	1
220	287	21	2
223	287	21	1
186	288	21	1
205	288	21	3
224	288	21	1
225	289	21	1
219	290	21	1
220	290	21	2
222	290	21	1
106	291	21	3
218	291	21	2
219	291	21	1
268	292	21	1
196	293	21	2
216	293	21	1
217	293	21	1
142	294	21	1
193	294	21	1
215	295	21	1
245	295	21	1
271	295	21	1
126	296	21	1
156	296	21	1
218	296	21	1
154	297	21	1
214	297	21	2
217	297	21	1
177	298	21	1
232	298	21	1
192	299	21	2
239	300	21	1
230	301	21	1
252	301	21	1
269	301	21	1
146	303	21	2
207	303	21	2
211	303	21	1
239	303	21	1
240	303	21	1
186	304	21	1
187	304	21	1
190	304	21	4
240	304	21	1
266	304	21	2
96	305	21	1
204	305	21	1
209	305	21	1
210	305	21	2
223	305	21	2
242	305	21	1
181	306	21	1
209	306	21	1
203	307	21	1
204	307	21	2
236	307	21	1
238	307	21	1
260	307	21	1
201	308	21	1
231	308	21	1
232	308	21	1
256	308	21	2
261	308	21	1
129	309	21	1
200	309	21	1
242	309	21	1
261	309	21	1
265	309	21	1
112	310	21	1
114	310	21	1
132	310	21	1
186	310	21	1
230	310	21	1
252	310	21	1
93	311	21	2
177	311	21	1
199	311	21	1
212	311	21	2
148	312	21	2
167	312	21	3
179	312	21	1
201	312	21	1
203	312	21	1
256	312	21	1
257	312	21	3
258	312	21	1
116	313	21	1
200	313	21	1
258	313	21	1
261	313	21	1
237	314	21	1
256	314	21	2
260	314	21	1
115	315	21	2
163	315	21	1
179	315	21	2
256	315	21	1
181	316	21	2
237	316	21	1
166	317	21	1
178	317	21	1
170	318	21	1
177	318	21	1
260	318	21	1
266	318	21	3
258	319	21	1
261	319	21	2
132	321	21	1
183	321	21	1
185	321	21	1
256	321	21	1
258	321	21	1
264	321	21	1
178	322	21	1
187	322	21	1
258	322	21	1
259	322	21	1
126	323	21	2
179	323	21	1
185	323	21	1
200	323	21	2
227	323	21	2
149	324	21	2
162	324	21	1
195	324	21	1
177	325	21	1
181	325	21	4
195	325	21	1
94	327	21	2
156	327	21	2
188	327	21	1
147	328	21	2
173	328	21	1
260	328	21	1
99	329	21	1
157	329	21	1
153	331	21	1
257	331	21	1
260	331	21	1
181	332	21	1
260	332	21	1
181	333	21	3
121	334	21	1
134	335	21	2
170	335	21	1
237	335	21	1
259	335	21	1
183	336	21	2
211	336	21	1
177	337	21	1
145	338	21	1
180	338	21	1
240	338	21	1
173	339	21	1
175	339	21	1
231	340	21	4
215	341	21	1
231	342	21	2
240	344	21	1
244	344	21	1
243	345	21	1
236	348	21	1
212	349	21	1
181	355	21	1
169	356	21	1
126	226	22	1
154	229	22	1
162	230	22	2
131	234	22	1
147	234	22	1
132	235	22	1
136	235	22	1
148	235	22	1
133	236	22	1
136	236	22	1
139	236	22	1
129	237	22	1
130	237	22	1
133	237	22	1
143	237	22	1
139	238	22	1
132	239	22	1
144	239	22	1
213	239	22	2
141	240	22	1
154	240	22	1
216	240	22	1
140	241	22	1
148	241	22	1
150	241	22	1
153	241	22	1
215	241	22	1
134	242	22	1
135	242	22	1
136	244	22	1
136	245	22	1
216	249	22	2
217	250	22	1
219	251	22	1
223	252	22	1
229	255	22	2
150	256	22	2
163	257	22	1
163	258	22	1
162	259	22	2
162	260	22	1
197	260	22	1
163	264	22	1
119	267	22	1
122	267	22	1
132	267	22	2
160	267	22	1
157	268	22	1
155	269	22	1
159	269	22	1
155	270	22	1
158	270	22	1
119	271	22	1
165	271	22	1
155	272	22	2
168	272	22	1
118	273	22	4
165	273	22	1
156	274	22	1
177	274	22	1
165	275	22	1
177	275	22	1
176	276	22	1
170	277	22	1
176	277	22	2
169	278	22	2
169	279	22	1
217	279	22	1
226	279	22	1
167	280	22	1
173	280	22	2
174	280	22	1
178	280	22	3
224	280	22	1
167	282	22	1
170	282	22	1
226	282	22	1
224	288	22	1
198	290	22	1
217	290	22	2
241	293	22	3
266	294	22	1
217	295	22	1
215	296	22	1
269	296	22	1
217	297	22	1
220	297	22	1
214	300	22	1
189	301	22	2
212	303	22	2
238	303	22	2
268	303	22	1
210	304	22	3
236	304	22	2
263	304	22	1
185	305	22	2
240	305	22	1
258	305	22	3
238	306	22	1
182	307	22	1
205	307	22	1
207	307	22	1
234	307	22	2
238	307	22	1
203	308	22	1
238	308	22	1
260	308	22	1
201	309	22	1
208	309	22	1
231	309	22	1
209	310	22	1
250	310	22	1
231	311	22	2
264	311	22	1
176	312	22	1
258	312	22	2
260	312	22	1
233	313	22	2
200	314	22	1
261	314	22	1
226	315	22	2
261	315	22	1
263	315	22	1
236	317	22	1
258	318	22	1
262	318	22	2
184	320	22	1
260	320	22	1
256	321	22	2
181	322	22	1
258	322	22	1
259	322	22	1
185	323	22	2
187	323	22	1
191	323	22	1
197	323	22	3
259	323	22	1
179	324	22	1
180	324	22	1
181	324	22	1
196	324	22	1
200	324	22	1
146	325	22	2
259	326	22	1
260	326	22	1
98	328	22	1
184	328	22	2
199	328	22	1
99	329	22	1
182	330	22	1
181	331	22	1
259	331	22	1
260	331	22	1
178	334	22	1
180	334	22	1
259	334	22	1
179	337	22	2
179	339	22	4
235	340	22	2
242	343	22	1
245	343	22	1
242	344	22	2
244	344	22	1
158	226	23	1
157	231	23	1
144	233	23	1
134	234	23	2
138	234	23	2
143	234	23	1
146	234	23	1
144	235	23	1
145	235	23	1
144	236	23	1
142	237	23	2
133	238	23	1
139	238	23	1
140	238	23	1
145	238	23	1
150	238	23	1
131	239	23	1
138	239	23	1
148	239	23	1
136	241	23	1
141	241	23	1
142	241	23	1
143	241	23	2
150	241	23	1
146	242	23	1
149	242	23	1
213	242	23	2
215	242	23	1
214	243	23	1
134	244	23	1
142	244	23	2
145	244	23	1
134	246	23	2
215	246	23	2
215	248	23	2
227	249	23	2
219	251	23	1
222	252	23	2
222	253	23	3
223	253	23	1
196	254	23	1
162	255	23	1
197	255	23	1
226	255	23	1
163	256	23	1
178	258	23	1
218	263	23	2
121	267	23	1
162	267	23	2
127	268	23	1
165	270	23	1
183	270	23	1
168	273	23	2
169	274	23	1
176	274	23	2
178	274	23	2
167	275	23	1
140	276	23	1
172	276	23	2
179	276	23	2
176	277	23	1
168	278	23	1
169	278	23	2
176	278	23	1
177	278	23	1
170	279	23	1
168	281	23	1
169	281	23	1
170	281	23	1
174	282	23	1
206	282	23	1
174	283	23	1
173	284	23	1
226	284	23	2
271	285	23	1
203	287	23	2
220	293	23	1
267	293	23	2
217	294	23	2
266	295	23	1
266	298	23	3
269	298	23	1
190	299	23	1
207	301	23	1
236	301	23	1
264	301	23	2
268	301	23	2
266	302	23	1
264	303	23	1
237	304	23	1
234	305	23	1
264	305	23	1
183	306	23	1
206	306	23	1
241	306	23	1
205	307	23	4
206	307	23	1
235	307	23	1
241	307	23	1
262	307	23	2
266	308	23	1
179	309	23	1
181	309	23	2
182	309	23	2
203	309	23	2
204	309	23	2
257	309	23	2
176	310	23	2
260	310	23	1
230	311	23	1
176	312	23	1
203	312	23	2
263	312	23	2
176	313	23	1
203	313	23	1
262	313	23	1
204	314	23	1
263	314	23	1
179	315	23	1
203	315	23	2
238	315	23	2
245	315	23	1
259	315	23	1
172	316	23	1
258	316	23	1
261	316	23	1
182	318	23	1
184	318	23	1
257	318	23	1
261	318	23	1
166	319	23	2
241	319	23	1
256	319	23	1
261	319	23	1
262	319	23	2
187	322	23	1
259	322	23	3
162	324	23	1
178	324	23	1
182	325	23	1
188	325	23	1
192	326	23	2
259	326	23	1
184	327	23	1
94	328	23	1
97	328	23	1
96	329	23	1
201	331	23	1
260	332	23	1
182	333	23	1
259	333	23	1
146	335	23	2
260	336	23	1
242	342	23	1
243	343	23	1
244	344	23	1
240	345	23	1
179	222	24	1
181	222	24	2
179	224	24	1
160	225	24	2
157	228	24	3
154	229	24	1
151	231	24	1
162	231	24	1
135	234	24	1
143	234	24	1
146	234	24	2
136	235	24	1
151	235	24	1
139	236	24	1
144	236	24	1
151	236	24	1
137	237	24	1
150	237	24	1
137	238	24	1
143	238	24	2
148	238	24	1
150	238	24	1
151	238	24	1
145	239	24	1
148	239	24	1
137	240	24	2
142	240	24	1
146	240	24	1
140	241	24	3
142	241	24	1
144	241	24	1
143	242	24	1
226	242	24	1
132	243	24	2
139	243	24	1
141	244	24	1
147	244	24	1
137	245	24	1
141	246	24	1
228	247	24	1
215	248	24	1
224	248	24	1
139	249	24	1
216	249	24	2
222	251	24	3
141	253	24	1
140	254	24	2
227	254	24	1
143	255	24	1
163	256	24	1
194	257	24	1
197	257	24	3
225	260	24	1
120	261	24	1
196	261	24	1
117	262	24	1
119	262	24	2
124	262	24	2
217	263	24	1
221	263	24	1
118	264	24	1
119	264	24	1
118	265	24	2
117	266	24	1
119	266	24	1
126	266	24	1
165	267	24	1
166	268	24	1
210	268	24	1
130	269	24	1
127	270	24	1
163	270	24	2
166	272	24	1
167	273	24	1
169	274	24	1
178	276	24	3
169	277	24	1
170	277	24	1
176	277	24	2
171	278	24	1
168	279	24	2
170	279	24	2
171	279	24	1
170	280	24	1
172	280	24	1
171	281	24	1
179	281	24	1
173	283	24	3
276	286	24	1
275	288	24	1
275	290	24	1
197	291	24	1
198	291	24	1
222	291	24	1
269	292	24	2
271	293	24	1
237	294	24	1
268	298	24	1
236	299	24	1
189	300	24	1
238	300	24	1
263	300	24	1
238	301	24	2
267	301	24	1
242	302	24	2
263	302	24	1
207	303	24	1
236	304	24	1
237	304	24	2
241	304	24	2
263	304	24	2
259	305	24	1
264	305	24	1
206	306	24	1
239	306	24	1
241	306	24	1
259	307	24	1
263	307	24	1
206	308	24	1
209	308	24	2
263	308	24	2
181	309	24	1
240	310	24	1
206	311	24	2
234	311	24	1
257	311	24	1
240	312	24	1
263	312	24	1
199	313	24	1
238	313	24	1
261	313	24	1
234	314	24	1
237	314	24	1
260	314	24	1
171	315	24	1
177	315	24	1
172	316	24	2
213	316	24	1
258	316	24	2
185	317	24	1
259	317	24	1
262	317	24	2
259	318	24	3
184	319	24	1
253	319	24	1
258	319	24	1
262	319	24	2
187	320	24	1
165	321	24	1
238	321	24	1
259	321	24	2
242	322	24	1
259	324	24	1
182	325	24	1
188	325	24	1
185	326	24	2
261	326	24	1
157	327	24	2
259	328	24	1
99	329	24	1
154	329	24	2
157	329	24	1
183	329	24	3
185	329	24	1
186	329	24	3
261	329	24	2
101	330	24	1
105	330	24	1
132	330	24	1
104	331	24	1
153	331	24	1
180	331	24	1
260	331	24	1
97	332	24	2
257	332	24	1
260	332	24	1
259	333	24	1
146	335	24	1
181	336	24	1
181	359	24	1
179	222	25	1
180	222	25	1
179	223	25	1
157	226	25	1
155	228	25	1
158	228	25	1
161	228	25	1
155	229	25	1
152	230	25	1
155	231	25	1
150	233	25	1
163	233	25	2
152	234	25	1
135	235	25	1
136	235	25	2
144	235	25	1
133	236	25	1
135	236	25	1
133	237	25	1
134	237	25	2
139	237	25	1
145	237	25	1
249	237	25	3
140	238	25	1
133	239	25	1
134	239	25	1
136	239	25	1
138	239	25	1
135	241	25	1
136	241	25	1
226	241	25	1
134	242	25	2
131	243	25	3
134	243	25	2
134	245	25	1
139	248	25	3
229	250	25	1
225	258	25	1
121	259	25	2
119	261	25	1
199	261	25	1
123	262	25	1
122	266	25	1
128	266	25	1
261	266	25	1
180	274	25	2
178	276	25	1
177	278	25	1
170	279	25	1
273	279	25	1
170	280	25	1
274	280	25	1
276	280	25	1
177	281	25	2
165	282	25	1
174	282	25	1
277	287	25	2
199	289	25	2
271	290	25	1
269	294	25	1
266	296	25	1
269	296	25	1
238	297	25	1
238	299	25	1
237	300	25	2
262	301	25	1
264	301	25	1
238	302	25	1
234	305	25	2
235	305	25	1
233	306	25	2
236	307	25	2
264	307	25	1
232	308	25	1
230	309	25	1
260	310	25	1
206	311	25	1
230	311	25	1
233	311	25	1
258	311	25	1
262	311	25	2
263	312	25	1
256	314	25	1
257	314	25	2
262	314	25	1
256	316	25	1
261	317	25	2
261	318	25	1
241	321	25	2
258	321	25	2
183	329	25	1
180	221	26	2
179	224	26	1
174	226	26	1
178	226	26	1
157	228	26	3
159	230	26	1
168	230	26	1
159	231	26	1
144	233	26	1
152	234	26	1
136	235	26	1
145	236	26	1
140	237	26	1
142	237	26	1
248	237	26	1
249	237	26	1
136	238	26	1
137	238	26	2
246	238	26	1
248	238	26	1
134	240	26	2
110	241	26	1
131	241	26	1
132	242	26	1
132	243	26	1
235	243	26	1
136	244	26	1
226	246	26	2
223	248	26	1
230	248	26	1
227	250	26	2
125	251	26	2
124	252	26	1
123	253	26	3
227	253	26	2
121	258	26	1
120	259	26	2
123	267	26	1
125	267	26	2
123	269	26	1
126	269	26	2
122	270	26	1
178	275	26	1
172	276	26	1
178	277	26	1
177	278	26	2
172	279	26	1
176	279	26	3
174	280	26	3
274	280	26	1
169	281	26	1
172	281	26	2
273	281	26	1
274	282	26	1
275	282	26	1
273	283	26	1
274	283	26	1
181	287	26	1
183	288	26	1
268	295	26	1
266	297	26	2
267	298	26	1
237	306	26	1
229	308	26	1
235	308	26	1
231	309	26	1
262	309	26	1
230	310	26	1
209	311	26	2
259	311	26	2
208	313	26	2
257	313	26	1
259	313	26	2
258	315	26	1
210	316	26	2
257	316	26	1
258	316	26	1
256	317	26	1
259	319	26	1
241	320	26	1
238	323	26	2
183	221	27	1
179	226	27	1
155	231	27	1
161	232	27	2
164	233	27	1
144	234	27	1
146	234	27	1
153	234	27	2
245	234	27	1
145	235	27	1
146	235	27	1
250	235	27	1
137	236	27	1
250	236	27	1
135	237	27	2
136	237	27	1
137	237	27	1
138	237	27	1
176	237	27	2
241	238	27	1
246	238	27	1
248	238	27	1
135	239	27	1
182	239	27	2
236	239	27	1
226	241	27	1
134	242	27	1
226	244	27	1
228	246	27	1
194	247	27	1
228	249	27	1
193	251	27	1
229	251	27	2
225	253	27	1
120	256	27	1
122	257	27	2
126	257	27	1
124	258	27	1
125	267	27	3
126	267	27	1
259	267	27	1
122	270	27	1
123	270	27	1
126	270	27	1
128	270	27	1
173	277	27	1
178	278	27	2
172	279	27	3
176	279	27	1
175	280	27	1
274	280	27	1
177	281	27	1
175	282	27	3
178	282	27	1
275	282	27	1
178	283	27	1
273	283	27	1
274	284	27	2
270	290	27	1
271	291	27	2
269	293	27	1
270	294	27	2
192	295	27	1
264	302	27	1
237	304	27	1
235	308	27	1
240	308	27	1
257	309	27	1
230	310	27	1
202	311	27	1
209	311	27	2
206	313	27	1
213	313	27	1
202	314	27	2
212	314	27	1
210	315	27	1
259	316	27	1
239	318	27	2
256	319	27	1
259	319	27	1
260	320	27	1
238	322	27	1
236	324	27	1
96	328	27	1
260	328	27	1
259	330	27	1
115	228	28	1
162	231	28	1
163	231	28	2
162	232	28	2
145	235	28	1
153	235	28	1
243	235	28	1
244	235	28	2
136	236	28	1
250	236	28	2
251	236	28	1
138	237	28	1
247	237	28	1
248	237	28	1
249	237	28	2
139	238	28	2
140	238	28	1
146	238	28	1
246	238	28	1
250	238	28	1
137	239	28	1
144	239	28	1
244	239	28	2
246	239	28	1
134	240	28	1
139	240	28	2
140	240	28	1
184	240	28	1
186	241	28	1
137	242	28	1
227	243	28	1
233	243	28	2
235	243	28	1
249	243	28	1
189	244	28	2
193	246	28	2
194	247	28	1
235	250	28	1
125	251	28	2
126	251	28	1
123	252	28	2
127	252	28	2
126	254	28	2
128	256	28	4
126	257	28	1
134	257	28	1
257	264	28	1
259	266	28	2
124	267	28	1
122	268	28	2
126	270	28	2
121	271	28	2
127	271	28	1
167	272	28	1
134	274	28	1
134	276	28	1
172	279	28	1
174	280	28	1
276	280	28	1
172	281	28	1
165	282	28	1
172	282	28	2
178	282	28	1
274	282	28	1
175	284	28	1
275	284	28	1
164	285	28	1
170	285	28	1
275	285	28	1
270	290	28	3
192	292	28	1
232	304	28	2
236	305	28	1
230	306	28	2
232	306	28	1
207	308	28	1
225	308	28	1
208	310	28	1
211	311	28	1
247	311	28	1
257	312	28	1
206	313	28	1
211	313	28	2
259	313	28	1
259	315	28	1
210	316	28	1
259	316	28	1
240	317	28	3
259	317	28	1
262	318	28	2
239	319	28	1
240	319	28	1
241	319	28	1
240	321	28	2
96	327	28	1
96	331	28	1
218	360	28	1
116	223	29	1
171	231	29	1
142	237	29	3
249	237	29	1
140	238	29	1
179	238	29	1
115	240	29	1
178	240	29	1
182	240	29	1
183	240	29	1
190	240	29	4
188	243	29	2
193	243	29	1
186	244	29	1
189	244	29	2
189	249	29	1
125	257	29	4
133	257	29	1
134	259	29	1
259	266	29	1
259	267	29	1
125	268	29	2
123	270	29	2
168	270	29	1
129	271	29	2
167	271	29	1
137	272	29	1
137	273	29	1
168	273	29	1
128	274	29	2
138	274	29	1
168	274	29	2
137	275	29	1
167	278	29	1
170	278	29	2
175	279	29	1
164	280	29	1
175	281	29	1
276	281	29	1
174	282	29	1
274	282	29	1
276	282	29	2
165	283	29	1
174	283	29	1
275	283	29	5
276	283	29	2
164	284	29	2
167	284	29	1
177	284	29	1
274	284	29	2
275	284	29	1
276	284	29	1
277	284	29	1
276	285	29	1
168	286	29	1
169	287	29	1
270	294	29	1
177	296	29	1
183	297	29	2
235	304	29	1
204	307	29	1
211	308	29	2
204	309	29	1
111	310	29	1
203	310	29	1
202	311	29	1
206	311	29	1
211	312	29	1
212	312	29	1
205	313	29	1
207	314	29	2
211	314	29	1
249	314	29	2
245	315	29	1
241	316	29	2
255	316	29	2
262	317	29	1
239	320	29	1
126	325	29	1
93	327	29	1
94	327	29	2
93	330	29	1
95	330	29	1
97	330	29	1
97	331	29	1
94	332	29	1
95	332	29	1
96	333	29	1
220	360	29	2
176	237	30	1
175	238	30	1
181	238	30	1
172	239	30	1
182	239	30	1
178	240	30	1
178	241	30	1
179	241	30	1
181	242	30	2
189	242	30	2
182	243	30	2
183	243	30	1
186	243	30	1
190	244	30	1
191	245	30	1
148	253	30	1
125	255	30	1
250	255	30	2
126	256	30	1
129	256	30	3
123	257	30	1
125	257	30	2
250	257	30	4
250	258	30	2
131	260	30	1
136	263	30	1
127	267	30	1
260	268	30	1
259	269	30	2
123	270	30	1
125	270	30	2
126	270	30	1
134	270	30	2
138	271	30	2
139	271	30	1
125	272	30	1
165	272	30	1
123	273	30	1
170	274	30	1
143	275	30	1
142	277	30	1
168	278	30	1
159	279	30	1
169	279	30	1
164	280	30	1
276	281	30	1
175	282	30	1
275	282	30	2
276	282	30	1
160	283	30	2
164	283	30	1
163	284	30	1
165	285	30	2
165	287	30	3
170	287	30	2
194	305	30	1
189	308	30	1
212	310	30	1
247	311	30	1
208	312	30	1
206	313	30	1
225	313	30	1
246	316	30	1
246	317	30	1
213	322	30	1
128	324	30	1
96	327	30	1
97	331	30	2
98	331	30	1
95	332	30	1
95	333	30	2
96	334	30	1
186	349	30	1
218	361	30	2
220	362	30	1
220	363	30	2
190	232	31	2
174	239	31	1
179	240	31	1
175	241	31	2
185	241	31	1
187	241	31	2
175	243	31	1
185	243	31	2
189	243	31	1
190	244	31	1
173	245	31	1
186	245	31	2
188	245	31	1
123	256	31	1
124	256	31	1
126	256	31	1
127	256	31	1
129	256	31	1
123	257	31	1
133	258	31	1
256	262	31	1
256	263	31	1
257	263	31	1
261	264	31	1
125	268	31	1
126	268	31	2
129	269	31	1
125	270	31	1
132	270	31	1
125	271	31	1
137	271	31	1
163	271	31	1
260	271	31	1
127	272	31	1
132	272	31	1
140	274	31	1
165	275	31	1
146	276	31	1
166	277	31	2
262	279	31	1
159	281	31	3
261	281	31	2
276	281	31	3
159	282	31	1
259	282	31	1
276	282	31	1
167	283	31	2
275	283	31	1
166	284	31	1
274	284	31	1
275	284	31	1
162	285	31	1
165	285	31	1
166	285	31	1
276	285	31	1
162	286	31	2
163	287	31	1
167	287	31	1
162	288	31	1
164	288	31	1
166	288	31	2
168	288	31	1
166	290	31	2
170	292	31	1
172	292	31	3
174	293	31	2
191	307	31	1
197	307	31	1
197	308	31	1
191	309	31	1
192	309	31	1
197	310	31	2
204	310	31	2
222	312	31	2
200	315	31	1
211	315	31	2
220	315	31	5
211	317	31	1
236	323	31	1
92	327	31	1
93	327	31	1
96	328	31	1
94	330	31	1
95	331	31	3
97	331	31	3
94	332	31	2
97	333	31	3
174	339	31	1
183	348	31	2
186	349	31	1
184	350	31	1
114	225	32	1
185	242	32	1
174	243	32	1
172	244	32	1
176	244	32	2
178	244	32	2
181	244	32	1
189	244	32	3
181	245	32	1
186	245	32	1
175	247	32	1
186	247	32	1
134	254	32	1
250	255	32	2
132	257	32	1
254	257	32	1
134	259	32	1
157	259	32	2
256	261	32	2
126	265	32	1
261	265	32	1
262	265	32	1
124	267	32	1
129	267	32	1
130	267	32	1
263	267	32	1
260	268	32	1
261	268	32	2
126	269	32	1
129	269	32	1
130	269	32	5
262	269	32	1
126	270	32	2
125	271	32	2
139	271	32	1
260	271	32	1
165	272	32	1
166	272	32	1
140	273	32	2
166	273	32	1
167	273	32	1
261	280	32	1
164	282	32	1
164	284	32	2
163	286	32	2
162	287	32	3
163	287	32	1
167	288	32	1
165	295	32	1
177	298	32	1
118	303	32	1
114	308	32	2
187	308	32	1
194	308	32	1
199	308	32	1
112	309	32	3
210	309	32	1
258	309	32	1
196	310	32	3
202	310	32	1
111	311	32	1
190	311	32	1
203	311	32	1
207	311	32	1
112	312	32	2
200	312	32	1
203	312	32	2
246	312	32	2
247	312	32	2
212	313	32	1
225	313	32	4
197	316	32	2
243	317	32	1
210	319	32	1
246	319	32	1
212	320	32	2
246	320	32	1
97	333	32	1
188	346	32	1
189	347	32	1
180	352	32	1
175	359	32	1
179	360	32	4
113	225	33	1
114	227	33	1
112	228	33	2
114	228	33	1
173	241	33	1
175	243	33	3
178	245	33	1
183	245	33	1
210	246	33	1
136	254	33	2
149	255	33	1
131	257	33	1
133	257	33	1
252	258	33	2
129	259	33	1
252	259	33	1
258	259	33	1
131	260	33	1
132	260	33	2
149	260	33	2
255	260	33	1
257	260	33	2
258	260	33	1
158	262	33	2
130	263	33	1
132	263	33	1
126	264	33	1
126	266	33	1
128	266	33	1
129	266	33	1
266	266	33	2
128	267	33	2
261	267	33	2
264	267	33	1
128	268	33	1
157	268	33	1
124	269	33	1
127	269	33	1
130	269	33	1
264	269	33	1
127	271	33	1
263	271	33	1
262	272	33	1
157	273	33	1
261	274	33	1
162	275	33	1
158	276	33	1
159	276	33	1
164	277	33	1
146	278	33	3
163	278	33	3
164	278	33	1
157	279	33	1
160	283	33	1
162	283	33	3
124	285	33	2
160	286	33	1
162	286	33	1
161	291	33	1
119	301	33	1
118	303	33	1
183	307	33	1
189	308	33	1
198	308	33	2
199	308	33	1
207	308	33	1
115	309	33	2
185	309	33	2
190	309	33	1
198	309	33	3
112	310	33	1
191	310	33	1
208	310	33	2
187	311	33	1
191	311	33	1
194	311	33	3
199	311	33	2
189	312	33	2
199	312	33	1
112	313	33	1
113	313	33	1
248	313	33	1
209	314	33	1
119	318	33	2
201	319	33	1
201	321	33	3
236	321	33	1
243	322	33	1
126	323	33	2
93	327	33	2
98	333	33	1
204	333	33	1
217	339	33	3
215	341	33	1
212	344	33	1
182	348	33	1
189	348	33	1
190	348	33	1
210	348	33	1
192	349	33	1
207	349	33	2
208	349	33	1
187	350	33	1
184	351	33	1
177	353	33	1
181	353	33	1
177	355	33	1
177	360	33	1
178	360	33	1
115	226	34	1
137	237	34	1
139	239	34	2
140	240	34	1
176	244	34	1
190	244	34	1
179	245	34	2
193	246	34	1
130	252	34	1
135	252	34	3
131	254	34	2
133	256	34	2
147	257	34	2
136	258	34	2
137	258	34	1
148	258	34	1
252	258	34	1
132	259	34	1
134	259	34	1
130	260	34	1
131	261	34	1
133	261	34	1
167	261	34	1
131	262	34	2
126	263	34	1
127	263	34	1
129	263	34	2
130	263	34	1
261	264	34	1
126	265	34	1
154	267	34	2
264	267	34	2
266	267	34	1
260	268	34	2
264	269	34	1
127	270	34	2
262	270	34	1
266	270	34	1
166	271	34	1
162	272	34	2
166	272	34	1
157	274	34	2
162	275	34	1
166	275	34	1
261	276	34	1
164	277	34	1
165	277	34	1
146	278	34	1
163	278	34	2
151	279	34	1
161	279	34	1
262	279	34	1
261	281	34	1
259	282	34	1
157	283	34	1
159	284	34	2
124	287	34	1
125	289	34	1
165	294	34	1
166	294	34	2
120	296	34	1
253	296	34	2
120	297	34	1
118	298	34	1
122	298	34	1
170	298	34	1
118	302	34	4
121	302	34	1
248	302	34	1
114	305	34	1
116	305	34	2
140	306	34	1
118	308	34	1
189	308	34	1
192	308	34	2
112	309	34	1
187	309	34	1
193	309	34	1
197	309	34	1
244	309	34	1
112	310	34	1
190	310	34	1
113	311	34	1
249	311	34	1
252	311	34	1
110	312	34	2
115	312	34	1
197	312	34	1
198	312	34	1
198	313	34	1
114	314	34	2
244	316	34	1
245	318	34	2
202	320	34	1
200	322	34	2
234	323	34	1
234	324	34	1
239	324	34	1
94	328	34	1
96	328	34	2
98	328	34	1
100	329	34	1
189	331	34	1
126	333	34	1
194	333	34	2
189	334	34	1
192	335	34	1
194	335	34	1
192	337	34	1
194	337	34	1
213	341	34	1
201	344	34	1
190	345	34	1
214	346	34	2
191	347	34	1
196	347	34	1
213	347	34	2
214	347	34	1
197	348	34	1
188	349	34	1
194	350	34	1
180	351	34	1
181	352	34	1
205	353	34	2
207	353	34	1
180	355	34	2
181	355	34	3
177	357	34	1
180	360	34	1
113	227	35	1
112	228	35	3
129	236	35	1
139	238	35	2
143	240	35	1
138	241	35	1
140	241	35	2
139	243	35	1
172	244	35	1
207	244	35	1
176	245	35	2
213	247	35	2
135	253	35	1
128	255	35	1
138	255	35	3
134	256	35	1
254	256	35	2
134	257	35	1
136	257	35	1
137	257	35	1
138	258	35	1
136	259	35	1
255	259	35	1
127	260	35	2
149	260	35	2
132	261	35	1
140	261	35	1
126	262	35	1
160	262	35	1
128	264	35	1
130	264	35	1
265	264	35	2
264	265	35	2
263	267	35	2
130	268	35	1
130	269	35	2
159	272	35	1
163	272	35	1
140	274	35	1
161	274	35	2
160	275	35	1
166	276	35	1
160	277	35	1
149	278	35	1
161	278	35	1
161	279	35	1
163	279	35	2
164	280	35	1
158	282	35	1
262	282	35	1
126	283	35	1
161	283	35	2
162	283	35	2
159	284	35	1
123	285	35	1
146	285	35	2
123	286	35	1
125	286	35	1
122	288	35	1
125	289	35	1
123	290	35	1
121	294	35	1
122	295	35	2
122	297	35	1
122	298	35	1
247	299	35	1
174	300	35	3
118	302	35	1
121	303	35	3
175	303	35	2
175	304	35	1
176	304	35	1
119	305	35	1
120	306	35	1
246	306	35	1
114	307	35	1
120	307	35	1
112	309	35	1
114	309	35	1
133	309	35	1
186	309	35	1
193	309	35	1
193	310	35	1
184	311	35	1
192	311	35	2
198	311	35	1
250	311	35	1
199	312	35	2
248	312	35	2
108	316	35	1
124	316	35	1
110	317	35	1
124	320	35	1
201	321	35	1
242	321	35	2
199	322	35	1
238	323	35	2
98	325	35	1
131	325	35	1
132	325	35	1
134	325	35	1
242	325	35	1
236	326	35	2
95	327	35	1
95	329	35	3
183	333	35	1
189	333	35	1
186	335	35	1
196	335	35	1
191	336	35	1
195	336	35	1
198	336	35	3
200	338	35	1
214	339	35	1
216	339	35	1
189	341	35	2
210	342	35	1
206	346	35	1
187	347	35	1
211	347	35	1
215	347	35	2
190	348	35	1
192	349	35	1
193	349	35	2
212	350	35	1
193	351	35	1
207	351	35	1
208	351	35	1
210	351	35	1
213	351	35	1
180	352	35	1
208	352	35	1
209	352	35	1
211	352	35	1
194	353	35	1
198	353	35	1
202	354	35	1
208	354	35	1
209	354	35	2
205	355	35	1
207	355	35	1
172	356	35	1
179	356	35	1
204	356	35	1
176	357	35	1
125	234	36	1
125	235	36	3
140	238	36	1
138	239	36	2
139	239	36	1
138	240	36	3
140	242	36	1
170	242	36	1
173	244	36	2
171	245	36	2
133	251	36	1
137	253	36	1
140	253	36	1
135	254	36	1
140	254	36	1
144	254	36	1
136	255	36	1
144	255	36	2
130	256	36	1
129	257	36	2
131	258	36	1
132	258	36	2
253	258	36	1
259	258	36	2
134	259	36	1
131	261	36	2
134	261	36	2
128	263	36	1
132	263	36	1
126	264	36	1
146	264	36	1
155	264	36	1
155	265	36	2
262	265	36	1
265	265	36	2
153	266	36	1
154	266	36	1
264	266	36	2
157	270	36	3
136	271	36	1
160	273	36	1
260	273	36	1
161	274	36	2
162	274	36	2
163	274	36	1
166	275	36	2
162	276	36	1
162	277	36	1
161	279	36	1
262	281	36	2
127	283	36	1
258	283	36	1
161	284	36	1
124	285	36	1
126	285	36	1
127	286	36	1
158	286	36	1
145	288	36	2
152	288	36	2
154	288	36	1
124	289	36	2
124	290	36	1
147	290	36	1
126	292	36	1
120	295	36	2
171	298	36	1
166	299	36	2
249	299	36	2
119	300	36	1
171	300	36	1
174	300	36	2
176	300	36	1
176	302	36	1
177	302	36	2
182	303	36	1
114	304	36	1
118	305	36	1
118	306	36	1
114	308	36	1
117	308	36	1
183	308	36	1
186	309	36	1
189	309	36	1
115	310	36	2
185	310	36	3
110	311	36	1
249	311	36	2
110	312	36	2
190	312	36	1
191	312	36	1
228	320	36	1
137	321	36	1
130	322	36	2
238	322	36	2
196	324	36	3
236	324	36	1
235	325	36	1
97	326	36	1
233	326	36	2
233	327	36	1
97	328	36	1
151	333	36	1
203	333	36	1
186	335	36	2
212	340	36	1
212	341	36	1
189	343	36	1
200	344	36	1
213	348	36	1
188	350	36	1
214	351	36	2
185	353	36	1
207	353	36	1
211	353	36	1
208	355	36	1
210	355	36	1
179	356	36	1
177	357	36	1
179	358	36	1
206	358	36	1
177	359	36	1
114	226	37	1
126	226	37	2
119	228	37	2
122	229	37	2
124	232	37	2
124	234	37	1
126	234	37	2
127	235	37	1
129	236	37	1
118	237	37	2
138	238	37	1
139	238	37	1
135	239	37	1
139	239	37	1
143	239	37	1
167	240	37	3
167	241	37	1
125	242	37	2
124	243	37	1
139	243	37	1
141	243	37	2
169	243	37	1
175	243	37	1
172	244	37	1
139	253	37	1
141	253	37	1
144	253	37	1
148	253	37	2
132	254	37	3
143	254	37	1
133	255	37	1
145	256	37	1
207	256	37	3
129	258	37	2
208	258	37	1
130	260	37	1
133	260	37	1
134	260	37	1
244	260	37	1
133	261	37	1
261	262	37	1
131	263	37	1
133	263	37	1
145	263	37	2
148	263	37	1
154	263	37	1
263	263	37	1
144	265	37	1
155	265	37	1
262	265	37	1
263	265	37	1
147	266	37	1
128	268	37	4
151	269	37	1
146	272	37	1
249	272	37	2
251	272	37	2
161	273	37	1
132	274	37	1
145	275	37	1
163	275	37	2
136	276	37	2
142	278	37	1
146	278	37	1
126	279	37	1
164	279	37	1
258	280	37	2
129	281	37	2
161	281	37	1
258	281	37	1
259	282	37	1
125	283	37	1
128	284	37	2
161	284	37	1
126	286	37	2
146	286	37	1
126	287	37	2
152	288	37	1
153	288	37	1
155	288	37	1
148	289	37	3
160	292	37	1
262	292	37	2
121	293	37	1
159	293	37	1
256	293	37	2
260	293	37	1
259	294	37	1
259	295	37	2
260	297	37	1
173	299	37	2
174	299	37	1
175	299	37	2
173	300	37	1
175	301	37	1
176	301	37	2
177	301	37	1
247	301	37	2
250	301	37	1
250	302	37	1
174	303	37	1
176	303	37	1
115	304	37	2
261	304	37	3
114	308	37	1
188	309	37	2
112	310	37	1
132	311	37	3
196	313	37	1
111	314	37	1
148	315	37	2
118	316	37	1
117	317	37	1
135	317	37	1
153	317	37	1
119	318	37	1
140	318	37	2
146	318	37	2
117	319	37	1
146	319	37	2
116	320	37	1
138	320	37	2
138	324	37	1
241	326	37	1
188	327	37	4
148	331	37	1
181	332	37	1
185	332	37	1
185	334	37	2
148	335	37	1
209	338	37	1
175	339	37	1
212	339	37	1
211	340	37	2
213	341	37	1
192	344	37	2
200	344	37	1
186	349	37	1
210	349	37	1
212	349	37	1
214	350	37	1
214	351	37	1
215	352	37	1
213	353	37	2
182	354	37	1
207	356	37	1
208	356	37	1
206	357	37	1
208	357	37	1
112	220	38	1
123	225	38	1
126	227	38	1
125	230	38	1
173	230	38	1
174	230	38	1
137	231	38	1
127	233	38	1
135	233	38	1
169	233	38	1
170	234	38	2
117	235	38	1
137	235	38	2
197	235	38	1
119	236	38	2
134	236	38	1
143	237	38	1
166	237	38	1
141	238	38	1
143	238	38	1
144	238	38	1
126	239	38	2
137	239	38	1
144	239	38	1
168	239	38	2
138	240	38	1
162	240	38	1
163	240	38	1
164	240	38	3
169	240	38	1
143	241	38	2
199	241	38	1
167	242	38	1
171	242	38	1
127	243	38	1
136	243	38	1
168	243	38	1
174	243	38	2
135	244	38	1
140	244	38	1
124	245	38	1
168	245	38	2
170	246	38	1
173	246	38	1
174	246	38	1
175	246	38	2
140	248	38	2
169	248	38	1
140	249	38	1
137	250	38	1
132	251	38	1
142	252	38	1
152	252	38	1
135	253	38	1
139	253	38	1
148	253	38	1
151	253	38	1
132	254	38	2
134	254	38	1
135	254	38	1
152	254	38	2
138	255	38	2
140	255	38	1
143	255	38	1
150	255	38	1
134	256	38	2
142	256	38	1
151	256	38	1
158	256	38	1
139	258	38	1
166	258	38	1
207	258	38	1
169	259	38	3
207	259	38	1
252	259	38	1
134	260	38	1
168	260	38	1
139	261	38	1
146	261	38	1
260	261	38	1
140	262	38	2
152	262	38	1
147	263	38	2
154	263	38	1
158	263	38	2
167	263	38	2
263	263	38	1
129	264	38	1
147	264	38	1
151	264	38	1
153	264	38	1
163	264	38	2
146	265	38	2
154	265	38	1
152	266	38	3
154	266	38	1
262	267	38	1
146	268	38	1
136	269	38	1
142	270	38	2
137	271	38	2
247	271	38	1
140	272	38	2
147	272	38	1
251	272	38	2
144	273	38	1
134	274	38	1
143	274	38	1
250	274	38	1
147	276	38	3
256	276	38	1
140	277	38	2
160	278	38	1
128	280	38	2
140	280	38	1
128	281	38	1
129	281	38	1
139	281	38	1
132	282	38	1
139	282	38	1
125	283	38	1
135	283	38	2
125	284	38	1
136	284	38	1
127	285	38	3
129	285	38	1
153	286	38	1
126	287	38	1
126	288	38	1
156	288	38	1
156	289	38	1
253	293	38	1
155	294	38	3
156	295	38	1
259	295	38	2
157	296	38	1
172	298	38	1
259	298	38	1
170	300	38	1
170	301	38	1
126	303	38	1
260	303	38	1
125	304	38	1
257	306	38	1
259	310	38	2
260	310	38	1
122	314	38	1
122	315	38	1
137	315	38	1
116	316	38	1
145	316	38	1
146	316	38	1
152	316	38	1
114	317	38	1
115	317	38	1
117	317	38	1
119	317	38	1
153	317	38	1
120	318	38	1
143	318	38	2
117	319	38	4
136	319	38	1
144	319	38	1
140	320	38	2
150	320	38	1
144	322	38	2
126	323	38	1
181	324	38	1
239	324	38	1
241	324	38	2
133	325	38	1
235	325	38	1
237	325	38	2
242	325	38	1
157	329	38	1
148	330	38	1
152	332	38	1
155	332	38	2
191	332	38	3
147	333	38	1
150	333	38	2
177	333	38	1
188	333	38	1
181	335	38	1
209	340	38	1
214	340	38	1
211	341	38	2
197	343	38	2
199	344	38	1
209	344	38	3
197	345	38	1
212	345	38	1
188	346	38	1
189	346	38	1
247	347	38	2
190	348	38	1
211	349	38	1
215	353	38	1
184	354	38	2
209	354	38	2
176	355	38	1
176	356	38	2
177	356	38	1
180	356	38	1
207	356	38	1
208	356	38	2
174	357	38	1
207	358	38	1
204	359	38	3
192	361	38	1
195	361	38	1
191	362	38	1
193	364	38	3
115	218	39	1
114	219	39	1
113	220	39	1
146	226	39	1
124	227	39	1
147	228	39	1
149	228	39	3
175	228	39	1
136	229	39	2
138	229	39	2
144	229	39	2
139	230	39	2
172	230	39	1
135	232	39	1
140	233	39	2
201	233	39	1
130	234	39	2
137	234	39	1
202	234	39	1
119	235	39	1
136	236	39	2
142	236	39	1
144	236	39	1
120	237	39	1
137	237	39	1
138	237	39	1
139	237	39	2
140	237	39	1
198	237	39	1
200	237	39	2
140	238	39	2
145	238	39	1
201	238	39	1
139	239	39	1
161	239	39	2
164	239	39	1
163	240	39	1
166	240	39	1
128	241	39	1
133	241	39	1
137	241	39	1
145	241	39	1
134	243	39	1
171	243	39	1
121	244	39	2
124	244	39	1
125	244	39	1
136	244	39	3
140	244	39	1
141	244	39	1
176	244	39	1
127	246	39	1
172	246	39	1
173	246	39	3
178	247	39	1
123	248	39	1
173	248	39	1
133	249	39	1
135	249	39	1
140	249	39	2
122	250	39	1
135	250	39	1
136	251	39	1
123	252	39	2
134	252	39	2
143	252	39	1
126	253	39	2
135	253	39	1
136	253	39	1
168	253	39	1
169	253	39	2
235	253	39	1
132	254	39	1
138	254	39	1
140	254	39	2
142	254	39	1
144	254	39	1
154	254	39	1
141	255	39	2
152	255	39	3
153	256	39	1
133	257	39	1
141	257	39	1
254	257	39	2
151	258	39	1
154	258	39	3
168	258	39	2
132	259	39	1
134	259	39	1
136	259	39	1
147	259	39	1
149	259	39	2
255	259	39	1
130	260	39	1
145	260	39	1
149	260	39	1
153	260	39	1
159	260	39	1
255	260	39	1
130	261	39	1
148	261	39	1
150	261	39	1
152	261	39	1
166	261	39	2
254	261	39	1
132	262	39	1
156	262	39	4
231	262	39	1
261	262	39	1
262	262	39	1
129	263	39	1
132	263	39	1
139	263	39	1
153	263	39	1
157	263	39	1
158	263	39	1
167	263	39	1
263	263	39	2
131	264	39	1
142	264	39	1
145	264	39	1
151	264	39	1
152	264	39	2
155	264	39	1
146	265	39	1
155	265	39	2
130	266	39	1
145	266	39	1
142	267	39	4
256	267	39	2
259	267	39	1
167	268	39	2
132	269	39	1
136	269	39	2
144	269	39	1
151	269	39	1
134	270	39	2
154	270	39	1
245	270	39	1
144	271	39	2
145	271	39	1
135	272	39	1
147	272	39	2
227	272	39	2
251	272	39	3
134	273	39	2
146	273	39	1
141	274	39	1
162	274	39	1
254	274	39	1
135	275	39	3
136	275	39	2
144	275	39	1
129	276	39	2
132	276	39	1
138	276	39	1
148	276	39	1
149	276	39	1
233	276	39	3
149	277	39	1
153	277	39	1
138	278	39	2
147	278	39	2
164	278	39	1
130	279	39	1
141	279	39	1
142	279	39	2
147	279	39	1
148	279	39	2
149	279	39	1
154	279	39	1
163	279	39	1
162	280	39	1
127	282	39	1
128	282	39	1
136	282	39	1
138	282	39	1
160	282	39	1
136	283	39	2
134	285	39	1
137	285	39	1
158	286	39	1
172	286	39	1
173	286	39	1
132	287	39	1
157	288	39	1
257	290	39	2
154	291	39	2
252	292	39	2
139	293	39	1
159	293	39	1
140	294	39	1
258	294	39	1
159	295	39	1
161	295	39	2
249	296	39	1
133	297	39	1
166	297	39	3
247	297	39	1
134	298	39	1
261	298	39	1
123	299	39	2
171	299	39	1
176	300	39	1
260	300	39	1
172	301	39	2
124	303	39	1
126	304	39	1
171	304	39	2
172	304	39	1
177	304	39	1
259	304	39	1
259	305	39	1
260	305	39	1
125	306	39	2
125	308	39	1
124	311	39	1
120	316	39	1
146	316	39	1
135	317	39	3
148	317	39	1
115	318	39	1
116	318	39	1
137	318	39	2
117	320	39	1
139	320	39	2
140	320	39	1
181	320	39	2
179	321	39	1
140	322	39	2
177	322	39	1
181	324	39	2
239	327	39	1
242	328	39	1
220	330	39	1
153	331	39	2
168	331	39	1
186	331	39	1
218	331	39	2
153	332	39	1
187	332	39	2
191	332	39	1
219	332	39	3
154	333	39	4
161	333	39	3
151	334	39	1
154	334	39	1
155	334	39	2
160	334	39	1
189	334	39	1
156	335	39	2
157	337	39	1
195	337	39	1
212	337	39	1
152	338	39	1
155	338	39	2
211	341	39	1
214	341	39	1
215	341	39	1
207	343	39	2
208	344	39	1
211	344	39	1
201	345	39	2
191	346	39	1
209	346	39	2
191	348	39	1
194	348	39	1
209	349	39	1
237	351	39	1
209	352	39	1
212	352	39	1
215	353	39	1
206	354	39	1
211	354	39	1
214	354	39	1
214	355	39	1
207	356	39	1
205	357	39	1
212	358	39	3
192	359	39	1
191	361	39	1
192	361	39	2
201	362	39	1
205	362	39	1
191	363	39	1
195	363	39	1
114	218	40	1
114	219	40	1
118	224	40	2
120	224	40	1
136	226	40	1
141	229	40	1
136	230	40	1
138	230	40	1
137	231	40	1
141	231	40	1
118	234	40	1
199	234	40	1
203	234	40	1
139	235	40	1
195	235	40	1
199	235	40	2
203	235	40	1
115	236	40	2
120	236	40	1
168	236	40	1
162	237	40	1
163	237	40	1
203	237	40	1
142	238	40	1
143	238	40	1
154	238	40	1
159	238	40	1
162	238	40	1
204	238	40	2
139	239	40	1
143	239	40	1
160	239	40	1
142	240	40	1
143	240	40	2
145	240	40	1
162	240	40	1
196	240	40	1
125	241	40	1
136	241	40	2
161	241	40	2
162	241	40	1
125	242	40	1
133	242	40	1
169	242	40	1
127	243	40	3
128	243	40	3
142	243	40	1
175	243	40	1
124	244	40	1
132	244	40	1
176	244	40	1
125	245	40	1
126	245	40	1
127	245	40	2
163	245	40	1
170	245	40	1
179	245	40	4
125	246	40	1
126	246	40	1
126	248	40	1
174	248	40	1
125	249	40	4
135	250	40	1
137	250	40	1
139	250	40	2
231	250	40	1
232	251	40	1
136	252	40	3
139	252	40	1
240	252	40	1
223	253	40	1
139	254	40	1
152	254	40	1
134	255	40	1
137	255	40	1
138	255	40	1
127	256	40	1
152	256	40	1
132	257	40	1
134	257	40	1
139	257	40	1
154	257	40	1
156	257	40	3
157	257	40	2
174	258	40	1
145	259	40	1
156	259	40	2
157	259	40	1
204	259	40	1
132	260	40	1
144	260	40	1
148	260	40	1
149	260	40	2
154	260	40	1
157	260	40	1
158	260	40	1
172	260	40	1
205	260	40	1
136	261	40	1
140	261	40	3
149	261	40	1
152	261	40	1
168	261	40	1
210	261	40	1
211	261	40	1
249	261	40	1
250	261	40	1
252	261	40	1
130	262	40	1
140	262	40	1
144	262	40	1
146	262	40	1
154	262	40	1
168	262	40	1
140	263	40	1
143	263	40	1
150	263	40	2
153	263	40	1
166	263	40	3
168	264	40	1
156	265	40	3
159	265	40	1
165	265	40	1
142	266	40	1
151	266	40	1
158	266	40	1
256	266	40	1
142	267	40	1
168	267	40	1
258	267	40	1
154	268	40	1
151	269	40	2
165	269	40	1
167	269	40	1
244	269	40	1
132	270	40	1
134	270	40	1
136	270	40	1
147	270	40	2
150	270	40	2
249	270	40	3
144	271	40	1
148	271	40	1
151	271	40	1
136	272	40	2
143	272	40	1
147	272	40	1
223	272	40	1
231	272	40	1
247	272	40	1
131	273	40	1
142	273	40	1
146	273	40	1
150	273	40	2
167	273	40	1
144	274	40	2
148	274	40	2
154	274	40	1
132	275	40	1
138	275	40	1
139	275	40	1
142	275	40	1
130	276	40	2
131	276	40	1
133	276	40	1
136	276	40	1
142	276	40	1
148	276	40	1
163	276	40	1
136	277	40	3
143	277	40	1
129	278	40	1
134	278	40	1
147.5	278	40.5	1
161	278	40	3
163	278	40	1
141	279	40	1
143	279	40	3
148	279	40	1
253	279	40	1
139	280	40	1
142	280	40	1
161	280	40	1
129	281	40	1
133	281	40	1
142	282	40	1
159	282	40	1
142	284	40	1
135	285	40	2
132	286	40	1
139	286	40	1
133	287	40	1
154	288	40	1
250	289	40	2
125	293	40	2
160	294	40	1
254	294	40	2
121	295	40	2
126	295	40	2
162	295	40	1
252	295	40	1
131	296	40	2
149	297	40	1
257	297	40	1
134	298	40	1
136	298	40	1
260	298	40	1
168	299	40	1
169	299	40	1
123	300	40	3
260	300	40	1
133	301	40	1
140	301	40	1
169	301	40	1
177	301	40	1
171	302	40	1
172	302	40	1
128	303	40	1
181	303	40	1
124	304	40	2
170	304	40	1
171	304	40	1
180	304	40	1
126	305	40	2
182	307	40	1
139	308	40	3
121	312	40	1
119	315	40	1
150	315	40	1
115	316	40	1
119	316	40	1
147	317	40	1
138	318	40	1
148	318	40	2
115	319	40	1
116	319	40	2
152	320	40	1
177	323	40	1
249	326	40	2
186	327	40	3
151	328	40	1
242	328	40	1
240	329	40	2
151	330	40	1
175	330	40	1
178	330	40	1
189	330	40	2
243	330	40	1
148	331	40	2
221	331	40	1
241	331	40	1
149	332	40	1
157	332	40	1
174	332	40	1
177	332	40	1
183	332	40	2
188	332	40	1
216	332	40	2
220	332	40	1
154	333	40	1
179	333	40	3
184	333	40	2
153	334	40	1
156	334	40	1
244	334	40	1
165	335	40	2
244	335	40	1
150	336	40	2
153	338	40	1
216	338	40	1
156	339	40	1
213	340	40	2
216	341	40	1
221	341	40	1
208	343	40	1
221	343	40	1
195	344	40	3
210	344	40	1
193	345	40	2
196	345	40	1
203	345	40	1
204	345	40	1
203	347	40	1
211	347	40	1
195	349	40	1
235	350	40	1
215	351	40	1
235	351	40	1
211	352	40	2
212	352	40	1
177	356	40	1
172	358	40	1
173	358	40	3
207	359	40	2
172	361	40	1
112	220	41	1
113	220	41	2
111	221	41	1
141	226	41	3
137	227	41	1
140	227	41	1
136	229	41	1
141	231	41	1
136	233	41	1
140	233	41	2
136	234	41	3
142	234	41	1
199	234	41	1
161	236	41	2
165	236	41	1
167	236	41	1
170	236	41	1
201	236	41	4
140	237	41	2
141	237	41	1
142	237	41	1
160	237	41	2
163	237	41	2
134	238	41	1
138	238	41	2
146	238	41	2
164	238	41	1
167	238	41	1
141	239	41	1
161	239	41	2
162	239	41	1
200	239	41	2
201	239	41	1
165	240	41	1
140	241	41	1
164	241	41	1
166	241	41	1
169	241	41	1
128	242	41	1
135	242	41	2
141	242	41	1
170	242	41	1
164	243	41	1
169	243	41	2
125	244	41	1
165	244	41	2
166	244	41	1
167	244	41	2
168	244	41	1
170	244	41	2
177	245	41	1
126	246	41	2
179	247	41	1
122	248	41	1
173	248	41	1
130	249	41	1
123	252	41	3
143	252	41	1
229	252	41	1
234	252	41	1
119	253	41	1
142	253	41	1
143	253	41	1
227	253	41	1
243	254	41	2
141	255	41	2
143	256	41	2
137	257	41	1
158	257	41	1
174	257	41	1
177	257	41	1
146	258	41	1
147	258	41	2
177	258	41	1
139	259	41	1
140	259	41	1
148	259	41	1
213	259	41	1
148	260	41	1
158	260	41	1
149	261	41	4
151	261	41	1
174	261	41	2
250	261	41	1
253	261	41	1
254	261	41	1
139	262	41	1
142	262	41	1
143	262	41	1
146	262	41	1
148	262	41	1
159	262	41	1
167	262	41	1
168	262	41	2
172	262	41	1
175	262	41	2
251	262	41	1
232	263	41	1
143	264	41	1
147	264	41	1
149	264	41	1
158	264	41	2
171	264	41	2
209	264	41	1
210	264	41	2
124	265	41	1
143	265	41	1
119	266	41	2
143	266	41	1
148	267	41	1
253	267	41	1
145	268	41	2
148	268	41	1
206	268	41	1
248	268	41	1
203	269	41	1
258	269	41	1
140	270	41	1
152	270	41	1
132	271	41	1
142	271	41	1
144	271	41	3
146	271	41	1
151	271	41	1
153	271	41	1
203	271	41	1
139	272	41	1
140	272	41	1
152	272	41	1
163	272	41	1
220	272	41	1
147	273	41	2
151	273	41	2
157	273	41	1
143	274	41	2
146	274	41	1
155	274	41	3
156	274	41	1
164	274	41	2
247	274	41	1
130	275	41	1
136	275	41	1
137	275	41	3
141	275	41	2
151	275	41	1
139	276	41	2
145	276	41	1
156	276	41	1
162	276	41	1
246	276	41	1
247	276	41	1
133	277	41	1
139	277	41	1
142	277	41	2
151	277	41	1
157	277	41	2
136	278	41	2
152	278	41	2
153	278	41	1
164	278	41	2
141	280	41	2
142	280	41	1
152	280	41	1
130	281	41	3
130	282	41	1
137	282	41	1
154	282	41	1
151	283	41	2
160	283	41	1
141	284	41	1
142	284	41	1
156	284	41	2
155	285	41	2
140	286	41	1
158	286	41	1
159	286	41	1
219	286	41	1
156	287	41	1
135	289	41	1
155	289	41	2
134	292	41	1
134	293	41	1
142	294	41	1
131	295	41	2
254	295	41	1
148	296	41	1
153	296	41	1
252	296	41	1
129	297	41	1
137	297	41	2
162	297	41	1
149	298	41	1
252	298	41	1
128	299	41	2
168	299	41	1
164	300	41	2
168	300	41	1
249	300	41	2
260	300	41	1
127	301	41	2
250	301	41	1
128	302	41	1
168	302	41	1
123	303	41	1
134	303	41	1
139	303	41	1
144	303	41	1
170	303	41	3
259	303	41	2
128	304	41	1
132	304	41	1
133	304	41	2
141	304	41	2
181	304	41	1
182	305	41	2
259	305	41	1
123	306	41	1
125	307	41	1
129	307	41	1
142	307	41	2
128	308	41	1
123	309	41	1
162	309	41	2
122	310	41	1
143	310	41	1
122	311	41	1
139	317	41	1
113	318	41	1
179	322	41	1
181	322	41	2
249	322	41	2
133	324	41	1
136	325	41	1
147	325	41	2
181	325	41	1
247	325	41	1
181	326	41	1
252	326	41	2
136	327	41	1
138	327	41	1
181	327	41	1
244	327	41	1
131	328	41	1
156	328	41	1
242	328	41	1
252	328	41	1
167	329	41	1
238	329	41	2
245	329	41	1
249	329	41	1
147	330	41	1
155	330	41	1
178	330	41	1
184	330	41	1
185	330	41	1
240	330	41	1
243	330	41	2
158	331	41	1
170	331	41	2
241	331	41	1
174	332	41	1
176	332	41	3
180	332	41	1
185	332	41	1
221	332	41	1
240	332	41	1
151	333	41	3
181	333	41	2
220	333	41	1
240	333	41	1
189	334	41	1
242	334	41	1
243	334	41	2
133	335	41	3
150	335	41	1
153	335	41	1
246	335	41	1
126	337	41	1
127	337	41	1
158	339	41	1
195	339	41	1
214	339	41	1
215	339	41	1
247	339	41	1
152	340	41	1
194	340	41	1
214	340	41	2
195	341	41	2
210	342	41	1
215	342	41	1
222	342	41	2
210	343	41	2
216	343	41	1
205	346	41	2
206	346	41	1
210	346	41	1
218	346	41	2
221	347	41	3
233	347	41	1
195	349	41	1
233	349	41	1
193	350	41	1
237	350	41	1
233	351	41	1
237	351	41	1
207	355	41	1
207	358	41	2
171	359	41	1
206	359	41	1
199	363	41	1
134	228	42	1
136	228	42	1
134	230	42	1
139	231	42	2
138	232	42	1
136	233	42	1
137	233	42	1
201	234	42	2
202	234	42	1
163	235	42	1
199	235	42	1
201	235	42	1
203	235	42	1
156	236	42	1
165	236	42	1
199	236	42	2
158	237	42	1
161	237	42	5
141	238	42	1
167	238	42	1
204	238	42	2
138	239	42	2
167	239	42	1
141	240	42	1
143	240	42	1
142	241	42	1
137	242	42	1
139	242	42	1
164	243	42	1
139	244	42	1
178	244	42	1
126	245	42	1
122	252	42	1
144	256	42	3
151	256	42	1
142	257	42	2
149	257	42	1
151	257	42	3
156	257	42	1
157	257	42	1
173	257	42	1
174	257	42	1
177	257	42	2
212	257	42	2
253	257	42	1
158	258	42	2
173	258	42	1
208	258	42	2
212	258	42	2
148	259	42	1
154	259	42	1
158	259	42	2
173	259	42	1
248	259	42	1
153	260	42	1
172	260	42	1
176	260	42	1
253	260	42	2
153	261	42	1
168	261	42	1
174	261	42	1
175	261	42	1
177	261	42	1
166	262	42	2
174	262	42	1
146	263	42	1
150	263	42	3
153	263	42	1
157	263	42	1
163	263	42	2
249	263	42	1
143	264	42	2
147	264	42	2
151	264	42	1
157	264	42	1
158	264	42	1
168	264	42	1
144	265	42	1
145	265	42	2
143	267	42	1
141	268	42	1
144	269	42	2
142	270	42	1
143	271	42	2
146	271	42	2
156	271	42	2
223	271	42	1
132	272	42	2
143	272	42	1
145	272	42	2
213	272	42	1
131	273	42	2
142	273	42	2
147	273	42	1
154	273	42	1
157	273	42	1
158	273	42	1
142	274	42	1
148	274	42	1
250	274	42	1
134	275	42	1
143	275	42	1
144	275	42	1
162	275	42	1
165	275	42	1
249	275	42	1
250	275	42	1
134	276	42	1
151	276	42	1
157	276	42	2
140	277	42	1
141	277	42	2
143	277	42	1
155	277	42	1
163	277	42	2
155	278	42	1
162	278	42	2
137	279	42	1
143	279	42	1
144	279	42	1
147	279	42	2
149	279	42	1
152	279	42	1
151	280	42	1
140	281	42	1
151	281	42	1
153	281	42	2
151	282	42	1
141	283	42	1
253	283	42	1
149	284	42	1
151	284	42	1
152	285	42	1
157	285	42	1
217	285	42	2
141	286	42	1
136	287	42	1
140	287	42	1
134	288	42	2
137	288	42	1
133	289	42	1
136	289	42	1
153	289	42	1
174	289	42	1
135	291	42	1
134	292	42	1
153	292	42	2
138	293	42	1
142	293	42	1
129	294	42	1
131	294	42	2
135	294	42	1
142	295	42	2
136	296	42	1
161	296	42	1
130	297	42	1
139	297	42	1
140	297	42	1
136	300	42	1
126	301	42	2
128	301	42	1
130	301	42	1
248	301	42	2
126	303	42	1
138	303	42	1
142	303	42	1
168	303	42	1
144	304	42	1
131	305	42	1
170	305	42	1
140	306	42	1
170	306	42	1
170	307	42	1
130	308	42	1
125	309	42	1
140	309	42	1
143	310	42	3
141	311	42	2
137	315	42	1
140	319	42	2
139	320	42	1
138	321	42	1
150	321	42	1
179	323	42	1
183	323	42	1
253	323	42	1
137	324	42	1
132	325	42	1
134	325	42	1
137	325	42	1
183	325	42	1
133	326	42	1
134	326	42	1
135	326	42	1
249	326	42	1
251	326	42	1
176	327	42	1
252	327	42	2
130	328	42	1
154	328	42	2
186	328	42	1
149	329	42	2
188	330	42	1
132	331	42	1
154	331	42	1
187	331	42	3
127	332	42	2
166	332	42	2
176	332	42	1
180	332	42	1
187	332	42	1
189	332	42	1
217	332	42	1
242	332	42	1
126	333	42	1
131	333	42	1
177	333	42	1
181	333	42	1
183	333	42	1
133	334	42	1
158	334	42	1
188	334	42	2
189	334	42	1
218	334	42	1
219	334	42	3
222	334	42	1
245	334	42	1
134	335	42	1
151	335	42	1
218	335	42	1
220	336	42	3
248	336	42	1
126	337	42	1
156	337	42	1
154	339	42	1
193	340	42	2
195	340	42	1
221	340	42	2
215	341	42	1
207	344	42	1
211	344	42	1
230	346	42	1
234	350	42	1
235	353	42	1
205	355	42	1
206	356	42	1
208	356	42	1
208	357	42	1
204	360	42	1
200	364	42	3
206	364	42	1
139	228	43	1
138	230	43	1
136	231	43	1
137	232	43	1
137	233	43	1
163	235	43	1
136	236	43	1
164	236	43	1
138	237	43	1
143	237	43	1
140	238	43	1
166	238	43	3
140	242	43	1
179	246	43	3
179	254	43	1
210	256	43	1
155	257	43	1
175	257	43	1
146	258	43	1
179	259	43	1
149	260	43	1
151	260	43	1
154	260	43	1
161	260	43	1
172	260	43	1
175	260	43	2
145	261	43	2
146	261	43	1
178	261	43	1
158	262	43	1
163	262	43	2
167	262	43	1
177	262	43	2
206	262	43	1
208	262	43	2
147	263	43	1
148	263	43	1
149	264	43	1
257	264	43	1
124	265	43	1
145	265	43	1
147	265	43	1
151	266	43	2
158	266	43	1
143	267	43	2
148	267	43	1
149	268	43	1
164	268	43	1
146	271	43	1
143	272	43	1
148	272	43	1
149	272	43	1
143	273	43	1
146	273	43	1
148	273	43	3
156	274	43	2
214	274	43	2
131	275	43	2
132	275	43	1
160	275	43	1
145	277	43	1
148	277	43	1
156	277	43	1
164	277	43	1
131	278	43	1
147	278	43	1
149	278	43	1
155	278	43	2
148	279	43	1
152	279	43	1
147	280	43	1
152	280	43	1
155	280	43	1
210	280	43	1
142	281	43	2
161	281	43	1
143	282	43	1
144	282	43	1
143	283	43	2
150	283	43	1
152	283	43	1
250	283	43	1
141	285	43	1
151	285	43	1
139	286	43	1
154	286	43	1
137	288	43	1
138	288	43	1
140	288	43	1
173	288	43	3
133	289	43	1
256	289	43	1
134	291	43	1
143	292	43	1
143	293	43	1
141	294	43	1
134	295	43	2
151	295	43	1
131	296	43	1
136	296	43	1
149	297	43	2
140	298	43	2
209	298	43	1
141	299	43	1
143	299	43	1
165	299	43	1
138	300	43	2
152	300	43	3
129	301	43	1
140	301	43	1
129	302	43	2
143	302	43	2
170	302	43	1
130	303	43	1
136	303	43	2
138	303	43	1
167	303	43	1
140	304	43	1
134	305	43	2
141	305	43	2
143	305	43	2
132	306	43	1
146	306	43	1
148	306	43	1
126	307	43	1
143	308	43	2
141	309	43	1
167	309	43	1
144	312	43	1
140	313	43	1
140	314	43	3
143	314	43	1
140	317	43	2
140	318	43	1
137	319	43	1
142	319	43	1
138	321	43	1
174	325	43	1
177	326	43	1
176	327	43	2
251	328	43	1
133	329	43	1
179	329	43	1
189	331	43	2
240	332	43	1
133	333	43	1
187	333	43	1
217	333	43	3
151	334	43	2
128	335	43	5
156	335	43	2
222	335	43	1
153	336	43	1
156	336	43	1
218	336	43	1
245	336	43	1
155	338	43	2
209	342	43	3
211	343	43	1
232	345	43	2
211	346	43	1
212	346	43	1
208	347	43	1
209	349	43	1
232	349	43	2
236	349	43	1
200	350	43	2
206	353	43	1
207	353	43	1
204	354	43	3
206	354	43	1
206	358	43	1
207	358	43	1
188	360	43	1
209	361	43	1
206	363	43	1
141	229	44	2
135	230	44	1
137	231	44	4
137	233	44	1
159	236	44	1
141	239	44	1
178	245	44	1
180	245	44	1
181	245	44	1
179	249	44	1
177	258	44	1
158	259	44	1
178	259	44	1
155	261	44	1
174	261	44	1
175	261	44	2
211	261	44	1
160	262	44	1
156	263	44	1
158	263	44	1
159	263	44	2
146	264	44	1
149	265	44	2
149	266	44	1
150	266	44	1
146	267	44	1
145	270	44	2
146	270	44	2
147	271	44	1
181	272	44	1
148	273	44	1
145	274	44	1
146	274	44	1
181	274	44	1
211	274	44	1
143	275	44	2
144	275	44	1
166	275	44	1
153	276	44	1
154	276	44	1
156	276	44	1
252	276	44	1
145	277	44	1
156	277	44	1
149	278	44	1
151	278	44	1
152	278	44	2
154	279	44	1
155	279	44	1
161	279	44	1
164	279	44	1
140	281	44	1
146	281	44	1
150	281	44	1
154	281	44	1
204	281	44	1
143	282	44	1
150	282	44	1
154	282	44	1
158	282	44	1
148	283	44	1
217	283	44	1
145	284	44	1
155	284	44	3
218	286	44	2
137	287	44	1
217	289	44	2
144	291	44	1
144	292	44	1
252	292	44	1
139	293	44	1
141	297	44	1
135	299	44	1
137	299	44	1
140	300	44	2
136	301	44	1
145	301	44	1
133	302	44	2
165	302	44	1
140	303	44	1
126	304	44	1
130	304	44	2
139	304	44	1
130	306	44	1
173	306	44	1
174	309	44	1
143	310	44	2
141	317	44	1
140	318	44	1
141	318	44	1
183	323	44	1
136	326	44	1
131	328	44	1
133	328	44	1
185	330	44	1
182	332	44	1
189	334	44	1
213	336	44	1
220	336	44	2
215	337	44	1
216	337	44	1
215	338	44	1
247	339	44	3
231	346	44	1
211	347	44	1
228	347	44	2
175	257	45	1
174	259	45	1
158	262	45	1
159	263	45	3
153	265	45	1
155	267	45	1
148	269	45	2
143	270	45	1
158	272	45	1
149	279	45	2
150	280	45	1
152	282	45	1
142	283	45	1
140	285	45	1
141	286	45	1
206	286	45	2
218	286	45	1
145	292	45	2
143	293	45	1
140	294	45	1
144	294	45	1
145	294	45	2
143	295	45	1
140	296	45	2
142	297	45	1
135	299	45	1
140	299	45	3
134	301	45	2
138	301	45	1
142	301	45	1
127	302	45	1
133	302	45	2
137	302	45	1
131	303	45	2
130	304	45	1
143	308	45	2
182	321	45	1
252	324	45	1
193	333	45	2
214	339	45	2
215	343	45	1
217	344	45	1
229	346	45	1
210	347	45	1
227	349	45	2
233	349	45	1
230	354	45	1
155	233	46	1
132	236	46	1
173	255	46	2
176	258	46	1
158	260	46	1
147	266	46	1
154	270	46	1
146	275	46	1
163	275	46	2
153	277	46	3
161	277	46	4
148	278	46	4
150	279	46	1
155	279	46	1
149	280	46	1
144	281	46	1
150	281	46	2
144	282	46	2
146	282	46	1
154	282	46	1
159	282	46	1
154	283	46	1
250	283	46	1
149	284	46	1
143	290	46	1
145	291	46	1
140	292	46	1
144	292	46	1
144	293	46	1
140	296	46	2
207	296	46	1
136	298	46	2
144	299	46	1
132	300	46	2
228	300	46	1
137	301	46	1
131	302	46	1
244	302	46	1
129	303	46	1
143	303	46	1
137	304	46	1
139	305	46	2
194	315	46	1
184	320	46	1
188	320	46	1
179	322	46	1
191	322	46	1
176	323	46	1
179	323	46	1
183	323	46	1
180	324	46	1
174	325	46	1
183	326	46	1
174	327	46	1
238	331	46	1
217	341	46	2
222	343	46	1
230	356	46	1
149	265	47	1
151	269	47	1
146	270	47	1
146	277	47	2
120	283	47	1
147	285	47	1
146	289	47	1
146	293	47	1
202	295	47	2
139	298	47	1
136	299	47	1
138	300	47	1
194	321	47	1
179	322	47	1
212	344	47	1
206	348	47	1
207	351	47	1
207	355	47	1
144	225	48	1
146	275	48	1
154	276	48	1
140	278	48	1
143	279	48	1
159	279	48	3
140	285	48	1
142	300	48	1
124	319	48	1
169	324	48	2
216	342	48	1
217	344	48	1
207	351	48	1
140	224	49	1
116	230	49	1
127	235	49	1
126	245	49	1
147	245	49	2
154	248	49	2
151	252	49	1
144	271	49	1
154	274	49	1
156	274	49	1
146	276	49	2
150	278	49	1
145	280	49	1
214	282	49	1
144	284	49	1
142	291	49	1
140	293	49	1
133	295	49	2
200	296	49	2
133	299	49	1
139	299	49	1
144	299	49	1
202	299	49	1
225	300	49	1
133	303	49	1
152	304	49	2
128	307	49	1
170	312	49	1
149	313	49	1
145	316	49	1
268	317	49	1
183	319	49	1
138	333	49	1
211	346	49	1
197	348	49	1
204	348	49	1
179	349	49	1
206	353	49	1
183	230	50	1
162	253	50	1
149	263	50	1
154	270	50	2
155	273	50	1
134	275	50	1
220	277	50	1
146	289	50	1
148	296	50	1
140	302	50	2
132	304	50	3
193	307	50	1
157	313	50	1
195	325	50	2
179	329	50	1
198	337	50	2
