x	y	z	Vitamin B5 (pantothenate) metabolism
142	221	20	1
123	222	20	1
132	222	20	1
134	222	20	1
115	224	20	2
134	224	20	1
144	224	20	1
167	224	20	1
135	225	20	1
141	225	20	1
153	225	20	1
157	225	20	1
159	225	20	1
176	225	20	1
126	226	20	1
155	227	20	1
160	227	20	1
128	228	20	1
151	228	20	2
157	228	20	2
158	228	20	1
196	228	20	1
197	228	20	1
157	230	20	1
186	230	20	1
190	230	20	1
113	231	20	1
121	231	20	1
160	231	20	3
199	231	20	1
144	233	20	1
165	233	20	1
169	233	20	2
170	233	20	1
206	233	20	2
215	233	20	2
114	234	20	1
130	234	20	2
215	234	20	1
126	235	20	1
136	235	20	2
158	235	20	1
216	235	20	1
222	235	20	1
154	236	20	2
159	236	20	1
133	237	20	1
140	237	20	1
145	237	20	1
154	237	20	1
169	237	20	1
232	237	20	1
139	238	20	2
141	238	20	1
145	238	20	1
152	238	20	2
158	238	20	2
168	238	20	2
128	239	20	1
144	239	20	1
183	239	20	1
230	239	20	1
102	240	20	2
118	240	20	1
149	240	20	1
214	240	20	1
139	241	20	1
145	241	20	2
146	241	20	2
237	241	20	1
132	242	20	1
136	242	20	1
137	242	20	1
148	242	20	1
237	242	20	2
125	243	20	1
181	243	20	2
213	243	20	1
247	243	20	1
123	244	20	1
134	244	20	1
154	244	20	3
155	244	20	1
183	244	20	1
188	244	20	1
214	244	20	2
220	244	20	1
242	244	20	2
169	245	20	1
122	246	20	1
126	246	20	1
130	246	20	2
159	246	20	1
177	246	20	2
246	246	20	1
252	246	20	1
122	247	20	1
139	247	20	1
140	247	20	2
163	247	20	2
218	247	20	1
235	247	20	2
109	248	20	1
175	248	20	1
190	248	20	2
210	248	20	1
215	248	20	2
102	249	20	1
143	249	20	1
191	249	20	1
194	249	20	1
215	249	20	1
101	250	20	2
113	250	20	1
119	250	20	2
175	250	20	1
225	250	20	1
227	250	20	1
133	251	20	1
216	251	20	1
220	251	20	2
173	252	20	1
175	252	20	1
212	252	20	1
226	252	20	1
120	253	20	2
154	253	20	2
231	253	20	1
111	254	20	2
154	254	20	1
197	254	20	2
217	254	20	1
226	254	20	1
243	254	20	1
248	254	20	1
255	254	20	1
207	255	20	1
246	255	20	1
110	256	20	1
113	256	20	1
158	256	20	1
196	256	20	1
204	256	20	3
227	256	20	1
241	256	20	1
143	257	20	2
159	257	20	1
171	257	20	2
228	257	20	1
230	257	20	2
234	257	20	1
251	257	20	1
258	257	20	1
132	258	20	1
163	258	20	1
175	258	20	1
176	258	20	2
198	258	20	1
233	258	20	1
107	259	20	1
136	259	20	1
144	259	20	2
167	259	20	2
229	259	20	1
250	259	20	3
108	260	20	1
158	260	20	1
184	260	20	3
200	260	20	1
224	260	20	3
245	260	20	1
102	261	20	3
112	261	20	1
156	261	20	1
191	261	20	3
199	261	20	2
152	262	20	1
223	262	20	2
166	263	20	1
246	263	20	1
259	263	20	1
265	263	20	1
126	264	20	1
136	264	20	1
146	264	20	1
160	264	20	1
168	264	20	1
220	264	20	1
221	264	20	1
254	264	20	1
134	265	20	1
147	265	20	2
162	265	20	1
166	265	20	1
179	265	20	3
190	265	20	2
218	265	20	1
236	265	20	1
113	266	20	1
120	266	20	1
129	266	20	1
132	266	20	2
155	266	20	1
170	266	20	1
172	266	20	1
179	266	20	1
197	266	20	2
211	266	20	3
231	266	20	1
117	267	20	1
160	267	20	2
113	268	20	2
141	268	20	1
146	268	20	1
213	268	20	1
216	268	20	1
255	268	20	1
119	269	20	1
132	269	20	1
147	269	20	1
155	269	20	1
159	269	20	1
173	269	20	1
214	269	20	2
246	269	20	1
257	269	20	1
100	270	20	1
114	270	20	1
118	270	20	2
125	270	20	1
155	270	20	1
162	270	20	1
165	270	20	2
166	270	20	1
210	270	20	1
217	270	20	1
224	270	20	1
118	271	20	1
119	271	20	1
152	271	20	1
159	271	20	1
162	271	20	1
163	271	20	1
164	271	20	1
167	271	20	1
171	271	20	1
173	271	20	1
201	271	20	2
222	271	20	2
225	271	20	1
115	272	20	1
119	272	20	1
120	272	20	1
135	272	20	1
154	272	20	1
156	272	20	1
158	272	20	1
162	272	20	1
168	272	20	2
169	272	20	1
175	272	20	1
181	272	20	1
226	272	20	1
264	272	20	2
123	273	20	1
152	273	20	2
165	273	20	1
176	273	20	1
206	273	20	1
170	274	20	1
197	274	20	2
227	274	20	2
229	274	20	1
230	274	20	1
148	275	20	1
174	275	20	1
176	275	20	2
177	275	20	1
200	275	20	1
208	275	20	1
221	275	20	1
235	275	20	1
126	276	20	3
130	276	20	1
136	276	20	1
142	276	20	2
155	276	20	1
157	276	20	1
163	276	20	1
174	276	20	1
221	276	20	2
246	276	20	2
258	276	20	1
266	276	20	1
111	277	20	1
140	277	20	1
154	277	20	1
177	277	20	3
189	277	20	2
217	277	20	1
220	277	20	2
226	277	20	2
227	277	20	1
260	277	20	2
262	277	20	1
129	278	20	1
137	278	20	2
160	278	20	2
183	278	20	2
208	278	20	1
150	279	20	1
186	279	20	1
200	279	20	1
217	279	20	2
222	279	20	1
224	279	20	1
234	279	20	1
269	279	20	1
108	280	20	1
109	280	20	1
162	280	20	2
174	280	20	3
175	280	20	1
217	280	20	2
269	280	20	2
131	281	20	1
169	281	20	1
214	281	20	1
218	281	20	3
222	281	20	1
226	281	20	1
227	281	20	1
261	281	20	2
106	282	20	1
149	282	20	2
158	282	20	1
172	282	20	1
269	282	20	3
165	283	20	2
170	283	20	1
179	283	20	1
217	283	20	1
232	283	20	2
266	283	20	1
271	283	20	1
272	283	20	1
153	284	20	1
163	284	20	2
214	284	20	2
223	284	20	1
224	284	20	2
228	284	20	3
109	285	20	3
119	285	20	1
208	285	20	1
218	285	20	1
223	285	20	1
230	285	20	1
268	285	20	1
129	286	20	1
133	286	20	1
164	286	20	1
218	286	20	1
225	286	20	1
271	286	20	1
146	287	20	2
155	287	20	2
198	287	20	1
199	287	20	2
205	287	20	1
220	287	20	1
226	287	20	1
268	287	20	1
126	288	20	1
136	288	20	1
196	288	20	1
225	288	20	2
125	289	20	1
152	289	20	2
201	289	20	1
217	289	20	1
222	289	20	1
271	289	20	2
195	290	20	1
224	290	20	1
259	290	20	1
271	290	20	2
106	291	20	1
192	291	20	1
227	291	20	1
262	291	20	2
112	292	20	1
131	292	20	1
140	292	20	2
189	292	20	1
195	292	20	3
199	292	20	2
213	292	20	2
217	292	20	1
219	292	20	1
236	292	20	1
237	292	20	1
249	292	20	1
268	292	20	2
106	293	20	1
134	293	20	1
142	293	20	1
148	293	20	1
161	293	20	1
261	293	20	1
118	294	20	1
199	294	20	1
216	294	20	1
222	294	20	2
269	294	20	1
116	295	20	2
173	295	20	1
189	295	20	1
196	295	20	1
218	295	20	1
120	296	20	1
145	296	20	1
178	296	20	1
193	296	20	1
202	296	20	1
212	296	20	1
217	296	20	1
228	296	20	1
270	296	20	1
133	297	20	1
151	297	20	1
249	297	20	2
256	297	20	1
268	297	20	2
159	298	20	1
265	298	20	3
134	299	20	1
156	299	20	4
194	299	20	1
219	299	20	1
235	299	20	1
243	299	20	1
257	299	20	1
174	300	20	1
191	300	20	1
266	300	20	1
133	301	20	1
149	301	20	2
166	301	20	1
233	301	20	1
116	302	20	1
126	302	20	1
134	302	20	1
167	302	20	1
204	302	20	2
223	302	20	1
257	302	20	2
156	303	20	2
266	303	20	1
158	304	20	2
166	304	20	2
174	304	20	1
193	304	20	3
209	304	20	3
238	304	20	1
243	304	20	1
262	304	20	1
130	305	20	1
208	305	20	1
234	305	20	1
237	305	20	1
177	306	20	1
182	306	20	2
200	306	20	1
246	306	20	1
258	306	20	1
261	306	20	1
100	307	20	1
128	307	20	2
158	307	20	1
213	307	20	1
238	307	20	1
241	307	20	1
186	308	20	2
200	308	20	1
219	308	20	1
220	308	20	1
229	308	20	1
233	308	20	1
235	308	20	1
249	308	20	1
175	309	20	1
203	309	20	2
246	309	20	1
262	309	20	1
178	310	20	1
198	310	20	1
241	310	20	2
263	310	20	2
107	311	20	1
143	311	20	1
230	311	20	1
264	311	20	1
266	311	20	1
93	312	20	1
100	312	20	1
115	312	20	1
173	312	20	1
209	312	20	1
211	312	20	1
233	312	20	2
258	312	20	2
107	313	20	1
139	313	20	1
197	313	20	1
217	313	20	2
241	313	20	1
152	314	20	2
210	314	20	1
237	314	20	2
266	314	20	1
110	315	20	1
133	315	20	1
159	315	20	1
175	315	20	1
215	315	20	1
250	315	20	2
259	315	20	2
260	315	20	1
263	315	20	1
146	316	20	1
232	316	20	1
234	316	20	1
95	317	20	1
113	317	20	1
115	317	20	1
152	317	20	2
163	317	20	1
202	317	20	1
242	317	20	1
251	317	20	1
267	317	20	1
117	318	20	2
121	318	20	2
129	318	20	2
133	318	20	1
185	318	20	1
198	318	20	1
247	318	20	1
256	318	20	1
258	318	20	1
260	318	20	3
263	318	20	1
100	319	20	1
140	319	20	1
190	319	20	1
233	319	20	1
258	319	20	1
120	320	20	1
168	320	20	1
179	320	20	1
182	320	20	1
195	320	20	3
200	320	20	2
201	320	20	4
243	320	20	1
140	321	20	2
210	321	20	1
237	321	20	1
257	321	20	1
92	322	20	1
97	322	20	1
127	322	20	1
183	322	20	1
185	322	20	1
198	322	20	1
200	322	20	1
258	322	20	1
111	323	20	1
118	323	20	1
153	323	20	2
164	323	20	2
177	323	20	1
178	323	20	1
194	323	20	1
198	323	20	1
149	324	20	1
165	324	20	1
173	324	20	1
177	324	20	1
185	324	20	1
193	324	20	2
196	324	20	1
198	324	20	1
200	324	20	1
203	324	20	1
101	325	20	2
126	325	20	1
139	325	20	1
179	325	20	1
180	325	20	1
185	325	20	1
189	325	20	1
216	325	20	1
258	325	20	1
122	326	20	1
177	326	20	1
191	326	20	1
199	326	20	1
201	326	20	1
203	326	20	2
211	326	20	1
212	326	20	2
240	326	20	1
261	326	20	1
106	327	20	1
139	327	20	1
188	327	20	2
189	327	20	1
228	327	20	1
233	327	20	1
156	328	20	2
173	328	20	1
200	328	20	1
257	328	20	1
261	328	20	1
98	329	20	1
106	329	20	1
147	329	20	1
165	329	20	1
199	329	20	1
221	329	20	1
253	329	20	2
131	330	20	2
181	330	20	1
213	330	20	1
258	330	20	2
260	330	20	1
100	331	20	2
118	331	20	2
136	331	20	2
177	331	20	3
186	331	20	1
249	331	20	1
104	332	20	1
106	332	20	1
180	332	20	1
191	332	20	1
218	332	20	1
226	332	20	1
260	332	20	2
96	333	20	1
132	333	20	1
227	333	20	1
250	333	20	1
261	333	20	2
131	334	20	1
153	334	20	1
160	334	20	1
186	334	20	1
205	334	20	1
210	334	20	1
253	334	20	2
258	334	20	2
210	335	20	1
239	335	20	1
144	336	20	1
169	336	20	1
199	336	20	1
200	336	20	1
207	336	20	1
224	336	20	2
230	336	20	2
260	336	20	1
144	337	20	1
173	337	20	1
236	337	20	1
246	337	20	1
169	338	20	1
198	338	20	1
226	338	20	1
173	339	20	1
242	339	20	1
246	339	20	1
249	339	20	1
167	341	20	2
173	341	20	2
213	341	20	1
230	341	20	1
234	341	20	1
227	342	20	2
194	343	20	1
245	343	20	1
161	344	20	1
216	344	20	2
242	344	20	1
244	344	20	1
243	345	20	1
162	346	20	2
187	346	20	1
217	346	20	1
198	347	20	1
201	347	20	1
161	348	20	1
232	348	20	1
229	349	20	1
235	349	20	1
169	350	20	2
231	350	20	1
186	352	20	1
197	352	20	3
165	353	20	1
178	353	20	1
231	353	20	3
210	354	20	2
230	354	20	1
210	355	20	1
218	355	20	1
182	357	20	1
198	357	20	1
199	357	20	1
207	357	20	2
220	358	20	1
171	359	20	1
218	359	20	1
180	360	20	2
206	360	20	2
219	360	20	3
176	361	20	1
182	362	20	2
204	363	20	1
193	364	20	2
197	365	20	1
142	224	21	1
172	224	21	1
159	225	21	1
177	225	21	2
180	225	21	1
155	226	21	1
183	226	21	1
146	228	21	1
147	228	21	1
161	228	21	1
137	231	21	1
162	232	21	1
129	234	21	1
140	235	21	1
217	235	21	2
133	236	21	1
146	236	21	1
147	236	21	1
136	237	21	2
137	237	21	3
144	237	21	1
146	237	21	2
172	237	21	1
178	237	21	1
191	237	21	1
132	238	21	1
137	238	21	1
129	239	21	1
131	239	21	1
135	239	21	1
147	239	21	1
178	239	21	1
127	240	21	1
138	240	21	1
171	240	21	1
130	241	21	1
132	241	21	1
133	241	21	1
147	241	21	1
128	242	21	1
136	242	21	1
140	242	21	1
144	242	21	1
215	242	21	2
109	243	21	1
116	243	21	1
128	243	21	2
129	243	21	2
138	243	21	1
146	243	21	1
152	243	21	1
132	244	21	1
141	244	21	1
102	245	21	1
139	245	21	1
149	245	21	1
215	245	21	1
137	246	21	2
197	247	21	1
173	248	21	1
212	248	21	1
216	249	21	1
232	251	21	1
158	252	21	1
201	252	21	1
154	253	21	1
225	253	21	1
228	253	21	1
199	254	21	1
228	254	21	1
169	255	21	1
223	255	21	1
231	255	21	1
122	256	21	1
227	256	21	1
231	256	21	1
107	257	21	1
161	257	21	2
232	257	21	2
160	259	21	1
160	260	21	1
196	260	21	1
137	262	21	1
161	264	21	1
163	264	21	2
175	264	21	1
135	265	21	2
162	265	21	2
215	265	21	1
222	265	21	1
161	266	21	1
164	267	21	2
155	268	21	1
183	268	21	1
117	269	21	1
160	269	21	3
178	269	21	1
208	269	21	1
117	270	21	1
126	270	21	1
115	271	21	2
159	271	21	1
174	271	21	2
176	271	21	1
117	272	21	1
125	272	21	2
164	272	21	1
165	272	21	2
166	272	21	1
167	272	21	1
182	272	21	1
151	273	21	1
157	273	21	1
164	273	21	1
177	273	21	2
224	273	21	1
113	274	21	1
134	274	21	2
236	274	21	1
165	275	21	1
116	276	21	1
136	276	21	1
165	276	21	1
173	276	21	1
223	276	21	1
267	276	21	1
172	277	21	1
174	277	21	1
219	277	21	1
157	278	21	1
221	278	21	1
169	279	21	1
176	279	21	1
177	279	21	1
216	279	21	2
218	279	21	2
125	280	21	1
167	280	21	1
204	280	21	1
227	280	21	3
175	281	21	1
219	281	21	1
225	281	21	1
226	281	21	1
220	282	21	2
270	282	21	1
271	282	21	1
150	283	21	1
173	283	21	1
222	284	21	2
230	284	21	1
125	285	21	1
237	285	21	1
217	286	21	1
220	286	21	1
223	286	21	1
220	288	21	1
217	289	21	2
223	289	21	1
225	289	21	3
219	290	21	1
221	290	21	1
106	291	21	1
178	291	21	1
216	293	21	1
217	293	21	2
187	294	21	2
193	294	21	2
218	294	21	1
218	295	21	2
245	295	21	1
218	296	21	1
154	297	21	1
214	297	21	5
217	297	21	1
250	297	21	1
262	297	21	1
192	299	21	1
153	300	21	1
211	300	21	1
210	301	21	1
252	301	21	1
270	301	21	1
189	302	21	1
186	303	21	1
207	303	21	1
239	303	21	1
190	304	21	1
208	304	21	1
204	305	21	2
209	305	21	1
241	305	21	2
203	306	21	1
258	306	21	1
204	307	21	1
207	307	21	1
210	307	21	2
236	307	21	1
180	308	21	2
231	308	21	1
260	308	21	1
100	309	21	2
170	309	21	1
200	309	21	1
209	309	21	1
239	309	21	2
242	309	21	2
264	309	21	1
112	310	21	3
166	310	21	1
180	310	21	1
199	311	21	1
212	311	21	1
201	312	21	1
203	312	21	1
227	312	21	1
230	312	21	1
200	313	21	1
238	313	21	2
241	313	21	1
260	313	21	1
175	314	21	1
182	314	21	1
203	314	21	1
230	314	21	1
237	314	21	2
179	315	21	2
265	315	21	1
208	316	21	1
260	316	21	1
170	318	21	1
240	318	21	1
166	319	21	1
184	319	21	1
258	319	21	2
261	319	21	1
257	320	21	3
258	320	21	1
262	320	21	1
187	321	21	1
249	321	21	4
256	321	21	1
264	321	21	1
178	322	21	1
187	322	21	1
258	322	21	1
126	323	21	2
185	323	21	1
200	323	21	1
227	323	21	1
261	323	21	1
178	324	21	2
180	324	21	2
186	324	21	1
187	324	21	2
188	324	21	1
177	325	21	1
195	325	21	2
202	325	21	3
156	327	21	1
180	327	21	1
188	327	21	1
99	329	21	1
100	329	21	1
98	330	21	2
131	330	21	2
141	331	21	1
153	331	21	1
230	331	21	1
260	332	21	2
261	332	21	1
181	333	21	1
210	333	21	2
220	333	21	1
121	334	21	3
170	335	21	1
181	335	21	2
173	336	21	2
177	336	21	1
178	336	21	1
183	336	21	2
211	336	21	1
175	337	21	1
177	337	21	1
145	338	21	1
180	338	21	2
148	339	21	1
173	339	21	1
189	339	21	1
160	340	21	1
163	340	21	1
231	340	21	1
237	340	21	1
244	341	21	1
169	342	21	1
244	344	21	1
241	345	21	1
236	348	21	1
173	349	21	1
212	349	21	1
190	351	21	2
221	354	21	1
179	355	21	1
175	356	21	1
168	359	21	1
191	364	21	2
126	226	22	1
154	229	22	2
154	230	22	2
139	234	22	1
147	234	22	1
136	235	22	1
145	235	22	1
148	235	22	1
139	236	22	1
135	237	22	3
129	238	22	2
139	238	22	2
141	238	22	1
146	238	22	2
132	239	22	3
141	239	22	1
144	239	22	2
129	240	22	1
146	240	22	2
216	240	22	2
133	241	22	1
137	241	22	1
139	241	22	1
153	241	22	1
215	241	22	1
134	242	22	2
139	243	22	1
152	243	22	1
145	244	22	1
133	245	22	2
135	247	22	1
216	249	22	2
216	251	22	1
218	252	22	1
223	252	22	1
226	254	22	1
227	254	22	1
229	255	22	1
150	256	22	1
196	256	22	1
163	257	22	1
199	257	22	2
160	258	22	4
197	258	22	1
161	260	22	1
162	260	22	1
160	264	22	1
163	264	22	3
120	267	22	2
132	267	22	1
122	268	22	1
162	268	22	2
165	268	22	1
122	270	22	3
155	270	22	1
158	270	22	1
179	270	22	2
119	271	22	2
164	271	22	1
181	271	22	1
155	272	22	1
168	272	22	2
177	272	22	1
118	273	22	1
174	273	22	1
177	273	22	3
156	274	22	2
165	274	22	2
168	274	22	1
174	274	22	2
164	275	22	3
176	276	22	1
177	276	22	1
178	279	22	2
230	279	22	2
174	280	22	2
178	280	22	2
170	282	22	1
172	282	22	2
226	282	22	1
202	284	22	1
271	287	22	1
224	288	22	1
271	289	22	1
198	290	22	1
266	294	22	1
269	294	22	1
217	295	22	1
217	297	22	1
219	297	22	2
220	297	22	1
214	300	22	1
210	301	22	1
264	302	22	1
212	303	22	1
236	304	22	1
185	305	22	1
264	306	22	2
205	307	22	1
262	307	22	1
206	309	22	2
204	310	22	1
209	310	22	1
259	310	22	1
231	311	22	1
264	311	22	1
260	312	22	1
233	313	22	1
200	314	22	1
236	314	22	1
257	314	22	2
261	314	22	1
179	315	22	2
226	315	22	1
261	315	22	1
262	316	22	1
256	317	22	1
258	317	22	2
176	318	22	1
260	318	22	2
184	320	22	1
182	321	22	1
191	321	22	1
256	321	22	1
181	322	22	1
185	322	22	1
258	322	22	2
259	322	22	1
191	323	22	1
197	323	22	3
258	323	22	1
261	323	22	1
180	324	22	2
183	324	22	1
194	324	22	1
196	324	22	2
181	325	22	1
199	325	22	3
215	325	22	1
202	327	22	2
98	328	22	1
200	328	22	1
99	329	22	1
184	330	22	2
94	331	22	1
181	331	22	2
259	331	22	1
260	331	22	1
100	332	22	1
180	334	22	2
259	334	22	1
179	337	22	2
179	339	22	1
240	343	22	2
243	343	22	1
242	344	22	1
156	225	23	2
157	225	23	1
158	226	23	2
155	228	23	2
157	229	23	1
157	230	23	1
134	234	23	1
138	234	23	1
143	234	23	1
146	234	23	2
141	235	23	4
145	235	23	1
133	236	23	2
144	236	23	1
150	236	23	1
133	237	23	1
138	238	23	1
140	238	23	2
145	238	23	1
217	238	23	2
131	239	23	1
138	239	23	1
148	239	23	1
130	241	23	1
132	241	23	2
135	241	23	1
136	241	23	1
138	241	23	1
141	241	23	1
143	241	23	1
146	242	23	1
130	243	23	3
134	243	23	1
140	243	23	1
214	243	23	1
227	243	23	1
139	244	23	1
145	244	23	1
134	246	23	2
215	246	23	1
227	249	23	1
218	250	23	1
192	253	23	2
196	254	23	1
226	255	23	1
193	257	23	1
119	263	23	1
218	263	23	1
119	264	23	1
117	269	23	2
122	269	23	1
240	269	23	2
183	270	23	2
166	271	23	1
168	271	23	1
167	272	23	1
158	273	23	1
164	273	23	1
165	273	23	1
168	273	23	1
178	274	23	1
179	274	23	2
226	274	23	1
167	275	23	1
173	275	23	2
174	277	23	1
169	278	23	1
179	279	23	1
169	281	23	1
170	281	23	2
177	281	23	1
173	282	23	1
174	282	23	1
176	282	23	1
206	282	23	1
174	283	23	1
172	284	23	1
173	284	23	2
226	284	23	1
202	285	23	1
220	291	23	2
268	292	23	1
266	293	23	1
267	293	23	1
271	293	23	1
219	294	23	1
215	296	23	1
269	297	23	1
269	298	23	2
267	299	23	1
235	301	23	2
236	301	23	1
264	301	23	1
266	302	23	3
212	304	23	1
208	305	23	1
234	305	23	1
264	305	23	1
241	306	23	1
206	307	23	1
240	307	23	1
241	307	23	1
259	307	23	1
262	308	23	1
266	308	23	1
261	309	23	1
234	311	23	1
257	311	23	1
173	312	23	2
175	312	23	1
203	312	23	1
237	312	23	2
176	313	23	2
258	313	23	1
262	313	23	1
176	314	23	3
257	314	23	2
179	315	23	1
238	315	23	1
245	315	23	1
258	315	23	1
258	316	23	1
264	316	23	1
181	317	23	1
256	317	23	1
182	318	23	1
257	318	23	2
261	318	23	1
166	319	23	1
256	319	23	1
261	319	23	1
187	321	23	2
260	321	23	3
187	322	23	1
162	324	23	1
192	326	23	1
194	326	23	2
99	327	23	1
259	327	23	1
94	328	23	1
199	328	23	1
96	329	23	1
186	329	23	1
259	329	23	1
257	330	23	1
259	330	23	3
182	333	23	1
146	335	23	2
240	345	23	1
178	224	24	1
176	225	24	1
156	226	24	1
178	226	24	1
160	227	24	2
157	228	24	1
157	233	24	1
143	234	24	2
151	234	24	1
136	235	24	1
136	236	24	1
141	236	24	1
151	236	24	1
137	237	24	1
145	237	24	1
150	237	24	1
132	238	24	3
137	238	24	1
148	238	24	1
150	238	24	2
132	239	24	2
133	239	24	2
145	239	24	2
148	239	24	1
132	240	24	1
140	241	24	1
226	242	24	1
132	243	24	1
141	243	24	1
141	244	24	1
135	245	24	1
137	245	24	1
141	246	24	2
227	246	24	2
139	247	24	1
140	249	24	1
216	249	24	1
230	249	24	1
131	252	24	1
225	252	24	1
141	253	24	1
143	255	24	2
142	256	24	3
163	256	24	1
199	258	24	2
118	262	24	1
119	262	24	1
222	262	24	2
121	263	24	1
221	263	24	1
119	264	24	1
122	264	24	1
118	265	24	3
119	265	24	1
127	265	24	1
216	265	24	3
119	266	24	1
126	266	24	1
166	268	24	1
156	269	24	1
162	269	24	1
165	269	24	2
127	270	24	1
184	270	24	1
181	271	24	1
169	274	24	1
166	275	24	1
178	275	24	1
170	276	24	1
176	277	24	1
180	277	24	1
220	277	24	2
168	278	24	1
171	278	24	1
170	279	24	1
179	279	24	4
168	280	24	1
174	280	24	1
176	284	24	1
177	284	24	2
206	284	24	1
276	287	24	3
201	289	24	2
225	290	24	1
198	291	24	1
275	291	24	1
197	293	24	1
271	293	24	1
266	295	24	1
269	297	24	2
213	299	24	1
237	299	24	1
264	299	24	2
265	299	24	1
235	300	24	1
235	301	24	1
238	301	24	1
265	301	24	3
267	301	24	3
266	302	24	2
207	303	24	1
241	304	24	2
263	304	24	1
241	305	24	1
259	305	24	1
238	306	24	1
239	306	24	1
266	306	24	1
259	307	24	1
265	307	24	2
202	308	24	1
206	308	24	1
235	308	24	1
257	309	24	1
259	309	24	1
202	310	24	1
204	310	24	1
206	311	24	1
260	311	24	1
266	311	24	2
240	312	24	1
255	312	24	2
257	312	24	1
177	313	24	1
261	313	24	1
175	314	24	1
176	314	24	1
203	314	24	2
211	314	24	3
234	314	24	2
237	314	24	1
263	314	24	1
171	315	24	1
175	315	24	2
177	315	24	1
211	315	24	2
258	316	24	1
185	317	24	1
259	317	24	1
168	318	24	1
253	319	24	1
262	319	24	1
263	319	24	1
166	320	24	1
185	320	24	1
239	320	24	1
186	321	24	1
238	321	24	2
260	321	24	1
185	322	24	2
241	322	24	1
242	322	24	1
187	323	24	1
195	323	24	2
236	323	24	2
161	324	24	1
183	326	24	1
261	326	24	1
157	327	24	1
184	327	24	1
201	327	24	1
259	328	24	1
99	329	24	1
185	329	24	1
101	330	24	1
103	330	24	1
105	330	24	1
132	330	24	1
153	331	24	1
258	333	24	1
257	334	24	2
146	335	24	1
181	335	24	1
257	335	24	3
259	335	24	2
258	336	24	1
259	336	24	1
186	360	24	2
180	222	25	1
179	223	25	1
179	224	25	2
157	226	25	1
157	228	25	2
155	229	25	1
152	234	25	2
135	235	25	1
150	235	25	2
133	236	25	1
133	237	25	2
139	237	25	1
141	237	25	1
249	237	25	2
133	239	25	1
138	239	25	1
226	241	25	1
227	243	25	2
133	244	25	1
133	246	25	1
139	246	25	1
144	246	25	2
140	247	25	5
139	248	25	1
195	249	25	1
138	250	25	1
229	250	25	1
136	251	25	3
121	258	25	1
223	260	25	3
121	261	25	1
199	261	25	1
219	263	25	1
120	264	25	2
215	264	25	2
128	266	25	1
261	266	25	2
181	271	25	2
165	277	25	1
165	278	25	1
170	278	25	1
176	278	25	3
170	279	25	1
273	279	25	2
276	280	25	1
169	281	25	1
176	281	25	1
177	281	25	1
165	282	25	1
169	282	25	1
174	282	25	1
275	285	25	1
277	288	25	2
270	290	25	1
271	291	25	1
266	292	25	1
270	293	25	1
269	294	25	1
266	295	25	1
266	296	25	1
269	296	25	1
238	297	25	2
268	299	25	1
237	300	25	1
240	301	25	1
265	301	25	3
237	302	25	2
235	305	25	1
208	311	25	2
258	311	25	1
260	311	25	1
259	312	25	1
260	313	25	1
256	314	25	2
257	314	25	1
258	314	25	1
262	314	25	1
260	317	25	1
261	317	25	2
258	318	25	1
259	318	25	1
258	319	25	1
260	322	25	1
259	324	25	1
153	332	25	3
183	222	26	1
159	230	26	1
160	230	26	1
159	231	26	1
142	234	26	1
152	234	26	1
136	235	26	1
139	235	26	1
145	235	26	2
250	235	26	1
248	236	26	1
134	237	26	1
135	237	26	1
142	237	26	1
143	237	26	1
246	237	26	1
136	238	26	3
144	238	26	1
131	239	26	1
135	240	26	2
136	240	26	2
226	241	26	1
132	243	26	1
136	243	26	1
134	245	26	2
230	248	26	2
227	250	26	1
229	251	26	1
226	252	26	1
224	253	26	1
121	257	26	1
122	257	26	1
121	258	26	1
120	259	26	1
123	259	26	1
120	268	26	1
123	269	26	1
122	270	26	1
127	270	26	1
177	276	26	1
178	277	26	1
163	279	26	1
176	279	26	1
165	280	26	3
174	280	26	1
273	281	26	2
176	283	26	1
273	283	26	2
183	288	26	1
271	294	26	2
268	295	26	1
237	306	26	1
229	308	26	2
235	308	26	1
259	311	26	1
260	311	26	1
262	311	26	1
209	312	26	1
243	312	26	2
257	313	26	1
259	313	26	1
260	314	26	1
262	314	26	1
211	315	26	1
210	316	26	1
211	316	26	2
258	317	26	2
237	319	26	2
239	320	26	1
241	320	26	1
186	360	26	1
183	221	27	2
180	223	27	2
179	226	27	1
160	229	27	1
164	231	27	1
163	232	27	1
164	232	27	1
164	233	27	1
144	234	27	1
152	234	27	1
154	234	27	2
145	235	27	1
137	236	27	1
245	236	27	1
250	236	27	1
135	237	27	1
176	237	27	1
241	237	27	2
138	238	27	1
139	238	27	1
146	238	27	1
243	238	27	1
244	238	27	1
248	238	27	2
132	239	27	1
135	239	27	2
242	239	27	1
243	239	27	1
242	240	27	2
133	241	27	1
135	241	27	1
226	241	27	2
134	242	27	2
134	243	27	1
233	245	27	2
246	245	27	1
193	251	27	2
226	252	27	2
225	253	27	1
125	255	27	1
122	256	27	1
125	257	27	2
126	257	27	2
122	258	27	1
124	258	27	1
125	267	27	1
126	267	27	1
119	268	27	1
121	268	27	2
124	268	27	1
126	268	27	2
122	270	27	2
127	270	27	1
128	270	27	1
174	276	27	1
174	277	27	2
175	278	27	1
178	278	27	2
167	279	27	1
174	279	27	1
175	279	27	2
175	280	27	2
173	281	27	2
174	281	27	3
275	281	27	1
165	282	27	2
274	282	27	2
178	283	27	2
271	283	27	1
272	283	27	2
273	283	27	1
173	284	27	1
168	285	27	1
178	286	27	1
270	290	27	1
195	294	27	1
199	299	27	1
232	302	27	1
236	305	27	2
203	309	27	1
237	309	27	1
257	309	27	1
230	310	27	1
209	311	27	1
258	312	27	1
206	313	27	2
259	313	27	1
210	315	27	1
258	316	27	1
239	319	27	1
256	319	27	1
240	320	27	1
233	326	27	1
96	328	27	1
260	328	27	2
186	360	27	1
160	231	28	1
163	231	28	3
166	231	28	1
167	231	28	2
164	232	28	1
156	233	28	1
146	235	28	1
244	235	28	1
136	236	28	1
138	236	28	1
251	236	28	1
137	237	28	2
242	237	28	1
136	238	28	1
139	238	28	1
141	238	28	2
146	238	28	1
185	238	28	1
246	238	28	1
232	239	28	1
244	239	28	1
139	240	28	1
140	240	28	1
139	241	28	1
185	241	28	1
137	242	28	1
249	243	28	1
193	246	28	1
234	249	28	1
125	251	28	1
126	252	28	1
127	252	28	2
126	254	28	1
124	255	28	1
124	256	28	2
127	256	28	1
128	256	28	3
257	264	28	1
124	267	28	1
127	270	28	1
127	271	28	2
170	271	28	1
134	276	28	1
129	277	28	1
171	277	28	1
173	277	28	2
175	277	28	1
176	279	28	1
174	280	28	1
178	280	28	1
274	281	28	1
276	281	28	1
178	282	28	1
274	282	28	1
275	282	28	1
171	283	28	1
174	283	28	1
175	284	28	1
274	284	28	1
167	285	28	1
169	285	28	1
179	285	28	1
168	288	28	1
270	290	28	2
193	294	28	1
236	305	28	1
228	307	28	1
207	308	28	1
225	308	28	1
230	310	28	2
211	311	28	1
211	313	28	2
259	313	28	1
261	313	28	1
260	314	28	1
209	315	28	1
210	315	28	1
211	315	28	2
210	316	28	2
259	317	28	1
261	317	28	1
239	319	28	3
240	319	28	1
241	319	28	2
240	321	28	2
235	323	28	2
96	331	28	1
96	332	28	1
116	223	29	2
112	226	29	2
162	232	29	1
191	236	29	2
250	236	29	3
252	236	29	2
183	237	29	1
249	237	29	1
250	237	29	1
140	238	29	3
179	238	29	1
250	238	29	1
251	238	29	1
186	239	29	1
115	240	29	1
179	240	29	1
182	240	29	1
186	240	29	1
134	242	29	1
235	242	29	1
237	242	29	1
188	243	29	2
186	244	29	2
190	245	29	1
191	245	29	1
132	259	29	1
135	263	29	1
125	268	29	1
167	271	29	1
124	272	29	2
125	272	29	3
132	272	29	2
166	273	29	1
167	273	29	1
138	274	29	1
168	274	29	1
168	275	29	1
170	278	29	1
164	280	29	1
175	281	29	1
161	282	29	1
167	282	29	1
175	282	29	2
274	282	29	1
168	283	29	1
174	283	29	2
275	283	29	1
161	284	29	1
167	284	29	2
168	284	29	1
274	284	29	1
275	284	29	1
275	285	29	1
167	287	29	3
270	294	29	1
177	296	29	1
183	297	29	1
183	300	29	1
211	308	29	3
225	308	29	1
233	308	29	1
203	309	29	1
229	309	29	1
203	310	29	1
206	311	29	1
207	311	29	1
211	311	29	1
208	312	29	2
212	312	29	2
209	313	29	2
207	314	29	1
212	315	29	1
243	319	29	1
239	320	29	3
239	321	29	1
126	324	29	1
126	325	29	2
121	326	29	1
94	327	29	1
125	327	29	1
227	327	29	1
95	328	29	2
98	329	29	1
130	329	29	1
191	346	29	1
220	360	29	3
187	361	29	1
114	226	30	1
192	234	30	1
175	238	30	3
179	238	30	2
183	238	30	1
117	239	30	1
172	239	30	1
181	239	30	2
182	239	30	1
186	239	30	1
177	240	30	1
181	240	30	1
189	241	30	1
172	242	30	1
186	243	30	1
189	243	30	2
184	244	30	1
191	245	30	1
125	257	30	1
250	258	30	1
259	266	30	1
127	267	30	1
258	268	30	1
123	270	30	1
137	270	30	2
165	270	30	1
168	270	30	1
127	271	30	1
165	271	30	2
166	271	30	3
124	272	30	1
125	272	30	2
135	272	30	1
138	273	30	1
139	275	30	1
143	275	30	1
142	277	30	1
159	279	30	1
276	280	30	2
175	282	30	2
163	283	30	1
274	284	30	1
275	284	30	1
276	284	30	1
165	285	30	2
163	286	30	2
165	287	30	1
170	287	30	1
162	288	30	1
176	292	30	1
177	296	30	1
194	305	30	1
194	306	30	1
204	310	30	2
249	310	30	1
211	311	30	1
210	316	30	2
243	317	30	1
246	317	30	1
124	323	30	1
128	325	30	2
99	329	30	1
98	330	30	2
97	331	30	1
141	331	30	1
95	333	30	1
96	333	30	2
96	334	30	2
218	361	30	1
220	362	30	2
220	363	30	2
190	232	31	2
185	240	31	1
240	240	31	1
183	241	31	2
188	241	31	1
176	242	31	1
175	243	31	2
176	243	31	1
186	243	31	1
188	243	31	2
173	245	31	2
188	245	31	2
190	245	31	3
123	256	31	1
128	256	31	1
129	256	31	1
123	257	31	1
258	265	31	1
262	266	31	1
264	266	31	1
258	267	31	1
260	267	31	1
260	268	31	1
261	268	31	1
127	269	31	1
123	270	31	1
125	270	31	2
260	271	31	1
127	272	31	1
163	273	31	1
162	274	31	1
168	277	31	1
259	280	31	1
162	282	31	1
259	282	31	1
167	283	31	1
275	283	31	1
276	283	31	2
167	284	31	2
276	284	31	1
165	285	31	1
276	285	31	1
169	288	31	1
166	290	31	1
170	292	31	1
172	292	31	1
181	301	31	1
198	306	31	1
191	307	31	1
193	307	31	1
187	308	31	1
188	308	31	1
197	308	31	1
191	309	31	1
204	310	31	1
189	311	31	1
203	311	31	1
210	311	31	1
245	311	31	1
210	312	31	1
222	312	31	2
225	312	31	1
200	315	31	2
211	315	31	1
220	315	31	1
246	318	31	2
212	319	31	1
242	321	31	1
98	326	31	1
98	329	31	2
132	329	31	1
94	330	31	1
93	331	31	1
94	332	31	1
96	332	31	1
98	332	31	2
96	333	31	1
96	334	31	1
97	334	31	1
187	346	31	1
183	348	31	1
186	349	31	1
188	349	31	1
219	363	31	1
113	225	32	3
114	225	32	1
181	242	32	2
185	242	32	1
187	242	32	2
194	243	32	1
172	244	32	1
181	244	32	1
190	245	32	1
193	246	32	2
175	247	32	1
186	247	32	1
250	255	32	1
134	257	32	2
253	258	32	1
157	259	32	2
128	265	32	2
258	265	32	1
261	265	32	2
262	265	32	2
260	267	32	1
263	267	32	1
126	268	32	1
261	268	32	1
126	269	32	1
127	269	32	1
130	269	32	1
263	270	32	1
166	273	32	2
165	274	32	1
141	275	32	1
164	276	32	1
157	277	32	1
262	277	32	1
161	279	32	1
276	281	32	2
262	282	32	1
276	282	32	1
164	283	32	2
163	286	32	1
162	287	32	1
167	287	32	1
167	289	32	2
177	298	32	1
116	304	32	1
118	304	32	1
114	307	32	1
188	308	32	1
196	308	32	1
199	308	32	1
188	309	32	2
195	310	32	1
111	311	32	3
195	311	32	2
198	311	32	1
203	311	32	2
210	311	32	1
246	311	32	1
193	312	32	1
199	312	32	1
200	312	32	2
201	312	32	2
246	312	32	1
112	313	32	1
245	318	32	1
201	320	32	1
245	320	32	1
209	321	32	3
238	323	32	4
97	328	32	1
93	331	32	1
94	332	32	1
187	345	32	1
189	347	32	1
187	348	32	2
180	352	32	1
186	354	32	1
177	359	32	1
220	363	32	1
115	224	33	1
114	227	33	2
112	228	33	2
175	243	33	1
188	244	33	1
194	244	33	2
183	245	33	1
185	245	33	1
190	245	33	1
200	246	33	1
208	246	33	1
210	246	33	1
134	253	33	1
136	254	33	1
149	255	33	2
133	257	33	1
252	258	33	2
257	258	33	2
129	259	33	1
258	259	33	1
131	260	33	1
255	260	33	3
257	260	33	1
128	261	33	1
129	261	33	1
256	261	33	1
158	262	33	1
128	263	33	2
132	263	33	1
127	264	33	1
157	264	33	2
257	265	33	1
266	266	33	1
128	267	33	1
262	267	33	2
263	267	33	2
266	267	33	1
157	268	33	2
263	268	33	1
127	269	33	1
128	269	33	2
129	269	33	1
130	269	33	3
125	270	33	2
127	270	33	2
263	270	33	1
266	270	33	2
127	271	33	1
129	271	33	2
261	272	33	1
262	273	33	1
261	274	33	1
155	275	33	1
162	275	33	1
263	275	33	1
158	276	33	1
159	276	33	1
261	276	33	1
164	277	33	1
163	278	33	2
261	281	33	1
162	282	33	1
160	283	33	1
162	283	33	1
163	283	33	2
164	284	33	1
165	284	33	3
124	285	33	1
160	286	33	1
161	286	33	1
166	287	33	1
161	291	33	1
125	292	33	1
121	293	33	1
117	301	33	1
119	301	33	2
120	301	33	2
121	301	33	1
119	303	33	2
195	306	33	1
115	307	33	1
183	307	33	1
197	307	33	1
115	308	33	2
198	309	33	1
248	309	33	1
208	310	33	1
115	311	33	1
194	311	33	2
196	311	33	1
198	311	33	1
199	311	33	1
206	311	33	1
192	312	33	1
198	312	33	2
199	312	33	1
205	312	33	1
207	314	33	1
209	314	33	2
245	314	33	1
121	316	33	1
246	316	33	1
249	316	33	3
198	318	33	1
243	318	33	1
125	319	33	1
199	319	33	1
201	319	33	1
203	319	33	1
243	322	33	1
239	323	33	1
92	330	33	1
215	341	33	1
212	344	33	1
199	346	33	1
187	348	33	2
188	348	33	1
197	348	33	2
210	348	33	1
207	349	33	1
208	349	33	3
209	349	33	1
180	350	33	1
181	350	33	1
181	352	33	1
184	352	33	2
179	357	33	2
177	360	33	1
178	360	33	1
114	226	34	2
115	226	34	1
115	229	34	1
136	237	34	1
137	237	34	1
138	243	34	1
176	244	34	1
190	244	34	1
175	245	34	1
179	245	34	1
193	246	34	1
212	247	34	1
134	250	34	1
135	252	34	1
131	254	34	1
133	255	34	2
131	256	34	1
131	257	34	1
133	257	34	1
130	258	34	1
131	258	34	1
132	259	34	1
134	259	34	1
130	260	34	1
134	261	34	1
167	261	34	1
127	262	34	2
134	262	34	2
159	262	34	1
127	263	34	1
130	263	34	1
261	264	34	1
126	265	34	1
265	265	34	1
129	266	34	1
130	266	34	1
158	267	34	1
262	267	34	1
128	268	34	1
164	268	34	3
263	268	34	3
266	268	34	1
127	270	34	1
154	270	34	1
163	271	34	1
158	272	34	2
166	272	34	2
159	273	34	1
161	273	34	1
165	274	34	2
162	275	34	2
166	275	34	1
158	276	34	3
261	276	34	1
262	276	34	2
163	278	34	2
263	278	34	1
144	279	34	1
151	279	34	2
158	279	34	1
161	279	34	1
261	281	34	1
259	282	34	1
262	283	34	1
124	287	34	2
161	290	34	1
165	294	34	1
253	296	34	1
170	298	34	1
117	302	34	1
118	302	34	2
121	302	34	1
248	302	34	1
116	303	34	1
119	304	34	1
114	305	34	1
177	305	34	1
182	306	34	1
118	308	34	1
189	308	34	3
190	308	34	1
191	308	34	1
192	308	34	1
116	309	34	2
193	309	34	1
244	309	34	1
248	309	34	1
197	310	34	1
114	311	34	1
115	311	34	1
195	311	34	2
248	311	34	1
249	311	34	2
252	311	34	1
110	312	34	1
115	312	34	1
197	312	34	2
205	313	34	1
114	314	34	1
112	316	34	1
242	316	34	1
244	316	34	1
241	318	34	2
243	320	34	1
201	321	34	1
131	322	34	1
201	322	34	2
242	322	34	2
234	323	34	1
242	324	34	1
235	325	34	2
94	327	34	1
94	328	34	1
100	329	34	1
186	331	34	1
100	332	34	1
101	332	34	2
194	333	34	2
199	333	34	2
191	334	34	1
202	334	34	1
194	335	34	1
194	336	34	2
217	336	34	1
194	337	34	1
190	340	34	2
195	341	34	1
211	342	34	1
205	345	34	1
205	346	34	1
211	346	34	1
196	347	34	1
198	347	34	2
208	347	34	2
215	348	34	1
205	349	34	1
196	350	34	1
187	352	34	1
207	352	34	1
206	354	34	2
182	355	34	1
218	362	34	1
113	225	35	1
117	226	35	1
114	229	35	2
117	230	35	1
125	235	35	2
139	237	35	1
129	238	35	1
143	240	35	1
140	241	35	1
207	244	35	1
176	245	35	1
175	246	35	1
210	246	35	2
213	247	35	1
134	251	35	1
133	252	35	1
133	253	35	1
135	253	35	1
131	255	35	1
134	256	35	1
138	257	35	1
130	258	35	3
133	258	35	1
138	258	35	1
143	260	35	1
131	261	35	1
132	261	35	2
140	261	35	1
156	261	35	1
256	261	35	1
128	263	35	1
131	263	35	3
132	263	35	1
127	264	35	1
128	264	35	1
146	264	35	1
157	265	35	1
262	265	35	1
263	266	35	1
266	266	35	1
153	267	35	1
264	271	35	2
141	272	35	1
158	272	35	1
143	273	35	1
159	273	35	1
161	274	35	1
163	274	35	1
160	275	35	1
163	276	35	1
160	277	35	1
261	277	35	1
262	277	35	2
260	279	35	1
125	280	35	1
164	280	35	1
125	282	35	1
259	282	35	3
262	282	35	2
161	283	35	1
159	284	35	1
160	285	35	1
123	286	35	1
121	294	35	1
160	294	35	1
122	297	35	1
167	297	35	1
120	298	35	1
170	298	35	1
173	300	35	2
174	300	35	1
249	301	35	1
118	304	35	1
119	304	35	1
174	304	35	1
176	304	35	1
120	306	35	1
246	306	35	1
120	307	35	1
182	307	35	1
114	308	35	2
115	308	35	1
118	308	35	1
186	308	35	2
189	308	35	1
112	309	35	1
193	309	35	1
196	309	35	1
245	309	35	1
196	311	35	1
197	311	35	2
250	311	35	1
248	312	35	1
195	313	35	1
110	314	35	1
245	314	35	1
113	315	35	1
108	316	35	1
124	316	35	2
244	316	35	2
110	317	35	2
121	317	35	1
202	319	35	2
242	319	35	1
124	320	35	1
133	321	35	1
201	321	35	1
239	321	35	1
237	322	35	1
200	324	35	1
240	324	35	2
132	325	35	1
236	325	35	2
239	325	35	1
236	326	35	1
96	328	35	1
96	329	35	1
189	333	35	1
198	333	35	1
195	334	35	1
186	335	35	3
189	336	35	1
191	336	35	1
200	338	35	1
213	339	35	1
212	342	35	1
193	343	35	1
206	346	35	1
187	347	35	1
215	347	35	1
193	349	35	1
213	349	35	1
212	350	35	1
187	351	35	1
193	351	35	1
208	351	35	1
210	351	35	1
211	351	35	1
212	351	35	1
180	352	35	1
209	352	35	1
199	353	35	2
182	354	35	1
194	354	35	1
176	357	35	1
179	357	35	1
122	231	36	1
136	235	36	3
138	239	36	1
165	239	36	1
138	240	36	2
169	241	36	1
170	242	36	2
174	244	36	1
133	251	36	1
136	253	36	1
140	253	36	1
138	254	36	2
140	254	36	2
129	257	36	1
132	257	36	1
130	258	36	1
131	258	36	1
132	258	36	1
253	258	36	2
259	258	36	1
134	259	36	1
127	261	36	2
128	261	36	1
131	261	36	1
143	263	36	2
130	264	36	1
129	265	36	1
262	265	36	1
265	265	36	1
153	266	36	1
154	266	36	1
264	266	36	2
136	269	36	1
129	270	36	1
143	273	36	1
160	273	36	2
163	273	36	1
159	274	36	1
163	274	36	1
138	275	36	3
139	275	36	1
166	275	36	1
162	276	36	2
158	277	36	1
163	277	36	1
161	279	36	1
163	279	36	2
262	279	36	1
126	280	36	1
262	281	36	1
261	282	36	1
262	282	36	1
125	283	36	2
258	283	36	1
259	283	36	2
124	285	36	1
160	286	36	2
124	288	36	1
124	290	36	2
121	292	36	1
159	292	36	1
257	295	36	1
121	297	36	1
120	298	36	1
171	298	36	2
172	298	36	1
259	298	36	1
249	299	36	1
119	300	36	1
171	300	36	1
175	300	36	2
176	300	36	1
121	301	36	1
172	301	36	1
174	301	36	1
175	301	36	1
176	302	36	2
175	303	36	2
114	304	36	1
115	304	36	1
118	305	36	1
115	306	36	1
113	308	36	1
117	308	36	1
188	308	36	1
113	309	36	1
115	309	36	1
186	309	36	1
189	309	36	1
114	310	36	1
184	310	36	1
248	310	36	1
110	311	36	1
194	311	36	1
110	312	36	1
110	313	36	1
108	315	36	1
122	315	36	1
126	316	36	3
259	317	36	1
228	320	36	1
137	321	36	1
240	321	36	1
129	322	36	1
240	324	36	1
237	325	36	2
97	326	36	3
233	326	36	1
94	327	36	1
96	327	36	1
233	327	36	1
183	332	36	1
203	333	36	2
186	335	36	3
194	337	36	1
199	337	36	1
150	338	36	1
211	339	36	2
209	340	36	1
210	340	36	1
212	340	36	1
213	340	36	2
200	344	36	3
189	346	36	1
191	347	36	1
213	348	36	1
211	350	36	1
214	350	36	1
210	352	36	2
212	352	36	1
213	352	36	1
215	352	36	1
185	353	36	1
182	355	36	1
205	357	36	1
207	357	36	1
123	225	37	1
116	228	37	1
119	228	37	1
122	229	37	1
116	232	37	1
124	232	37	1
172	232	37	1
138	233	37	1
124	234	37	1
125	234	37	1
126	234	37	3
130	234	37	3
127	235	37	1
134	235	37	1
138	237	37	2
138	238	37	2
144	238	37	2
135	239	37	1
143	239	37	2
166	240	37	3
169	240	37	2
137	241	37	1
169	241	37	1
173	241	37	2
125	242	37	1
136	242	37	1
143	242	37	1
165	242	37	2
124	243	37	1
138	243	37	1
141	243	37	1
137	244	37	2
170	244	37	1
171	244	37	1
175	245	37	1
136	249	37	2
139	253	37	1
144	253	37	1
148	253	37	1
143	254	37	1
144	254	37	1
133	255	37	1
141	255	37	1
146	255	37	1
131	256	37	1
129	258	37	1
208	258	37	1
130	260	37	1
132	260	37	1
133	262	37	1
261	262	37	2
140	263	37	1
142	263	37	1
145	263	37	2
148	263	37	1
156	263	37	1
142	264	37	1
143	264	37	1
128	265	37	1
147	266	37	1
154	268	37	1
145	269	37	1
151	269	37	1
162	269	37	1
158	271	37	3
249	272	37	2
251	272	37	1
161	273	37	1
132	274	37	1
164	274	37	1
165	274	37	1
162	276	37	1
258	276	37	1
163	277	37	1
142	278	37	1
163	278	37	1
164	279	37	2
162	280	37	1
129	281	37	1
161	281	37	2
125	283	37	1
125	285	37	1
126	287	37	2
126	288	37	1
152	288	37	1
153	288	37	1
155	288	37	1
160	292	37	3
262	292	37	1
159	293	37	1
256	293	37	1
254	294	37	3
259	294	37	1
260	297	37	1
174	299	37	1
172	300	37	1
175	301	37	1
176	301	37	1
172	302	37	1
178	302	37	1
174	303	37	1
176	303	37	1
181	303	37	1
114	304	37	1
117	304	37	1
113	306	37	2
116	306	37	2
114	308	37	1
188	309	37	1
121	314	37	1
148	315	37	1
150	315	37	1
256	316	37	1
140	318	37	1
146	318	37	2
148	318	37	2
115	319	37	1
116	319	37	1
146	319	37	1
116	320	37	1
131	320	37	1
137	322	37	1
240	323	37	1
138	324	37	1
192	324	37	1
134	325	37	2
180	332	37	1
181	332	37	1
185	332	37	1
181	333	37	1
209	338	37	1
175	339	37	2
213	341	37	1
209	342	37	1
210	342	37	1
191	343	37	1
192	344	37	2
199	345	37	1
191	347	37	1
212	348	37	1
186	349	37	1
188	349	37	1
211	350	37	1
214	351	37	1
215	352	37	1
209	353	37	1
213	353	37	1
206	355	37	2
207	356	37	1
114	218	38	1
112	220	38	3
123	225	38	1
125	225	38	2
126	225	38	1
124	226	38	1
126	227	38	2
174	230	38	1
122	231	38	1
122	232	38	1
129	233	38	1
135	233	38	1
138	233	38	1
169	233	38	2
135	234	38	1
136	235	38	1
119	236	38	1
138	236	38	1
136	238	38	1
141	238	38	1
144	238	38	1
197	238	38	1
126	239	38	1
166	239	38	2
167	240	38	1
197	240	38	1
200	240	38	1
199	241	38	1
126	242	38	2
171	242	38	1
197	242	38	3
127	243	38	1
140	243	38	1
143	243	38	1
123	244	38	2
135	244	38	1
172	244	38	1
173	244	38	1
124	245	38	1
168	245	38	2
171	245	38	1
175	245	38	1
169	246	38	1
173	246	38	1
168	247	38	1
140	248	38	1
169	248	38	1
167	249	38	1
132	251	38	2
131	252	38	1
170	252	38	2
233	252	38	1
139	253	38	1
147	253	38	1
152	253	38	1
132	254	38	1
134	254	38	2
143	254	38	2
132	255	38	1
134	255	38	1
138	255	38	2
134	256	38	2
136	256	38	1
142	256	38	1
158	256	38	1
132	257	38	3
135	258	38	2
166	258	38	1
146	259	38	1
134	260	38	1
142	260	38	1
143	260	38	2
144	260	38	1
168	260	38	1
263	260	38	2
130	261	38	2
139	261	38	1
149	261	38	1
260	261	38	2
140	262	38	1
143	262	38	1
151	262	38	1
128	263	38	3
147	263	38	1
154	263	38	1
158	263	38	1
164	263	38	1
167	263	38	1
147	264	38	1
152	264	38	1
153	264	38	2
163	264	38	1
146	265	38	1
151	266	38	1
152	266	38	1
143	267	38	3
149	267	38	1
143	268	38	1
152	268	38	1
261	268	38	1
136	269	38	1
142	270	38	1
141	271	38	1
247	271	38	1
132	272	38	1
133	272	38	1
142	272	38	1
254	272	38	1
139	273	38	1
138	274	38	1
250	274	38	1
252	274	38	4
129	275	38	1
129	276	38	2
147	276	38	1
163	276	38	1
143	277	38	1
134	280	38	1
128	281	38	1
129	281	38	1
137	281	38	2
139	281	38	1
127	282	38	1
135	282	38	1
135	283	38	1
125	284	38	1
125	285	38	1
127	285	38	1
125	288	38	1
154	288	38	1
155	288	38	1
156	288	38	1
157	290	38	1
257	291	38	2
156	292	38	2
258	294	38	1
120	295	38	1
254	295	38	1
251	297	38	1
170	298	38	1
259	298	38	1
173	300	38	1
170	301	38	2
126	303	38	1
260	303	38	1
176	304	38	1
182	304	38	1
261	304	38	1
180	306	38	1
257	306	38	1
114	307	38	1
257	307	38	1
254	309	38	1
259	310	38	2
122	314	38	1
148	315	38	1
118	316	38	1
140	316	38	1
146	316	38	1
152	316	38	1
115	317	38	1
117	319	38	3
136	319	38	1
142	319	38	1
116	320	38	1
138	320	38	1
140	320	38	2
146	320	38	1
113	321	38	1
144	322	38	1
137	323	38	1
235	325	38	1
242	325	38	1
238	327	38	1
237	329	38	1
159	332	38	1
150	333	38	1
152	333	38	1
177	333	38	2
189	334	38	1
210	339	38	1
215	339	38	1
214	340	38	1
209	344	38	1
192	345	38	1
192	346	38	1
247	346	38	1
189	347	38	1
211	347	38	2
215	347	38	1
247	348	38	1
211	349	38	2
212	351	38	1
216	351	38	1
211	352	38	1
215	353	38	1
180	354	38	1
184	354	38	2
209	354	38	3
212	354	38	1
176	355	38	2
211	355	38	1
176	356	38	2
180	356	38	3
174	357	38	2
181	357	38	1
207	358	38	1
204	359	38	1
192	361	38	1
193	361	38	1
207	361	38	1
193	364	38	1
112	220	39	1
113	220	39	1
126	226	39	1
136	226	39	1
147	228	39	1
144	229	39	1
123	230	39	2
135	232	39	1
140	233	39	1
199	233	39	1
154	235	39	1
142	236	39	1
199	236	39	1
118	237	39	1
120	237	39	1
136	237	39	1
137	237	39	1
139	237	39	2
161	237	39	1
200	237	39	1
140	238	39	1
143	238	39	1
145	238	39	1
127	240	39	1
163	240	39	1
197	240	39	1
133	241	39	1
137	241	39	1
142	241	39	1
145	241	39	1
168	241	39	1
127	242	39	1
169	242	39	1
171	242	39	2
172	242	39	2
128	243	39	1
129	243	39	1
131	243	39	2
121	244	39	1
124	244	39	1
125	244	39	2
136	244	39	1
141	244	39	1
167	244	39	1
178	245	39	2
127	247	39	1
178	247	39	1
123	248	39	2
135	250	39	1
140	250	39	1
123	252	39	1
136	252	39	1
126	253	39	2
135	253	39	1
136	253	39	2
247	253	39	1
132	254	39	1
138	254	39	1
140	254	39	1
151	254	39	4
153	254	39	1
154	254	39	1
168	254	39	1
141	255	39	1
143	255	39	1
153	256	39	1
155	256	39	1
156	256	39	1
139	257	39	2
147	258	39	1
154	258	39	1
208	258	39	1
132	259	39	2
147	259	39	1
252	259	39	1
130	260	39	1
133	260	39	1
168	260	39	1
255	260	39	1
140	261	39	1
142	261	39	2
151	261	39	1
254	261	39	1
132	262	39	1
146	262	39	1
156	262	39	1
231	262	39	1
261	262	39	2
129	263	39	2
153	263	39	1
158	263	39	1
167	263	39	1
262	263	39	1
144	264	39	1
154	264	39	1
166	264	39	1
155	265	39	1
258	265	39	4
147	266	39	2
142	267	39	1
156	267	39	2
256	267	39	1
135	268	39	3
167	268	39	2
144	269	39	1
151	269	39	1
143	271	39	1
144	271	39	1
145	271	39	1
143	272	39	1
166	272	39	1
251	272	39	1
134	273	39	1
151	273	39	1
132	274	39	2
139	274	39	1
141	274	39	2
254	274	39	1
129	275	39	1
134	275	39	1
136	275	39	1
129	276	39	1
133	276	39	1
145	276	39	2
164	276	39	1
233	276	39	1
131	277	39	1
140	277	39	2
143	277	39	1
144	278	39	2
147	278	39	1
141	279	39	1
142	279	39	1
143	279	39	1
148	279	39	2
135	280	39	1
137	280	39	1
142	280	39	2
145	280	39	2
141	281	39	1
128	282	39	1
130	282	39	1
136	282	39	1
160	282	39	2
130	283	39	1
133	283	39	1
134	284	39	2
136	284	39	1
134	285	39	1
139	285	39	2
169	285	39	1
172	286	39	1
173	286	39	1
134	287	39	1
136	288	39	1
155	290	39	1
158	290	39	1
254	290	39	2
257	290	39	1
154	291	39	1
134	293	39	1
139	293	39	2
248	293	39	2
253	293	39	2
159	294	39	1
170	294	39	1
258	294	39	1
159	295	39	1
161	295	39	1
170	295	39	1
249	295	39	1
121	297	39	1
247	297	39	1
165	298	39	1
171	298	39	1
171	299	39	1
174	299	39	1
249	299	39	2
174	300	39	2
261	300	39	3
121	301	39	2
172	301	39	1
177	301	39	1
172	302	39	1
175	302	39	2
175	304	39	1
259	304	39	1
260	305	39	2
125	306	39	1
126	306	39	2
126	307	39	2
124	311	39	1
147	314	39	1
120	316	39	2
119	317	39	1
135	317	39	1
114	318	39	3
115	318	39	1
116	318	39	1
139	318	39	1
141	318	39	1
144	318	39	1
146	318	39	1
150	319	39	1
117	320	39	1
140	320	39	1
149	321	39	2
180	321	39	1
242	323	39	2
240	328	39	1
242	328	39	2
152	330	39	1
153	330	39	1
189	330	39	1
181	331	39	1
219	331	39	2
153	332	39	1
180	332	39	1
191	332	39	3
152	333	39	1
154	333	39	1
161	333	39	1
193	333	39	1
151	334	39	3
156	335	39	1
152	338	39	1
201	342	39	1
208	343	39	1
208	344	39	1
209	344	39	2
191	345	39	2
202	345	39	2
208	346	39	1
247	346	39	1
247	347	39	2
191	348	39	1
213	348	39	2
210	349	39	1
237	351	39	1
209	352	39	1
212	352	39	1
215	353	39	1
206	354	39	1
214	354	39	1
177	355	39	1
207	355	39	1
207	356	39	1
176	357	39	3
177	357	39	1
191	361	39	1
195	361	39	1
205	362	39	1
113	219	40	1
113	220	40	1
111	221	40	1
144	225	40	2
136	226	40	1
141	229	40	1
136	230	40	1
138	230	40	1
203	231	40	1
203	232	40	2
196	233	40	1
118	234	40	1
141	234	40	1
199	234	40	1
203	234	40	1
118	235	40	1
139	235	40	1
140	235	40	1
142	235	40	1
144	235	40	1
142	236	40	1
146	236	40	1
168	236	40	2
159	238	40	1
203	238	40	2
126	239	40	2
136	239	40	1
139	239	40	1
160	239	40	2
126	240	40	1
165	240	40	1
196	240	40	1
125	241	40	1
161	241	40	1
162	241	40	1
168	241	40	1
126	242	40	1
133	242	40	1
167	242	40	2
168	242	40	1
170	242	40	1
127	243	40	2
128	243	40	1
140	243	40	1
171	244	40	2
125	245	40	2
126	245	40	1
127	245	40	1
173	245	40	1
126	246	40	1
139	246	40	1
171	247	40	1
121	248	40	2
126	248	40	2
125	249	40	2
232	249	40	1
133	250	40	1
135	250	40	1
137	250	40	1
231	250	40	1
225	251	40	1
134	252	40	1
136	252	40	1
231	252	40	1
154	254	40	1
134	255	40	1
138	255	40	1
140	255	40	1
212	256	40	1
132	257	40	1
134	257	40	1
136	257	40	2
139	257	40	2
157	257	40	1
142	258	40	2
149	258	40	1
174	258	40	2
136	259	40	1
147	259	40	1
157	259	40	1
160	259	40	1
162	259	40	1
176	259	40	1
204	259	40	1
154	260	40	1
164	260	40	1
205	260	40	1
136	261	40	1
140	261	40	3
161	261	40	2
167	261	40	1
168	261	40	1
211	261	40	1
249	261	40	1
250	261	40	2
252	261	40	1
130	262	40	1
136	262	40	1
144	262	40	3
151	262	40	1
153	262	40	1
159	262	40	1
248	262	40	1
249	262	40	1
140	263	40	1
150	263	40	1
153	263	40	1
157	263	40	1
166	263	40	1
155	265	40	1
156	265	40	2
165	265	40	1
150	266	40	1
158	266	40	1
219	266	40	2
168	267	40	1
154	268	40	1
246	268	40	1
253	268	40	1
139	269	40	2
245	269	40	1
135	270	40	2
137	270	40	3
142	270	40	1
145	270	40	1
147	270	40	1
150	270	40	1
164	270	40	1
137	271	40	2
147	272	40	1
151	272	40	1
223	272	40	2
248	272	40	1
251	272	40	1
131	273	40	1
142	273	40	1
150	273	40	1
156	273	40	1
164	273	40	1
167	273	40	2
144	274	40	1
145	274	40	1
147	274	40	1
148	274	40	1
247	274	40	1
137	275	40	1
138	275	40	3
141	275	40	2
142	275	40	2
147	275	40	1
150	275	40	2
130	276	40	1
137	276	40	1
142	276	40	1
148	276	40	1
154	276	40	1
155	276	40	1
134	278	40	2
138	278	40	1
141	278	40	1
142	278	40	1
145	278	40	1
164	278	40	2
131	279	40	1
253	279	40	1
138	280	40	1
140	280	40	2
152	280	40	1
129	281	40	1
135	281	40	1
142	281	40	1
142	282	40	1
150	282	40	2
134	283	40	2
157	283	40	2
138	284	40	1
135	285	40	1
133	286	40	1
137	286	40	1
139	286	40	1
154	286	40	2
158	286	40	1
160	286	40	1
156	287	40	2
135	288	40	1
138	292	40	1
156	292	40	3
125	293	40	1
139	294	40	2
160	294	40	1
163	294	40	1
121	295	40	1
123	296	40	1
130	296	40	1
121	297	40	2
133	297	40	1
172	297	40	1
257	297	40	1
134	298	40	1
123	300	40	1
142	301	40	1
177	301	40	2
250	301	40	1
143	302	40	1
172	302	40	1
261	302	40	1
129	303	40	1
133	303	40	1
139	303	40	1
175	303	40	2
130	304	40	1
132	304	40	1
171	304	40	3
126	305	40	2
127	305	40	2
172	306	40	1
181	306	40	2
182	307	40	1
123	310	40	2
123	312	40	1
118	315	40	1
141	315	40	1
147	315	40	1
150	315	40	1
115	316	40	1
116	316	40	1
143	317	40	2
116	318	40	3
148	318	40	1
115	319	40	1
116	319	40	2
152	320	40	1
177	323	40	2
174	326	40	2
241	327	40	1
242	327	40	1
239	328	40	2
175	330	40	1
178	330	40	1
189	331	40	1
157	332	40	1
188	332	40	1
150	333	40	1
179	333	40	1
219	333	40	1
240	333	40	1
154	334	40	2
191	334	40	3
244	334	40	1
151	335	40	2
247	335	40	1
151	336	40	2
153	336	40	1
158	337	40	2
153	338	40	1
156	339	40	1
208	341	40	1
217	341	40	1
210	342	40	1
211	342	40	2
220	342	40	2
196	343	40	1
197	343	40	2
220	343	40	1
221	343	40	1
204	344	40	1
210	344	40	1
202	346	40	2
203	347	40	2
211	347	40	1
195	349	40	1
210	349	40	1
236	349	40	1
235	350	40	1
182	351	40	2
211	352	40	1
212	353	40	1
214	353	40	2
207	357	40	2
172	358	40	2
207	359	40	1
113	220	41	1
121	222	41	1
144	225	41	1
134	226	41	1
141	226	41	1
137	227	41	1
141	227	41	3
136	230	41	1
138	231	41	3
141	231	41	1
143	232	41	2
140	233	41	1
141	233	41	1
142	233	41	2
198	233	41	1
142	234	41	2
141	236	41	2
161	236	41	1
165	236	41	1
167	236	41	1
170	236	41	1
160	237	41	1
163	237	41	1
164	237	41	1
138	238	41	1
146	238	41	1
158	238	41	1
141	239	41	2
144	239	41	2
161	239	41	1
162	239	41	1
200	239	41	1
201	239	41	2
139	240	41	1
127	241	41	1
129	241	41	2
140	241	41	1
142	241	41	2
143	241	41	1
166	241	41	1
167	241	41	1
168	241	41	2
169	241	41	2
128	242	41	1
132	242	41	1
135	242	41	1
170	242	41	1
138	243	41	1
140	243	41	2
164	243	41	1
124	244	41	1
127	244	41	1
166	244	41	3
168	244	41	1
173	244	41	1
176	244	41	1
128	245	41	2
126	246	41	1
128	246	41	1
178	247	41	1
179	247	41	2
130	249	41	1
231	250	41	1
232	250	41	1
230	251	41	1
141	252	41	1
175	252	41	1
229	252	41	1
234	252	41	1
143	253	41	1
227	253	41	2
232	253	41	1
141	254	41	1
144	254	41	2
243	254	41	1
120	256	41	2
142	256	41	1
143	256	41	1
155	257	41	1
174	257	41	1
210	257	41	1
214	257	41	1
254	257	41	2
146	258	41	1
155	258	41	1
177	258	41	1
211	258	41	1
215	258	41	1
139	259	41	1
140	259	41	1
144	259	41	2
205	259	41	1
212	259	41	1
140	260	41	1
146	260	41	1
148	260	41	1
150	260	41	2
170	260	41	1
210	260	41	1
144	261	41	1
146	261	41	1
149	261	41	1
160	261	41	1
174	261	41	3
119	262	41	1
139	262	41	1
142	262	41	2
143	262	41	1
144	262	41	1
146	262	41	2
158	262	41	2
159	262	41	2
163	262	41	1
167	262	41	2
172	262	41	1
173	262	41	1
248	262	41	1
249	262	41	1
151	263	41	1
162	263	41	1
168	263	41	2
201	263	41	1
232	263	41	1
255	263	41	1
148	264	41	1
149	264	41	2
158	264	41	2
124	265	41	1
144	265	41	1
149	265	41	2
152	265	41	2
256	265	41	1
120	266	41	3
145	266	41	2
149	266	41	2
153	266	41	2
161	267	41	1
247	267	41	1
258	267	41	1
142	268	41	1
145	268	41	1
153	268	41	1
164	268	41	1
251	269	41	2
254	269	41	1
132	270	41	1
135	270	41	1
139	270	41	2
140	270	41	1
142	270	41	1
247	270	41	1
132	271	41	1
146	271	41	1
157	271	41	1
203	271	41	1
145	272	41	2
147	272	41	1
151	272	41	3
152	272	41	1
154	272	41	1
163	272	41	1
228	272	41	2
144	273	41	1
155	273	41	1
134	274	41	3
136	274	41	1
157	274	41	1
130	275	41	1
132	275	41	1
137	275	41	2
130	276	41	1
139	276	41	1
141	276	41	1
162	276	41	1
129	277	41	1
131	277	41	1
139	277	41	1
151	277	41	1
161	277	41	1
135	278	41	2
136	278	41	1
142	278	41	1
138	279	41	3
139	279	41	1
133	280	41	1
152	280	41	1
130	281	41	1
151	283	41	1
160	283	41	2
218	283	41	1
134	284	41	2
141	284	41	1
142	284	41	2
155	284	41	1
135	286	41	1
159	286	41	1
160	286	41	2
219	286	41	1
141	287	41	1
137	288	41	1
157	288	41	1
155	289	41	1
154	290	41	1
130	292	41	1
257	292	41	1
132	293	41	1
132	294	41	1
152	294	41	1
154	294	41	1
159	294	41	1
135	295	41	1
143	296	41	1
148	296	41	1
129	297	41	1
137	297	41	1
171	297	41	1
252	298	41	2
93	299	41	1
128	299	41	1
164	300	41	1
172	300	41	1
249	300	41	1
260	300	41	1
123	301	41	1
167	301	41	1
97	302	41	2
127	302	41	2
131	302	41	1
132	302	41	2
134	302	41	1
123	303	41	1
170	303	41	1
176	303	41	3
181	303	41	1
259	303	41	1
129	304	41	1
133	304	41	2
141	304	41	2
170	304	41	2
181	304	41	1
127	305	41	1
140	305	41	2
172	305	41	3
182	305	41	2
123	306	41	1
130	306	41	1
122	307	41	1
129	307	41	1
130	307	41	1
142	307	41	1
126	308	41	2
127	308	41	1
128	308	41	2
162	309	41	1
122	311	41	1
121	314	41	1
140	315	41	1
140	316	41	4
142	317	41	2
143	319	41	1
149	321	41	1
150	321	41	1
137	322	41	1
179	322	41	1
181	322	41	1
111	323	41	1
136	325	41	1
147	325	41	1
181	325	41	2
247	325	41	1
133	326	41	2
179	326	41	1
249	326	41	1
148	327	41	1
181	327	41	1
252	328	41	1
130	329	41	1
182	329	41	1
249	329	41	1
126	330	41	2
181	330	41	1
184	330	41	3
185	330	41	1
243	330	41	1
251	330	41	1
155	331	41	1
158	331	41	1
173	331	41	2
174	331	41	1
175	331	41	1
240	331	41	2
130	332	41	2
157	332	41	1
165	332	41	3
168	332	41	1
185	332	41	1
151	333	41	1
152	333	41	1
179	333	41	2
187	333	41	1
217	333	41	1
216	334	41	1
244	334	41	1
150	335	41	2
153	335	41	1
218	336	41	1
246	336	41	2
251	337	41	1
151	338	41	1
166	338	41	1
250	338	41	1
247	339	41	2
194	340	41	1
214	340	41	1
195	341	41	2
208	343	41	1
216	343	41	1
194	344	41	1
210	344	41	1
211	344	41	1
194	345	41	1
249	345	41	1
205	346	41	1
231	347	41	1
233	347	41	2
220	350	41	1
233	351	41	1
237	351	41	3
235	352	41	1
207	355	41	1
207	358	41	1
207	360	41	1
202	361	41	1
134	228	42	1
136	228	42	1
140	228	42	1
136	229	42	1
135	232	42	1
140	233	42	1
203	233	42	1
202	234	42	1
140	235	42	1
144	236	42	1
156	236	42	1
164	236	42	1
166	236	42	3
199	236	42	1
162	237	42	1
204	237	42	1
161	238	42	1
162	238	42	1
164	238	42	1
136	239	42	1
137	239	42	1
167	239	42	1
204	239	42	1
141	240	42	1
166	240	42	1
142	241	42	1
170	242	42	1
129	243	42	1
139	244	42	1
182	244	42	1
184	244	42	1
181	245	42	2
122	252	42	1
177	252	42	1
140	253	42	1
138	254	42	1
140	254	42	2
144	254	42	1
176	254	42	1
158	256	42	1
213	256	42	1
147	257	42	1
175	257	42	1
212	257	42	2
213	257	42	1
173	258	42	2
175	258	42	2
212	258	42	2
139	259	42	1
160	259	42	1
173	259	42	1
153	260	42	1
157	260	42	1
169	260	42	1
174	260	42	1
176	260	42	2
213	260	42	1
150	261	42	1
153	261	42	1
168	261	42	1
169	261	42	1
173	261	42	1
177	261	42	1
163	262	42	1
166	262	42	1
175	262	42	1
146	263	42	1
151	263	42	1
165	263	42	2
249	263	42	2
121	264	42	2
143	264	42	1
147	264	42	1
151	264	42	1
156	264	42	1
158	264	42	1
168	264	42	2
144	265	42	1
145	266	42	1
147	266	42	1
155	266	42	1
147	267	42	2
141	269	42	2
250	269	42	1
142	270	42	1
151	270	42	1
152	270	42	1
143	271	42	2
156	271	42	1
223	271	42	1
145	272	42	1
147	273	42	1
154	273	42	1
157	273	42	1
158	273	42	1
148	274	42	2
250	274	42	1
134	275	42	2
162	275	42	1
250	275	42	1
143	276	42	1
151	276	42	2
153	276	42	2
154	276	42	1
156	276	42	1
134	277	42	1
142	277	42	1
155	277	42	2
163	277	42	1
162	278	42	1
137	279	42	1
143	279	42	2
144	279	42	1
149	279	42	2
151	279	42	1
152	279	42	1
154	279	42	1
164	279	42	1
145	280	42	2
160	280	42	2
140	281	42	1
143	281	42	1
153	281	42	1
148	282	42	1
158	282	42	1
141	283	42	1
149	283	42	2
152	283	42	1
253	283	42	1
149	284	42	1
154	285	42	1
217	285	42	2
155	286	42	2
141	287	42	1
137	289	42	1
153	289	42	2
174	289	42	2
134	290	42	1
135	291	42	1
137	293	42	1
138	293	42	1
135	294	42	1
137	294	42	1
138	294	42	1
141	294	42	2
152	294	42	1
134	295	42	1
142	295	42	1
130	297	42	1
140	297	42	1
136	298	42	1
141	298	42	2
151	298	42	1
215	298	42	1
94	299	42	1
128	299	42	1
133	299	42	1
169	299	42	1
136	300	42	1
139	300	42	1
126	301	42	1
128	301	42	1
248	301	42	1
138	302	42	1
165	302	42	2
140	303	42	1
142	303	42	1
150	303	42	1
170	303	42	1
171	303	42	1
125	304	42	2
132	304	42	1
168	304	42	1
181	304	42	1
126	305	42	1
133	305	42	2
130	307	42	1
130	308	42	1
140	309	42	1
143	310	42	2
162	310	42	1
141	311	42	1
140	314	42	2
137	315	42	1
142	317	42	1
139	318	42	1
148	318	42	1
179	323	42	1
183	323	42	1
133	324	42	2
137	325	42	1
133	326	42	1
251	326	42	1
154	328	42	1
186	328	42	1
161	330	42	1
179	330	42	2
188	330	42	1
132	331	42	1
180	331	42	1
242	331	42	2
127	332	42	1
150	332	42	1
160	332	42	1
164	332	42	1
165	332	42	1
166	332	42	1
186	332	42	1
242	332	42	1
131	333	42	2
153	333	42	1
183	333	42	2
178	334	42	2
188	334	42	1
218	334	42	1
219	334	42	1
222	334	42	2
245	334	42	2
151	335	42	1
194	336	42	1
152	337	42	2
154	339	42	1
159	340	42	1
211	342	42	1
213	345	42	1
230	346	42	2
231	349	42	1
233	350	42	1
205	355	42	1
207	355	42	1
208	356	42	2
208	357	42	1
204	360	42	2
183	361	42	1
200	364	42	1
206	364	42	1
139	229	43	1
138	230	43	1
157	230	43	1
141	232	43	2
203	234	43	1
141	235	43	2
136	236	43	1
164	236	43	1
143	237	43	1
138	238	43	1
140	238	43	1
166	238	43	1
143	240	43	1
166	240	43	1
169	245	43	1
178	245	43	3
119	256	43	1
139	256	43	1
143	257	43	1
146	258	43	1
215	258	43	2
144	259	43	1
149	260	43	1
151	260	43	2
154	260	43	1
172	260	43	1
178	260	43	1
153	262	43	1
167	262	43	1
146	263	43	1
151	264	43	3
124	265	43	1
145	265	43	1
153	265	43	1
149	266	43	1
151	266	43	1
147	267	43	1
148	267	43	1
164	268	43	1
142	270	43	2
151	270	43	1
143	271	43	1
146	271	43	1
141	272	43	1
143	272	43	1
148	272	43	1
146	273	43	1
147	273	43	2
255	274	43	2
141	275	43	1
152	275	43	1
182	275	43	2
144	276	43	2
148	276	43	2
164	276	43	1
145	277	43	1
148	277	43	1
150	277	43	1
156	277	43	1
131	278	43	1
149	278	43	1
152	279	43	1
154	279	43	1
158	279	43	1
210	280	43	1
142	281	43	1
152	281	43	1
158	282	43	1
141	284	43	1
150	284	43	1
160	284	43	2
215	285	43	1
137	286	43	1
141	286	43	1
143	286	43	1
216	286	43	2
140	287	43	3
138	288	43	3
140	288	43	1
134	291	43	2
143	293	43	1
255	293	43	1
134	295	43	1
140	295	43	2
254	295	43	1
131	296	43	2
136	296	43	2
149	297	43	1
209	298	43	1
141	299	43	1
141	300	43	1
152	300	43	1
167	300	43	1
142	301	43	2
131	302	43	2
135	302	43	2
137	302	43	1
143	302	43	1
130	303	43	1
136	303	43	1
135	304	43	2
140	304	43	2
131	305	43	1
168	305	43	1
129	306	43	2
129	307	43	1
143	308	43	1
174	308	43	1
167	309	43	1
144	312	43	1
142	313	43	1
140	314	43	1
143	314	43	3
140	317	43	1
114	321	43	1
135	324	43	2
138	324	43	4
132	326	43	2
133	326	43	1
136	326	43	1
249	326	43	1
176	327	43	1
186	327	43	1
156	328	43	1
184	328	43	1
251	328	43	1
133	329	43	1
192	332	43	2
216	333	43	1
219	334	43	1
128	335	43	1
153	336	43	2
244	336	43	2
249	337	43	2
249	338	43	1
209	342	43	1
222	343	43	4
212	346	43	2
233	346	43	1
233	347	43	2
209	349	43	3
236	349	43	1
238	349	43	2
200	350	43	1
206	350	43	1
227	350	43	1
233	350	43	1
206	354	43	2
206	358	43	1
206	359	43	1
186	360	43	1
206	361	43	2
204	362	43	1
137	228	44	1
141	229	44	1
137	231	44	1
164	232	44	1
140	234	44	1
159	236	44	1
143	237	44	4
164	237	44	2
180	245	44	1
181	245	44	1
179	249	44	1
175	257	44	1
176	258	44	2
158	259	44	1
178	259	44	1
150	260	44	1
158	260	44	1
161	261	44	2
175	261	44	1
154	262	44	1
156	262	44	1
159	262	44	1
149	263	44	2
156	263	44	2
157	263	44	1
158	263	44	1
210	263	44	1
146	264	44	2
152	264	44	1
149	265	44	2
146	267	44	1
149	267	44	1
152	269	44	1
213	269	44	1
144	271	44	1
203	271	44	1
148	272	44	1
151	272	44	1
142	273	44	1
181	274	44	1
146	275	44	1
166	275	44	1
152	276	44	2
150	277	44	1
156	277	44	1
149	278	44	2
154	278	44	1
146	279	44	1
161	279	44	1
150	280	44	1
140	281	44	1
148	281	44	2
150	281	44	2
154	281	44	2
143	282	44	1
150	282	44	1
158	282	44	1
148	283	44	2
158	283	44	1
217	283	44	1
155	284	44	1
142	285	44	1
218	286	44	1
136	291	44	2
144	291	44	1
252	292	44	1
139	293	44	1
145	293	44	2
144	294	44	1
140	296	44	2
135	299	44	1
142	300	44	1
168	300	44	1
130	301	44	2
145	301	44	3
127	302	44	1
128	305	44	1
130	306	44	1
144	306	44	3
170	309	44	2
171	309	44	1
141	315	44	1
141	318	44	1
113	322	44	1
133	326	44	1
179	330	44	2
133	331	44	2
132	334	44	1
136	334	44	1
218	334	44	1
219	336	44	1
216	337	44	1
217	337	44	1
216	344	44	1
211	346	44	1
228	346	44	1
211	348	44	1
212	348	44	1
211	349	44	2
208	354	44	1
192	361	44	1
195	361	44	1
163	233	45	1
174	259	45	1
176	259	45	2
173	260	45	1
156	263	45	1
155	267	45	1
148	269	45	2
145	270	45	1
146	271	45	1
151	272	45	1
158	272	45	1
179	274	45	3
147	279	45	1
149	279	45	1
152	282	45	1
145	283	45	1
150	283	45	1
217	285	45	1
141	286	45	1
206	286	45	1
145	292	45	1
143	293	45	1
145	294	45	1
143	295	45	1
140	296	45	1
143	296	45	3
136	297	45	1
138	299	45	1
134	301	45	1
138	301	45	3
142	301	45	1
137	302	45	1
143	302	45	1
127	303	45	2
133	303	45	1
137	304	45	1
141	315	45	2
186	326	45	3
193	333	45	2
217	334	45	1
245	340	45	1
217	345	45	1
231	346	45	1
210	347	45	1
227	349	45	1
233	349	45	1
175	352	45	1
230	354	45	1
134	229	46	1
155	233	46	1
181	247	46	1
154	262	46	1
145	269	46	1
154	270	46	1
163	275	46	1
158	280	46	2
215	280	46	1
146	281	46	1
144	282	46	1
146	282	46	1
152	282	46	1
149	284	46	2
157	284	46	2
248	285	46	1
143	290	46	1
140	292	46	1
144	292	46	1
201	292	46	1
204	292	46	1
144	293	46	1
148	293	46	1
139	295	46	2
136	298	46	1
139	298	46	1
132	300	46	1
132	301	46	1
135	301	46	1
136	301	46	1
137	301	46	1
130	302	46	1
131	302	46	1
192	306	46	1
184	319	46	1
188	320	46	2
176	323	46	1
177	323	46	2
179	323	46	1
174	325	46	1
172	326	46	1
182	326	46	1
178	327	46	1
131	330	46	1
217	334	46	1
217	335	46	1
221	340	46	1
216	341	46	1
217	342	46	1
205	346	46	1
173	353	46	1
141	227	47	1
138	229	47	1
212	261	47	1
151	269	47	2
146	282	47	1
146	289	47	2
140	292	47	1
178	320	47	1
185	323	47	1
175	324	47	1
179	324	47	1
186	329	47	1
230	353	47	1
231	356	47	1
154	274	48	1
146	275	48	3
143	279	48	1
124	319	48	1
179	323	48	1
157	325	48	1
136	222	49	1
170	228	49	1
116	230	49	1
127	235	49	1
126	245	49	2
147	245	49	1
151	248	49	1
156	256	49	1
171	260	49	1
145	262	49	1
146	264	49	1
191	267	49	1
127	268	49	1
139	268	49	1
144	271	49	2
154	274	49	2
156	274	49	1
155	276	49	1
157	279	49	1
207	279	49	2
143	282	49	2
144	284	49	2
146	288	49	1
142	291	49	1
147	292	49	1
140	293	49	2
144	294	49	1
133	295	49	2
140	297	49	3
225	300	49	1
139	304	49	1
126	305	49	1
169	308	49	2
170	312	49	1
145	316	49	1
268	317	49	1
183	319	49	1
178	322	49	1
139	326	49	2
152	338	49	1
224	346	49	2
197	348	49	1
204	348	49	1
186	354	49	3
183	230	50	1
173	232	50	1
121	234	50	1
125	234	50	1
127	235	50	1
234	246	50	1
139	263	50	1
130	265	50	1
134	267	50	1
151	272	50	2
155	273	50	1
160	275	50	1
259	286	50	2
146	289	50	1
143	291	50	1
148	296	50	2
237	300	50	2
151	302	50	1
132	304	50	1
179	329	50	1
225	341	50	1
