x	y	z	Pyruvate metabolism
246	292	21	1
248	286	24	1
251	287	24	1
244	291	24	1
234	271	25	1
232.5	276.5	25.5	1
234	276	25	1
234	279	25	1
249	279	25	1
235	282	25	1
239	283	25	1
240	283	25	1
250	285	25	1
253	285	25	1
232	286	25	1
236	289	25	1
241	289	25	1
240	291	25	1
235	268	26	1
226	272	26	1
213	277	26	1
243	278	26	1
236	279	26	1
237	279	26	1
250	279	26	1
229	282	26	1
239	283	26	1
249	283	26	1
233	284	26	1
246	284	26	1
246	285	26	2
250	285	26	1
254	285	26	1
237	287	26	1
227	289	26	1
243	289	26	1
238	291	26	1
244	293	26	1
243	296	26	1
185	259	27	1
181	261	27	1
178	263	27	1
231	263	27	1
175	264	27	1
176	264	27	1
234	265	27	1
240	265	27	1
237	266	27	1
233	267	27	1
249	267	27	1
228	268	27	1
247	268	27	1
179	269	27	1
214	269	27	1
218	269	27	1
229	269	27	1
237	269	27	1
239	269	27	1
197	270	27	1
232	270	27	1
217	271	27	1
217	272	27	1
239	272	27	1
213	274	27	1
231	274	27	1
237	275	27	1
254	275	27	1
232	276	27	1
239	276	27	1
227	277	27	1
240	277	27	1
246	277	27	1
234	278	27	1
240	279	27	1
250	279	27	1
234	280	27	1
231	281	27	1
246	282	27	1
206	283	27	2
243	283	27	1
236	284	27	1
250	284	27	1
209	285	27	1
240	285	27	1
246	285	27	1
256	285	27	1
226	286	27	1
246	287	27	1
228	288	27	1
231	288	27	1
255	288	27	1
203	289	27	1
223	289	27	1
225	289	27	1
230	289	27	1
254	289	27	1
226	290	27	1
251	290	27	1
235	291	27	1
234	292	27	1
235	292	27	1
252	292	27	1
219	294	27	1
225	294	27	1
238	294	27	1
218	295	27	1
239	295	27	1
249	295	27	1
252	295	27	1
221	296	27	1
245	296	27	1
253	297	27	1
221	298	27	1
237	298	27	1
240	299	27	1
242	299	27	1
240	301	27	1
235	304	27	1
237	271	28	1
249	275	28	1
252	281	28	1
244	287	28	1
227	289	28	1
242	290	28	1
242	294	28	1
234	263	29	1
237	269	29	1
215	270	29	1
182	271	29	1
215	271	29	1
241	271	29	1
232	272	29	1
234	272	29	1
235	272	29	1
249	272	29	1
238	273	29	2
206	276	29	1
234	276	29	1
241	276	29	1
236	278	29	1
235	279	29	1
248	279	29	1
238	280	29	1
241	280	29	1
254	280	29	1
256	284	29	1
219	285	29	1
226	285	29	1
242	285	29	1
247	285	29	1
235	286	29	1
236	286	29	1
235	289	29	1
236	289	29	1
243	289	29	1
226	290	29	1
238	291	29	1
227	292	29	2
239	293	29	1
242	294	29	1
249	294	29	1
240	295	29	1
243	295	29	1
237	298	29	1
225	300	29	1
223	301	29	1
236	301	29	1
238	301	29	2
247	301	29	1
232	254	30	1
205	259	30	1
222	259	30	1
224	259	30	1
225	260	30	1
240	260	30	1
246	261	30	1
193	263	30	1
240	263	30	1
188	264	30	1
249	264	30	1
213	265	30	1
219	266	30	1
172	268	30	1
211	268	30	1
223	268	30	1
226	268	30	1
240	268	30	1
180	269	30	1
216	269	30	1
243	269	30	1
214	270	30	1
216	270	30	1
238	270	30	1
245	270	30	1
183	271	30	1
229	271	30	1
233	271	30	1
181	272	30	1
203	272	30	1
229	274	30	1
182	275	30	1
213	275	30	1
235	276	30	1
175	278	30	1
203	278	30	1
249	278	30	1
237	280	30	1
218	281	30	1
239	281	30	1
240	281	30	1
174	282	30	1
248	282	30	1
253	284	30	2
225	285	30	1
255	285	30	1
239	286	30	1
257	286	30	1
228	287	30	1
238.5	287.5	30.5	1
222	289	30	1
230	292	30	1
246	292	30	1
234	293	30	1
227	294	30	1
232	294	30	1
245	294	30	1
239	296	30	1
227	297	30	1
237	297	30	1
218	299	30	1
229	299	30	1
237	300	30	1
251	300	30	1
244	301	30	1
248	302	30	1
217	303	30	1
239	303	30	1
237	304	30	1
229	252	31	1
224	253	31	1
234	255	31	1
235	255	31	1
235	259	31	1
186	260	31	1
195	260	31	1
209	260	31	1
184	261	31	1
226	261	31	1
237	261	31	1
245	261	31	1
221	262	31	1
218	263	31	1
221	263	31	1
233	263	31	1
240	263	31	1
217	264	31	1
200	265	31	1
193	266	31	1
217	266	31	1
182	267	31	1
215	268	31	1
209	269	31	1
231	269	31	1
252	269	31	1
201	270	31	1
174	271	31	1
176	271	31	1
247	271	31	1
185	272	31	1
212	272	31	1
184	273	31	1
234	273	31	1
250	273	31	1
204	274	31	1
226	274	31	1
247	274	31	1
250	274	31	1
252	276	31	1
209	277	31	1
237	277	31	1
238	277	31	1
245	277	31	1
247	277	31	1
204	278	31	1
237	278	31	1
254	279	31	1
251	280	31	1
206	281	31	1
219	281	31	1
239	281	31	1
173	282	31	1
181	282	31	1
241	282	31	1
247	282	31	1
253	282	31	1
179	283	31	1
180	284	31	1
251	285	31	1
178	286	31	1
222	286	31	1
224	287	31	1
223	288	31	1
253	288	31	1
221	289	31	1
242	289	31	2
230	290	31	1
250	290	31	1
241	291	31	1
248	291	31	1
249	291	31	1
226	292	31	1
254	292	31	1
232	293	31	1
242	293	31	1
233	294	31	1
226	301	31	2
227	301	31	1
228	301	31	1
240	302	31	1
246	302	31	1
247	302	31	2
215	251	32	1
232	254	32	1
226	255	32	1
195	257	32	1
233	258	32	1
243	259	32	1
210	260	32	1
248	260	32	1
203	262	32	1
249	262	32	1
189	263	32	1
243	263	32	1
249	263	32	1
227	264	32	1
228	264	32	1
231	264	32	1
246	264	32	1
176	265	32	1
188	265	32	1
221	265	32	1
226	265	32	1
251	265	32	1
184	266	32	1
195	266	32	1
224	266	32	1
225	268	32	1
246	268	32	1
177	269	32	1
218	269	32	1
195	270	32	1
206	270	32	1
249	270	32	1
176	271	32	1
227	271	32	1
239	272	32	1
181	273	32	1
182	273	32	1
209	273	32	1
213	273	32	1
236	273	32	1
185	274	32	1
207	274	32	3
208	274	32	1
210	274	32	1
240	274	32	1
228	276	32	1
249	276	32	1
224	277	32	1
254	277	32	1
243	278	32	1
246	278	32	1
234	279	32	1
178	280	32	2
229	280	32	1
175	281	32	1
181	281	32	1
187	282	32	1
218	282	32	1
240	282	32	1
179	283	32	1
230	283	32	1
236	283	32	1
176	284	32	1
178	284	32	1
230	284	32	1
235	285	32	1
183	286	32	1
231	286	32	1
220	287	32	1
231	287	32	1
233	287	32	1
244	287	32	1
245	287	32	1
237	288	32	1
246	288	32	1
233	289	32	1
248	289	32	1
226	290	32	1
252	290	32	1
223	291	32	1
245	291	32	1
251	292	32	1
218	293	32	1
221	294	32	1
217	295	32	1
219	298	32	1
228	299	32	1
197	300	32	1
235	300	32	1
235	301	32	1
241	301	32	1
222	302	32	1
223	302	32	1
230	302	32	1
239	302	32	1
247	302	32	1
234	306	32	1
225	308	32	1
216	253	33	1
239	254	33	1
217	255	33	1
218	255	33	1
230	257	33	1
230	258	33	1
212	260	33	1
238	260	33	1
224	261	33	1
230	261	33	1
214	262	33	1
230	262	33	1
219	263	33	1
233	263	33	1
242	263	33	1
191	265	33	1
211	265	33	1
235	265	33	1
228	266	33	1
183	267	33	1
216	267	33	1
224	268	33	1
193	269	33	1
201	269	33	1
224	269	33	1
242	270	33	1
186	271	33	1
233	271	33	1
241	272	33	1
209	273	33	1
239	273	33	1
253	273	33	1
211	274	33	1
232	277	33	1
236	277	33	1
244	277	33	1
181	279	33	1
241	279	33	1
244	279	33	1
249	279	33	1
224	280	33	1
204	281	33	1
232	281	33	1
205	282	33	1
234	282	33	1
252	282	33	1
181	283	33	1
233	283	33	1
254	284	33	1
234	285	33	1
240	285	33	1
253	285	33	1
219	286	33	1
249	286	33	1
255	286	33	1
230	287	33	1
234	288	33	1
255	288	33	1
246	289	33	2
249	289	33	1
235	290	33	1
199	291	33	1
227	292	33	1
228	294	33	1
232	295	33	1
254	295	33	1
239	298	33	2
237	299	33	1
226	300	33	1
236	301	33	1
209	302	33	1
226	302	33	1
233	302	33	1
244	302	33	1
209	304	33	1
225	305	33	1
235	305	33	1
237	305	33	1
217	308	33	1
234	309	33	1
233	310	33	1
234	311	33	1
232	314	33	1
221	256	34	1
228	257	34	1
218	258	34	1
216	259	34	1
235	259	34	1
238	259	34	1
226	260	34	1
195	261	34	1
229	262	34	1
250	262	34	1
206	263	34	1
215	264	34	1
229	264	34	1
194	265	34	1
197	266	34	1
204	266	34	1
191	267	34	1
217	267	34	1
223	267	34	1
247	267	34	1
176	268	34	1
231	268	34	1
251	268	34	1
210	269	34	1
251	269	34	1
201	270	34	1
215	270	34	1
241	270	34	1
246	270	34	1
249	270	34	1
172	271	34	1
173	271	34	1
239	271	34	1
212	272	34	1
228	272	34	1
232	272	34	1
175	276	34	1
180	276	34	1
187	276	34	1
203	276	34	1
214	276	34	1
229	276	34	1
239	276	34	1
207	278	34	1
174	279	34	1
247	279	34	1
249	280	34	1
203	281	34	1
207	281	34	1
237	281	34	2
178	282	34	1
229	282	34	1
230	282	34	1
232	282	34	1
250	283	34	1
222	284	34	1
223	284	34	1
242	284	34	1
249	284	34	1
186	286	34	1
188	286	34	1
184	287	34	1
226	287	34	1
228	287	34	1
234	287	34	1
190	288	34	2
200	288	34	1
204	288	34	1
239	288	34	1
235	289	34	1
257	289	34	1
244	290	34	1
225	291	34	1
231	291	34	1
230	293	34	1
206	294	34	1
229	296	34	1
182	298	34	1
194	298	34	1
203	298	34	1
220	298	34	1
248	298	34	1
241	300	34	1
229	301	34	1
239	303	34	1
199	305	34	1
243	307	34	1
224	308	34	1
229	308	34	1
216	310	34	1
236	311	34	1
229	314	34	1
232	317	34	1
237	318	34	1
240	254	35	1
226	255	35	1
227	255	35	1
231	259	35	1
239	260	35	1
191	261	35	1
218	262	35	1
219	262	35	1
243	262	35	1
196	263	35	1
226	263	35	1
230	263	35	1
237	263	35	1
211	264	35	1
228	264	35	1
243	264	35	1
207	265	35	1
209	265	35	1
219	265	35	1
224	265	35	1
231	265	35	1
178	266	35	2
223	266	35	1
215	267	35	1
223	267	35	1
193	268	35	1
242	268	35	1
246	268	35	1
249	268	35	1
184	269	35	1
222	269	35	1
181	270	35	1
196	270	35	1
211	270	35	1
214	270	35	1
201	271	35	1
218	271	35	1
250	271	35	1
203	272	35	1
232	272	35	1
183	273	35	1
212	273	35	1
216	273	35	1
218	273	35	1
178	274	35	1
183	274	35	1
211	274	35	1
242	274	35	2
202	276	35	1
190	278	35	1
177	279	35	1
184	279	35	1
221	279	35	1
235	279	35	1
191	280	35	1
239	281	35	1
244	281	35	1
227	282	35	1
233	282	35	1
240	283	35	1
216	284	35	1
218	284	35	1
225	284	35	1
242	284	35	1
205	285	35	1
208	285	35	1
217	285	35	2
236	285	35	1
241	285	35	1
221	286	35	1
226	287	35	1
236	288	35	1
242	288	35	1
224	289	35	1
184	290	35	1
198	291	35	1
199	291	35	2
201	293	35	1
218	293	35	1
222	293	35	1
246	293	35	1
198	294	35	1
239	294	35	1
248	295	35	1
223	296	35	1
243	296	35	1
196	297	35	1
248	297	35	1
236	298	35	1
228	299	35	1
240	299	35	1
233	300	35	1
229	301	35	1
236	301	35	1
245	301	35	1
199	302	35	1
200	302	35	1
232	305	35	1
233	305	35	1
242	305	35	1
232	306	35	1
222	307	35	1
221	308	35	1
240	309	35	1
240	311	35	1
226	313	35	1
235	313	35	1
232	316	35	1
219	256	36	1
238	260	36	1
230	262	36	2
231	262	36	1
189	263	36	1
216	263	36	1
233	263	36	1
218	264	36	1
240	264	36	1
220	266	36	1
234	266	36	1
189	267	36	1
218	267	36	1
240	268	36	1
218	269	36	1
232	269	36	1
237	269	36	1
196	270	36	1
191	271	36	1
207	271	36	1
211	271	36	1
233	271	36	1
232	273	36	1
215	274	36	1
220	274	36	1
219	275	36	1
212	276	36	1
189	277	36	1
213	277	36	1
201	278	36	1
226	280	36	1
178	281	36	1
191	281	36	1
204	281	36	1
206	281	36	1
189	283	36	1
204	283	36	1
205	283	36	1
209	283	36	1
230	283	36	1
179	284	36	1
203	284	36	1
225	284	36	1
231	284	36	1
205	285	36	1
215	285	36	1
208	286	36	1
236	286	36	1
221	287	36	1
176	288	36	1
186	288	36	1
219	288	36	1
202	290	36	1
220	290	36	1
233	290	36	1
241	290	36	1
184	291	36	1
224	291	36	1
226	292	36	1
232	292	36	1
235	292	36	1
239	292	36	1
208	293	36	1
226	293	36	1
232	293	36	1
195	294	36	1
223	295	36	1
231	295	36	2
205	296	36	1
239	297	36	1
229	298	36	1
241	298	36	1
234	303	36	1
223	308	36	1
242	309	36	1
228	310	36	1
234	310	36	1
213	311	36	1
235	311	36	1
230	314	36	1
236	318	36	1
226	260	37	1
219	269	37	1
217	270	37	1
209	273	37	1
219	275	37	1
212	282	37	1
206	286	37	1
236	286	37	1
208	287	37	1
194	288	37	1
233	288	37	1
231	290	37	1
232	291	37	1
200	292	37	1
235	294	37	1
234	295	37	1
234	297	37	1
240	300	37	1
227	301	37	1
240	306	37	1
198	307	37	1
226	309	37	1
216	310	37	1
221	311	37	1
212	313	37	1
236	313	37	1
221	314	37	1
234	314	37	1
230	315	37	1
237	319	37	1
225	262	38	2
187	269	38	1
203	272	38	1
208	273	38	1
215	274	38	1
216	275	38	1
211	276	38	1
214	278	38	1
215	282	38	1
188	284	38	1
205	287	38	1
206	288	38	1
217	289	38	1
218	290	38	1
200	291	38	1
202	291	38	1
230	292	38	1
218	293	38	1
224	293	38	1
239	293	38	1
236	294	38	1
231	295	38	1
204	296	38	1
222	296	38	1
228	296	38	1
215	298	38	1
193	299	38	1
239	300	38	1
233	304	38	1
232	305	38	1
226	309	38	1
233	310	38	1
241	310	38	1
244	311	38	1
223	312	38	1
227	312	38	1
219	313	38	1
220	313	38	1
243	315	38	1
244	316	38	1
240	317	38	1
218	319	38	1
237	319	38	1
233	322	38	1
189	273	39	2
212	275	39	1
212	277	39	1
208	278	39	1
214	282	39	1
195	285	39	1
187	286	39	1
192	288	39	1
189	289	39	1
197	290	39	1
212	292	39	1
221	292	39	1
234	295	39	1
226	296	39	1
237	296	39	1
240	296	39	1
206	297	39	1
235	297	39	1
214	298	39	1
219	298	39	1
230	298	39	1
233	299	39	1
226	302	39	1
228	302	39	1
233	302	39	1
210	306	39	1
222	309	39	1
206	311	39	1
211	311	39	1
220	311	39	1
232	311	39	1
235	311	39	1
229	312	39	1
238	312	39	1
238	314	39	1
241	314	39	1
239	315	39	1
241	316	39	1
242	316	39	1
194	287	40	1
191	291	40	1
192	292	40	1
215	296	40	1
228	298	40	1
230	298	40	1
224	299	40	1
229	299	40	1
230	301	40	1
213	306	40	1
214	306	40	1
242	306	40	1
243	307	40	1
233	308	40	1
239	308	40	1
226	309	40	1
221	312	40	1
243	312	40	1
219	314	40	1
243	314	40	1
219	317	40	1
230	320	40	1
216	321	40	1
213	329	40	1
228	306	41	1
219	307	41	1
224	309	41	1
222	310	41	1
240	312	41	1
241	312	41	1
220	315	41	1
236	316	41	1
231	300	42	1
223	302	42	1
220	309	42	1
224	309	42	1
225	309	42	1
221	310	42	2
222	310	42	1
236	311	42	1
221	313	42	1
221	315	42	1
230	315	42	1
240	315	42	2
218	316	42	1
218	317	42	1
218	318	42	1
240	318	42	1
229	320	42	1
239	311	43	1
220	306	44	1
235	311	44	1
226	320	44	1
228	320	44	1
132	221	20	1
127	222	20	2
142	222	20	3
138	223	20	2
148	223	20	1
133	224	20	1
134	224	20	2
144	224	20	2
156	224	20	2
172	224	20	1
176	224	20	1
141	225	20	1
157	225	20	1
176	225	20	2
115	226	20	2
158	226	20	2
160	227	20	1
189	227	20	1
112	228	20	2
119	228	20	1
128	228	20	1
151	228	20	1
155	228	20	1
158	228	20	1
179	228	20	1
118	229	20	2
153	229	20	2
160	229	20	2
127	230	20	1
129	230	20	1
157	230	20	1
173	230	20	2
190	230	20	1
204	230	20	1
132	231	20	1
149	231	20	1
154	231	20	1
135	232	20	1
190	232	20	1
197	232	20	1
130	233	20	1
143	233	20	3
144	233	20	1
152	233	20	1
165	233	20	2
170	233	20	1
206	233	20	2
214	233	20	3
215	233	20	3
132	234	20	1
135	234	20	1
154	234	20	1
213	234	20	2
126	235	20	1
141	235	20	2
143	235	20	1
151	235	20	3
216	235	20	2
220	235	20	2
139	236	20	1
215	236	20	1
129	237	20	2
140	237	20	1
146	237	20	1
148	237	20	1
151	237	20	2
165	237	20	1
204	237	20	1
220	237	20	1
248	237	20	1
117	238	20	2
126	238	20	1
127	238	20	1
140	238	20	1
145	238	20	1
152	238	20	3
158	238	20	2
168	238	20	1
192	238	20	1
128	239	20	1
144	239	20	2
183	239	20	2
118	240	20	1
126	240	20	1
131	240	20	1
146	240	20	3
147	240	20	1
149	240	20	2
152	240	20	1
191	240	20	1
214	240	20	3
231	240	20	1
122	241	20	1
138	241	20	1
141	241	20	1
145	241	20	2
146	241	20	2
149	241	20	1
167	241	20	3
120	242	20	1
123	242	20	1
130	242	20	1
132	242	20	2
136	242	20	3
137	242	20	1
141	242	20	1
148	242	20	2
163	242	20	1
185	242	20	1
124	243	20	2
125	243	20	1
140	243	20	1
141	243	20	2
201	243	20	1
213	243	20	3
118	244	20	1
126	244	20	1
145	244	20	2
154	244	20	2
155	244	20	2
207	244	20	1
213	244	20	3
214	244	20	1
242	244	20	2
111	245	20	3
121	245	20	2
137	245	20	1
160	245	20	1
169	245	20	2
176	245	20	1
182	245	20	3
183	245	20	1
241	245	20	1
117	246	20	1
122	246	20	2
130	246	20	1
149	246	20	1
215	246	20	1
221	246	20	1
237	246	20	2
246	246	20	1
252	246	20	1
137	247	20	1
139	247	20	2
163	247	20	1
235	247	20	1
114	248	20	1
166	248	20	1
175	248	20	2
210	248	20	1
215	248	20	1
222	248	20	2
230	248	20	1
233	248	20	2
138	249	20	2
145	249	20	1
151	249	20	1
167	249	20	1
169	249	20	1
194	249	20	1
215	249	20	1
101	250	20	2
113	250	20	1
119	250	20	1
121	250	20	1
131	250	20	2
155	250	20	3
157	250	20	1
175	250	20	1
227	250	20	2
260	250	20	1
133	251	20	1
175	251	20	2
216	251	20	1
218	251	20	1
220	251	20	1
251	251	20	1
161	252	20	1
173	252	20	1
207	252	20	1
120	253	20	1
140	253	20	2
194	253	20	1
222	253	20	1
252	253	20	1
124	254	20	1
148	254	20	1
161	254	20	1
183	254	20	4
217	254	20	1
223	254	20	2
228	254	20	1
248	254	20	1
255	254	20	2
121	255	20	1
143	255	20	3
197	255	20	1
198	255	20	1
200	255	20	1
207	255	20	1
214	255	20	1
232	255	20	1
251	255	20	1
131	256	20	1
145	256	20	3
158	256	20	1
172	256	20	1
205	256	20	1
227	256	20	2
241	256	20	2
124	257	20	1
134	257	20	4
143	257	20	2
146	257	20	2
164	257	20	2
170	257	20	1
171	257	20	3
175	257	20	1
229	257	20	1
234	257	20	2
243	257	20	3
255	257	20	3
258	257	20	2
265	257	20	2
128	258	20	2
132	258	20	1
175	258	20	2
231	258	20	1
233	258	20	2
136	259	20	2
144	259	20	1
145	259	20	2
166	259	20	1
193	259	20	1
195	259	20	1
201	259	20	1
203	259	20	1
229	259	20	2
231	259	20	1
250	259	20	1
252	259	20	1
108	260	20	1
127	260	20	2
130	260	20	1
134	260	20	1
147	260	20	1
157	260	20	3
158	260	20	1
224	260	20	2
112	261	20	1
163	261	20	3
165	261	20	3
191	261	20	1
199	261	20	1
207	261	20	1
226	261	20	2
231	261	20	2
118	262	20	1
124	262	20	1
144	262	20	2
150	262	20	1
152	262	20	1
170	262	20	1
223	262	20	2
254	262	20	1
133	263	20	2
142	263	20	1
166	263	20	2
191	263	20	1
207	263	20	1
229	263	20	1
259	263	20	2
265	263	20	1
146	264	20	1
163	264	20	1
187	264	20	1
220	264	20	2
249	264	20	1
250	264	20	1
134	265	20	1
137	265	20	4
166	265	20	2
190	265	20	1
218	265	20	1
236	265	20	2
117	266	20	2
118	266	20	2
129	266	20	1
132	266	20	2
170	266	20	3
179	266	20	1
184	266	20	1
197	266	20	1
211	266	20	1
225	266	20	1
117	267	20	1
118	267	20	2
132	267	20	1
154	267	20	1
160	267	20	2
168	267	20	2
239	267	20	1
266	267	20	1
109	268	20	1
113	268	20	1
151	268	20	1
157	268	20	2
209	268	20	1
212	268	20	1
213	268	20	1
255	268	20	1
107	269	20	2
112	269	20	1
119	269	20	1
130	269	20	1
140	269	20	3
147	269	20	1
149	269	20	1
151	269	20	1
155	269	20	2
159	269	20	1
167	269	20	1
197	269	20	2
214	269	20	3
246	269	20	3
257	269	20	2
113	270	20	2
117	270	20	1
118	270	20	1
155	270	20	1
156	270	20	1
162	270	20	1
165	270	20	1
166	270	20	1
177	270	20	2
210	270	20	2
217	270	20	1
227	270	20	1
250	270	20	3
261	270	20	1
128	271	20	2
159	271	20	2
165	271	20	3
167	271	20	2
171	271	20	1
201	271	20	1
225	271	20	2
268	271	20	1
115	272	20	2
125	272	20	3
135	272	20	1
144	272	20	1
154	272	20	1
158	272	20	1
166	272	20	2
169	272	20	1
170	272	20	1
175	272	20	2
218	272	20	1
264	272	20	1
101	273	20	2
119	273	20	1
132	273	20	1
149	273	20	1
167	273	20	2
176	273	20	3
178	273	20	2
201	273	20	1
206	273	20	2
207	273	20	1
217	273	20	1
220	273	20	1
223	273	20	3
122	274	20	1
159	274	20	2
165	274	20	1
167	274	20	2
169	274	20	1
170	274	20	1
174	274	20	2
197	274	20	1
214	274	20	1
226	274	20	1
134	275	20	1
148	275	20	1
154	275	20	1
172	275	20	3
177	275	20	2
204	275	20	1
205	275	20	1
208	275	20	2
221	275	20	1
226	275	20	1
235	275	20	2
236	275	20	1
268	275	20	1
110	276	20	1
130	276	20	1
142	276	20	1
157	276	20	2
162	276	20	4
163	276	20	1
167	276	20	1
170	276	20	1
174	276	20	1
222	276	20	1
231	276	20	2
246	276	20	3
266	276	20	3
130	277	20	1
140	277	20	2
154	277	20	1
177	277	20	2
189	277	20	1
219	277	20	2
249	277	20	1
260	277	20	1
262	277	20	1
137	278	20	1
160	278	20	1
168	278	20	1
183	278	20	3
227	278	20	1
256	278	20	1
269	278	20	1
270	278	20	1
120	279	20	1
156	279	20	2
171	279	20	1
175	279	20	1
186	279	20	3
200	279	20	1
217	279	20	2
222	279	20	1
234	279	20	2
241	279	20	1
269	279	20	1
108	280	20	2
109	280	20	1
125	280	20	1
132	280	20	1
133	280	20	1
163	280	20	2
172	280	20	1
173	280	20	1
174	280	20	1
199	280	20	1
217	280	20	1
224	280	20	1
131	281	20	2
134	281	20	2
142	281	20	1
166	281	20	1
169	281	20	1
172	281	20	2
176	281	20	1
214	281	20	1
216	281	20	1
218	281	20	1
222	281	20	2
226	281	20	1
227	281	20	2
261	281	20	2
116	282	20	1
149	282	20	1
152	282	20	1
269	282	20	1
130	283	20	1
161	283	20	2
165	283	20	2
167	283	20	1
170	283	20	3
171	283	20	2
173	283	20	2
179	283	20	1
190	283	20	1
214	283	20	2
217	283	20	1
271	283	20	1
149	284	20	2
153	284	20	2
163	284	20	1
223	284	20	2
267	284	20	1
157	285	20	2
171	285	20	1
202	285	20	1
208	285	20	1
210	285	20	1
230	285	20	1
231	285	20	1
268	285	20	1
272	285	20	1
151	286	20	1
213	286	20	1
218	286	20	1
225	286	20	1
124	287	20	1
129	287	20	3
155	287	20	2
198	287	20	1
205	287	20	1
220	287	20	1
221	287	20	1
224	287	20	2
226	287	20	1
113	288	20	2
121	288	20	1
167	288	20	2
196	288	20	1
223	288	20	1
225	288	20	1
124	289	20	2
125	289	20	1
143	289	20	1
147	289	20	2
149	289	20	2
181	289	20	1
217	289	20	2
222	289	20	1
224	289	20	1
252	289	20	1
142	290	20	1
143	290	20	2
214	290	20	1
224	290	20	1
226	290	20	1
250	290	20	1
259	290	20	2
106	291	20	2
149	291	20	1
163	291	20	2
192	291	20	1
227	291	20	1
112	292	20	3
129	292	20	1
131	292	20	1
140	292	20	1
146	292	20	2
157	292	20	2
189	292	20	1
192	292	20	1
207	292	20	1
217	292	20	1
236	292	20	1
242	292	20	1
244	292	20	2
249	292	20	1
264	292	20	1
265	292	20	1
133	293	20	1
148	293	20	1
204	293	20	2
225	293	20	1
258	293	20	2
261	293	20	1
141	294	20	1
161	294	20	1
174	294	20	1
180	294	20	2
199	294	20	1
220	294	20	1
222	294	20	1
116	295	20	1
151	295	20	2
173	295	20	1
189	295	20	3
198	295	20	2
218	295	20	1
220	295	20	1
266	295	20	1
271	295	20	2
120	296	20	1
131	296	20	2
136	296	20	2
143	296	20	2
145	296	20	1
162	296	20	2
163	296	20	1
170	296	20	1
178	296	20	1
187	296	20	2
196	296	20	1
202	296	20	1
212	296	20	2
216	296	20	1
217	296	20	1
133	297	20	1
172	297	20	2
201	297	20	3
238	297	20	1
270	297	20	1
147	298	20	1
153	298	20	1
159	298	20	1
192	298	20	1
193	298	20	1
203	298	20	1
230	298	20	1
237	298	20	1
246	298	20	1
265	298	20	1
269	298	20	2
129	299	20	1
134	299	20	1
207	299	20	1
257	299	20	1
174	300	20	1
191	300	20	2
232	300	20	1
253	300	20	1
266	300	20	1
114	301	20	1
118	301	20	2
149	301	20	3
155	301	20	1
166	301	20	2
186	301	20	2
216	301	20	3
233	301	20	1
240	301	20	1
268	301	20	2
114	302	20	1
116	302	20	1
126	302	20	3
134	302	20	2
206	302	20	2
261	302	20	2
264	302	20	2
141	303	20	2
150	303	20	1
194	303	20	1
222	303	20	2
234	303	20	2
266	303	20	1
149	304	20	1
158	304	20	2
174	304	20	1
185	304	20	1
193	304	20	1
203	304	20	1
210	304	20	1
234	304	20	1
238	304	20	1
256	304	20	2
262	304	20	1
124	305	20	3
130	305	20	4
177	305	20	1
206	305	20	1
208	305	20	3
223	305	20	2
234	305	20	1
236	305	20	3
249	305	20	1
252	305	20	2
127	306	20	1
132	306	20	3
172	306	20	2
177	306	20	1
182	306	20	4
191	306	20	2
240	306	20	2
241	306	20	3
258	306	20	2
261	306	20	1
100	307	20	1
118	307	20	1
124	307	20	1
158	307	20	2
166	307	20	1
177	307	20	3
182	307	20	1
211	307	20	1
213	307	20	1
238	307	20	3
239	307	20	1
184	308	20	1
186	308	20	1
197	308	20	1
200	308	20	1
205	308	20	1
208	308	20	1
220	308	20	3
229	308	20	1
235	308	20	1
260	308	20	2
124	309	20	1
130	309	20	1
134	309	20	1
201	309	20	1
203	309	20	2
238	309	20	1
239	309	20	1
242	309	20	1
260	309	20	1
263	309	20	1
267	309	20	1
182	310	20	1
185	310	20	1
198	310	20	2
241	310	20	2
255	310	20	1
107	311	20	1
143	311	20	1
152	311	20	2
201	311	20	2
210	311	20	2
230	311	20	1
238	311	20	1
246	311	20	2
115	312	20	2
211	312	20	1
233	312	20	1
247	312	20	1
258	312	20	3
260	312	20	1
139	313	20	1
164	313	20	1
197	313	20	4
201	313	20	2
227	313	20	1
229	313	20	2
100	314	20	3
142	314	20	2
180	314	20	1
201	314	20	1
202	314	20	2
210	314	20	1
268	314	20	1
124	315	20	1
159	315	20	1
194	315	20	1
215	315	20	1
250	315	20	2
260	315	20	2
262	315	20	2
263	315	20	1
265	315	20	1
266	315	20	1
98	316	20	2
126	316	20	2
146	316	20	1
182	316	20	3
232	316	20	1
234	316	20	1
244	316	20	1
257	316	20	1
259	316	20	1
95	317	20	2
103	317	20	1
110	317	20	1
115	317	20	1
145	317	20	2
162	317	20	1
163	317	20	2
177	317	20	1
202	317	20	3
212	317	20	2
232	317	20	1
233	317	20	1
242	317	20	3
251	317	20	1
98	318	20	2
121	318	20	1
126	318	20	1
129	318	20	1
172	318	20	1
187	318	20	2
237	318	20	2
247	318	20	1
256	318	20	1
258	318	20	1
98	319	20	3
140	319	20	1
168	319	20	1
190	319	20	2
193	319	20	1
237	319	20	1
258	319	20	1
120	320	20	4
141	320	20	1
179	320	20	1
187	320	20	1
195	320	20	1
204	320	20	2
241	320	20	2
244	320	20	2
94	321	20	3
140	321	20	1
183	321	20	1
195	321	20	1
196	321	20	1
197	321	20	2
210	321	20	1
213	321	20	1
231	321	20	1
237	321	20	3
256	321	20	1
92	322	20	2
97	322	20	2
157	322	20	1
178	322	20	2
180	322	20	1
187	322	20	2
190	322	20	1
193	322	20	1
198	322	20	2
226	322	20	1
258	322	20	3
106	323	20	1
108	323	20	2
118	323	20	2
164	323	20	1
178	323	20	2
180	323	20	1
186	323	20	1
193	323	20	1
194	323	20	2
198	323	20	1
214	323	20	1
234	323	20	1
236	323	20	1
237	323	20	2
264	323	20	1
161	324	20	2
165	324	20	2
169	324	20	1
185	324	20	2
193	324	20	2
194	324	20	3
196	324	20	2
198	324	20	1
203	324	20	1
101	325	20	1
111	325	20	1
179	325	20	2
180	325	20	1
181	325	20	1
183	325	20	2
187	325	20	1
189	325	20	1
190	325	20	1
195	325	20	1
207	325	20	1
259	325	20	1
122	326	20	1
128	326	20	1
177	326	20	1
196	326	20	1
199	326	20	4
201	326	20	1
203	326	20	1
211	326	20	1
212	326	20	2
214	326	20	1
217	326	20	1
219	326	20	1
139	327	20	1
153	327	20	1
190	327	20	3
228	327	20	1
233	327	20	1
244	327	20	2
120	328	20	3
135	328	20	1
156	328	20	1
173	328	20	2
179	328	20	3
181	328	20	2
198	328	20	1
257	328	20	1
260	328	20	1
98	329	20	1
117	329	20	2
137	329	20	1
147	329	20	2
165	329	20	1
179	329	20	5
199	329	20	1
210	329	20	1
221	329	20	1
253	329	20	1
97	330	20	1
122	330	20	2
124	330	20	3
131	330	20	1
157	330	20	1
179	330	20	1
213	330	20	2
258	330	20	1
259	330	20	1
260	330	20	1
262	330	20	2
100	331	20	1
118	331	20	2
145	331	20	2
180	331	20	1
200	331	20	1
201	331	20	1
205	331	20	1
240	331	20	2
255	331	20	1
104	332	20	2
106	332	20	1
113	332	20	2
114	332	20	1
140	332	20	2
150	332	20	1
179	332	20	2
180	332	20	1
191	332	20	2
199	332	20	5
209	332	20	1
216	332	20	1
232	332	20	2
260	332	20	1
117	333	20	1
175	333	20	1
176	333	20	1
179	333	20	1
193	333	20	1
204	333	20	1
210	333	20	1
235	333	20	2
250	333	20	2
131	334	20	1
158	334	20	1
160	334	20	3
177	334	20	2
210	334	20	1
224	334	20	2
253	334	20	2
256	334	20	5
258	334	20	1
227	335	20	1
237	335	20	1
239	335	20	2
169	336	20	2
188	336	20	2
194	336	20	1
200	336	20	1
248	336	20	1
144	337	20	1
194	337	20	4
205	337	20	2
220	337	20	1
233	337	20	1
169	338	20	2
198	338	20	2
186	339	20	1
242	339	20	3
246	339	20	1
177	340	20	1
201	340	20	2
233	340	20	3
242	340	20	2
157	341	20	3
167	341	20	1
213	341	20	1
237	341	20	1
238	341	20	2
242	341	20	1
246	341	20	2
227	342	20	3
210	343	20	1
219	343	20	1
229	343	20	2
243	343	20	2
161	344	20	1
181	344	20	1
216	344	20	1
243	345	20	1
198	347	20	3
201	347	20	2
161	348	20	2
173	348	20	2
232	348	20	1
179	349	20	3
186	349	20	1
192	349	20	1
195	349	20	1
165	350	20	1
169	350	20	1
184	350	20	1
207	350	20	1
231	350	20	1
237	350	20	2
206	351	20	1
183	352	20	1
197	352	20	2
216	352	20	1
165	353	20	1
178	353	20	1
184	353	20	1
212	353	20	1
224	353	20	1
231	353	20	1
170	354	20	1
178	354	20	2
210	354	20	1
200	355	20	1
229	356	20	1
182	357	20	1
207	357	20	1
169	358	20	1
211	358	20	2
220	358	20	1
175	359	20	2
176	359	20	1
191	359	20	2
218	359	20	1
176	360	20	1
219	360	20	1
176	361	20	2
199	361	20	1
203	361	20	3
182	362	20	1
192	362	20	2
204	363	20	1
197	365	20	2
142	224	21	1
175	225	21	1
180	225	21	1
155	226	21	1
139	228	21	1
146	228	21	1
182	228	21	1
162	232	21	2
217	235	21	1
132	236	21	1
133	236	21	1
141	236	21	2
146	236	21	2
147	236	21	3
136	237	21	1
137	237	21	1
138	237	21	1
144	237	21	1
146	237	21	2
172	237	21	2
128	238	21	1
131	238	21	1
149	238	21	2
151	238	21	1
129	239	21	1
131	239	21	2
135	239	21	1
136	239	21	1
147	239	21	1
128	240	21	1
132	240	21	1
146	240	21	1
150	240	21	1
214	240	21	2
129	241	21	1
134	241	21	2
135	241	21	1
137	241	21	4
147	241	21	2
152	241	21	1
174	241	21	1
128	242	21	1
140	242	21	1
215	242	21	2
109	243	21	1
128	243	21	1
129	243	21	2
136	243	21	1
138	243	21	1
213	243	21	1
132	244	21	1
135	244	21	2
141	244	21	2
102	245	21	1
116	245	21	2
139	245	21	1
149	245	21	1
214	245	21	2
215	245	21	1
137	246	21	1
149	247	21	1
197	247	21	1
201	247	21	2
232	247	21	1
212	248	21	1
134	249	21	1
216	249	21	1
218	249	21	1
217	250	21	1
117	251	21	1
217	251	21	1
220	251	21	1
148	252	21	1
158	252	21	1
220	252	21	1
154	253	21	1
225	253	21	1
199	254	21	1
223	254	21	2
228	254	21	1
161	255	21	1
225	255	21	1
226	255	21	1
230	255	21	2
122	256	21	1
227	256	21	2
231	256	21	1
107	257	21	1
161	257	21	1
200	257	21	3
232	257	21	1
140	258	21	3
196	260	21	1
231	260	21	1
130	261	21	1
137	262	21	1
163	262	21	1
189	262	21	3
133	263	21	1
219	263	21	1
161	264	21	2
162	264	21	1
158	265	21	1
162	265	21	2
222	265	21	1
139	266	21	1
161	266	21	5
124	269	21	2
154	269	21	1
160	269	21	1
208	269	21	2
117	270	21	2
120	270	21	1
126	270	21	1
164	270	21	2
119	271	21	2
159	271	21	1
174	271	21	1
117	272	21	1
159	272	21	3
163	272	21	1
166	272	21	2
173	272	21	1
175	272	21	1
182	272	21	1
157	273	21	1
164	273	21	2
166	273	21	1
177	273	21	1
178	273	21	1
134	274	21	1
154	274	21	1
176	274	21	2
227	274	21	1
236	274	21	1
114	275	21	3
175	275	21	1
176	275	21	2
177	275	21	1
179	275	21	2
116	276	21	2
165	276	21	1
173	276	21	1
267	276	21	1
119	277	21	1
169	277	21	1
172	277	21	1
174	277	21	2
218	277	21	1
117	278	21	1
124	278	21	1
157	278	21	1
171	278	21	2
218	278	21	4
169	279	21	1
176	279	21	1
178	279	21	1
216	279	21	3
266	279	21	1
174	280	21	2
177	280	21	1
204	280	21	1
205	280	21	2
169	281	21	1
175	281	21	2
173	282	21	1
215	282	21	1
217	282	21	2
220	282	21	1
224	282	21	1
271	282	21	4
150	283	21	1
173	283	21	2
206	284	21	2
215	284	21	1
224	284	21	1
230	284	21	1
123	285	21	1
125	285	21	2
180	285	21	1
223	285	21	1
237	285	21	2
101	286	21	1
220	286	21	1
223	286	21	2
152	287	21	2
219	287	21	2
223	287	21	2
134	288	21	1
186	288	21	2
217	288	21	2
224	288	21	1
271	288	21	2
217	289	21	2
225	289	21	1
221	290	21	1
106	291	21	2
178	291	21	1
219	291	21	1
244	292	21	1
216	293	21	1
217	293	21	1
142	294	21	2
187	294	21	1
235	294	21	1
140	295	21	1
215	295	21	2
217	295	21	2
218	295	21	1
271	295	21	1
193	296	21	1
150	297	21	1
154	297	21	4
194	297	21	2
214	297	21	2
217	297	21	1
262	297	21	1
162	298	21	2
177	298	21	2
230	298	21	1
232	298	21	1
192	299	21	1
153	300	21	2
211	300	21	1
214	300	21	2
239	300	21	2
267	300	21	1
236	302	21	2
264	302	21	1
105	303	21	2
186	303	21	1
211	303	21	2
239	303	21	2
240	303	21	1
186	304	21	1
187	304	21	2
266	304	21	1
267	304	21	1
96	305	21	1
204	305	21	1
209	305	21	1
210	305	21	1
223	305	21	1
241	305	21	1
181	306	21	1
203	306	21	1
231	306	21	1
234	306	21	1
235	306	21	1
258	306	21	1
203	307	21	2
204	307	21	1
207	307	21	2
210	307	21	1
236	307	21	1
180	308	21	1
260	308	21	1
261	308	21	1
264	309	21	1
112	310	21	3
149	310	21	1
162	310	21	2
166	310	21	1
176	310	21	1
230	310	21	1
261	310	21	2
177	311	21	2
212	311	21	1
148	312	21	1
199	312	21	1
201	312	21	1
203	312	21	1
230	312	21	1
258	312	21	1
116	313	21	3
241	313	21	1
258	313	21	2
261	313	21	2
175	314	21	1
203	314	21	2
204	314	21	1
205	314	21	1
230	314	21	1
260	314	21	2
211	315	21	1
214	315	21	1
256	315	21	1
257	315	21	1
181	316	21	1
203	316	21	3
208	316	21	1
254	316	21	2
256	316	21	3
166	317	21	1
178	317	21	1
180	317	21	2
232	317	21	1
257	317	21	1
170	318	21	1
177	318	21	1
233	318	21	1
240	318	21	2
260	318	21	1
92	320	21	2
258	320	21	1
262	320	21	1
132	321	21	1
167	321	21	1
185	321	21	1
187	321	21	1
249	321	21	1
256	321	21	1
178	322	21	2
187	322	21	1
199	322	21	1
258	322	21	2
259	322	21	1
98	323	21	1
126	323	21	1
179	323	21	1
200	323	21	2
201	323	21	3
227	323	21	1
243	323	21	2
261	323	21	2
149	324	21	1
162	324	21	1
178	324	21	1
186	324	21	1
188	324	21	1
196	324	21	1
181	325	21	2
186	325	21	1
190	325	21	1
199	325	21	2
202	325	21	2
181	326	21	1
94	327	21	2
156	327	21	2
180	327	21	1
188	327	21	3
147	328	21	2
260	328	21	1
157	329	21	2
98	330	21	1
228	330	21	1
141	331	21	1
153	331	21	3
183	331	21	1
230	331	21	1
257	331	21	1
260	331	21	2
138	332	21	1
260	332	21	2
261	332	21	1
210	333	21	1
223	334	21	1
255	334	21	1
260	334	21	4
134	335	21	1
170	335	21	1
181	335	21	1
237	335	21	2
259	335	21	1
142	336	21	2
173	336	21	1
177	336	21	2
183	336	21	1
211	336	21	4
259	336	21	2
260	336	21	1
145	338	21	1
180	338	21	1
175	339	21	1
231	340	21	1
237	340	21	1
225	341	21	1
244	341	21	1
169	342	21	3
239	342	21	1
240	344	21	1
180	346	21	2
173	349	21	1
212	349	21	2
221	354	21	1
179	355	21	1
181	355	21	1
168	359	21	2
179	360	21	1
195	361	21	2
181	362	21	2
197	363	21	1
154	228	22	1
162	230	22	3
131	234	22	1
139	234	22	1
136	235	22	2
142	235	22	1
145	235	22	1
148	235	22	1
132	236	22	3
133	236	22	2
140	236	22	2
130	237	22	1
135	237	22	2
139	238	22	1
141	238	22	2
146	238	22	1
132	239	22	2
144	239	22	1
213	239	22	1
141	240	22	1
152	240	22	2
154	240	22	2
216	240	22	1
140	241	22	1
148	241	22	2
153	241	22	1
214	241	22	3
129	242	22	2
131	242	22	2
132	242	22	1
134	242	22	1
135	242	22	1
144	242	22	1
215	242	22	1
139	243	22	1
149	243	22	3
145	244	22	3
133	245	22	1
136	245	22	2
132	246	22	1
217	250	22	1
218	252	22	3
223	252	22	1
224	253	22	2
221	254	22	1
227	254	22	1
229	255	22	1
163	256	22	1
196	256	22	1
228	256	22	1
199	257	22	1
197	258	22	1
232	259	22	1
161	260	22	2
162	260	22	1
163	261	22	2
163	264	22	2
119	267	22	2
120	267	22	2
121	267	22	3
122	267	22	1
132	267	22	2
160	267	22	1
121	268	22	2
122	268	22	1
195	268	22	1
122	269	22	1
122	270	22	4
125	270	22	2
127	270	22	1
179	270	22	1
156	271	22	2
164	271	22	1
165	271	22	2
176	271	22	1
120	272	22	1
177	272	22	1
165	273	22	1
174	273	22	1
177	273	22	2
179	273	22	1
154	274	22	2
168	274	22	3
177	274	22	2
165	275	22	1
176	276	22	1
170	277	22	1
176	277	22	2
176	278	22	2
190	278	22	2
227	278	22	2
169	279	22	2
178	279	22	1
230	279	22	1
174	280	22	1
178	280	22	1
227	280	22	1
170	281	22	1
175	282	22	1
226	282	22	1
202	284	22	1
224	285	22	2
226	285	22	1
219	288	22	1
224	288	22	3
198	290	22	1
219	292	22	3
222	292	22	1
241	293	22	1
217	295	22	1
217	297	22	3
219	297	22	1
216	299	22	1
267	300	22	1
264	302	22	2
212	303	22	1
268	303	22	4
185	304	22	1
186	304	22	2
236	305	22	1
232	306	22	2
182	307	22	2
204	307	22	1
207	307	22	1
234	307	22	1
238	307	22	1
238	308	22	2
260	308	22	2
231	309	22	1
204	310	22	1
207	310	22	3
209	310	22	1
250	310	22	1
259	310	22	1
260	310	22	1
206	311	22	1
231	311	22	1
264	311	22	2
176	312	22	1
258	312	22	1
175	313	22	1
233	313	22	1
261	313	22	3
200	314	22	1
236	314	22	2
257	314	22	1
226	315	22	1
257	315	22	2
261	315	22	1
236	317	22	1
258	318	22	1
262	318	22	2
184	320	22	1
260	320	22	2
261	320	22	2
191	321	22	1
257	321	22	1
259	322	22	2
185	323	22	2
187	323	22	3
191	323	22	1
197	323	22	1
258	323	22	1
181	324	22	3
182	324	22	3
183	324	22	1
194	324	22	1
200	324	22	1
181	325	22	1
188	325	22	4
199	325	22	1
202	326	22	1
98	328	22	1
199	328	22	1
201	329	22	1
103	330	22	1
182	330	22	1
181	331	22	2
259	331	22	1
178	334	22	1
180	334	22	1
259	334	22	1
176	335	22	2
179	337	22	2
235	340	22	1
240	343	22	1
242	344	22	1
244	344	22	1
157	225	23	1
175	225	23	1
180	225	23	1
158	226	23	2
155	228	23	1
157	228	23	1
157	229	23	2
156	230	23	3
152	231	23	1
157	231	23	1
158	231	23	1
134	234	23	1
138	234	23	2
140	234	23	1
144	235	23	2
145	235	23	1
148	235	23	1
133	236	23	1
142	237	23	1
130	238	23	1
133	238	23	1
140	238	23	1
145	238	23	2
138	239	23	2
130	240	23	2
132	241	23	1
136	241	23	1
140	241	23	2
141	241	23	1
142	241	23	1
145	241	23	1
149	241	23	1
138	242	23	1
149	242	23	1
215	242	23	1
130	243	23	3
132	243	23	1
134	243	23	1
140	243	23	1
214	243	23	1
227	243	23	1
142	244	23	1
145	244	23	1
227	249	23	1
219	251	23	1
222	252	23	1
192	253	23	3
223	253	23	1
224	253	23	1
196	254	23	3
226	255	23	1
163	256	23	1
198	256	23	1
193	257	23	2
224	257	23	1
228	257	23	1
197	259	23	1
119	263	23	2
218	263	23	1
119	264	23	1
119	267	23	1
121	267	23	1
124	267	23	1
162	267	23	1
127	268	23	2
163	268	23	2
117	269	23	3
166	271	23	1
154	272	23	1
167	272	23	2
158	273	23	2
164	273	23	1
169	274	23	1
176	274	23	1
226	274	23	2
167	275	23	2
224	275	23	1
140	276	23	1
172	276	23	1
179	276	23	1
166	277	23	1
176	277	23	2
170	279	23	1
219	279	23	1
176	280	23	1
168	281	23	1
169	281	23	1
170	281	23	1
210	281	23	1
173	282	23	1
174	282	23	2
206	282	23	1
174	283	23	3
172	284	23	2
173	284	23	1
176	284	23	2
226	284	23	1
271	285	23	1
222	291	23	2
269	291	23	1
271	292	23	1
220	293	23	1
267	293	23	1
269	293	23	1
271	293	23	1
266	294	23	1
266	295	23	1
215	296	23	3
269	297	23	1
267	298	23	1
269	298	23	1
190	299	23	1
215	299	23	1
264	299	23	1
207	301	23	1
236	301	23	1
264	301	23	2
268	301	23	1
236	302	23	1
266	302	23	1
136	303	23	2
264	303	23	1
237	304	23	2
264	305	23	1
265	305	23	1
239	306	23	1
181	307	23	2
185	307	23	3
205	307	23	3
206	307	23	1
241	307	23	2
259	307	23	1
261	308	23	1
262	308	23	1
266	308	23	1
179	309	23	4
204	309	23	2
261	309	23	1
176	310	23	1
234	311	23	1
240	311	23	1
257	311	23	2
237	312	23	3
260	312	23	2
176	313	23	1
203	313	23	1
258	313	23	1
262	313	23	1
204	314	23	2
232	314	23	1
257	314	23	1
179	315	23	1
245	315	23	1
257	315	23	1
258	315	23	1
262	315	23	1
172	316	23	2
258	316	23	2
261	316	23	3
181	317	23	1
257	317	23	1
258	317	23	2
265	317	23	1
182	318	23	3
184	318	23	1
254	318	23	4
258	318	23	1
259	318	23	2
261	318	23	1
166	319	23	1
258	319	23	1
261	319	23	2
262	319	23	1
256	321	23	1
187	322	23	1
256	322	23	1
259	322	23	1
178	324	23	1
260	324	23	2
182	325	23	1
186	325	23	3
192	326	23	2
194	326	23	1
99	327	23	1
94	328	23	3
97	328	23	1
203	328	23	1
96	329	23	1
184	330	23	2
102	331	23	2
201	331	23	2
260	331	23	1
180	332	23	1
260	332	23	1
182	333	23	1
259	333	23	1
260	336	23	2
242	342	23	1
243	343	23	2
240	345	23	1
182	221	24	2
179	222	24	1
181	223	24	2
178	224	24	1
179	224	24	2
176	225	24	1
157	226	24	2
174	226	24	1
178	226	24	2
157	227	24	1
156	229	24	2
158	229	24	1
151	231	24	2
153	232	24	1
157	233	24	2
143	234	24	1
151	234	24	1
136	235	24	2
145	235	24	2
137	236	24	2
140	236	24	1
141	236	24	1
146	236	24	4
145	237	24	1
150	237	24	1
132	238	24	1
143	238	24	1
146	238	24	2
150	238	24	1
151	238	24	1
133	239	24	2
142	239	24	1
145	239	24	2
132	240	24	1
137	240	24	1
142	240	24	1
145	240	24	1
140	241	24	1
144	241	24	1
140	242	24	1
226	242	24	2
134	243	24	1
141	243	24	3
149	243	24	1
131	244	24	1
137	244	24	1
141	244	24	1
141	246	24	1
142	246	24	1
227	246	24	2
139	247	24	1
228	247	24	1
215	248	24	1
138	249	24	1
216	249	24	2
230	249	24	1
131	252	24	2
134	252	24	2
225	252	24	1
141	253	24	1
220	253	24	1
140	254	24	1
227	254	24	1
140	255	24	1
143	255	24	2
163	256	24	2
196	258	24	2
199	258	24	1
120	261	24	2
198	261	24	3
116	262	24	1
119	262	24	1
124	262	24	2
117	263	24	1
120	263	24	2
217	263	24	2
122	264	24	1
117	265	24	1
118	265	24	3
119	265	24	2
216	265	24	2
117	266	24	1
215	266	24	1
123	267	24	1
210	268	24	1
130	269	24	1
162	269	24	1
165	269	24	1
127	270	24	1
163	270	24	1
131	271	24	2
128	272	24	2
166	272	24	2
165	273	24	1
167	273	24	1
166	274	24	3
179	274	24	1
166	275	24	2
167	275	24	1
171	276	24	1
220	277	24	1
171	278	24	3
178	278	24	1
179	278	24	1
171	279	24	1
179	279	24	2
168	280	24	1
170	280	24	1
168	281	24	1
174	281	24	2
179	281	24	2
173	283	24	2
176	284	24	1
177	284	24	1
206	284	24	2
204	285	24	1
276	286	24	1
277	288	24	1
201	289	24	1
276	289	24	1
274	290	24	2
275	290	24	1
198	291	24	2
197	293	24	2
194	294	24	1
266	295	24	1
271	295	24	1
219	296	24	3
236	297	24	1
269	297	24	2
268	298	24	2
213	299	24	2
236	299	24	1
264	299	24	1
265	299	24	1
189	300	24	1
235	300	24	1
238	300	24	1
265	301	24	2
267	301	24	1
235	302	24	1
240	302	24	3
207	303	24	1
234	303	24	1
188	304	24	1
235	304	24	3
236	304	24	2
237	304	24	1
241	304	24	1
241	305	24	1
259	305	24	1
264	305	24	2
238	306	24	1
241	306	24	1
242	306	24	2
263	306	24	1
260	307	24	2
235	308	24	1
260	308	24	1
264	308	24	1
232	309	24	1
237	309	24	1
257	309	24	1
259	309	24	1
260	309	24	1
263	309	24	2
204	310	24	2
238	310	24	1
240	310	24	1
260	310	24	2
234	311	24	2
257	311	24	2
260	311	24	1
266	311	24	1
239	312	24	1
240	312	24	1
263	312	24	1
177	313	24	1
199	313	24	1
238	313	24	1
261	313	24	1
264	313	24	1
175	314	24	1
176	314	24	1
203	314	24	1
234	314	24	1
237	314	24	1
259	314	24	1
260	314	24	2
263	314	24	1
171	315	24	1
211	315	24	2
172	316	24	1
213	316	24	2
258	316	24	1
167	317	24	1
169	317	24	2
167	318	24	2
168	318	24	1
253	318	24	1
260	318	24	3
184	319	24	1
257	319	24	3
261	319	24	1
182	320	24	1
239	320	24	1
164	321	24	1
165	321	24	1
260	321	24	1
185	322	24	1
241	322	24	1
242	322	24	1
187	323	24	1
195	323	24	1
236	323	24	3
161	324	24	1
186	324	24	2
259	324	24	1
185	326	24	2
261	326	24	1
183	327	24	1
201	327	24	2
259	328	24	1
99	329	24	2
154	329	24	1
157	329	24	1
96	330	24	1
101	330	24	1
105	330	24	1
104	331	24	1
180	331	24	1
260	331	24	1
261	331	24	1
97	332	24	1
102	332	24	1
257	332	24	1
178	334	24	1
259	334	24	2
181	335	24	1
245	335	24	1
259	335	24	1
258	336	24	1
259	337	24	1
181	359	24	1
180	222	25	1
181	223	25	2
179	224	25	2
157	226	25	2
155	228	25	1
158	228	25	1
161	228	25	1
159	230	25	1
158	231	25	1
137	234	25	3
135	235	25	1
136	235	25	3
140	235	25	3
143	235	25	3
134	237	25	1
139	237	25	2
141	237	25	1
145	237	25	1
140	238	25	1
135	239	25	1
132	240	25	1
134	240	25	1
134	241	25	1
135	241	25	1
237	241	25	1
134	242	25	1
135	242	25	1
227	243	25	2
133	244	25	2
134	245	25	1
133	246	25	1
139	246	25	1
144	246	25	2
140	247	25	1
139	248	25	1
230	248	25	3
229	250	25	3
140	253	25	1
225	253	25	1
224	257	25	1
225	258	25	1
223	260	25	1
119	261	25	1
122	261	25	1
199	261	25	1
119	263	25	4
219	263	25	1
215	264	25	2
126	265	25	2
122	266	25	1
128	266	25	1
261	266	25	1
181	271	25	1
178	276	25	1
165	277	25	1
170	278	25	4
173	278	25	1
176	278	25	2
178	278	25	2
177	279	25	2
273	279	25	1
170	280	25	1
274	280	25	1
169	282	25	1
174	282	25	1
275	285	25	2
277	287	25	1
277	288	25	1
199	289	25	1
271	290	25	2
277	290	25	1
271	291	25	1
270	293	25	1
269	294	25	4
266	296	25	3
269	296	25	1
266	297	25	1
238	299	25	1
268	299	25	1
262	301	25	1
265	301	25	3
237	302	25	1
238	302	25	1
232	308	25	1
243	308	25	2
230	309	25	2
262	309	25	1
208	310	25	1
260	310	25	3
233	311	25	1
258	311	25	3
262	311	25	1
208	312	25	1
263	312	25	3
260	313	25	3
209	314	25	2
232	314	25	1
257	314	25	1
258	314	25	3
262	314	25	1
176	315	25	1
256	316	25	2
262	316	25	2
257	317	25	1
260	317	25	1
258	319	25	2
240	320	25	1
241	320	25	1
238	321	25	1
239	323	25	1
183	329	25	2
259	331	25	1
153	332	25	1
180	222	26	2
182	222	26	1
180	223	26	1
181	223	26	2
179	224	26	1
178	225	26	2
174	226	26	1
157	228	26	1
157	230	26	3
159	230	26	2
160	230	26	1
159	231	26	2
139	235	26	1
140	235	26	2
250	235	26	2
248	236	26	2
134	237	26	2
143	237	26	1
248	237	26	1
133	238	26	2
136	238	26	1
246	238	26	2
242	239	26	1
134	240	26	1
135	240	26	1
136	240	26	1
131	241	26	1
226	241	26	2
101	242	26	1
132	242	26	1
136	243	26	1
226	243	26	1
235	243	26	1
134	245	26	2
137	245	26	2
226	246	26	2
223	248	26	1
226	248	26	1
230	248	26	2
224	249	26	1
125	251	26	2
229	251	26	1
226	252	26	1
123	253	26	1
224	253	26	1
121	257	26	2
121	258	26	2
120	259	26	2
125	266	26	2
120	268	26	2
126	268	26	3
119	269	26	2
123	269	26	2
126	269	26	2
122	270	26	2
124	271	26	1
176	275	26	3
178	275	26	1
171	276	26	1
177	276	26	1
169	278	26	1
175	278	26	1
177	278	26	2
163	279	26	1
176	279	26	1
174	280	26	2
176	280	26	1
274	280	26	1
169	281	26	1
273	281	26	1
167	282	26	1
274	282	26	1
275	282	26	2
175	283	26	1
176	283	26	1
181	287	26	3
268	293	26	1
272	293	26	1
268	295	26	2
266	297	26	1
235	298	26	1
267	298	26	1
229	308	26	1
235	308	26	1
262	309	26	1
209	311	26	2
259	311	26	1
260	311	26	2
209	312	26	1
208	313	26	2
209	313	26	2
211	314	26	1
262	314	26	3
211	316	26	1
258	316	26	1
260	316	26	2
256	317	26	1
258	317	26	1
262	317	26	1
237	319	26	2
259	319	26	1
261	319	26	1
241	321	26	1
242	321	26	2
240	322	26	1
242	322	26	2
186	359	26	1
186	360	26	3
155	231	27	3
164	231	27	4
161	232	27	1
162	232	27	3
163	232	27	3
164	232	27	1
166	232	27	1
164	233	27	1
146	234	27	1
152	234	27	3
145	235	27	2
146	235	27	2
136	236	27	2
137	236	27	1
245	236	27	1
249	236	27	1
250	236	27	3
135	237	27	2
137	237	27	1
241	237	27	1
139	238	27	1
146	238	27	1
241	238	27	1
243	238	27	1
244	238	27	1
246	238	27	1
249	238	27	2
132	239	27	3
135	239	27	1
241	239	27	1
242	240	27	5
133	241	27	1
226	241	27	2
134	242	27	1
134	243	27	2
226	244	27	2
193	251	27	2
227	251	27	1
225	253	27	1
125	255	27	1
120	256	27	1
121	257	27	1
125	257	27	1
122	258	27	2
125	267	27	2
126	267	27	1
119	268	27	1
124	268	27	1
122	270	27	1
127	270	27	1
127	271	27	1
174	276	27	2
175	277	27	1
175	278	27	1
178	278	27	1
172	279	27	2
174	279	27	2
175	279	27	1
274	280	27	1
174	281	27	2
177	281	27	1
275	281	27	2
165	282	27	2
173	282	27	2
178	282	27	1
274	282	27	1
177	283	27	1
178	283	27	2
271	283	27	1
273	283	27	1
170	284	27	3
173	284	27	1
270	290	27	1
270	294	27	1
192	295	27	1
232	302	27	1
233	303	27	1
266	303	27	1
236	306	27	2
235	308	27	1
203	309	27	1
233	309	27	2
230	310	27	1
202	311	27	1
258	312	27	1
259	312	27	2
208	314	27	1
212	314	27	1
258	316	27	1
261	317	27	2
239	319	27	1
256	319	27	1
259	319	27	2
260	320	27	1
236	324	27	1
96	328	27	1
260	328	27	4
259	330	27	3
186	357	27	1
186	360	27	1
183	361	27	1
115	228	28	1
160	231	28	1
163	231	28	1
165	231	28	1
167	231	28	2
164	232	28	3
152	233	28	1
156	233	28	1
166	234	28	2
145	235	28	1
153	235	28	1
244	235	28	1
246	235	28	2
250	235	28	1
138	236	28	1
143	236	28	1
249	236	28	1
251	236	28	1
136	237	28	1
137	237	28	2
138	237	28	2
243	237	28	3
247	237	28	2
249	237	28	3
136	238	28	2
139	238	28	1
147	238	28	1
185	238	28	1
246	238	28	1
250	238	28	2
144	239	28	2
244	239	28	1
139	240	28	2
140	240	28	1
139	241	28	1
185	241	28	3
186	241	28	1
137	242	28	1
227	243	28	2
189	244	28	1
230	245	28	3
231	245	28	1
234	249	28	1
226	250	28	1
235	250	28	1
126	251	28	1
193	251	28	2
234	251	28	1
124	252	28	1
127	252	28	1
124	254	28	1
126	254	28	1
124	255	28	1
125	255	28	1
128	256	28	1
126	257	28	2
134	257	28	2
259	266	28	1
124	267	28	1
122	268	28	1
262	268	28	2
121	270	28	1
126	270	28	1
127	270	28	4
121	271	28	1
127	271	28	1
167	272	28	1
134	274	28	1
129	275	28	1
129	277	28	3
171	277	28	2
128	278	28	1
171	279	28	2
176	279	28	1
276	280	28	1
172	281	28	1
274	281	28	4
165	282	28	1
177	282	28	2
165	283	28	1
170	283	28	1
174	283	28	1
275	283	28	4
176	284	28	1
274	284	28	1
275	284	28	1
164	285	28	1
167	285	28	2
169	285	28	1
178	285	28	2
275	285	28	2
166	287	28	1
168	288	28	2
271	289	28	1
270	290	28	1
192	292	28	1
193	294	28	1
179	296	28	2
236	305	28	2
228	307	28	1
234	307	28	1
207	308	28	1
204	310	28	1
208	310	28	1
222	310	28	2
230	310	28	1
211	311	28	3
257	312	28	1
204	313	28	1
206	313	28	1
261	313	28	4
260	314	28	2
209	315	28	1
210	315	28	1
211	315	28	1
259	315	28	1
210	316	28	1
259	316	28	1
242	317	28	1
261	317	28	2
262	318	28	1
239	321	28	1
240	321	28	1
235	323	28	1
232	325	28	1
94	328	28	1
96	331	28	2
96	332	28	2
116	223	29	1
171	231	29	1
162	232	29	1
160	233	29	1
164	233	29	1
250	235	29	2
191	236	29	1
250	236	29	1
252	236	29	2
142	237	29	1
183	237	29	1
140	238	29	1
250	238	29	2
183	239	29	2
186	239	29	1
178	240	29	1
181	240	29	2
182	240	29	2
186	240	29	1
190	240	29	1
180	241	29	1
237	242	29	2
234	243	29	1
236	243	29	2
186	244	29	1
189	244	29	1
192	244	29	1
191	245	29	1
189	249	29	1
127	253	29	2
132	254	29	1
133	257	29	1
132	259	29	1
134	259	29	1
259	266	29	2
257	268	29	1
123	270	29	1
124	271	29	2
121	272	29	1
125	272	29	2
127	272	29	1
132	272	29	2
136	272	29	1
137	273	29	1
166	273	29	1
167	273	29	1
168	273	29	2
170	273	29	2
128	274	29	2
138	274	29	1
168	274	29	2
168	275	29	1
171	275	29	1
167	278	29	3
169	278	29	1
170	278	29	1
174	278	29	1
175	279	29	1
175	281	29	1
276	281	29	2
161	282	29	1
167	282	29	1
174	282	29	1
275	282	29	1
166	283	29	2
174	283	29	2
276	283	29	1
161	284	29	2
164	284	29	2
168	284	29	2
177	284	29	1
274	284	29	3
275	284	29	1
176	285	29	1
177	285	29	1
276	285	29	1
167	287	29	1
270	294	29	1
175	295	29	1
176	295	29	3
177	296	29	1
235	304	29	1
236	307	29	2
204	308	29	2
206	308	29	3
225	308	29	1
227	309	29	1
203	310	29	1
212	312	29	1
209	313	29	1
221	313	29	1
258	313	29	1
207	314	29	2
211	314	29	2
249	314	29	1
212	315	29	2
245	315	29	1
241	316	29	1
255	316	29	1
259	317	29	2
262	317	29	1
241	318	29	2
243	319	29	1
239	320	29	1
239	321	29	1
123	325	29	2
126	325	29	1
121	326	29	1
125	327	29	2
227	327	29	2
95	328	29	2
98	329	29	2
134	329	29	1
97	330	29	2
95	331	29	1
143	332	29	1
95	333	29	1
96	333	29	1
191	346	29	1
187	360	29	2
220	360	29	2
187	361	29	1
192	234	30	1
197	235	30	1
176	237	30	1
117	239	30	2
181	239	30	1
184	239	30	1
177	240	30	2
178	240	30	1
181	240	30	1
178	241	30	1
183	241	30	1
172	242	30	1
181	242	30	1
189	242	30	1
184	244	30	1
190	244	30	1
191	245	30	2
148	253	30	1
126	256	30	1
129	256	30	1
123	257	30	1
125	257	30	2
250	257	30	1
126	258	30	1
250	258	30	2
131	260	30	2
257	261	30	1
136	263	30	2
259	266	30	2
126	269	30	1
123	270	30	1
125	270	30	1
134	270	30	1
137	270	30	1
122	271	30	3
124	271	30	1
127	271	30	2
138	271	30	1
139	271	30	1
165	271	30	1
124	272	30	2
135	272	30	1
123	273	30	1
138	273	30	1
140	273	30	1
167	273	30	1
168	273	30	1
139	274	30	1
170	274	30	1
143	275	30	1
159	279	30	1
276	280	30	1
159	281	30	3
276	281	30	1
275	282	30	1
276	282	30	1
164	283	30	4
165	283	30	2
276	283	30	1
163	284	30	1
164	284	30	1
276	284	30	2
165	285	30	1
275	285	30	1
276	285	30	1
163	286	30	1
165	287	30	2
170	287	30	2
162	288	30	3
178	294	30	1
177	296	30	2
180	299	30	1
194	306	30	1
198	307	30	1
190	309	30	2
204	310	30	1
208	310	30	2
208	312	30	1
225	312	30	1
207	314	30	1
210	316	30	2
246	316	30	2
243	317	30	1
246	317	30	3
243	320	30	3
128	324	30	1
129	324	30	1
96	327	30	1
99	327	30	2
98	330	30	1
93	331	30	2
98	331	30	1
95	333	30	3
220	362	30	1
220	363	30	1
139	239	31	2
174	239	31	2
178	240	31	2
185	240	31	1
240	240	31	2
175	241	31	2
178	241	31	1
183	241	31	1
187	241	31	1
188	241	31	1
179	242	31	1
172	243	31	1
176	243	31	2
184	243	31	3
188	243	31	1
189	243	31	1
190	244	31	3
173	245	31	3
185	245	31	1
186	245	31	1
188	245	31	1
190	245	31	1
124	256	31	1
126	256	31	2
127	256	31	1
129	256	31	1
123	257	31	2
147	257	31	1
133	258	31	1
124	259	31	1
129	259	31	1
148	259	31	2
255	259	31	1
256	262	31	2
258	262	31	2
257	263	31	1
127	264	31	1
129	265	31	1
259	265	31	2
261	265	31	1
257	266	31	1
262	266	31	1
258	267	31	2
260	267	31	1
261	267	31	1
125	268	31	1
126	268	31	1
261	268	31	2
125	270	31	1
132	270	31	1
129	271	31	1
135	271	31	2
136	271	31	1
137	271	31	1
163	271	31	3
260	271	31	1
127	272	31	4
132	272	31	2
163	273	31	3
140	274	31	4
162	274	31	3
141	275	31	1
165	275	31	1
166	275	31	1
166	277	31	1
168	277	31	1
261	281	31	3
159	282	31	3
275	282	31	2
276	282	31	1
165	283	31	1
167	283	31	3
276	283	31	1
162	284	31	2
166	284	31	1
167	284	31	1
274	284	31	1
163	285	31	2
165	285	31	1
276	285	31	2
162	286	31	1
163	286	31	1
166	286	31	2
163	287	31	1
168	288	31	1
170	292	31	1
172	292	31	2
174	293	31	1
181	301	31	1
206	307	31	1
187	308	31	1
193	308	31	1
191	309	31	1
206	309	31	1
187	310	31	2
198	310	31	2
189	311	31	2
203	311	31	1
210	311	31	1
245	311	31	2
205	312	31	1
190	313	31	2
211	315	31	2
220	315	31	2
211	317	31	1
246	318	31	2
236	323	31	1
98	326	31	2
92	327	31	1
93	327	31	1
98	327	31	2
96	328	31	1
94	329	31	1
98	329	31	1
132	329	31	1
94	330	31	1
95	330	31	3
93	331	31	2
95	331	31	1
96	331	31	1
97	331	31	1
94	332	31	1
98	332	31	2
96	333	31	1
97	333	31	1
96	334	31	1
174	339	31	1
187	346	31	3
186	349	31	2
188	349	31	2
184	350	31	1
219	363	31	1
113	225	32	1
114	225	32	1
180	241	32	1
186	242	32	2
188	242	32	1
174	243	32	1
194	243	32	1
173	244	32	2
178	244	32	1
181	244	32	1
182	244	32	1
190	244	32	1
186	245	32	1
190	245	32	2
186	247	32	1
149	251	32	1
134	254	32	1
132	257	32	1
149	257	32	2
253	258	32	1
133	259	32	1
256	259	32	1
130	263	32	2
128	265	32	3
260	267	32	1
261	267	32	2
263	267	32	1
126	268	32	1
260	268	32	1
261	268	32	1
127	269	32	1
262	269	32	1
126	270	32	2
124	271	32	1
125	271	32	1
165	272	32	2
165	274	32	1
167	274	32	1
164	276	32	1
157	277	32	1
260	277	32	1
262	277	32	1
158	279	32	1
167	280	32	1
276	281	32	2
164	282	32	1
262	282	32	1
163	283	32	1
165	283	32	2
164	284	32	3
167	284	32	2
163	285	32	1
162	286	32	1
162	287	32	2
167	288	32	2
167	289	32	3
116	304	32	2
118	304	32	1
188	308	32	3
195	308	32	1
196	308	32	1
199	308	32	1
112	309	32	2
186	309	32	2
210	309	32	3
258	309	32	1
195	310	32	1
196	310	32	1
202	310	32	1
113	311	32	1
190	311	32	1
195	311	32	1
203	311	32	2
207	311	32	1
210	311	32	1
225	311	32	1
112	312	32	2
193	312	32	1
199	312	32	2
201	312	32	2
203	312	32	1
207	312	32	2
211	312	32	1
246	312	32	1
247	312	32	1
197	314	32	1
223	315	32	1
245	315	32	1
243	317	32	1
245	318	32	1
246	319	32	1
211	320	32	1
212	320	32	1
245	320	32	2
246	320	32	3
242	321	32	2
99	327	32	1
97	328	32	1
92	330	32	1
97	330	32	3
94	331	32	2
97	333	32	1
99	333	32	2
184	336	32	1
188	346	32	1
186	347	32	1
189	347	32	1
187	348	32	2
186	354	32	1
175	359	32	1
177	359	32	1
115	224	33	1
114	227	33	1
112	228	33	2
173	241	33	1
188	244	33	1
178	245	33	1
183	245	33	1
185	245	33	1
200	246	33	2
208	246	33	1
210	246	33	1
135	254	33	2
136	254	33	2
147	257	33	1
252	258	33	1
254	258	33	1
129	259	33	1
258	259	33	3
131	260	33	2
132	260	33	2
257	260	33	1
158	261	33	2
256	261	33	1
158	262	33	2
164	262	33	1
129	263	33	2
130	263	33	2
126	264	33	2
127	264	33	1
130	264	33	1
260	264	33	1
257	265	33	2
128	266	33	3
266	266	33	2
124	267	33	1
128	267	33	3
262	267	33	4
266	267	33	1
125	268	33	1
128	268	33	2
157	268	33	1
163	268	33	1
263	268	33	1
124	269	33	2
128	269	33	1
129	269	33	2
130	269	33	1
263	269	33	1
127	270	33	1
263	270	33	1
266	270	33	1
129	271	33	2
262	272	33	2
157	273	33	2
262	273	33	1
261	274	33	2
155	275	33	1
162	275	33	1
164	275	33	1
159	276	33	1
261	276	33	1
164	277	33	1
163	278	33	1
164	278	33	1
149	279	33	2
261	281	33	1
160	283	33	1
165	283	33	1
161	284	33	1
160	286	33	3
161	286	33	3
162	287	33	1
166	287	33	1
161	291	33	1
125	292	33	1
118	298	33	2
117	301	33	3
118	303	33	1
118	305	33	2
195	306	33	1
115	307	33	1
183	307	33	2
195	307	33	3
197	307	33	4
115	308	33	3
116	308	33	1
184	308	33	1
186	308	33	1
189	308	33	2
190	308	33	2
198	308	33	1
199	308	33	1
115	309	33	2
185	309	33	3
191	309	33	1
195	309	33	3
197	309	33	2
198	309	33	1
191	310	33	2
193	310	33	1
114	311	33	2
191	311	33	1
198	311	33	2
199	311	33	2
189	312	33	1
198	312	33	1
199	312	33	1
205	312	33	1
112	313	33	1
111	314	33	1
209	314	33	1
245	314	33	1
246	314	33	1
247	315	33	1
249	316	33	1
119	318	33	2
120	318	33	1
198	318	33	1
243	318	33	1
199	319	33	1
203	319	33	1
206	319	33	2
201	321	33	1
210	321	33	1
238	321	33	2
126	323	33	1
239	323	33	1
93	327	33	2
100	329	33	1
196	331	33	2
199	332	33	1
98	333	33	2
205	333	33	1
205	334	33	1
214	341	33	1
215	341	33	4
212	344	33	1
206	345	33	1
187	346	33	1
199	346	33	1
208	346	33	1
182	348	33	1
183	348	33	1
188	348	33	1
190	348	33	1
183	349	33	1
186	349	33	3
210	349	33	1
177	352	33	1
177	353	33	1
178	354	33	1
177	360	33	1
114	226	34	1
115	226	34	2
114	227	34	2
113	228	34	1
115	229	34	1
139	234	34	1
137	237	34	1
139	239	34	2
140	240	34	1
174	240	34	1
174	243	34	1
175	245	34	1
199	245	34	2
193	246	34	1
208	247	34	1
212	247	34	1
130	252	34	1
134	253	34	2
138	254	34	1
131	255	34	1
133	255	34	2
131	256	34	1
133	256	34	2
138	256	34	2
143	256	34	2
147	257	34	2
252	257	34	1
130	258	34	1
131	258	34	2
137	258	34	1
148	258	34	1
250	258	34	1
132	259	34	2
133	259	34	1
167	261	34	2
127	262	34	1
134	262	34	1
126	263	34	1
127	263	34	1
129	263	34	2
130	263	34	1
261	264	34	1
129	265	34	1
265	265	34	1
130	267	34	1
263	268	34	1
129	269	34	1
126	270	34	1
127	270	34	1
154	270	34	1
157	270	34	1
262	270	34	2
265	270	34	2
266	270	34	2
166	271	34	2
157	272	34	1
162	272	34	1
163	272	34	1
166	272	34	2
260	272	34	1
157	274	34	2
260	274	34	1
144	275	34	1
162	275	34	1
158	276	34	3
261	276	34	2
262	276	34	1
164	277	34	2
163	278	34	1
151	279	34	3
158	279	34	1
161	279	34	1
164	279	34	1
158	280	34	1
261	281	34	1
259	282	34	1
165	283	34	1
124	287	34	1
125	289	34	2
161	290	34	2
120	294	34	2
164	294	34	2
166	294	34	1
120	297	34	1
122	298	34	1
118	301	34	1
118	302	34	1
248	302	34	1
116	305	34	2
177	305	34	1
140	306	34	1
118	308	34	1
183	308	34	1
186	308	34	1
188	308	34	2
189	308	34	1
112	309	34	1
186	309	34	1
187	309	34	1
197	309	34	3
112	310	34	1
197	310	34	1
200	310	34	1
115	311	34	1
192	311	34	1
249	311	34	1
110	312	34	1
194	312	34	1
198	312	34	2
247	312	34	1
205	313	34	2
111	314	34	1
114	314	34	2
113	316	34	1
242	316	34	1
124	317	34	1
245	317	34	1
200	318	34	1
241	318	34	2
245	318	34	1
240	319	34	2
241	319	34	1
243	320	34	1
201	321	34	1
127	322	34	1
131	322	34	3
201	322	34	3
242	322	34	2
234	323	34	1
238	323	34	1
242	324	34	1
235	325	34	1
94	328	34	1
188	328	34	1
100	330	34	1
96	331	34	1
101	332	34	2
194	333	34	1
199	333	34	2
189	334	34	1
191	334	34	1
193	334	34	2
193	335	34	1
217	336	34	1
192	337	34	1
194	337	34	2
215	337	34	2
211	340	34	2
195	341	34	2
211	342	34	1
200	344	34	1
190	345	34	1
205	345	34	2
213	345	34	1
205	346	34	2
211	346	34	1
214	346	34	3
192	347	34	1
208	347	34	2
213	347	34	1
182	348	34	1
186	348	34	3
197	348	34	2
207	348	34	1
212	348	34	1
215	348	34	1
188	349	34	1
205	349	34	5
194	350	34	1
196	350	34	2
180	351	34	1
179	352	34	1
200	352	34	2
207	352	34	1
205	353	34	1
207	353	34	1
181	355	34	1
181	358	34	1
180	360	34	1
218	362	34	1
113	225	35	2
117	226	35	1
112	228	35	1
116	228	35	1
114	229	35	1
123	232	35	1
121	234	35	1
117	236	35	1
129	236	35	1
139	237	35	1
138	238	35	1
139	238	35	1
139	239	35	1
143	240	35	1
139	243	35	5
207	244	35	1
134	251	35	1
130	252	35	2
149	253	35	1
130	255	35	2
131	255	35	1
135	255	35	1
254	256	35	1
130	257	35	2
134	257	35	1
136	257	35	2
137	257	35	1
138	257	35	1
133	258	35	1
258	259	35	1
127	260	35	2
143	260	35	1
149	260	35	1
132	261	35	2
140	261	35	2
156	261	35	2
126	262	35	1
128	263	35	3
132	263	35	2
127	264	35	2
128	264	35	1
130	264	35	1
146	264	35	1
262	265	35	1
265	266	35	1
266	266	35	1
127	267	35	1
153	267	35	1
156	271	35	3
264	271	35	3
132	272	35	1
159	272	35	2
163	272	35	2
255	272	35	1
142	273	35	1
159	273	35	1
140	274	35	1
146	274	35	1
159	274	35	2
161	274	35	2
162	274	35	1
163	274	35	1
166	274	35	1
157	275	35	1
160	275	35	1
166	276	35	1
160	277	35	1
159	279	35	1
163	279	35	2
125	282	35	1
158	282	35	1
161	283	35	1
123	285	35	1
146	285	35	1
123	286	35	2
125	286	35	4
122	288	35	1
125	289	35	2
124	290	35	1
162	294	35	2
124	295	35	1
255	295	35	1
252	296	35	1
119	297	35	1
167	297	35	1
120	298	35	2
121	298	35	1
170	298	35	1
121	299	35	1
171	299	35	1
247	299	35	4
120	300	35	1
173	300	35	2
174	300	35	1
121	303	35	1
118	304	35	1
119	304	35	1
174	304	35	1
175	304	35	2
121	305	35	1
117	306	35	1
120	306	35	1
246	306	35	1
114	307	35	1
120	307	35	2
176	307	35	2
182	307	35	1
181	308	35	1
186	308	35	1
187	308	35	2
189	308	35	2
136	309	35	1
186	309	35	2
193	309	35	1
193	310	35	1
114	311	35	1
190	311	35	2
191	311	35	1
196	311	35	1
197	311	35	4
198	311	35	1
250	311	35	1
199	312	35	2
248	312	35	2
114	313	35	2
246	313	35	1
110	314	35	1
112	314	35	1
245	314	35	2
113	315	35	2
124	316	35	1
244	316	35	1
121	317	35	3
125	317	35	2
122	319	35	1
242	319	35	1
133	321	35	1
201	321	35	1
242	321	35	1
127	322	35	3
199	322	35	1
237	322	35	1
238	323	35	1
236	324	35	1
98	325	35	1
131	325	35	3
239	325	35	1
242	325	35	2
236	326	35	1
235	327	35	2
95	329	35	1
96	329	35	1
189	333	35	1
192	334	35	2
195	334	35	1
186	335	35	1
191	336	35	1
194	336	35	1
195	336	35	2
192	337	35	3
200	338	35	1
213	339	35	1
189	341	35	1
212	342	35	1
189	345	35	2
189	346	35	1
211	346	35	3
186	348	35	2
190	348	35	1
195	348	35	1
192	349	35	1
193	349	35	1
213	349	35	2
215	349	35	1
212	350	35	1
187	351	35	1
193	351	35	1
207	351	35	1
210	351	35	1
212	351	35	1
213	351	35	1
191	352	35	1
207	352	35	2
211	352	35	1
198	353	35	1
199	353	35	1
207	353	35	2
210	353	35	1
178	354	35	1
194	354	35	2
202	354	35	1
205	354	35	1
178	355	35	3
204	355	35	1
172	356	35	1
179	356	35	3
204	356	35	2
176	357	35	1
113	227	36	1
122	231	36	1
125	234	36	2
125	235	36	1
139	237	36	1
140	238	36	1
138	239	36	2
139	239	36	1
136	240	36	2
138	240	36	1
141	240	36	2
141	241	36	1
169	241	36	2
136	242	36	2
140	242	36	2
170	242	36	1
175	242	36	2
171	244	36	2
132	250	36	2
133	251	36	1
137	253	36	1
140	253	36	1
138	254	36	1
141	254	36	2
136	255	36	1
140	255	36	3
144	255	36	2
130	256	36	1
132	256	36	1
132	257	36	1
135	257	36	1
130	258	36	2
253	258	36	2
252	259	36	1
255	259	36	1
134	261	36	1
127	263	36	1
265	263	36	1
126	264	36	1
130	264	36	1
155	264	36	2
129	265	36	1
155	265	36	1
262	265	36	1
265	265	36	2
154	266	36	1
146	267	36	1
127	268	36	1
136	269	36	1
129	270	36	1
157	270	36	1
157	271	36	2
143	273	36	2
160	273	36	1
260	273	36	1
257	274	36	1
261	275	36	2
163	276	36	2
260	276	36	1
163	277	36	2
164	278	36	1
163	279	36	2
262	279	36	1
126	280	36	4
259	280	36	1
126	282	36	1
149	282	36	1
258	283	36	1
259	283	36	1
126	285	36	1
127	286	36	2
160	286	36	1
124	288	36	4
124	289	36	1
122	292	36	1
124	295	36	1
165	297	36	1
120	298	36	1
171	298	36	1
259	298	36	2
166	299	36	1
249	299	36	1
171	300	36	2
174	300	36	1
176	300	36	1
121	301	36	1
172	301	36	1
174	301	36	3
175	301	36	1
176	301	36	1
117	302	36	1
120	303	36	1
114	304	36	1
115	304	36	2
179	304	36	1
115	306	36	1
121	306	36	1
114	308	36	1
185	308	36	1
187	308	36	3
115	309	36	2
186	309	36	1
189	309	36	1
114	310	36	1
184	310	36	1
110	311	36	1
191	311	36	4
196	311	36	3
249	311	36	1
250	311	36	1
252	311	36	2
110	312	36	1
191	312	36	1
109	313	36	1
126	316	36	1
259	317	36	1
151	318	36	2
114	319	36	1
130	320	36	1
228	320	36	1
130	322	36	1
238	322	36	2
186	324	36	2
196	324	36	1
236	324	36	1
235	325	36	1
237	325	36	1
126	326	36	2
94	327	36	1
98	327	36	1
127	328	36	2
151	333	36	1
186	334	36	1
186	335	36	1
148	337	36	1
199	337	36	1
150	338	36	1
213	338	36	1
211	339	36	1
210	340	36	1
211	340	36	3
213	340	36	2
212	341	36	1
189	343	36	1
189	346	36	1
191	347	36	1
197	348	36	2
214	348	36	1
209	349	36	1
187	350	36	1
188	350	36	1
211	350	36	1
214	350	36	1
214	351	36	1
185	352	36	1
185	353	36	1
207	353	36	1
211	353	36	2
182	355	36	3
204	355	36	1
207	355	36	1
182	356	36	1
183	356	36	1
177	357	36	3
177	359	36	2
123	225	37	1
114	226	37	1
116	232	37	1
124	232	37	1
172	232	37	1
127	233	37	2
129	233	37	1
138	233	37	2
124	234	37	1
125	234	37	1
130	234	37	1
127	235	37	2
129	236	37	1
137	236	37	1
118	237	37	1
138	238	37	1
139	238	37	1
135	239	37	1
143	239	37	2
167	239	37	1
169	240	37	1
167	241	37	1
125	242	37	2
143	242	37	2
165	242	37	1
124	243	37	3
137	243	37	1
139	243	37	2
144	243	37	2
126	244	37	2
137	244	37	2
170	244	37	1
171	244	37	1
173	245	37	1
175	245	37	1
174	247	37	1
136	249	37	1
137	252	37	1
139	253	37	1
141	253	37	1
144	253	37	1
148	253	37	2
132	254	37	1
143	254	37	1
144	254	37	1
146	255	37	2
132	256	37	1
207	256	37	1
132	257	37	1
129	258	37	1
130	260	37	2
132	260	37	2
209	260	37	1
244	260	37	1
129	261	37	1
133	261	37	1
129	262	37	2
133	262	37	1
261	262	37	1
133	263	37	3
140	263	37	2
142	263	37	1
145	263	37	2
148	263	37	1
154	263	37	2
131	264	37	1
142	264	37	2
128	265	37	1
144	265	37	1
155	265	37	2
263	265	37	3
147	266	37	2
154	268	37	3
145	269	37	1
151	269	37	1
162	269	37	2
158	271	37	1
249	272	37	1
254	272	37	1
161	273	37	2
132	274	37	2
160	274	37	2
165	274	37	2
145	275	37	3
136	276	37	1
160	276	37	1
163	277	37	1
142	278	37	1
163	278	37	1
126	279	37	1
258	280	37	1
161	282	37	1
125	283	37	1
128	283	37	1
161	283	37	1
124	284	37	1
127	284	37	1
128	284	37	1
161	284	37	1
146	286	37	2
160	286	37	1
126	288	37	2
152	288	37	2
155	288	37	1
126	289	37	2
148	289	37	1
160	292	37	1
256	292	37	2
262	292	37	2
121	293	37	2
159	293	37	1
259	293	37	2
259	295	37	1
260	297	37	1
168	299	37	1
173	299	37	2
175	299	37	1
174	300	37	1
175	300	37	1
173	301	37	1
175	301	37	1
176	301	37	1
177	301	37	1
247	301	37	1
176	302	37	3
176	303	37	1
114	304	37	1
115	304	37	4
261	304	37	1
116	306	37	1
116	308	37	2
183	308	37	1
181	309	37	3
252	309	37	1
112	310	37	5
115	310	37	1
189	311	37	2
194	312	37	1
196	313	37	1
111	314	37	2
119	314	37	1
121	314	37	1
196	314	37	2
118	316	37	2
121	316	37	1
152	316	37	2
117	317	37	2
135	317	37	1
119	318	37	1
146	318	37	2
152	318	37	1
115	319	37	2
116	319	37	1
116	320	37	1
131	320	37	2
143	321	37	2
137	322	37	4
139	322	37	2
138	324	37	1
241	326	37	1
181	332	37	2
185	332	37	2
181	333	37	3
185	333	37	1
185	334	37	1
209	338	37	2
208	341	37	1
209	342	37	3
210	342	37	2
197	343	37	1
192	344	37	2
203	346	37	1
213	347	37	1
214	347	37	1
209	348	37	2
212	348	37	1
188	349	37	1
212	349	37	3
215	349	37	1
210	350	37	2
209	353	37	1
182	354	37	1
205	354	37	3
206	355	37	1
207	356	37	1
208	356	37	3
206	357	37	2
114	218	38	1
123	225	38	1
126	225	38	1
124	226	38	1
125	230	38	1
126	230	38	3
173	230	38	3
174	230	38	1
137	231	38	1
122	232	38	2
138	232	38	1
127	233	38	2
129	233	38	1
135	233	38	1
114	234	38	1
129	234	38	1
130	234	38	1
134	234	38	2
135	234	38	1
170	234	38	1
117	235	38	3
137	235	38	1
139	235	38	2
119	236	38	2
166	237	38	1
141	238	38	1
143	238	38	1
144	238	38	2
197	238	38	2
137	239	38	1
136	240	38	1
162	240	38	2
164	240	38	2
200	240	38	1
128	241	38	1
165	241	38	2
126	242	38	1
144	242	38	1
166	242	38	2
197	242	38	1
136	243	38	1
143	243	38	1
123	244	38	1
139	244	38	1
141	244	38	1
173	244	38	2
124	245	38	1
125	245	38	2
167	245	38	2
172	245	38	1
123	246	38	1
174	246	38	2
168	247	38	1
140	248	38	1
169	248	38	1
167	249	38	2
132	251	38	2
142	252	38	1
152	252	38	1
170	252	38	1
236	252	38	1
134	253	38	1
151	253	38	1
152	253	38	1
134	254	38	1
143	254	38	1
152	254	38	1
138	255	38	1
139	255	38	1
144	255	38	1
151	255	38	1
169	255	38	1
132	256	38	2
151	256	38	1
135	258	38	2
139	258	38	2
146	258	38	1
207	258	38	2
146	259	38	1
148	259	38	1
169	259	38	2
252	259	38	2
130	260	38	1
134	260	38	2
142	260	38	1
143	260	38	1
144	260	38	1
168	260	38	5
263	260	38	1
131	261	38	2
139	261	38	1
146	261	38	2
149	261	38	1
170	261	38	1
260	261	38	1
264	261	38	2
140	262	38	1
142	262	38	1
151	262	38	1
152	262	38	2
128	263	38	1
147	263	38	2
150	263	38	1
153	263	38	1
158	263	38	1
167	263	38	1
129	264	38	1
130	264	38	1
131	264	38	1
166	264	38	2
154	265	38	3
156	265	38	2
151	266	38	1
154	266	38	2
149	267	38	1
143	268	38	2
152	268	38	1
261	268	38	2
136	269	38	2
140	271	38	1
141	271	38	1
247	271	38	1
140	272	38	1
141	272	38	1
147	272	38	1
251	272	38	1
254	272	38	1
143	274	38	1
250	274	38	2
251	274	38	1
252	274	38	1
129	276	38	1
134	276	38	2
147	276	38	1
163	276	38	1
140	277	38	1
152	277	38	3
161	277	38	3
128	280	38	1
134	280	38	1
140	280	38	1
128	281	38	1
129	281	38	1
137	281	38	2
139	281	38	1
132	282	38	2
135	282	38	2
135	283	38	2
126	284	38	1
140	284	38	1
127	285	38	2
134	286	38	1
153	286	38	2
126	288	38	1
155	288	38	2
156	292	38	2
253	293	38	1
255	294	38	1
259	294	38	1
155	295	38	3
156	295	38	3
260	296	38	2
121	297	38	1
251	297	38	2
259	297	38	1
170	298	38	1
170	300	38	1
173	300	38	3
179	300	38	2
178	302	38	1
125	303	38	2
260	303	38	1
174	304	38	1
261	304	38	1
257	306	38	1
114	307	38	1
257	307	38	1
119	315	38	2
122	315	38	1
148	315	38	1
119	316	38	3
140	316	38	1
145	316	38	1
115	317	38	1
117	317	38	1
153	317	38	1
116	318	38	1
121	318	38	1
117	319	38	1
136	319	38	1
142	319	38	2
144	319	38	1
113	320	38	1
116	320	38	1
138	320	38	1
140	320	38	1
146	320	38	3
147	320	38	2
150	320	38	2
177	321	38	1
143	322	38	1
137	323	38	1
181	324	38	2
239	324	38	1
242	324	38	1
242	326	38	1
238	327	38	4
240	328	38	2
157	329	38	4
237	329	38	1
159	332	38	3
147	333	38	1
150	333	38	1
177	333	38	2
181	333	38	3
179	334	38	1
183	334	38	3
189	334	38	1
148	335	38	5
181	335	38	1
210	339	38	3
215	339	38	1
211	341	38	1
191	343	38	3
199	344	38	1
192	345	38	3
188	346	38	2
190	346	38	3
214	347	38	1
248	347	38	1
210	351	38	1
216	351	38	2
208	355	38	1
176	356	38	1
178	357	38	1
181	357	38	1
206	358	38	1
208	358	38	2
192	361	38	1
201	361	38	1
191	362	38	1
193	364	38	1
115	218	39	1
114	219	39	3
112	220	39	1
119	223	39	1
122	223	39	1
125	223	39	2
120	224	39	1
126	226	39	1
124	227	39	2
149	228	39	3
175	228	39	3
136	229	39	1
138	229	39	2
144	229	39	1
123	230	39	1
138	230	39	3
139	230	39	1
145	230	39	1
135	232	39	1
174	232	39	3
128	233	39	1
140	233	39	1
198	233	39	1
201	233	39	1
130	234	39	1
202	234	39	2
119	235	39	2
168	235	39	1
136	236	39	1
142	236	39	2
144	236	39	1
167	236	39	2
195	236	39	1
198	236	39	1
199	236	39	1
118	237	39	2
138	237	39	1
161	237	39	1
168	237	39	1
200	237	39	2
116	238	39	2
138	238	39	1
140	238	39	2
142	238	39	2
199	238	39	1
135	239	39	1
161	239	39	1
162	239	39	1
163	240	39	1
166	240	39	1
196	240	39	1
125	241	39	1
128	241	39	1
169	241	39	1
126	242	39	3
127	242	39	2
169	242	39	3
171	242	39	1
172	242	39	2
128	243	39	1
129	243	39	1
131	243	39	1
133	243	39	1
166	243	39	2
171	243	39	1
124	244	39	1
125	244	39	2
141	244	39	1
143	244	39	2
167	245	39	1
168	245	39	1
178	245	39	2
127	246	39	1
141	246	39	1
125	247	39	1
127	247	39	2
174	247	39	1
129	248	39	1
133	249	39	2
134	249	39	1
135	249	39	1
136	249	39	1
122	250	39	1
135	250	39	2
137	251	39	1
123	252	39	2
134	252	39	2
126	253	39	1
127	253	39	2
132	253	39	1
141	253	39	2
168	253	39	1
235	253	39	1
247	253	39	1
132	254	39	2
134	254	39	1
140	254	39	2
142	254	39	2
144	254	39	1
153	254	39	1
154	254	39	1
236	254	39	1
136	255	39	1
155	255	39	1
156	256	39	1
136	257	39	1
138	257	39	1
141	257	39	1
254	257	39	2
147	258	39	2
151	258	39	1
154	258	39	1
138	259	39	2
211	259	39	1
252	259	39	1
130	260	39	1
133	260	39	1
145	260	39	2
149	260	39	2
150	260	39	1
153	260	39	2
159	260	39	2
168	260	39	2
255	260	39	3
151	261	39	1
152	261	39	2
167	261	39	1
205	261	39	2
148	262	39	1
156	262	39	2
231	262	39	2
261	262	39	2
262	262	39	2
129	263	39	1
131	263	39	1
146	263	39	1
150	263	39	1
152	263	39	2
157	263	39	1
158	263	39	2
168	263	39	1
263	263	39	1
142	264	39	1
144	264	39	1
145	264	39	2
151	264	39	1
153	264	39	2
155	264	39	1
165	264	39	1
166	264	39	2
263	264	39	1
129	265	39	1
153	265	39	1
155	265	39	1
167	265	39	1
145	266	39	1
153	266	39	1
142	267	39	1
156	267	39	2
134	268	39	3
135	268	39	1
259	268	39	2
132	269	39	1
136	269	39	1
144	269	39	1
152	269	39	1
134	270	39	2
142	270	39	1
154	270	39	4
244	270	39	2
143	271	39	2
144	271	39	1
145	271	39	2
247	271	39	1
134	272	39	1
141	272	39	2
143	272	39	1
147	272	39	1
166	272	39	2
227	272	39	3
252	272	39	1
146	273	39	1
151	273	39	1
132	274	39	1
146	274	39	2
148	274	39	1
254	274	39	1
131	275	39	2
134	275	39	1
135	275	39	1
136	275	39	2
144	275	39	1
132	276	39	1
133	276	39	2
145	276	39	3
148	276	39	1
149	276	39	1
130	277	39	2
133	277	39	4
140	277	39	1
144	277	39	2
145	277	39	1
149	277	39	1
138	278	39	1
144	278	39	2
147	278	39	2
162	278	39	1
130	279	39	1
136	279	39	1
141	279	39	1
142	279	39	1
143	279	39	1
147	279	39	1
152	279	39	2
135	280	39	1
145	280	39	4
162	280	39	2
141	281	39	1
128	282	39	1
130	282	39	2
160	282	39	1
125	283	39	1
136	283	39	1
142	283	39	1
133	284	39	1
134	284	39	3
138	284	39	1
140	284	39	2
157	284	39	1
137	285	39	2
141	285	39	2
169	285	39	2
172	286	39	2
173	286	39	1
134	287	39	1
157	288	39	1
135	289	39	3
155	290	39	2
158	290	39	1
254	290	39	2
257	290	39	1
134	293	39	1
159	293	39	2
140	294	39	1
170	294	39	2
159	295	39	1
161	295	39	1
170	295	39	3
249	295	39	1
131	296	39	2
174	296	39	2
249	296	39	1
133	297	39	1
166	297	39	1
247	297	39	1
250	297	39	1
134	298	39	1
165	298	39	1
253	298	39	3
261	298	39	4
123	299	39	3
171	299	39	1
249	299	39	1
165	300	39	2
174	300	39	2
260	300	39	1
177	301	39	1
131	302	39	1
178	302	39	4
259	302	39	1
174	303	39	1
177	303	39	1
178	303	39	2
126	304	39	1
171	304	39	1
178	304	39	1
174	305	39	1
176	305	39	1
177	305	39	1
182	305	39	2
260	305	39	2
125	306	39	1
128	306	39	1
179	306	39	1
126	307	39	1
181	307	39	1
138	314	39	1
145	314	39	1
149	316	39	1
119	317	39	1
141	317	39	2
147	317	39	2
148	317	39	1
113	318	39	2
114	318	39	1
115	318	39	3
141	318	39	1
146	318	39	2
150	318	39	1
136	319	39	1
117	320	39	1
139	320	39	2
146	320	39	2
181	320	39	1
149	321	39	2
177	322	39	1
242	325	39	2
242	326	39	1
239	327	39	2
240	328	39	1
241	328	39	1
242	328	39	1
157	329	39	1
238	329	39	1
152	330	39	1
189	330	39	1
220	330	39	2
149	331	39	1
153	331	39	2
186	331	39	2
221	331	39	1
153	332	39	2
157	332	39	1
180	332	39	2
221	332	39	1
154	333	39	1
178	333	39	2
183	333	39	3
193	333	39	1
219	333	39	2
160	334	39	1
189	334	39	1
156	335	39	1
153	336	39	1
156	336	39	2
214	336	39	3
242	336	39	2
157	337	39	1
152	338	39	2
155	338	39	2
213	338	39	2
214	339	39	1
215	341	39	1
201	342	39	3
207	343	39	1
208	343	39	1
191	344	39	1
208	344	39	1
211	344	39	1
192	345	39	2
191	346	39	2
248	346	39	2
190	347	39	1
191	347	39	1
192	347	39	1
191	348	39	1
211	348	39	1
212	348	39	5
208	349	39	1
210	349	39	2
237	351	39	1
209	352	39	1
206	354	39	1
214	354	39	1
207	356	39	1
176	357	39	1
177	357	39	3
205	357	39	1
212	357	39	1
212	358	39	2
192	361	39	1
195	361	39	1
192	362	39	1
201	362	39	1
191	363	39	1
192	364	39	1
114	218	40	2
113	219	40	1
112	220	40	2
113	220	40	1
121	222	40	3
144	225	40	1
138	227	40	3
137	229	40	1
138	229	40	2
140	229	40	1
141	229	40	1
150	229	40	1
141	231	40	1
136	232	40	1
204	232	40	1
196	233	40	1
198	233	40	1
201	233	40	3
141	234	40	2
199	234	40	2
201	234	40	3
203	234	40	3
202	235	40	1
203	235	40	1
120	236	40	3
146	236	40	1
201	236	40	2
162	237	40	1
197	237	40	3
203	237	40	2
143	238	40	1
146	238	40	1
154	238	40	2
159	238	40	3
160	238	40	2
162	238	40	1
167	238	40	2
195	238	40	3
197	238	40	1
203	238	40	1
126	239	40	2
139	239	40	1
160	239	40	1
126	240	40	1
142	240	40	1
143	240	40	2
145	240	40	1
162	240	40	1
165	240	40	2
125	241	40	1
136	241	40	1
161	241	40	3
162	241	40	1
125	242	40	1
133	242	40	1
143	242	40	4
169	242	40	1
140	243	40	2
165	243	40	1
175	243	40	1
124	244	40	1
132	244	40	3
126	245	40	2
170	245	40	2
179	245	40	1
125	246	40	1
178	246	40	1
121	248	40	1
126	248	40	1
174	248	40	4
232	249	40	1
139	250	40	1
231	250	40	2
225	251	40	1
240	252	40	2
138	254	40	1
139	254	40	1
152	254	40	1
134	255	40	1
137	255	40	3
137	256	40	2
132	257	40	1
134	257	40	2
139	257	40	1
146	257	40	3
154	257	40	1
156	257	40	2
151	258	40	1
145	259	40	4
147	259	40	2
156	259	40	2
176	259	40	1
132	260	40	3
142	260	40	3
148	260	40	1
149	260	40	1
154	260	40	1
158	260	40	3
164	260	40	2
136	261	40	1
140	261	40	2
149	261	40	1
151	261	40	2
210	261	40	1
249	261	40	2
251	261	40	1
252	261	40	1
136	262	40	1
140	262	40	4
143	262	40	1
144	262	40	1
147	262	40	1
153	262	40	1
159	262	40	2
167	262	40	2
248	262	40	1
249	262	40	3
142	263	40	1
153	263	40	2
157	263	40	2
158	264	40	1
160	264	40	1
163	264	40	3
159	265	40	1
165	265	40	1
142	266	40	2
150	266	40	1
151	266	40	3
157	266	40	1
158	266	40	1
219	266	40	1
256	266	40	1
168	267	40	1
147	268	40	2
150	268	40	2
154	268	40	1
166	268	40	1
246	268	40	1
139	269	40	1
151	269	40	1
152	269	40	1
167	269	40	3
245	269	40	2
250	269	40	1
252	269	40	1
134	270	40	2
135	270	40	2
136	270	40	1
142	270	40	1
144	270	40	2
164	270	40	1
251	270	40	2
144	271	40	1
146	271	40	1
148	271	40	1
150	271	40	2
136	272	40	3
143	272	40	2
144	272	40	2
151	272	40	3
223	272	40	1
231	272	40	1
142	273	40	1
164	273	40	2
167	273	40	1
143	274	40	2
145	274	40	1
147	274	40	2
148	274	40	1
132	275	40	3
137	275	40	3
138	275	40	2
142	275	40	1
150	275	40	1
129	276	40	2
130	276	40	1
131	276	40	1
133	276	40	2
136	276	40	1
137	276	40	2
144	276	40	1
147	276	40	1
154	276	40	2
163	276	40	2
129	278	40	1
134	278	40	1
138	278	40	2
139	278	40	1
141	278	40	1
142	278	40	3
145	278	40	3
147.5	278	40.5	3
151	278	40	3
163	278	40	1
131	279	40	2
149	279	40	4
253	279	40	3
134	280	40	2
138	280	40	1
139	280	40	1
140	280	40	1
152	280	40	2
133	281	40	2
142	281	40	1
142	282	40	1
150	282	40	1
134	283	40	1
157	283	40	3
138	284	40	1
140	284	40	1
142	284	40	1
135	285	40	1
132	286	40	1
133	286	40	1
154	286	40	2
158	286	40	2
160	286	40	1
133	287	40	2
135	288	40	1
154	288	40	2
250	289	40	1
257	291	40	1
138	292	40	1
156	292	40	2
125	293	40	2
133	293	40	1
140	293	40	2
160	294	40	1
163	294	40	1
126	295	40	1
131	295	40	2
130	296	40	2
131	296	40	1
134	296	40	2
160	296	40	1
121	297	40	2
149	297	40	1
172	297	40	3
253	297	40	1
169	298	40	1
260	298	40	1
169	299	40	1
123	300	40	1
257	300	40	2
260	300	40	2
140	301	40	3
177	301	40	2
130	302	40	1
261	302	40	1
129	303	40	2
139	303	40	1
171	303	40	1
181	303	40	2
259	303	40	1
124	304	40	1
130	304	40	1
132	304	40	1
169	304	40	2
171	304	40	2
180	304	40	1
125	305	40	1
127	305	40	1
172	306	40	2
182	307	40	1
124	308	40	1
124	309	40	1
119	312	40	3
123	312	40	1
140	313	40	2
119	315	40	1
147	315	40	2
150	315	40	1
145	316	40	2
143	317	40	3
147	317	40	1
116	318	40	2
117	318	40	1
138	318	40	2
146	318	40	3
148	318	40	1
116	319	40	1
117	319	40	1
149	320	40	1
152	320	40	2
177	323	40	1
249	326	40	2
186	327	40	1
242	327	40	1
239	328	40	1
242	328	40	1
149	329	40	1
240	329	40	1
244	329	40	1
151	330	40	1
175	330	40	1
189	330	40	1
242	330	40	2
243	330	40	2
154	331	40	2
177	331	40	1
189	331	40	1
221	331	40	1
241	331	40	1
149	332	40	1
151	332	40	1
156	332	40	1
181	332	40	1
192	332	40	2
216	332	40	1
218	332	40	1
220	332	40	1
146	333	40	3
158	333	40	3
176	333	40	1
179	333	40	1
184	333	40	2
240	333	40	1
151	334	40	1
153	334	40	2
154	334	40	1
156	334	40	2
151	335	40	2
156	335	40	2
165	335	40	1
186	335	40	1
219	335	40	4
150	336	40	1
158	337	40	2
216	338	40	1
156	339	40	1
213	340	40	1
208	341	40	1
216	341	40	2
215	342	40	1
220	342	40	1
196	343	40	2
197	343	40	1
208	343	40	1
210	343	40	2
221	343	40	1
222	343	40	1
232	343	40	1
195	344	40	1
210	344	40	1
194	345	40	1
203	345	40	1
209	345	40	2
191	347	40	1
211	347	40	1
208	348	40	1
195	349	40	2
220	349	40	1
235	350	40	1
215	351	40	1
235	351	40	1
212	352	40	2
212	353	40	1
174	357	40	1
207	357	40	2
208	357	40	2
172	361	40	1
206	361	40	2
112	220	41	1
113	220	41	1
134	226	41	1
135	227	41	1
141	227	41	1
138	228	41	1
134	229	41	1
136	229	41	1
137	229	41	1
138	231	41	1
139	231	41	3
143	232	41	2
198	233	41	1
136	234	41	1
140	234	41	1
142	234	41	2
199	234	41	1
146	235	41	2
199	235	41	1
201	235	41	2
138	236	41	1
141	236	41	2
167	236	41	2
201	236	41	1
204	236	41	1
158	237	41	2
163	237	41	1
165	237	41	2
202	237	41	1
134	238	41	1
138	238	41	1
141	238	41	2
146	238	41	1
158	238	41	1
166	238	41	1
167	238	41	1
202	238	41	3
144	239	41	2
161	239	41	1
162	239	41	2
200	239	41	1
201	239	41	2
129	240	41	1
198	240	41	2
127	241	41	1
129	241	41	1
142	241	41	1
143	241	41	1
166	241	41	1
169	241	41	1
132	242	41	2
134	242	41	3
135	242	41	1
140	242	41	1
141	242	41	2
170	242	41	1
138	243	41	1
140	243	41	1
169	243	41	1
124	244	41	1
125	244	41	1
165	244	41	1
167	244	41	1
173	244	41	1
176	244	41	1
177	245	41	2
126	246	41	1
166	246	41	1
124	247	41	1
178	247	41	1
231	250	41	1
232	250	41	2
230	251	41	1
123	252	41	2
175	252	41	1
229	252	41	1
234	252	41	1
119	253	41	2
143	253	41	2
227	253	41	1
141	254	41	1
144	254	41	1
152	255	41	1
214	255	41	1
140	256	41	1
142	256	41	1
143	256	41	1
210	256	41	2
137	257	41	1
141	257	41	1
143	257	41	2
158	257	41	1
177	257	41	1
213	257	41	1
214	257	41	2
254	257	41	2
138	258	41	3
146	258	41	1
177	258	41	1
215	258	41	1
140	259	41	1
144	259	41	1
173	259	41	1
176	259	41	1
205	259	41	1
140	260	41	1
146	260	41	1
154	260	41	1
170	260	41	1
175	260	41	4
176	260	41	2
210	260	41	3
250	260	41	1
253	260	41	2
146	261	41	1
148	261	41	1
151	261	41	1
160	261	41	1
167	261	41	1
174	261	41	2
250	261	41	1
253	261	41	2
119	262	41	1
143	262	41	2
158	262	41	1
159	262	41	2
164	262	41	2
167	262	41	2
175	262	41	1
248	262	41	1
143	263	41	2
151	263	41	2
153	263	41	2
168	263	41	2
232	263	41	1
234	263	41	3
255	263	41	1
143	264	41	3
149	264	41	1
171	264	41	2
209	264	41	1
124	265	41	1
143	265	41	1
256	265	41	2
142	266	41	2
145	266	41	1
153	266	41	2
135	267	41	1
247	267	41	1
142	268	41	2
145	268	41	1
146	268	41	1
164	268	41	2
206	268	41	2
248	268	41	1
144	269	41	1
254	269	41	2
135	270	41	2
139	270	41	2
151	270	41	1
247	270	41	1
135	271	41	1
146	271	41	4
148	271	41	1
151	271	41	1
157	271	41	1
139	272	41	2
140	272	41	2
145	272	41	1
147	272	41	1
151	272	41	2
163	272	41	1
165	272	41	1
219	272	41	1
228	272	41	1
146	273	41	1
147	273	41	1
151	273	41	1
155	273	41	1
136	274	41	1
143	274	41	1
146	274	41	2
148	274	41	1
155	274	41	2
156	274	41	2
157	274	41	1
246	274	41	2
247	274	41	6
130	275	41	1
136	275	41	2
137	275	41	2
141	275	41	1
130	276	41	1
139	276	41	1
141	276	41	1
155	276	41	1
211	276	41	1
245	276	41	1
247	276	41	1
131	277	41	1
133	277	41	1
138	277	41	2
142	277	41	2
157	277	41	1
135	278	41	1
142	278	41	1
149	278	41	2
150	278	41	1
152	278	41	3
247	278	41	2
133	279	41	2
139	279	41	2
210	279	41	1
133	280	41	1
144	280	41	1
150	280	41	2
152	280	41	1
153	280	41	1
154	280	41	1
162	280	41	2
130	281	41	3
142	281	41	2
145	281	41	2
152	281	41	2
130	282	41	1
137	282	41	2
162	282	41	1
151	283	41	1
160	283	41	1
218	283	41	1
134	284	41	2
141	284	41	1
142	284	41	1
215	284	41	1
219	285	41	1
135	286	41	1
140	286	41	1
159	286	41	2
160	286	41	2
135	287	41	1
136	287	41	1
139	287	41	1
141	287	41	3
156	287	41	2
139	288	41	1
135	289	41	1
139	289	41	2
141	289	41	1
155	289	41	1
134	290	41	1
154	290	41	2
135	291	41	1
130	292	41	2
134	292	41	1
155	292	41	2
257	292	41	1
139	293	41	1
132	294	41	1
142	294	41	1
152	294	41	1
159	294	41	1
128	295	41	1
131	295	41	1
135	295	41	1
150	295	41	1
254	295	41	1
143	296	41	1
148	296	41	1
150	296	41	1
153	296	41	1
160	296	41	1
259	297	41	2
138	298	41	4
149	298	41	1
152	298	41	2
252	298	41	1
128	299	41	2
129	299	41	1
149	299	41	3
166	299	41	1
167	299	41	1
168	299	41	2
169	299	41	1
130	300	41	1
168	300	41	1
172	300	41	1
249	300	41	1
260	300	41	2
123	301	41	1
127	301	41	2
167	301	41	3
172	301	41	3
250	301	41	1
97	302	41	3
125	302	41	2
127	302	41	1
134	302	41	2
167	302	41	1
124	303	41	1
130	303	41	1
134	303	41	1
139	303	41	1
144	303	41	2
170	303	41	1
176	303	41	1
177	303	41	1
179	303	41	1
181	303	41	1
259	303	41	1
261	303	41	2
122	304	41	3
126	304	41	1
128	304	41	1
132	304	41	2
170	304	41	2
181	304	41	2
127	305	41	2
172	305	41	2
176	305	41	1
259	305	41	1
130	306	41	2
122	307	41	1
125	307	41	1
129	307	41	1
142	307	41	1
126	308	41	1
127	308	41	1
123	309	41	1
140	309	41	2
162	309	41	1
143	310	41	2
122	311	41	1
121	314	41	1
119	315	41	3
140	315	41	3
142	315	41	1
114	316	41	1
141	317	41	3
142	317	41	2
139	319	41	1
138	320	41	1
150	320	41	2
141	321	41	1
150	321	41	1
137	322	41	1
179	322	41	1
181	322	41	1
176	323	41	1
133	324	41	3
248	324	41	2
136	325	41	2
181	325	41	1
149	326	41	1
179	326	41	2
181	326	41	1
249	326	41	1
252	326	41	1
136	327	41	1
148	327	41	2
131	328	41	2
148	329	41	1
167	329	41	1
179	329	41	1
182	329	41	1
186	329	41	1
238	329	41	1
245	329	41	2
133	330	41	3
175	330	41	1
178	330	41	1
181	330	41	2
184	330	41	1
185	330	41	2
243	330	41	1
155	331	41	1
158	331	41	1
170	331	41	2
174	331	41	2
187	331	41	1
240	331	41	3
130	332	41	3
133	332	41	1
168	332	41	1
176	332	41	1
189	332	41	2
218	332	41	1
240	332	41	1
241	332	41	1
134	333	41	2
157	333	41	1
179	333	41	3
181	333	41	3
220	333	41	3
153	334	41	2
216	334	41	2
244	334	41	1
150	335	41	1
151	335	41	1
164	335	41	1
242	335	41	1
157	336	41	1
126	337	41	1
156	337	41	1
248	337	41	1
151	338	41	1
156	338	41	1
166	338	41	1
222	338	41	2
158	339	41	2
195	339	41	2
215	339	41	2
247	339	41	2
194	340	41	1
214	340	41	1
216	340	41	1
219	340	41	1
195	341	41	1
213	341	41	1
220	341	41	1
215	342	41	1
208	343	41	1
210	343	41	1
194	344	41	1
195	344	41	1
207	344	41	1
211	344	41	3
194	345	41	1
212	345	41	1
249	345	41	2
205	346	41	1
218	346	41	2
221	347	41	1
231	347	41	2
233	347	41	1
248	347	41	1
195	349	41	2
193	350	41	1
211	351	41	1
235	351	41	2
237	351	41	1
209	352	41	2
171	359	41	1
206	359	41	1
207	360	41	1
202	361	41	1
200	363	41	1
138	227	42	1
134	228	42	1
138	228	42	1
139	228	42	2
140	228	42	1
136	229	42	1
138	230	42	2
139	231	42	1
138	232	42	1
140	233	42	1
203	233	42	1
147	234	42	1
140	235	42	1
141	235	42	1
201	235	42	1
202	235	42	3
203	235	42	1
144	236	42	2
161	236	42	1
165	236	42	2
166	236	42	2
139	237	42	1
158	237	42	2
159	237	42	1
162	237	42	1
141	238	42	1
161	238	42	1
164	238	42	2
166	238	42	1
204	238	42	1
136	239	42	1
204	239	42	1
141	240	42	1
137	242	42	2
170	242	42	1
164	243	42	2
179	244	42	2
182	244	42	1
122	252	42	1
177	252	42	1
178	252	42	1
138	254	42	1
144	254	42	1
144	256	42	2
212	256	42	3
141	257	42	3
142	257	42	1
147	257	42	1
149	257	42	1
151	257	42	1
157	257	42	1
174	257	42	1
212	257	42	2
150	258	42	1
151	258	42	1
175	258	42	1
139	259	42	1
173	259	42	2
211	259	42	1
252	259	42	1
157	260	42	1
172	260	42	5
213	260	42	1
150	261	42	2
153	261	42	1
155	261	42	1
167	261	42	3
168	261	42	2
169	261	42	1
173	261	42	3
174	261	42	1
177	261	42	1
163	262	42	1
166	262	42	1
171	262	42	3
174	262	42	2
209	262	42	1
146	263	42	1
149	263	42	1
150	263	42	3
151	263	42	1
165	263	42	1
147	264	42	1
151	264	42	3
155	264	42	1
157	264	42	2
158	264	42	1
252	264	42	2
145	265	42	1
124	266	42	1
149	266	42	1
154	266	42	1
149	267	42	2
254	267	42	1
146	268	42	1
141	269	42	2
132	270	42	1
142	270	42	3
151	270	42	1
152	270	42	2
143	271	42	2
145	271	42	1
156	271	42	1
223	271	42	2
132	272	42	1
141	272	42	2
143	272	42	1
213	272	42	1
131	273	42	1
147	273	42	1
158	273	42	2
144	274	42	1
148	274	42	1
154	274	42	2
156	274	42	1
250	274	42	1
144	275	42	2
155	275	42	2
165	275	42	1
249	275	42	2
151	276	42	1
153	276	42	1
156	276	42	1
134	277	42	2
140	277	42	2
143	277	42	1
155	277	42	1
158	277	42	2
131	278	42	1
132	278	42	1
155	278	42	2
137	279	42	1
147	279	42	1
152	279	42	1
154	279	42	2
164	279	42	2
141	280	42	2
145	280	42	1
151	280	42	1
156	281	42	1
148	282	42	1
151	282	42	2
154	282	42	1
162	282	42	1
152	283	42	1
253	283	42	1
137	284	42	1
138	284	42	1
149	284	42	1
151	284	42	1
157	285	42	1
141	286	42	1
155	286	42	1
140	287	42	1
134	288	42	1
136	288	42	2
137	288	42	1
174	289	42	1
134	290	42	1
133	291	42	2
135	291	42	1
140	291	42	2
133	292	42	2
153	292	42	1
142	293	42	1
129	294	42	1
131	294	42	1
135	294	42	1
139	294	42	1
141	294	42	1
154	294	42	1
134	295	42	1
142	295	42	1
256	295	42	3
136	297	42	1
139	297	42	2
136	298	42	1
141	298	42	1
151	298	42	2
166	298	42	1
215	298	42	2
125	300	42	1
133	300	42	1
136	300	42	2
139	300	42	3
124	301	42	1
130	301	42	2
136	301	42	1
137	301	42	2
142	301	42	1
144	301	42	1
138	302	42	1
143	302	42	2
165	302	42	4
138	303	42	1
139	303	42	1
140	303	42	1
142	303	42	1
170	303	42	1
171	303	42	1
125	304	42	1
132	304	42	1
144	304	42	1
126	305	42	1
131	305	42	1
170	306	42	1
125	307	42	1
130	307	42	2
143	307	42	1
170	307	42	1
129	308	42	2
140	309	42	1
141	311	42	1
137	315	42	2
141	316	42	1
142	317	42	1
139	318	42	1
140	319	42	1
138	321	42	1
150	321	42	1
179	323	42	1
137	324	42	1
132	325	42	1
137	325	42	1
183	325	42	4
133	326	42	1
134	326	42	2
249	326	42	1
251	326	42	1
176	327	42	2
130	328	42	1
154	328	42	1
186	328	42	2
168	329	42	1
150	330	42	1
160	330	42	1
161	330	42	1
184	330	42	1
187	330	42	1
188	330	42	2
180	331	42	3
133	332	42	3
161	332	42	2
164	332	42	1
166	332	42	1
176	332	42	2
177	332	42	1
180	332	42	3
217	332	42	2
126	333	42	1
131	333	42	1
153	333	42	1
178	333	42	3
181	333	42	2
183	333	42	2
222	333	42	2
133	334	42	2
219	334	42	1
247	334	42	1
151	336	42	1
194	336	42	1
220	336	42	3
126	337	42	2
152	337	42	3
156	337	42	1
192	337	42	2
154	339	42	1
159	340	42	1
195	340	42	2
152	341	42	1
211	344	42	1
212	344	42	1
196	345	42	1
210	347	42	1
212	348	42	2
206	350	42	2
235	353	42	1
206	356	42	2
204	360	42	1
205	361	42	2
200	364	42	1
206	364	42	1
137	229	43	2
139	229	43	3
138	230	43	1
157	230	43	2
136	231	43	1
140	231	43	2
162	231	43	3
141	232	43	1
157	236	43	1
136	237	43	1
138	237	43	1
154	237	43	2
138	238	43	1
140	238	43	2
166	238	43	1
138	239	43	1
143	240	43	2
178	245	43	2
139	256	43	1
143	257	43	1
174	257	43	1
175	257	43	1
176	257	43	1
177	257	43	3
146	258	43	1
149	258	43	3
215	258	43	2
179	259	43	1
143	260	43	3
149	260	43	1
151	260	43	1
159	260	43	1
161	260	43	1
170	260	43	1
171	260	43	1
175	260	43	1
153	262	43	1
158	262	43	1
146	263	43	2
147	263	43	3
148	263	43	1
147	264	43	1
144	265	43	1
147	265	43	3
158	266	43	1
148	267	43	2
164	268	43	1
151	270	43	2
134	271	43	1
143	271	43	2
141	272	43	1
143	272	43	2
147	272	43	1
148	272	43	1
149	272	43	4
214	272	43	1
147	273	43	1
148	273	43	1
141	274	43	1
214	274	43	2
255	274	43	1
129	275	43	2
132	275	43	1
155	275	43	1
144	276	43	1
151	276	43	1
164	276	43	1
165	276	43	1
131	277	43	2
143	277	43	1
145	277	43	1
148	277	43	1
150	277	43	4
156	277	43	1
164	277	43	1
131	278	43	1
132	278	43	2
147	278	43	2
151	278	43	3
155	278	43	1
142	279	43	1
148	279	43	1
151	279	43	1
152	279	43	2
158	279	43	1
147	280	43	1
155	280	43	1
210	280	43	1
142	281	43	1
148	281	43	1
158	281	43	1
161	281	43	1
140	282	43	3
141	282	43	2
154	282	43	1
149	283	43	1
152	283	43	1
250	283	43	2
139	284	43	1
141	284	43	1
149	284	43	1
150	284	43	1
160	284	43	1
155	285	43	1
215	285	43	1
154	286	43	2
138	288	43	1
140	288	43	1
133	289	43	1
134	289	43	1
143	292	43	1
143	293	43	2
146	293	43	1
255	293	43	2
256	293	43	1
132	294	43	1
141	294	43	1
140	295	43	1
151	295	43	1
131	296	43	1
136	296	43	2
137	296	43	1
136	298	43	2
209	298	43	1
141	299	43	1
165	299	43	1
129	300	43	3
135	300	43	1
138	300	43	2
141	300	43	2
152	300	43	1
129	301	43	3
133	301	43	2
140	301	43	2
142	301	43	2
137	302	43	1
143	302	43	1
170	302	43	2
172	302	43	2
130	303	43	1
135	303	43	1
136	303	43	1
167	303	43	1
146	304	43	2
134	305	43	1
143	305	43	2
127	306	43	2
146	306	43	1
129	308	43	1
141	309	43	1
140	313	43	2
142	313	43	1
140	314	43	1
140	317	43	1
140	318	43	1
142	319	43	1
114	321	43	1
135	324	43	1
138	324	43	3
135	325	43	1
140	325	43	1
174	325	43	1
132	326	43	1
136	326	43	1
136	327	43	1
176	327	43	1
186	327	43	2
251	328	43	1
133	329	43	1
179	329	43	2
179	330	43	1
132	331	43	1
153	331	43	1
131	332	43	1
191	332	43	2
192	332	43	2
240	332	43	1
133	333	43	1
179	333	43	2
188	333	43	2
216	333	43	1
217	333	43	2
181	334	43	3
128	335	43	2
131	335	43	1
156	335	43	1
131	336	43	1
153	336	43	1
156	336	43	2
218	336	43	1
220	336	43	2
244	336	43	3
249	337	43	1
247	338	43	1
249	338	43	1
195	340	43	1
209	342	43	1
211	343	43	1
213	343	43	2
211	344	43	1
231	344	43	1
212	346	43	1
233	346	43	2
208	347	43	2
211	347	43	2
231	347	43	2
209	349	43	1
236	349	43	1
205	352	43	1
207	352	43	1
231	352	43	1
206	353	43	1
204	354	43	1
206	354	43	1
207	358	43	1
207	359	43	1
186	360	43	1
137	228	44	1
141	229	44	2
135	230	44	2
140	234	44	1
159	236	44	1
164	237	44	2
141	239	44	1
178	245	44	1
181	245	44	1
176	258	44	2
177	258	44	1
178	258	44	1
178	259	44	1
150	260	44	1
176	260	44	1
147	261	44	2
155	261	44	3
174	261	44	1
175	261	44	1
154	262	44	3
159	262	44	2
147	263	44	1
149	263	44	2
157	263	44	1
159	263	44	3
156	265	44	1
147	266	44	1
149	266	44	2
146	267	44	2
147	268	44	1
145	269	44	1
146	269	44	3
152	269	44	1
145	270	44	1
146	270	44	1
144	271	44	3
203	271	44	1
148	272	44	1
181	272	44	1
142	273	44	1
143	273	44	3
148	273	44	1
156	273	44	1
145	274	44	1
146	274	44	1
211	274	44	1
143	275	44	1
166	275	44	1
152	276	44	3
154	276	44	2
156	276	44	2
167	276	44	1
148	277	44	1
156	277	44	2
158	277	44	1
151	278	44	1
154	278	44	1
160	278	44	2
143	279	44	1
146	279	44	1
155	279	44	1
164	279	44	2
147	280	44	2
150	280	44	2
210	280	44	1
140	281	44	1
146	281	44	1
150	281	44	3
159	281	44	2
143	282	44	2
154	282	44	1
158	282	44	2
142	283	44	1
217	283	44	1
145	284	44	1
149	284	44	1
143	285	44	2
212	285	44	1
218	286	44	1
137	287	44	1
121	290	44	1
136	291	44	1
144	292	44	3
252	292	44	1
139	293	44	1
145	293	44	1
142	294	44	2
144	294	44	1
225	295	44	1
140	296	44	1
141	297	44	1
137	299	44	1
128	300	44	1
140	300	44	1
143	300	44	1
168	300	44	1
130	301	44	1
137	301	44	2
145	301	44	1
209	301	44	1
127	302	44	1
140	302	44	1
140	303	44	1
144	303	44	1
126	304	44	1
128	305	44	1
130	306	44	1
131	306	44	1
144	306	44	1
173	306	44	1
140	308	44	2
170	309	44	1
171	309	44	4
174	309	44	1
170	310	44	2
141	315	44	1
142	316	44	2
113	322	44	1
183	323	44	1
182	325	44	1
131	328	44	1
133	329	44	1
179	330	44	3
182	332	44	2
131	333	44	1
180	333	44	1
132	334	44	1
136	334	44	2
189	334	44	1
218	334	44	3
242	335	44	1
213	336	44	1
214	336	44	1
215	337	44	1
216	337	44	1
213	338	44	1
215	338	44	2
247	339	44	1
216	344	44	2
231	346	44	1
228	347	44	1
211	348	44	1
212	348	44	2
211	349	44	1
209	351	44	1
179	360	44	1
195	361	44	1
140	231	45	1
143	237	45	1
175	257	45	1
176	259	45	2
158	262	45	2
175	262	45	1
156	263	45	1
149	265	45	1
148	269	45	2
143	270	45	1
144	272	45	1
151	272	45	1
164	277	45	1
152	278	45	1
147	279	45	1
149	279	45	2
150	279	45	1
149	280	45	1
150	280	45	1
161	281	45	2
144	282	45	2
149	282	45	2
152	282	45	1
142	283	45	1
150	283	45	1
251	283	45	1
142	284	45	1
151	284	45	1
146	285	45	1
217	285	45	2
206	286	45	1
214	287	45	1
140	294	45	1
145	294	45	1
140	296	45	2
143	296	45	2
142	297	45	1
140	299	45	2
138	301	45	1
142	301	45	1
127	302	45	1
244	302	45	3
127	303	45	3
133	303	45	1
132	304	45	1
139	304	45	1
140	304	45	1
141	315	45	1
180	318	45	2
186	326	45	2
217	334	45	2
214	339	45	1
245	340	45	1
215	343	45	1
217	344	45	1
211	345	45	1
217	345	45	2
229	346	45	2
209	347	45	1
227	349	45	1
206	351	45	1
175	352	45	1
132	236	46	1
181	247	46	3
158	260	46	1
154	262	46	1
147	266	46	1
145	269	46	1
139	273	46	1
163	275	46	2
161	277	46	3
145	279	46	1
150	279	46	3
149	280	46	1
158	280	46	1
215	280	46	3
144	281	46	2
146	282	46	1
148	282	46	1
152	282	46	1
154	282	46	2
154	283	46	1
142	284	46	1
149	284	46	1
157	284	46	2
120	286	46	1
140	292	46	2
201	292	46	2
204	292	46	1
148	293	46	2
146	294	46	1
140	296	46	2
225	297	46	1
136	298	46	1
139	298	46	2
140	298	46	1
142	299	46	1
144	299	46	3
132	300	46	1
135	301	46	1
137	301	46	3
224	301	46	1
141	302	46	1
146	302	46	2
244	302	46	3
133	303	46	3
134	303	46	1
136	303	46	2
139	303	46	1
240	304	46	1
139	305	46	1
184	319	46	1
188	319	46	1
184	320	46	1
188	320	46	2
179	322	46	2
177	323	46	1
182	326	46	1
178	327	46	2
183	328	46	2
238	331	46	2
215	336	46	2
221	340	46	2
217	341	46	1
222	342	46	1
182	353	46	3
230	356	46	2
141	227	47	1
138	229	47	1
212	261	47	1
155	279	47	1
152	280	47	3
164	281	47	3
146	282	47	1
120	283	47	1
149	284	47	1
147	285	47	1
146	289	47	1
140	293	47	2
144	294	47	1
202	295	47	1
134	298	47	1
139	298	47	2
136	299	47	1
178	320	47	3
194	321	47	2
179	324	47	4
186	329	47	1
218	341	47	1
212	344	47	2
207	351	47	2
227	353	47	1
230	353	47	2
231	356	47	2
144	225	48	1
146	275	48	1
154	276	48	1
140	278	48	2
147	281	48	1
149	288	48	1
142	300	48	1
124	319	48	1
169	324	48	2
135	230	49	1
127	235	49	1
126	245	49	1
154	248	49	1
195	252	49	2
173	256	49	1
145	262	49	1
139	263	49	1
146	264	49	2
191	267	49	1
127	268	49	3
154	274	49	1
155	276	49	2
150	278	49	2
147	279	49	1
157	279	49	2
207	279	49	2
134	280	49	3
143	282	49	1
214	282	49	1
144	284	49	2
169	284	49	1
132	285	49	1
142	291	49	1
147	292	49	1
144	294	49	3
200	296	49	2
136	298	49	1
147	298	49	1
133	299	49	1
139	299	49	2
202	299	49	3
225	300	49	3
135	302	49	2
152	304	49	1
126	305	49	1
169	308	49	1
170	312	49	1
149	313	49	1
268	317	49	2
183	319	49	1
178	322	49	1
170	325	49	2
152	338	49	3
197	342	49	1
199	346	49	1
211	346	49	1
224	346	49	2
160	348	49	1
204	348	49	1
186	349	49	2
206	353	49	1
203	355	49	1
134	227	50	1
131	229	50	1
183	230	50	1
127	235	50	2
139	263	50	1
130	265	50	1
154	270	50	1
155	273	50	1
134	275	50	1
249	286	50	1
259	286	50	1
143	291	50	1
148	296	50	1
174	298	50	1
237	300	50	2
244	301	50	1
140	302	50	1
151	302	50	1
132	304	50	1
131	306	50	2
193	307	50	2
129	312	50	1
157	313	50	2
212	318	50	2
195	325	50	1
179	329	50	2
