x	y	z	Cristae formation
132	221	20	1
142	221	20	1
127	222	20	1
134	222	20	1
178	222	20	1
134	224	20	1
144	224	20	1
175	224	20	1
176	224	20	1
141	225	20	1
157	225	20	1
176	225	20	2
126	226	20	1
158	226	20	2
172	226	20	3
155	227	20	4
160	227	20	1
112	228	20	1
132	228	20	3
151	228	20	4
158	228	20	2
197	228	20	1
112	229	20	1
115	229	20	1
118	229	20	2
126	229	20	1
153	229	20	3
158	229	20	2
127	230	20	1
157	230	20	1
169	230	20	2
186	230	20	1
190	230	20	1
204	230	20	2
154	231	20	1
160	231	20	1
170	231	20	1
177	231	20	1
199	231	20	1
115	232	20	1
137	232	20	1
146	232	20	1
197	232	20	1
130	233	20	1
136	233	20	1
143	233	20	1
169	233	20	2
214	233	20	1
215	233	20	2
114	234	20	2
213	234	20	3
135	235	20	1
141	235	20	1
143	235	20	1
206	235	20	2
220	235	20	1
222	235	20	2
134	236	20	1
146	236	20	2
154	236	20	1
163	236	20	2
215	236	20	2
133	237	20	1
137	237	20	2
145	237	20	1
165	237	20	1
168	237	20	1
220	237	20	1
222	237	20	1
232	237	20	1
117	238	20	1
139	238	20	1
143	238	20	1
145	238	20	3
213	238	20	1
139	239	20	2
142	239	20	1
144	239	20	2
165	239	20	1
230	239	20	1
102	240	20	2
131	240	20	2
147	240	20	1
149	240	20	2
152	240	20	1
160	240	20	1
191	240	20	1
214	240	20	1
216	240	20	3
108	241	20	3
111	241	20	1
139	241	20	1
149	241	20	3
120	242	20	1
121	242	20	1
130	242	20	2
132	242	20	1
136	242	20	1
141	242	20	1
185	242	20	3
237	242	20	2
116	243	20	2
132	243	20	1
173	243	20	1
201	243	20	2
240	243	20	1
118	244	20	2
123	244	20	1
126	244	20	1
154	244	20	1
183	244	20	2
188	244	20	2
214	244	20	2
242	244	20	1
111	245	20	1
160	245	20	1
182	245	20	3
241	245	20	3
117	246	20	1
177	246	20	2
237	246	20	1
240	246	20	2
246	246	20	1
252	246	20	1
102	247	20	2
137	247	20	2
248	247	20	3
109	248	20	1
114	248	20	1
141	248	20	1
163	248	20	1
190	248	20	2
215	248	20	1
222	248	20	1
102	249	20	1
151	249	20	2
167	249	20	2
169	249	20	1
194	249	20	1
215	249	20	3
155	250	20	1
172	250	20	1
175	250	20	4
260	250	20	2
175	251	20	1
207	251	20	1
220	251	20	2
223	251	20	1
251	251	20	1
118	252	20	1
122	252	20	1
207	252	20	3
218	252	20	2
139	253	20	2
154	253	20	1
161	253	20	1
222	253	20	1
252	253	20	2
148	254	20	2
154	254	20	2
180	254	20	1
197	254	20	3
217	254	20	1
226	254	20	1
228	254	20	1
243	254	20	1
248	254	20	1
143	255	20	3
149	255	20	3
198	255	20	1
200	255	20	2
246	255	20	2
251	255	20	1
128	256	20	1
145	256	20	1
157	256	20	2
158	256	20	1
205	256	20	1
262	256	20	1
134	257	20	1
146	257	20	1
159	257	20	1
170	257	20	1
171	257	20	1
175	257	20	1
197	257	20	1
230	257	20	1
243	257	20	1
251	257	20	1
255	257	20	1
128	258	20	2
162	258	20	2
215	258	20	1
220	258	20	1
233	258	20	1
144	259	20	2
166	259	20	2
167	259	20	1
195	259	20	2
201	259	20	2
203	259	20	1
231	259	20	2
250	259	20	2
252	259	20	1
130	260	20	2
142	260	20	1
147	260	20	1
157	260	20	1
158	260	20	1
112	261	20	1
130	261	20	1
141	261	20	2
142	261	20	1
147	261	20	1
163	261	20	1
207	261	20	1
215	261	20	1
226	261	20	3
228	261	20	1
231	261	20	1
225	262	20	1
230	262	20	1
254	262	20	4
133	263	20	1
142	263	20	1
163	263	20	2
207	263	20	2
259	263	20	1
265	263	20	1
105	264	20	1
126	264	20	1
136	264	20	2
249	264	20	1
264	264	20	1
134	265	20	1
163	265	20	2
166	265	20	1
176	265	20	1
190	265	20	1
218	265	20	1
232	265	20	2
113	266	20	2
117	266	20	3
120	266	20	1
126	266	20	1
129	266	20	3
132	266	20	1
136	266	20	1
158	266	20	1
225	266	20	1
231	266	20	2
116	267	20	1
117	267	20	1
154	267	20	1
160	267	20	2
239	267	20	1
266	267	20	1
109	268	20	1
113	268	20	1
121	268	20	1
141	268	20	1
151	268	20	1
209	268	20	1
216	268	20	1
107	269	20	1
112	269	20	2
130	269	20	1
147	269	20	2
159	269	20	2
165	269	20	1
246	269	20	1
100	270	20	1
113	270	20	1
114	270	20	1
115	270	20	3
118	270	20	1
147	270	20	2
162	270	20	1
165	270	20	1
166	270	20	1
177	270	20	1
210	270	20	1
226	270	20	1
118	271	20	1
128	271	20	2
165	271	20	3
167	271	20	1
201	271	20	2
222	271	20	1
266	271	20	1
268	271	20	1
107	272	20	1
113	272	20	1
116	272	20	1
117	272	20	1
120	272	20	1
121	272	20	2
154	272	20	1
156	272	20	1
158	272	20	1
168	272	20	2
169	272	20	1
174	272	20	2
175	272	20	1
176	272	20	1
226	272	20	2
132	273	20	1
149	273	20	1
152	273	20	1
170	273	20	2
178	273	20	1
206	273	20	1
211	273	20	1
217	273	20	3
220	273	20	1
139	274	20	2
165	274	20	2
174	274	20	1
185	274	20	1
214	274	20	2
230	274	20	1
134	275	20	1
147	275	20	1
148	275	20	1
154	275	20	2
176	275	20	1
177	275	20	2
200	275	20	1
205	275	20	1
208	275	20	1
221	275	20	1
137	276	20	1
155	276	20	2
158	276	20	1
162	276	20	1
167	276	20	2
182	276	20	1
222	276	20	1
130	277	20	1
154	277	20	1
177	277	20	1
189	277	20	3
211	277	20	1
217	277	20	2
220	277	20	1
227	277	20	1
249	277	20	3
160	278	20	1
180	278	20	1
227	278	20	1
269	278	20	1
270	278	20	1
204	279	20	1
218	279	20	1
224	279	20	2
232	279	20	2
108	280	20	1
109	280	20	1
125	280	20	1
175	280	20	1
176	280	20	1
193	280	20	1
197	280	20	1
217	280	20	2
256	280	20	1
269	280	20	1
131	281	20	1
134	281	20	1
166	281	20	1
216	281	20	2
222	281	20	1
227	281	20	2
261	281	20	1
116	282	20	1
149	282	20	1
162	282	20	1
172	282	20	1
219	282	20	1
276	282	20	1
165	283	20	1
173	283	20	1
176	283	20	1
179	283	20	2
189	283	20	1
190	283	20	1
203	283	20	1
214	283	20	1
216	283	20	2
266	283	20	1
272	283	20	1
149	284	20	1
163	284	20	1
214	284	20	1
224	284	20	1
267	284	20	2
137	285	20	1
171	285	20	1
202	285	20	1
205	285	20	1
210	285	20	2
272	285	20	1
101	286	20	1
133	286	20	1
271	286	20	1
124	287	20	1
205	287	20	1
224	287	20	1
261	287	20	1
268	287	20	1
169	288	20	2
196	288	20	2
215	288	20	1
218	288	20	1
224	288	20	1
124	289	20	1
143	289	20	1
181	289	20	2
222	289	20	1
252	289	20	2
142	290	20	1
161	290	20	1
173	290	20	3
214	290	20	1
250	290	20	1
271	290	20	2
108	291	20	1
117	291	20	1
163	291	20	1
227	291	20	1
104	292	20	1
129	292	20	1
140	292	20	1
146	292	20	2
199	292	20	3
219	292	20	1
244	292	20	2
249	292	20	1
265	292	20	1
268	292	20	2
161	293	20	1
225	293	20	1
258	293	20	1
261	293	20	2
136	294	20	1
174	294	20	1
177	294	20	1
194	294	20	2
209	294	20	3
211	294	20	1
219	294	20	2
136	295	20	2
173	295	20	1
189	295	20	1
220	295	20	5
266	295	20	1
116	296	20	1
120	296	20	1
136	296	20	1
143	296	20	1
157	296	20	1
170	296	20	1
193	296	20	2
202	296	20	1
212	296	20	1
216	296	20	2
133	297	20	1
151	297	20	2
257	297	20	1
268	297	20	4
123	298	20	1
153	298	20	3
165	298	20	1
177	298	20	1
189	298	20	1
203	298	20	1
237	298	20	2
134	299	20	1
161	299	20	3
194	299	20	1
139	300	20	1
174	300	20	2
266	300	20	2
118	301	20	1
155	301	20	1
161	301	20	1
186	301	20	2
233	301	20	2
114	302	20	1
116	302	20	1
187	302	20	1
206	302	20	2
257	302	20	2
101	303	20	2
141	303	20	1
222	303	20	2
96	304	20	1
158	304	20	3
166	304	20	1
185	304	20	1
193	304	20	1
203	304	20	2
237	304	20	1
238	304	20	2
239	304	20	1
256	304	20	2
262	304	20	1
130	305	20	2
177	305	20	1
223	305	20	1
236	305	20	2
249	305	20	1
252	305	20	1
136	306	20	1
146	306	20	1
177	306	20	1
236	306	20	1
241	306	20	1
246	306	20	1
259	306	20	1
100	307	20	1
118	307	20	1
124	307	20	1
166	307	20	1
177	307	20	1
211	307	20	1
238	307	20	1
239	307	20	1
241	307	20	1
103	308	20	1
171	308	20	2
184	308	20	1
186	308	20	2
197	308	20	1
200	308	20	4
201	308	20	3
205	308	20	2
219	308	20	2
220	308	20	1
227	308	20	2
229	308	20	1
257	308	20	1
260	308	20	1
124	309	20	2
134	309	20	2
175	309	20	3
201	309	20	3
203	309	20	2
260	309	20	2
262	309	20	1
267	309	20	1
269	309	20	2
121	310	20	1
182	310	20	1
185	310	20	2
198	310	20	3
241	310	20	1
245	310	20	1
143	311	20	1
152	311	20	2
93	312	20	1
148	312	20	1
168	312	20	3
202	312	20	1
209	312	20	2
164	313	20	1
174	313	20	1
176	313	20	1
182	313	20	1
212	313	20	1
217	313	20	1
229	313	20	1
250	313	20	1
100	314	20	2
142	314	20	1
152	314	20	1
180	314	20	1
201	314	20	1
210	314	20	1
237	314	20	1
268	314	20	1
110	315	20	1
148	315	20	1
150	315	20	1
175	315	20	1
180	315	20	1
215	315	20	1
256	315	20	1
260	315	20	1
263	315	20	2
266	315	20	1
98	316	20	1
119	316	20	1
146	316	20	1
185	316	20	2
198	316	20	2
204	316	20	1
234	316	20	2
244	316	20	1
259	316	20	1
95	317	20	2
103	317	20	1
113	317	20	1
115	317	20	1
145	317	20	1
152	317	20	2
162	317	20	1
117	318	20	2
121	318	20	2
126	318	20	2
129	318	20	1
133	318	20	1
172	318	20	1
185	318	20	1
256	318	20	2
257	318	20	1
98	319	20	1
100	319	20	1
153	319	20	2
171	319	20	1
233	319	20	1
258	319	20	2
168	320	20	1
180	320	20	1
200	320	20	1
201	320	20	1
241	320	20	1
243	320	20	1
259	320	20	1
112	321	20	1
195	321	20	2
196	321	20	3
256	321	20	1
264	321	20	1
92	322	20	1
127	322	20	2
157	322	20	1
180	322	20	1
183	322	20	1
187	322	20	2
190	322	20	1
226	322	20	1
257	322	20	1
99	323	20	1
108	323	20	1
111	323	20	2
118	323	20	1
153	323	20	1
164	323	20	1
198	323	20	1
214	323	20	1
234	323	20	1
236	323	20	1
264	323	20	1
135	324	20	1
149	324	20	2
161	324	20	2
165	324	20	1
169	324	20	3
188	324	20	1
193	324	20	1
194	324	20	1
196	324	20	1
198	324	20	1
203	324	20	2
101	325	20	1
126	325	20	1
179	325	20	1
180	325	20	1
181	325	20	1
187	325	20	2
205	325	20	1
228	325	20	1
122	326	20	1
188	326	20	2
199	326	20	1
203	326	20	1
212	326	20	1
219	326	20	1
240	326	20	1
102	327	20	2
106	327	20	1
139	327	20	1
145	327	20	1
153	327	20	1
188	327	20	1
228	327	20	1
233	327	20	1
120	328	20	3
156	328	20	1
181	328	20	1
183	328	20	2
200	328	20	1
212	328	20	1
257	328	20	2
260	328	20	1
261	328	20	2
98	329	20	4
117	329	20	1
120	329	20	2
165	329	20	1
199	329	20	1
221	329	20	2
253	329	20	1
124	330	20	1
129	330	20	3
131	330	20	2
150	330	20	1
179	330	20	1
259	330	20	2
260	330	20	1
100	331	20	2
136	331	20	1
145	331	20	1
177	331	20	1
179	331	20	2
180	331	20	1
186	331	20	1
205	331	20	1
172	332	20	2
176	332	20	3
192	332	20	1
209	332	20	1
260	332	20	1
96	333	20	2
117	333	20	1
157	333	20	2
161	333	20	1
175	333	20	1
179	333	20	1
204	333	20	1
210	333	20	1
227	333	20	1
235	333	20	2
244	333	20	1
250	333	20	1
261	333	20	1
143	334	20	2
158	334	20	4
183	334	20	2
207	334	20	1
210	334	20	1
224	334	20	1
256	334	20	1
182	335	20	1
134	336	20	3
144	336	20	1
163	336	20	1
169	336	20	2
188	336	20	1
194	336	20	1
199	336	20	2
200	336	20	1
207	336	20	2
222	336	20	2
230	336	20	1
173	337	20	1
194	337	20	2
205	337	20	3
236	337	20	1
246	337	20	1
169	338	20	1
183	338	20	1
190	338	20	2
198	338	20	1
186	339	20	1
242	339	20	1
249	339	20	2
201	340	20	1
173	341	20	1
213	341	20	1
214	341	20	1
238	341	20	2
242	341	20	2
246	341	20	1
227	342	20	1
231	342	20	1
210	343	20	1
223	343	20	1
240	343	20	1
161	344	20	1
181	344	20	1
242	344	20	2
183	345	20	1
240	345	20	1
241	345	20	2
243	345	20	2
187	346	20	1
190	347	20	1
198	347	20	1
161	348	20	1
236	348	20	1
179	349	20	4
192	349	20	3
212	349	20	1
229	349	20	1
169	350	20	1
184	350	20	4
221	350	20	1
231	350	20	1
186	352	20	1
216	352	20	1
231	352	20	1
165	353	20	1
178	353	20	2
184	353	20	1
224	353	20	1
231	353	20	1
210	354	20	1
182	357	20	1
198	357	20	2
178	358	20	1
211	358	20	3
173	359	20	3
176	359	20	1
178	359	20	1
200	359	20	1
218	359	20	2
180	360	20	1
186	360	20	1
206	360	20	1
199	361	20	2
203	361	20	2
205	361	20	2
182	362	20	1
192	362	20	1
197	365	20	2
129	222	21	3
142	224	21	1
175	225	21	2
177	225	21	1
139	228	21	1
146	228	21	1
173	230	21	1
110	231	21	2
129	231	21	1
137	231	21	2
162	232	21	1
129	234	21	1
141	235	21	1
132	236	21	1
140	236	21	2
146	236	21	2
137	237	21	1
138	237	21	1
144	237	21	1
146	237	21	1
164	237	21	1
172	237	21	1
178	237	21	1
128	238	21	2
149	238	21	2
151	238	21	3
131	239	21	1
139	239	21	1
178	239	21	1
132	240	21	1
137	240	21	1
141	240	21	1
190	240	21	2
241	240	21	2
126	241	21	1
135	241	21	1
147	241	21	1
152	241	21	2
137	242	21	1
140	242	21	1
143	242	21	1
129	243	21	2
143	243	21	1
146	243	21	1
132	244	21	1
116	245	21	1
139	245	21	1
217	245	21	1
137	246	21	1
197	247	21	1
232	247	21	1
173	248	21	1
126	250	21	1
131	250	21	5
220	251	21	1
232	251	21	1
220	252	21	1
154	253	21	1
197	253	21	2
225	253	21	1
225	255	21	2
230	255	21	3
231	256	21	1
200	257	21	1
232	257	21	1
140	258	21	1
181	260	21	2
196	260	21	1
231	260	21	1
130	261	21	1
189	262	21	1
162	264	21	1
181	264	21	1
135	265	21	1
162	265	21	2
222	265	21	2
160	268	21	1
183	268	21	1
124	269	21	1
160	269	21	2
178	269	21	1
208	269	21	1
115	270	21	1
120	270	21	2
126	270	21	1
164	270	21	2
235	270	21	1
115	271	21	1
174	271	21	1
166	272	21	1
167	272	21	3
122	273	21	1
157	273	21	1
134	274	21	1
167	274	21	1
176	274	21	1
179	275	21	2
116	276	21	1
117	276	21	2
136	276	21	1
165	276	21	1
169	276	21	1
221	276	21	1
267	276	21	1
172	277	21	1
219	277	21	1
124	278	21	1
170	279	21	2
176	279	21	3
177	279	21	1
178	279	21	1
218	279	21	1
220	279	21	4
225	279	21	1
266	279	21	1
167	280	21	1
172	280	21	1
204	280	21	1
218	280	21	2
219	280	21	1
227	280	21	1
169	281	21	1
173	282	21	1
215	282	21	2
217	282	21	2
220	282	21	1
224	282	21	1
270	282	21	1
216	283	21	1
217	283	21	1
215	284	21	1
125	285	21	1
237	285	21	1
101	286	21	1
217	286	21	2
223	286	21	1
152	287	21	1
251	287	21	2
205	288	21	1
271	288	21	1
217	289	21	1
223	289	21	1
106	291	21	1
244	292	21	2
271	292	21	1
187	294	21	1
218	294	21	1
235	294	21	1
140	295	21	1
217	295	21	1
218	295	21	3
245	295	21	1
126	296	21	1
194	297	21	1
262	297	21	2
177	298	21	1
230	298	21	2
232	298	21	1
192	299	21	2
214	300	21	2
239	300	21	1
267	300	21	1
230	301	21	1
269	301	21	1
236	302	21	1
186	303	21	1
207	303	21	2
187	304	21	1
190	304	21	2
208	304	21	1
240	304	21	1
267	304	21	1
96	305	21	2
204	305	21	1
210	305	21	2
223	305	21	2
242	305	21	1
234	306	21	2
258	306	21	1
203	307	21	1
204	307	21	1
243	307	21	1
180	308	21	1
240	308	21	1
259	308	21	1
260	308	21	1
264	308	21	1
129	309	21	2
170	309	21	1
242	309	21	1
261	309	21	2
265	309	21	1
112	310	21	1
114	310	21	1
166	310	21	1
252	310	21	1
257	310	21	1
261	310	21	3
204	311	21	2
212	311	21	2
260	311	21	1
201	312	21	2
256	312	21	1
258	312	21	1
116	313	21	1
241	313	21	1
258	313	21	1
260	313	21	1
262	313	21	2
172	314	21	1
203	314	21	1
204	314	21	1
230	314	21	1
115	315	21	2
163	315	21	1
214	315	21	3
257	315	21	2
258	315	21	1
181	316	21	1
203	316	21	1
208	316	21	1
254	316	21	1
260	316	21	1
166	317	21	1
180	317	21	1
257	317	21	1
240	318	21	1
260	318	21	1
264	318	21	1
152	319	21	1
241	319	21	1
247	319	21	1
261	319	21	1
92	320	21	1
257	320	21	2
258	320	21	1
262	320	21	1
118	321	21	2
183	321	21	2
249	321	21	2
264	321	21	2
199	322	21	1
258	322	21	1
98	323	21	1
126	323	21	1
200	323	21	2
201	323	21	2
141	324	21	1
180	324	21	1
184	324	21	1
187	324	21	1
177	325	21	1
181	325	21	1
190	325	21	1
195	325	21	1
199	325	21	1
181	326	21	2
94	327	21	1
202	328	21	1
260	328	21	1
131	330	21	2
228	330	21	1
105	331	21	1
138	332	21	1
181	333	21	1
121	334	21	2
142	336	21	1
173	336	21	1
177	336	21	1
183	336	21	2
259	336	21	1
260	336	21	1
180	338	21	1
240	338	21	1
148	339	21	1
189	339	21	1
242	339	21	1
177	340	21	2
237	340	21	1
244	341	21	1
241	345	21	2
180	346	21	1
236	348	21	1
173	349	21	1
179	360	21	1
195	361	21	1
126	226	22	1
154	229	22	2
162	230	22	1
147	234	22	2
132	235	22	1
143	235	22	1
145	235	22	1
148	235	22	1
132	236	22	1
133	236	22	2
129	237	22	1
132	239	22	2
141	239	22	1
149	239	22	1
216	239	22	1
139	240	22	1
132	241	22	1
136	241	22	3
215	241	22	1
129	242	22	1
134	242	22	1
215	242	22	1
149	243	22	1
152	243	22	1
135	247	22	1
216	249	22	2
223	252	22	1
224	253	22	1
226	254	22	1
161	255	22	2
163	256	22	3
196	256	22	2
199	257	22	1
163	258	22	1
162	259	22	1
232	259	22	1
161	260	22	1
162	260	22	1
197	260	22	1
163	264	22	1
120	267	22	1
121	267	22	1
122	267	22	2
132	267	22	1
160	267	22	3
121	268	22	1
122	268	22	1
157	268	22	2
158	268	22	2
165	268	22	2
195	268	22	1
122	269	22	1
159	269	22	1
127	270	22	1
155	270	22	1
165	271	22	1
176	271	22	1
181	271	22	2
120	272	22	1
177	272	22	1
118	273	22	1
174	273	22	1
177	273	22	1
154	274	22	1
168	274	22	1
169	274	22	1
164	275	22	1
165	275	22	2
176	276	22	2
177	276	22	2
176	277	22	1
169	278	22	1
176	278	22	1
217	279	22	1
230	279	22	1
170	280	22	1
173	280	22	1
178	280	22	1
227	280	22	2
170	281	22	1
172	281	22	2
172	282	22	1
175	282	22	1
226	282	22	1
202	284	22	1
219	292	22	1
222	292	22	1
269	294	22	1
215	296	22	2
269	296	22	2
217	297	22	2
268	297	22	1
210	301	22	1
211	301	22	1
238	302	22	3
238	303	22	3
266	303	22	2
207	307	22	4
238	307	22	1
262	307	22	2
238	308	22	1
260	308	22	3
206	309	22	2
231	309	22	2
204	310	22	3
209	310	22	1
259	310	22	1
260	310	22	1
206	311	22	1
231	311	22	1
260	312	22	1
261	313	22	1
236	314	22	1
261	314	22	2
262	316	22	1
236	317	22	1
256	317	22	1
258	318	22	1
184	320	22	1
260	320	22	1
182	321	22	1
181	322	22	2
185	323	22	1
187	323	22	2
179	324	22	2
180	324	22	3
184	324	22	2
194	324	22	1
196	324	22	2
184	325	22	1
188	325	22	1
199	325	22	1
259	326	22	1
184	328	22	1
200	328	22	2
94	331	22	1
181	331	22	1
259	331	22	1
100	332	22	1
240	343	22	2
242	343	22	2
242	344	22	1
244	344	22	2
180	360	22	1
180	225	23	1
154	228	23	2
157	229	23	1
152	231	23	2
157	231	23	2
158	231	23	1
134	234	23	1
138	234	23	1
143	234	23	1
146	234	23	1
140	235	23	1
141	235	23	1
144	235	23	1
145	235	23	1
148	235	23	2
133	237	23	1
214	237	23	1
139	238	23	1
140	238	23	1
145	238	23	1
217	238	23	1
142	240	23	1
130	241	23	2
136	241	23	1
140	241	23	1
141	241	23	1
132	242	23	2
138	242	23	1
149	242	23	1
132	243	23	2
134	243	23	1
214	243	23	1
145	244	23	1
215	246	23	1
218	250	23	1
222	253	23	2
224	253	23	1
196	254	23	1
223	254	23	1
197	255	23	1
231	255	23	1
163	256	23	1
198	256	23	1
193	257	23	1
224	257	23	1
228	257	23	1
220	262	23	3
119	263	23	1
119	264	23	1
122	264	23	1
124	266	23	2
124	267	23	1
127	268	23	1
117	269	23	1
240	269	23	1
156	270	23	1
183	270	23	1
168	271	23	1
154	272	23	1
164	273	23	1
168	273	23	1
177	273	23	1
169	274	23	1
167	275	23	1
224	275	23	2
179	276	23	1
169	278	23	1
176	278	23	1
177	278	23	2
170	279	23	1
219	279	23	3
176	280	23	1
168	281	23	1
169	281	23	3
173	282	23	1
206	282	23	1
174	283	23	1
172	284	23	1
173	284	23	1
176	284	23	1
202	285	23	2
271	285	23	1
203	287	23	1
222	291	23	1
268	292	23	2
271	292	23	1
266	293	23	1
271	293	23	1
219	294	23	1
266	294	23	1
266	295	23	1
215	296	23	1
190	299	23	2
267	299	23	1
211	302	23	1
236	302	23	1
239	302	23	1
212	304	23	1
234	305	23	1
265	305	23	1
205	307	23	1
206	307	23	2
207	307	23	1
235	307	23	1
236	307	23	1
240	307	23	2
259	307	23	1
241	308	23	1
261	308	23	1
262	308	23	1
266	308	23	1
203	309	23	2
257	309	23	1
261	309	23	1
230	311	23	3
240	311	23	1
176	312	23	2
203	312	23	1
237	312	23	2
261	312	23	1
176	313	23	1
203	313	23	2
239	313	23	1
204	314	23	2
232	314	23	2
257	314	23	2
179	315	23	1
238	315	23	1
258	315	23	1
172	316	23	1
258	316	23	1
179	317	23	1
181	317	23	1
256	317	23	1
257	317	23	1
265	317	23	1
182	318	23	1
261	318	23	2
262	318	23	1
166	319	23	1
261	319	23	1
183	321	23	1
187	321	23	1
260	321	23	1
236	322	23	1
256	322	23	1
259	322	23	2
182	323	23	1
185	323	23	1
162	324	23	1
188	325	23	1
192	326	23	1
99	327	23	1
184	327	23	1
199	328	23	2
183	329	23	1
184	330	23	1
102	331	23	1
260	332	23	1
260	336	23	1
235	340	23	1
242	342	23	1
181	223	24	1
178	224	24	1
176	225	24	1
174	226	24	1
157	227	24	1
154	229	24	1
153	232	24	1
138	234	24	3
143	234	24	1
146	234	24	1
137	236	24	1
139	236	24	2
137	237	24	2
138	237	24	1
145	237	24	2
150	237	24	1
132	238	24	1
143	238	24	1
146	238	24	1
149	238	24	3
150	238	24	1
132	239	24	2
133	239	24	1
142	239	24	2
145	239	24	1
108	240	24	1
142	240	24	2
132	241	24	1
144	241	24	1
140	242	24	3
143	242	24	1
146	244	24	1
135	245	24	2
137	245	24	2
142	246	24	1
139	247	24	1
228	247	24	1
215	248	24	1
139	249	24	1
140	249	24	1
230	249	24	2
220	253	24	1
143	255	24	1
142	256	24	2
194	257	24	1
199	258	24	3
118	260	24	2
116	262	24	1
117	262	24	1
118	262	24	1
115	263	24	2
117	263	24	3
120	263	24	3
121	263	24	1
221	263	24	1
119	264	24	1
124	265	24	1
127	265	24	1
165	267	24	1
130	269	24	1
156	269	24	1
162	269	24	1
165	269	24	1
163	270	24	1
184	270	24	2
131	271	24	1
181	271	24	1
128	272	24	1
165	273	24	1
177	273	24	1
169	274	24	3
179	274	24	1
166	275	24	2
167	275	24	2
178	275	24	1
171	276	24	1
168	277	24	1
168	278	24	1
180	278	24	1
170	279	24	1
173	279	24	1
180	279	24	2
170	280	24	2
168	281	24	1
174	281	24	2
179	281	24	1
176	282	24	1
176	284	24	1
177	284	24	2
204	285	24	1
276	286	24	1
275	288	24	1
270	290	24	1
269	292	24	3
197	293	24	1
271	293	24	1
237	294	24	1
191	296	24	1
266	298	24	2
264	299	24	1
235	300	24	2
238	301	24	1
265	301	24	1
267	301	24	2
242	302	24	1
263	302	24	2
266	302	24	2
237	303	24	2
188	304	24	2
235	304	24	1
236	304	24	1
241	304	24	1
262	305	24	1
264	305	24	1
206	306	24	1
239	306	24	2
242	306	24	1
262	306	24	2
266	306	24	1
263	307	24	1
206	308	24	2
209	308	24	1
260	308	24	1
263	308	24	1
232	309	24	1
259	309	24	1
260	309	24	2
261	309	24	2
263	309	24	2
178	310	24	1
238	310	24	1
206	311	24	1
234	311	24	1
235	311	24	1
257	311	24	1
260	311	24	2
266	311	24	1
255	312	24	1
263	312	24	2
177	313	24	1
199	313	24	1
261	313	24	2
175	314	24	1
176	314	24	2
211	314	24	1
234	314	24	1
237	314	24	2
257	314	24	1
260	314	24	1
173	315	24	1
175	315	24	1
177	315	24	1
260	315	24	1
167	317	24	1
169	317	24	1
259	317	24	1
167	318	24	1
169	318	24	1
253	318	24	1
260	318	24	1
182	320	24	1
164	321	24	1
186	321	24	2
259	321	24	1
185	322	24	1
242	322	24	1
187	323	24	1
186	324	24	1
259	324	24	2
182	325	24	1
185	325	24	2
183	326	24	1
261	326	24	1
157	327	24	1
183	327	24	2
184	327	24	2
201	327	24	1
259	328	24	1
99	329	24	2
154	329	24	1
185	329	24	1
186	329	24	1
261	329	24	1
96	330	24	1
103	330	24	1
104	331	24	1
153	331	24	2
181	331	24	2
261	331	24	1
102	332	24	1
258	333	24	1
259	333	24	1
258	334	24	1
259	334	24	1
181	335	24	1
181	336	24	1
259	336	24	1
181	223	25	1
179	224	25	1
157	226	25	1
155	228	25	1
158	228	25	1
161	228	25	1
155	229	25	1
159	230	25	1
161	232	25	1
150	233	25	2
163	233	25	3
137	234	25	1
152	234	25	1
135	235	25	1
136	235	25	2
140	235	25	2
142	235	25	2
143	235	25	1
144	235	25	1
150	235	25	2
141	237	25	2
145	237	25	1
247	237	25	1
249	237	25	1
246	238	25	1
131	239	25	1
135	239	25	2
132	240	25	3
136	241	25	1
134	242	25	1
135	244	25	1
133	246	25	2
229	249	25	1
229	250	25	1
140	253	25	1
225	258	25	1
121	259	25	1
223	260	25	1
118	261	25	1
121	261	25	3
121	262	25	2
119	263	25	1
123	266	25	1
261	266	25	1
180	274	25	1
175	276	25	2
165	278	25	2
173	278	25	1
177	278	25	1
178	278	25	1
165	279	25	1
170	279	25	3
177	279	25	1
170	280	25	1
274	280	25	3
176	281	25	1
165	282	25	2
172	282	25	1
277	288	25	3
199	289	25	1
270	290	25	2
271	291	25	1
266	292	25	3
268	292	25	1
270	293	25	1
269	294	25	1
266	296	25	1
266	297	25	1
268	297	25	1
238	299	25	1
240	301	25	2
264	301	25	1
236	305	25	2
236	307	25	1
243	308	25	2
230	309	25	1
262	309	25	1
260	310	25	2
206	311	25	1
230	311	25	1
258	311	25	1
262	311	25	1
208	312	25	2
259	312	25	1
260	312	25	2
209	314	25	1
262	316	25	2
257	317	25	1
258	318	25	2
259	318	25	1
261	318	25	2
241	320	25	1
257	320	25	2
259	324	25	1
107	331	25	1
259	331	25	1
182	222	26	1
183	222	26	1
180	223	26	1
178	226	26	1
157	230	26	1
159	230	26	1
168	230	26	1
156	231	26	3
142	233	26	2
144	234	26	1
152	234	26	1
140	235	26	1
145	235	26	1
250	236	26	1
135	237	26	1
140	237	26	1
142	237	26	2
143	237	26	1
134	239	26	2
135	240	26	1
136	240	26	1
110	241	26	1
226	241	26	1
132	243	26	2
226	243	26	1
235	243	26	2
226	246	26	1
228	247	26	1
223	248	26	1
226	248	26	1
124	252	26	1
226	252	26	1
224	253	26	1
227	253	26	1
121	258	26	2
123	259	26	1
125	266	26	2
120	268	26	1
123	269	26	2
126	269	26	2
127	270	26	1
124	271	26	2
176	275	26	1
172	276	26	2
178	277	26	1
169	278	26	1
175	278	26	1
163	279	26	1
172	279	26	2
176	279	26	1
174	280	26	1
274	280	26	1
273	281	26	1
167	282	26	2
175	283	26	2
176	283	26	1
181	287	26	1
268	293	26	1
271	294	26	1
268	295	26	1
266	297	26	2
229	308	26	2
231	309	26	1
209	312	26	2
243	312	26	1
257	312	26	1
257	313	26	1
258	313	26	1
211	315	26	1
261	315	26	1
211	316	26	1
257	316	26	2
258	316	26	2
260	316	26	1
258	317	26	1
262	317	26	2
237	319	26	1
259	319	26	1
261	319	26	1
241	320	26	2
241	321	26	1
242	321	26	1
238	323	26	3
186	359	26	1
179	226	27	1
160	229	27	1
161	231	27	1
162	232	27	1
166	232	27	1
155	233	27	2
144	234	27	2
152	234	27	1
154	234	27	1
245	234	27	2
145	235	27	1
137	236	27	2
245	236	27	1
249	236	27	1
250	236	27	1
136	237	27	1
176	237	27	3
241	237	27	1
139	238	27	1
244	238	27	1
249	238	27	1
135	239	27	2
182	239	27	2
139	240	27	1
242	240	27	1
134	243	27	1
226	244	27	1
194	247	27	1
228	249	27	2
227	251	27	2
229	251	27	1
226	252	27	1
121	257	27	1
122	257	27	1
122	258	27	4
121	268	27	2
123	270	27	2
174	276	27	2
173	277	27	3
174	277	27	1
167	279	27	3
176	279	27	1
274	280	27	1
173	281	27	1
174	281	27	1
274	281	27	1
178	283	27	1
273	283	27	1
168	285	27	2
271	291	27	2
191	294	27	1
264	302	27	1
266	303	27	2
236	306	27	2
235	308	27	1
203	309	27	1
237	309	27	1
230	310	27	1
202	311	27	1
259	312	27	2
206	313	27	1
209	315	27	2
239	319	27	1
238	322	27	2
233	326	27	1
96	328	27	1
260	328	27	3
259	330	27	2
160	231	28	2
162	231	28	1
166	231	28	1
164	232	28	1
165	232	28	1
153	235	28	2
136	236	28	1
248	236	28	1
251	236	28	1
138	237	28	1
243	237	28	2
139	238	28	1
140	238	28	1
141	238	28	2
147	238	28	2
244	238	28	1
137	239	28	1
244	239	28	2
246	239	28	1
134	240	28	1
179	241	28	1
185	241	28	1
114	243	28	2
233	243	28	1
235	243	28	1
249	243	28	1
231	245	28	2
194	247	28	1
226	250	28	1
229	250	28	1
193	251	28	1
234	251	28	1
124	254	28	1
124	255	28	1
125	255	28	3
127	256	28	1
128	256	28	1
134	257	28	2
121	264	28	1
124	267	28	1
262	268	28	1
124	269	28	1
121	270	28	3
127	271	28	2
134	276	28	1
128	278	28	1
176	279	28	1
172	280	28	1
178	280	28	1
174	281	28	1
274	281	28	1
275	281	28	1
276	281	28	1
165	282	28	1
176	282	28	1
177	282	28	1
274	282	28	2
275	282	28	1
165	283	28	1
170	283	28	1
175	284	28	1
274	284	28	1
167	285	28	1
170	285	28	3
178	285	28	1
179	285	28	1
275	285	28	1
166	287	28	1
270	290	28	1
193	294	28	2
179	296	28	1
232	304	28	2
236	305	28	1
230	306	28	1
232	306	28	1
227	307	28	1
208	310	28	2
222	310	28	1
204	313	28	1
206	313	28	2
259	313	28	3
209	315	28	1
210	316	28	1
259	317	28	2
262	318	28	1
240	319	28	1
241	319	28	1
239	321	28	1
242	322	28	1
235	323	28	2
133	328	28	3
185	357	28	1
116	223	29	1
112	226	29	1
112	228	29	2
171	231	29	1
160	233	29	1
164	233	29	1
142	237	29	1
250	237	29	1
140	238	29	1
250	238	29	2
183	239	29	1
181	240	29	1
182	240	29	1
183	240	29	1
190	240	29	1
188	243	29	1
193	243	29	1
191	245	29	2
226	250	29	1
127	253	29	1
128	254	29	2
125	257	29	1
131	257	29	1
133	257	29	1
132	259	29	2
134	259	29	1
259	267	29	1
261	267	29	3
257	268	29	1
124	271	29	1
167	271	29	1
121	272	29	1
125	272	29	2
132	272	29	1
135	272	29	1
136	272	29	2
137	272	29	2
167	273	29	1
170	273	29	2
138	274	29	1
168	274	29	1
170	275	29	2
171	275	29	1
167	278	29	2
168	278	29	1
169	278	29	2
174	278	29	2
170	279	29	1
175	279	29	1
175	281	29	1
175	282	29	1
166	283	29	1
276	283	29	2
161	284	29	1
168	284	29	1
277	284	29	1
176	285	29	1
275	285	29	1
276	285	29	1
168	286	29	1
169	286	29	1
169	287	29	1
270	294	29	1
175	295	29	2
183	297	29	1
183	300	29	1
235	304	29	2
204	307	29	1
235	307	29	1
236	307	29	3
204	308	29	2
206	308	29	1
233	308	29	1
227	309	29	1
229	309	29	1
203	310	29	1
202	311	29	1
206	311	29	1
209	311	29	1
212	312	29	1
258	313	29	3
212	315	29	1
259	317	29	1
262	317	29	1
241	318	29	1
243	319	29	1
243	320	29	1
126	324	29	1
227	327	29	1
95	328	29	1
96	328	29	1
130	329	29	1
93	330	29	1
95	330	29	1
97	330	29	1
95	331	29	2
94	332	29	1
143	332	29	2
96	333	29	1
191	346	29	3
187	360	29	2
220	360	29	2
114	226	30	2
192	234	30	1
176	237	30	1
179	238	30	2
172	239	30	1
181	239	30	1
182	239	30	2
184	239	30	1
186	239	30	1
181	240	30	1
184	240	30	2
178	241	30	1
183	241	30	2
189	241	30	1
172	242	30	1
189	242	30	1
182	243	30	1
183	243	30	2
186	243	30	1
184	244	30	1
193	244	30	1
191	245	30	1
148	253	30	1
125	255	30	1
127	256	30	1
129	256	30	1
132	256	30	1
123	257	30	1
126	258	30	3
250	258	30	1
129	259	30	2
131	260	30	1
257	261	30	1
136	263	30	1
128	265	30	1
127	267	30	1
262	267	30	2
260	268	30	2
123	270	30	2
125	270	30	1
126	270	30	1
165	270	30	1
168	270	30	1
124	271	30	1
139	271	30	1
124	272	30	1
135	272	30	1
165	272	30	2
124	273	30	1
138	273	30	1
167	273	30	1
139	274	30	3
167	274	30	2
139	275	30	2
143	275	30	1
159	279	30	2
163	279	30	1
169	279	30	2
164	280	30	1
276	281	30	2
175	282	30	1
275	282	30	2
163	283	30	2
164	283	30	1
165	283	30	1
162	284	30	1
164	284	30	1
274	284	30	3
276	284	30	3
165	285	30	1
275	285	30	1
163	286	30	1
165	287	30	2
170	287	30	4
180	299	30	1
194	305	30	1
194	306	30	1
189	308	30	1
205	308	30	1
190	309	30	1
212	310	30	1
207	311	30	1
211	311	30	1
247	311	30	1
225	313	30	1
207	314	30	2
210	316	30	1
242	318	30	1
243	320	30	1
124	323	30	2
99	327	30	1
99	329	30	1
93	331	30	2
95	333	30	1
96	333	30	1
96	334	30	1
220	362	30	2
139	239	31	1
174	239	31	3
178	240	31	3
240	240	31	1
178	241	31	1
183	241	31	1
185	241	31	1
187	241	31	1
179	242	31	1
174	243	31	1
176	243	31	1
184	243	31	1
185	243	31	1
189	243	31	2
173	245	31	2
185	245	31	1
186	245	31	1
190	245	31	2
123	256	31	1
127	256	31	1
129	256	31	3
147	257	31	1
133	258	31	1
124	259	31	3
256	262	31	1
258	262	31	1
257	263	31	1
127	264	31	1
261	265	31	1
257	266	31	2
258	267	31	2
125	268	31	2
126	268	31	1
261	268	31	1
127	269	31	2
129	269	31	1
123	270	31	1
132	270	31	2
125	271	31	1
129	271	31	1
135	271	31	1
163	271	31	2
127	272	31	1
135	272	31	1
163	273	31	1
143	274	31	1
162	274	31	1
146	276	31	1
166	277	31	1
168	277	31	2
260	278	31	3
259	280	31	1
159	281	31	1
261	281	31	2
159	282	31	1
261	282	31	1
262	282	31	2
275	282	31	1
167	283	31	1
275	283	31	2
276	283	31	1
162	284	31	2
164	284	31	1
167	284	31	2
274	284	31	1
276	284	31	2
163	285	31	1
162	286	31	1
167	287	31	1
162	288	31	1
166	288	31	2
168	288	31	1
170	292	31	1
198	306	31	1
197	307	31	2
187	308	31	1
193	308	31	3
197	308	31	3
205	308	31	2
191	309	31	1
206	309	31	1
187	310	31	2
189	311	31	3
203	311	31	1
210	312	31	1
225	312	31	1
200	315	31	2
212	319	31	2
236	323	31	1
128	325	31	1
98	327	31	1
98	329	31	1
132	329	31	1
95	330	31	1
96	331	31	1
94	332	31	1
96	332	31	1
97	333	31	1
174	339	31	1
187	346	31	1
184	347	31	2
182	349	31	1
186	349	31	1
223	361	31	2
113	225	32	1
113	226	32	1
181	240	32	1
185	241	32	1
181	242	32	1
185	242	32	2
186	242	32	1
187	242	32	2
174	243	32	1
176	243	32	1
194	243	32	3
176	244	32	1
178	244	32	2
181	244	32	3
182	244	32	1
190	244	32	1
175	247	32	2
148	253	32	1
250	255	32	2
134	257	32	2
165	258	32	1
253	258	32	1
133	259	32	1
256	259	32	1
128	260	32	2
168	260	32	2
256	261	32	1
130	263	32	1
261	263	32	2
259	265	32	1
262	265	32	2
130	267	32	1
259	267	32	1
263	267	32	1
126	268	32	1
165	268	32	2
261	268	32	2
127	269	32	1
259	269	32	1
263	270	32	2
125	271	32	1
139	271	32	1
165	272	32	1
166	272	32	2
166	273	32	1
167	273	32	1
167	274	32	1
164	276	32	1
157	277	32	1
260	277	32	1
161	279	32	1
261	280	32	2
275	281	32	2
262	282	32	1
163	283	32	2
165	283	32	1
164	284	32	1
167	284	32	1
163	285	32	1
162	286	32	1
163	287	32	1
167	289	32	1
165	295	32	1
116	304	32	1
118	304	32	1
187	308	32	1
194	308	32	1
196	308	32	1
205	308	32	1
112	309	32	2
188	309	32	2
258	309	32	1
113	310	32	1
196	310	32	1
202	310	32	1
113	311	32	1
196	311	32	1
207	311	32	1
244	311	32	1
193	312	32	1
199	312	32	3
201	312	32	1
203	312	32	1
247	312	32	1
112	313	32	1
212	313	32	2
225	313	32	1
197	314	32	1
245	315	32	1
197	316	32	3
243	317	32	1
207	319	32	1
246	320	32	2
209	321	32	1
92	330	32	2
93	331	32	1
97	333	32	1
99	333	32	4
204	333	32	1
187	345	32	3
186	347	32	1
189	347	32	2
188	348	32	2
180	352	32	2
186	354	32	1
175	359	32	2
215	360	32	2
220	363	32	1
115	224	33	2
113	225	33	2
114	227	33	1
114	228	33	1
173	241	33	1
176	242	33	1
181	244	33	1
188	244	33	1
194	244	33	1
134	253	33	1
149	255	33	1
131	257	33	2
133	257	33	1
147	257	33	1
138	258	33	1
129	259	33	1
252	259	33	3
257	260	33	1
258	260	33	1
129	261	33	1
128	263	33	1
129	263	33	1
126	264	33	2
127	264	33	1
157	264	33	1
260	264	33	1
126	266	33	1
128	266	33	1
261	267	33	3
263	267	33	1
264	267	33	1
266	267	33	1
125	268	33	1
128	268	33	1
163	268	33	1
129	269	33	1
264	269	33	1
125	270	33	3
127	270	33	2
263	271	33	2
157	273	33	2
262	273	33	2
162	275	33	1
164	275	33	1
164	277	33	2
163	281	33	1
261	281	33	2
162	283	33	1
165	284	33	2
164	285	33	2
162	287	33	1
125	292	33	1
118	298	33	1
121	300	33	1
117	301	33	2
121	301	33	1
194	304	33	1
195	306	33	1
198	308	33	2
207	308	33	1
186	309	33	1
190	309	33	1
191	309	33	1
195	309	33	1
248	309	33	1
191	310	33	1
197	310	33	3
114	311	33	1
186	311	33	2
191	311	33	1
197	311	33	1
198	311	33	2
189	312	33	1
192	312	33	1
111	313	33	1
112	313	33	2
113	313	33	1
207	314	33	1
209	314	33	1
246	314	33	1
121	316	33	1
249	316	33	1
243	318	33	1
246	318	33	2
201	319	33	1
206	319	33	1
93	327	33	1
92	330	33	2
196	331	33	3
98	333	33	1
198	333	33	1
205	333	33	1
217	339	33	1
214	341	33	3
215	341	33	1
187	346	33	1
208	346	33	1
189	348	33	1
190	348	33	1
210	348	33	1
180	349	33	1
183	349	33	1
186	349	33	1
207	349	33	1
208	349	33	1
184	351	33	2
179	352	33	1
184	352	33	1
177	353	33	2
181	353	33	1
179	357	33	2
116	225	34	1
115	226	34	1
115	229	34	1
137	237	34	1
139	242	34	1
138	243	34	1
174	243	34	1
176	243	34	1
190	244	34	1
197	244	34	1
212	247	34	1
130	252	34	2
134	253	34	3
131	254	34	2
138	254	34	1
131	255	34	2
131	256	34	1
133	256	34	2
143	256	34	1
133	257	34	1
147	257	34	1
130	258	34	1
131	258	34	1
136	258	34	1
137	258	34	1
133	259	34	3
134	259	34	2
130	260	34	1
131	261	34	1
167	261	34	1
131	262	34	1
134	262	34	1
159	262	34	1
261	264	34	1
126	265	34	2
154	265	34	2
265	265	34	2
158	267	34	2
262	267	34	1
128	268	34	1
266	268	34	2
157	269	34	1
265	270	34	2
157	271	34	1
162	271	34	1
163	271	34	1
166	271	34	1
158	272	34	1
163	272	34	1
139	274	34	1
261	274	34	1
162	275	34	1
166	275	34	1
164	277	34	1
165	277	34	1
146	278	34	2
151	279	34	3
261	281	34	1
262	281	34	1
165	283	34	1
124	287	34	1
125	289	34	2
161	290	34	1
164	294	34	1
253	296	34	1
120	297	34	1
122	297	34	1
118	298	34	2
170	298	34	1
173	301	34	3
118	302	34	2
121	302	34	1
116	303	34	2
119	304	34	3
177	305	34	1
183	308	34	1
112	309	34	2
186	309	34	3
197	309	34	2
248	309	34	1
185	310	34	1
192	310	34	1
197	310	34	2
252	310	34	1
112	311	34	2
115	312	34	1
191	312	34	1
197	312	34	1
111	314	34	1
242	316	34	2
124	317	34	1
242	317	34	1
200	318	34	1
245	318	34	1
240	319	34	2
202	320	34	1
243	320	34	2
201	321	34	1
131	322	34	1
199	322	34	1
242	322	34	1
238	323	34	1
239	323	34	1
188	328	34	1
100	329	34	1
98	332	34	1
199	333	34	1
189	334	34	2
197	334	34	1
193	335	34	1
192	336	34	1
194	336	34	1
190	340	34	1
212	341	34	1
213	341	34	1
192	347	34	1
208	347	34	1
213	347	34	1
214	347	34	1
182	348	34	1
186	348	34	1
207	348	34	1
212	348	34	1
213	348	34	2
215	348	34	1
188	349	34	1
208	349	34	3
187	350	34	1
194	350	34	1
196	350	34	2
185	351	34	1
179	352	34	1
181	352	34	1
198	352	34	3
200	352	34	1
204	352	34	1
205	352	34	1
207	352	34	3
213	352	34	1
182	355	34	1
177	357	34	2
180	360	34	2
113	225	35	1
113	226	35	2
117	226	35	2
116	228	35	1
117	230	35	1
123	235	35	1
138	238	35	2
139	239	35	1
143	240	35	1
138	241	35	1
140	242	35	2
139	243	35	1
172	244	35	2
175	246	35	1
133	252	35	2
135	253	35	2
128	255	35	1
130	255	35	1
131	255	35	3
138	255	35	1
134	256	35	1
129	257	35	1
134	257	35	2
136	257	35	1
127	260	35	2
149	260	35	1
131	261	35	1
156	261	35	3
126	262	35	2
128	263	35	1
131	263	35	3
156	263	35	1
128	264	35	1
146	264	35	1
157	264	35	1
265	264	35	2
157	265	35	1
262	265	35	1
264	265	35	1
265	266	35	1
266	266	35	1
127	267	35	2
153	267	35	1
130	269	35	1
135	271	35	1
156	271	35	1
141	272	35	1
160	272	35	1
163	272	35	1
142	273	35	2
143	273	35	1
140	274	35	1
159	274	35	1
163	274	35	2
258	274	35	1
157	275	35	2
161	275	35	1
162	276	35	1
163	276	35	3
166	276	35	1
160	277	35	1
262	277	35	1
161	278	35	1
163	279	35	2
125	280	35	1
259	282	35	1
261	282	35	1
122	288	35	2
125	289	35	1
162	294	35	1
120	295	35	2
122	295	35	1
255	295	35	1
122	297	35	1
120	298	35	1
121	298	35	2
122	298	35	2
170	298	35	2
121	299	35	1
120	300	35	1
173	300	35	1
174	300	35	2
118	302	35	2
119	304	35	1
175	304	35	1
176	304	35	1
121	305	35	1
117	306	35	1
246	306	35	1
114	307	35	1
114	308	35	1
181	308	35	1
186	308	35	2
189	308	35	2
112	309	35	1
188	309	35	1
196	309	35	1
114	311	35	1
184	311	35	2
190	311	35	1
250	311	35	1
199	312	35	1
195	313	35	1
110	314	35	2
113	315	35	2
108	316	35	1
109	317	35	1
110	317	35	1
121	317	35	1
132	321	35	1
133	321	35	2
201	321	35	1
239	321	35	1
240	321	35	1
242	321	35	2
200	324	35	1
240	324	35	1
132	325	35	2
134	325	35	1
236	325	35	1
239	325	35	1
242	325	35	1
236	326	35	1
95	327	35	2
235	327	35	1
96	328	35	2
183	333	35	1
189	333	35	2
198	333	35	1
189	336	35	1
195	336	35	1
199	337	35	1
200	338	35	1
189	341	35	1
212	341	35	1
212	342	35	1
189	345	35	1
211	346	35	1
186	347	35	2
211	347	35	1
186	348	35	2
190	348	35	1
195	348	35	1
187	351	35	1
188	351	35	1
193	351	35	1
207	351	35	1
208	351	35	2
180	352	35	1
181	353	35	1
183	353	35	1
207	353	35	1
194	354	35	1
202	354	35	1
208	354	35	1
204	356	35	2
119	234	36	1
125	234	36	1
125	235	36	1
140	238	36	1
138	239	36	1
165	239	36	4
169	241	36	1
140	242	36	1
170	242	36	1
175	242	36	1
171	244	36	1
171	245	36	1
133	251	36	1
137	252	36	1
131	253	36	2
140	253	36	3
138	254	36	1
144	254	36	1
132	255	36	1
136	255	36	2
132	256	36	2
130	258	36	1
132	258	36	2
252	259	36	1
128	263	36	2
126	264	36	2
146	264	36	1
155	264	36	1
263	264	36	1
155	265	36	1
264	265	36	2
265	265	36	1
153	266	36	1
154	266	36	2
146	267	36	1
127	268	36	3
160	269	36	1
129	270	36	2
136	271	36	1
146	274	36	1
162	274	36	1
163	274	36	1
139	275	36	1
166	275	36	1
261	275	36	1
163	276	36	2
175	276	36	2
260	276	36	1
126	282	36	1
262	282	36	1
125	283	36	1
258	283	36	2
126	285	36	1
123	286	36	1
124	286	36	1
127	286	36	1
158	286	36	1
159	286	36	1
160	286	36	1
152	288	36	1
147	290	36	1
122	292	36	1
120	295	36	2
124	295	36	1
257	295	36	1
121	297	36	1
165	297	36	2
120	298	36	1
172	298	36	1
259	298	36	1
166	299	36	1
167	300	36	1
174	300	36	1
121	301	36	1
121	302	36	1
175	303	36	1
115	306	36	1
116	306	36	1
118	306	36	1
113	308	36	1
114	308	36	1
187	308	36	2
188	308	36	1
115	309	36	2
189	309	36	1
114	310	36	2
184	310	36	1
185	310	36	1
189	310	36	1
190	310	36	1
110	311	36	1
249	311	36	1
250	311	36	1
190	312	36	2
191	312	36	2
151	318	36	1
228	320	36	1
130	322	36	1
94	327	36	1
96	327	36	2
127	328	36	2
183	332	36	1
182	333	36	1
201	335	36	1
148	337	36	3
213	338	36	1
211	339	36	1
211	340	36	2
212	340	36	3
200	344	36	1
213	348	36	1
214	348	36	1
188	350	36	1
211	350	36	1
214	351	36	2
215	352	36	1
185	354	36	3
203	355	36	1
204	355	36	1
179	356	36	1
181	356	36	1
183	356	36	1
176	357	36	2
179	357	36	1
207	357	36	2
206	358	36	1
203	361	36	1
126	226	37	3
119	228	37	1
124	230	37	2
125	230	37	1
172	232	37	2
123	233	37	1
129	233	37	1
138	233	37	1
124	234	37	1
125	234	37	1
126	234	37	1
127	235	37	2
134	236	37	1
137	236	37	1
140	238	37	1
135	239	37	1
167	240	37	1
125	242	37	2
165	242	37	1
124	243	37	1
137	243	37	1
138	243	37	2
139	243	37	1
141	243	37	1
144	243	37	2
173	243	37	1
171	244	37	1
172	244	37	1
173	245	37	1
175	245	37	2
137	252	37	1
133	253	37	1
144	253	37	1
145	253	37	1
148	253	37	2
133	255	37	2
131	256	37	1
145	256	37	2
148	256	37	1
207	256	37	1
132	257	37	1
129	258	37	1
208	258	37	1
134	260	37	1
129	261	37	1
129	262	37	1
133	262	37	1
159	262	37	1
131	263	37	3
133	263	37	1
142	263	37	1
148	263	37	1
154	263	37	1
142	264	37	3
144	264	37	1
128	265	37	1
144	265	37	1
262	265	37	1
263	265	37	1
154	268	37	1
151	269	37	1
162	269	37	2
150	270	37	1
146	272	37	1
162	272	37	1
249	272	37	1
254	272	37	2
145	275	37	1
160	276	37	1
162	276	37	1
163	277	37	1
258	281	37	2
125	283	37	1
125	285	37	1
126	286	37	2
146	286	37	1
160	286	37	1
152	288	37	1
160	292	37	2
121	293	37	1
159	293	37	2
256	293	37	1
259	293	37	2
259	294	37	1
168	299	37	2
175	299	37	1
172	300	37	1
174	300	37	1
176	301	37	1
247	301	37	1
250	301	37	1
172	302	37	1
178	302	37	1
180	302	37	2
174	303	37	1
176	303	37	1
121	304	37	1
261	304	37	1
116	306	37	1
183	308	37	2
181	309	37	2
252	309	37	1
114	310	37	2
115	310	37	1
189	311	37	2
191	312	37	1
194	312	37	1
121	314	37	1
196	314	37	1
149	315	37	2
117	317	37	1
153	317	37	1
119	318	37	1
115	319	37	1
146	319	37	1
143	321	37	1
137	322	37	1
139	322	37	1
192	324	37	1
239	324	37	1
242	324	37	2
134	325	37	1
188	327	37	1
148	331	37	1
180	332	37	1
185	332	37	2
181	333	37	1
195	335	37	1
214	337	37	1
209	338	37	1
175	339	37	2
212	339	37	1
211	340	37	1
208	341	37	1
213	341	37	1
209	342	37	2
210	342	37	2
191	343	37	1
197	343	37	1
199	345	37	1
189	346	37	1
191	347	37	1
214	347	37	1
212	348	37	1
188	349	37	2
212	349	37	1
215	349	37	1
210	350	37	1
186	352	37	1
209	353	37	1
182	354	37	1
183	354	37	1
212	355	37	1
206	357	37	1
112	220	38	1
125	223	38	1
125	225	38	1
124	226	38	1
173	230	38	1
174	230	38	1
140	231	38	1
127	233	38	1
129	233	38	1
136	233	38	1
138	233	38	2
114	234	38	2
129	234	38	1
135	234	38	1
117	235	38	1
119	236	38	2
143	237	38	1
166	237	38	1
136	238	38	1
126	239	38	1
166	239	38	4
168	239	38	1
136	240	38	1
138	240	38	1
166	240	38	1
169	240	38	1
197	240	38	1
128	241	38	1
199	241	38	1
166	242	38	1
167	242	38	1
171	242	38	2
124	243	38	1
127	243	38	2
138	243	38	2
143	243	38	1
168	243	38	1
123	244	38	1
139	244	38	1
173	244	38	2
168	245	38	2
169	245	38	2
173	245	38	1
123	246	38	2
174	246	38	3
175	246	38	1
140	248	38	1
167	249	38	1
132	251	38	1
137	252	38	1
152	252	38	1
170	252	38	1
233	252	38	1
236	252	38	1
134	253	38	1
147	253	38	1
148	253	38	1
152	253	38	2
135	254	38	1
141	254	38	1
132	255	38	3
134	255	38	1
139	255	38	1
140	255	38	3
144	255	38	1
151	255	38	1
169	255	38	1
132	256	38	1
136	256	38	1
132	257	38	1
135	258	38	2
146	258	38	2
166	258	38	1
207	258	38	2
132	259	38	1
146	259	38	1
148	259	38	1
207	259	38	1
143	260	38	1
130	261	38	1
149	261	38	1
260	261	38	2
137	262	38	1
151	262	38	1
152	262	38	2
128	263	38	1
154	263	38	1
164	263	38	1
167	263	38	1
130	264	38	1
131	264	38	1
147	264	38	1
163	264	38	2
166	264	38	1
143	265	38	1
151	266	38	2
143	267	38	1
146	268	38	1
136	269	38	2
141	271	38	1
132	272	38	3
137	272	38	1
140	272	38	1
251	272	38	2
253	272	38	1
136	273	38	1
139	273	38	2
144	273	38	1
145	273	38	1
250	274	38	1
251	274	38	1
252	274	38	2
163	276	38	1
131	277	38	1
164	277	38	1
134	280	38	2
140	280	38	3
164	280	38	1
141	281	38	1
161	281	38	1
129	282	38	1
135	282	38	2
125	283	38	1
135	283	38	1
160	283	38	3
125	284	38	1
159	284	38	1
127	285	38	1
129	285	38	1
134	286	38	2
126	287	38	1
154	288	38	1
156	288	38	1
257	291	38	1
253	293	38	1
258	294	38	2
155	295	38	1
156	295	38	1
254	295	38	1
157	296	38	1
260	296	38	1
251	297	38	2
260	297	38	2
170	298	38	2
121	300	38	1
170	300	38	1
172	302	38	1
175	302	38	2
126	303	38	1
260	303	38	2
174	304	38	1
177	304	38	1
115	306	38	2
257	306	38	1
114	307	38	3
257	307	38	2
116	308	38	3
125	310	38	1
259	310	38	1
260	310	38	1
122	314	38	1
137	315	38	2
148	315	38	1
118	316	38	2
119	316	38	2
145	316	38	1
152	316	38	1
114	317	38	1
119	318	38	1
120	318	38	1
140	318	38	1
143	318	38	2
136	319	38	2
113	320	38	1
138	320	38	1
147	320	38	1
113	321	38	2
177	321	38	2
143	322	38	1
144	322	38	2
126	323	38	2
137	323	38	1
181	324	38	1
241	324	38	3
242	324	38	1
133	325	38	1
242	326	38	1
238	327	38	1
237	329	38	1
148	330	38	1
152	332	38	2
155	332	38	2
159	332	38	1
191	332	38	1
150	333	38	1
177	333	38	1
181	333	38	1
185	333	38	1
155	334	38	1
179	334	38	1
186	334	38	1
211	339	38	1
209	340	38	1
191	343	38	1
197	343	38	1
199	344	38	1
192	345	38	1
212	345	38	6
188	346	38	1
189	346	38	1
192	346	38	1
214	347	38	2
215	347	38	2
247	347	38	1
248	347	38	1
187	348	38	1
211	349	38	2
211	350	38	1
212	351	38	1
216	351	38	1
211	352	38	1
180	354	38	1
212	354	38	1
176	356	38	1
180	356	38	1
207	356	38	1
208	356	38	1
174	357	38	1
176	357	38	3
181	357	38	2
208	358	38	2
204	359	38	1
191	361	38	1
192	361	38	3
193	361	38	2
195	361	38	1
193	364	38	1
113	220	39	1
119	223	39	1
122	223	39	1
125	223	39	1
118	224	39	1
136	226	39	2
124	227	39	1
138	228	39	1
149	228	39	1
138	229	39	1
123	230	39	1
138	230	39	1
121	231	39	2
135	232	39	2
174	232	39	1
194	233	39	2
198	233	39	1
130	234	39	2
137	234	39	1
202	234	39	2
154	235	39	1
136	236	39	1
137	236	39	1
144	236	39	1
199	236	39	1
120	237	39	1
136	237	39	1
137	237	39	1
140	237	39	1
144	237	39	2
168	237	39	1
199	237	39	1
200	237	39	3
138	238	39	3
143	238	39	1
167	238	39	3
161	239	39	1
164	239	39	2
144	240	39	2
137	241	39	2
142	241	39	1
168	241	39	1
126	242	39	2
127	242	39	3
168	242	39	1
171	242	39	2
172	242	39	2
128	243	39	1
131	243	39	1
133	243	39	1
166	243	39	1
171	243	39	3
125	244	39	1
139	244	39	1
140	244	39	1
167	244	39	1
176	244	39	1
167	245	39	1
177	245	39	1
178	245	39	1
141	246	39	2
172	246	39	3
173	246	39	2
168	247	39	1
174	247	39	1
178	247	39	1
140	249	39	1
122	250	39	1
123	252	39	1
134	252	39	2
136	252	39	1
126	253	39	1
168	253	39	1
169	253	39	1
132	254	39	1
134	254	39	1
140	254	39	1
153	254	39	1
168	254	39	1
136	255	39	1
141	255	39	1
143	255	39	1
152	255	39	1
153	255	39	4
155	256	39	1
136	257	39	1
141	257	39	1
147	258	39	1
151	258	39	2
154	258	39	2
137	259	39	1
144	259	39	1
149	259	39	1
255	259	39	1
133	260	39	3
145	260	39	2
149	260	39	1
150	260	39	1
159	260	39	2
255	260	39	2
130	261	39	1
141	261	39	1
142	261	39	3
150	261	39	1
151	261	39	1
152	261	39	2
166	261	39	2
252	261	39	1
254	261	39	3
131	262	39	1
146	262	39	1
250	262	39	2
261	262	39	1
139	263	39	2
146	263	39	2
150	263	39	1
153	263	39	1
154	263	39	1
158	263	39	1
167	263	39	1
144	264	39	1
145	264	39	1
153	264	39	1
165	264	39	1
166	264	39	1
146	265	39	1
167	265	39	1
261	266	39	1
142	267	39	1
135	268	39	1
259	268	39	2
132	269	39	2
136	269	39	2
143	269	39	1
144	269	39	1
151	269	39	1
142	270	39	1
145	270	39	1
244	270	39	2
245	270	39	2
141	271	39	1
145	271	39	1
134	272	39	1
141	272	39	1
166	272	39	1
252	272	39	2
146	273	39	2
132	274	39	1
139	274	39	1
143	274	39	1
144	274	39	2
254	274	39	1
130	275	39	1
131	275	39	1
133	275	39	1
141	275	39	1
144	275	39	1
146	275	39	1
132	276	39	1
133	276	39	2
138	276	39	3
142	276	39	1
148	276	39	2
149	276	39	1
164	276	39	3
233	276	39	1
130	277	39	1
145	277	39	1
147	277	39	1
149	277	39	1
153	277	39	1
138	278	39	1
144	278	39	1
148	278	39	1
162	278	39	1
130	279	39	4
142	279	39	1
145	279	39	1
142	280	39	2
162	280	39	1
127	282	39	2
136	282	39	1
138	282	39	2
125	283	39	1
136	283	39	1
142	284	39	2
134	285	39	1
137	285	39	1
158	286	39	1
173	286	39	1
132	287	39	1
134	287	39	2
157	288	39	1
135	289	39	2
254	290	39	1
134	293	39	1
139	293	39	1
253	293	39	2
170	294	39	1
263	294	39	1
159	295	39	1
249	295	39	1
249	296	39	1
259	296	39	1
171	297	39	1
247	297	39	1
250	297	39	1
171	298	39	1
253	298	39	1
167	299	39	1
171	299	39	1
174	299	39	1
165	300	39	1
172	301	39	1
176	301	39	1
177	301	39	1
178	302	39	1
177	303	39	1
126	304	39	1
171	304	39	1
175	304	39	1
177	304	39	1
176	305	39	1
177	305	39	1
125	306	39	2
126	306	39	1
126	307	39	1
125	308	39	1
124	311	39	1
138	314	39	1
145	314	39	2
120	316	39	1
146	316	39	1
141	317	39	1
147	317	39	1
113	318	39	1
114	318	39	2
116	318	39	1
137	318	39	1
146	318	39	1
136	319	39	1
117	320	39	1
144	320	39	3
146	320	39	1
180	321	39	1
181	324	39	1
241	324	39	1
241	328	39	1
152	330	39	1
220	330	39	1
149	331	39	1
153	331	39	1
168	331	39	1
240	331	39	1
157	332	39	1
179	332	39	1
187	332	39	1
191	332	39	1
219	332	39	1
221	332	39	2
161	333	39	3
178	333	39	1
193	333	39	1
151	334	39	1
189	334	39	1
156	335	39	2
195	335	39	1
242	336	39	2
157	337	39	1
195	337	39	1
155	338	39	1
213	338	39	1
214	339	39	1
214	341	39	1
215	341	39	1
201	342	39	1
208	343	39	2
191	344	39	2
208	344	39	2
202	345	39	1
209	346	39	1
247	346	39	2
191	347	39	1
192	347	39	1
211	347	39	1
247	347	39	1
248	347	39	1
194	348	39	1
212	348	39	1
190	349	39	2
209	349	39	1
217	349	39	1
209	352	39	3
206	354	39	1
214	354	39	2
177	355	39	1
212	357	39	2
212	358	39	1
191	361	39	1
201	362	39	1
191	363	39	1
195	363	39	1
114	219	40	1
111	221	40	1
121	222	40	1
118	224	40	2
122	224	40	2
138	227	40	1
141	228	40	2
137	229	40	3
140	229	40	4
199	231	40	1
203	231	40	1
203	232	40	1
204	232	40	2
198	233	40	1
201	233	40	2
199	234	40	2
203	234	40	2
118	235	40	1
140	235	40	1
195	235	40	1
199	235	40	1
203	235	40	1
120	236	40	2
202	236	40	1
140	237	40	1
162	237	40	1
154	238	40	1
159	238	40	1
197	238	40	1
204	238	40	2
139	239	40	2
143	239	40	1
160	239	40	2
126	240	40	1
142	240	40	1
143	240	40	1
196	240	40	2
125	241	40	1
161	241	40	1
162	241	40	2
164	241	40	1
125	242	40	2
126	242	40	2
133	242	40	1
134	242	40	1
169	242	40	3
170	242	40	1
141	243	40	1
132	244	40	2
171	244	40	1
127	245	40	1
128	245	40	1
163	245	40	1
170	245	40	1
179	245	40	1
139	246	40	2
178	246	40	1
171	247	40	2
137	248	40	1
125	249	40	1
133	250	40	1
231	250	40	1
225	251	40	1
232	251	40	1
136	252	40	1
139	254	40	1
138	255	40	1
212	256	40	1
132	257	40	2
136	257	40	1
147	257	40	2
154	257	40	1
142	258	40	2
149	258	40	1
151	258	40	2
145	259	40	1
156	259	40	2
157	259	40	1
176	259	40	1
254	259	40	1
132	260	40	1
144	260	40	1
147	260	40	1
149	260	40	1
164	260	40	1
165	260	40	1
205	260	40	1
136	261	40	1
161	261	40	1
250	261	40	2
130	262	40	2
136	262	40	1
139	262	40	1
140	262	40	1
147	262	40	1
153	262	40	2
154	262	40	1
159	262	40	1
248	262	40	1
140	263	40	1
151	263	40	1
157	263	40	1
159	263	40	3
157	264	40	1
158	264	40	1
151	265	40	2
156	265	40	3
159	265	40	1
222	265	40	1
142	266	40	2
150	266	40	1
153	266	40	1
154	266	40	1
167	266	40	1
256	266	40	1
142	267	40	2
166	268	40	2
139	269	40	1
167	269	40	1
245	269	40	1
252	269	40	2
132	270	40	1
134	270	40	1
142	270	40	1
145	270	40	1
146	270	40	1
147	270	40	1
249	270	40	1
137	271	40	2
144	271	40	1
146	271	40	1
150	271	40	3
151	271	40	2
135	272	40	1
136	272	40	1
147	272	40	2
223	272	40	1
247	272	40	1
248	272	40	1
142	273	40	1
146	273	40	1
150	273	40	1
164	273	40	2
166	273	40	1
143	274	40	1
145	274	40	1
154	274	40	1
156	274	40	1
139	275	40	1
142	275	40	1
147	275	40	1
150	275	40	1
162	275	40	1
130	276	40	1
136	276	40	1
137	276	40	1
148	276	40	1
136	277	40	1
129	278	40	1
138	278	40	1
139	278	40	1
145	278	40	1
147.5	278	40.5	1
151	278	40	3
157	278	40	1
164	278	40	1
131	279	40	1
143	279	40	1
152	279	40	2
134	280	40	1
138	280	40	1
162	280	40	1
133	281	40	1
142	281	40	1
142	282	40	2
133	283	40	2
134	283	40	1
135	283	40	1
139	283	40	1
157	283	40	1
138	284	40	4
135	285	40	1
154	286	40	1
160	286	40	2
134	288	40	1
135	291	40	1
139	291	40	1
133	292	40	1
138	292	40	1
140	293	40	1
254	294	40	1
162	295	40	1
123	296	40	3
131	296	40	1
121	297	40	1
253	297	40	1
136	298	40	2
162	298	40	1
169	298	40	1
168	299	40	1
260	300	40	1
140	301	40	1
168	301	40	1
169	301	40	2
172	301	40	1
250	301	40	1
143	302	40	1
171	302	40	1
172	302	40	1
261	302	40	1
139	303	40	1
171	303	40	1
175	303	40	3
259	303	40	1
139	304	40	1
170	304	40	1
171	304	40	1
126	305	40	1
181	306	40	1
182	307	40	1
183	307	40	1
262	307	40	1
121	312	40	1
140	313	40	1
145	316	40	1
139	317	40	2
116	318	40	1
138	318	40	1
148	318	40	3
117	319	40	1
176	326	40	1
249	326	40	1
241	327	40	1
242	327	40	2
239	328	40	2
242	328	40	3
149	329	40	2
240	329	40	1
175	330	40	1
154	331	40	2
177	331	40	1
221	331	40	1
241	331	40	1
156	332	40	2
180	332	40	2
188	332	40	1
220	332	40	2
150	333	40	1
156	333	40	1
176	333	40	1
151	334	40	1
154	334	40	1
244	334	40	2
156	335	40	1
219	335	40	2
247	335	40	2
153	336	40	1
216	338	40	1
223	339	40	1
212	340	40	1
245	340	40	1
208	341	40	2
213	341	40	1
221	341	40	2
222	342	40	2
196	343	40	1
197	343	40	3
208	343	40	1
232	343	40	1
195	344	40	2
209	344	40	1
210	344	40	1
193	345	40	1
194	345	40	1
203	345	40	1
204	345	40	2
209	345	40	1
191	347	40	2
203	347	40	1
211	347	40	1
208	348	40	1
220	349	40	1
236	349	40	1
212	353	40	1
214	353	40	1
209	355	40	1
173	356	40	1
174	357	40	1
208	357	40	1
173	358	40	1
172	361	40	1
206	361	40	1
112	220	41	1
111	222	41	1
121	222	41	3
144	225	41	2
134	226	41	2
135	227	41	1
137	227	41	1
140	227	41	3
134	229	41	1
137	229	41	1
138	231	41	1
143	232	41	2
136	233	41	2
141	233	41	1
142	233	41	1
204	233	41	1
199	234	41	1
142	236	41	1
170	236	41	1
142	237	41	1
158	237	41	1
138	238	41	1
141	238	41	1
146	238	41	1
158	238	41	1
167	238	41	1
141	239	41	1
144	239	41	2
162	239	41	1
201	239	41	1
129	240	41	1
139	240	41	3
127	241	41	1
140	241	41	1
164	241	41	1
169	241	41	2
134	242	41	1
135	242	41	1
141	242	41	1
170	242	41	3
139	243	41	1
140	243	41	2
125	244	41	1
127	244	41	1
167	244	41	1
168	244	41	1
170	244	41	1
173	244	41	1
176	244	41	1
177	245	41	1
126	246	41	3
128	246	41	1
179	247	41	1
181	247	41	1
122	248	41	3
123	252	41	2
141	252	41	1
175	252	41	1
119	253	41	1
143	253	41	1
141	254	41	1
144	254	41	1
243	254	41	1
141	255	41	1
214	255	41	2
120	256	41	1
140	256	41	1
155	257	41	1
174	257	41	2
177	257	41	2
213	257	41	2
214	257	41	1
254	257	41	1
138	258	41	1
147	258	41	3
153	258	41	1
155	258	41	2
211	258	41	3
140	259	41	1
146	259	41	1
148	259	41	1
173	259	41	1
212	259	41	1
213	259	41	1
154	260	41	1
157	260	41	1
176	260	41	1
148	261	41	2
153	261	41	2
174	261	41	1
210	261	41	1
142	262	41	1
172	262	41	2
175	262	41	1
248	262	41	1
249	262	41	1
251	262	41	1
143	263	41	3
167	263	41	1
201	263	41	1
204	263	41	1
149	264	41	1
151	264	41	1
158	264	41	1
171	264	41	1
209	264	41	1
210	264	41	1
249	264	41	1
143	265	41	1
144	265	41	1
145	265	41	1
153	265	41	1
256	265	41	1
119	266	41	1
143	266	41	1
145	266	41	2
149	266	41	1
153	266	41	1
135	267	41	1
247	267	41	1
253	267	41	1
258	267	41	1
142	268	41	1
146	268	41	1
153	268	41	3
248	268	41	1
248	269	41	1
254	269	41	2
258	269	41	1
135	270	41	1
137	270	41	1
140	270	41	1
149	270	41	1
151	270	41	1
152	270	41	1
247	270	41	1
135	271	41	2
146	271	41	1
151	271	41	1
203	271	41	1
218	271	41	1
140	272	41	1
145	272	41	1
163	272	41	2
165	272	41	1
219	272	41	3
147	273	41	1
150	273	41	1
155	273	41	1
147	274	41	1
155	274	41	3
156	274	41	1
157	274	41	1
130	275	41	1
132	275	41	2
136	275	41	1
147	275	41	1
157	275	41	1
139	276	41	1
145	276	41	1
146	276	41	1
147	276	41	3
162	276	41	1
129	277	41	1
133	277	41	1
138	277	41	1
151	277	41	1
157	277	41	4
135	278	41	2
136	278	41	1
149	278	41	1
150	278	41	2
153	278	41	2
155	278	41	1
247	278	41	2
133	279	41	3
138	279	41	1
148	280	41	1
162	280	41	1
130	281	41	2
152	281	41	1
130	282	41	1
137	282	41	1
134	283	41	1
136	283	41	3
139	283	41	1
160	283	41	1
134	284	41	3
141	284	41	1
218	285	41	2
219	285	41	1
135	286	41	1
158	286	41	2
160	286	41	1
136	287	41	1
137	288	41	2
139	288	41	2
135	289	41	1
139	289	41	1
155	289	41	2
154	290	41	1
155	292	41	1
157	292	41	1
257	292	41	1
132	293	41	1
134	293	41	1
132	294	41	1
142	294	41	1
152	294	41	2
154	294	41	2
160	294	41	1
131	295	41	1
135	295	41	1
140	295	41	1
153	296	41	1
137	297	41	1
252	297	41	1
131	298	41	1
149	298	41	1
252	298	41	1
128	299	41	1
260	299	41	1
164	300	41	1
168	300	41	2
260	300	41	1
123	301	41	1
127	301	41	2
172	301	41	2
250	301	41	1
97	302	41	2
125	302	41	1
171	302	41	2
130	303	41	1
139	303	41	1
144	303	41	3
170	303	41	1
176	303	41	1
179	303	41	1
181	303	41	2
126	304	41	1
129	304	41	2
170	304	41	1
140	305	41	1
172	305	41	1
182	305	41	3
122	307	41	1
125	307	41	1
129	307	41	1
142	307	41	1
126	308	41	1
127	308	41	2
140	309	41	1
141	309	41	2
165	309	41	2
143	310	41	3
119	314	41	2
121	314	41	1
116	315	41	1
140	316	41	1
139	317	41	2
142	317	41	1
113	318	41	1
139	319	41	1
143	319	41	1
138	320	41	2
150	320	41	1
149	321	41	1
181	322	41	1
249	322	41	2
176	323	41	1
133	324	41	2
248	324	41	1
147	325	41	1
181	325	41	1
247	325	41	1
148	327	41	1
239	328	41	2
130	329	41	1
148	329	41	1
167	329	41	2
126	330	41	1
155	330	41	1
175	330	41	2
240	330	41	1
155	331	41	2
173	331	41	1
174	331	41	1
175	331	41	1
187	331	41	1
240	331	41	1
133	332	41	2
157	332	41	1
165	332	41	1
174	332	41	2
185	332	41	1
192	332	41	2
241	332	41	1
134	333	41	1
154	333	41	1
179	333	41	1
181	333	41	2
187	333	41	1
240	333	41	1
242	334	41	2
243	334	41	1
244	334	41	2
151	335	41	1
153	335	41	1
238	335	41	3
242	335	41	2
246	335	41	1
152	336	41	1
157	336	41	1
126	337	41	1
127	337	41	1
129	337	41	1
151	337	41	1
152	338	41	3
156	338	41	2
166	338	41	1
250	338	41	1
214	339	41	1
152	340	41	1
194	340	41	1
219	340	41	1
195	341	41	2
218	341	41	1
210	342	41	2
215	342	41	1
218	342	41	1
194	344	41	2
195	344	41	2
194	345	41	1
212	345	41	2
249	345	41	4
231	347	41	1
220	350	41	1
237	350	41	2
211	351	41	1
235	352	41	1
210	353	41	2
207	355	41	1
169	359	41	1
208	360	41	1
202	361	41	1
199	363	41	1
200	363	41	1
134	228	42	2
140	228	42	1
136	229	42	1
139	231	42	1
135	232	42	1
138	232	42	1
136	233	42	1
137	233	42	1
141	235	42	1
163	235	42	1
165	235	42	1
203	235	42	1
156	236	42	1
164	236	42	1
139	237	42	2
159	237	42	2
161	237	42	3
165	237	42	1
204	237	42	2
141	238	42	1
164	238	42	1
136	239	42	1
138	239	42	1
204	239	42	1
166	240	42	1
142	241	42	4
137	242	42	2
169	242	42	2
129	243	42	2
174	243	42	3
182	244	42	1
126	245	42	1
126	247	42	1
122	252	42	1
178	252	42	1
138	254	42	2
139	254	42	1
140	254	42	2
144	254	42	1
120	256	42	1
144	256	42	1
158	256	42	1
213	256	42	1
141	257	42	2
142	257	42	2
151	257	42	1
175	257	42	1
253	257	42	2
150	258	42	1
151	258	42	1
158	258	42	1
210	258	42	2
212	258	42	1
213	258	42	1
154	259	42	1
252	259	42	1
171	260	42	2
172	260	42	1
174	260	42	1
213	260	42	1
154	261	42	1
168	261	42	1
174	261	42	2
176	261	42	1
149	262	42	1
155	262	42	2
166	262	42	1
171	262	42	1
175	262	42	2
149	263	42	1
151	263	42	1
165	263	42	1
249	263	42	2
250	263	42	2
121	264	42	1
147	264	42	1
151	264	42	1
156	264	42	2
157	264	42	1
168	264	42	2
145	266	42	1
149	266	42	1
155	266	42	1
149	267	42	1
151	270	42	2
145	271	42	1
146	271	42	2
156	271	42	1
223	271	42	1
132	272	42	2
144	272	42	1
144	274	42	1
250	274	42	2
134	275	42	1
144	275	42	2
153	275	42	1
155	275	42	1
134	276	42	1
143	276	42	1
151	276	42	1
156	276	42	1
138	277	42	1
140	277	42	2
142	277	42	3
155	277	42	3
158	277	42	1
144	278	42	1
148	278	42	1
162	278	42	1
143	279	42	1
144	279	42	1
147	279	42	1
151	279	42	2
152	279	42	1
164	279	42	1
141	280	42	1
145	280	42	1
151	280	42	1
210	280	42	1
156	281	42	1
139	282	42	2
162	282	42	2
209	282	42	2
137	283	42	1
141	283	42	1
253	283	42	1
138	284	42	2
149	284	42	1
151	284	42	1
152	285	42	1
153	285	42	1
154	285	42	2
217	285	42	1
136	287	42	1
140	287	42	1
134	288	42	2
136	288	42	1
137	288	42	1
135	289	42	1
153	289	42	1
140	291	42	1
133	292	42	1
130	293	42	1
138	293	42	1
142	293	42	1
129	294	42	1
152	294	42	1
134	295	42	1
135	295	42	2
142	295	42	2
256	295	42	1
136	296	42	2
161	296	42	1
130	297	42	1
136	297	42	1
139	297	42	3
140	297	42	1
150	297	42	1
141	298	42	1
166	298	42	1
215	298	42	1
150	299	42	1
125	300	42	1
129	300	42	1
139	300	42	1
249	300	42	1
137	301	42	1
142	301	42	2
248	301	42	1
138	302	42	2
143	302	42	4
165	302	42	1
140	303	42	2
142	303	42	1
150	303	42	1
168	303	42	1
144	304	42	1
168	304	42	1
181	304	42	2
170	305	42	1
140	306	42	1
130	307	42	2
129	308	42	1
130	308	42	1
169	308	42	1
143	310	42	2
162	310	42	1
141	311	42	2
140	314	42	1
142	317	42	2
138	321	42	1
137	324	42	2
134	325	42	2
137	325	42	1
134	326	42	1
251	326	42	1
252	327	42	3
130	328	42	2
186	328	42	1
168	329	42	2
160	330	42	1
161	330	42	1
187	330	42	1
133	332	42	1
150	332	42	1
166	332	42	2
176	332	42	1
180	332	42	1
186	332	42	3
126	333	42	1
176	333	42	1
183	333	42	1
189	333	42	1
222	333	42	1
133	334	42	2
188	334	42	1
222	334	42	1
245	334	42	1
247	334	42	1
134	335	42	3
151	335	42	2
128	336	42	1
151	336	42	1
220	336	42	1
126	337	42	2
152	337	42	1
216	337	42	2
247	337	42	1
194	338	42	2
159	340	42	1
215	341	42	1
211	344	42	1
210	347	42	1
212	348	42	2
231	349	42	1
206	350	42	1
205	355	42	1
207	358	42	1
204	360	42	4
183	361	42	2
200	364	42	2
206	364	42	1
139	228	43	2
137	229	43	1
138	229	43	1
139	229	43	1
157	230	43	1
136	231	43	1
162	231	43	2
137	233	43	1
203	234	43	1
136	236	43	2
157	236	43	1
136	237	43	3
138	238	43	1
166	238	43	2
165	240	43	1
140	242	43	1
179	246	43	3
178	247	43	1
179	254	43	1
119	256	43	2
210	256	43	2
175	257	43	1
177	257	43	1
215	257	43	1
179	259	43	2
149	260	43	1
159	260	43	2
160	260	43	2
161	260	43	1
171	260	43	1
172	260	43	1
153	262	43	1
158	262	43	1
163	262	43	1
206	262	43	1
154	263	43	2
205	263	43	1
144	264	43	1
147	264	43	1
149	264	43	1
155	264	43	1
156	264	43	1
257	264	43	1
124	265	43	1
144	265	43	2
147	265	43	2
158	266	43	2
148	267	43	1
164	268	43	1
146	269	43	1
142	270	43	1
150	270	43	2
151	270	43	2
146	271	43	1
149	272	43	1
214	272	43	1
143	273	43	2
146	273	43	1
211	273	43	2
156	274	43	1
131	275	43	2
144	275	43	1
145	275	43	3
148	275	43	2
155	275	43	1
160	275	43	1
148	276	43	2
165	276	43	2
131	277	43	2
145	277	43	1
150	277	43	2
164	277	43	1
131	278	43	1
162	278	43	2
150	279	43	1
151	279	43	1
152	279	43	3
158	279	43	1
150	280	43	1
152	280	43	2
155	280	43	1
210	280	43	1
148	281	43	1
158	281	43	1
161	281	43	1
141	282	43	3
143	282	43	1
144	282	43	1
154	282	43	1
214	282	43	1
143	283	43	1
149	283	43	1
250	283	43	1
139	284	43	1
150	284	43	1
148	285	43	1
152	285	43	1
155	285	43	1
137	286	43	1
139	286	43	1
154	286	43	2
140	287	43	3
216	287	43	1
136	288	43	1
137	288	43	1
138	288	43	1
140	288	43	1
133	289	43	1
256	289	43	2
134	291	43	1
152	292	43	1
255	293	43	1
256	293	43	2
132	294	43	1
134	295	43	1
140	295	43	1
151	295	43	1
136	296	43	1
137	296	43	1
137	297	43	1
136	298	43	1
143	299	43	2
129	300	43	1
135	300	43	1
141	300	43	1
152	300	43	1
167	300	43	1
133	301	43	1
140	301	43	1
149	301	43	1
131	302	43	1
169	302	43	1
130	303	43	1
138	303	43	1
135	304	43	1
146	304	43	1
126	305	43	1
141	305	43	1
143	305	43	1
168	305	43	2
127	306	43	1
129	306	43	1
131	306	43	1
132	306	43	1
143	306	43	1
146	306	43	1
168	306	43	1
126	307	43	1
129	307	43	1
129	308	43	1
143	308	43	1
174	308	43	1
167	309	43	1
144	312	43	3
140	313	43	1
140	314	43	3
142	319	43	3
138	321	43	1
179	323	43	1
138	324	43	1
174	325	43	1
133	326	43	1
136	326	43	2
177	326	43	1
136	327	43	1
176	327	43	2
133	329	43	2
177	329	43	2
179	329	43	1
188	329	43	1
218	332	43	1
179	333	43	1
188	333	43	1
216	333	43	2
217	333	43	1
151	334	43	1
153	336	43	2
156	336	43	1
217	336	43	2
218	336	43	1
245	336	43	1
155	338	43	1
247	338	43	1
195	341	43	1
209	342	43	2
210	344	43	2
211	344	43	1
233	346	43	3
208	347	43	1
211	347	43	1
209	349	43	2
210	349	43	1
232	349	43	2
238	349	43	1
205	352	43	1
207	352	43	2
231	352	43	2
206	354	43	3
207	358	43	1
188	360	43	1
206	361	43	1
137	228	44	1
138	228	44	1
140	228	44	1
141	229	44	1
136	232	44	3
140	234	44	1
139	236	44	1
159	236	44	1
164	237	44	1
141	239	44	1
177	243	44	1
178	245	44	1
181	245	44	1
177	258	44	1
158	259	44	2
178	259	44	2
150	260	44	1
176	260	44	1
155	261	44	1
156	261	44	1
175	261	44	1
211	261	44	1
154	262	44	2
159	262	44	1
156	263	44	1
158	263	44	1
159	263	44	1
210	263	44	1
147	266	44	1
146	267	44	1
149	267	44	1
143	269	44	1
146	270	44	2
144	271	44	2
144	272	44	1
181	272	44	1
143	273	44	2
148	273	44	1
143	275	44	2
144	275	44	1
166	275	44	1
154	276	44	1
148	277	44	1
147	278	44	1
149	278	44	1
152	278	44	1
143	279	44	1
154	279	44	1
155	279	44	3
161	279	44	1
147	280	44	2
210	280	44	1
140	281	44	1
146	281	44	2
151	282	44	1
152	282	44	1
217	283	44	1
219	283	44	1
149	284	44	1
143	285	44	1
212	285	44	1
137	287	44	1
136	291	44	1
139	291	44	1
252	292	44	1
145	293	44	1
142	294	44	1
223	296	44	1
135	299	44	1
128	300	44	1
136	301	44	1
209	301	44	3
133	302	44	1
140	302	44	1
140	303	44	1
144	303	44	2
126	304	44	1
139	304	44	1
170	309	44	1
174	309	44	1
143	310	44	2
170	310	44	1
141	318	44	2
182	323	44	1
182	325	44	1
133	326	44	1
131	328	44	1
185	330	44	1
182	332	44	1
128	335	44	1
215	335	44	1
242	335	44	1
214	336	44	2
220	336	44	1
215	337	44	1
217	337	44	1
215	338	44	2
228	346	44	1
234	347	44	1
212	348	44	1
211	349	44	1
195	361	44	1
163	233	45	1
173	260	45	1
158	262	45	2
175	262	45	2
153	265	45	1
148	269	45	2
146	270	45	1
136	271	45	1
146	271	45	2
151	272	45	1
179	274	45	1
141	275	45	1
149	279	45	1
149	280	45	1
161	281	45	1
149	282	45	1
251	283	45	3
142	284	45	1
151	284	45	1
217	285	45	1
141	286	45	2
206	286	45	1
218	286	45	1
145	292	45	2
143	293	45	1
140	296	45	1
142	297	45	1
128	299	45	1
135	299	45	1
134	301	45	1
127	302	45	1
127	303	45	2
133	303	45	1
130	304	45	1
132	304	45	1
140	304	45	1
143	308	45	1
141	315	45	2
182	321	45	1
185	322	45	1
167	326	45	1
186	326	45	1
214	339	45	3
245	340	45	2
217	344	45	1
209	347	45	1
210	347	45	1
227	349	45	2
233	349	45	2
230	354	45	2
134	229	46	1
181	247	46	1
173	255	46	1
157	259	46	1
158	260	46	1
154	262	46	1
145	269	46	2
154	270	46	1
144	272	46	1
146	272	46	1
151	273	46	2
153	277	46	2
148	278	46	1
150	279	46	1
155	279	46	2
158	280	46	1
215	280	46	1
144	281	46	1
150	281	46	1
152	282	46	1
153	282	46	1
250	283	46	1
140	284	46	2
149	284	46	1
120	285	46	1
146	285	46	2
145	291	46	1
140	292	46	2
201	292	46	1
204	292	46	1
144	293	46	1
140	296	46	1
142	299	46	1
132	301	46	1
136	301	46	1
224	301	46	1
141	302	46	1
143	302	46	1
146	302	46	1
129	303	46	1
134	303	46	1
143	303	46	2
137	304	46	1
240	304	46	1
139	305	46	1
192	306	46	1
184	319	46	1
184	320	46	2
179	322	46	1
179	323	46	1
183	323	46	2
189	323	46	1
180	324	46	1
173	325	46	2
174	325	46	1
172	326	46	1
174	327	46	1
188	328	46	1
131	330	46	1
238	331	46	1
217	335	46	1
221	340	46	1
216	341	46	1
217	342	46	1
222	342	46	1
173	353	46	1
149	265	47	1
151	269	47	2
146	277	47	1
164	281	47	1
146	282	47	1
146	293	47	3
144	294	47	1
140	297	47	1
139	298	47	1
136	299	47	1
138	300	47	2
229	302	47	1
178	320	47	1
179	324	47	1
186	329	47	1
218	341	47	1
206	348	47	1
207	351	47	1
230	353	47	1
144	225	48	1
154	274	48	1
140	278	48	1
143	279	48	1
149	288	48	1
179	323	48	1
216	342	48	1
207	351	48	1
136	222	49	2
116	230	49	2
135	230	49	2
127	235	49	1
151	248	49	2
154	248	49	3
195	252	49	2
156	256	49	1
171	260	49	3
191	267	49	1
150	278	49	1
145	279	49	1
157	279	49	2
214	282	49	1
132	285	49	1
132	287	49	1
147	287	49	1
146	288	49	1
140	297	49	1
147	298	49	2
133	299	49	1
202	299	49	1
225	300	49	1
135	302	49	1
133	303	49	1
126	305	49	1
213	311	49	1
170	312	49	1
149	313	49	2
268	317	49	1
178	322	49	4
139	326	49	1
235	326	49	1
239	344	49	1
224	346	49	2
204	348	49	1
186	349	49	1
184	352	49	3
206	353	49	1
131	229	50	1
121	234	50	4
127	235	50	1
155	263	50	1
134	275	50	2
150	283	50	1
139	294	50	1
140	294	50	1
244	301	50	1
151	302	50	3
132	304	50	1
146	307	50	1
212	318	50	1
179	329	50	1
198	337	50	2
206	340	50	1
