x	y	z	Mismatch repair (MMR) directed by MSH2:MSH6 (MutSalpha)
244	284	21	1
246	292	21	2
240	277	24	2
235	278	24	1
237	278	24	1
245	284	24	2
245	287	24	2
244	288	24	1
245	288	24	1
244	289	24	1
248	289	24	1
249	289	24	2
244	290	24	1
244	291	24	2
231	264	25	1
232	265	25	1
234	271	25	2
227	272	25	1
238	272	25	1
238	273	25	1
230	274	25	1
231	274	25	1
232	274	25	1
235	274	25	2
236	275	25	1
237	275	25	1
232.5	276.5	25.5	1
235	276	25	1
239	276	25	1
240	276	25	1
231	277	25	1
235	277	25	1
247	277	25	2
231	278	25	2
233	278	25	1
234	278	25	1
239	278	25	1
234	279	25	2
235	279	25	1
237	279	25	1
240	279	25	1
232	280	25	2
233	280	25	1
239	280	25	2
245	280	25	1
235	281	25	1
240	281	25	2
241	281	25	2
249	281	25	1
239	282	25	1
247	282	25	1
248	282	25	1
230	283	25	2
231	283	25	2
235	283	25	2
236	283	25	1
239	283	25	1
240	283	25	2
241	283	25	2
246	283	25	1
249	283	25	1
247	284	25	2
232	285	25	1
235	285	25	1
236	285	25	2
238	285	25	1
244	285	25	1
248	285	25	1
235	286	25	2
236	286	25	1
242	286	25	2
250	286	25	1
254	286	25	1
237	287	25	1
238	287	25	1
252	287	25	1
224	288	25	1
237	288	25	2
251	288	25	1
234	289	25	2
236	289	25	1
237	289	25	1
248.5	289.5	25.5	1
250	289	25	1
243	290	25	1
244	290	25	1
226	291	25	1
235	291	25	1
237	291	25	1
240	291	25	1
245	291	25	1
235	292	25	1
239	292	25	1
249	292	25	1
250	292	25	2
247	293	25	1
243	294	25	2
234	295	25	1
242	296	25	1
247	296	25	2
240	298	25	1
227	300	25	1
234	265	26	3
236	268	26	2
229	269	26	1
237	269	26	1
235	270	26	1
236	270	26	1
229	271	26	2
217	272	26	1
223	272	26	1
230	272	26	1
232	272	26	1
231	273	26	2
239	273	26	1
231	274	26	1
236	274	26	1
233	275	26	1
235	275	26	2
237	275	26	1
248	275	26	1
249	275	26	2
233	276	26	1
237	276	26	2
248	276	26	2
207	277	26	1
234	277	26	1
235	277	26	1
235	278	26	1
239	278	26	2
243	278	26	2
252	278	26	1
231	279	26	1
234	279	26	1
237	279	26	1
246	279	26	1
249	279	26	1
250	279	26	2
240	280	26	1
236	281	26	1
239	281	26	1
244	281	26	1
246	281	26	1
248	281	26	2
208	282	26	2
209	282	26	1
235	282	26	3
247	282	26	1
249	282	26	1
251	282	26	1
254	282	26	1
227	283	26	1
231	283	26	1
233	283	26	1
234	283	26	1
241	283	26	1
248	283	26	2
251	283	26	4
253	283	26	1
214	284	26	1
232	284	26	1
234	284	26	1
237	284	26	2
243	284	26	1
245	284	26	1
211	285	26	1
232	285	26	1
234	285	26	1
235	285	26	1
236	285	26	1
240	285	26	2
241	285	26	1
246	285	26	1
250	285	26	1
254	285	26	1
225	286	26	1
237	286	26	1
240	286	26	2
242	286	26	1
249	286	26	1
250	286	26	1
251	286	26	1
252	286	26	1
253	286	26	1
254	286	26	1
224	287	26	1
236	287	26	1
237	287	26	1
243	287	26	1
247	287	26	1
250	287	26	1
252	287	26	1
253	287	26	1
240	288	26	2
243	288	26	1
248	288	26	1
249	288	26	1
231	289	26	1
235	289	26	1
236	289	26	1
237	289	26	1
243	289	26	2
248	289	26	1
233	290	26	1
237	290	26	1
250	290	26	1
222	291	26	1
226	291	26	1
229	291	26	1
244	291	26	1
245	291	26	2
246	291	26	1
250	291	26	1
226	292	26	1
227	292	26	1
237	292	26	1
238	292	26	2
240	292	26	2
242	292	26	1
246	292	26	1
249	292	26	1
234	293	26	2
238	293	26	1
244	293	26	1
247	293	26	1
220	294	26	1
235	294	26	1
237	294	26	1
239	294	26	3
240	294	26	1
243	294	26	1
221	295	26	1
222	295	26	1
234	295	26	1
239	295	26	1
240	295	26	2
241	295	26	1
243	295	26	1
235	296	26	1
244	296	26	1
236	297	26	2
242	297	26	1
246	297	26	1
240	298	26	1
242	298	26	1
246	298	26	1
236	299	26	2
240	299	26	1
236	300	26	1
241	300	26	1
182	255	27	1
181	257	27	2
215	258	27	1
183	259	27	1
184	259	27	1
188	259	27	2
228	259	27	2
231	259	27	1
232	259	27	2
176	260	27	2
183	260	27	1
184	260	27	1
185	260	27	1
186	260	27	1
227	260	27	1
233	260	27	1
240	260	27	1
180	261	27	2
181	261	27	1
184	261	27	1
220	261	27	1
222	261	27	1
227	261	27	1
228	261	27	1
229	261	27	1
239	261	27	1
227	262	27	2
232	262	27	1
233	262	27	2
236	262	27	1
239	262	27	1
179	263	27	2
229	263	27	1
233	263	27	1
234	263	27	1
235	263	27	1
236	263	27	1
176	264	27	1
180	264	27	1
186	264	27	1
225	264	27	1
226	264	27	1
231	264	27	1
234	264	27	1
238	264	27	1
239	264	27	1
248	264	27	1
181	265	27	1
212	265	27	1
221	265	27	2
232	265	27	2
233	265	27	1
235	265	27	1
237	265	27	1
239	265	27	1
240	265	27	1
178	266	27	1
179	266	27	3
180	266	27	1
215	266	27	1
216	266	27	3
231	266	27	1
234	266	27	1
239	266	27	2
226	267	27	2
228	267	27	1
229	267	27	1
231	267	27	1
232	267	27	1
234	267	27	1
235	267	27	1
240	267	27	1
241	267	27	1
207	268	27	1
215	268	27	1
219	268	27	1
222	268	27	2
224	268	27	2
225	268	27	2
228	268	27	1
230	268	27	1
231	268	27	3
237	268	27	1
238	268	27	2
239	268	27	1
240	268	27	1
247	268	27	1
179	269	27	2
182	269	27	2
201	269	27	2
205	269	27	1
213	269	27	1
229	269	27	1
231	269	27	1
232	269	27	1
233	269	27	1
236	269	27	1
240	269	27	1
241	269	27	1
178	270	27	1
216	270	27	2
218	270	27	2
233	270	27	1
236	270	27	1
242	270	27	2
248	270	27	2
177	271	27	1
178	271	27	1
180	271	27	1
207	271	27	1
210	271	27	1
215	271	27	1
216	271	27	1
222	271	27	1
226	271	27	1
231	271	27	1
233	271	27	1
234	271	27	1
237	271	27	2
242	271	27	1
243	271	27	1
249	271	27	1
250	271	27	1
203	272	27	2
204	272	27	1
205	272	27	1
206	272	27	1
214	272	27	1
231	272	27	1
235	272	27	1
239	272	27	1
240	272	27	1
249	272	27	1
250	272	27	1
251	272	27	1
183	273	27	1
203	273	27	1
212	273	27	1
213	273	27	1
217	273	27	1
220	273	27	2
223	273	27	1
227	273	27	3
232	273	27	1
239	273	27	1
240	273	27	2
241	273	27	1
247	273	27	2
248	273	27	2
249	273	27	1
251	273	27	2
253	273	27	1
177	274	27	1
178	274	27	2
179	274	27	1
203	274	27	1
206	274	27	1
207	274	27	1
212	274	27	1
214	274	27	1
216	274	27	2
224	274	27	1
228	274	27	1
229	274	27	1
238	274	27	1
240	274	27	3
241	274	27	1
243	274	27	1
184	275	27	1
185	275	27	1
205	275	27	1
211	275	27	1
217	275	27	1
220	275	27	1
232	275	27	1
238	275	27	1
242	275	27	1
244	275	27	1
247	275	27	3
254	275	27	1
177	276	27	2
207	276	27	1
209	276	27	1
210	276	27	1
213	276	27	1
215	276	27	1
222	276	27	1
227	276	27	1
234	276	27	1
238	276	27	2
240	276	27	1
246	276	27	1
250	276	27	2
208	277	27	1
211	277	27	1
212	277	27	1
218	277	27	2
231	277	27	1
233	277	27	2
236	277	27	1
246	277	27	1
250	277	27	3
209	278	27	2
214	278	27	1
224	278	27	1
230	278	27	1
235	278	27	1
239	278	27	1
248	278	27	2
250	278	27	1
201	279	27	1
207	279	27	2
219	279	27	1
238	279	27	1
245	279	27	1
248	279	27	1
252	279	27	3
257	279	27	2
205	280	27	3
206	280	27	1
207	280	27	2
209	280	27	1
235	280	27	1
239	280	27	1
247	280	27	1
248	280	27	1
207	281	27	1
217	281	27	2
218	281	27	1
228	281	27	1
235	281	27	2
237	281	27	1
239	281	27	1
243	281	27	1
244	281	27	1
245	281	27	1
248	281	27	1
251	281	27	1
205	282	27	1
209	282	27	2
213	282	27	2
214	282	27	1
215	282	27	1
231	282	27	1
241	282	27	1
243	282	27	1
245	282	27	1
249	282	27	1
253	282	27	1
208	283	27	1
210	283	27	1
221	283	27	1
234	283	27	1
235	283	27	1
236	283	27	1
242	283	27	2
251	283	27	1
255	283	27	2
256	283	27	1
205	284	27	1
207	284	27	1
208	284	27	1
209	284	27	1
210	284	27	1
230	284	27	1
232	284	27	1
237	284	27	1
241	284	27	1
249	284	27	1
250	284	27	2
252	284	27	1
253	284	27	2
256	284	27	1
257	284	27	1
209	285	27	1
228	285	27	1
235	285	27	1
236	285	27	1
237	285	27	1
238	285	27	1
241	285	27	2
245	285	27	1
246	285	27	1
247	285	27	1
249	285	27	1
256	285	27	1
204	286	27	1
208	286	27	1
209	286	27	1
211	286	27	1
216	286	27	1
219	286	27	1
220	286	27	1
226	286	27	1
232	286	27	1
248	286	27	1
249	286	27	2
254	286	27	1
256	286	27	1
207	287	27	1
210	287	27	1
214	287	27	1
222	287	27	1
227	287	27	1
230	287	27	1
234	287	27	1
240	287	27	2
242	287	27	1
249	287	27	1
250	287	27	1
251	287	27	1
253	287	27	1
255	287	27	1
204	288	27	3
224	288	27	1
226	288	27	1
231	288	27	1
232	288	27	1
233	288	27	1
234	288	27	1
235	288	27	1
236	288	27	1
242	288	27	2
247	288	27	2
250	288	27	1
251	288	27	1
255	288	27	1
219	289	27	1
222	289	27	1
224	289	27	2
225	289	27	1
226	289	27	2
231	289	27	3
233	289	27	1
235	289	27	2
238	289	27	1
240	289	27	1
246	289	27	2
251	289	27	1
252	289	27	1
214	290	27	1
225	290	27	4
228	290	27	2
230	290	27	1
234	290	27	1
241	290	27	1
243	290	27	1
247	290	27	1
252	290	27	2
210	291	27	1
222	291	27	1
242	291	27	1
243	291	27	1
247	291	27	2
249	291	27	1
250	291	27	2
257	291	27	1
211	292	27	1
212	292	27	2
220	292	27	1
221	292	27	1
225	292	27	1
229	292	27	3
237	292	27	1
244	292	27	1
248	292	27	1
251	292	27	1
253	292	27	1
254	292	27	1
211	293	27	1
219	293	27	2
225	293	27	1
229	293	27	4
238	293	27	1
244	293	27	1
248	293	27	1
251	293	27	1
254	293	27	1
256	293	27	1
211	294	27	2
235	294	27	1
245	294	27	1
248	294	27	2
250	294	27	1
255	294	27	2
220	295	27	1
243	295	27	1
246	295	27	1
247	295	27	1
251	295	27	1
252	295	27	1
255	295	27	1
211	296	27	1
221	296	27	1
240	296	27	1
245	296	27	1
246	296	27	1
247	296	27	1
249	296	27	1
252	296	27	1
217	297	27	1
221	297	27	2
239	297	27	1
240	297	27	1
242	297	27	1
246	297	27	1
249	297	27	1
252	297	27	3
235	298	27	1
236	298	27	2
239	298	27	1
245	298	27	2
248	298	27	1
215	299	27	1
223	299	27	2
239	299	27	1
241	299	27	1
245	299	27	1
247	299	27	2
249	299	27	1
226	300	27	1
231	300	27	1
236	300	27	1
238	300	27	1
241	300	27	1
224	301	27	1
234	301	27	1
237	301	27	2
238	301	27	1
239	301	27	1
240	301	27	3
241	301	27	1
243	301	27	1
245	301	27	2
247	301	27	1
251	301	27	1
226	302	27	1
235	305	27	1
237	305	27	1
230	262	28	1
232	264	28	1
234	265	28	1
231	266	28	1
232	266	28	1
234	267	28	1
238	268	28	1
236	269	28	1
238	269	28	1
236	270	28	2
206	272	28	1
232	272	28	1
234	272	28	1
236	272	28	2
250	272	28	1
235	274	28	1
233	276	28	1
235	276	28	1
236	277	28	1
248	279	28	1
235	280	28	2
239	280	28	1
251	280	28	1
208	281	28	1
246	282	28	1
251	282	28	1
249	283	28	2
246	284	28	1
254	284	28	2
239	285	28	1
244	285	28	1
245	285	28	1
248	285	28	1
247	286	28	3
240	287	28	1
246	287	28	1
238	288	28	1
242	288	28	1
227	289	28	1
245	289	28	1
246	289	28	1
248	289	28	1
249	289	28	1
226	291	28	1
249	291	28	1
250	291	28	1
240	292	28	2
248	292	28	1
250	292	28	1
248	293	28	1
250	293	28	1
241	294	28	1
245	294	28	1
251	294	28	1
240	295	28	1
242	295	28	2
240	296	28	1
245	297	28	1
234	256	29	2
235	256	29	1
235	257	29	4
233	258	29	1
235	258	29	1
237	258	29	1
230	259	29	1
187	261	29	1
199	261	29	1
227	261	29	1
229	262	29	2
248	262	29	1
234	263	29	1
178	264	29	1
229	264	29	1
232	264	29	1
237	264	29	1
238	264	29	1
226	265	29	1
235	265	29	1
226	266	29	1
232	266	29	1
245	266	29	1
248	266	29	1
197	267	29	1
230	267	29	1
232	267	29	1
234	267	29	1
237	267	29	1
237	268	29	1
238	268	29	1
180	269	29	1
237	269	29	1
196	270	29	1
198	270	29	1
227	270	29	1
234	270	29	1
204	271	29	1
215	271	29	1
229	271	29	1
233	271	29	1
241	271	29	1
249	271	29	1
213	272	29	1
224	272	29	2
232	272	29	1
239	272	29	1
245	272	29	1
251	272	29	2
207	273	29	1
211	273	29	1
236	273	29	1
250	273	29	1
213	274	29	1
235	274	29	1
238	274	29	1
239	274	29	2
206	275	29	1
215	275	29	1
235	275	29	1
238	275	29	1
239	275	29	1
241	275	29	1
204	276	29	1
232	276	29	1
233	276	29	1
234	276	29	1
237	276	29	1
238	276	29	1
241	276	29	2
246	276	29	1
249	276	29	1
250	276	29	1
205	277	29	1
238	277	29	1
235	278	29	1
236	278	29	1
239	278	29	1
244	278	29	1
250	278	29	1
247	279	29	1
248	279	29	1
254	279	29	1
236	280	29	2
238	280	29	1
241	280	29	3
247	280	29	1
249	280	29	2
250	280	29	1
251	280	29	2
254	280	29	1
208	281	29	1
214	281	29	3
233	281	29	1
234	281	29	1
238	281	29	1
247	281	29	1
251	281	29	1
206	282	29	1
212	282	29	1
213	282	29	1
242	282	29	1
245	282	29	1
248	282	29	1
254	282	29	2
231	283	29	3
232	283	29	1
233	283	29	3
250	283	29	2
220	284	29	1
222	284	29	1
234	284	29	1
237	284	29	1
240	284	29	1
241	284	29	1
242	284	29	1
245	284	29	1
234	285	29	1
239	285	29	3
242	285	29	1
244	285	29	1
248	285	29	1
253	285	29	1
236	286	29	2
247	286	29	2
248	286	29	1
249	286	29	1
252	286	29	2
231	287	29	1
240	287	29	1
244	287	29	1
246	287	29	1
224	288	29	2
232	288	29	1
234	288	29	1
240	288	29	2
241	288	29	1
245	288	29	1
253	288	29	1
224	289	29	1
227	289	29	1
228	289	29	2
245	289	29	3
247	289	29	1
254	289	29	2
222	290	29	1
238	290	29	2
239	290	29	1
245	290	29	2
246	290	29	2
222	291	29	1
225	291	29	1
226	291	29	3
238	291	29	2
240	291	29	1
241	291	29	1
248	291	29	1
249	291	29	1
250	291	29	2
251	291	29	1
222	292	29	1
227	292	29	2
237	292	29	1
242	292	29	1
243	292	29	1
224	293	29	1
239	293	29	1
247	293	29	2
221	294	29	1
236	294	29	1
244	294	29	1
248	294	29	1
220	295	29	1
240	295	29	1
243	295	29	1
245	295	29	2
219	296	29	1
239	296	29	2
246	296	29	2
252	296	29	1
253	296	29	1
239	297	29	1
241	297	29	2
245	297	29	1
246	297	29	1
219	298	29	1
237	298	29	2
242	298	29	1
249	298	29	1
221	299	29	1
226	299	29	2
227	299	29	2
240	299	29	1
235	300	29	1
237	300	29	1
247	300	29	2
236	301	29	1
241	301	29	1
247	301	29	1
235	302	29	1
231	253	30	2
215	254	30	1
232	254	30	1
233	254	30	1
236	254	30	1
227	255	30	2
237	255	30	1
230	256	30	3
235	256	30	2
183	257	30	1
192	257	30	1
209	257	30	1
228	257	30	1
230	257	30	1
236	257	30	1
239	257	30	1
240	257	30	1
181	258	30	1
215	258	30	3
228	258	30	1
237	258	30	1
175	259	30	1
209	259	30	1
210	259	30	1
214	259	30	1
222	259	30	1
224	259	30	1
228	259	30	1
235	259	30	1
239	259	30	3
241	259	30	1
190	260	30	1
197	260	30	1
212	260	30	1
216	260	30	1
223	260	30	1
225	260	30	2
227	260	30	1
228	260	30	1
235	260	30	1
245	260	30	1
188	261	30	2
196	261	30	2
212	261	30	2
219	261	30	1
231	261	30	1
232	261	30	1
239	261	30	1
241	261	30	1
244	261	30	1
246	261	30	1
193	262	30	1
226	262	30	1
240	262	30	1
197	263	30	1
216	263	30	1
218	263	30	2
219	263	30	1
224	263	30	1
226	263	30	3
230	263	30	1
240	263	30	1
247	263	30	1
227	264	30	1
231	264	30	1
233	264	30	1
236	264	30	2
239	264	30	1
250	264	30	1
191	265	30	2
205	265	30	1
216	265	30	1
228	265	30	1
230	265	30	2
231	265	30	1
234	265	30	1
238	265	30	2
244	265	30	3
246	265	30	1
247	265	30	1
189	266	30	1
194	266	30	1
231	266	30	1
243	266	30	1
191	267	30	3
219	267	30	1
232	267	30	1
236	267	30	3
248	267	30	1
250	267	30	1
182	268	30	1
188	268	30	3
191	268	30	1
195	268	30	1
207	268	30	1
214	268	30	1
223	268	30	1
241	268	30	1
243	268	30	1
244	268	30	1
246	268	30	2
247	268	30	1
249	268	30	1
182	269	30	1
198	269	30	1
199	269	30	1
214	269	30	1
219	269	30	1
222	269	30	1
236	269	30	1
239	269	30	1
240	269	30	1
245	269	30	1
249	269	30	1
250	269	30	1
181	270	30	1
183	270	30	1
186	270	30	1
187	270	30	1
195	270	30	1
196	270	30	1
197	270	30	1
207	270	30	1
232	270	30	2
233	270	30	2
244	270	30	3
249	270	30	2
175	271	30	1
181	271	30	1
194	271	30	1
199	271	30	1
208	271	30	1
211	271	30	1
216	271	30	1
232	271	30	1
233	271	30	1
238	271	30	1
180	272	30	1
185	272	30	1
197	272	30	1
203	272	30	1
207	272	30	1
224	272	30	1
238	272	30	1
239	272	30	1
242	272	30	1
245	272	30	2
247	272	30	1
181	273	30	1
206	273	30	1
208	273	30	1
210	273	30	3
227	273	30	1
232	273	30	1
246	273	30	1
181	274	30	1
182	274	30	1
185	274	30	1
209	274	30	1
211	274	30	1
214	274	30	1
234	274	30	1
241	274	30	2
247	274	30	1
179	275	30	1
180	275	30	1
184	275	30	1
233	275	30	1
235	275	30	2
236	275	30	1
237	275	30	1
240	275	30	1
242	275	30	2
249	275	30	1
179	276	30	1
186	276	30	1
206	276	30	1
207	276	30	2
233	276	30	1
246	276	30	1
248	276	30	1
250	276	30	2
174	277	30	1
206	277	30	1
232	277	30	1
243	277	30	1
250	277	30	2
175	278	30	1
190	278	30	1
206	278	30	1
236	278	30	1
237	278	30	1
239	278	30	1
249	278	30	1
221	279	30	1
234	279	30	1
240	279	30	1
244	279	30	1
245	279	30	1
246	279	30	1
248	279	30	1
249	279	30	1
252	279	30	1
254	279	30	1
232	280	30	1
235	280	30	1
236	280	30	1
239	280	30	1
242	280	30	2
246	280	30	2
248	280	30	2
254	280	30	1
218	281	30	2
223	281	30	2
224	281	30	1
240	281	30	1
241	281	30	1
244	281	30	1
246	281	30	2
172	282	30	1
182	282	30	2
215	282	30	1
219	282	30	1
220	282	30	1
221	282	30	1
222	282	30	1
223	282	30	1
234	282	30	1
236	282	30	1
238	282	30	1
244	282	30	1
247	282	30	1
250	282	30	1
256	282	30	1
202	283	30	1
223	283	30	1
232	283	30	1
238	283	30	2
244	283	30	1
249	283	30	1
250	283	30	1
252	283	30	1
254	283	30	1
180	284	30	1
220	284	30	2
224	284	30	1
225	284	30	1
231	284	30	2
233	284	30	1
238	284	30	1
240	284	30	1
241.666666666667	284.666666666667	31	1
245	284	30	1
249	284	30	1
251	284	30	1
252	284	30	1
206	285	30	1
211	285	30	1
222.5	285.5	30.5	1
223	285	30	2
227	285	30	1
229	285	30	1
232	285	30	1
233	285	30	2
236	285	30	1
237	285	30	1
252	285	30	2
254	285	30	1
205	286	30	2
222	286	30	1
223	286	30	1
225	286	30	1
226	286	30	1
227	286	30	1
229	286	30	1
231	286	30	1
235	286	30	1
243	286	30	1
244	286	30	1
252	286	30	1
222	287	30	1
226	287	30	1
228	287	30	2
233	287	30	1
234	287	30	2
237	287.5	30.5	1
238.5	287.5	30.5	1
241	287	30	1
243	287	30	1
250	287	30	3
251	287	30	1
252	287	30	4
223	288	30	3
229	288	30	1
231	288	30	1
238	288	30	1
243	288	30	3
244	288	30	1
249	288	30	1
252	288	30	3
253	288	30	3
184	289	30	1
200	289	30	2
201	289	30	1
222	289	30	2
226	289	30	1
232	289	30	1
237	289	30	1
238	289	30	1
239	289	30	1
246	289	30	1
247	289	30	1
250	289	30	1
220	290	30	2
226	290	30	1
232	290	30	1
236	290	30	2
198	291	30	2
234	291	30	1
237	291	30	3
241	291	30	1
246	291	30	2
247	291	30	1
249	291	30	1
250	291	30	1
251	291	30	2
255	291	30	1
258	291	30	1
194	292	30	1
198	292	30	1
203	292	30	1
227	292	30	1
228	292	30	2
229	292	30	1
238	292	30	1
246	292	30	2
219	293	30	2
220	293	30	1
221	293	30	2
222	293	30	1
224	293	30	1
225	293	30	1
227	293	30	1
229	293	30	1
231	293	30	1
232	293	30	1
233	293	30	2
238	293	30	3
243	293	30	1
253	293	30	1
189	294	30	1
220	294	30	1
221	294	30	1
225	294	30	1
226	294	30	1
227	294	30	1
230	294	30	1
231	294	30	2
250	294	30	1
252	294	30	2
257	294	30	1
197	295	30	1
221	295	30	3
225	295	30	1
227	295	30	1
228	295	30	1
229	295	30	1
234	295	30	1
243	295	30	2
244	295	30	1
250	295	30	2
252	295	30	1
255	295	30	1
237	296	30	1
242	296	30	2
244	296	30	1
247	296	30	2
220	297	30	1
240	297	30	2
241	297	30	2
245	297	30	1
215	298	30	1
221	298	30	1
224	298	30	1
226	298	30	1
227	298	30	1
228	298	30	1
230	298	30	3
231	298	30	1
236	298	30	1
246	298	30	1
249	298	30	2
251	298	30	1
252	298	30	1
216	299	30	1
218	299	30	1
221	299	30	3
224	299	30	2
225	299	30	1
236	299	30	1
241	299	30	1
242	299	30	1
244	299	30	1
247	299	30	1
222	300	30	1
231	300	30	1
232	300	30	1
237	300	30	1
241	300	30	2
246	300	30	1
251	300	30	2
223	301	30	1
226	301	30	1
239	301	30	1
242	301	30	2
243	301	30	1
246	301	30	1
247	301	30	1
251	301	30	1
223	302	30	1
231	302	30	1
247	302	30	1
248	302	30	1
217	303	30	1
223	303	30	1
225	303	30	1
241	303	30	1
243	303	30	1
220	304	30	4
234	304	30	1
236	304	30	2
233	305	30	2
236	305	30	1
242	305	30	1
236	306	30	1
226	249	31	1
224	250	31	1
229	252	31	1
224	253	31	1
232	254	31	1
207	256	31	1
215	256	31	1
216	256	31	1
177	257	31	1
218	257	31	1
230	257	31	1
233	257	31	1
239	257	31	1
205	258	31	1
215	258	31	1
216	258	31	2
228	258	31	1
231	258	31	1
233	258	31	1
237	258	31	2
239	258	31	2
206	259	31	1
209	259	31	1
216	259	31	1
226	259	31	1
235	259	31	2
242	259	31	1
186	260	31	1
191	260	31	1
195	260	31	1
212	260	31	2
218	260	31	1
231	260	31	1
234	260	31	1
235	260	31	1
239	260	31	1
241	260	31	2
242	260	31	1
244	260	31	1
245	260	31	2
246	260	31	1
181	261	31	1
184	261	31	1
187	261	31	1
217	261	31	2
224	261	31	1
229	261	31	1
230	261	31	1
235	261	31	1
217	262	31	1
219	262	31	1
221	262	31	2
225	262	31	2
229	262	31	1
238	262	31	2
240	262	31	1
248	262	31	1
185	263	31	1
186	263	31	1
188	263	31	1
189	263	31	2
193	263	31	2
200	263	31	1
211	263	31	2
215	263	31	1
228	263	31	1
229	263	31	1
230	263	31	1
234	263	31	1
236	263	31	4
244	263	31	2
187	264	31	2
188	264	31	1
197	264	31	2
209	264	31	1
214	264	31	1
227	264	31	1
228	264	31	1
237	264	31	2
240	264	31	1
244	264	31	1
184	265	31	1
185	265	31	1
192	265	31	2
196	265	31	1
200	265	31	1
205	265	31	2
223	265	31	2
231	265	31	1
232	265	31	1
246	265	31	2
248	265	31	1
249	265	31	1
250	265	31	1
187	266	31	1
189	266	31	1
194	266	31	2
198	266	31	1
211	266	31	2
215	266	31	1
219	266	31	2
228	266	31	1
232	266	31	2
233	266	31	1
236	266	31	2
243	266	31	1
244	266	31	1
246	266	31	2
251	266	31	1
176	267	31	1
177	267	31	1
182	267	31	1
192	267	31	1
196	267	31	1
211	267	31	2
216	267	31	1
217	267	31	1
230	267	31	1
231	267	31	1
244	267	31	1
248	267	31	3
188	268	31	1
195	268	31	1
205	268	31	2
218	268	31	1
219	268	31	1
244	268	31	1
173	269	31	1
191	269	31	2
215	269	31	2
230	269	31	2
234	269	31	1
235	269	31	2
242	269	31	2
243	269	31	1
173	270	31	1
183	270	31	1
186	270	31	1
196	270	31	1
199	270	31	1
234	270	31	1
240	270	31	1
242	270	31	1
247	270	31	1
182	271	31	1
199	271	31	1
200	271	31	2
204	271	31	1
213	271	31	2
215	271	31	2
217	271	31	1
224	271	31	1
225	271	31	1
231	271	31	2
237	271	31	1
238	271	31	1
240	271	31	1
247	271	31	1
199	272	31	1
203	272	31	1
204	272	31	1
210	272	31	1
212	272	31	1
213	272	31	1
214	272	31	1
218	272	31	1
225	272	31	2
227	272	31	1
230	272	31	1
232	272	31	1
234	272	31	1
236	272	31	1
239	272	31	1
240	272	31	1
243	272	31	1
249	272	31	1
251	272	31	1
184	273	31	1
207	273	31	1
209	273	31	1
212	273	31	1
214	273	31	1
239	273	31	1
240	273	31	1
242	273	31	1
244	273	31	2
248	273	31	1
179	274	31	1
185	274	31	1
209	274	31	2
210	274	31	2
213	274	31	1
214	274	31	1
216	274	31	1
226	274	31	1
237	274	31	1
243	274	31	1
244	274	31	1
250	274	31	1
182	275	31	1
205	275	31	1
206	275	31	1
238	275	31	2
241	275	31	1
176	276	31	1
234	276	31	1
237	276	31	1
240	276	31	2
233	277	31	1
235	277	31	2
236	277	31	1
237	277	31	1
238	277	31	1
240	277	31	2
241	277	31	1
245	277	31	1
174	278	31	2
205	278	31	1
208	278	31	1
238	278	31	1
242	278	31	1
207	279	31	1
208	279	31	1
216	279	31	2
219	279	31	1
236	279	31	1
242	279	31	1
243	279	31	3
244	279	31	1
245	279	31	2
249	279	31	1
254	279	31	2
176	280	31	2
217	280	31	2
220	280	31	2
226	280	31	1
232	280	31	2
245	280	31	5
250	280	31	1
176	281	31	1
204	281	31	1
210	281	31	2
228	281	31	1
231	281	31	1
233	281	31	1
235	281	31	1
241	281	31	3
245	281	31	1
250	281	31	1
175	282	31	1
206	282	31	2
220	282	31	1
221	282	31	2
223	282	31	1
231	282	31	1
232	282	31	3
241	282	31	1
245	282	31	1
247	282	31	2
249	282	31	1
252	282	31	1
253	282	31	1
184	283	31	1
209	283	31	1
223	283	31	1
224	283	31	1
233	283	31	1
235	283	31	1
244	283	31	1
246	283	31	1
251	283	31	2
252	283	31	1
177	284	31	1
182	284	31	1
212	284	31	2
223	284	31	1
224	284	31	1
235	284	31	1
236	284	31	1
239	284	31	1
241	284	31	1
243	284	31	1
250	284	31	1
254	284	31	1
257	284	31	1
177	285	31	1
183	285	31	1
219	285	31	1
223	285	31	1
225	285	31	1
226	285	31	1
233	285	31	1
240	285	31	1
243	285	31	2
244	285	31	1
245	285	31	2
251	285	31	1
252	285	31	1
255	285	31	1
218	286	31	1
227	286	31	1
237	286	31	1
238	286	31	1
239	286	31	2
246	286	31	1
252	286	31	1
187	287	31	1
225	287	31	1
228	287	31	1
236	287	31	1
237	287	31	1
241	287	31	1
244	287	31	1
250	287	31	1
255	287	31	2
256	287	31	1
187	288	31	1
221	288	31	1
223	288	31	1
234	288	31	1
236	288	31	1
240.5	288.5	31.5	1
246	288	31	2
185	289	31	1
205	289	31	1
227	289	31	3
231	289	31	1
233	289	31	1
242	289	31	1
246	289	31	1
200	290	31	1
222	290	31	1
225	290	31	1
227	290	31	1
247	290	31	1
199	291	31	2
204	291	31	1
226	291	31	1
227	291	31	1
228	291	31	1
229	291	31	1
230	291	31	1
231	291	31	3
235	291	31	1
238	291	31	1
241	291	31	1
242	291	31	1
255	291	31	1
198	292	31	1
199	292	31	1
201	292	31	1
222	292	31	1
227	292	31	1
230	292	31	1
232	292	31	1
247	292	31	1
251	292	31	1
253	292	31	1
222	293	31	2
225	293	31	1
229	293	31	1
230	293	31	1
231	293	31	1
237	293	31	2
243	293	31	3
247	293	31	1
251	293	31	1
209	294	31	1
220	294	31	1
221	294	31	1
222	294	31	3
225	294	31	1
230	294	31	1
235	294	31	1
237	294	31	1
243	294	31	1
244	294	31	1
250	294	31	1
251	294	31	1
223	295	31	1
226	295	31	1
231	295	31	1
235	295	31	1
240	295	31	1
241	295	31	1
242	295	31	1
244	295	31	1
247	295	31	1
248	295	31	1
249	295	31	1
252	295	31	1
255	295	31	1
215	296	31	1
222	296	31	1
223	296	31	1
228	296	31	1
242	296	31	1
248	296	31	1
250	296	31	2
252	296	31	1
221	297	31	1
224	297	31	1
230	297	31	1
231	297	31	3
235	297	31	1
239	297	31	1
241	297	31	1
248	297	31	1
252	297	31	2
223	298	31	3
242	298	31	1
248	298	31	1
253	298	31	1
233	299	31	1
236	299	31	1
237	299	31	1
240	299	31	1
245	299	31	1
246	299	31	1
248	299	31	1
228	300	31	1
232	300	31	1
235	300	31	2
250	300	31	1
224	301	31	1
225	301	31	1
226	301	31	1
229	301	31	1
237	301	31	1
243	301	31	1
245	301	31	1
220	302	31	1
231	302	31	1
239	302	31	1
244	302	31	1
232	303	31	1
233	303	31	1
235	303	31	1
239	303	31	1
242	303	31	1
243	303	31	1
246	303	31	1
238	304	31	1
223	305	31	1
240	305	31	1
223	306	31	1
231	306	31	1
233	306	31	1
236	306	31	1
223	307	31	1
224	307	31	1
234	307	31	1
225	308	31	1
226	309	31	1
227	251	32	1
229	251	32	1
214	252	32	1
216	252	32	3
226	252	32	1
231	252	32	1
193	253	32	1
217	253	32	2
227	253	32	1
237	253	32	3
240	253	32	1
226	254	32	1
227	254	32	1
228	254	32	1
230	254	32	1
235	254	32	1
239	254	32	1
223	255	32	1
228	255	32	2
235	255	32	1
236	255	32	1
238	255	32	1
177	256	32	1
215	256	32	1
232	256	32	1
236	256	32	2
240	256	32	1
242	256	32	2
192	257	32	1
193	257	32	1
202	257	32	1
203	257	32	1
208	257	32	1
209	257	32	1
210	257	32	1
218	257	32	2
238	257	32	2
240	257	32	2
207	258	32	1
213	258	32	1
220	258	32	1
228	258	32	2
232	258	32	1
237	258	32	1
239	258	32	2
240	258	32	1
188	259	32	2
193	259	32	1
216	259	32	2
217	259	32	1
222	259	32	1
227	259	32	2
230	259	32	1
237	259	32	2
242	259	32	1
244	259	32	2
182	260	32	2
210	260	32	1
211	260	32	1
218	260	32	1
220	260	32	1
228	260	32	1
230	260	32	2
235	260	32	1
240	260	32	1
242	260	32	1
244	260	32	1
245	260	32	2
246	260	32	1
248	260	32	1
210	261	32	1
211	261	32	1
215	261	32	2
222	261	32	1
224	261	32	1
228	261	32	1
229	261	32	1
239	261	32	1
246	261	32	1
186	262	32	1
189	262	32	1
196	262	32	1
197	262	32	2
203	262	32	1
209	262	32	1
217	262	32	1
224	262	32	1
227	262	32	1
228	262	32	2
231	262	32	1
236	262	32	1
240	262	32	1
248	262	32	1
250	262	32	1
184	263	32	1
194	263	32	1
198	263	32	1
208	263	32	1
211	263	32	1
215	263	32	1
216	263	32	1
221	263	32	1
225	263	32	1
232	263	32	1
237	263	32	1
251	263	32	2
186	264	32	2
188	264	32	1
189	264	32	2
190	264	32	2
193	264	32	2
194	264	32	1
199	264	32	1
202	264	32	1
204	264	32	1
212	264	32	1
214	264	32	2
215	264	32	1
217	264	32	2
224	264	32	1
230	264	32	1
232	264	32	1
238	264	32	1
239	264	32	1
245	264	32	2
247	264	32	1
250	264	32	1
188	265	32	2
189	265	32	1
191	265	32	2
195	265	32	1
198	265	32	1
211	265	32	1
218	265	32	2
222	265	32	1
224	265	32	1
239	265	32	1
244	265	32	2
249	265	32	2
178	266	32	1
188	266	32	1
197	266	32	1
203	266	32	1
212	266	32	1
220	266	32	2
224	266	32	1
228	266	32	2
229	266	32	1
230	266	32	1
240	266	32	2
241	266	32	2
243	266	32	2
245	266	32	1
248	266	32	1
249	266	32	1
251	266	32	2
184	267	32	4
186	267	32	1
192	267	32	1
209	267	32	1
214	267	32	1
215	267	32	1
216	267	32	1
221	267	32	1
228	267	32	1
231	267	32	2
248	267	32	1
252	267	32	1
183	268	32	2
186	268	32	1
193	268	32	1
195	268	32	2
206	268	32	1
216	268	32	2
219	268	32	1
228	268	32	2
233	268	32	1
238	268	32	1
243	268	32	1
245	268	32	1
246	268	32	1
175	269	32	2
176	269	32	1
193	269	32	2
204	269	32	3
211	269	32	1
218	269	32	1
222	269	32	1
223	269	32	1
232	269	32	1
239	269	32	2
240	269	32	1
248	269	32	1
249	269	32	2
250	269	32	1
173	270	32	1
181	270	32	1
184	270	32	2
206	270	32	1
210	270	32	1
211	270	32	1
222	270	32	1
227	270	32	1
239	270	32	1
244	270	32	1
250	270	32	1
174	271	32	1
175	271	32	1
177	271	32	2
180	271	32	1
182	271	32	3
188	271	32	1
196	271	32	1
210	271	32	1
214	271	32	1
216	271	32	1
227	271	32	1
237	271	32	1
244	271	32	1
247	271	32	1
249	271	32	1
250	271	32	1
251	271	32	1
176	272	32	1
177	272	32	1
200	272	32	1
202	272	32	1
206	272	32	1
208	272	32	1
209	272	32	1
211	272	32	1
216	272	32	1
225	272	32	1
239	272	32	1
243	272	32	1
248	272	32	2
252	272	32	2
182	273	32	1
201	273	32	1
212	273	32	1
213	273	32	1
225	273	32	2
234	273	32	2
238	273	32	2
241	273	32	1
250	273	32	2
174	274	32	1
185	274	32	1
202	274	32	2
207	274	32	2
209	274	32	1
210	274	32	1
233	274	32	1
234	274	32	1
236	274	32	2
237	274	32	1
238	274	32	3
244	274	32	1
250	274	32	1
183	275	32	1
184	275	32	1
202	275	32	1
208	275	32	2
214	275	32	1
238	275	32	1
240	275	32	1
247	275	32	1
252	275	32	1
175	276	32	1
184	276	32	1
204	276	32	1
206	276	32	1
215	276	32	1
228	276	32	1
233	276	32	1
234	276	32	3
235	276	32	1
239	276	32	2
242	276	32	1
243	276	32	1
174	277	32	1
175	277	32	1
176	277	32	1
205	277	32	1
210	277	32	1
236	277	32	2
238	277	32	1
239	277	32	1
241	277	32	1
244	277	32	2
245	277	32	1
250	277	32	1
176	278	32	1
177	278	32	1
203	278	32	2
206	278	32	1
220	278	32	2
235	278	32	1
177	279	32	3
179	279	32	1
207	279	32	1
214	279	32	1
220	279	32	1
223	279	32	1
237	279	32	2
240	279	32	1
243	279	32	2
246	279	32	2
175	280	32	1
176	280	32	1
178	280	32	1
180	280	32	2
189	280	32	1
208	280	32	1
217	280	32	1
219	280	32	1
223	280	32	2
232	280	32	1
238	280	32	1
245	280	32	1
246	280	32	2
251	280	32	1
173	281	32	1
175	281	32	1
176	281	32	1
181	281	32	2
211	281	32	1
234	281	32	1
236	281	32	1
239	281	32	1
242	281	32	1
245	281	32	1
246	281	32	2
250	281	32	2
254	281	32	1
174	282	32	1
175	282	32	1
179	282	32	2
182	282	32	1
188	282	32	1
204	282	32	1
221	282	32	1
224	282	32	1
229	282	32	2
241	282	32	1
250	282	32	1
253	282	32	1
254	282	32	1
256	282	32	1
178	283	32	1
179	283	32	1
208	283	32	1
223	283	32	1
237	283	32	1
239	283	32	2
241	283	32	1
242	283	32	1
245	283	32	1
176	284	32	1
177	284	32	1
186	284	32	2
210	284	32	1
220	284	32	1
225	284	32	1
227	284	32	2
230	284	32	2
233	284	32	2
234	284	32	1
240	284	32	1
251	284	32	1
252	284	32	2
254	284	32	1
185	285	32	1
204	285	32	1
218	285	32	1
220	285	32	1
223	285	32	1
225	285	32	2
229	285	32	1
233	285	32	1
241	285	32	1
243	285	32	1
244	285	32	2
249	285	32	1
250	285	32	1
254	285	32	2
255	285	32	1
174	286	32	1
175	286	32	2
180	286	32	1
204	286	32	1
207	286	32	1
218	286	32	1
224	286	32	1
227	286	32	1
228	286	32	1
239	286	32	1
246	286	32	1
254	286	32	1
207	287	32	1
208	287	32	1
221	287	32	2
222	287	32	1
225	287	32	2
227	287	32	1
230	287	32	1
243	287	32	1
244	287	32	1
248	287	32	1
201	288	32	1
203	288	32	1
220	288	32	1
221	288	32	2
223	288	32	1
232	288	32	2
236	288	32	2
237	288	32	1
245	288	32	1
248	288	32	2
249	288	32	1
250	288	32	1
200	289	32	1
222	289	32	1
226	289	32	1
227	289	32	1
234	289	32	1
235	289	32	1
242	289	32	2
243	289	32	2
247	289	32	1
253	289	32	2
256	289	32	1
185	290	32	1
199	290	32	1
206	290	32	1
220	290	32	1
221	290	32	1
225	290	32	1
226	290	32	1
232	290	32	1
233	290	32	1
234	290	32	1
235	290	32	1
236	290	32	2
244	290	32	1
246	290	32	1
248	290	32	1
224	291	32	1
229	291	32	2
236	291	32	1
238	291	32	1
241	291	32	1
247	291	32	1
254	291	32	1
255	291	32	1
197	292	32	2
198	292	32	1
199	292	32	1
201	292	32	1
218	292	32	1
221	292	32	1
223	292	32	1
224	292	32	1
225	292	32	1
228	292	32	1
236.75	292.75	33	1
249	292	32	1
250	292	32	1
252	292	32	1
255	292	32	1
199	293	32	1
218	293	32	1
225	293	32	1
227	293	32	1
230	293	32	3
241	293	32	2
242	293	32	2
245	293	32	1
256	293	32	1
197	294	32	1
204	294	32	4
221	294	32	1
223	294	32	2
224	294	32	2
230	295	33	1
230	294	32	1
233	294	32	1
235	294	32	1
239	294	32	2
246	294	32	1
247	294	32	1
251	294	32	1
256	294	32	2
192	295	32	1
228	295	32	1
232	295	32	1
239	295	32	1
240	295	32	1
243	295	32	1
244	295	32	1
253	295	32	1
197	296	32	1
202	296	32	1
226	296	32	1
228	296	32	2
232	296	32	1
234	296	32	2
235	296	32	4
237	296	32	1
242	296	32	1
243	296	32	1
244	296	32	1
245	296	32	1
250	296	32	1
252	296	32	1
219	297	32	1
225	297	32	1
226	297	32	1
227	297	32	1
236	297	32	2
244	297	32	1
246	297	32	1
249	297	32	1
252	297	32	1
254	297	32	1
199	298	32	1
219	298	32	1
220	298	32	1
223	298	32	1
227	298	32	1
228	298	32	1
230	298	32	1
232	298	32	1
234	298	32	1
237	298	32	1
239	298	32	3
241	298	32	1
244	298	32	1
252	298	32	1
226	299	32	1
236	299	32	2
244	299	32	2
247	299	32	1
249	299	32	1
185	300	32	1
232	300	32	1
239	300	32	1
245	300	32	1
196	301	32	1
210	301	32	1
225	301	32	1
229	301	32	1
232	301	32	1
235	301	32	1
239	301	32	1
241	301	32	2
245	301	32	1
248	301	32	1
222	302	32	1
223	302	32	1
229	302	32	1
238	302	32	1
242	302	32	1
207	303	32	1
222	303	32	1
234	303	32	1
235	303	32	1
239	303	32	2
217	304	32	1
233	304	32	1
236	304	32	2
241	304	32	2
244	304	32	1
245	304	32	1
222	305	32	2
234	305	32	1
238	305	32	1
233	306	32	1
236	306	32	1
237	306	32	1
222	307	32	1
225	307	32	2
227	308	32	1
225	309	32	1
227	309	32	1
228	309	32	1
231	309	32	1
232	309	32	1
235	309	32	1
225	310	32	1
233	310	32	1
230	313	32	1
232	249	33	1
228	250	33	1
226	252	33	1
227	252	33	1
240	252	33	1
221	253	33	1
222	253	33	2
224	253	33	2
225	253	33	1
231	253	33	1
232	253	33	1
237	253	33	1
193	254	33	1
219	254	33	2
226	254	33	1
227	254	33	2
240	254	33	1
241	254	33	1
217	255	33	1
223	255	33	1
226	255	33	1
235	255	33	2
225	256	33	1
240	256	33	1
216	257	33	1
217	257	33	1
220	257	33	3
227	257	33	1
239	257	33	1
217	258	33	1
220	258	33	1
221	258	33	1
222	258	33	1
223	258	33	1
226	258	33	1
232	258	33	2
234	258	33	1
235	258	33	2
243	258	33	1
194	259	33	1
213	259	33	1
215	259	33	1
217	259	33	1
222	259	33	1
223	259	33	1
224	259	33	2
225	259	33	1
227	259	33	1
229	259	33	1
239	259	33	1
244	259	33	1
192	260	33	2
217	260	33	1
223	260	33	2
229	260	33	1
230	260	33	1
231	260	33	1
233	260	33	1
236	260	33	1
237	260	33	1
193	261	33	1
211	261	33	1
218	261	33	1
219	261	33	2
220	261	33	1
222	261	33	1
224	261	33	1
226	261	33	1
234	261	33	2
237	261	33	1
238	261	33	1
240	261	33	1
196	262	33	1
209	262	33	1
210	262	33	2
211	262	33	1
212	262	33	1
224	262	33	1
226	262	33	1
230	262	33	2
240	262	33	2
242	262	33	1
193	263	33	1
194	263	33	1
200	263	33	2
203	263	33	1
211	263	33	1
212	263	33	3
218	263	33	1
219	263	33	1
220	263	33	1
223	263	33	1
224	263	33	2
231	263	33	1
240	263	33	1
242	263	33	1
244	263	33	1
245	263	33	2
248	263	33	1
251	263	33	1
185	264	33	2
189	264	33	1
210	264	33	1
211	264	33	1
212	264	33	1
217	264	33	1
220	264	33	1
223	264	33	1
229	264	33	1
242	264	33	2
247	264	33	1
186	265	33	1
188	265	33	1
189	265	33	2
194	265	33	1
202	265	33	1
210	265	33	1
218	265	33	1
222	265	33	1
223	265	33	1
224	265	33	1
226	265	33	1
244	265	33	1
247	265	33	2
248	265	33	1
191	266	33	1
194	266	33	1
196	266	33	1
197	266	33	1
213	266	33	1
216	266	33	2
218	266	33	1
221	266	33	2
225	266	33	1
228	266	33	2
230	266	33	1
239	266	33	1
241	266	33	1
242	266	33	1
249	266	33	1
250	266	33	1
184	267	33	1
186	267	33	1
188	267	33	1
191	267	33	1
194	267	33	1
202	267	33	1
205	267	33	1
209	267	33	1
212	267	33	2
214	267	33	1
215	267	33	1
216	267	33	1
217	267	33	1
219	267	33	1
221	267	33	1
225	267	33	1
231	267	33	1
240	267	33	1
241	267	33	1
244	267	33	1
248	267	33	1
188	268	33	1
189	268	33	4
192	268	33	1
193	268	33	2
208	268	33	4
209	268	33	1
210	268	33	1
211	268	33	1
213	268	33	1
214	268	33	3
218	268	33	1
224	268	33	1
231	268	33	1
243	268	33	2
245	268	33	1
249	268	33	1
250	268	33	3
184	269	33	1
193	269	33	2
194	269	33	1
208	269	33	2
209	269	33	1
211	269	33	1
215	269	33	1
216	269	33	1
232	269	33	1
234	269	33	1
243	269	33	1
244	269	33	2
245	269	33	1
246	269	33	2
183	270	33	1
185	270	33	1
187	270	33	1
188	270	33	1
198	270	33	1
205	270	33	1
206	270	33	1
209	270	33	1
213	270	33	1
223	270	33	1
231	270	33	1
233	270	33	1
234	270	33	2
242	270	33	1
243	270	33	1
247	270	33	1
248	270	33	1
181	271	33	1
185	271	33	1
187	271	33	1
192	271	33	1
204	271	33	1
206	271	33	1
208	271	33	1
209	271	33	1
214	271	33	1
235	271	33	1
239	271	33	2
245	271	33	1
177	272	33	1
178	272	33	1
203	272	33	1
205	272	33	1
207	272	33	1
210	272	33	1
216	272	33	1
225	272	33	1
231	272	33	3
234	272	33	2
238	272	33	3
239	272	33	1
240	272	33	2
245	272	33	1
249	272	33	1
171	273	33	1
183	273	33	1
184	273	33	1
189	273	33	1
190	273	33	1
196	273	33	1
205	273	33	2
226	273	33	1
248	273	33	2
249	273	33	1
169	274	33	1
170	274	33	1
177	274	33	1
181	274	33	1
182	274	33	2
183	274	33	1
185	274	33	1
190	274	33	2
206	274	33	1
207	274	33	2
209	274	33	1
210	274	33	1
217	274	33	1
227	274	33	1
232	274	33	1
236	274	33	1
237	274	33	1
240	274	33	2
242	274	33	1
243	274	33	1
244	274	33	1
185	275	33	1
188	275	33	2
202	275	33	2
206	275	33	1
214	275	33	1
237	275	33	1
244	275	33	2
246	275	33	1
192	276	33	1
205	276	33	1
215	276	33	1
236	276	33	1
241	276	33	1
244	276	33	2
183	277	33	1
202	277	33	1
207	277	33	1
208	277	33	1
224	277	33	1
238	277	33	1
241	277	33	1
246	277	33	1
176	278	33	1
191	278	33	1
209	278	33	1
223	278	33	1
234	278	33	1
235	278	33	1
237	278	33	2
239	278	33	1
243	278	33	1
244	278	33	1
246	278	33	1
178	279	33	1
207	279	33	1
220	279	33	3
231	279	33	1
240	279	33	2
241	279	33	1
244	279	33	1
251	279	33	1
174	280	33	1
203	280	33	1
208	280	33	1
209	280	33	1
210	280	33	1
217	280	33	1
220	280	33	1
221	280	33	1
223	280	33	1
224	280	33	4
229	280	33	2
239	280	33	1
241	280	33	1
247	280	33	2
250	280	33	1
251	280	33	1
175	281	33	1
178	281	33	1
186	281	33	1
206	281	33	1
207	281	33	1
223	281	33	2
230	281	33	2
233	281	33	1
234	281	33	1
249	281	33	1
175	282	33	1
179	282	33	1
205	282	33	1
209	282	33	1
210	282	33	2
214	282	33	1
226	282	33	1
229	282	33	3
230	282	33	1
233	282	33	2
237	282	33	1
241	282	33	1
244	282	33	1
245	282	33	2
250	282	33	1
253	282	33	1
176	283	33	1
206	283	33	1
209	283	33	2
220	283	33	1
225	283	33	1
226	283	33	1
232	283	33	1
233	283	33	1
237	283	33	1
240	283	33	2
241	283	33	3
247	283	33	1
253	283	33	2
180	284	33	2
187	284	33	1
219	284	33	2
220	284	33	2
221	284	33	1
226	284	33	1
230	284	33	1
233	284	33	1
235	284	33	1
236	284	33	1
237	284	33	1
242	284	33	2
176	285	33	1
219	285	33	1
223	285	33	1
226	285	33	2
227	285	33	3
233	285	33	1
236	285	33	2
237.5	285.5	33.5	1
241	285	33	1
248	285	33	1
253	285	33	1
185	286	33	1
188	286	33	2
204	286	33	2
206	286	33	1
207	286	33	1
208	286	33	2
218	286	33	1
221	286	33	1
225	286	33	1
226	286	33	1
228	286	33	1
237	286	33	2
242	286	33	1
243	286	33	1
246	286	33	1
252	286	33	1
179	287	33	1
199	287	33	2
220	287	33	1
222	287	33	1
224	287	33	2
226	287	33	1
228	287	33	1
230	287	33	1
233	287	33	1
243	287	33	1
246	287	33	3
247	287	33	2
202	288	33	1
219	288	33	2
226	288	33	1
230	288	33	1
231	288	33	1
236	288	33	1
244	288	33	1
250	288	33	3
257	288	33	2
184	289	33	1
186	289	33	1
200	289	33	1
202	289	33	1
223	289	33	1
232	289	33	1
234	289	33	1
235	289	33	1
237	289	33	1
197	290	33	1
200	290	33	1
225	290	33	1
231	290	33	1
239	290	33	1
241	290	33	1
246	290	33	1
247	290	33	2
250	290	33	1
186	291	33	2
199	291	33	1
222	291	33	2
231	291	33	1
232	291	33	1
233	291	33	3
236	291	33	1
237	291	33	1
244	291	33	1
248	291	33	1
257	291	33	1
197	292	33	1
200	292	33	1
225	292	33	1
228	292	33	1
229	292	33	1
232	292	33	1
235	292	33	1
239	292	33	1
245	292	33	1
246	292	33	1
249	292	33	1
253	292	33	1
254	292	33	1
177	293	33	1
185	293	33	2
199	293	33	1
220	293	33	1
225	293	33	3
228	293	33	1
229	293	33	1
230	293	33	2
231	293	33	2
235	293	33	1
244	293	33	2
247	293	33	2
248	293	33	1
254	293	33	1
187	294	33	2
228	294	33	1
236	294	33	1
237	294	33	1
245	294	33	1
199	295	33	2
231	295	33	1
232	295	33	3
233	295	33	1
245	295	33	2
191	296	33	2
199	296	33	3
200	296	33	4
222	296	33	1
229	296	33	1
231	296	33	1
236	296	33	2
237	296	33	1
252	296	33	2
195	297	33	2
196	297	33	3
197	297	33	1
198	297	33	1
202	297	33	1
225	297	33	1
226	297	33	1
241	297	33	1
196	298	33	1
233	298	33	2
234	298	33	1
242	298	33	1
243	298	33	2
245	298	33	1
246	298	33	3
196	299	33	1
197	299	33	1
222	299	33	1
224	299	33	1
227	299	33	1
230	299	33	2
232	299	33	1
235	299	33	1
241	299	33	1
242	299	33	1
247	299	33	1
225	300	33	1
226	300	33	1
231	300	33	1
236	300	33	1
223	301	33	1
227	301	33	1
228	301	33	1
236	301	33	2
237	301	33	2
240	301	33	1
244	301	33	1
245	301	33	1
225	302	33	1
227	302	33	1
231	302	33	1
233	302	33	1
236	302	33	2
246	302	33	1
222	303	33	1
223	303	33	1
224	303	33	1
228	303	33	3
229	303	33	1
231	303	33	2
232	303	33	1
236	303	33	1
243	303	33	1
227	304	33	1
230	304	33	1
233	304	33	1
238	304	33	1
239	304	33	1
243	304	33	1
222	305	33	1
227	305	33	1
230	305	33	1
238	305	33	1
224	306	33	2
238	306	33	1
224	307	33	2
227	307	33	1
233	307	33	1
234	307	33	1
235	307	33	1
222	308	33	3
227	308	33	1
235	308	33	1
242	308	33	1
221	309	33	1
224	309	33	1
225	309	33	1
226	309	33	1
228	309	33	1
237	309	33	1
221	310	33	1
224	310	33	1
225	310	33	1
226	310	33	1
227	310	33	1
228	310	33	1
233	310	33	1
238	310	33	1
218	311	33	1
226	311	33	1
234	311	33	1
225	312	33	1
231	312	33	1
232	312	33	1
229	313	33	1
233	313	33	1
234	313	33	1
236	313	33	2
237	313	33	1
228	314	33	1
232	314	33	1
236	314	33	2
230	318	33	1
229	250	34	1
225	252	34	1
227	252	34	1
230	252	34	1
225	253	34	1
226	253	34	1
227	253	34	1
226	254	34	1
227	254	34	2
231	254	34	1
218	255	34	1
220	255	34	2
224	255	34	1
190	256	34	2
216	256	34	1
218	256	34	1
219	256	34	1
221	256	34	1
227	256	34	1
232	256	34	1
233	256	34	1
237	256	34	1
241	256	34	1
219	257	34	1
227	257	34	2
241	257	34	1
200	258	34	2
218	258	34	1
219	258	34	2
221	258	34	2
233	258	34	1
234	258	34	3
235	258	34	1
211	259	34	1
218	259	34	1
223	259	34	1
228	259	34	1
230	259	34	4
211	260	34	1
212	260	34	1
214	260	34	1
216	260	34	1
219	260	34	1
220	260	34	1
223	260	34	1
224	260	34	2
228	260	34	2
240	260	34	1
243	260	34	1
188	261	34	1
208	261	34	2
221	261	34	1
227	261	34	1
229	261	34	3
231	261	34	2
235	261	34	1
241	261	34	1
244	261	34	1
194	262	34	1
214	262	34	1
216	262	34	2
224	262	34	2
234	262	34	1
240	262	34	1
243	262	34	2
244	262	34	1
245	262	34	1
189	263	34	1
192	263	34	1
193	263	34	2
204	263	34	2
207	263	34	1
216	263	34	2
219	263	34	2
225	263	34	2
227	263	34	1
235	263	34	1
236	263	34	1
238	263	34	1
241	263	34	1
248	263	34	1
186	264	34	1
187	264	34	1
188	264	34	2
189	264	34	1
191	264	34	1
200	264	34	1
202	264	34	2
205	264	34	1
215	264	34	1
216	264	34	1
221	264	34	1
222	264	34	1
227	264	34	1
229	264	34	1
232	264	34	1
235	264	34	1
242	264	34	1
245	264	34	1
248	264	34	1
176	265	34	1
189	265	34	1
194	265	34	1
203	265	34	1
205	265	34	2
207	265	34	1
209	265	34	1
211	265	34	1
213	265	34	1
218	265	34	1
219	265	34	1
221	265	34	1
223	265	34	2
230	265	34	1
232	265	34	1
233	265	34	1
234	265	34	1
239	265	34	1
243	265	34	1
244	265	34	1
249	265	34	2
194	266	34	1
195	266	34	1
197	266	34	2
208	266	34	1
211	266	34	1
214	266	34	1
220	266	34	1
230	266	34	1
233	266	34	1
237	266	34	1
243	266	34	1
244	266	34	2
249	266	34	2
182	267	34	2
183	267	34	1
189	267	34	2
194	267	34	2
195	267	34	1
206	267	34	1
208	267	34	1
217	267	34	1
220	267	34	1
224	267	34	1
229	267	34	1
230	267	34	1
245	267	34	1
249	267	34	2
176	268	34	1
189	268	34	2
195	268	34	1
210	268	34	1
216	268	34	1
218	268	34	1
220	268	34	1
240	268	34	4
175	269	34	2
176	269	34	2
188	269	34	1
189	269	34	1
191	269	34	2
193	269	34	1
204	269	34	1
209	269	34	2
232	269	34	1
235	269	34	3
236	269	34	1
241	269	34	1
243	269	34	3
245	269	34	1
249	269	34	1
252	269	34	1
254	269	34	1
188	270	34	2
194	270	34	1
199	270	34	1
201	270	34	2
203	270	34	1
209	270	34	1
215	270	34	1
223	270	34	1
239	270	34	2
244	270	34	1
245	270	34	1
252	270	34	2
178	271	34	1
180	271	34	1
181	271	34	1
188	271	34	1
201	271	34	2
212	271	34	1
213	271	34	1
218	271	34	2
220	271	34	1
221	271	34	2
230	271	34	1
235	271	34	1
237	271	34	1
239	271	34	1
240	271	34	1
242	271	34	1
243	271	34	2
249	271	34	1
179	272	34	1
181	272	34	1
182	272	34	1
184	272	34	1
186	272	34	1
205	272	34	1
206	272	34	1
211	272	34	1
214	272	34	1
225	272	34	1
227	272	34	2
229	272	34	1
230	272	34	1
235	272	34	1
238	272	34	1
239	272	34	1
241	272	34	1
245	272	34	1
173	273	34	1
186	273	34	1
203	273	34	1
207	273	34	2
212	273	34	1
218	273	34	1
219	273	34	1
231	273	34	1
233	273	34	2
243	273	34	1
248	273	34	1
174	274	34	1
176	274	34	1
178	274	34	1
179	274	34	1
185	274	34	1
204	274	34	2
209	274	34	1
211	274	34	2
212	274	34	1
213	274	34	1
216	274	34	1
217	274	34	1
229	274	34	1
233	274	34	1
235	274	34	1
237	274	34	1
239	274	34	1
203	275	34	2
209	275	34	1
214	275	34	1
226	275	34	2
231	275	34	1
233	275	34	1
235	275	34	1
237	275	34	1
240	275	34	2
202	276	34	1
209	276	34	1
211	276	34	1
232	276	34	2
239	276	34	1
241	276	34	1
242	276	34	2
176	277	34	2
189	277	34	1
203	277	34	1
204	277	34	1
205	277	34	1
208	277	34	1
212	277	34	1
234	277	34	3
236	277	34	1
241	277	34	1
176	278	34	1
188	278	34	1
193	278	34	1
204	278	34	1
205	278	34	1
207	278	34	1
208	278	34	1
211	278	34	1
226	278	34	1
236	278	34	1
244	278	34	2
174	279	34	1
180	279	34	1
207	279	34	1
215	279	34	1
231	279	34	1
246	279	34	1
248	279	34	2
174	280	34	1
176	280	34	1
180	280	34	2
192	280	34	1
207	280	34	1
212	280	34	2
221	280	34	1
236	280	34	1
242	280	34	2
246	280	34	1
249	280	34	1
173	281	34	1
192	281	34	2
206	281	34	1
222	281	34	2
227	281	34	1
230	281	34	2
231	281	34	1
233	281	34	1
245	281	34	1
179	282	34	1
181	282	34	1
182	282	34	2
204	282	34	1
206	282	34	1
208	282	34	1
209	282	34	3
218	282	34	1
222	282	34	2
226	282	34	1
233	282	34	1
234	282	34	1
247	282	34	1
248	282	34	3
249	282	34	1
176	283	34	1
179	283	34	1
181	283	34	1
192	283	34	1
207	283	34	1
215	283	34	1
222	283	34	1
226	283	34	1
232	283	34	3
233	283	34	2
240	283	34	2
245	283	34	2
251	283	34	2
253	283	34	1
176	284	34	1
184	284	34	1
191	284	34	1
208	284	34	1
209	284	34	1
211	284	34	1
215	284	34	1
224	284	34	1
225	284	34	1
226	284	34	1
233	284	34	1
246	284	34	1
187	285	34	2
188	285	34	2
202	285	34	1
203	285	34	1
205	285	34	1
206	285	34	1
208	285	34	1
223	285	34	1
224	285	34	1
229	285	34	1
230	285	34	1
243	285	34	1
245	285	34	1
177	286	34	1
188	286	34	1
189	286	34	1
205	286	34	1
208	286	34	1
209	286	34	1
213	286	34	1
220	286	34	1
223	286	34	1
226	286	34	1
228	286	34	1
229	286	34	2
234	286	34	3
239	286	34	1
242	286	34	1
243	286	34	1
247	286	34	2
248	286	34	1
209	287	34	1
224	287	34	2
234	287	34	1
235	287	34	1
238	287	34	1
241	287	34	1
245	287	34	1
251	287	34	1
177	288	34	1
204	288	34	1
205	288	34	1
221	288	34	1
226	288	34	1
227	288	34	2
229	288	34	1
230	288	34	2
238	288	34	1
175	289	34	1
199	289	34	1
200	289	34	1
203	289	34	1
224	289	34	1
233	289	34	1
241	289	34	2
246	289	34	2
249	289	34	2
176	290	34	1
187	290	34	1
204	290	34	2
224	290	34	1
237	290	34	1
239	290	34	1
253	290	34	1
186	291	34	1
222	291	34	1
229	291	34	1
231	291	34	3
232	291	34	1
235	291	34	1
236	291	34	1
237	291	34	1
246	291	34	3
200	292	34	1
202	292	34	1
204	292	34	1
227	292	34	1
228	292	34	2
230	292	34	1
231	292	34	1
232	292	34	1
233	292	34	2
235	292	34	1
236	292	34	1
244	292	34	3
252	292	34	1
194	293	34	1
197	293	34	1
201	293	34	1
204	293	34	2
223	293	34	1
229	293	34	1
232	293	34	1
235	293	34	1
241	293	34	1
244	293	34	1
251	293	34	1
197	294	34	1
199	294	34	1
206	294	34	1
217	294	34	1
223	294	34	2
225	294	34	1
237	294	34	1
245	294	34	1
246	294	34	1
184	295	34	1
194	295	34	1
197	295	34	1
198	295	34	1
202	295	34	2
203	295	34	1
220	295	34	1
222	295	34	1
224	295	34	1
229	295	34	1
230	295	34	1
231	295	34	2
238	295	34	3
244	295	34	1
183	296	34	1
184	296	34	3
194	296	34	1
198	296	34	2
199	296	34	1
200	296	34	1
201	296	34	1
238	296	34	2
239	296	34	4
240	296	34	1
242	296	34	1
243	296	34	1
204	297	34	1
220	297	34	3
227	297	34	1
229	297	34	1
231	297	34	2
232	297	34	1
235	297	34	2
236	297	34	1
237	297	34	2
242	297	34	1
243	297	34	2
244	297	34	1
194	298	34	1
200	298	34	1
223	298	34	2
233	298	34	1
235	298	34	1
239	298	34	1
241	298	34	2
182	299	34	1
196	299	34	2
199	299	34	1
200	299	34	2
207	299	34	2
228	299	34	1
236	299	34	1
242	299	34	1
243	299	34	1
247	299	34	1
230	300	34	3
233	300	34	1
236	300	34	1
238	300	34	2
239	300	34	2
243	300	34	2
246	300	34	1
207	301	34	1
227	301	34	1
233	301	34	1
236	301	34	1
240	301	34	1
244	301	34	1
246	301	34	1
223	302	34	1
226	302	34	1
228	302	34	1
229	302	34	1
232	302	34	1
243	302	34	1
226	303	34	1
227	303	34	1
231	303	34	2
232	303	34	2
244	303	34	1
230	304	34	1
232	304	34	2
243	304	34	1
222	305	34	1
223	305	34	1
226	305	34	2
227	305	34	2
233	305	34	1
235	305	34	1
237	305	34	2
239	305	34	1
225	306	34	1
226	306	34	1
227	306	34	1
228	306	34	1
232	306	34	1
238	306	34	1
201	307	34	1
223	307	34	1
224	307	34	1
226	307	34	2
234	307	34	1
236	307	34	1
224	308	34	1
225	308	34	1
232	308	34	1
241	308	34	1
242	308	34	1
220	309	34	1
221	309	34	1
223	309	34	1
225	309	34	3
229	309	34	1
242	309	34	1
216	310	34	1
226	310	34	2
231	310	34	1
232	310	34	2
233	310	34	1
237	310	34	1
240	310	34	1
218	311	34	1
222	311	34	2
227	311	34	1
233	311	34	2
236	311	34	1
221	312	34	1
222	312	34	1
235	312	34	3
236	312	34	1
237	312	34	1
212	313	34	1
221	313	34	1
226	313	34	1
227	313	34	1
228	313	34	1
236	313	34	3
229	315	34	1
238	315	34	1
234	316	34	1
227	317	34	1
233	317	34	1
237	318	34	3
230	248	35	1
224	251	35	1
225	251	35	2
219	253	35	1
223	253	35	1
224	253	35	1
225	253	35	1
229	253	35	2
224	254	35	2
225	254	35	1
230	254	35	1
235	254	35	4
240	254	35	2
220	255	35	2
221	255	35	1
224	255	35	1
225	255	35	1
227	255	35	3
230	255	35	1
216	256	35	1
218	256	35	1
225	256	35	1
229	256	35	2
241	256	35	1
210	257	35	2
216	257	35	1
224	257	35	1
225	257	35	1
241	257	35	1
243	257	35	2
216	258	35	1
217	258	35	1
218	258	35	1
223	258	35	1
224	258	35	1
227	258	35	2
230	258	35	1
239	258	35	1
201	259	35	2
210	259	35	3
217	259	35	2
219	259	35	1
221	259	35	3
225	259	35	1
226.5	259.5	35.5	1
228	259	35	2
229	259	35	1
210	260	35	1
212	260	35	1
214	260	35	2
216	260	35	1
220	260	35	1
221	260	35	1
224	260	35	1
234	260	35	1
235	260	35	2
236	260	35	2
238	260	35	1
239	260	35	1
240	260	35	2
241	260	35	1
244	260	35	2
194	261	35	2
208	261	35	1
210	261	35	2
213	261	35	1
217	261	35	2
219	261	35	2
220	261	35	2
224	261	35	1
227	261	35	1
229	261	35	1
230	261	35	1
232	261	35	1
234	261	35	2
235	261	35	1
236	261	35	1
240	261	35	1
243	261	35	1
207	262	35	1
208	262	35	1
210	262	35	1
215	262	35	2
219	262	35	1
221	262	35	1
228	262	35	1
232	262	35	1
233	262	35	1
236	262	35	1
245	262	35	2
188	263	35	1
208	263	35	2
210	263	35	1
212	263	35	1
214	263	35	2
217	263	35	2
222	263	35	1
225	263	35	1
227	263	35	2
231	263	35	1
234	263	35	1
237	263	35	1
238	263	35	1
240	263	35	1
241	263	35	1
243	263	35	1
244	263	35	1
245	263	35	1
246	263	35	2
248	263	35	1
191	264	35	1
192	264	35	1
213	264	35	1
218	264	35	1
219	264	35	1
223	264	35	3
227	264	35	1
228	264	35	1
231	264	35	1
233	264	35	1
235	264	35	1
236	264	35	1
237	264	35	1
240	264	35	1
243	264	35	2
178	265	35	1
188	265	35	1
190	265	35	1
193	265	35	1
195	265	35	2
196	265	35	1
202	265	35	1
205	265	35	3
208	265	35	1
217	265	35	1
219	265	35	1
228	265	35	1
238	265	35	1
239	265	35	1
245	265	35	1
188	266	35	1
191	266	35	1
192	266	35	1
194	266	35	1
208	266	35	2
210	266	35	1
211	266	35	1
220	266	35	1
221	266	35	2
223	266	35	2
228	266	35	1
229	266	35	1
233	266	35	1
246	266	35	2
250	266	35	1
176	267	35	1
184	267	35	1
186	267	35	2
187	267	35	1
189	267	35	2
190	267	35	1
191	267	35	2
194	267	35	1
206	267	35	1
210	267	35	2
214	267	35	1
217	267	35	1
219	267	35	3
220	267	35	1
223	267	35	1
227	267	35	1
229	267	35	1
235	267	35	2
239	267	35	1
242	267	35	1
243	267	35	1
249	267	35	1
250	267	35	1
183	268	35	1
185	268	35	1
192	268	35	1
203	268	35	1
205	268	35	1
206	268	35	1
209	268	35	1
213	268	35	1
214	268	35	1
217	268	35	1
218	268	35	2
219	268	35	1
223	268	35	1
234	268	35	3
239	268	35	1
241	268	35	1
249	268	35	2
250	268	35	1
174	269	35	1
176	269	35	1
185	269	35	1
186	269	35	1
188	269	35	1
193	269	35	2
202	269	35	1
217	269	35	1
218	269	35	2
238	269	35	1
239	269	35	2
240	269	35	1
244	269	35	1
246	269	35	1
250	269	35	1
172	270	35	1
176	270	35	1
194	270	35	1
198	270	35	1
199	270	35	2
207	270	35	1
210	270	35	1
213	270	35	1
214	270	35	1
218	270	35	1
220	270	35	1
239	270	35	1
240	270	35	1
248	270	35	1
249	270	35	2
250	270	35	1
171	271	35	1
173	271	35	3
178	271	35	1
179	271	35	2
183	271	35	1
186	271	35	2
188	271	35	1
192	271	35	1
194	271	35	1
205	271	35	1
209	271	35	1
212	271	35	1
219	271	35	1
220	271	35	1
234	271	35	1
235	271	35	1
236	271	35	1
238	271	35	1
240	271	35	1
245	271	35	1
248	271	35	1
249	271	35	2
250	271	35	1
176	272	35	2
180	272	35	3
182	272	35	2
184	272	35	2
185	272	35	1
189	272	35	1
191	272	35	1
197	272	35	1
203	272	35	1
205	272	35	1
206	272	35	1
207	272	35	1
211	272	35	1
213	272	35	1
214	272	35	2
218	272	35	1
237	272	35	1
239	272	35	1
240	272	35	3
246	272	35	1
184	273	35	2
186	273	35	1
187	273	35	1
227	273	35	4
232	273	35	2
238	273	35	2
241	273	35	1
170	274	35	1
173	274	35	1
178	274	35	2
196	274	35	1
201	274	35	1
202	274	35	1
210	274	35	1
212	274	35	1
215	274	35	1
228	274	35	1
233	274	35	4
236	274	35	1
242	274	35	1
244	274	35	1
245	274	35	2
250	274	35	2
178	275	35	3
189	275	35	2
200	275	35	1
210	275	35	1
231	275	35	1
238	275	35	1
242	275	35	3
243	275	35	2
178	276	35	2
186	276	35	1
187	276	35	1
202	276	35	1
203	276	35	1
204	276	35	1
209	276	35	1
217	276	35	1
219	276	35	1
230	276	35	1
239	276	35	1
240	276	35	1
183	277	35	1
185	277	35	2
187	277	35	1
188	277	35	1
204	277	35	1
205	277	35	2
208	277	35	1
219	277	35	1
224	277	35	1
229	277	35	1
237	277	35	1
238	277	35	2
241	277	35	1
183	278	35	2
188	278	35	1
205	278	35	1
215	278	35	1
221	278	35	3
229	278	35	1
230	278	35	3
236	278	35	2
243	278	35	1
244	278	35	1
245	278	35	2
247	278	35	2
177	279	35	1
184	279	35	1
195	279	35	1
205	279	35	2
207	279	35	1
210	279	35	1
227	279	35	1
237	279	35	1
241	279	35	1
172	280	35	2
173	280	35	1
174	280	35	1
177	280	35	1
179	280	35	1
180	280	35	1
189	280	35	2
190	280	35	1
193	280	35	1
205	280	35	1
206	280	35	2
208	280	35	1
210	280	35	1
211	280	35	1
212	280	35	2
215	280	35	1
221	280	35	1
224	280	35	1
226	280	35	3
233	280	35	1
237	280	35	1
238	280	35	1
245	280	35	1
248	280	35	1
179	281	35	1
182	281	35	1
191	281	35	4
210	281	35	1
213	281	35	1
214	281	35	1
222	281	35	1
226	281	35	2
229	281	35	1
230	281	35	1
232	281	35	1
234	281	35	1
240	281	35	1
179	282	35	1
187	282	35	1
189	282	35	1
205	282	35	1
218	282	35	1
220	282	35	1
221	282	35	1
223	282	35	1
224	282	35	1
226	282	35	1
233	282	35	2
244	282	35	1
187	283	35	1
204	283	35	1
208	283	35	1
210	283	35	1
211	283	35	2
212	283	35	2
214	283	35	2
216	283	35	1
218	283	35	2
220	283	35	1
221	283	35	1
227	283	35	1
228	283	35	1
250	283	35	1
177	284	35	1
184	284	35	1
187	284	35	1
189	284	35	1
191	284	35	1
203	284	35	2
206	284	35	1
207	284	35	1
208	284	35	1
209	284	35	1
215	284	35	1
216	284	35	1
218	284	35	1
219	284	35	1
222	284	35	2
225	284	35	1
226	284	35	1
230	284	35	2
232	284	35	2
234	284	35	1
237	284	35	1
244	284	35	1
247	284	35	1
248	284	35	2
249	284	35	1
176	285	35	2
177	285	35	1
187	285	35	1
201	285	35	2
208	285	35	2
209	285	35	1
217	285	35	2
224	285	35	1
226	285	35	2
230	285	35	1
231	285	35	2
232	285	35	3
236	285	35	2
243	285	35	1
245	285	35	1
250	285	35	1
175	286	35	1
196	286	35	1
200	286	35	2
202	286	35	2
205	286	35	1
207	286	35	2
211	286	35	2
218	286	35	3
219	286	35	1
221	286	35	2
227	286	35	2
243	286	35	1
247	286	35	1
248	286	35	1
187	287	35	1
200	287	35	1
204	287	35	1
206	287	35	1
208	287	35	1
223	287	35	1
226	287	35	2
233	287	35	1
237	287	35	1
239	287	35	1
242	287	35	2
243	287	35	1
244	287	35	1
247	287	35	1
183	288	35	2
186	288	35	1
187	288	35	2
189	288	35	1
204	288	35	1
205	288	35	1
223	288	35	1
224	288	35	1
237	288	35	1
242	288	35	1
245	288	35	1
246	288	35	2
174	289	35	1
188	289	35	1
190	289	35	1
199	289	35	1
200	289	35	1
205	289	35	1
220	289	35	1
222	289	35	1
224	289	35	2
235	289	35	1
238	289	35	2
241	289	35	1
244	289	35	1
250	289	35	2
184	290	35	1
190	290	35	1
195	290	35	1
220	290	35	1
222	290	35	2
225	290	35	1
227	290	35	1
234	290	35	1
243	290	35	2
244	290	35	1
245	290	35	1
183	291	35	1
195	291	35	1
198	291	35	1
199	291	35	1
204	291	35	1
205	291	35	1
222	291	35	1
223	291	35	1
224	291	35	1
231	291	35	1
239	291	35	1
241	291	35	2
242	291	35	1
244	291	35	1
182	292	35	1
186	292	35	2
187	292	35	1
188	292	35	1
194	292	35	2
204	292	35	1
220	292	35	1
221	292	35	1
228	292	35	1
231	292	35	2
232	292	35	1
233	292	35	1
238	292	35	1
245	292	35	1
248	292	35	2
196	293	35	2
198	293	35	1
200	293	35	2
203	293	35	1
230	293	35	1
231	293	35	1
236	293	35	1
238	293	35	1
242	293	35	1
188	294	35	1
195	294	35	1
198	294	35	1
220	294	35	1
222	294	35	1
223	294	35	1
224	294	35	1
234	294	35	1
237	294	35	1
241	294	35	1
244	294	35	1
245	294	35	1
181	295	35	1
184	295	35	1
218	295	35	1
224	295	35	1
225	295	35	2
228	295	35	1
231	295	35	1
236	295	35	2
238	295	35	1
247	295	35	1
180	296	35	1
182	296	35	1
193	296	35	1
197	296	35	1
200	296	35	1
202	296	35	1
205	296	35	1
236	296	35	1
243	296	35	1
245	296	35	1
194	297	35	1
197	297	35	1
198	297	35	1
199	297	35	1
221	297	35	1
228	297	35	3
229	297	35	1
233	297	35	1
235	297	35	1
238	297	35	1
239	297	35	1
240	297	35	1
248	297	35	2
196	298	35	1
223	298	35	1
228	298	35	2
229	298	35	1
234	298	35	1
236	298	35	2
239	298	35	1
196	299	35	1
200	299	35	1
235	299	35	2
236	299	35	1
238	299	35	1
240	299	35	1
197	300	35	2
224	300	35	2
225	300	35	1
233	300	35	1
224	301	35	1
229	301	35	1
231	301	35	1
240	301	35	1
242	301	35	1
245	301	35	1
222	302	35	1
224	302	35	3
226	302	35	2
227	302	35	1
236	302	35	1
238	302	35	1
240	302	35	1
242	302	35	1
244	302	35	1
226	303	35	1
230	303	35	1
231	303	35	3
236	303	35	1
238	303	35	1
223	304	35	1
225	304	35	2
226	304	35	1
232	304	35	1
234	304	35	3
235	304	35	1
195	305	35	2
227	305	35	1
229	305	35	1
236	305	35	1
220	306	35	2
222	306	35	2
224	306	35	1
225	306	35	1
227	306	35	2
229	306	35	1
230	306	35	1
233	306	35	2
240	306	35	1
198	307	35	2
221	307	35	1
223	307	35	1
226	307	35	1
234	307	35	1
235	307	35	1
236	307	35	1
238	307	35	1
239	307	35	1
206	308	35	1
220	308	35	1
221	308	35	1
222	308	35	1
229	308	35	4
231	308	35	1
232	308	35	2
236	308	35	1
239	308	35	2
240	308	35	1
223	309	35	1
228	309	35	1
234	309	35	1
238	309	35	1
240	309	35	1
242	309	35	1
219	310	35	1
222	310	35	2
227	310	35	2
229	310	35	1
231	310	35	1
235	310	35	2
215	311	35	1
216	311	35	1
221	311	35	2
222	311	35	3
230	311	35	1
234	311	35	2
236	311	35	1
238	311	35	1
240	311	35	1
213	312	35	1
232	312	35	3
237	312	35	1
242	312	35	1
228	313	35	1
229	313	35	1
232	313	35	1
237	313	35	1
227	314	35	1
233	314	35	1
235	314	35	1
236	314	35	1
235	315	35	1
232	316	35	1
234	316	35	3
227	317	35	1
230	317	35	1
233	317	35	1
234	317	35	1
235	317	35	2
239	317	35	1
240	317	35	1
233	318	35	2
236	318	35	2
237	318	35	1
222	253	36	1
225	253	36	1
229	254	36	1
218	256	36	1
223	256	36	1
216	257	36	1
224	257	36	1
228	257	36	1
221	258	36	2
228	258	36	1
232	258	36	1
219	259	36	1
220	259	36	1
222	259	36	1
225	259	36	1
232	259	36	1
225	260	36	1
226	260	36	1
238	260	36	1
216	261	36	2
218	261	36	1
220	261	36	1
223	261	36	2
226	261	36	1
232	261	36	1
237	261	36	1
239	261	36	1
243	261	36	1
210	262	36	2
212	262	36	1
214	262	36	1
221	262	36	2
223	262	36	2
232	262	36	1
238	262	36	1
244	262	36	1
245	262	36	1
193	263	36	2
214	263	36	1
218	263	36	1
219	263	36	2
222	263	36	1
229	263	36	2
231	263	36	1
236	263	36	1
237	263	36	2
240	263	36	1
242	263	36	2
191	264	36	1
206	264	36	3
212	264	36	2
213	264	36	1
214	264	36	1
215	264	36	1
216	264	36	1
218	264	36	1
223	264	36	1
226	264	36	2
230	264	36	1
233	264	36	1
238	264	36	1
240	264	36	1
185	265	36	1
194	265	36	1
207	265	36	1
208	265	36	1
211	265	36	1
215	265	36	1
216	265	36	1
222	265	36	1
235	265	36	1
243	265	36	1
187	266	36	1
188	266	36	1
189	266	36	3
193	266	36	1
196	266	36	2
208	266	36	1
211	266	36	1
216	266	36	1
220	266	36	1
226	266	36	1
229	266	36	2
230	266	36	2
231	266	36	2
241	266	36	1
248	266	36	1
186	267	36	1
193	267	36	1
212	267	36	2
214	267	36	2
216	267	36	1
219	267	36	1
239	267	36	1
240	267	36	1
191	268	36	1
195	268	36	1
205	268	36	1
219	268	36	1
232	268	36	1
241	268	36	1
243	268	36	2
250	268	36	1
186	269	36	1
188	269	36	1
191	269	36	2
194	269	36	2
232	269	36	1
233	269	36	1
237	269	36	1
185	270	36	1
198	270	36	1
203	270	36	1
206	270	36	1
213	270	36	1
214	270	36	1
220	270	36	1
221	270	36	1
238	270	36	2
239	270	36	2
241	270	36	1
244	270	36	1
178	271	36	1
192	271	36	1
193	271	36	2
206	271	36	1
212	271	36	1
214	271	36	1
215	271	36	1
217	271	36	1
218	271	36	1
220	271	36	2
225	271	36	1
248	271	36	2
178	272	36	1
185	272	36	2
193	272	36	1
197	272	36	2
206	272	36	1
214	272	36	2
217	272	36	1
218	272	36	2
230	272	36	1
232	272	36	1
178	273	36	1
181	273	36	1
190	273	36	2
204	273	36	1
208	273	36	2
209	273	36	1
216	273	36	2
217	273	36	1
236	273	36	1
176	274	36	1
178	274	36	3
201	274	36	1
203	274	36	1
211	274	36	2
213	274	36	1
215	274	36	1
216	274	36	1
217	274	36	1
233	274	36	1
184	275	36	1
207	275	36	1
209	275	36	1
211	275	36	1
212	275	36	1
217	275	36	1
219	275	36	1
231	275	36	3
177	276	36	1
180	276	36	1
181	276	36	2
186	276	36	3
208	276	36	1
213	276	36	2
215	276	36	1
216	276	36	1
217	276	36	1
237	276	36	1
206	277	36	1
209	277	36	2
210	277	36	2
211	277	36	1
214	277	36	1
215	277	36	1
223	277	36	1
226	277	36	1
232	277	36	1
234	277	36	1
181	278	36	1
204	278	36	1
205	278	36	1
207	278	36	1
210	278	36	2
213	278	36	1
214	278	36	2
219	278	36	2
234	278	36	1
179	279	36	2
187	279	36	1
192	279	36	1
193	279	36	1
206	279	36	1
211	279	36	1
212	279	36	1
214	279	36	2
215	279	36	1
220	279	36	1
192	280	36	1
209	280	36	2
210	280	36	1
211	280	36	1
213	280	36	2
214	280	36	4
215	280	36	1
223	280	36	1
234	280	36	1
176	281	36	1
179	281	36	1
192	281	36	1
193	281	36	1
200	281	36	1
204	281	36	1
207	281	36	1
209	281	36	2
214	281	36	1
223	281	36	1
243	281	36	1
172	282	36	1
181	282	36	1
214	282	36	1
187	283	36	1
189	283	36	1
205	283	36	1
207	283	36	1
208	283	36	2
214	283	36	1
215	283	36	1
227	283	36	2
230	283	36	1
233	283	36	2
240	283	36	1
187	284	36	1
203	284	36	2
206	284	36	2
208	284	36	1
209	284	36	1
213	284	36	2
214	284	36	1
224	284	36	1
231	284	36	1
233	284	36	1
239	284	36	1
176	285	36	2
201	285	36	2
207	285	36	1
212	285	36	1
215	285	36	2
218	285	36	1
220	285	36	1
221	285	36	1
224	285	36	2
227	285	36	1
231	285	36	1
233	285	36	1
235	285	36	2
236	285	36	1
237	285	36	1
240	285	36	1
202	286	36	1
203	286	36	2
208	286	36	1
211	286	36	1
218	286	36	1
230	286	36	1
235	286	36	1
239	286	36	1
241	286	36	1
242	286	36	1
176	287	36	1
205	287	36	1
222	287	36	1
227	287	36	1
239	287	36	1
246	287	36	1
248	287	36	1
184	288	36	1
186	288	36	1
194	288	36	1
196	288	36	1
202	288	36	1
204	288	36	1
210	288	36	1
219	288	36	1
221	288	36	3
229	288	36	1
231	288	36	1
237	288	36	1
238	288	36	1
241	288	36	1
184	289	36	1
185	289	36	1
187	289	36	1
198	289	36	1
199	289	36	2
223	289	36	1
227	289	36	1
232	289	36	1
233	289	36	1
237	289	36	1
241	289	36	2
244	289	36	1
185	290	36	1
195	290	36	1
198	290	36	1
199	290	36	1
200	290	36	1
204	290	36	2
220	290	36	1
222	290	36	1
225	290	36	2
226	290	36	1
231	290	36	1
240	290	36	2
241	290	36	1
242	290	36	1
243	290	36	2
247	290	36	1
186	291	36	1
204	291	36	1
221	291	36	1
222	291	36	1
224	291	36	1
234	291	36	1
237	291	36	1
239	291	36	1
240	291	36	1
241	291	36	2
242	291	36	1
245	291	36	1
198	292	36	1
200	292	36	1
204	292	36	3
206	292	36	1
208	292	36	1
221	292	36	1
224	292	36	1
225	292	36	2
227	292	36	1
229	292	36	1
231	292	36	1
232	292	36	1
235	292	36	1
238	292	36	1
244	292	36	1
199	293	36	1
200	293	36	1
206	293	36	2
222	293	36	2
223	293	36	2
226	293	36	1
228	293	36	1
231	293	36	1
232	293	36	1
190	294	36	1
201	294	36	2
224	294	36	1
225	294	36	1
227	294	36	1
230	294	36	1
237	294	36	2
241	294	36	2
243	294	36	1
196	295	36	2
201	295	36	1
202	295	36	2
207	295	36	2
218	295	36	1
221	295	36	1
229	295	36	1
230	295	36	1
231	295	36	2
232	295	36	2
234	295	36	1
236	295	36	2
240	295	36	2
241	295	36	1
245	295	36	2
194	296	36	1
199	296	36	2
200	296	36	1
201	296	36	1
229	296	36	2
230	296	36	1
234	296	36	1
236	296	36	1
237	296	36	1
238	296	36	1
241	296	36	2
198	297	36	1
205	297	36	1
217	297	36	1
219	297	36	1
229	297	36	2
233	297	36	2
235	297	36	2
238	297	36	1
239	297	36	1
241	297	36	2
244	297	36	1
203	298	36	2
205	298	36	1
226	298	36	1
229	298	36	1
233	298	36	1
236	298	36	1
240	298	36	1
245	298	36	1
200	299	36	1
204	299	36	1
228	299	36	1
230	299	36	1
238	299	36	1
225	300	36	1
232	300	36	2
242	300	36	1
198	301	36	2
225	301	36	1
226	301	36	1
227	301	36	1
230	301	36	1
232	301	36	1
235	301	36	1
236	301	36	1
240	301	36	1
243	301	36	1
225	302	36	1
229	302	36	2
226	303	36	1
227	303	36	1
228	303	36	1
231	303	36	1
233	303	36	1
234	303	36	1
235	303	36	1
241	303	36	1
199	305	36	2
228	306	36	1
239	306	36	1
243	306	36	1
244	306	36	1
223	307	36	2
235	307	36	1
227	308	36	1
237	308	36	1
239	308	36	1
241	308	36	1
223	309	36	1
228	309	36	2
233	309	36	1
219	310	36	2
222	310	36	1
224	310	36	1
231	310	36	2
243	310	36	1
217	311	36	1
220	311	36	1
222	311	36	1
223	311	36	2
225	311	36	1
228	311	36	1
231	311	36	1
236	311	36	2
242	311	36	1
213	312	36	1
216	312	36	2
221	312	36	1
225	312	36	1
226	312	36	1
230	312	36	1
235	312	36	1
236	312	36	1
225	313	36	1
232	313	36	1
234	313	36	1
230	314	36	1
232	314	36	1
235	314	36	1
242	314	36	2
230	315	36	1
236	315	36	1
242	315	36	2
243	315	36	1
228	316	36	2
231	316	36	1
232	317	36	1
235	318	36	2
232	319	36	1
239	319	36	1
228	257	37	1
228	258	37	1
227	259	37	1
228	259	37	2
242	260	37	2
226	261	37	1
230	261	37	1
216	262	37	2
229	262	37	1
230	262	37	1
231	262	37	1
217	263	37	1
231	263	37	2
209	264	37	2
236	264	37	2
232	265	37	2
188	266	37	3
194	266	37	1
193	267	37	2
210	267	37	2
229	267	37	1
237	267	37	1
238	267	37	1
239	267	37	1
241	267	37	1
188	268	37	1
236	268	37	1
240	268	37	1
241	268	37	1
194	269	37	1
210	269	37	3
218	269	37	2
237	269	37	1
190	270	37	1
192	270	37	2
196	270	37	1
197	270	37	1
212	270	37	2
216	270	37	1
217	270	37	1
220	270	37	1
194	271	37	2
214	271	37	2
219	271	37	1
220	271	37	1
207	272	37	1
215	272	37	2
216	272	37	1
210	273	37	1
214	273	37	1
215	273	37	1
216	273	37	2
219	273	37	1
210	274	37	1
212	274	37	1
206	275	37	2
215	275	37	1
217	276	37	1
219	276	37	1
220	277	37	2
195	278	37	1
208	278	37	1
211	278	37	3
215	278	37	1
191	279	37	1
195	279	37	1
210	279	37	1
212	279	37	1
231	279	37	1
208	280	37	1
210	280	37	1
215	280	37	1
189	281	37	1
193	281	37	2
210	281	37	1
215	281	37	1
223	281	37	1
192	282	37	1
213	282	37	2
219	282	37	1
221	282	37	2
189	283	37	2
207	283	37	1
214	283	37	1
215	283	37	1
237	283	37	2
186	284	37	1
212	284	37	1
198	285	37	1
201	285	37	1
205	285	37	1
206	285	37	1
210	285	37	1
237	285	37	1
239	285	37	1
188	286	37	1
204	286	37	2
206	286	37	2
207	286	37	1
215	286	37	1
216	286	37	1
220	286	37	1
225	286	37	1
230	286	37	1
236	286	37	1
193	287	37	1
202	287	37	1
204	287	37	1
208	287	37	1
220	287	37	2
230	287	37	1
231	287	37	1
234	287	37	1
237	287	37	1
240	287	37	1
196	288	37	2
201	288	37	1
203	288	37	1
232	288	37	1
234	288	37	2
237	288	37	1
238	288	37	1
241	288	37	2
186	289	37	2
201	289	37	1
202	289	37	1
205	289	37	1
219	289	37	1
223	289	37	1
230	289	37	1
235	289	37	1
236	289	37	1
233	290	37	1
234	290	37	3
195	291	37	2
233	291	37	2
239	291	37	1
201	292	37	1
208	292	37	1
226	292	37	1
231	292	37	2
232	292	37	1
236	292	37	2
238	292	37	1
240	292	37	1
242	292	37	1
243	292	37	1
199	293	37	1
201	293	37	1
202	293	37	2
240	293	37	3
202	294	37	1
205	294	37	1
228	294	37	1
232	294	37	1
235	294	37	1
237	294	37	2
203	295	37	1
229	295	37	1
232	295	37	2
237	295	37	1
244	295	37	1
200	296	37	1
201	296	37	1
202	296	37	1
222	296	37	1
223	296	37	2
228	296	37	1
229	296	37	1
234	296	37	1
239	296	37	1
241	296	37	1
243	296	37	1
244	296	37	1
245	296	37	1
196	297	37	1
227	297	37	1
234	297	37	1
241	297	37	2
199	298	37	1
229	298	37	1
232	298	37	1
233	298	37	1
242	298	37	1
244	298	37	2
245	298	37	1
228	299	37	3
231	299	37	1
232	299	37	1
241	299	37	1
242	299	37	1
244	299	37	3
226	300	37	1
229	300	37	1
230	300	37	1
231	300	37	1
235	300	37	2
236	300	37	1
239	300	37	1
241	300	37	1
244	301	37	1
232	302	37	3
228	303	37	1
227	304	37	1
228	305	37	1
229	305	37	2
236	305	37	1
242	305	37	3
225	307	37	1
241	307	37	1
243	307	37	1
224	308	37	1
235	308	37	1
240	308	37	2
220	309	37	2
229	309	37	1
233	309	37	1
239	309	37	2
224	310	37	1
227	310	37	1
225	311	37	1
228	311	37	1
225	312	37	1
227	312	37	1
228	312	37	1
229	312	37	1
240	312	37	1
212	313	37	2
218	313	37	1
221	313	37	1
237	313	37	1
238	313	37	2
219	314	37	1
221	314	37	1
228	314	37	1
230	314	37	1
234	314	37	2
236	314	37	1
211	315	37	1
229	315	37	2
238	315	37	1
234	316	37	1
237	316	37	1
240	316	37	1
235	317	37	1
232	318	37	1
235	318	37	1
237	318	37	1
240	318	37	1
238	319	37	1
231	322	37	1
216	261	38	1
238	261	38	1
238	262	38	1
232	263	38	1
219	264	38	2
223	264	38	2
232	264	38	2
226	265	38	1
230	265	38	1
237	265	38	1
229	266	38	4
219	267	38	2
211	268	38	1
187	269	38	1
194	269	38	1
209	269	38	1
211	269	38	1
218	269	38	1
240	269	38	1
211	270	38	2
232	270	38	1
215	271	38	1
218	271	38	1
214	272	38	1
217	272	38	1
236	272	38	1
209	273	38	1
210	273	38	1
215	273	38	1
209	274	38	1
218	274	38	1
240	274	38	2
189	275	38	1
203	275	38	1
215	275	38	1
191	276	38	1
213	276	38	1
194	277	38	1
214	277	38	2
220	277	38	1
215	278	38	1
218	278	38	1
208	279	38	2
212	279	38	1
220	279	38	1
208	280	38	1
209	280	38	1
214	280	38	1
215	280	38	1
221	280	38	1
190	281	38	1
193	281	38	1
208	281	38	1
212	281	38	2
216	281	38	2
191	282	38	1
192	282	38	1
193	282	38	1
208	282	38	1
210	282	38	1
213	282	38	2
214	282	38	1
215	282	38	1
223	282	38	1
210	283	38	1
216	283	38	1
217	283	38	1
185	284	38	1
188	284	38	1
195	284	38	1
199	284	38	1
201	284	38	1
216	284	38	1
191	285	38	1
192	285	38	2
195	285	38	2
204	285	38	3
205	285	38	2
212	285	38	1
216	285	38	1
205	286	38	1
206	286	38	1
211	286	38	2
218	286	38	2
221	286	38	1
188	287	38	1
193	287	38	1
198	287	38	3
202	287	38	2
204	287	38	1
205	287	38	1
207	287	38	1
215	287	38	1
220	287	38	1
222	287	38	1
232	287	38	1
205	288	38	2
206	288	38	2
214	288	38	1
219	288	38	1
224	288	38	1
235	288	38	1
236	288	38	1
186	289	38	1
187	289	38	1
189	289	38	1
190	289	38	1
215	289	38	2
219	289	38	1
223	289	38	2
233	289	38	1
191	290	38	1
192	290	38	1
193	290	38	1
198	290	38	2
206	290	38	2
223	290	38	1
237	290	38	1
189	291	38	1
202	291	38	3
207	291	38	1
211	291	38	1
222	291	38	1
234	291	38	1
189	292	38	1
194	292	38	2
199	292	38	1
208	292	38	2
211	292	38	1
213	292	38	1
221	292	38	1
234	292	38	2
199	293	38	1
202	293	38	1
206	293	38	1
229	293	38	1
230	293	38	1
234	293	38	1
238	293	38	1
240	293	38	1
199	294	38	1
204	294	38	1
205	294	38	2
206	294	38	1
226	294	38	1
235	294	38	2
242	294	38	1
197	295	38	1
203	295	38	1
207	295	38	1
225	295	38	1
232	295	38	1
240	295	38	2
197	296	38	1
198	296	38	2
200	296	38	1
202	296	38	1
206	296	38	1
221	296	38	1
235	296	38	2
237	296	38	1
239	296	38	1
241	296	38	1
242	296	38	1
243	296	38	1
201	297	38	1
205	297	38	1
223	297	38	2
227	297	38	1
229	297	38	1
233	297	38	1
239	297	38	1
192	298	38	1
216	298	38	1
225	298	38	1
226	298	38	1
227	298	38	1
228	298	38	1
231	298	38	1
233	298	38	1
243	298	38	1
203	299	38	2
226	299	38	1
227	299	38	1
231	299	38	1
235	299	38	2
236	299	38	1
237	299	38	1
239	299	38	1
240	299	38	2
243	299	38	2
244	299	38	1
230	300	38	1
231	300	38	2
240	300	38	1
241	300	38	1
238	301	38	3
237	302	38	2
239	302	38	2
227	303	38	1
228	303	38	1
229	303	38	1
227	304	38	1
230	304	38	1
237	304	38	1
229	305	38	1
232	305	38	1
233	305	38	1
235	305	38	3
245	305	38	1
226	306	38	1
232	306	38	2
227	307	38	1
243	307	38	3
244	307	38	1
246	307	38	1
222	308	38	2
239	308	38	1
242	308	38	1
195	309	38	1
222	309	38	1
224	309	38	1
227	309	38	2
244	309	38	2
222	310	38	1
224	310	38	1
226	310	38	1
229	310	38	2
233	310	38	2
213	311	38	1
219	311	38	2
220	311	38	1
221	311	38	1
224	311	38	2
226	311	38	1
235	311	38	1
237	311	38	1
244	311	38	1
217	312	38	1
219	312	38	1
220	312	38	1
221	312	38	1
222	312	38	1
223	312	38	1
227	312	38	1
229	312	38	1
232	312	38	1
240	312	38	1
216	313	38	1
223	313	38	2
228	313	38	1
235	313	38	1
240	313	38	1
241	313	38	2
244	313	38	2
200	314	38	1
221	314	38	1
230	314	38	1
237	314	38	2
240	314	38	1
242	314	38	1
221	315	38	1
225	315	38	1
226	315	38	1
227	315	38	2
230	315	38	1
235	315	38	1
236	315	38	1
237	315	38	1
238	315	38	3
243	315	38	1
244	315	38	1
225	316	38	1
234	316	38	1
244	316	38	2
221	317	38	1
230	317	38	1
231	317	38	1
235	317	38	1
236	317	38	1
238	317	38	1
239	317	38	1
212	318	38	2
220	318	38	3
231	318	38	2
240	318	38	1
241	318	38	1
243	318	38	1
237	319	38	1
238	319	38	1
242	319	38	1
232	320	38	1
212	321	38	2
231	321	38	1
220	322	38	1
219	323	38	1
220	323	38	1
237	265	39	2
217	270	39	1
215	273	39	1
213	274	39	1
214	275	39	1
212	277	39	1
213	277	39	2
210	278	39	1
214	278	39	1
216	278	39	1
220	278	39	1
206	279	39	1
212	279	39	1
218	280	39	2
221	280	39	2
204	281	39	1
217	281	39	1
190	282	39	1
195	282	39	1
215	282	39	1
219	282	39	1
201	283	39	1
215	283	39	1
200	284	39	1
203	284	39	1
205	284	39	1
216	284	39	2
191	285	39	1
192	285	39	1
199	285	39	2
187	286	39	1
199	286	39	2
201	286	39	1
190	287	39	1
196	287	39	1
215	287	39	1
192	288	39	1
204	288	39	1
206	288	39	1
217	288	39	1
218	288	39	1
189	289	39	1
190	289	39	1
201	289	39	1
239	289	39	1
188	290	39	1
197	290	39	1
200	290	39	1
207	290	39	1
215	290	39	1
238	290	39	2
190	291	39	2
191	291	39	1
199	291	39	1
202	291	39	2
204	291	39	1
217	291	39	2
233	291	39	1
238	291	39	1
188	292	39	1
197	292	39	2
211	292	39	1
212	292	39	3
221	292	39	1
226	292	39	1
239	292	39	1
240	292	39	1
208	293	39	2
209	293	39	2
221	293	39	1
222	293	39	1
227	293	39	1
234	293	39	2
206	294	39	1
225	294	39	1
228	294	39	1
230	294	39	1
236	294	39	1
241	294	39	2
197	295	39	1
203	295	39	1
223	295	39	1
224	295	39	1
238	295	39	1
243	295	39	1
197	296	39	1
206	296	39	1
223	296	39	1
226	296	39	1
239	296	39	1
240	296	39	1
194	297	39	1
195	297	39	3
196	297	39	1
197	297	39	1
199	297	39	3
220	297	39	1
225	297	39	1
231	297	39	1
233	297	39	1
235	297	39	1
241	297	39	1
202	298	39	1
214	298	39	1
223	298	39	1
224	298	39	1
226	298	39	1
239	298	39	1
225	299	39	1
226	299	39	1
228	299	39	2
237	299	39	1
214	300	39	2
227	300	39	1
229	300	39	1
231	300	39	1
233	300	39	1
235	300	39	1
227	301	39	1
229	301	39	1
235	303	39	1
212	305	39	1
224	305	39	2
229	305	39	1
230	305	39	1
238	305	39	1
241	305	39	1
223	306	39	1
224	306	39	1
225	306	39	1
235	306	39	1
236	306	39	1
239	306	39	1
240	306	39	1
241	306	39	2
242	306	39	1
214	307	39	1
223	307	39	1
216	308	39	1
221	308	39	2
222	308	39	1
226	308	39	1
229	308	39	1
235	308	39	1
240	308	39	1
241	308	39	1
195	309	39	1
215	309	39	1
216	309	39	1
220	309	39	1
221	309	39	1
223	309	39	1
227	309	39	2
233	309	39	1
234	309	39	1
196	310	39	1
217	310	39	1
218	310	39	1
220	310	39	2
225	310	39	1
242	310	39	1
217	311	39	2
221	311	39	2
222	311	39	2
228	311	39	1
229	311	39	1
236	311	39	1
244	311	39	1
217	312	39	1
222	312	39	1
228	312	39	1
238	312	39	1
239	312	39	2
240	312	39	1
244	312	39	1
224	313	39	1
225	313	39	2
227	313	39	2
229	313	39	1
236	313	39	1
239	313	39	1
216	314	39	2
218	314	39	2
234	314	39	1
237	314	39	2
239	314	39	1
240	314	39	2
220	315	39	1
225	315	39	1
230	315	39	2
237	315	39	1
242	315	39	1
243	315	39	1
245	315	39	2
217	316	39	1
225	316	39	2
233	316	39	1
238	316	39	1
239	316	39	1
240	316	39	1
242	317	39	3
230	318	39	1
235	318	39	1
228	319	39	1
229	320	39	1
230	320	39	1
234	320	39	1
231	322	39	1
233	322	39	1
234	323	39	1
212	325	39	1
214	274	40	1
201	278	40	1
195	284	40	2
194	285	40	1
198	286	40	1
193	288	40	1
202	288	40	1
206	288	40	1
193	289	40	2
218	290	40	1
196	291	40	1
191	292	40	1
193	292	40	2
199	292	40	1
206	292	40	1
208	292	40	2
209	292	40	1
210	292	40	2
236	292	40	2
209	293	40	1
213	293	40	1
225	293	40	2
229	293	40	1
234	293	40	1
207	294	40	3
209	294	40	1
210	294	40	1
225	294	40	1
228	294	40	1
237	294	40	1
220	295	40	2
225	295	40	2
227	295	40	1
234	295	40	1
205	296	40	2
217	296	40	1
230	297	40	1
236	297	40	1
241	297	40	1
215	298	40	2
229	298	40	1
230	298	40	1
234	298	40	1
199	299	40	2
214	299	40	1
225	299	40	1
229	299	40	2
212	300	40	1
236	300	40	1
237	300	40	3
229	301	40	1
237	301	40	1
219	302	40	1
224	302	40	1
237	302	40	3
243	302	40	1
241	303	40	1
241	304	40	1
245	304	40	1
214	305	40	3
213	306	40	2
225	306	40	1
226	306	40	2
230	306	40	1
239	306	40	1
242	306	40	2
215	307	40	1
226	307	40	1
228	307	40	2
238	307	40	1
240	307	40	1
225	308	40	1
241	308	40	1
195	309	40	1
215	309	40	1
222	309	40	1
228	309	40	1
232	309	40	1
194	310	40	1
219	310	40	1
221	310	40	1
222	310	40	2
229	310	40	1
239	310	40	1
196	311	40	1
217	311	40	1
219	311	40	1
234	311	40	1
235	311	40	1
238	311	40	1
235	312	40	1
243	312	40	1
216	313	40	1
218	313	40	1
221	313	40	2
235	313	40	2
217	314	40	2
220	314	40	1
236	314	40	1
238	314	40	3
239	314	40	1
242	314	40	1
217	315	40	2
221	315	40	1
230	315	40	1
238	315	40	1
240	315	40	1
241	315	40	1
242	315	40	1
245	315	40	1
217	316	40	2
220	316	40	1
234	316	40	2
237	316	40	2
243	316	40	1
218	317	40	1
219	317	40	1
235	317	40	2
220	318	40	1
229	318	40	1
231	318	40	2
238	318	40	3
241	318	40	1
218	319	40	1
221	319	40	2
230	319	40	2
237	319	40	1
239	319	40	2
230	320	40	1
232	320	40	1
240	320	40	1
241	320	40	1
216	321	40	1
230	321	40	2
230	322	40	1
228	323	40	1
230	323	40	1
208	330	40	1
217	292	41	1
195	294	41	1
213	294	41	1
225	294	41	2
205	296	41	1
213	297	41	1
226	298	41	2
237	299	41	1
230	300	41	1
231	300	41	2
235	301	41	1
221	305	41	1
226	305	41	1
227	305	41	1
228	305	41	1
231	305	41	1
223	306	41	2
228	306	41	1
230	306	41	2
229	307	41	1
211	308	41	1
229	308	41	1
243	308	41	1
196	309	41	1
220	309	41	1
224	309	41	1
225	309	41	2
211	310	41	3
219	310	41	1
220	310	41	2
223	310	41	1
220	311	41	1
221	311	41	1
233	311	41	1
221	312	41	1
235	312	41	1
219	313	41	1
222	313	41	2
238	313	41	1
221	314	41	2
235	314	41	2
242	314	41	2
238	316	41	2
246	316	41	3
249	316	41	1
218	317	41	3
221	317	41	1
240	317	41	1
217	318	41	1
218	318	41	1
219	318	41	1
230	318	41	2
243	318	41	1
217	319	41	1
223	319	41	1
230	319	41	1
243	319	41	1
240	320	41	2
216	321	41	1
230	321	41	1
231	321	41	1
228	322	41	1
228	323	41	1
230	323	41	2
236	323	41	1
215	297	42	2
231	300	42	1
223	302	42	1
214	305	42	1
220	305	42	1
223	306	42	1
230	306	42	1
239	306	42	1
220	308	42	1
240	308	42	1
220	309	42	1
224	309	42	2
225	309	42	1
236	309	42	1
242	309	42	1
222	310	42	2
239	310	42	2
241	310	42	1
221	311	42	1
222	311	42	1
238	311	42	1
241	312	42	1
244	312	42	1
217	313	42	1
222	313	42	3
234	313	42	1
240	313	42	1
225	314	42	1
217	315	42	1
219	315	42	1
222	315	42	1
226	315	42	2
241	315	42	2
231	316	42	1
238	316	42	1
240	316	42	1
243	316	42	1
232	317	42	1
240	317	42	1
217	318	42	1
219	318	42	2
220	318	42	1
243	318	42	1
246	318	42	1
204	319	42	2
224	319	42	1
226	319	42	1
227	319	42	1
228	319	42	1
230	319	42	1
228	320	42	1
241	320	42	1
226	322	42	1
228	305	43	1
211	308	43	1
220	308	43	1
242	309	43	1
219	310	43	1
234	311	43	3
238	311	43	1
242	312	43	1
236	313	43	1
240	313	43	1
237	314	43	1
238	314	43	1
230	315	43	1
204	316	43	1
223	316	43	1
241	316	43	2
227	317	43	1
238	317	43	2
217	318	43	1
229	318	43	1
242	319	43	1
227	320	43	1
227	321	43	1
226	322	43	2
234	310	44	1
219	311	44	2
225	311	44	1
235	311	44	1
229	313	44	2
211	314	44	1
220	315	44	1
230	315	44	2
204	316	44	1
230	317	44	1
231	317	44	1
238	317	44	2
242	317	44	1
230	318	44	1
206	319	44	1
226	320	44	1
231	320	44	1
229	321	44	1
224	322	44	1
220	312	45	2
