x	y	z	Synthesis of bile acids and bile salts via 7alpha-hydroxycholesterol
246	292	21	1
232	278	24	1
235	278	24	3
239	278	24	2
245	284	24	1
244	286	24	1
244	287	24	1
244	288	24	1
249	288	24	1
247	289	24	1
248	289	24	1
249	289	24	1
231	264	25	1
231	268	25	1
238	270	25	1
234	271	25	2
238	272	25	1
238	273	25	1
230	274	25	1
236	275	25	1
238	275	25	1
236	276	25	1
231	277	25	1
232	277	25	1
233	277	25	2
234	278	25	1
238	278	25	1
232	279	25	1
240	279	25	1
247	279	25	1
232	280	25	1
233	280	25	1
239	280	25	3
245	280	25	1
231	281	25	1
235	281	25	1
248	281	25	1
249	281	25	1
235	282	25	1
234	283	25	1
235	283	25	1
238	283	25	1
239	283	25	1
247	283	25	1
249	283	25	2
233	284	25	1
234	284	25	2
250	284	25	1
232	285	25	1
234	285	25	1
239	285	25	1
240	285	25	1
244	285	25	1
232	286	25	1
234	286	25	1
241	286	25	1
242	286	25	1
243	286	25	3
254	286	25	1
223	287	25	1
238	287	25	1
239	288	25	1
250	288	25	2
251	288	25	1
234	289	25	2
237	289	25	1
250	289	25	1
225	290	25	1
235	290	25	1
237	290	25	1
238	290	25	2
243	290	25	1
244	290	25	1
246	290	25	1
249	290	25	1
226	291	25	1
235	291	25	2
240	291	25	1
241	291	25	1
242	291	25	2
246	291	25	1
227	292	25	1
239	292	25	1
240	293	25	1
243	293	25	1
247	294	25	4
241	295	25	1
238	296	25	1
239	296	25	2
242	296	25	2
247	296	25	1
227	300	25	1
238	300	25	1
176	259	26	1
231	264	26	1
232	265	26	1
234	265	26	1
235	267	26	1
235	268	26	1
236	268	26	2
241	268	26	1
235	270	26	1
237	270	26	1
230	272	26	1
231	273	26	2
233	274	26	1
237	275	26	1
239	275	26	1
248	275	26	1
250	275	26	1
207	276	26	1
231	276	26	1
237	276	26	2
239	276	26	1
250	276	26	2
230	277	26	1
236	277	26	1
239	277	26	2
247	277	26	1
250	277	26	1
231	278	26	1
234	278	26	1
239	278	26	1
252	278	26	2
237	279	26	1
241	279	26	1
246	279	26	1
250	279	26	1
233	280	26	1
234	280	26	2
238	280	26	1
240	280	26	1
241	280	26	1
240	281	26	1
244	281	26	1
246	281	26	1
249	281	26	2
234	282	26	2
242	282	26	2
246	282	26	1
251	282	26	1
254	282	26	1
227	283	26	1
231	283	26	1
239	283	26	1
241	283	26	1
245	283	26	1
246	283	26	1
248	283	26	1
249	283	26	2
215	284	26	2
232	284	26	1
238	284	26	1
245	284	26	2
250	284	26	2
211	285	26	1
234	285	26	1
245	285	26	1
246	285	26	1
253	285	26	1
254	285	26	1
225	286	26	1
234	286	26	1
235	286	26	1
237	286	26	1
243	286	26	2
251	286	26	2
253	286	26	1
228	287	26	2
248	287	26	2
249	287	26	1
251	287	26	2
253	287	26	1
232	288	26	1
235	288	26	1
245	288	26	1
222	289	26	1
223	289	26	1
232	289	26	1
238	289	26	1
242	289	26	1
248	289	26	1
250	289	26	2
251	289	26	2
252	289	26	1
228	290	26	3
233	290	26	1
236	290	26	1
238	290	26	1
242	290	26	1
244	290	26	2
232	291	26	2
237	291	26	1
239	291	26	1
244	291	26	1
246	291	26	1
237	292	26	1
242	292	26	1
244	292	26	1
246	292	26	2
247	292	26	1
250	292	26	2
252	292	26	1
254	292	26	1
234	293	26	3
237	293	26	1
238	293	26	1
239	294	26	1
245	294	26	3
249	294	26	3
222	295	26	1
234	295	26	1
239	295	26	1
244	295	26	1
248	295	26	1
241	296	26	1
243	296	26	2
240	297	26	2
236	298	26	1
240	298	26	1
236	299	26	1
239	299	26	2
225	300	26	1
235	301	26	2
182	255	27	1
186	257	27	1
183	258	27	1
180	259	27	1
183	259	27	1
229	259	27	1
184	260	27	1
186	260	27	1
227	260	27	1
235	260	27	1
181	261	27	1
182	261	27	1
185	261	27	2
220	261	27	1
229	261	27	1
232	261	27	1
235	261	27	2
236	261	27	1
180	262	27	1
184	262	27	1
227	262	27	1
236	262	27	1
210	263	27	1
211	263	27	1
215	263	27	1
180	264	27	1
222	264	27	1
237	264	27	1
238	264	27	1
239	264	27	1
240	264	27	1
248	264	27	1
212	265	27	1
233	265	27	2
234	265	27	1
236	265	27	1
237	265	27	2
239	265	27	1
180	266	27	1
216	266	27	1
219	266	27	3
221	266	27	1
226	266	27	1
230	266	27	1
231	266	27	1
232	266	27	2
235	266	27	1
239	266	27	1
226	267	27	2
229	267	27	1
231	267	27	1
232	267	27	2
233	267	27	2
179	268	27	1
180	268	27	1
216	268	27	1
227	268	27	2
229	268	27	1
233	268	27	1
234	268	27	1
235	268	27	1
238	268	27	1
241	268	27	2
247	268	27	1
179	269	27	2
180	269	27	2
201	269	27	2
205	269	27	1
213	269	27	1
231	269	27	2
235	269	27	1
237	269	27	1
239	269	27	1
178	270	27	1
192	270	27	1
226	270	27	1
231	270	27	1
232	270	27	1
239	270	27	1
242	270	27	1
248	270	27	1
250	270	27	2
177	271	27	2
178	271	27	1
180	271	27	1
210	271	27	1
222	271	27	2
232	271	27	1
233	271	27	2
234	271	27	1
237	271	27	1
238	271	27	1
239	271	27	1
242	271	27	2
243	271	27	1
249	271	27	3
250	271	27	1
204	272	27	1
206	272	27	1
220	272	27	1
230	272	27	1
231	272	27	2
234	272	27	1
236	272	27	1
241	272	27	1
247	272	27	1
206	273	27	2
207	273	27	1
210	273	27	1
212	273	27	1
215	273	27	2
223	273	27	1
231	273	27	1
232	273	27	1
235	273	27	1
239	273	27	1
246	273	27	1
248	273	27	1
249	273	27	2
251	273	27	2
177	274	27	1
178	274	27	2
212	274	27	1
226	274	27	1
227	274	27	1
230	274	27	1
231	274	27	1
232	274	27	2
239	274	27	1
243	274	27	1
247	274	27	3
250	274	27	1
254	274	27	1
185	275	27	1
205	275	27	2
208	275	27	1
211	275	27	1
212	275	27	1
214	275	27	2
216	275	27	1
230	275	27	3
239	275	27	1
240	275	27	1
247	275	27	1
249	275	27	1
250	275	27	2
252	275	27	1
177	276	27	1
208	276	27	1
210	276	27	2
211	276	27	1
214	276	27	1
238	276	27	2
245	276	27	1
250	276	27	1
252	276	27	1
211	277	27	1
212	277	27	1
213	277	27	1
218	277	27	1
227	277	27	1
231	277	27	1
232	277	27	1
233	277	27	1
235	277	27	1
236	277	27	2
238	277	27	1
244	277	27	1
250	277	27	1
206	278	27	1
208	278	27	1
213	278	27	1
221	278	27	1
230	278	27	1
231	278	27	1
235	278	27	1
208	279	27	1
220	279	27	1
230	279	27	1
231	279	27	1
232	279	27	1
238	279	27	1
240	279	27	1
246	279	27	1
248	279	27	1
249	279	27	2
251	279	27	2
252	279	27	1
206	280	27	1
210	280	27	1
238	280	27	1
241	280	27	1
243	280	27	1
246	280	27	1
249	280	27	1
250	280	27	1
252	280	27	1
239	281	27	1
246	281	27	1
252	281	27	1
210	282	27	1
212	282	27	1
215	282	27	1
238	282	27	2
240	282	27	1
241	282	27	1
247	282	27	1
252	282	27	1
206	283	27	1
209	283	27	1
216	283	27	1
218	283	27	1
227	283	27	1
236	283	27	1
239	283	27	1
242	283	27	1
255	283	27	1
256	283	27	1
206	284	27	1
208	284	27	1
209	284	27	1
210	284	27	2
213	284	27	1
215	284	27	1
230	284	27	1
235	284	27	1
240	284	27	1
251	284	27	1
255	284	27	1
256	284	27	1
200	285	27	1
204	285	27	1
208	285	27	1
233	285	27	1
236	285	27	1
240	285	27	1
245	285	27	1
253	285	27	1
204	286	27	1
207	286	27	1
211	286	27	1
212	286	27	1
214	286	27	2
219	286	27	1
220	286	27	1
225	286	27	1
232	286	27	1
235	286	27	2
237	286	27	1
239	286	27	1
241	286	27	1
248	286	27	1
255	286	27	1
210	287	27	1
219	287	27	1
230	287	27	1
231	287	27	1
233	287	27	1
239	287	27	1
240	287	27	2
251	287	27	1
252	287	27	1
256	287	27	1
211	288	27	1
214	288	27	1
223	288	27	3
225	288	27	1
226	288	27	1
229	288	27	1
235	288	27	1
240	288	27	1
242	288	27	1
243	288	27	2
244	288	27	1
245	288	27	1
246	288	27	1
249	288	27	1
250	288	27	1
222	289	27	1
223	289	27	1
226	289	27	2
234	289	27	1
235	289	27	2
242	289	27	1
246	289	27	1
249	289	27	1
214	290	27	1
227	290	27	1
230	290	27	1
237	290	27	1
243	290	27	1
244	290	27	1
250	290	27	1
251	290	27	1
227	291	27	1
236	291	27	1
237	291	27	1
238	291	27	1
239	291	27	1
241	291	27	1
243	291	27	1
246	291	27	1
247	291	27	1
248	291	27	1
252	291	27	1
213	292	27	1
218	292	27	2
221	292	27	1
223	292	27	1
226	292	27	1
228	292	27	1
234	292	27	1
238	292	27	2
239	292	27	1
241	292	27	2
244	292	27	1
248	292	27	1
249	292	27	1
250	292	27	1
251	292	27	1
254	292	27	1
218	293	27	1
220	293	27	1
222	293	27	1
223	293	27	1
225	293	27	1
229	293	27	1
242	293	27	2
247	293	27	1
248	293	27	1
211	294	27	1
217	294	27	1
219	294	27	1
231	294	27	1
235	294	27	1
236	294	27	1
251	294	27	1
253	294	27	1
255	294	27	1
211	295	27	1
218	295	27	1
221	295	27	1
223	295	27	2
226	295	27	1
243	295	27	1
244	295	27	1
246	295	27	1
252	295	27	2
255	295	27	1
211	296	27	2
220	296	27	1
221	296	27	1
236	296	27	1
239	296	27	1
245	296	27	1
246	296	27	1
247	296	27	1
217	297	27	1
251	297	27	2
252	297	27	1
253	297	27	2
221	298	27	1
223	298	27	1
236	298	27	1
243	298	27	1
245	298	27	1
248	298	27	1
215	299	27	1
229	299	27	2
239	299	27	1
240	299	27	1
242	299	27	1
246	299	27	1
248	299	27	1
226	300	27	1
227	300	27	1
228	300	27	1
231	300	27	1
236	300	27	1
239	300	27	1
240	300	27	1
241	300	27	2
244	300	27	1
247	300	27	2
234	301	27	1
235	301	27	1
247	301	27	3
251	301	27	1
226	302	27	1
235	302	27	1
239	302	27	1
244	302	27	2
245	302	27	1
241	303	27	1
236	304	27	1
237	304	27	2
244	304	27	1
230	262	28	1
231	264	28	1
231	266	28	1
231	267	28	1
236	267	28	1
236	268	28	1
237	269	28	1
237	271	28	1
233	272	28	2
236	272	28	1
250	272	28	1
214	274	28	1
234	274	28	1
235	274	28	1
249	275	28	3
235	276	28	1
237	276	28	3
235	277	28	1
238	277	28	1
237	278	28	2
248	279	28	1
235	280	28	1
239	280	28	1
235	281	28	1
248	281	28	1
246	282	28	1
249	283	28	1
254	283	28	2
246	284	28	2
250	284	28	2
254	284	28	1
247	286	28	1
249	286	28	2
224	288	28	1
227	289	28	1
228	289	28	1
231	289	28	3
247	289	28	1
248	289	28	2
249	289	28	1
226	290	28	1
237	290	28	1
240	290	28	1
237	291	28	1
241	292	28	1
242	292	28	1
245	292	28	2
243	293	28	1
249	293	28	2
250	293	28	1
241	294	28	1
251	294	28	1
240	295	28	2
245	295	28	1
239	297	28	1
240	298	28	1
225	300	28	1
229	255	29	1
233	256	29	1
235	256	29	1
237	258	29	1
230	259	29	1
240	260	29	2
227	261	29	1
230	261	29	1
227	262	29	1
248	262	29	1
222	263	29	1
231	263	29	1
248	263	29	1
224	264	29	2
226	264	29	1
238	264	29	1
245	264	29	1
233	265	29	1
234	265	29	1
235	265	29	1
238	265	29	2
230	266	29	2
232	266	29	1
248	266	29	1
193	267	29	2
199	267	29	2
232	267	29	1
241	267	29	1
236	268	29	2
238	268	29	1
180	269	29	1
204	269	29	1
234	269	29	1
237	269	29	1
200	270	29	1
227	270	29	1
230	270	29	1
237	270	29	1
173	271	29	1
182	271	29	2
233	271	29	1
232	272	29	1
233	272	29	1
239	272	29	1
241	272	29	1
249	272	29	2
251	272	29	1
207	273	29	1
211	273	29	2
212	273	29	1
225	273	29	2
250	273	29	1
233	274	29	2
234	274	29	1
235	274	29	1
238	274	29	1
247	274	29	1
250	274	29	1
206	275	29	1
215	275	29	1
231	275	29	1
232	275	29	1
237	275	29	1
240	275	29	1
241	275	29	1
204	276	29	1
205	276	29	1
228	276	29	1
236	276	29	1
238	276	29	1
252	276	29	1
236	277	29	1
208	278	29	1
236	278	29	2
237	278	29	1
244	278	29	1
245	278	29	1
247	278	29	1
250	278	29	1
206	279	29	1
234	279	29	1
236	279	29	1
248	279	29	1
249	279	29	2
252	279	29	1
235	280	29	1
236	280	29	1
245	280	29	1
250	280	29	1
252	280	29	1
254	280	29	2
237	281	29	1
238	281	29	1
243	281	29	1
249	281	29	1
212	282	29	3
213	282	29	1
242	282	29	3
244	282	29	1
215	283	29	1
238	283	29	1
245	283	29	1
250	283	29	1
235	284	29	1
246	284	29	2
249	284	29	2
255	284	29	1
256	284	29	1
238	285	29	1
247	285	29	1
250	285	29	1
253	285	29	1
234	286	29	1
236	286	29	1
241	286	29	1
243	286	29	1
233	287	29	2
236	287	29	1
244	287	29	1
245	287	29	1
247	287	29	2
240	288	29	1
242	288	29	1
243	288	29	1
244	288	29	1
227	289	29	1
234	289	29	1
235	289	29	1
244	289	29	2
247	289	29	1
250	289	29	1
222	290	29	1
228	290	29	2
238	290	29	2
242	290	29	1
245	290	29	1
224	291	29	1
226	291	29	1
238	291	29	1
239	291	29	1
249	291	29	1
237	292	29	1
242	292	29	1
243	292	29	1
242	293	29	1
246	293	29	2
248	293	29	1
252	293	29	1
221	294	29	3
238	294	29	1
241	294	29	1
245	294	29	1
251	294	29	1
244	295	29	2
247	295	29	1
246	296	29	1
255	296	29	1
243	297	29	1
245	297	29	1
247	297	29	2
248	297	29	1
219	298	29	1
224	298	29	1
226	298	29	1
247	298	29	1
249	298	29	2
227	299	29	1
237	299	29	1
241	299	29	1
235	300	29	2
236	300	29	1
240	300	29	1
247	300	29	1
227	301	29	1
241	301	29	1
247	301	29	1
224	302	29	1
235	302	29	2
237	304	29	1
229	250	30	1
225	251	30	1
232	253	30	1
230	254	30	2
231	254	30	1
235	254	30	1
236	254	30	1
238	254	30	1
191	255	30	1
229	256	30	2
230	256	30	1
236	256	30	1
204	257	30	1
215	257	30	1
236	257	30	2
175	258	30	1
181	258	30	1
229	258	30	1
233	258	30	2
236	258	30	2
237	258	30	1
238	258	30	1
175	259	30	1
195	259	30	1
218	259	30	1
226	259	30	1
229	259	30	2
230	259	30	1
231	259	30	2
237	259	30	1
238	259	30	1
239	259	30	1
212	260	30	2
227	260	30	1
228	260	30	1
232	260	30	1
235	260	30	1
240	260	30	1
245	260	30	1
187	261	30	1
194	261	30	1
198	261	30	1
199	261	30	2
208	261	30	1
211	261	30	1
215	261	30	1
239	261	30	1
178	262	30	1
179	262	30	1
188	262	30	1
206	262	30	1
209	262	30	1
219	262	30	1
220	262	30	1
221	262	30	1
222	262	30	1
223	262	30	1
230	262	30	1
240	262	30	1
247	262	30	1
251	262	30	2
185	263	30	1
186	263	30	2
188	263	30	1
215	263	30	1
219	263	30	1
227	263	30	1
228	263	30	1
230	263	30	1
232	263	30	1
234	263	30	2
246	263	30	1
188	264	30	1
195	264	30	2
211	264	30	1
225	264	30	1
226	264	30	1
239	264	30	2
240	264	30	2
250	264	30	1
183	265	30	1
200	265	30	2
212	265	30	1
229	265	30	1
230	265	30	1
239	265	30	1
242	265	30	2
193	266	30	1
194	266	30	3
195	266	30	1
212	266	30	1
219	266	30	1
228	266	30	1
239.5	266.5	30.5	1
183	267	30	1
193	267	30	1
196	267	30	1
209	267	30	1
214	267	30	1
231	267	30	1
238	267	30	1
240	267	30	1
249	267	30	1
182	268	30	2
188	268	30	2
190	268	30	1
191	268	30	1
195	268	30	1
196	268	30	2
207	268	30	1
216	268	30	1
228	268	30	1
231	268	30	1
237	268	30	1
241	268	30	1
244	268	30	1
249	268	30	2
191	269	30	1
197	269	30	2
199	269	30	1
204	269	30	1
222	269	30	1
232	269	30	2
233	269	30	1
242	269	30	1
248	269	30	1
249	269	30	1
184	270	30	1
187	270	30	1
196	270	30	1
198	270	30	1
227	270	30	1
230	270	30	1
232	270	30	1
235	270	30	2
238	270	30	1
249	270	30	1
176	271	30	2
181	271	30	1
194	271	30	1
198	271	30	1
199	271	30	1
201	271	30	1
207	271	30	1
211	271	30	1
225	271	30	1
229	271	30	2
244	271	30	1
247	271	30	1
197	272	30	1
216	272	30	1
236	272	30	1
244	272	30	1
210	273	30	1
211	273	30	1
214	273	30	1
227	273	30	1
231	273	30	1
235	273	30	1
246	273	30	1
181	274	30	1
182	274	30	1
183	274	30	1
209	274	30	1
211	274	30	1
212	274	30	2
214	274	30	2
233	274	30	3
184	275	30	1
185	275	30	1
213	275	30	2
233	275	30	3
179	276	30	1
205	276	30	1
206	276	30	1
207	276	30	1
239	276	30	1
241	276	30	2
243	276	30	1
246	276	30	2
250	276	30	1
180	277	30	1
238	277	30	1
250	277	30	1
175	278	30	1
201	278	30	2
206	278	30	2
208	278	30	1
226	278	30	1
239	278	30	1
248	278	30	1
250	278	30	1
207	279	30	1
234	279	30	1
237	279	30	1
243	279	30	1
245	279	30	2
246	279	30	1
175	280	30	2
226	280	30	3
235	280	30	1
236	280	30	1
239	280	30	1
241	280	30	1
249	280	30	1
254	280	30	1
217	281	30	1
223	281	30	1
235	281	30	1
237	281	30	2
246	281	30	1
247	281	30	3
251	281	30	1
172	282	30	2
174	282	30	1
215	282	30	1
219	282	30	1
220	282	30	1
221	282	30	1
235	282	30	1
238	282	30	1
245	282	30	1
246	282	30	1
247	282	30	2
254	282	30	1
205	283	30	1
209	283	30	1
219	283	30	1
221	283	30	1
234	283	30	1
241	283	30	1
242	283	30	1
244	283	30	1
248	283	30	2
254	283	30	1
177	284	30	1
225	284	30	1
226	284	30	2
231	284	30	2
233	284	30	1
243	284	30	1
245	284	30	1
250	284	30	1
251	284	30	1
252	284	30	1
254	284	30	2
206	285	30	1
222.5	285.5	30.5	1
229	285	30	1
237	285	30	1
246	285	30	1
254	285	30	1
255	285	30	2
180	286	30	1
205	286	30	1
206	286	30	1
222	286	30	1
223	286	30	1
228	286	30	2
239	286	30	2
244	286	30	1
245	286	30	1
246	286	30	1
251	286	30	1
252	286	30	1
255	286	30	1
219	287	30	1
228	287	30	1
233	287	30	1
234	287	30	1
244	287	30	1
251	287	30	1
226	288	30	1
231	288	30	1
232	288	30	1
233	288	30	1
238	288	30	1
241	288	30	1
244	288	30	2
248	288	30	1
252	288	30	1
253	288	30	1
232	289	30	1
233	289	30	1
234	289	30	1
237	289	30	1
239	289	30	1
243	289	30	1
220	290	30	1
222	290	30	1
236	290	30	1
246	290	30	1
250	290	30	1
198	291	30	1
225	291	30	1
227	291	30	1
229	291	30	1
232	291	30	1
237	291	30	1
241	291	30	1
246	291	30	1
247	291	30	1
249	291	30	1
199	292	30	2
220	292	30	1
227	292	30	1
230	292	30	3
235	292	30	1
238	292	30	1
241	292	30	1
245	292	30	1
248	292	30	2
251	292	30	1
220	293	30	1
222	293	30	1
227	293	30	1
229	293	30	2
240	293	30	1
243	293	30	2
249	293	30	1
253	293	30	1
189	294	30	1
221	294	30	1
229	294	30	1
231	294	30	1
233	294	30	1
243	294	30	1
246	294	30	1
251	294	30	1
252	294	30	1
254	294	30	1
258	294	30	1
224	295	30	1
227	295	30	2
228	295	30	1
253	295	30	1
256	295	30	1
220	296	30	1
226	296	30	1
242	296	30	1
252	296	30	2
253	296	30	1
221	297	30	1
231	297	30	1
237	297	30	1
227	298	30	1
228	298	30	1
241	298	30	2
242	298	30	1
245	298	30	1
246	298	30	1
247	298	30	1
218	299	30	1
221	299	30	1
227	299	30	1
231	299	30	1
244	299	30	1
247	299	30	1
250	299	30	1
214	300	30	1
222	300	30	1
223	300	30	1
226	300	30	1
233	300	30	1
240	300	30	2
248	300	30	1
225	301	30	1
230	301	30	1
240	301	30	1
241	301	30	1
244	301	30	1
226	302	30	1
237	302	30	1
239	302	30	1
240	302	30	2
242	302	30	1
239	303	30	1
241	303	30	2
243	303	30	1
220	304	30	1
234	304	30	2
237	304	30	1
223	305	30	1
226	250	31	1
235	251	31	1
225	252	31	1
226	252	31	1
193	253	31	1
238	253	31	1
227	254	31	1
232	254	31	1
191	255	31	1
215	255	31	1
226	255	31	1
229	255	31	1
234	255	31	1
235	255	31	1
237	255	31	1
238	255	31	1
240	255	31	1
207	256	31	1
216	256	31	1
233	256	31	1
239	256	31	1
177	257	31	1
202	257	31	1
239	257	31	1
216	258	31	2
228	258	31	1
231	258	31	1
239	258	31	1
240	258	31	1
206	259	31	1
219	259	31	1
226	259	31	1
239	259	31	1
242	259	31	1
212	260	31	2
218	260	31	1
220	260	31	1
221	260	31	1
228	260	31	1
238	260	31	2
242	260	31	1
246	260	31	1
184	261	31	1
188	261	31	1
210	261	31	1
211	261	31	1
213	261	31	1
217	261	31	1
237	261	31	1
243	261	31	1
246	261	31	1
193	262	31	1
219	262	31	1
223	262	31	1
229	262	31	1
230	262	31	1
233	262	31	1
236	262	31	2
242	262	31	3
248	262	31	1
185	263	31	1
211	263	31	1
215	263	31	1
227	263	31	1
234	263	31	1
235	263	31	2
244	263	31	2
248	263	31	1
178	264	31	1
184	264	31	1
188	264	31	2
195	264	31	1
199	264	31	2
215	264	31	1
216	264	31	1
227	264	31	2
228	264	31	1
231	264	31	1
238	264	31	3
214	265	31	1
222	265	31	1
226	265	31	1
231	265	31	1
235	265	31	1
238	265	31	1
239	265	31	1
240	265	31	1
243	265	31	1
193	266	31	1
194	266	31	1
211	266	31	1
212	266	31	1
215	266	31	1
217	266	31	1
231	266	31	1
233	266	31	1
236	266	31	1
245	266	31	1
248	266	31	1
251	266	31	1
177	267	31	2
183	267	31	1
186	267	31	1
193	267	31	1
194	267	31	1
195	267	31	1
217	267	31	1
223	267	31	1
227	267	31	1
231	267	31	1
232	267	31	1
233	267	31	1
235	267	31	1
237	267	31	1
246	267	31	2
247	267	31	2
184	268	31	2
197	268	31	1
198	268	31	1
205	268	31	1
219	268	31	1
224	268	31	1
231	268	31	1
234	268	31	1
238	268	31	1
243	268	31	1
245	268	31	1
173	269	31	1
184	269	31	1
198	269	31	1
204	269	31	2
213	269	31	1
215	269	31	2
230	269	31	1
235	269	31	1
242	269	31	2
247	269	31	2
248	269	31	1
199	270	31	1
215	270	31	1
216	270	31	1
237	270	31	1
239	270	31	1
244	270	31	1
247	270	31	1
249	270	31	1
171	271	31	1
176	271	31	2
177	271	31	1
178	271	31	1
212	271	31	2
213	271	31	1
215	271	31	1
216	271	31	1
217	271	31	1
225	271	31	1
235	271	31	1
240	271	31	1
247	271	31	2
249	271	31	1
205	272	31	2
208	272	31	1
210	272	31	1
211	272	31	2
212	272	31	2
216	272	31	1
225	272	31	1
232	272	31	1
234	272	31	1
236	272	31	1
239	272	31	1
241	272	31	2
249	272	31	1
250	272	31	1
251	272	31	1
254	272	31	1
184	273	31	1
209	273	31	2
214	273	31	1
215	273	31	1
229	273	31	1
234	273	31	1
236	273	31	2
237	273	31	1
238	273	31	1
239	273	31	2
244	273	31	1
246	273	31	1
248	273	31	1
250	273	31	1
179	274	31	2
204	274	31	2
209	274	31	1
211	274	31	1
213	274	31	3
214	274	31	1
216	274	31	1
225	274	31	1
226	274	31	1
233	274	31	1
243	274	31	1
247	274	31	1
201	275	31	1
211	275	31	1
229	275	31	1
241	275	31	1
205	276	31	1
234	276	31	1
236	276	31	1
237	276	31	1
238	276	31	1
240	276	31	1
252	276	31	1
253	276	31	1
204	277	31	1
233	277	31	1
235	277	31	3
238	277	31	1
241	277	31	1
245	277	31	2
247	277	31	1
174	278	31	1
177	278	31	1
180	278	31	1
205	278	31	1
236	278	31	2
237	278	31	1
243	278	31	2
247	278	31	1
180	279	31	1
208	279	31	1
243	279	31	2
246	279	31	1
253	279	31	1
254	279	31	1
176	280	31	1
208	280	31	1
220	280	31	1
226	280	31	2
236	280	31	1
241	280	31	1
246	280	31	1
210	281	31	1
237	281	31	1
239	281	31	1
241	281	31	1
244	281	31	1
251	281	31	1
254	281	31	1
175	282	31	1
180	282	31	1
219	282	31	2
220	282	31	1
221	282	31	1
225	282	31	1
231	282	31	2
233	282	31	1
239	282	31	1
245	282	31	2
247	282	31	1
179	283	31	1
208	283	31	1
209	283	31	1
218	283	31	1
239	283	31	1
244	283	31	1
251	283	31	3
179	284	31	1
206	284	31	1
222	284	31	1
236	284	31	1
238	284	31	1
254	284	31	1
173	285	31	1
178	285	31	1
219	285	31	1
222	285	31	1
224	285	31	1
225	285	31	1
234	285	31	1
236	285	31	1
243	285	31	1
245	285	31	1
247	285	31	1
248	285	31	1
251	285	31	1
253	285	31	2
255	285	31	1
204	286	31	2
220	286	31	1
221	286	31	1
229	286	31	1
244	286	31	1
249	286	31	1
252	286	31	2
187	287	31	1
221	287	31	1
222	287	31	1
223	287	31	1
227	287	31	1
238	287	31	2
240	287	31	1
241	287	31	2
244	287	31	1
246	287	31	1
251	287	31	1
186	288	31	1
187	288	31	1
221	288	31	1
228	288	31	1
230	288	31	1
231	288	31	1
236	288	31	1
240.5	288.5	31.5	1
242	288	31	2
244	288	31	2
247	288	31	2
249	288	31	1
200	289	31	1
224	289	31	1
225	289	31	1
238	289	31	1
242	289	31	1
243	289	31	2
245	289	31	2
250	289	31	1
200	290	31	1
226	290	31	1
237	290	31	2
239	290	31	1
241	290	31	1
242	290	31	1
246	290	31	2
247	290	31	1
197	291	31	2
198	291	31	1
200	291	31	1
223	291	31	1
226	291	31	1
228	291	31	1
230	291	31	1
241	291	31	2
254	291	31	1
197	292	31	1
222	292	31	3
227	292	31	1
232	292	31	1
238	292	31	1
242	292	31	1
252	292	31	1
257	292	31	1
198	293	31	1
221	293	31	1
228	293	31	1
229	293	31	1
231	293	31	1
243	293	31	1
247	293	31	2
256	293	31	1
224	294	31	1
225	294	31	1
226	294	31	1
230	294	31	1
235	294	31	2
250	294	31	1
222	295	31	1
234	295	31	1
235	295	31	1
244	295	31	1
247	295	31	1
257	295	31	1
188	296	31	1
199	296	31	2
223	296	31	2
225	296	31	1
229	296	31	1
231	296	31	1
240	296	31	1
246	296	31	1
221	297	31	2
227	297	31	1
243	297	31	1
246	297	31	2
196	298	31	2
224	298	31	1
229	298	31	1
240	298	31	1
247	298	31	1
249	298	31	3
224	299	31	1
229	299	31	1
230	299	31	2
240	299	31	1
223	300	31	1
225	300	31	2
226	300	31	2
230	300	31	1
248	300	31	1
249	300	31	1
250	300	31	2
230	301	31	1
232	301	31	1
234	301	31	1
242	301	31	1
245	301	31	1
222	302	31	1
229	302	31	1
231	302	31	1
232	302	31	1
235	302	31	1
236	302	31	1
245	302	31	1
247	302	31	1
223	303	31	1
224	303	31	2
232	303	31	1
233	303	31	1
234	303	31	1
239	303	31	2
244	303	31	1
244	304	31	1
237	305	31	1
238	305	31	1
231	306	31	2
233	306	31	1
237	307	31	1
225	308	31	1
226	250	32	2
215	251	32	1
228	251	32	1
229	251	32	1
214	252	32	1
217	252	32	2
193	253	32	1
214	253	32	1
216	253	32	1
229	253	32	1
216	254	32	1
225	254	32	1
235	254	32	1
236	254	32	1
215	255	32	1
216	255	32	1
221	255	32	1
230	255	32	1
232	255	32	1
237	255	32	1
240	255	32	2
177	256	32	1
216	256	32	1
227	256	32	1
234	256	32	1
240	256	32	1
192	257	32	1
202	257	32	1
208	257	32	1
218	257	32	1
221	257	32	1
229	257	32	1
238	257	32	1
190	258	32	1
207	258	32	1
216	258	32	1
217	258	32	1
228	258	32	1
233	258	32	1
237	258	32	1
240	258	32	1
241	258	32	1
246	258	32	2
188	259	32	1
192	259	32	1
207	259	32	1
209	259	32	1
213	259	32	2
214	259	32	1
215	259	32	1
217	259	32	1
228	259	32	2
230	259	32	2
243	259	32	1
245	259	32	1
182	260	32	1
211	260	32	1
214	260	32	1
216	260	32	2
218	260	32	2
221	260	32	1
228	260	32	1
235	260	32	1
238	260	32	1
239	260	32	1
242	260	32	2
245	260	32	1
246	260	32	1
210	261	32	1
211	261	32	2
215	261	32	1
231	261	32	1
239	261	32	1
242	261	32	1
244	261	32	2
186	262	32	1
194	262	32	1
197	262	32	1
210	262	32	1
215.5	262.5	32.5	1
217	262	32	1
218	262	32	1
228	262	32	1
233	262	32	1
235	262	32	1
240	262	32	1
244	262	32	1
250	262	32	1
193	263	32	1
200	263	32	1
204	263	32	2
215	263	32	1
218	263	32	1
222	263	32	1
232	263	32	1
237	263	32	1
241	263	32	2
247	263	32	1
249	263	32	1
193	264	32	1
194	264	32	1
204	264	32	1
210	264	32	1
212	264	32	1
223	264	32	1
230	264	32	1
232	264	32	1
238	264	32	1
239	264	32	1
244	264	32	1
184	265	32	1
188	265	32	1
192	265	32	1
195	265	32	1
196	265	32	1
203	265	32	1
212	265	32	1
222	265	32	1
224	265	32	1
229	265	32	1
232	265	32	1
234	265	32	1
238	265	32	1
243	265	32	1
178	266	32	1
188	266	32	1
203	266	32	1
212	266	32	1
218	266	32	1
222	266	32	1
224	266	32	1
230	266	32	1
237	266	32	1
238	266	32	1
243	266	32	1
245	266	32	1
182	267	32	1
184	267	32	1
191	267	32	1
193	267	32	1
194	267	32	1
196	267	32	1
208	267	32	1
216	267	32	2
219	267	32	1
222	267	32	1
230	267	32	3
233	267	32	1
242	267	32	2
243	267	32	1
248	267	32	1
249	267	32	1
188	268	32	2
193	268	32	1
194	268	32	1
207	268	32	1
213	268	32	3
215	268	32	1
216	268	32	1
241	268	32	2
245	268	32	1
247	268	32	1
248	268	32	3
253	268	32	1
175	269	32	1
177	269	32	1
181	269	32	1
184	269	32	1
222	269	32	3
223	269	32	1
241	269	32	1
242	269	32	1
248	269	32	1
172	270	32	1
173	270	32	1
180	270	32	2
181	270	32	2
184	270	32	1
196	270	32	1
200	270	32	1
214	270	32	1
222	270	32	1
231	270	32	1
239	270	32	2
241	270	32	2
243	270	32	1
244	270	32	3
248	270	32	1
249	270	32	1
173	271	32	1
180	271	32	1
210	271	32	1
211	271	32	1
227	271	32	1
239	271	32	2
250	271	32	1
251	271	32	1
173	272	32	1
176	272	32	1
177	272	32	1
182	272	32	1
183	272	32	1
184	272	32	1
205	272	32	1
208	272	32	1
226	272	32	1
235	272	32	1
238	272	32	2
248	272	32	1
251	272	32	1
182	273	32	2
185	273	32	1
204	273	32	1
205	273	32	2
207	273	32	1
209	273	32	1
210	273	32	1
215	273	32	1
228	273	32	1
235	273	32	1
236	273	32	1
238	273	32	1
239	273	32	1
243	273	32	1
246	273	32	1
249	273	32	1
173	274	32	1
179	274	32	1
183	274	32	1
185	274	32	1
202	274	32	2
207	274	32	1
210	274	32	1
237	274	32	1
183	275	32	1
184	275	32	1
186	275	32	1
203	275	32	1
211	275	32	1
216	275	32	2
235	275	32	1
237	275	32	1
238	275	32	1
247	275	32	3
215	276	32	1
233	276	32	1
234	276	32	1
239	276	32	1
241	276	32	1
243	276	32	1
174	277	32	2
175	277	32	1
205	277	32	1
236	277	32	2
243	277	32	1
247	277	32	1
248	277	32	1
254	277	32	1
176	278	32	1
184	278	32	1
203	278	32	1
206	278	32	1
220	278	32	2
237	278	32	1
245	278	32	1
246	278	32	1
248	278	32	1
179	279	32	1
234	279	32	1
239	279	32	2
240	279	32	1
241	279	32	2
242	279	32	2
243	279	32	1
244	279	32	1
245	279	32	1
247	279	32	1
255	279	32	1
176	280	32	1
219	280	32	1
223	280	32	1
237	280	32	1
238	280	32	1
240	280	32	1
176	281	32	4
219	281	32	1
221	281	32	1
226	281	32	2
231	281	32	2
240	281	32	1
242	281	32	1
250	281	32	1
251	281	32	1
252	281	32	3
254	281	32	3
173	282	32	1
174	282	32	2
178	282	32	1
188	282	32	1
218	282	32	1
223	282	32	1
233	282	32	1
237	282	32	1
242	282	32	1
244	282	32	1
246	282	32	1
247	282	32	1
248	282	32	1
250	282	32	1
254	282	32	1
256	282	32	1
176	283	32	1
207	283	32	1
222	283	32	1
223	283	32	1
236	283	32	2
237	283	32	1
238	283	32	1
239	283	32	2
246	283	32	1
249	283	32	1
254	283	32	1
177	284	32	1
186	284	32	1
220	284	32	1
226	284	32	1
236	284	32	1
240	284	32	1
242	284	32	1
247	284	32	1
249	284	32	1
254	284	32	1
176	285	32	2
178	285	32	1
223	285	32	1
230	285	32	1
232	285	32	1
234	285	32	1
237	285	32	1
238	285	32	1
240	285	32	1
241	285	32	1
245	285	32	1
254	285	32	1
180	286	32	1
204	286	32	1
206	286	32	1
221	286	32	1
222	286	32	1
228	286	32	1
229	286	32	1
231	286	32	1
234	286	32	1
240	286	32	1
254	286	32	1
256	286	32	1
176	287	32	1
187	287	32	1
220	287	32	1
222	287	32	1
225	287	32	1
228	287	32	2
234	287	32	1
242	287	32	2
245	287	32	1
247	287	32	2
254	287	32	1
255	287	32	2
203	288	32	2
225	288	32	1
231	288	32	1
235	288	32	1
243	288	32	3
244	288	32	1
245	288	32	1
248	288	32	1
227	289	32	1
231	289	32	2
235	289	32	1
238	289	32	1
239	289	32	1
244	289	32	2
248	289	32	2
199	290	32	1
221	290	32	1
222	290	32	1
224	290	32	2
230	290	32	1
232	290	32	1
233	290	32	1
235	290	32	1
239	290	32	2
241	290	32	1
253	290	32	1
222	291	32	1
231	291	32	1
235	291	32	1
236	291	32	1
241	291	32	1
246	291	32	1
254	291	32	1
256	291	32	3
197	292	32	1
218	292	32	1
223	292	32	1
227	292	32	1
229	292	32	2
236.75	292.75	33	1
246	292	32	1
247	292	32	2
250	292	32	1
255	292	32	1
257	292	32	1
198	293	32	1
199	293	32	1
227	293	32	1
228	293	32	1
230	293	32	1
232	293	32	1
237	293	32	1
241	293	32	2
199	294	32	1
202	294	32	1
221	294	32	1
224	294	32	1
230	295	33	2
231	294	32	2
236	294	32	1
237	294	32	1
238	294	32	1
245	294	32	1
253	294	32	1
256	294	32	1
192	295	32	2
195	295	32	1
217	295	32	1
220	295	32	1
226	295	32	1
227	295	32	1
228	295	32	1
244	295	32	1
197	296	32	3
200	296	32	1
202	296	32	2
228	296	32	1
229	296	32	1
230	296	32	1
231	296	32	1
234	296	32	1
244	296	32	1
247	296	32	1
251	296	32	1
183	297	32	1
219	297	32	1
225	297	32	1
226	297	32	1
229	297	32	4
230	297	32	2
236	297	32	1
243	297	32	1
246	297	32	1
198	298	32	1
199	298	32	1
220	298	32	2
221	298	32	1
239	298	32	1
241	298	32	1
253	298	32	1
227	299	32	1
235	299	32	1
242	299	32	1
244	299	32	2
247	299	32	1
248	299	32	1
236	300	32	1
246	300	32	1
224	301	32	1
229	301	32	1
233	301	32	1
235	301	32	1
239	301	32	1
229	302	32	1
230	302	32	1
233	302	32	1
236	302	32	1
241	302	32	1
248	302	32	1
207	303	32	1
223	303	32	1
225	303	32	1
235	303	32	2
239	303	32	1
235	304	32	2
239	304	32	1
244	304	32	1
221	305	32	2
222	305	32	1
234	305	32	1
238	305	32	1
222	306	32	1
230	306	32	2
234	306	32	2
235	306	32	1
236	306	32	1
237	306	32	1
241	306	32	1
221	308	32	1
223	308	32	1
225	308	32	2
227	308	32	1
235	308	32	1
226	309	32	1
234	309	32	2
235	309	32	2
230	310	32	1
234	311	32	2
226	251	33	1
227	251	33	1
223	252	33	1
228	253	33	1
217	254	33	2
227	254	33	1
231	254	33	1
232	254	33	1
235	254	33	1
240	254	33	1
241	254	33	1
220	255	33	1
236	255	33	1
237	255	33	1
215	256	33	1
221	256	33	1
225	256	33	2
227	256	33	1
232	256	33	1
237	256	33	1
220	257	33	2
221	257	33	2
222	257	33	1
239	257	33	1
217	258	33	1
218	258	33	1
220	258	33	4
243	258	33	1
244	258	33	1
189	259	33	1
211	259	33	2
220	259	33	1
225	259	33	1
226	259	33	1
228	259	33	1
231	259	33	1
233	259	33	3
244	259	33	1
215	260	33	1
217	260	33	1
219	260	33	2
223	260	33	1
224	260	33	1
233	260	33	1
237	260	33	1
238	260	33	1
239	260	33	1
240	260	33	2
182	261	33	2
209	261	33	1
211	261	33	1
217.5	261.5	33.5	1
219	261	33	1
225	261	33	1
226	261	33	1
227	261	33	1
230	261	33	3
231	261	33	1
238	261	33	1
209	262	33	1
211	262	33	2
218	262	33	1
223	262	33	1
226	262	33	1
236	262	33	1
238	262	33	1
246	262	33	1
183	263	33	1
189	263	33	2
190	263	33	1
200	263	33	1
219	263	33	1
223	263	33	1
231	263	33	1
233	263	33	1
236	263	33	2
240	263	33	1
244	263	33	1
247	263	33	2
251	263	33	1
185	264	33	1
186	264	33	1
209	264	33	1
210	264	33	2
212	264	33	1
217	264	33	1
220	264	33	1
221	264	33	1
224	264	33	1
225	264	33	1
235	264	33	1
237	264	33	1
238	264	33	2
239	264	33	1
245	264	33	1
248	264	33	1
249	264	33	2
250	264	33	2
185	265	33	1
186	265	33	2
194	265	33	1
208	265	33	1
212	265	33	2
218	265	33	1
221	265	33	1
222	265	33	2
224	265	33	2
237	265	33	1
245	265	33	1
247	265	33	1
251	265	33	2
185	266	33	1
193	266	33	1
196	266	33	1
222	266	33	1
240	266	33	3
184	267	33	1
186	267	33	1
212	267	33	1
214	267	33	2
215	267	33	1
217	267	33	2
220	267	33	1
225	267	33	1
226	267	33	1
235	267	33	1
183	268	33	2
191	268	33	2
195	268	33	1
208	268	33	1
209	268	33	1
214	268	33	1
215	268	33	1
220	268	33	1
224	268	33	2
226	268	33	1
231	268	33	2
232	268	33	2
242	268	33	2
243	268	33	2
252	268	33	1
192	269	33	2
196	269	33	1
198	269	33	1
208	269	33	2
216	269	33	1
219	269	33	1
224	269	33	1
232	269	33	1
233	269	33	1
239	269	33	1
240	269	33	1
246	269	33	1
178	270	33	1
187	270	33	1
188	270	33	1
194	270	33	1
198	270	33	1
205	270	33	1
206	270	33	2
210	270	33	1
215	270	33	2
216	270	33	1
233	270	33	1
234	270	33	1
249	270	33	1
251	270	33	1
177	271	33	1
178	271	33	1
182	271	33	1
185	271	33	2
186	271	33	1
187	271	33	1
204	271	33	1
206	271	33	1
209	271	33	1
215	271	33	1
217	271	33	3
229	271	33	1
240	271	33	1
243	271	33	1
246	271	33	2
248	271	33	1
253	271	33	1
177	272	33	2
182	272	33	1
184	272	33	1
201	272	33	1
208	272	33	1
210	272	33	1
233	272	33	1
235	272	33	1
240	272	33	1
246	272	33	1
254	272	33	1
173	273	33	1
181	273	33	1
182	273	33	1
186	273	33	1
190	273	33	1
196	273	33	1
201	273	33	1
205	273	33	1
214	273	33	1
216	273	33	1
226	273	33	1
230	273	33	1
241	273	33	1
248	273	33	2
249	273	33	1
181	274	33	1
183	274	33	2
185	274	33	1
190	274	33	3
193	274	33	2
201	274	33	2
204	274	33	1
211	274	33	1
239	274	33	1
240	274	33	1
245	274	33	1
184	275	33	1
186	275	33	1
207	275	33	1
209	275	33	2
214	275	33	2
215	275	33	1
235	275	33	1
241	275	33	2
250	275	33	1
251	275	33	2
190	276	33	2
201	276	33	1
205	276	33	1
206	276	33	1
214	276	33	1
232	276	33	1
235	276	33	2
236	276	33	1
237	276	33	1
240	276	33	1
241	276	33	1
243	276	33	2
244	276	33	2
183	277	33	1
202	277	33	2
207	277	33	1
208	277	33	2
215	277	33	1
216	277	33	1
224	277	33	1
232	277	33	1
238	277	33	1
239	277	33	1
244	277	33	1
191	278	33	1
204	278	33	3
205	278	33	1
209	278	33	1
211	278	33	1
223	278	33	1
235	278	33	1
244	278	33	1
246	278	33	1
178	279	33	1
210	279	33	1
222	279	33	1
231	279	33	1
234	279	33	1
240	279	33	1
243	279	33	1
207	280	33	2
208	280	33	1
210	280	33	1
211	280	33	1
214	280	33	1
220	280	33	1
225	280	33	1
237	280	33	1
239	280	33	3
241	280	33	1
250	280	33	1
178	281	33	2
186	281	33	1
204	281	33	1
206	281	33	1
207	281	33	2
217	281	33	1
219	281	33	1
221	281	33	2
233	281	33	1
245	281	33	1
247	281	33	2
248	281	33	1
250	281	33	1
185	282	33	1
188	282	33	1
205	282	33	1
207	282	33	1
211	282	33	1
226	282	33	2
233	282	33	1
237	282	33	1
238	282	33	1
241	282	33	1
243	282	33	1
245	282	33	1
248	282	33	2
250	282	33	1
252	282	33	2
253	282	33	1
179	283	33	1
181	283	33	1
185	283	33	1
225	283	33	1
226	283	33	1
228	283	33	1
229	283	33	1
237	283	33	1
239	283	33	1
241	283	33	1
250	283	33	1
253	283	33	2
175	284	33	1
209	284	33	1
210	284	33	1
224	284	33	2
225	284	33	1
234	284	33	1
235	284	33	3
241	284	33	1
242	284	33	1
243	284	33	1
246	284	33	1
248	284	33	1
175	285	33	2
176	285	33	1
204	285	33	1
208	285	33	1
212	285	33	1
220	285	33	1
222	285	33	1
225	285	33	1
234	285	33	1
238	285	33	2
254	285	33	1
188	286	33	1
207	286	33	1
211	286	33	1
218	286	33	1
220	286	33	2
223	286	33	1
226	286	33	1
228	286	33	1
229	286	33	1
235	286	33	1
237	286	33	1
243	286	33	1
248	286	33	1
179	287	33	1
205	287	33	1
221	287	33	1
224	287	33	1
226	287	33	1
234	287	33	1
242	287	33	1
202	288	33	1
230	288	33	2
231	288	33	1
249	288	33	1
255	288	33	1
257	288	33	4
200	289	33	1
203	289	33	2
231	289	33	1
232	289	33	1
234	289	33	1
237	289	33	2
241.5	289.5	33.5	2
246	289	33	1
247	289	33	1
249	289	33	1
199	290	33	1
202	290	33	1
207	290	33	3
231	290	33	1
232	290	33	1
233	290	33	1
234	290	33	1
241	290	33	1
247	290	33	1
197	291	33	1
198	291	33	1
200	291	33	2
225	291	33	1
229	291	33	3
232	291	33	1
234	291	33	2
242	291	33	1
201	292	33	1
202	292	33	1
223	292	33	1
227	292	33	2
229	292	33	1
233	292	33	1
242	292	33	1
177	293	33	2
185	293	33	1
188	293	33	1
199	293	33	1
224	293	33	1
225	293	33	1
230	293	33	1
231	293	33	1
239	293	33	1
247	293	33	1
180	294	33	1
204	294	33	1
223	294	33	1
235	294	33	3
245	294	33	1
246	294	33	1
251	294	33	1
252	294	33	3
182	295	33	1
218	295	33	1
220	295	33	1
225	295	33	1
231	295	33	1
250	295	33	1
198	296	33	1
201	296	33	1
220	296	33	1
223	296	33	1
226	296	33	1
228	296	33	2
229	296	33	2
235	296	33	1
242	296	33	1
243	296	33	1
223	297	33	2
227	297	33	1
233	297	33	1
234	297	33	1
235	297	33	1
236	297	33	1
240	297	33	1
242	297	33	1
246	297	33	1
223	298	33	1
226	298	33	1
241	298	33	1
242	298	33	2
244	298	33	3
245	298	33	1
248	298	33	1
195	299	33	1
229	299	33	1
232	299	33	1
240	299	33	1
245	299	33	1
196	300	33	1
225	300	33	2
228	300	33	2
230	300	33	1
235	300	33	1
240	300	33	1
246	300	33	1
247	300	33	3
224	301	33	1
228	301	33	1
238	301	33	1
241	301	33	3
249	301	33	2
225	302	33	1
226	302	33	1
227	302	33	1
228	302	33	1
229	302	33	1
230	302	33	1
232	302	33	1
228	303	33	1
232	303	33	1
234	303	33	3
240	303	33	1
241	303	33	1
242	303	33	3
209	304	33	1
223	304	33	1
227	304	33	1
231	304	33	1
237	304	33	1
243	304	33	1
208	305	33	1
225	305	33	2
230	305	33	2
237	305	33	1
240	305	33	1
220	306	33	1
230	306	33	2
232	306	33	1
235	306	33	1
223	307	33	2
227	307	33	1
221	308	33	1
223	308	33	1
227	308	33	1
221	309	33	1
223	309	33	1
224	309	33	1
226	309	33	1
228	309	33	1
229	309	33	1
226	310	33	2
228	310	33	2
229	310	33	1
233	310	33	2
238	310	33	1
228	311	33	2
230	311	33	3
234	311	33	1
238	311	33	1
230	313	33	2
236	313	33	1
229	250	34	1
229	251	34	1
224	252	34	1
225	252	34	1
226	252	34	1
229	252	34	1
228	253	34	1
232	253	34	1
226	254	34	2
241	254	34	1
230	255	34	2
219	256	34	1
237	256	34	2
241	256	34	2
243	256	34	1
210	257	34	1
217	257	34	1
227	257	34	1
235	257	34	1
241	257	34	1
243	257	34	1
212	258	34	1
219	258	34	1
221	258	34	1
223	258	34	1
237	258	34	1
239	258	34	2
244	258	34	1
189	259	34	1
211	259	34	2
216	259	34	1
227	259	34	1
232	259	34	1
234	259	34	1
237	259	34	1
214	260	34	1
219	260	34	1
221	260	34	1
223	260	34	1
228	260	34	1
243	260	34	1
188	261	34	1
204	261	34	1
214	261	34	2
216	261	34	2
217	261	34	1
226	261	34	1
231	261	34	1
235	261	34	1
192	262	34	2
193	262	34	1
250	262	34	1
207	263	34	1
210	263	34	2
216	263	34	1
218	263	34	1
220	263	34	1
231	263	34	1
234	263	34	1
235	263	34	1
237	263	34	1
239	263	34	2
244	263	34	1
248	263	34	1
250	263	34	1
187	264	34	1
188	264	34	1
194	264	34	1
200	264	34	2
213	264	34	1
214	264	34	1
227	264	34	2
235	264	34	1
239	264	34	1
243	264	34	1
244	264	34	1
247	264	34	2
187	265	34	2
194	265	34	1
204	265	34	1
211	265	34	2
218	265	34	1
222	265	34	1
228	265	34	1
229	265	34	2
241	265	34	1
243	265	34	1
248	265	34	1
250	265	34	1
251	265	34	2
197	266	34	1
208	266	34	1
210	266	34	1
211	266	34	1
214	266	34	1
220	266	34	1
227	266	34	1
228	266	34	1
229	266	34	1
235	266	34	1
237	266	34	1
238	266	34	1
241	266	34	2
244	266	34	1
249	266	34	1
252	266	34	1
182	267	34	2
189	267	34	1
193	267	34	1
194	267	34	2
197	267	34	1
215	267	34	2
225	267	34	1
228	267	34	1
245	267	34	1
246	267	34	2
249	267	34	1
188	268	34	1
189	268	34	1
193	268	34	1
207	268	34	1
218	268	34	1
240	268	34	1
244	268	34	1
249	268	34	1
250	268	34	1
183	269	34	1
189	269	34	1
194	269	34	1
209	269	34	1
210	269	34	1
212	269	34	1
215	269	34	1
218	269	34	2
220	269	34	2
234	269	34	1
236	269	34	1
243	269	34	2
252	269	34	1
175	270	34	1
179	270	34	1
183	270	34	2
189	270	34	1
192	270	34	2
194	270	34	1
196	270	34	1
199	270	34	1
200	270	34	1
203	270	34	1
205	270	34	2
206	270	34	2
216	270	34	1
218	270	34	2
231	270	34	1
240	270	34	1
246	270	34	1
248	270	34	1
175	271	34	1
189	271	34	1
201	271	34	1
205	271	34	1
206	271	34	1
210	271	34	1
211	271	34	1
213	271	34	1
214	271	34	1
235	271	34	2
239	271	34	1
242	271	34	1
244	271	34	1
246	271	34	1
247	271	34	1
249	271	34	1
173	272	34	1
176	272	34	2
179	272	34	2
190	272	34	1
211	272	34	1
212	272	34	2
228	272	34	1
232	272	34	2
236	272	34	1
237	272	34	1
238	272	34	1
240	272	34	1
247	272	34	1
184	273	34	1
201	273	34	1
203	273	34	1
205	273	34	1
209	273	34	3
212	273	34	1
218	273	34	1
233	273	34	1
243	273	34	1
249	273	34	1
178	274	34	2
179	274	34	1
180	274	34	1
185	274	34	1
196	274	34	1
206	274	34	1
211	274	34	1
212	274	34	2
217	274	34	1
229	274	34	1
231	274	34	1
179	275	34	2
183	275	34	1
184	275	34	1
203	275	34	4
206	275	34	1
217	275	34	1
239	275	34	2
245	275	34	1
246	275	34	1
208	276	34	1
209	276	34	1
210	276	34	1
237	276	34	1
241	276	34	1
242	276	34	1
176	277	34	1
206	277	34	2
207	277	34	1
211	277	34	1
212	277	34	1
215	277	34	2
234	277	34	2
245	277	34	1
178	278	34	1
188	278	34	1
190	278	34	1
201	278	34	1
203	278	34	1
211	278	34	1
234	278	34	1
244	278	34	1
174	279	34	1
175	279	34	2
181	279	34	1
214	279	34	1
227	279	34	1
237	279	34	2
238	279	34	1
175	280	34	1
176	280	34	1
192	280	34	1
193	280	34	2
208	280	34	2
212	280	34	1
235	280	34	2
242	280	34	1
246	280	34	3
248	280	34	1
176	281	34	2
189	281	34	1
203	281	34	1
205	281	34	1
207	281	34	1
209	281	34	1
210	281	34	1
227	281	34	2
229	281	34	1
232	281	34	1
237	281	34	1
241	281	34	1
245	281	34	2
178	282	34	2
179	282	34	2
182	282	34	1
188	282	34	1
190	282	34	2
204	282	34	1
210	282	34	1
211	282	34	1
212	282	34	1
218	282	34	2
222	282	34	1
223	282	34	1
224	282	34	1
229	282	34	1
234	282	34	2
240	282	34	1
249	282	34	1
176	283	34	1
181	283	34	1
187	283	34	1
204	283	34	1
207	283	34	1
208	283	34	1
209	283	34	1
215	283	34	1
223	283	34	2
227	283	34	2
228	283	34	1
231	283	34	1
232	283	34	3
234	283	34	1
239	283	34	1
245	283	34	1
251	283	34	2
176	284	34	1
177	284	34	2
178	284	34	1
207	284	34	1
208	284	34	1
209	284	34	1
212	284	34	2
219	284	34	1
231	284	34	2
236	284	34	1
238	284	34	1
249	284	34	1
203	285	34	1
206	285	34	1
220	285	34	1
246	285	34	2
247	285	34	1
248	285	34	1
187	286	34	1
199	286	34	1
204	286	34	1
208	286	34	1
218	286	34	2
223	286	34	2
224	286	34	1
226	286	34	1
234	286	34	1
240	286	34	1
243	286	34	1
248	286	34	1
254	286	34	1
190	287	34	1
199	287	34	1
207	287	34	1
209	287	34	1
221	287	34	1
222	287	34	1
233	287	34	1
238	287	34	1
241	287	34	2
245	287	34	1
176	288	34	1
184	288	34	1
185	288	34	1
190	288	34	1
201	288	34	2
204	288	34	1
206	288	34	1
220	288	34	1
224	288	34	2
226	288	34	1
229	288	34	1
238	288	34	1
239	288	34	1
247	288	34	1
249	288	34	1
175	289	34	2
184	289	34	1
198	289	34	1
200	289	34	1
226	289	34	1
230	289	34	1
233	289	34	1
235	289	34	1
246	289	34	2
248	289	34	2
198	290	34	2
203	290	34	2
222	290	34	1
224	290	34	1
229	290	34	1
230	290	34	1
233	290	34	1
235	290	34	3
237	290	34	1
239	290	34	1
240	290	34	1
243	290	34	1
244	290	34	2
247	290	34	1
222	291	34	1
242	291	34	1
244	291	34	2
246	291	34	1
187	292	34	1
196	292	34	1
200	292	34	2
201	292	34	1
202	292	34	1
222	292	34	2
223	292	34	1
232	292	34	2
234	292	34	1
238	292	34	1
243	292	34	1
188	293	34	1
194	293	34	1
197	293	34	1
201	293	34	1
225	293	34	3
227	293	34	1
233	293	34	1
235	293	34	1
237	293	34	1
241	293	34	1
242	293	34	2
243	293	34	1
247	293	34	1
248	293	34	1
182	294	34	1
198	294	34	1
201	294	34	1
217	294	34	1
229	294	34	1
235	294	34	1
236	294	34	1
196	295	34	1
198	295	34	2
222	295	34	1
225	295	34	1
182	296	34	1
191	296	34	1
199	296	34	1
201	296	34	1
202	296	34	2
217	296	34	1
222	296	34	1
223	296	34	1
225	296	34	1
228	296	34	2
234	296	34	3
237	296	34	1
238	296	34	1
240	296	34	1
242	296	34	1
194	297	34	2
200	297	34	2
202	297	34	1
203	297	34	1
221	297	34	2
231	297	34	1
233	297	34	1
237	297	34	1
239	297	34	1
182	298	34	1
194	298	34	3
220	298	34	1
224	298	34	1
244	298	34	1
245	298	34	1
246	298	34	1
248	298	34	1
180	299	34	3
182	299	34	1
198	299	34	2
199	299	34	1
224	299	34	1
227	299	34	1
228	299	34	1
229	299	34	1
236	299	34	2
242	299	34	1
247	299	34	1
226	300	34	1
229	300	34	2
237	300	34	2
241	300	34	3
207	301	34	1
224	301	34	1
227	301	34	1
232	301	34	1
236	301	34	2
243	301	34	1
244	301	34	2
246	301	34	3
237	302	34	1
242	302	34	1
225	303	34	1
235	303	34	1
243	303	34	1
244	303	34	2
226	304	34	2
230	304	34	1
232	304	34	1
236	304	34	1
237	304	34	1
240	304	34	1
241	304	34	1
204	305	34	1
227	305	34	1
228	305	34	1
230	305	34	1
237	305	34	1
203	306	34	2
222	306	34	1
230	306	34	1
233	306	34	1
238	306	34	2
201	307	34	1
206	307	34	1
224	307	34	2
226	307	34	1
235	307	34	1
243	307	34	1
237	308	34	1
239	308	34	3
242	308	34	1
223	309	34	2
228	309	34	1
234	309	34	1
237	309	34	1
222	310	34	2
224	310	34	1
228	310	34	3
234	310	34	1
237	310	34	1
240	310	34	1
241	310	34	1
218	311	34	1
228	311	34	1
230	311	34	1
235	311	34	1
236	311	34	1
224	312	34	1
226	312	34	3
228	312	34	1
229	312	34	1
235	312	34	1
226	313	34	1
232	313	34	2
235	313	34	1
225	314	34	1
227	315	34	1
228	315	34	1
230	315	34	1
233	315	34	1
226	316	34	2
233	316	34	1
228	250	35	1
224	251	35	2
226	252	35	1
229	252	35	1
225	253	35	1
226	253	35	2
221	254	35	1
230	254	35	1
231	254	35	1
235	254	35	1
218	255	35	1
219	255	35	1
221	255	35	1
222	255	35	1
224	255	35	1
216	256	35	1
221	256	35	1
226	256	35	1
229	256	35	1
230	256	35	1
240	256	35	2
241	256	35	1
243	256	35	1
210	257	35	1
223	257	35	1
225	257	35	1
227	257	35	1
230	257	35	1
239	257	35	1
226	258	35	1
229	258	35	1
235	258	35	1
182	259	35	1
201	259	35	1
211	259	35	1
215	259	35	1
217	259	35	1
218	259	35	1
220	259	35	3
222	259	35	2
225	259	35	1
227	259	35	1
228	259	35	1
231	259	35	3
234	259	35	1
241	259	35	1
212	260	35	2
221	260	35	1
223	260	35	2
228	260	35	2
229	260	35	1
231	260	35	1
233	260	35	2
237	260	35	1
243	260	35	1
189	261	35	1
193	261	35	2
194	261	35	1
212	261	35	1
213	261	35	1
215	261	35	1
219	261	35	1
228	261	35	1
231	261	35	2
235	261	35	1
237	261	35	1
241	261	35	1
244	261	35	1
189	262	35	1
190	262	35	1
193	262	35	1
208	262	35	1
210	262	35	2
228	262	35	1
237	262	35	1
238	262	35	1
191	263	35	1
209	263	35	1
210	263	35	1
211	263	35	1
212	263	35	1
218	263	35	1
220	263	35	1
231	263	35	1
233	263	35	2
234	263	35	1
246	263	35	1
247	263	35	1
249	263	35	2
188	264	35	1
211	264	35	1
214	264	35	1
217	264	35	1
221	264	35	2
223	264	35	1
232	264	35	1
234	264	35	1
237	264	35	2
243	264	35	1
245	264	35	1
248	264	35	1
178	265	35	1
184	265	35	1
187	265	35	2
200	265	35	2
202	265	35	1
205	265	35	1
207	265	35	2
211	265	35	1
213	265	35	1
216	265	35	1
220	265	35	1
222	265	35	1
224	265	35	1
228	265	35	1
238	265	35	1
241	265	35	1
242	265	35	2
245	265	35	1
183	266	35	1
191	266	35	2
194	266	35	1
204	266	35	1
205	266	35	1
206	266	35	1
208	266	35	1
210	266	35	2
219	266	35	1
228	266	35	3
239	266	35	1
243	266	35	1
250	266	35	2
176	267	35	1
184	267	35	1
188	267	35	1
191	267	35	1
192	267	35	1
194	267	35	2
196	267	35	1
209	267	35	1
216	267	35	1
217	267	35	1
218	267	35	1
225	267	35	1
228	267	35	1
229	267	35	1
233	267	35	3
235	267	35	1
247	267	35	1
248	267	35	1
186	268	35	1
187	268	35	2
195	268	35	1
196	268	35	1
205	268	35	1
209	268	35	1
216	268	35	1
217	268	35	1
222	268	35	2
223	268	35	2
238	268	35	1
239	268	35	1
241	268	35	1
242	268	35	1
249	268	35	1
172	269	35	2
180	269	35	1
185	269	35	1
194	269	35	2
201	269	35	1
213	269	35	2
217	269	35	2
218	269	35	2
222	269	35	1
224	269	35	1
232	269	35	1
234	269	35	2
235	269	35	1
244	269	35	2
245	269	35	1
247	269	35	1
172	270	35	1
178	270	35	1
179	270	35	1
191	270	35	1
193	270	35	1
210	270	35	2
218	270	35	2
227	270	35	1
231	270	35	1
243	270	35	1
247	270	35	1
171	271	35	1
173	271	35	1
177	271	35	1
187	271	35	1
192	271	35	1
193	271	35	1
194	271	35	1
198	271	35	2
205	271	35	1
210	271	35	1
216	271	35	1
217	271	35	1
231	271	35	1
234	271	35	1
236	271	35	1
245	271	35	1
249	271	35	2
173	272	35	1
176	272	35	1
180	272	35	1
205	272	35	1
208	272	35	1
210	272	35	1
211	272	35	2
232	272	35	2
233	272	35	1
235	272	35	1
239	272	35	1
182	273	35	1
185	273	35	1
206	273	35	2
217	273	35	1
218	273	35	2
235	273	35	1
238	273	35	1
250	273	35	1
178	274	35	1
186	274	35	1
187	274	35	1
202	274	35	1
203	274	35	1
207	274	35	1
210	274	35	2
211	274	35	1
218	274	35	1
228	274	35	1
232	274	35	1
236	274	35	1
238	274	35	1
239	274	35	2
241	274	35	1
210	275	35	1
213	275	35	1
218	275	35	1
225	275	35	1
239	275	35	1
245	275	35	1
175	276	35	2
186	276	35	2
187	276	35	1
188	276	35	1
204	276	35	3
209	276	35	1
212	276	35	1
217	276	35	1
220	276	35	1
232	276	35	2
239	276	35	1
242	276	35	1
176	277	35	1
182	277	35	2
187	277	35	1
202	277	35	1
218	277	35	1
219	277	35	1
224	277	35	1
229	277	35	1
234	277	35	1
235	277	35	2
237	277	35	1
175	278	35	1
176	278	35	2
183	278	35	1
187	278	35	1
190	278	35	1
198	278	35	1
205	278	35	1
225	278	35	1
227	278	35	1
229	278	35	1
230	278	35	1
243	278	35	1
245	278	35	1
247	278	35	1
172	279	35	1
184	279	35	1
190	279	35	1
195	279	35	1
204	279	35	1
211	279	35	3
212	279	35	1
222	279	35	1
227	279	35	3
236	279	35	1
245	279	35	1
246	279	35	1
179	280	35	1
189	280	35	2
190	280	35	1
194	280	35	1
210	280	35	1
217	280	35	1
219	280	35	1
221	280	35	1
238	280	35	1
245	280	35	2
248	280	35	1
173	281	35	2
179	281	35	1
203	281	35	1
208	281	35	1
214	281	35	1
216	281	35	1
221	281	35	1
223	281	35	1
248	281	35	1
189	282	35	1
203	282	35	1
205	282	35	1
215	282	35	1
221	282	35	1
223	282	35	1
227	282	35	1
231	282	35	2
233	282	35	1
242	282	35	1
171	283	35	1
180	283	35	1
181	283	35	1
183	283	35	1
187	283	35	1
205	283	35	1
209	283	35	1
214	283	35	1
216	283	35	1
223	283	35	1
229	283	35	1
238	283	35	2
245	283	35	2
246	283	35	1
177	284	35	1
180	284	35	2
184	284	35	1
188	284	35	2
205	284	35	1
207	284	35	1
212	284	35	1
218	284	35	1
221	284	35	1
224	284	35	1
232	284	35	1
234	284	35	2
236	284	35	1
238	284	35	1
244	284	35	1
245	284	35	1
177	285	35	1
198	285	35	1
203	285	35	2
207	285	35	1
217	285	35	1
218	285	35	1
231	285	35	1
232	285	35	1
234	285	35	1
241	285	35	1
242	285	35	2
246	285	35	1
183	286	35	1
186	286	35	2
187	286	35	1
198	286	35	3
199	286	35	1
202	286	35	1
209	286	35	1
211	286	35	1
213	286	35	2
215	286	35	2
219	286	35	1
221	286	35	1
225	286	35	1
231	286	35	1
234	286	35	1
238	286	35	1
243	286	35	1
248	286	35	1
249	286	35	1
185	287	35	1
186	287	35	1
204	287	35	1
205	287	35	1
219	287	35	1
221	287	35	1
223	287	35	1
228	287	35	1
230	287	35	1
242	287	35	1
246	287	35	1
247	287	35	1
185	288	35	1
186	288	35	1
188	288	35	1
189	288	35	2
190	288	35	1
192	288	35	1
196	288	35	1
200	288	35	2
205	288	35	2
222	288	35	1
236	288	35	1
245	288	35	1
247	288	35	1
175	289	35	1
185	289	35	1
190	289	35	1
193	289	35	1
199	289	35	1
205	289	35	1
222	289	35	1
228	289	35	1
238	289	35	1
241	289	35	1
244	289	35	1
246	289	35	1
197	290	35	2
199	290	35	2
200	290	35	1
203	290	35	1
204	290	35	1
205	290	35	1
225	290	35	1
242	290	35	2
243	290	35	2
245	290	35	1
248	290	35	1
179	291	35	1
183	291	35	1
185	291	35	1
191	291	35	1
201	291	35	1
206	291	35	1
222	291	35	1
225	291	35	1
232	291	35	1
234	291	35	1
236	291	35	3
174	292	35	1
183	292	35	3
186	292	35	1
187	292	35	1
194	292	35	1
198	292	35	1
224	292	35	1
230	292	35	1
250	292	35	1
185	293	35	1
196	293	35	1
203	293	35	2
204	293	35	1
206	293	35	1
222	293	35	2
223	293	35	1
227	293	35	1
235	293	35	1
183	294	35	1
201	294	35	1
219	294	35	1
222	294	35	1
236	294	35	1
204	295	35	2
223	295	35	3
227	295	35	1
231	295	35	1
247	295	35	2
248	295	35	1
249	295	35	1
177	296	35	2
182	296	35	1
201	296	35	1
229	296	35	1
235	296	35	1
238	296	35	1
242	296	35	1
245	296	35	1
196	297	35	1
197	297	35	1
225	297	35	1
233	297	35	1
235	297	35	1
237	297	35	2
240	297	35	2
248	297	35	1
198	298	35	1
222	298	35	1
223	298	35	1
229	298	35	1
234	298	35	1
244	298	35	2
245	298	35	1
195	299	35	1
200	299	35	1
229	299	35	1
236	299	35	1
239	299	35	1
242	299	35	2
245	299	35	2
194	300	35	1
197	300	35	1
224	300	35	1
225	300	35	2
228	300	35	2
229	300	35	1
233	300	35	1
236	300	35	2
196	301	35	1
227	301	35	1
239	301	35	1
200	302	35	1
223	302	35	1
226	302	35	1
229	302	35	1
231	302	35	2
236	302	35	1
227	303	35	1
229	303	35	1
231	303	35	1
234	303	35	1
236	303	35	2
242	303	35	1
244	303	35	1
226	304	35	1
227	304	35	1
228	304	35	1
233	304	35	1
240	304	35	1
230	305	35	2
234	305	35	3
235	305	35	1
238	305	35	1
241	305	35	1
199	306	35	1
220	306	35	2
231	306	35	1
236	306	35	1
240	306	35	1
221	307	35	1
223	307	35	1
225	307	35	2
227	307	35	2
232	307	35	1
233	307	35	1
236	307	35	2
240	307	35	1
243	307	35	1
203	308	35	2
227	308	35	1
239	308	35	1
240	308	35	1
234	309	35	1
235	309	35	1
238	309	35	1
218	310	35	1
220	310	35	1
221	310	35	2
223	310	35	1
225	310	35	1
227	310	35	2
229	310	35	1
230	310	35	1
232	310	35	1
234	310	35	1
235	310	35	1
236	310	35	1
237	310	35	1
216	311	35	1
219	311	35	2
222	311	35	1
230	311	35	1
241	311	35	1
217	312	35	1
234	312	35	1
217	313	35	1
230	313	35	1
232	313	35	1
236	313	35	1
225	314	35	1
230	314	35	1
235	314	35	3
240	315	35	2
230	317	35	1
240	317	35	1
233	318	35	1
232	319	35	1
229	252	36	2
222	253	36	1
225	253	36	1
228	253	36	1
226	255	36	2
218	256	36	1
225	256	36	1
216	257	36	1
217	257	36	1
218	257	36	1
219	257	36	1
227	257	36	1
221	258	36	1
223	258	36	1
225	258	36	2
220	259	36	1
222	259	36	1
226	259	36	3
227	259	36	1
232	259	36	1
237	259	36	1
212	260	36	1
225	260	36	2
226	260	36	1
228	260	36	1
232	260	36	1
238	260	36	1
216	261	36	1
219	261	36	1
232	261	36	1
237	261	36	1
190	262	36	1
192	262	36	2
215	262	36	1
219	262	36	1
221	262	36	1
223	262	36	1
224	262	36	1
226	262	36	1
230	262	36	3
232	262	36	1
238	262	36	2
245	262	36	1
221	263	36	1
222	263	36	1
226	263	36	1
227	263	36	1
229	263	36	2
231	263	36	2
234	263	36	2
240	263	36	1
206	264	36	1
210	264	36	1
212	264	36	3
213	264	36	1
216	264	36	1
218	264	36	1
220	264	36	1
240	264	36	1
242	264	36	1
246	264	36	1
185	265	36	1
196	265	36	1
207	265	36	1
216	265	36	1
233	265	36	1
247	265	36	1
248	265	36	1
187	266	36	1
188	266	36	1
189	266	36	1
193	266	36	1
195	266	36	1
215	266	36	1
216	266	36	1
217	266	36	1
220	266	36	1
222	266	36	1
226	266	36	1
229	266	36	1
230	266	36	1
231	266	36	2
237	266	36	2
244	266	36	1
248	266	36	1
192	267	36	2
194	267	36	1
202	267	36	1
208	267	36	1
214	267	36	2
218	267	36	1
219	267	36	1
221	267	36	1
229	267	36	1
249	267	36	1
189	268	36	1
194	268	36	1
195	268	36	1
206	268	36	1
211	268	36	1
215	268	36	1
236	268	36	2
238	268	36	2
239	268	36	1
243	268	36	1
188	269	36	1
194	269	36	2
210	269	36	1
218	269	36	1
222	269	36	1
233	269	36	1
238	269	36	1
172	270	36	1
188	270	36	1
191	270	36	1
194	270	36	2
196	270	36	1
198	270	36	1
212	270	36	1
213	270	36	1
216	270	36	1
217	270	36	3
220	270	36	1
231	270	36	1
237	270	36	1
239	270	36	1
244	270	36	2
188	271	36	1
189	271	36	1
192	271	36	1
213	271	36	1
217	271	36	1
223	271	36	2
233	271	36	1
179	272	36	2
185	272	36	3
203	272	36	1
206	272	36	1
207	272	36	1
211	272	36	1
215	272	36	1
217	272	36	1
219	272	36	2
232	272	36	2
239	272	36	1
178	273	36	1
186	273	36	2
207	273	36	1
216	273	36	1
217	273	36	1
241	273	36	2
178	274	36	1
179	274	36	1
185	274	36	2
208	274	36	1
212	274	36	1
220	274	36	1
221	274	36	1
233	274	36	2
236	274	36	1
205	275	36	1
209	275	36	1
216	275	36	1
218	275	36	1
177	276	36	1
180	276	36	1
181	276	36	1
186	276	36	1
204	276	36	1
206	276	36	1
211	276	36	1
216	276	36	1
217	276	36	1
220	276	36	1
222	276	36	1
237	276	36	1
210	277	36	1
220	277	36	1
226	277	36	1
232	277	36	1
234	277	36	1
201	278	36	1
208	278	36	1
219	278	36	1
223	278	36	1
234	278	36	1
239	278	36	1
179	279	36	1
187	279	36	1
206	279	36	1
208	279	36	1
211	279	36	1
215	279	36	1
223	279	36	1
231	279	36	1
174	280	36	1
180	280	36	2
207	280	36	1
210	280	36	1
214	280	36	1
219	280	36	1
223	280	36	2
226	280	36	1
232	280	36	3
176	281	36	2
187	281	36	1
204	281	36	2
208	281	36	2
209	281	36	1
211	281	36	1
214	281	36	1
222	281	36	1
224	281	36	1
228	281	36	1
181	282	36	1
189	282	36	1
190	282	36	1
205	282	36	1
206	282	36	1
209	282	36	2
215	282	36	1
220	282	36	1
221	282	36	1
222	282	36	1
226	282	36	1
202	283	36	1
205	283	36	1
207	283	36	1
208	283	36	1
210	283	36	1
226	283	36	1
227	283	36	1
230	283	36	1
231	283	36	1
240	283	36	1
187	284	36	1
196	284	36	1
202	284	36	1
203	284	36	1
206	284	36	2
208	284	36	1
213	284	36	2
214	284	36	1
219	284	36	1
220	284	36	1
233	284	36	2
190	285	36	1
191	285	36	1
199	285	36	1
204	285	36	2
210	285	36	1
212	285	36	1
215	285	36	1
227	285	36	1
231	285	36	2
189	286	36	1
200	286	36	1
205	286	36	2
211	286	36	1
218	286	36	2
228	286	36	2
230	286	36	2
231	286	36	1
234	286	36	1
236	286	36	1
240	286	36	1
241	286	36	1
244	286	36	1
176	287	36	1
185	287	36	1
199	287	36	1
203	287	36	1
205	287	36	2
207	287	36	1
208	287	36	1
219	287	36	1
220	287	36	3
227	287	36	1
234	287	36	1
244	287	36	1
246	287	36	2
185	288	36	1
192	288	36	1
194	288	36	1
206	288	36	1
219	288	36	1
238	288	36	1
239	288	36	1
240	288	36	1
241	288	36	1
242	288	36	1
187	289	36	1
196	289	36	1
200	289	36	2
201	289	36	1
203	289	36	2
206	289	36	2
223	289	36	1
231	289	36	1
232	289	36	1
235	289	36	1
240	289	36	1
241	289	36	1
200	290	36	1
201	290	36	1
202	290	36	2
234	290	36	1
239	290	36	1
240	290	36	2
196	291	36	1
199	291	36	1
201	291	36	1
203	291	36	1
237	291	36	1
239	291	36	2
241	291	36	1
245	291	36	2
174	292	36	1
198	292	36	1
202	292	36	1
204	292	36	2
208	292	36	1
220	292	36	1
221	292	36	2
224	292	36	1
229	292	36	1
233	292	36	1
242	292	36	2
195	293	36	1
223	293	36	1
228	293	36	1
229	293	36	1
231	293	36	2
232	293	36	1
236	293	36	1
187	294	36	1
188	294	36	1
201	294	36	1
225	294	36	2
227	294	36	1
232	294	36	1
235	294	36	1
243	294	36	1
197	295	36	1
221	295	36	1
229	295	36	1
231	295	36	1
232	295	36	1
237	295	36	1
241	295	36	1
194	296	36	3
196	296	36	1
198	296	36	1
199	296	36	1
227	296	36	1
234	296	36	1
239	296	36	2
243	296	36	1
195	297	36	2
198	297	36	1
204	297	36	1
219	297	36	2
228	297	36	1
230	297	36	1
231	297	36	1
233	297	36	1
238	297	36	1
239	297	36	1
242	297	36	1
244	297	36	1
245	297	36	1
199	298	36	2
203	298	36	1
226	298	36	1
230	298	36	1
234	298	36	1
241	298	36	1
244	298	36	1
245	298	36	1
196	299	36	1
199	299	36	1
232	299	36	1
233	299	36	1
237	299	36	1
241	299	36	1
244	299	36	1
225	300	36	2
230	300	36	1
223	301	36	1
228	301	36	1
229	301	36	2
235	301	36	1
244	301	36	1
229	302	36	2
232	302	36	1
235	302	36	1
237	302	36	3
244	302	36	1
227	303	36	1
235	303	36	1
236	303	36	1
241	303	36	2
225	304	36	1
233	304	36	1
235	304	36	1
226	305	36	3
242	305	36	1
222	306	36	1
228	306	36	1
240	306	36	1
242	306	36	1
243	306	36	1
194	307	36	1
227	307	36	1
241	307	36	1
242	307	36	1
222	308	36	1
224	308	36	2
242	308	36	1
232	309	36	1
236	309	36	1
216	310	36	1
221	310	36	1
224	310	36	1
234	310	36	1
221	311	36	1
222	311	36	1
223	311	36	1
232	311	36	1
213	312	36	1
217	312	36	1
225	312	36	1
233	312	36	1
235	312	36	1
240	312	36	1
244	312	36	1
225	313	36	1
226	313	36	1
230	313	36	1
231	313	36	2
232	313	36	1
238	313	36	1
228	314	36	1
230	314	36	1
232	314	36	1
234	314	36	1
236	314	36	1
238	314	36	1
214	315	36	1
220	315	36	1
228	316	36	1
231	316	36	1
232	316	36	1
234	316	36	1
236	316	36	3
240	316	36	1
227	317	36	1
232	317	36	1
238	317	36	3
238	318	36	1
240	318	36	1
239	319	36	1
228	257	37	2
227	258	37	1
226	259	37	1
230	259	37	1
224	260	37	2
226	260	37	1
242	260	37	1
226	261	37	2
216	262	37	1
220	262	37	2
224	262	37	1
227	262	37	1
214	263	37	1
211	264	37	2
231	264	37	1
245	264	37	1
215	265	37	1
228	265	37	1
188	266	37	1
215	266	37	1
183	267	37	1
188	267	37	1
189	267	37	1
233	267	37	1
193	268	37	1
215	268	37	1
217	268	37	2
219	268	37	1
238	268	37	1
193	269	37	2
204	269	37	1
216	269	37	2
236	269	37	1
239	269	37	1
196	270	37	1
197	270	37	3
221	270	37	1
192	271	37	1
196	271	37	1
221	271	37	1
196	272	37	1
214	272	37	3
215	272	37	2
212	273	37	1
213	273	37	2
217	273	37	1
219	273	37	2
208	274	37	2
211	274	37	1
213	274	37	3
205	275	37	1
207	275	37	1
213	275	37	1
214	275	37	1
220	275	37	2
207	276	37	1
208	276	37	1
215	276	37	1
219	276	37	2
206	277	37	1
206	278	37	1
211	278	37	1
215	278	37	1
206	279	37	1
210	279	37	2
212	279	37	1
217	279	37	2
231	279	37	1
209	280	37	1
210	280	37	1
212	280	37	1
215	280	37	1
175	281	37	1
189	281	37	1
191	281	37	1
223	281	37	1
189	282	37	1
208	282	37	1
211	282	37	1
215	282	37	2
219	282	37	2
223	282	37	1
201	283	37	3
207	283	37	1
211	283	37	1
227	283	37	2
186	284	37	1
196	284	37	1
203	284	37	1
212	284	37	1
202	285	37	1
204	285	37	1
206	285	37	1
210	285	37	1
205	286	37	1
234	286	37	1
236	286	37	1
187	287	37	1
188	287	37	1
193	287	37	1
207	287	37	1
208	287	37	1
230	287	37	1
231	287	37	1
236	287	37	1
239	287	37	1
193	288	37	1
194	288	37	3
224	288	37	1
186	289	37	1
221	289	37	1
223	289	37	1
224	289	37	1
233	289	37	1
234	289	37	2
236	289	37	1
237	289	37	1
195	290	37	1
200	290	37	1
230	290	37	1
232	290	37	2
234	290	37	1
237	290	37	1
229	291	37	2
236	291	37	1
238	291	37	1
239	291	37	1
201	292	37	1
208	292	37	1
231	292	37	3
233	292	37	1
235	292	37	1
240	292	37	1
193	293	37	1
204	293	37	1
226	293	37	2
239	293	37	1
241	293	37	1
190	294	37	1
202	294	37	1
232	294	37	1
233	294	37	1
238	294	37	1
245	294	37	1
204	295	37	1
217	295	37	1
232	295	37	1
241	295	37	1
243	295	37	1
244	295	37	1
199	296	37	1
203	296	37	2
215	296	37	1
222	296	37	1
237	296	37	1
242	296	37	2
198	297	37	1
220	297	37	1
242	297	37	1
202	298	37	1
229	298	37	2
232	298	37	1
238	298	37	1
231	299	37	1
232	299	37	1
242	299	37	3
245	299	37	1
226	300	37	3
227	300	37	1
231	300	37	1
232	300	37	1
241	300	37	1
242	300	37	1
244	300	37	1
226	302	37	1
232	302	37	2
244	302	37	1
235	303	37	1
236	303	37	1
228	305	37	1
238	305	37	1
224	306	37	1
240	306	37	1
242	306	37	1
198	307	37	1
227	308	37	1
235	308	37	1
240	308	37	2
220	309	37	4
224	309	37	1
239	309	37	1
242	309	37	1
217	310	37	1
221	311	37	2
226	311	37	1
228	311	37	1
234	311	37	2
221	312	37	1
227	312	37	3
228	312	37	1
229	312	37	1
236	312	37	1
240	312	37	1
229	313	37	1
219	314	37	1
221	314	37	1
228	314	37	2
238	314	37	1
242	314	37	1
241	316	37	1
211	317	37	1
233	322	37	1
226	259	38	1
226	260	38	1
228	260	38	1
225	261	38	1
225	262	38	1
227	262	38	1
223	264	38	1
232	264	38	1
214	266	38	1
217	266	38	2
211	269	38	1
240	269	38	1
193	270	38	2
211	270	38	1
211	271	38	2
215	271	38	1
218	271	38	2
211	272	38	1
217	272	38	1
201	273	38	1
211	274	38	2
213	274	38	1
217	274	38	1
206	275	38	1
207	275	38	1
216	275	38	1
217	275	38	1
208	276	38	1
194	277	38	1
211	277	38	1
213	277	38	2
219	277	38	1
203	278	38	1
208	278	38	1
214	278	38	1
222	278	38	1
230	278	38	1
206	279	38	1
209	279	38	1
210	279	38	1
209	280	38	1
210	280	38	1
190	281	38	1
192	281	38	1
193	281	38	1
210	281	38	1
189	282	38	1
191	282	38	1
210	282	38	1
223	282	38	1
189	283	38	1
229	283	38	1
191	284	38	1
195	284	38	1
201	284	38	1
214	284	38	2
215	284	38	1
216	284	38	2
202	285	38	1
212	285	38	1
217	285	38	1
203	286	38	1
205	286	38	2
188	287	38	1
202	287	38	1
207	287	38	1
222	287	38	1
230	287	38	1
232	287	38	1
193	288	38	1
207	288	38	1
219	288	38	1
220	288	38	1
185	289	38	2
189	289	38	1
201	289	38	1
203	289	38	1
207	289	38	1
215	289	38	1
231	289	38	1
233	289	38	2
193	290	38	1
199	290	38	1
206	290	38	2
216	290	38	1
237	290	38	1
192	291	38	1
200	291	38	2
210	291	38	1
214	291	38	1
220	291	38	1
223	291	38	2
189	292	38	1
196	292	38	1
199	292	38	1
207	292	38	1
211	292	38	1
221	292	38	1
223	292	38	2
229	292	38	1
230	292	38	1
236	292	38	1
237	292	38	1
197	293	38	3
198	293	38	1
200	293	38	4
208	293	38	1
217	293	38	1
227	293	38	1
230	293	38	2
231	293	38	1
238	293	38	1
205	294	38	1
206	294	38	1
213	294	38	2
217	294	38	1
221	294	38	1
226	294	38	3
234	294	38	1
235	294	38	1
192	295	38	1
204	295	38	2
207	295	38	2
216	295	38	1
220	295	38	1
227	295	38	1
230	295	38	1
231	295	38	1
232	295	38	1
233	295	38	1
238	295	38	1
204	296	38	1
206	296	38	1
207	296	38	3
228	296	38	3
241	296	38	1
195	297	38	1
199	297	38	2
205	297	38	1
227	297	38	1
241	297	38	1
242	297	38	1
243	297	38	1
200	298	38	2
226	298	38	1
230	298	38	2
234	298	38	1
203	299	38	1
228	299	38	2
232	299	38	1
236	299	38	1
240	299	38	1
242	299	38	2
243	299	38	1
245	299	38	2
218	300	38	1
230	300	38	1
241	300	38	1
227	301	38	1
230	301	38	1
235	301	38	1
227	302	38	1
231	302	38	1
233	302	38	1
234	302	38	1
235	302	38	1
237	302	38	1
229	304	38	1
230	304	38	1
237	304	38	1
243	304	38	1
244	304	38	1
245	304	38	1
246	304	38	1
226	305	38	1
234	305	38	2
236	305	38	1
210	306	38	1
226	306	38	1
242	306	38	1
193	307	38	1
224	307	38	1
225	307	38	1
226	307	38	1
244	307	38	1
229	308	38	1
235	308	38	2
242	308	38	1
243	308	38	1
220	309	38	2
223	309	38	2
225	309	38	2
227	309	38	1
244	309	38	2
223	310	38	1
224	310	38	1
225	310	38	1
232	310	38	1
233	310	38	1
219	311	38	1
235	311	38	1
223	312	38	1
229	312	38	1
222	313	38	1
235	313	38	2
240	313	38	1
241	313	38	1
221	314	38	2
238	314	38	1
240	314	38	1
223	315	38	1
225	315	38	1
235	315	38	1
228	316	38	2
236	316	38	1
238	316	38	1
239	316	38	1
242	316	38	1
244	316	38	2
214	317	38	1
221	317	38	1
227	317	38	1
231	317	38	1
243	317	38	2
212	318	38	1
220	318	38	1
231	318	38	1
232	318	38	1
236	318	38	1
243	318	38	1
234	319	38	1
238	319	38	2
241	319	38	1
229	320	38	1
231	320	38	2
232	320	38	2
233	320	38	1
233	321	38	1
220	322	38	1
191	268	39	1
188	269	39	1
192	270	39	1
217	270	39	1
218	271	39	1
189	273	39	1
214	274	39	1
214	275	39	3
218	276	39	1
201	278	39	2
208	278	39	1
220	278	39	1
206	279	39	2
215	279	39	1
215	280	39	1
204	281	39	1
217	281	39	1
190	282	39	1
215	282	39	1
226	282	39	1
191	283	39	2
202	283	39	1
191	285	39	1
197	285	39	1
187	286	39	1
196	286	39	1
203	286	39	1
206	286	39	1
216	286	39	1
221	286	39	1
233	286	39	1
188	287	39	1
191	287	39	1
196	287	39	1
207	287	39	1
204	288	39	1
217	288	39	3
203	289	39	1
217	289	39	1
188	290	39	1
192	290	39	1
195	290	39	2
197	290	39	1
207	290	39	1
215	290	39	1
233	290	39	1
190	291	39	1
199	291	39	1
202	291	39	1
222	291	39	1
238	291	39	3
188	292	39	1
197	292	39	2
210	292	39	1
221	292	39	1
225	292	39	2
232	292	39	1
237	292	39	2
239	292	39	1
242	292	39	1
199	293	39	1
201	293	39	1
208	293	39	1
240	293	39	1
202	294	39	1
205	294	39	1
206	294	39	2
213	294	39	1
221	294	39	1
228	294	39	1
235	294	39	1
236	294	39	1
241	294	39	1
203	295	39	1
207	295	39	1
216	295	39	1
225	295	39	1
234	295	39	1
240	295	39	1
241	295	39	1
202	296	39	1
206	296	39	1
215	296	39	1
222	296	39	2
228	296	39	1
234	296	39	1
235	296	39	3
236	296	39	1
239	296	39	1
240	296	39	2
215	297	39	1
221	297	39	1
225	297	39	1
230	297	39	1
231	297	39	3
243	297	39	1
202	298	39	1
219	298	39	2
221	298	39	1
223	298	39	1
228	298	39	1
230	298	39	1
214	299	39	1
224	299	39	1
226	299	39	2
227	299	39	1
241	299	39	1
227	300	39	1
228	300	39	1
232	300	39	1
224	301	39	2
230	301	39	2
233	301	39	1
234	301	39	1
226	302	39	1
229	302	39	1
231	302	39	1
240	302	39	1
226	303	39	1
230	303	39	1
234	304	39	1
235	304	39	2
223	305	39	1
228	305	39	1
230	305	39	1
240	305	39	1
225	306	39	1
230	306	39	1
213	307	39	1
223	307	39	1
224	307	39	3
225	307	39	1
227	307	39	1
225	308	39	1
226	308	39	1
227	308	39	1
240	308	39	1
241	308	39	1
242	308	39	1
195	309	39	1
212	309	39	1
216	309	39	1
221	309	39	1
222	309	39	1
223	309	39	1
225	309	39	1
229	309	39	1
234	309	39	1
239	309	39	1
195	310	39	1
198	310	39	1
217	310	39	2
224	310	39	1
228	310	39	2
211	311	39	1
217	311	39	1
220	311	39	1
227	311	39	1
228	311	39	1
230	311	39	1
231	311	39	1
211	312	39	1
217	312	39	1
218	312	39	2
219	312	39	1
230	312	39	1
231	312	39	1
232	312	39	1
221	313	39	1
224	313	39	1
230	313	39	2
238	313	39	1
216	314	39	1
219	314	39	1
220	314	39	1
235	314	39	1
238	314	39	1
217	315	39	1
240	315	39	1
239	316	39	1
241	316	39	3
244	316	39	1
237	317	39	1
238	317	39	1
231	318	39	1
228	319	39	2
237	319	39	1
240	319	39	1
231	320	39	2
234	320	39	1
229	321	39	1
230	321	39	1
234	321	39	1
232	323	39	1
211	324	39	1
212	327	39	1
193	280	40	1
190	283	40	2
197	283	40	2
191	285	40	3
204	285	40	2
204	287	40	2
193	288	40	1
192	289	40	3
218	290	40	1
191	291	40	1
192	291	40	1
206	291	40	1
191	292	40	1
192	292	40	1
193	292	40	2
208	292	40	2
236	292	40	4
194	293	40	2
234	293	40	1
228	294	40	1
197	295	40	1
225	295	40	1
215	296	40	1
234	296	40	3
236	296	40	1
240	296	40	1
221	297	40	1
212	298	40	1
216	298	40	1
226	298	40	1
229	298	40	1
230	298	40	2
234	298	40	1
230	301	40	1
233	302	40	1
237	302	40	1
229	304	40	2
235	304	40	1
229	305	40	1
230	305	40	1
225	306	40	1
229	306	40	1
230	306	40	1
202	307	40	1
215	307	40	1
227	307	40	1
228	307	40	1
234	307	40	1
238	307	40	1
241	307	40	1
242	307	40	1
225	308	40	1
233	308	40	1
239	308	40	1
195	309	40	1
203	309	40	2
222	309	40	2
224	309	40	1
226	309	40	2
233	309	40	1
217	310	40	1
222	310	40	1
229	310	40	1
234	310	40	2
220	311	40	2
235	311	40	1
238	311	40	1
240	311	40	1
241	311	40	1
216	312	40	1
218	312	40	1
219	312	40	2
235	312	40	1
240	312	40	1
213	313	40	1
216	313	40	1
218	313	40	1
219	313	40	2
221	313	40	1
223	313	40	1
240	313	40	1
236	314	40	1
237	314	40	1
239	314	40	2
242	314	40	1
217	315	40	1
220	315	40	1
239	315	40	1
242	315	40	1
245	315	40	1
217	316	40	1
220	316	40	2
234	316	40	2
207	317	40	1
219	317	40	1
235	317	40	1
242	317	40	3
236	318	40	1
240	318	40	1
221	319	40	1
237	319	40	3
239	319	40	1
217	320	40	1
221	320	40	1
232	320	40	1
227	321	40	2
230	321	40	1
231	322	40	2
228	323	40	1
193	280	41	1
197	282	41	2
226	292	41	2
195	294	41	2
217	294	41	1
225	294	41	1
226	298	41	1
227	299	41	1
220	304	41	1
221	305	41	1
226	305	41	1
222	306	41	2
219	307	41	1
223	307	41	3
225	307	41	1
227	307	41	1
229	307	41	1
229	308	41	1
241	308	41	1
224	309	41	2
240	309	41	3
196	310	41	2
211	310	41	2
222	310	41	1
231	310	41	1
236	310	41	1
220	311	41	1
221	311	41	2
236	311	41	1
216	312	41	1
235	312	41	1
240	312	41	1
220	314	41	1
228	314	41	2
220	315	41	2
216	316	41	1
219	316	41	3
241	316	41	1
246	316	41	2
249	316	41	1
235	317	41	2
242	317	41	1
217	318	41	1
219	318	41	1
230	318	41	1
240	318	41	1
243	318	41	1
217	319	41	1
230	319	41	2
240	321	41	4
228	322	41	1
230	322	41	1
231	322	41	1
228	323	41	1
228	299	42	1
221	302	42	2
220	304	42	2
214	305	42	1
220	305	42	1
230	306	42	2
231	306	42	1
232	306	42	1
226	307	42	1
227	307	42	1
239	308	42	1
240	308	42	1
241	308	42	1
220	309	42	1
235	309	42	1
221	310	42	1
240	310	42	1
241	310	42	2
220	311	42	1
238	311	42	1
242	311	42	1
214	312	42	1
222	312	42	1
223	312	42	1
217	313	42	1
234	313	42	1
240	313	42	2
242	314	42	1
217	315	42	2
221	315	42	1
222	315	42	1
226	315	42	1
241	315	42	2
221	316	42	1
228	316	42	1
240	316	42	2
218	317	42	1
226	317	42	3
232	317	42	1
238	317	42	1
239	317	42	1
218	318	42	1
228	318	42	1
245	318	42	1
246	318	42	1
226	319	42	1
229	319	42	1
231	319	42	2
241	319	42	1
228	320	42	2
230	320	42	1
224	321	42	1
231	322	42	2
225	303	43	1
219	304	43	1
227	304	43	1
221	307	43	1
211	308	43	1
242	309	43	1
222	311	43	2
225	311	43	1
211	312	43	1
236	313	43	1
238	313	43	1
238	314	43	1
229	315	43	1
204	316	43	1
223	316	43	1
230	316	43	2
227	317	43	1
218	318	43	1
215	324	43	1
220	304	44	1
220	306	44	1
220	308	44	1
223	308	44	2
235	311	44	2
239	311	44	1
231	312	44	1
243	312	44	2
219	313	44	1
211	314	44	1
238	315	44	1
222	316	44	1
223	318	44	1
243	318	44	1
223	319	44	1
228	320	44	2
230	321	44	1
242	321	44	1
224	322	44	2
183.039773122643	289.659001437601	35.0807824929564	1
138	223	20	1
175	223	20	1
172	224	20	1
176	224	20	1
153	225	20	1
139	226	20	1
130	228	20	1
197	228	20	1
160	229	20	1
115	232	20	1
144	233	20	1
165	233	20	1
169	233	20	1
170	233	20	1
138	234	20	1
136	235	20	1
137	235	20	1
143	235	20	1
158	235	20	1
127	236	20	1
137	237	20	1
202	237	20	1
232	237	20	1
141	238	20	1
158	238	20	1
183	239	20	1
215	239	20	1
131	240	20	1
231	240	20	1
126	241	20	1
167	241	20	1
121	242	20	1
155	244	20	1
160	245	20	1
122	246	20	1
177	246	20	1
114	248	20	1
158	248	20	1
215	249	20	1
162	250	20	1
172	250	20	2
120	253	20	1
226	254	20	1
228	254	20	1
110	256	20	1
196	256	20	1
143	257	20	1
172	258	20	1
167	259	20	1
195	259	20	1
200	260	20	1
102	261	20	1
124	262	20	1
124	265	20	1
179	265	20	1
232	265	20	1
136	266	20	1
225	266	20	1
251	266	20	2
160	267	20	1
121	268	20	1
145	268	20	1
213	268	20	1
149	269	20	1
165	269	20	1
114	270	20	1
166	270	20	1
171	271	20	1
173	271	20	1
266	271	20	1
154	272	20	1
156	272	20	1
162	272	20	3
168	272	20	1
174	272	20	1
117	273	20	1
178	273	20	1
167	274	20	1
229	274	20	1
148	275	20	1
200	275	20	1
174	276	20	1
182	276	20	1
221	276	20	1
211	277	20	1
217	277	20	1
249	277	20	1
156	279	20	1
163	279	20	1
224	279	20	1
228	279	20	1
172	280	20	1
174	280	20	1
176	280	20	1
131	281	20	1
134	281	20	1
222	281	20	2
226	281	20	1
162	282	20	3
161	283	20	1
190	283	20	1
226	283	20	1
232	283	20	1
272	283	20	1
218	286	20	1
220	287	20	1
224	287	20	1
113	288	20	2
136	288	20	1
169	288	20	1
149	289	20	1
164	289	20	1
201	289	20	1
224	290	20	1
117	291	20	1
157	292	20	1
205	292	20	1
219	292	20	1
222	293	20	1
225	293	20	1
199	294	20	1
218	295	20	1
116	296	20	1
180	296	20	1
193	296	20	1
196	296	20	1
161	297	20	1
257	297	20	1
165	298	20	1
235	299	20	1
257	299	20	1
120	300	20	1
232	300	20	1
253	300	20	1
149	301	20	1
250	301	20	1
268	301	20	1
134	302	20	1
187	302	20	1
204	302	20	1
223	302	20	1
234	303	20	1
96	304	20	1
256	304	20	1
234	305	20	1
182	306	20	1
258	306	20	1
177	307	20	1
241	307	20	1
220	308	20	1
249	308	20	1
262	309	20	1
121	310	20	1
144	310	20	1
210	311	20	1
246	311	20	1
258	312	20	1
263	312	20	1
176	313	20	1
250	313	20	1
100	314	20	1
142	314	20	2
201	314	20	1
207	314	20	1
210	314	20	1
263	315	20	1
257	316	20	1
162	317	20	1
163	317	20	1
242	317	20	1
251	317	20	1
113	318	20	1
260	318	20	1
98	319	20	1
190	319	20	1
193	319	20	1
237	319	20	1
168	320	20	1
200	320	20	2
234	320	20	1
231	321	20	1
256	321	20	1
257	321	20	1
190	322	20	1
200	322	20	1
233	323	20	1
149	324	20	1
169	324	20	1
194	324	20	1
139	325	20	1
179	325	20	1
187	325	20	1
130	326	20	1
102	327	20	1
145	327	20	1
179	327	20	2
188	327	20	1
244	327	20	1
106	329	20	1
179	329	20	1
97	330	20	1
124	330	20	1
131	330	20	1
262	330	20	1
255	331	20	1
114	332	20	1
150	332	20	1
176	332	20	1
186	334	20	1
227	335	20	1
199	336	20	1
222	336	20	1
205	337	20	1
217	337	20	1
173	339	20	1
246	339	20	1
213	341	20	1
173	342	20	1
181	344	20	1
240	345	20	1
187	346	20	1
198	347	20	1
203	351	20	1
212	353	20	1
178	354	20	1
175	359	20	1
178	359	20	1
176	360	20	1
180	360	20	1
206	360	20	2
205	361	20	1
139	228	21	1
154	229	21	2
156	229	21	2
129	231	21	1
133	236	21	1
147	236	21	1
131	237	21	1
131	238	21	1
132	238	21	1
137	238	21	1
195	239	21	2
126	240	21	1
138	240	21	1
129	241	21	1
214	241	21	1
137	242	21	1
109	243	21	1
128	243	21	1
129	243	21	1
136	243	21	2
102	245	21	1
149	245	21	1
137	246	21	1
219	252	21	1
154	253	21	1
197	253	21	1
223	254	21	1
201	261	21	1
139	266	21	2
161	266	21	1
124	269	21	1
115	270	21	1
156	270	21	1
115	271	21	2
117	272	21	1
125	272	21	1
163	272	21	1
164	273	21	1
166	273	21	1
236	274	21	1
136	276	21	1
175	276	21	1
223	276	21	2
171	278	21	1
178	279	21	1
225	279	21	1
219	280	21	1
169	281	21	1
225	281	21	1
170	282	21	1
217	283	21	1
152	287	21	1
221	287	21	1
217	288	21	2
221	290	21	1
219	291	21	1
218	294	21	1
193	296	21	2
194	297	21	1
217	297	21	1
230	301	21	1
236	302	21	1
207	303	21	1
240	304	21	1
210	305	21	1
203	306	21	1
208	306	21	1
231	306	21	1
236	307	21	1
129	309	21	1
239	309	21	1
242	309	21	1
261	309	21	1
166	310	21	1
199	312	21	1
227	312	21	1
262	313	21	1
115	315	21	1
163	315	21	1
208	316	21	1
254	316	21	1
166	317	21	1
178	317	21	1
200	317	21	1
182	318	21	1
240	318	21	1
152	319	21	1
258	320	21	1
185	321	21	1
260	321	21	1
182	322	21	1
126	323	21	1
181	323	21	1
196	324	21	1
187	325	21	1
190	325	21	1
202	325	21	1
105	331	21	1
153	331	21	1
260	334	21	1
259	335	21	1
175	337	21	1
169	342	21	1
239	342	21	1
240	344	21	1
241	345	21	1
168	359	21	1
181	362	21	1
191	364	21	1
140	234	22	1
140	236	22	1
133	237	22	1
139	238	22	1
146	238	22	1
144	239	22	1
149	239	22	1
146	240	22	1
137	241	22	1
148	241	22	1
215	242	22	1
139	243	22	1
145	244	22	1
221	254	22	1
237	257	22	2
232	259	22	1
197	260	22	1
121	267	22	1
122	267	22	1
160	267	22	1
159	269	22	1
158	270	22	2
116	272	22	1
177	272	22	1
177	276	22	2
176	277	22	1
217	279	22	1
230	279	22	1
167	280	22	2
172	281	22	1
172	282	22	1
226	282	22	1
224	285	22	1
222	292	22	1
219	297	22	1
220	297	22	1
267	300	22	2
238	302	22	1
236	304	22	1
236	305	22	1
206	309	22	1
236	314	22	1
259	322	22	1
185	323	22	1
261	323	22	1
98	328	22	1
199	328	22	1
200	328	22	1
184	330	22	1
259	331	22	1
259	334	22	1
182	351	22	1
175	225	23	1
154	228	23	1
140	234	23	1
144	235	23	1
145	235	23	1
146	236	23	1
133	238	23	1
217	238	23	1
142	241	23	1
143	241	23	1
227	243	23	1
227	249	23	1
162	255	23	1
178	258	23	1
220	262	23	1
162	267	23	1
240	269	23	1
165	270	23	1
177	272	23	1
164	273	23	1
166	277	23	1
176	277	23	1
177	281	23	1
220	291	23	1
217	294	23	1
269	294	23	2
218	296	23	1
268	298	23	1
269	298	23	1
236	301	23	1
268	301	23	1
264	303	23	1
183	306	23	1
241	306	23	1
185	307	23	1
207	307	23	1
261	309	23	1
175	312	23	1
176	312	23	1
257	314	23	1
263	314	23	1
259	318	23	1
182	319	23	1
192	326	23	1
184	327	23	2
94	328	23	2
97	328	23	1
199	328	23	1
180	330	23	1
146	335	23	1
240	342	23	1
179	222	24	1
154	229	24	1
138	237	24	1
145	237	24	1
132	238	24	1
133	239	24	2
145	239	24	1
108	240	24	1
134	243	24	2
227	246	24	1
216	249	24	1
131	252	24	1
220	253	24	1
222	253	24	1
115	263	24	1
121	263	24	1
221	263	24	1
119	264	24	1
122	264	24	1
163	264	24	1
167	273	24	1
166	274	24	1
176	277	24	1
174	280	24	1
176	284	24	1
177	284	24	1
206	284	24	1
276	289	24	1
270	290	24	2
222	291	24	1
194	294	24	1
236	297	24	1
266	298	24	1
268	298	24	1
266	302	24	1
207	303	24	1
239	306	24	2
241	306	24	1
265	307	24	1
261	309	24	2
202	310	24	1
260	310	24	1
257	311	24	1
200	312	24	1
177	313	24	1
257	314	24	1
171	315	24	1
177	315	24	1
167	318	24	1
239	320	24	1
164	321	24	1
238	321	24	1
186	324	24	1
258	326	24	1
157	327	24	1
186	329	24	1
180	331	24	1
259	334	24	1
179	224	25	1
155	228	25	1
157	228	25	1
140	234	25	1
135	235	25	1
247	237	25	1
138	239	25	1
134	241	25	1
135	246	25	1
140	253	25	1
223	260	25	1
199	261	25	1
120	264	25	1
215	264	25	1
177	276	25	1
178	278	25	1
170	280	25	1
277	287	25	1
266	292	25	1
266	296	25	1
269	296	25	1
240	301	25	1
265	301	25	1
232	308	25	1
233	311	25	1
263	312	25	1
232	314	25	1
262	316	25	1
259	318	25	2
257	320	25	1
144	337	25	1
183	222	26	1
159	230	26	1
144	233	26	1
246	234	26	1
136	235	26	1
248	236	26	1
249	237	26	1
133	238	26	1
144	238	26	1
246	238	26	2
248	238	26	1
226	243	26	1
121	257	26	1
125	266	26	1
123	267	26	1
211	268	26	1
175	278	26	1
169	281	26	1
237	307	26	1
243	312	26	1
258	313	26	1
211	315	26	1
259	319	26	1
186	359	26	1
186	360	26	1
152	234	27	1
153	234	27	1
250	235	27	1
139	238	27	1
248	238	27	1
242	240	27	1
135	241	27	1
233	245	27	2
226	252	27	1
121	268	27	1
123	270	27	1
128	270	27	2
173	277	27	1
172	279	27	1
274	280	27	1
275	281	27	1
165	282	27	1
273	283	27	1
271	291	27	1
236	306	27	1
257	309	27	1
213	313	27	1
259	313	27	1
261	317	27	1
259	319	27	1
236	324	27	1
163	231	28	1
162	232	28	1
153	235	28	1
249	237	28	1
137	239	28	1
246	239	28	1
139	240	28	1
233	243	28	1
230	245	28	2
126	252	28	1
134	257	28	1
257	264	28	1
121	270	28	1
126	270	28	1
175	277	28	2
175	279	28	1
172	280	28	1
165	283	28	1
173	283	28	1
176	284	28	1
193	294	28	1
232	304	28	1
204	310	28	1
204	313	28	1
259	315	28	1
239	321	28	2
240	321	28	1
242	322	28	1
112	228	29	1
250	235	29	1
115	240	29	1
178	240	29	1
235	242	29	1
189	244	29	1
192	244	29	1
190	245	29	1
127	253	29	1
132	254	29	1
125	268	29	2
136	272	29	1
168	274	29	1
162	282	29	1
174	282	29	1
177	284	29	1
275	284	29	1
277	284	29	1
175	295	29	1
177	296	29	1
181	299	29	1
236	307	29	1
203	310	29	1
202	311	29	1
204	312	29	1
227	327	29	1
96	333	29	1
187	360	29	1
187	361	29	1
184	244	30	1
190	244	30	1
127	256	30	1
132	256	30	1
138	271	30	1
124	272	30	1
129	272	30	1
167	273	30	1
276	282	30	1
274	284	30	1
275	285	30	1
276	285	30	1
165	287	30	2
194	306	30	1
212	310	30	1
249	310	30	1
218	359	30	1
190	232	31	1
175	241	31	1
187	241	31	1
174	242	31	1
189	243	31	1
187	245	31	1
188	245	31	1
123	257	31	1
133	258	31	1
124	259	31	1
257	263	31	1
127	264	31	1
136	271	31	1
167	283	31	1
275	283	31	1
164	284	31	1
167	287	31	1
164	288	31	1
169	288	31	1
166	290	31	1
206	307	31	1
211	317	31	1
242	322	31	1
96	331	31	1
97	331	31	1
223	361	31	1
114	225	32	1
185	241	32	1
183	242	32	1
175	247	32	1
149	251	32	1
134	257	32	1
256	259	32	1
126	264	32	1
128	265	32	2
262	265	32	1
139	272	32	1
260	277	32	1
167	280	32	1
162	286	32	1
210	309	32	1
246	311	32	1
243	317	32	2
210	319	32	1
184	336	32	1
187	345	32	1
187	348	32	1
220	363	32	1
194	244	33	1
210	246	33	1
134	255	33	1
149	255	33	3
128	263	33	1
124	267	33	1
127	270	33	1
162	275	33	1
163	278	33	1
164	278	33	1
262	278	33	1
157	279	33	1
163	283	33	1
161	286	33	1
118	298	33	1
117	301	33	1
197	307	33	1
115	308	33	1
207	308	33	1
185	309	33	1
198	309	33	1
114	311	33	1
115	311	33	2
199	311	33	1
245	314	33	1
246	316	33	1
210	321	33	1
196	331	33	1
217	339	33	1
193	341	33	1
183	348	33	1
188	348	33	1
210	348	33	1
186	349	33	1
180	350	33	1
179	357	33	1
115	226	34	1
139	234	34	1
139	239	34	1
174	243	34	1
197	244	34	1
134	250	34	1
134	253	34	1
130	260	34	1
131	262	34	1
127	270	34	1
163	272	34	1
165	274	34	1
164	277	34	1
151	279	34	1
158	279	34	1
122	290	34	1
164	294	34	1
165	297	34	1
118	301	34	1
140	306	34	1
112	309	34	1
116	309	34	1
186	309	34	1
190	310	34	1
192	310	34	1
252	310	34	1
114	311	34	1
195	311	34	1
199	311	34	1
115	312	34	2
191	312	34	1
205	313	34	1
112	316	34	2
202	320	34	1
243	320	34	1
127	322	34	1
235	325	34	1
98	328	34	1
100	329	34	1
189	331	34	1
100	332	34	1
98	333	34	1
193	335	34	1
194	337	34	1
191	340	34	1
195	341	34	1
211	342	34	1
213	345	34	1
198	347	34	1
186	348	34	1
215	348	34	1
181	352	34	1
129	238	35	1
138	238	35	1
140	242	35	2
139	243	35	1
134	251	35	1
130	252	35	1
133	252	35	1
135	255	35	1
149	260	35	1
132	261	35	1
128	264	35	1
262	265	35	1
158	272	35	1
159	272	35	1
146	274	35	1
161	274	35	2
166	274	35	1
161	275	35	1
160	277	35	1
149	278	35	1
125	280	35	1
161	283	35	1
252	292	35	1
119	297	35	1
122	297	35	1
189	308	35	1
136	309	35	1
196	309	35	1
114	312	35	1
248	312	35	1
124	316	35	1
110	317	35	1
183	333	35	1
195	336	35	1
198	336	35	1
200	338	35	1
212	342	35	1
199	345	35	1
193	349	35	1
187	351	35	1
213	351	35	2
211	352	35	1
181	353	35	2
199	353	35	1
207	353	35	1
178	355	35	1
181	355	35	1
205	355	35	1
207	355	35	1
206	356	35	1
139	239	36	1
170	242	36	1
133	251	36	1
130	256	36	1
131	261	36	1
155	264	36	1
264	266	36	1
129	270	36	1
261	275	36	1
158	277	36	1
164	278	36	1
261	281	36	1
262	281	36	1
161	284	36	1
126	285	36	1
124	286	36	1
147	290	36	1
171	298	36	1
259	298	36	1
247	300	36	1
177	302	36	1
248	302	36	1
182	303	36	1
113	307	36	1
114	310	36	1
115	310	36	1
248	310	36	1
252	311	36	1
109	313	36	1
151	318	36	1
228	320	36	1
129	322	36	1
97	328	36	1
198	337	36	1
211	339	36	1
212	341	36	1
189	343	36	1
200	344	36	2
217	349	36	1
188	350	36	1
185	353	36	1
204	355	36	1
179	356	36	1
181	356	36	1
176	357	36	1
177	357	36	2
179	357	36	1
206	358	36	1
116	232	37	1
129	233	37	1
134	235	37	1
144	238	37	1
167	241	37	1
173	241	37	1
175	243	37	1
126	244	37	1
137	252	37	1
136	254	37	1
263	263	37	1
144	265	37	1
263	265	37	1
128	268	37	1
154	268	37	1
162	269	37	1
150	270	37	1
146	272	37	1
162	272	37	1
136	276	37	1
162	279	37	1
258	280	37	1
129	281	37	1
126	287	37	1
155	288	37	1
173	299	37	3
172	300	37	1
176	302	37	1
116	308	37	1
188	309	37	1
191	312	37	1
196	314	37	3
149	315	37	1
140	318	37	1
148	318	37	1
143	321	37	1
148	335	37	1
210	342	37	1
212	348	37	1
212	349	37	1
210	350	37	1
211	350	37	1
203	355	37	1
208	357	37	1
122	231	38	1
137	235	38	1
136	240	38	1
163	240	38	1
197	240	38	1
174	243	38	1
141	244	38	1
173	244	38	1
168	245	38	1
172	245	38	1
175	245	38	1
140	248	38	1
233	252	38	1
132	253	38	1
151	256	38	1
130	260	38	1
134	260	38	1
168	260	38	1
263	260	38	1
143	262	38	2
151	262	38	1
152	262	38	1
154	263	38	1
164	263	38	1
263	263	38	1
152	266	38	1
140	271	38	1
142	272	38	1
138	274	38	1
250	274	38	1
128	280	38	1
128	281	38	1
129	282	38	1
135	282	38	1
125	285	38	1
156	288	38	1
156	295	38	1
251	297	38	1
257	306	38	1
114	307	38	2
260	310	38	1
137	315	38	1
119	316	38	1
117	319	38	1
140	320	38	1
242	324	38	1
242	325	38	1
242	326	38	1
237	329	38	1
152	332	38	1
150	333	38	1
177	333	38	1
211	339	38	1
209	340	38	1
247	346	38	1
247	347	38	1
210	351	38	1
182	355	38	1
177	356	38	1
181	357	38	2
207	358	38	1
204	359	38	1
126	226	39	1
124	227	39	1
134	228	39	1
149	228	39	2
175	228	39	1
136	229	39	1
128	233	39	1
137	234	39	1
195	234	39	1
167	238	39	1
144	240	39	1
128	241	39	1
127	242	39	1
136	244	39	1
141	246	39	1
135	249	39	1
237	252	39	1
235	253	39	1
134	254	39	1
144	254	39	1
168	254	39	1
153	256	39	1
134	259	39	1
133	260	39	1
145	260	39	1
151	261	39	1
131	262	39	1
148	262	39	1
132	263	39	1
131	264	39	2
153	264	39	1
155	265	39	1
165	266	39	1
135	268	39	1
144	269	39	1
151	273	39	1
148	274	39	1
144	275	39	1
142	276	39	1
138	278	39	1
141	279	39	2
145	279	39	1
152	279	39	1
163	279	39	1
142	280	39	2
160	282	39	1
137	285	39	1
132	287	39	2
135	289	39	2
158	290	39	1
263	294	39	1
123	299	39	1
171	299	39	1
173	302	39	1
178	303	39	1
126	304	39	1
182	305	39	1
128	306	39	1
113	318	39	1
114	318	39	1
139	319	39	1
140	322	39	2
177	322	39	1
157	329	39	1
191	332	39	1
161	333	39	2
154	336	39	1
214	336	39	1
195	337	39	1
155	338	39	1
217	338	39	1
214	339	39	1
215	340	39	1
208	343	39	1
202	345	39	1
191	346	39	1
208	346	39	1
247	346	39	1
248	346	39	1
212	348	39	1
213	348	39	1
190	349	39	1
237	351	39	1
177	355	39	1
207	355	39	1
195	361	39	1
121	222	40	1
122	224	40	1
137	229	40	1
196	233	40	1
202	235	40	1
142	236	40	1
126	240	40	1
136	240	40	1
143	240	40	1
165	240	40	1
169	242	40	1
140	243	40	1
175	243	40	2
124	244	40	1
126	245	40	1
179	245	40	1
125	246	40	1
174	248	40	1
133	250	40	1
132	253	40	1
152	254	40	1
127	256	40	1
140	261	40	1
130	262	40	1
143	262	40	1
157	263	40	2
151	265	40	1
165	265	40	1
151	266	40	1
167	266	40	1
166	268	40	1
139	269	40	2
165	269	40	1
244	269	40	1
132	270	40	1
146	270	40	1
144	271	40	1
135	272	40	1
164	273	40	1
144	274	40	1
145	274	40	1
147	274	40	1
148	274	40	1
247	274	40	1
162	275	40	1
129	276	40	1
163	278	40	1
253	279	40	1
140	280	40	1
142	281	40	1
135	283	40	1
135	291	40	1
254	294	40	1
121	297	40	1
149	297	40	1
169	298	40	1
169	299	40	1
172	301	40	1
182	303	40	1
130	304	40	1
144	304	40	1
262	307	40	1
124	309	40	1
123	310	40	1
125	310	40	1
126	310	40	1
148	315	40	1
143	317	40	1
176	326	40	1
186	327	40	1
221	331	40	1
150	333	40	1
151	334	40	1
154	334	40	1
191	334	40	1
244	334	40	1
156	335	40	1
216	338	40	1
211	342	40	1
210	343	40	1
193	345	40	1
209	345	40	1
207	357	40	1
207	359	40	1
111	222	41	1
144	225	41	2
134	226	41	2
141	226	41	1
138	231	41	1
141	231	41	1
136	233	41	1
140	233	41	1
142	233	41	1
136	234	41	3
140	234	41	1
199	235	41	1
164	237	41	1
141	238	41	1
167	238	41	1
144	239	41	1
200	239	41	1
129	240	41	1
139	240	41	1
165	240	41	1
177	245	41	1
179	247	41	1
234	252	41	1
119	255	41	1
120	256	41	1
140	256	41	1
154	258	41	1
215	258	41	1
213	259	41	1
146	260	41	1
146	261	41	2
148	261	41	1
153	261	41	2
174	261	41	1
142	262	41	1
164	262	41	1
168	262	41	1
151	263	41	1
232	263	41	1
124	265	41	1
152	265	41	2
142	266	41	1
144	269	41	1
132	271	41	1
203	271	41	1
152	272	41	1
228	272	41	1
136	275	41	1
136	276	41	1
141	276	41	1
129	277	41	1
132	277	41	1
151	277	41	1
150	278	41	1
153	278	41	1
247	278	41	1
133	279	41	1
162	280	41	1
130	281	41	1
162	282	41	1
134	283	41	1
140	286	41	1
139	287	41	1
156	287	41	1
134	292	41	1
143	296	41	1
137	297	41	1
128	299	41	1
129	299	41	1
149	299	41	1
172	300	41	1
260	300	41	1
123	301	41	1
172	301	41	2
167	302	41	1
126	304	41	1
129	304	41	1
132	304	41	1
131	305	41	2
130	307	41	1
127	308	41	1
129	308	41	1
123	309	41	1
124	309	41	1
140	309	41	1
122	311	41	1
121	314	41	1
181	322	41	1
111	323	41	1
133	324	41	1
179	324	41	1
136	325	41	1
147	325	41	2
148	327	41	1
249	327	41	1
187	331	41	1
238	331	41	1
241	331	41	1
151	333	41	1
181	333	41	1
189	334	41	1
154	335	41	2
242	335	41	1
218	336	41	1
127	337	41	1
166	338	41	1
210	342	41	2
210	343	41	1
210	344	41	1
218	346	41	2
233	349	41	1
210	353	41	1
202	361	41	1
156	235	42	1
164	236	42	1
181	245	42	1
140	254	42	1
176	254	42	1
158	256	42	1
141	257	42	1
149	257	42	1
156	257	42	1
213	258	42	1
172	260	42	2
174	260	42	1
167	261	42	2
175	262	42	1
120	264	42	1
144	269	42	1
143	272	42	1
131	273	42	1
154	273	42	1
158	273	42	1
250	274	42	1
148	275	42	1
155	275	42	1
162	278	42	1
137	279	42	1
144	279	42	1
154	279	42	1
164	279	42	1
151	280	42	1
143	281	42	1
217	285	42	1
137	288	42	1
134	290	42	1
138	293	42	2
133	300	42	1
139	300	42	1
139	303	42	1
126	305	42	1
133	305	42	1
171	305	42	1
170	306	42	1
129	308	42	2
140	309	42	1
139	318	42	1
179	323	42	1
137	325	42	1
183	325	42	2
249	326	42	1
250	328	42	1
127	332	42	1
133	332	42	1
160	332	42	1
217	332	42	1
183	333	42	1
222	333	42	1
134	335	42	1
128	336	42	2
154	339	42	1
210	347	42	1
136	231	43	1
139	233	43	1
154	237	43	1
139	256	43	1
175	257	43	1
175	258	43	1
161	260	43	1
170	260	43	2
153	262	43	1
167	262	43	1
147	263	43	1
205	263	43	1
149	264	43	1
147	268	43	1
149	268	43	1
150	270	43	1
149	272	43	1
131	275	43	1
150	279	43	1
154	279	43	1
140	282	43	1
153	283	43	1
250	283	43	1
148	284	43	1
150	284	43	2
151	285	43	1
143	286	43	1
216	286	43	1
173	288	43	1
143	293	43	1
132	294	43	1
134	295	43	1
254	295	43	1
133	301	43	1
137	302	43	1
130	303	43	1
135	304	43	1
126	305	43	1
134	305	43	1
141	305	43	1
132	306	43	1
132	326	43	1
136	326	43	1
136	327	43	1
133	333	43	1
187	333	43	1
249	337	43	1
195	340	43	1
195	341	43	1
222	343	43	1
231	344	43	1
200	350	43	1
227	350	43	1
231	352	43	1
205	361	43	1
164	237	44	1
139	238	44	1
179	249	44	1
175	257	44	1
158	259	44	1
177	260	44	1
160	262	44	1
158	263	44	2
147	268	44	1
148	272	44	1
143	273	44	1
161	279	44	1
155	280	44	1
140	281	44	1
146	281	44	1
159	281	44	1
145	284	44	1
132	294	44	3
143	300	44	1
137	301	44	1
140	302	44	1
130	306	44	1
182	323	44	1
182	325	44	1
185	330	44	1
182	332	44	1
220	336	44	1
228	346	44	1
158	262	45	1
146	270	45	1
164	277	45	1
145	294	45	1
134	301	45	1
217	344	45	1
233	349	45	1
144	272	46	1
150	279	46	2
146	285	46	1
120	286	46	1
208	286	46	1
140	296	46	1
136	298	46	1
144	299	46	1
137	301	46	1
130	302	46	1
131	302	46	1
136	303	46	1
188	320	46	1
191	322	46	1
189	323	46	1
172	326	46	1
174	327	46	1
217	341	46	1
151	269	47	1
146	289	47	2
146	293	47	1
139	298	47	1
194	321	47	1
227	353	47	1
154	274	48	1
159	279	48	1
137	297	48	1
179	323	48	1
170	228	49	1
147	245	49	1
195	252	49	1
169	270	49	1
147	279	49	1
146	288	49	1
140	293	49	2
133	303	49	2
145	316	49	1
134	227	50	1
134	267	50	1
155	273	50	1
143	291	50	1
140	294	50	1
244	301	50	1
140	302	50	1
206	340	50	1
